#c 0 1 0 1 0 1 0 1 0 1 0 1 0 1 0 1 0 1 0 1 0 1 0 1 0 1 0 1 0 1 0 
#1305704(div: 0) 1103605(div: 1) 
16 15 0 2 4 6 8 10 12 14 16 18 20 22 24 26 28 30 1 3 5 7 9 11 13 15 17 19 21 23 25 27 29 
#c 0 1 0 1 0 1 0 1 0 1 0 1 0 1 0 1 0 1 0 1 0 1 0 1 0 1 0 1 0 1 0 
#1305704(div: 0) 1103605(div: 1) 
1 1 2 30 
#c 0 1 0 1 0 1 0 1 0 1 0 1 0 1 0 1 0 1 0 1 0 1 0 1 0 1 0 1 0 1 0 
#1305704(div: 0) 1103605(div: 1) 
1 1 2 24 
#c 0 1 0 1 0 1 0 1 0 1 0 1 0 1 0 1 0 1 0 1 0 1 0 1 0 1 0 1 0 1 0 
#1305704(div: 0) 1103605(div: 1) 
1 1 2 12 
#c 0 1 1 1 0 1 0 1 0 1 0 1 0 1 0 1 0 1 0 1 0 1 0 1 0 1 0 1 0 1 0 
#1253573(div: 0) 1155736(div: 1) 
15 16 0 4 6 8 10 12 14 16 18 20 22 24 26 28 30 1 2 3 5 7 9 11 13 15 17 19 21 23 25 27 29 
#c 0 1 1 1 0 1 0 1 0 1 0 1 0 1 0 1 0 1 0 1 0 1 0 1 0 1 0 1 0 1 0 
#1253573(div: 0) 1155736(div: 1) 
1 1 0 14 
#c 0 1 1 1 0 1 0 1 0 1 0 1 0 1 0 1 0 1 0 1 0 1 0 1 0 1 0 1 0 1 0 
#1253573(div: 0) 1155736(div: 1) 
1 1 0 28 
#c 0 1 1 1 0 1 0 1 0 1 0 1 0 1 0 1 0 1 0 1 0 1 0 1 0 1 0 1 0 1 0 
#1253573(div: 0) 1155736(div: 1) 
1 1 0 30 
#c 1 1 1 1 0 1 0 1 0 1 0 1 0 1 0 1 0 1 0 1 0 1 0 1 0 1 0 1 0 1 0 
#1210784(div: 0) 1198525(div: 1) 
14 17 4 6 8 10 12 14 16 18 20 22 24 26 28 30 0 1 2 3 5 7 9 11 13 15 17 19 21 23 25 27 29 
#c 1 1 1 1 0 1 0 1 0 1 0 1 0 1 0 1 0 1 0 1 0 1 0 1 0 1 0 1 0 1 0 
#1210784(div: 0) 1198525(div: 1) 
1 1 6 14 
#c 1 1 1 1 0 1 0 1 0 1 0 1 0 1 0 1 0 1 0 1 0 1 0 1 0 1 0 1 0 1 0 
#1210784(div: 0) 1198525(div: 1) 
1 1 6 24 
#c 1 1 1 1 0 1 0 1 0 1 0 1 0 1 0 1 0 1 0 1 0 1 0 1 0 1 0 1 0 1 0 
#1210784(div: 0) 1198525(div: 1) 
1 1 6 26 
#c 1 1 1 1 0 1 1 1 0 1 0 1 0 1 0 1 0 1 0 1 0 1 0 1 0 1 0 1 0 1 0 
#1185064(div: 0) 1224245(div: 1) 
13 18 4 8 10 12 14 16 18 20 22 24 26 28 30 0 1 2 3 5 6 7 9 11 13 15 17 19 21 23 25 27 29 
#c 1 1 1 1 0 1 1 1 0 1 0 1 0 1 0 1 0 1 0 1 0 1 0 1 0 1 0 1 0 1 0 
#1185064(div: 0) 1224245(div: 1) 
1 1 6 27 
#c 1 1 1 1 0 1 1 1 0 1 0 1 0 1 0 1 0 1 0 1 0 1 0 1 0 1 0 1 0 1 0 
#1185064(div: 0) 1224245(div: 1) 
1 1 6 11 
#c 1 1 1 1 0 1 1 1 0 1 0 1 0 1 0 1 0 1 0 1 0 1 0 1 0 1 0 1 0 1 0 
#1185064(div: 0) 1224245(div: 1) 
1 1 11 29 
#c 1 1 1 1 0 1 1 1 0 1 0 0 0 1 0 1 0 1 0 1 0 1 0 1 0 1 0 1 0 1 0 
#1189190(div: 0) 1220119(div: 1) 
14 17 4 8 10 11 12 14 16 18 20 22 24 26 28 30 0 1 2 3 5 6 7 9 13 15 17 19 21 23 25 27 29 
#c 1 1 1 1 0 1 1 1 0 1 0 0 0 1 0 1 0 1 0 1 0 1 0 1 0 1 0 1 0 1 0 
#1189190(div: 0) 1220119(div: 1) 
1 1 0 19 
#c 1 1 1 1 0 1 1 1 0 1 0 0 0 1 0 1 0 1 0 1 0 1 0 1 0 1 0 1 0 1 0 
#1189190(div: 0) 1220119(div: 1) 
1 1 0 25 
#c 1 1 1 1 0 1 1 1 0 1 0 0 0 1 0 1 0 1 0 1 0 1 0 1 0 1 0 1 0 1 0 
#1189190(div: 0) 1220119(div: 1) 
1 1 0 23 
#c 1 1 1 1 0 1 1 1 0 1 0 0 0 1 0 1 0 1 0 1 0 1 0 0 0 1 0 1 0 1 0 
#1222379(div: 0) 1186930(div: 1) 
15 16 4 8 10 11 12 14 16 18 20 22 23 24 26 28 30 0 1 2 3 5 6 7 9 13 15 17 19 21 25 27 29 
#c 1 1 1 1 0 1 1 1 0 1 0 0 0 1 0 1 0 1 0 1 0 1 0 0 0 1 0 1 0 1 0 
#1222379(div: 0) 1186930(div: 1) 
1 1 11 14 
#c 1 1 1 1 0 1 1 1 0 1 0 0 0 1 0 1 0 1 0 1 0 1 0 0 0 1 0 1 0 1 0 
#1222379(div: 0) 1186930(div: 1) 
1 1 11 26 
#c 1 1 1 1 0 1 1 1 0 1 0 0 0 1 0 1 0 1 0 1 0 1 0 0 0 1 0 1 0 1 0 
#1222379(div: 0) 1186930(div: 1) 
1 1 8 11 
#c 1 1 1 1 0 1 1 1 0 1 0 1 0 1 0 1 0 1 0 1 0 1 0 0 0 1 0 1 0 1 0 
#1218253(div: 0) 1191056(div: 1) 
14 17 4 8 10 12 14 16 18 20 22 23 24 26 28 30 0 1 2 3 5 6 7 9 11 13 15 17 19 21 25 27 29 
#c 1 1 1 1 0 1 1 1 0 1 0 1 0 1 0 1 0 1 0 1 0 1 0 0 0 1 0 1 0 1 0 
#1218253(div: 0) 1191056(div: 1) 
1 1 10 18 
#c 1 1 1 1 0 1 1 1 0 1 0 1 0 1 0 1 0 1 0 1 0 1 0 0 0 1 0 1 0 1 0 
#1218253(div: 0) 1191056(div: 1) 
1 1 16 18 
#c 1 1 1 1 0 1 1 1 0 1 0 1 0 1 0 1 0 1 0 1 0 1 0 0 0 1 0 1 0 1 0 
#1218253(div: 0) 1191056(div: 1) 
1 1 18 22 
#c 1 1 1 1 0 1 1 1 0 1 0 1 0 1 0 1 0 1 0 1 0 1 1 0 0 1 0 1 0 1 0 
#1169443(div: 0) 1239866(div: 1) 
13 18 4 8 10 12 14 16 18 20 23 24 26 28 30 0 1 2 3 5 6 7 9 11 13 15 17 19 21 22 25 27 29 
#c 1 1 1 1 0 1 1 1 0 1 0 1 0 1 0 1 0 1 0 1 0 1 1 0 0 1 0 1 0 1 0 
#1169443(div: 0) 1239866(div: 1) 
1 1 22 27 
#c 1 1 1 1 0 1 1 1 0 1 0 1 0 1 0 1 0 1 0 1 0 1 1 0 0 1 0 1 0 1 0 
#1169443(div: 0) 1239866(div: 1) 
1 1 6 22 
#c 1 1 1 1 0 1 1 1 0 1 0 1 0 1 0 1 0 1 0 1 0 1 1 0 0 1 0 1 0 1 0 
#1169443(div: 0) 1239866(div: 1) 
1 1 6 21 
#c 1 1 1 1 0 1 0 1 0 1 0 1 0 1 0 1 0 1 0 1 0 1 1 0 0 1 0 1 0 1 0 
#1195163(div: 0) 1214146(div: 1) 
14 17 4 6 8 10 12 14 16 18 20 23 24 26 28 30 0 1 2 3 5 7 9 11 13 15 17 19 21 22 25 27 29 
#c 1 1 1 1 0 1 0 1 0 1 0 1 0 1 0 1 0 1 0 1 0 1 1 0 0 1 0 1 0 1 0 
#1195163(div: 0) 1214146(div: 1) 
1 1 11 13 
#c 1 1 1 1 0 1 0 1 0 1 0 1 0 1 0 1 0 1 0 1 0 1 1 0 0 1 0 1 0 1 0 
#1195163(div: 0) 1214146(div: 1) 
1 1 11 19 
#c 1 1 1 1 0 1 0 1 0 1 0 1 0 1 0 1 0 1 0 1 0 1 1 0 0 1 0 1 0 1 0 
#1195163(div: 0) 1214146(div: 1) 
1 1 11 17 
#c 1 1 1 1 0 1 0 1 0 1 0 0 0 1 0 1 0 1 0 1 0 1 1 0 0 1 0 1 0 1 0 
#1199289(div: 0) 1210020(div: 1) 
15 16 4 6 8 10 11 12 14 16 18 20 23 24 26 28 30 0 1 2 3 5 7 9 13 15 17 19 21 22 25 27 29 
#c 1 1 1 1 0 1 0 1 0 1 0 0 0 1 0 1 0 1 0 1 0 1 1 0 0 1 0 1 0 1 0 
#1199289(div: 0) 1210020(div: 1) 
1 1 13 19 
#c 1 1 1 1 0 1 0 1 0 1 0 0 0 1 0 1 0 1 0 1 0 1 1 0 0 1 0 1 0 1 0 
#1199289(div: 0) 1210020(div: 1) 
1 1 13 15 
#c 1 1 1 1 0 1 0 1 0 1 0 0 0 1 0 1 0 1 0 1 0 1 1 0 0 1 0 1 0 1 0 
#1199289(div: 0) 1210020(div: 1) 
1 1 15 21 
#c 1 1 1 1 0 1 0 1 0 1 0 0 0 1 0 0 0 1 0 1 0 1 1 0 0 1 0 1 0 1 0 
#1202108(div: 0) 1207201(div: 1) 
16 15 4 6 8 10 11 12 14 15 16 18 20 23 24 26 28 30 0 1 2 3 5 7 9 13 17 19 21 22 25 27 29 
#c 1 1 1 1 0 1 0 1 0 1 0 0 0 1 0 0 0 1 0 1 0 1 1 0 0 1 0 1 0 1 0 
#1202108(div: 0) 1207201(div: 1) 
1 1 2 5 
#c 1 1 1 1 0 1 0 1 0 1 0 0 0 1 0 0 0 1 0 1 0 1 1 0 0 1 0 1 0 1 0 
#1202108(div: 0) 1207201(div: 1) 
1 1 5 21 
#c 1 1 1 1 0 1 0 1 0 1 0 0 0 1 0 0 0 1 0 1 0 1 1 0 0 1 0 1 0 1 0 
#1202108(div: 0) 1207201(div: 1) 
1 1 0 5 
#c 1 1 1 1 0 0 0 1 0 1 0 0 0 1 0 0 0 1 0 1 0 1 1 0 0 1 0 1 0 1 0 
#1203842(div: 0) 1205467(div: 1) 
17 14 4 5 6 8 10 11 12 14 15 16 18 20 23 24 26 28 30 0 1 2 3 7 9 13 17 19 21 22 25 27 29 
#c 1 1 1 1 0 0 0 1 0 1 0 0 0 1 0 0 0 1 0 1 0 1 1 0 0 1 0 1 0 1 0 
#1203842(div: 0) 1205467(div: 1) 
1 1 0 2 
#c 1 1 1 1 0 0 0 1 0 1 0 0 0 1 0 0 0 1 0 1 0 1 1 0 0 1 0 1 0 1 0 
#1203842(div: 0) 1205467(div: 1) 
1 1 0 17 
#c 1 1 1 1 0 0 0 1 0 1 0 0 0 1 0 0 0 1 0 1 0 1 1 0 0 1 0 1 0 1 0 
#1203842(div: 0) 1205467(div: 1) 
1 1 0 22 
#c 0 1 1 1 0 0 0 1 0 1 0 0 0 1 0 0 0 1 0 1 0 1 1 0 0 1 0 1 0 1 0 
#1246631(div: 0) 1162678(div: 1) 
18 13 0 4 5 6 8 10 11 12 14 15 16 18 20 23 24 26 28 30 1 2 3 7 9 13 17 19 21 22 25 27 29 
#c 0 1 1 1 0 0 0 1 0 1 0 0 0 1 0 0 0 1 0 1 0 1 1 0 0 1 0 1 0 1 0 
#1246631(div: 0) 1162678(div: 1) 
1 1 24 30 
#c 0 1 1 1 0 0 0 1 0 1 0 0 0 1 0 0 0 1 0 1 0 1 1 0 0 1 0 1 0 1 0 
#1246631(div: 0) 1162678(div: 1) 
1 1 8 30 
#c 0 1 1 1 0 0 0 1 0 1 0 0 0 1 0 0 0 1 0 1 0 1 1 0 0 1 0 1 0 1 0 
#1246631(div: 0) 1162678(div: 1) 
1 1 8 26 
#c 0 1 1 1 0 0 0 1 1 1 0 0 0 1 0 0 0 1 0 1 0 1 1 0 0 1 0 1 0 1 0 
#1212508(div: 0) 1196801(div: 1) 
17 14 0 4 5 6 10 11 12 14 15 16 18 20 23 24 26 28 30 1 2 3 7 8 9 13 17 19 21 22 25 27 29 
#c 0 1 1 1 0 0 0 1 1 1 0 0 0 1 0 0 0 1 0 1 0 1 1 0 0 1 0 1 0 1 0 
#1212508(div: 0) 1196801(div: 1) 
1 1 10 26 
#c 0 1 1 1 0 0 0 1 1 1 0 0 0 1 0 0 0 1 0 1 0 1 1 0 0 1 0 1 0 1 0 
#1212508(div: 0) 1196801(div: 1) 
1 1 24 26 
#c 0 1 1 1 0 0 0 1 1 1 0 0 0 1 0 0 0 1 0 1 0 1 1 0 0 1 0 1 0 1 0 
#1212508(div: 0) 1196801(div: 1) 
1 1 11 26 
#c 0 1 1 1 0 0 0 1 1 1 0 1 0 1 0 0 0 1 0 1 0 1 1 0 0 1 0 1 0 1 0 
#1208382(div: 0) 1200927(div: 1) 
16 15 0 4 5 6 10 12 14 15 16 18 20 23 24 26 28 30 1 2 3 7 8 9 11 13 17 19 21 22 25 27 29 
#c 0 1 1 1 0 0 0 1 1 1 0 1 0 1 0 0 0 1 0 1 0 1 1 0 0 1 0 1 0 1 0 
#1208382(div: 0) 1200927(div: 1) 
1 1 10 15 
#c 0 1 1 1 0 0 0 1 1 1 0 1 0 1 0 0 0 1 0 1 0 1 1 0 0 1 0 1 0 1 0 
#1208382(div: 0) 1200927(div: 1) 
1 1 15 23 
#c 0 1 1 1 0 0 0 1 1 1 0 1 0 1 0 0 0 1 0 1 0 1 1 0 0 1 0 1 0 1 0 
#1208382(div: 0) 1200927(div: 1) 
1 1 15 26 
#c 0 1 1 1 0 0 0 1 1 1 0 1 0 1 0 1 0 1 0 1 0 1 1 0 0 1 0 1 0 1 0 
#1205563(div: 0) 1203746(div: 1) 
15 16 0 4 5 6 10 12 14 16 18 20 23 24 26 28 30 1 2 3 7 8 9 11 13 15 17 19 21 22 25 27 29 
#c 0 1 1 1 0 0 0 1 1 1 0 1 0 1 0 1 0 1 0 1 0 1 1 0 0 1 0 1 0 1 0 
#1205563(div: 0) 1203746(div: 1) 
1 1 5 10 
#c 0 1 1 1 0 0 0 1 1 1 0 1 0 1 0 1 0 1 0 1 0 1 1 0 0 1 0 1 0 1 0 
#1205563(div: 0) 1203746(div: 1) 
1 1 5 30 
#c 0 1 1 1 0 0 0 1 1 1 0 1 0 1 0 1 0 1 0 1 0 1 1 0 0 1 0 1 0 1 0 
#1205563(div: 0) 1203746(div: 1) 
1 1 5 6 
#c 0 1 1 1 0 1 0 1 1 1 0 1 0 1 0 1 0 1 0 1 0 1 1 0 0 1 0 1 0 1 0 
#1203829(div: 0) 1205480(div: 1) 
14 17 0 4 6 10 12 14 16 18 20 23 24 26 28 30 1 2 3 5 7 8 9 11 13 15 17 19 21 22 25 27 29 
#c 0 1 1 1 0 1 0 1 1 1 0 1 0 1 0 1 0 1 0 1 0 1 1 0 0 1 0 1 0 1 0 
#1203829(div: 0) 1205480(div: 1) 
1 1 13 22 
#c 0 1 1 1 0 1 0 1 1 1 0 1 0 1 0 1 0 1 0 1 0 1 1 0 0 1 0 1 0 1 0 
#1203829(div: 0) 1205480(div: 1) 
1 1 19 22 
#c 0 1 1 1 0 1 0 1 1 1 0 1 0 1 0 1 0 1 0 1 0 1 1 0 0 1 0 1 0 1 0 
#1203829(div: 0) 1205480(div: 1) 
1 1 9 22 
#c 0 1 1 1 0 1 0 1 1 0 0 1 0 1 0 1 0 1 0 1 0 1 1 0 0 1 0 1 0 1 0 
#1222056(div: 0) 1187253(div: 1) 
15 16 0 4 6 9 10 12 14 16 18 20 23 24 26 28 30 1 2 3 5 7 8 11 13 15 17 19 21 22 25 27 29 
#c 0 1 1 1 0 1 0 1 1 0 0 1 0 1 0 1 0 1 0 1 0 1 1 0 0 1 0 1 0 1 0 
#1222056(div: 0) 1187253(div: 1) 
1 1 9 23 
#c 0 1 1 1 0 1 0 1 1 0 0 1 0 1 0 1 0 1 0 1 0 1 1 0 0 1 0 1 0 1 0 
#1222056(div: 0) 1187253(div: 1) 
1 1 4 9 
#c 0 1 1 1 0 1 0 1 1 0 0 1 0 1 0 1 0 1 0 1 0 1 1 0 0 1 0 1 0 1 0 
#1222056(div: 0) 1187253(div: 1) 
1 1 9 24 
#c 0 1 1 1 0 1 0 1 1 1 0 1 0 1 0 1 0 1 0 1 0 1 1 0 0 1 0 1 0 1 0 
#1203829(div: 0) 1205480(div: 1) 
14 17 0 4 6 10 12 14 16 18 20 23 24 26 28 30 1 2 3 5 7 8 9 11 13 15 17 19 21 22 25 27 29 
#c 0 1 1 1 0 1 0 1 1 1 0 1 0 1 0 1 0 1 0 1 0 1 1 0 0 1 0 1 0 1 0 
#1203829(div: 0) 1205480(div: 1) 
1 1 5 9 
#c 0 1 1 1 0 1 0 1 1 1 0 1 0 1 0 1 0 1 0 1 0 1 1 0 0 1 0 1 0 1 0 
#1203829(div: 0) 1205480(div: 1) 
1 1 5 29 
#c 0 1 1 1 0 1 0 1 1 1 0 1 0 1 0 1 0 1 0 1 0 1 1 0 0 1 0 1 0 1 0 
#1203829(div: 0) 1205480(div: 1) 
1 1 5 21 
#c 0 1 1 1 0 0 0 1 1 1 0 1 0 1 0 1 0 1 0 1 0 1 1 0 0 1 0 1 0 1 0 
#1205563(div: 0) 1203746(div: 1) 
15 16 0 4 5 6 10 12 14 16 18 20 23 24 26 28 30 1 2 3 7 8 9 11 13 15 17 19 21 22 25 27 29 
#c 0 1 1 1 0 0 0 1 1 1 0 1 0 1 0 1 0 1 0 1 0 1 1 0 0 1 0 1 0 1 0 
#1205563(div: 0) 1203746(div: 1) 
1 1 14 24 
#c 0 1 1 1 0 0 0 1 1 1 0 1 0 1 0 1 0 1 0 1 0 1 1 0 0 1 0 1 0 1 0 
#1205563(div: 0) 1203746(div: 1) 
1 1 14 23 
#c 0 1 1 1 0 0 0 1 1 1 0 1 0 1 0 1 0 1 0 1 0 1 1 0 0 1 0 1 0 1 0 
#1205563(div: 0) 1203746(div: 1) 
1 1 23 30 
#c 0 1 1 1 0 0 0 1 1 1 0 1 0 1 0 1 0 1 0 1 0 1 1 1 0 1 0 1 0 1 0 
#1172374(div: 0) 1236935(div: 1) 
14 17 0 4 5 6 10 12 14 16 18 20 24 26 28 30 1 2 3 7 8 9 11 13 15 17 19 21 22 23 25 27 29 
#c 0 1 1 1 0 0 0 1 1 1 0 1 0 1 0 1 0 1 0 1 0 1 1 1 0 1 0 1 0 1 0 
#1172374(div: 0) 1236935(div: 1) 
1 1 13 17 
#c 0 1 1 1 0 0 0 1 1 1 0 1 0 1 0 1 0 1 0 1 0 1 1 1 0 1 0 1 0 1 0 
#1172374(div: 0) 1236935(div: 1) 
1 1 13 25 
#c 0 1 1 1 0 0 0 1 1 1 0 1 0 1 0 1 0 1 0 1 0 1 1 1 0 1 0 1 0 1 0 
#1172374(div: 0) 1236935(div: 1) 
1 1 1 13 
#c 0 0 1 1 0 0 0 1 1 1 0 1 0 1 0 1 0 1 0 1 0 1 1 1 0 1 0 1 0 1 0 
#1198397(div: 0) 1210912(div: 1) 
15 16 0 1 4 5 6 10 12 14 16 18 20 24 26 28 30 2 3 7 8 9 11 13 15 17 19 21 22 23 25 27 29 
#c 0 0 1 1 0 0 0 1 1 1 0 1 0 1 0 1 0 1 0 1 0 1 1 1 0 1 0 1 0 1 0 
#1198397(div: 0) 1210912(div: 1) 
1 1 3 19 
#c 0 0 1 1 0 0 0 1 1 1 0 1 0 1 0 1 0 1 0 1 0 1 1 1 0 1 0 1 0 1 0 
#1198397(div: 0) 1210912(div: 1) 
1 1 3 29 
#c 0 0 1 1 0 0 0 1 1 1 0 1 0 1 0 1 0 1 0 1 0 1 1 1 0 1 0 1 0 1 0 
#1198397(div: 0) 1210912(div: 1) 
1 1 3 13 
#c 0 0 1 0 0 0 0 1 1 1 0 1 0 1 0 1 0 1 0 1 0 1 1 1 0 1 0 1 0 1 0 
#1251091(div: 0) 1158218(div: 1) 
16 15 0 1 3 4 5 6 10 12 14 16 18 20 24 26 28 30 2 7 8 9 11 13 15 17 19 21 22 23 25 27 29 
#c 0 0 1 0 0 0 0 1 1 1 0 1 0 1 0 1 0 1 0 1 0 1 1 1 0 1 0 1 0 1 0 
#1251091(div: 0) 1158218(div: 1) 
1 1 5 28 
#c 0 0 1 0 0 0 0 1 1 1 0 1 0 1 0 1 0 1 0 1 0 1 1 1 0 1 0 1 0 1 0 
#1251091(div: 0) 1158218(div: 1) 
1 1 5 18 
#c 0 0 1 0 0 0 0 1 1 1 0 1 0 1 0 1 0 1 0 1 0 1 1 1 0 1 0 1 0 1 0 
#1251091(div: 0) 1158218(div: 1) 
1 1 4 5 
#c 0 0 1 0 0 1 0 1 1 1 0 1 0 1 0 1 0 1 0 1 0 1 1 1 0 1 0 1 0 1 0 
#1249357(div: 0) 1159952(div: 1) 
15 16 0 1 3 4 6 10 12 14 16 18 20 24 26 28 30 2 5 7 8 9 11 13 15 17 19 21 22 23 25 27 29 
#c 0 0 1 0 0 1 0 1 1 1 0 1 0 1 0 1 0 1 0 1 0 1 1 1 0 1 0 1 0 1 0 
#1249357(div: 0) 1159952(div: 1) 
1 1 0 28 
#c 0 0 1 0 0 1 0 1 1 1 0 1 0 1 0 1 0 1 0 1 0 1 1 1 0 1 0 1 0 1 0 
#1249357(div: 0) 1159952(div: 1) 
1 1 0 24 
#c 0 0 1 0 0 1 0 1 1 1 0 1 0 1 0 1 0 1 0 1 0 1 1 1 0 1 0 1 0 1 0 
#1249357(div: 0) 1159952(div: 1) 
1 1 0 30 
#c 1 0 1 0 0 1 0 1 1 1 0 1 0 1 0 1 0 1 0 1 0 1 1 1 0 1 0 1 0 1 0 
#1206568(div: 0) 1202741(div: 1) 
14 17 1 3 4 6 10 12 14 16 18 20 24 26 28 30 0 2 5 7 8 9 11 13 15 17 19 21 22 23 25 27 29 
#c 1 0 1 0 0 1 0 1 1 1 0 1 0 1 0 1 0 1 0 1 0 1 1 1 0 1 0 1 0 1 0 
#1206568(div: 0) 1202741(div: 1) 
1 1 1 4 
#c 1 0 1 0 0 1 0 1 1 1 0 1 0 1 0 1 0 1 0 1 0 1 1 1 0 1 0 1 0 1 0 
#1206568(div: 0) 1202741(div: 1) 
1 1 1 30 
#c 1 0 1 0 0 1 0 1 1 1 0 1 0 1 0 1 0 1 0 1 0 1 1 1 0 1 0 1 0 1 0 
#1206568(div: 0) 1202741(div: 1) 
1 1 1 20 
#c 1 1 1 0 0 1 0 1 1 1 0 1 0 1 0 1 0 1 0 1 0 1 1 1 0 1 0 1 0 1 0 
#1180545(div: 0) 1228764(div: 1) 
13 18 3 4 6 10 12 14 16 18 20 24 26 28 30 0 1 2 5 7 8 9 11 13 15 17 19 21 22 23 25 27 29 
#c 1 1 1 0 0 1 0 1 1 1 0 1 0 1 0 1 0 1 0 1 0 1 1 1 0 1 0 1 0 1 0 
#1180545(div: 0) 1228764(div: 1) 
1 1 5 8 
#c 1 1 1 0 0 1 0 1 1 1 0 1 0 1 0 1 0 1 0 1 0 1 1 1 0 1 0 1 0 1 0 
#1180545(div: 0) 1228764(div: 1) 
1 1 5 22 
#c 1 1 1 0 0 1 0 1 1 1 0 1 0 1 0 1 0 1 0 1 0 1 1 1 0 1 0 1 0 1 0 
#1180545(div: 0) 1228764(div: 1) 
1 1 5 23 
#c 1 1 1 0 0 0 0 1 1 1 0 1 0 1 0 1 0 1 0 1 0 1 1 1 0 1 0 1 0 1 0 
#1182279(div: 0) 1227030(div: 1) 
14 17 3 4 5 6 10 12 14 16 18 20 24 26 28 30 0 1 2 7 8 9 11 13 15 17 19 21 22 23 25 27 29 
#c 1 1 1 0 0 0 0 1 1 1 0 1 0 1 0 1 0 1 0 1 0 1 1 1 0 1 0 1 0 1 0 
#1182279(div: 0) 1227030(div: 1) 
1 1 9 22 
#c 1 1 1 0 0 0 0 1 1 1 0 1 0 1 0 1 0 1 0 1 0 1 1 1 0 1 0 1 0 1 0 
#1182279(div: 0) 1227030(div: 1) 
1 1 2 9 
#c 1 1 1 0 0 0 0 1 1 1 0 1 0 1 0 1 0 1 0 1 0 1 1 1 0 1 0 1 0 1 0 
#1182279(div: 0) 1227030(div: 1) 
1 1 0 9 
#c 1 1 1 0 0 0 0 1 1 0 0 1 0 1 0 1 0 1 0 1 0 1 1 1 0 1 0 1 0 1 0 
#1200506(div: 0) 1208803(div: 1) 
15 16 3 4 5 6 9 10 12 14 16 18 20 24 26 28 30 0 1 2 7 8 11 13 15 17 19 21 22 23 25 27 29 
#c 1 1 1 0 0 0 0 1 1 0 0 1 0 1 0 1 0 1 0 1 0 1 1 1 0 1 0 1 0 1 0 
#1200506(div: 0) 1208803(div: 1) 
1 1 11 17 
#c 1 1 1 0 0 0 0 1 1 0 0 1 0 1 0 1 0 1 0 1 0 1 1 1 0 1 0 1 0 1 0 
#1200506(div: 0) 1208803(div: 1) 
1 1 11 19 
#c 1 1 1 0 0 0 0 1 1 0 0 1 0 1 0 1 0 1 0 1 0 1 1 1 0 1 0 1 0 1 0 
#1200506(div: 0) 1208803(div: 1) 
1 1 11 29 
#c 1 1 1 0 0 0 0 1 1 0 0 0 0 1 0 1 0 1 0 1 0 1 1 1 0 1 0 1 0 1 0 
#1204632(div: 0) 1204677(div: 1) 
16 15 3 4 5 6 9 10 11 12 14 16 18 20 24 26 28 30 0 1 2 7 8 13 15 17 19 21 22 23 25 27 29 
#c 1 1 1 0 0 0 0 1 1 0 0 0 0 1 0 1 0 1 0 1 0 1 1 1 0 1 0 1 0 1 0 
#1204632(div: 0) 1204677(div: 1) 
1 1 7 23 
#c 1 1 1 0 0 0 0 1 1 0 0 0 0 1 0 1 0 1 0 1 0 1 1 1 0 1 0 1 0 1 0 
#1204632(div: 0) 1204677(div: 1) 
1 1 23 29 
#c 1 1 1 0 0 0 0 1 1 0 0 0 0 1 0 1 0 1 0 1 0 1 1 1 0 1 0 1 0 1 0 
#1204632(div: 0) 1204677(div: 1) 
1 1 8 23 
#c 1 1 1 0 0 0 0 1 1 0 0 0 0 1 0 1 0 1 0 1 0 1 1 0 0 1 0 1 0 1 0 
#1237821(div: 0) 1171488(div: 1) 
17 14 3 4 5 6 9 10 11 12 14 16 18 20 23 24 26 28 30 0 1 2 7 8 13 15 17 19 21 22 25 27 29 
#c 1 1 1 0 0 0 0 1 1 0 0 0 0 1 0 1 0 1 0 1 0 1 1 0 0 1 0 1 0 1 0 
#1237821(div: 0) 1171488(div: 1) 
1 1 10 23 
#c 1 1 1 0 0 0 0 1 1 0 0 0 0 1 0 1 0 1 0 1 0 1 1 0 0 1 0 1 0 1 0 
#1237821(div: 0) 1171488(div: 1) 
1 1 11 23 
#c 1 1 1 0 0 0 0 1 1 0 0 0 0 1 0 1 0 1 0 1 0 1 1 0 0 1 0 1 0 1 0 
#1237821(div: 0) 1171488(div: 1) 
1 1 11 14 
#c 1 1 1 0 0 0 0 1 1 0 0 0 0 1 0 1 0 1 0 1 0 1 1 0 0 1 0 1 0 1 0 
#1237821(div: 0) 1171488(div: 1) 
1 1 11 24 
#c 1 1 1 0 0 0 0 1 1 0 0 0 0 1 0 1 0 1 0 1 0 1 1 0 0 1 0 1 0 1 0 
#1237821(div: 0) 1171488(div: 1) 
1 1 9 11 
#c 1 1 1 0 0 0 0 1 1 0 0 0 0 1 0 1 0 1 0 1 0 1 1 0 0 1 0 1 0 1 0 
#1237821(div: 0) 1171488(div: 1) 
1 1 3 11 
#c 1 1 1 0 0 0 0 1 1 0 0 0 0 1 0 1 0 1 0 1 0 1 1 0 0 1 0 1 0 1 0 
#1237821(div: 0) 1171488(div: 1) 
1 1 11 30 
#c 1 1 1 0 0 0 0 1 1 0 0 0 0 1 0 1 0 1 0 1 0 1 1 0 0 1 0 1 0 1 0 
#1237821(div: 0) 1171488(div: 1) 
1 1 11 26 
#c 1 1 1 0 0 0 0 1 1 0 0 0 0 1 0 1 0 1 0 1 0 1 1 0 0 1 0 1 0 1 0 
#1237821(div: 0) 1171488(div: 1) 
1 1 11 12 
#c 1 1 1 0 0 0 0 1 1 0 0 0 0 1 0 1 0 1 0 1 0 1 1 0 0 1 0 1 0 1 0 
#1237821(div: 0) 1171488(div: 1) 
1 1 11 20 
#c 1 1 1 0 0 0 0 1 1 0 0 1 0 1 0 1 0 1 0 1 0 1 1 0 0 1 0 1 0 1 0 
#1233695(div: 0) 1175614(div: 1) 
16 15 3 4 5 6 9 10 12 14 16 18 20 23 24 26 28 30 0 1 2 7 8 11 13 15 17 19 21 22 25 27 29 
1 1 1 0 0 0 0 1 1 0 0 1 0 1 0 1 0 1 0 1 0 1 1 0 0 1 0 1 0 1 0 
#2904051
