#c 0 1 0 1 0 1 0 1 0 1 0 1 0 1 0 1 0 1 0 1 0 1 0 1 0 1 0 1 0 1 0 1 0 1 0 1 0 1 0 1 0 1 0 1 0 1 0 1 0 1 0 1 0 1 0 1 0 1 0 1 0 1 0 1 0 
#3819509(div: 0) 3242669(div: 1) 
33 32 0 2 4 6 8 10 12 14 16 18 20 22 24 26 28 30 32 34 36 38 40 42 44 46 48 50 52 54 56 58 60 62 64 1 3 5 7 9 11 13 15 17 19 21 23 25 27 29 31 33 35 37 39 41 43 45 47 49 51 53 55 57 59 61 63 
#c 0 1 0 1 0 1 0 1 0 1 0 1 0 1 0 1 0 1 0 1 0 1 0 1 0 1 0 1 0 1 0 1 0 1 0 1 0 1 0 1 0 1 0 1 0 1 0 1 0 1 0 1 0 1 0 1 0 1 0 1 0 1 0 1 0 
#3819509(div: 0) 3242669(div: 1) 
1 1 24 58 
#c 0 1 0 1 0 1 0 1 0 1 0 1 0 1 0 1 0 1 0 1 0 1 0 1 0 1 0 1 0 1 0 1 0 1 0 1 0 1 0 1 0 1 0 1 0 1 0 1 0 1 0 1 0 1 0 1 0 1 0 1 0 1 0 1 0 
#3819509(div: 0) 3242669(div: 1) 
1 1 12 58 
#c 0 1 0 1 0 1 0 1 0 1 0 1 0 1 0 1 0 1 0 1 0 1 0 1 0 1 0 1 0 1 0 1 0 1 0 1 0 1 0 1 0 1 0 1 0 1 0 1 0 1 0 1 0 1 0 1 0 1 0 1 0 1 0 1 0 
#3819509(div: 0) 3242669(div: 1) 
1 1 12 28 
#c 0 1 0 1 0 1 0 1 0 1 0 1 1 1 0 1 0 1 0 1 0 1 0 1 0 1 0 1 0 1 0 1 0 1 0 1 0 1 0 1 0 1 0 1 0 1 0 1 0 1 0 1 0 1 0 1 0 1 0 1 0 1 0 1 0 
#3816794(div: 0) 3245384(div: 1) 
32 33 0 2 4 6 8 10 14 16 18 20 22 24 26 28 30 32 34 36 38 40 42 44 46 48 50 52 54 56 58 60 62 64 1 3 5 7 9 11 12 13 15 17 19 21 23 25 27 29 31 33 35 37 39 41 43 45 47 49 51 53 55 57 59 61 63 
#c 0 1 0 1 0 1 0 1 0 1 0 1 1 1 0 1 0 1 0 1 0 1 0 1 0 1 0 1 0 1 0 1 0 1 0 1 0 1 0 1 0 1 0 1 0 1 0 1 0 1 0 1 0 1 0 1 0 1 0 1 0 1 0 1 0 
#3816794(div: 0) 3245384(div: 1) 
1 1 0 32 
#c 0 1 0 1 0 1 0 1 0 1 0 1 1 1 0 1 0 1 0 1 0 1 0 1 0 1 0 1 0 1 0 1 0 1 0 1 0 1 0 1 0 1 0 1 0 1 0 1 0 1 0 1 0 1 0 1 0 1 0 1 0 1 0 1 0 
#3816794(div: 0) 3245384(div: 1) 
1 1 0 52 
#c 0 1 0 1 0 1 0 1 0 1 0 1 1 1 0 1 0 1 0 1 0 1 0 1 0 1 0 1 0 1 0 1 0 1 0 1 0 1 0 1 0 1 0 1 0 1 0 1 0 1 0 1 0 1 0 1 0 1 0 1 0 1 0 1 0 
#3816794(div: 0) 3245384(div: 1) 
1 1 2 52 
#c 0 1 0 1 0 1 0 1 0 1 0 1 1 1 0 1 0 1 0 1 0 1 0 1 0 1 0 1 0 1 0 1 0 1 0 1 0 1 0 1 0 1 0 1 0 1 0 1 0 1 0 1 1 1 0 1 0 1 0 1 0 1 0 1 0 
#3778646(div: 0) 3283532(div: 1) 
31 34 0 2 4 6 8 10 14 16 18 20 22 24 26 28 30 32 34 36 38 40 42 44 46 48 50 54 56 58 60 62 64 1 3 5 7 9 11 12 13 15 17 19 21 23 25 27 29 31 33 35 37 39 41 43 45 47 49 51 52 53 55 57 59 61 63 
#c 0 1 0 1 0 1 0 1 0 1 0 1 1 1 0 1 0 1 0 1 0 1 0 1 0 1 0 1 0 1 0 1 0 1 0 1 0 1 0 1 0 1 0 1 0 1 0 1 0 1 0 1 1 1 0 1 0 1 0 1 0 1 0 1 0 
#3778646(div: 0) 3283532(div: 1) 
1 1 38 56 
#c 0 1 0 1 0 1 0 1 0 1 0 1 1 1 0 1 0 1 0 1 0 1 0 1 0 1 0 1 0 1 0 1 0 1 0 1 0 1 0 1 0 1 0 1 0 1 0 1 0 1 0 1 1 1 0 1 0 1 0 1 0 1 0 1 0 
#3778646(div: 0) 3283532(div: 1) 
1 1 56 58 
#c 0 1 0 1 0 1 0 1 0 1 0 1 1 1 0 1 0 1 0 1 0 1 0 1 0 1 0 1 0 1 0 1 0 1 0 1 0 1 0 1 0 1 0 1 0 1 0 1 0 1 0 1 1 1 0 1 0 1 0 1 0 1 0 1 0 
#3778646(div: 0) 3283532(div: 1) 
1 1 44 58 
#c 0 1 0 1 0 1 0 1 0 1 0 1 1 1 0 1 0 1 0 1 0 1 0 1 0 1 0 1 0 1 0 1 0 1 0 1 0 1 0 1 0 1 0 1 0 1 0 1 0 1 0 1 1 1 0 1 0 1 1 1 0 1 0 1 0 
#3763530(div: 0) 3298648(div: 1) 
30 35 0 2 4 6 8 10 14 16 18 20 22 24 26 28 30 32 34 36 38 40 42 44 46 48 50 54 56 60 62 64 1 3 5 7 9 11 12 13 15 17 19 21 23 25 27 29 31 33 35 37 39 41 43 45 47 49 51 52 53 55 57 58 59 61 63 
#c 0 1 0 1 0 1 0 1 0 1 0 1 1 1 0 1 0 1 0 1 0 1 0 1 0 1 0 1 0 1 0 1 0 1 0 1 0 1 0 1 0 1 0 1 0 1 0 1 0 1 0 1 1 1 0 1 0 1 1 1 0 1 0 1 0 
#3763530(div: 0) 3298648(div: 1) 
1 1 22 32 
#c 0 1 0 1 0 1 0 1 0 1 0 1 1 1 0 1 0 1 0 1 0 1 0 1 0 1 0 1 0 1 0 1 0 1 0 1 0 1 0 1 0 1 0 1 0 1 0 1 0 1 0 1 1 1 0 1 0 1 1 1 0 1 0 1 0 
#3763530(div: 0) 3298648(div: 1) 
1 1 32 60 
#c 0 1 0 1 0 1 0 1 0 1 0 1 1 1 0 1 0 1 0 1 0 1 0 1 0 1 0 1 0 1 0 1 0 1 0 1 0 1 0 1 0 1 0 1 0 1 0 1 0 1 0 1 1 1 0 1 0 1 1 1 0 1 0 1 0 
#3763530(div: 0) 3298648(div: 1) 
1 1 4 60 
#c 0 1 0 1 0 1 0 1 0 1 0 1 1 1 0 1 0 1 0 1 0 1 0 1 0 1 0 1 0 1 0 1 0 1 0 1 0 1 0 1 0 1 0 1 0 1 0 1 0 1 0 1 1 1 0 1 0 1 1 1 1 1 0 1 0 
#3752095(div: 0) 3310083(div: 1) 
29 36 0 2 4 6 8 10 14 16 18 20 22 24 26 28 30 32 34 36 38 40 42 44 46 48 50 54 56 62 64 1 3 5 7 9 11 12 13 15 17 19 21 23 25 27 29 31 33 35 37 39 41 43 45 47 49 51 52 53 55 57 58 59 60 61 63 
#c 0 1 0 1 0 1 0 1 0 1 0 1 1 1 0 1 0 1 0 1 0 1 0 1 0 1 0 1 0 1 0 1 0 1 0 1 0 1 0 1 0 1 0 1 0 1 0 1 0 1 0 1 1 1 0 1 0 1 1 1 1 1 0 1 0 
#3752095(div: 0) 3310083(div: 1) 
1 1 44 46 
#c 0 1 0 1 0 1 0 1 0 1 0 1 1 1 0 1 0 1 0 1 0 1 0 1 0 1 0 1 0 1 0 1 0 1 0 1 0 1 0 1 0 1 0 1 0 1 0 1 0 1 0 1 1 1 0 1 0 1 1 1 1 1 0 1 0 
#3752095(div: 0) 3310083(div: 1) 
1 1 0 44 
#c 0 1 0 1 0 1 0 1 0 1 0 1 1 1 0 1 0 1 0 1 0 1 0 1 0 1 0 1 0 1 0 1 0 1 0 1 0 1 0 1 0 1 0 1 0 1 0 1 0 1 0 1 1 1 0 1 0 1 1 1 1 1 0 1 0 
#3752095(div: 0) 3310083(div: 1) 
1 1 0 30 
#c 1 1 0 1 0 1 0 1 0 1 0 1 1 1 0 1 0 1 0 1 0 1 0 1 0 1 0 1 0 1 0 1 0 1 0 1 0 1 0 1 0 1 0 1 0 1 0 1 0 1 0 1 1 1 0 1 0 1 1 1 1 1 0 1 0 
#3707038(div: 0) 3355140(div: 1) 
28 37 2 4 6 8 10 14 16 18 20 22 24 26 28 30 32 34 36 38 40 42 44 46 48 50 54 56 62 64 0 1 3 5 7 9 11 12 13 15 17 19 21 23 25 27 29 31 33 35 37 39 41 43 45 47 49 51 52 53 55 57 58 59 60 61 63 
#c 1 1 0 1 0 1 0 1 0 1 0 1 1 1 0 1 0 1 0 1 0 1 0 1 0 1 0 1 0 1 0 1 0 1 0 1 0 1 0 1 0 1 0 1 0 1 0 1 0 1 0 1 1 1 0 1 0 1 1 1 1 1 0 1 0 
#3707038(div: 0) 3355140(div: 1) 
1 1 4 6 
#c 1 1 0 1 0 1 0 1 0 1 0 1 1 1 0 1 0 1 0 1 0 1 0 1 0 1 0 1 0 1 0 1 0 1 0 1 0 1 0 1 0 1 0 1 0 1 0 1 0 1 0 1 1 1 0 1 0 1 1 1 1 1 0 1 0 
#3707038(div: 0) 3355140(div: 1) 
1 1 4 14 
#c 1 1 0 1 0 1 0 1 0 1 0 1 1 1 0 1 0 1 0 1 0 1 0 1 0 1 0 1 0 1 0 1 0 1 0 1 0 1 0 1 0 1 0 1 0 1 0 1 0 1 0 1 1 1 0 1 0 1 1 1 1 1 0 1 0 
#3707038(div: 0) 3355140(div: 1) 
1 1 4 36 
#c 1 1 0 1 1 1 0 1 0 1 0 1 1 1 0 1 0 1 0 1 0 1 0 1 0 1 0 1 0 1 0 1 0 1 0 1 0 1 0 1 0 1 0 1 0 1 0 1 0 1 0 1 1 1 0 1 0 1 1 1 1 1 0 1 0 
#3689348(div: 0) 3372830(div: 1) 
27 38 2 6 8 10 14 16 18 20 22 24 26 28 30 32 34 36 38 40 42 44 46 48 50 54 56 62 64 0 1 3 4 5 7 9 11 12 13 15 17 19 21 23 25 27 29 31 33 35 37 39 41 43 45 47 49 51 52 53 55 57 58 59 60 61 63 
#c 1 1 0 1 1 1 0 1 0 1 0 1 1 1 0 1 0 1 0 1 0 1 0 1 0 1 0 1 0 1 0 1 0 1 0 1 0 1 0 1 0 1 0 1 0 1 0 1 0 1 0 1 1 1 0 1 0 1 1 1 1 1 0 1 0 
#3689348(div: 0) 3372830(div: 1) 
1 1 24 54 
#c 1 1 0 1 1 1 0 1 0 1 0 1 1 1 0 1 0 1 0 1 0 1 0 1 0 1 0 1 0 1 0 1 0 1 0 1 0 1 0 1 0 1 0 1 0 1 0 1 0 1 0 1 1 1 0 1 0 1 1 1 1 1 0 1 0 
#3689348(div: 0) 3372830(div: 1) 
1 1 24 44 
#c 1 1 0 1 1 1 0 1 0 1 0 1 1 1 0 1 0 1 0 1 0 1 0 1 0 1 0 1 0 1 0 1 0 1 0 1 0 1 0 1 0 1 0 1 0 1 0 1 0 1 0 1 1 1 0 1 0 1 1 1 1 1 0 1 0 
#3689348(div: 0) 3372830(div: 1) 
1 1 20 44 
#c 1 1 0 1 1 1 0 1 0 1 0 1 1 1 0 1 0 1 0 1 0 1 0 1 0 1 0 1 0 1 0 1 0 1 0 1 0 1 0 1 0 1 0 1 1 1 0 1 0 1 0 1 1 1 0 1 0 1 1 1 1 1 0 1 0 
#3594539(div: 0) 3467639(div: 1) 
26 39 2 6 8 10 14 16 18 20 22 24 26 28 30 32 34 36 38 40 42 46 48 50 54 56 62 64 0 1 3 4 5 7 9 11 12 13 15 17 19 21 23 25 27 29 31 33 35 37 39 41 43 44 45 47 49 51 52 53 55 57 58 59 60 61 63 
#c 1 1 0 1 1 1 0 1 0 1 0 1 1 1 0 1 0 1 0 1 0 1 0 1 0 1 0 1 0 1 0 1 0 1 0 1 0 1 0 1 0 1 0 1 1 1 0 1 0 1 0 1 1 1 0 1 0 1 1 1 1 1 0 1 0 
#3594539(div: 0) 3467639(div: 1) 
1 1 10 38 
#c 1 1 0 1 1 1 0 1 0 1 0 1 1 1 0 1 0 1 0 1 0 1 0 1 0 1 0 1 0 1 0 1 0 1 0 1 0 1 0 1 0 1 0 1 1 1 0 1 0 1 0 1 1 1 0 1 0 1 1 1 1 1 0 1 0 
#3594539(div: 0) 3467639(div: 1) 
1 1 10 14 
#c 1 1 0 1 1 1 0 1 0 1 0 1 1 1 0 1 0 1 0 1 0 1 0 1 0 1 0 1 0 1 0 1 0 1 0 1 0 1 0 1 0 1 0 1 1 1 0 1 0 1 0 1 1 1 0 1 0 1 1 1 1 1 0 1 0 
#3594539(div: 0) 3467639(div: 1) 
1 1 8 14 
#c 1 1 0 1 1 1 0 1 0 1 0 1 1 1 1 1 0 1 0 1 0 1 0 1 0 1 0 1 0 1 0 1 0 1 0 1 0 1 0 1 0 1 0 1 1 1 0 1 0 1 0 1 1 1 0 1 0 1 1 1 1 1 0 1 0 
#3572563(div: 0) 3489615(div: 1) 
25 40 2 6 8 10 16 18 20 22 24 26 28 30 32 34 36 38 40 42 46 48 50 54 56 62 64 0 1 3 4 5 7 9 11 12 13 14 15 17 19 21 23 25 27 29 31 33 35 37 39 41 43 44 45 47 49 51 52 53 55 57 58 59 60 61 63 
#c 1 1 0 1 1 1 0 1 0 1 0 1 1 1 1 1 0 1 0 1 0 1 0 1 0 1 0 1 0 1 0 1 0 1 0 1 0 1 0 1 0 1 0 1 1 1 0 1 0 1 0 1 1 1 0 1 0 1 1 1 1 1 0 1 0 
#3572563(div: 0) 3489615(div: 1) 
1 1 22 26 
#c 1 1 0 1 1 1 0 1 0 1 0 1 1 1 1 1 0 1 0 1 0 1 0 1 0 1 0 1 0 1 0 1 0 1 0 1 0 1 0 1 0 1 0 1 1 1 0 1 0 1 0 1 1 1 0 1 0 1 1 1 1 1 0 1 0 
#3572563(div: 0) 3489615(div: 1) 
1 1 26 32 
#c 1 1 0 1 1 1 0 1 0 1 0 1 1 1 1 1 0 1 0 1 0 1 0 1 0 1 0 1 0 1 0 1 0 1 0 1 0 1 0 1 0 1 0 1 1 1 0 1 0 1 0 1 1 1 0 1 0 1 1 1 1 1 0 1 0 
#3572563(div: 0) 3489615(div: 1) 
1 1 2 32 
#c 1 1 1 1 1 1 0 1 0 1 0 1 1 1 1 1 0 1 0 1 0 1 0 1 0 1 0 1 0 1 0 1 0 1 0 1 0 1 0 1 0 1 0 1 1 1 0 1 0 1 0 1 1 1 0 1 0 1 1 1 1 1 0 1 0 
#3476133(div: 0) 3586045(div: 1) 
24 41 6 8 10 16 18 20 22 24 26 28 30 32 34 36 38 40 42 46 48 50 54 56 62 64 0 1 2 3 4 5 7 9 11 12 13 14 15 17 19 21 23 25 27 29 31 33 35 37 39 41 43 44 45 47 49 51 52 53 55 57 58 59 60 61 63 
#c 1 1 1 1 1 1 0 1 0 1 0 1 1 1 1 1 0 1 0 1 0 1 0 1 0 1 0 1 0 1 0 1 0 1 0 1 0 1 0 1 0 1 0 1 1 1 0 1 0 1 0 1 1 1 0 1 0 1 1 1 1 1 0 1 0 
#3476133(div: 0) 3586045(div: 1) 
1 1 41 59 
#c 1 1 1 1 1 1 0 1 0 1 0 1 1 1 1 1 0 1 0 1 0 1 0 1 0 1 0 1 0 1 0 1 0 1 0 1 0 1 0 1 0 1 0 1 1 1 0 1 0 1 0 1 1 1 0 1 0 1 1 1 1 1 0 1 0 
#3476133(div: 0) 3586045(div: 1) 
1 1 13 41 
#c 1 1 1 1 1 1 0 1 0 1 0 1 1 1 1 1 0 1 0 1 0 1 0 1 0 1 0 1 0 1 0 1 0 1 0 1 0 1 0 1 0 1 0 1 1 1 0 1 0 1 0 1 1 1 0 1 0 1 1 1 1 1 0 1 0 
#3476133(div: 0) 3586045(div: 1) 
1 1 27 41 
#c 1 1 1 1 1 1 0 1 0 1 0 1 1 1 1 1 0 1 0 1 0 1 0 1 0 1 0 1 0 1 0 1 0 1 0 1 0 1 0 1 0 0 0 1 1 1 0 1 0 1 0 1 1 1 0 1 0 1 1 1 1 1 0 1 0 
#3478164(div: 0) 3584014(div: 1) 
25 40 6 8 10 16 18 20 22 24 26 28 30 32 34 36 38 40 41 42 46 48 50 54 56 62 64 0 1 2 3 4 5 7 9 11 12 13 14 15 17 19 21 23 25 27 29 31 33 35 37 39 43 44 45 47 49 51 52 53 55 57 58 59 60 61 63 
#c 1 1 1 1 1 1 0 1 0 1 0 1 1 1 1 1 0 1 0 1 0 1 0 1 0 1 0 1 0 1 0 1 0 1 0 1 0 1 0 1 0 0 0 1 1 1 0 1 0 1 0 1 1 1 0 1 0 1 1 1 1 1 0 1 0 
#3478164(div: 0) 3584014(div: 1) 
1 1 5 17 
#c 1 1 1 1 1 1 0 1 0 1 0 1 1 1 1 1 0 1 0 1 0 1 0 1 0 1 0 1 0 1 0 1 0 1 0 1 0 1 0 1 0 0 0 1 1 1 0 1 0 1 0 1 1 1 0 1 0 1 1 1 1 1 0 1 0 
#3478164(div: 0) 3584014(div: 1) 
1 1 5 33 
#c 1 1 1 1 1 1 0 1 0 1 0 1 1 1 1 1 0 1 0 1 0 1 0 1 0 1 0 1 0 1 0 1 0 1 0 1 0 1 0 1 0 0 0 1 1 1 0 1 0 1 0 1 1 1 0 1 0 1 1 1 1 1 0 1 0 
#3478164(div: 0) 3584014(div: 1) 
1 1 5 27 
#c 1 1 1 1 1 0 0 1 0 1 0 1 1 1 1 1 0 1 0 1 0 1 0 1 0 1 0 1 0 1 0 1 0 1 0 1 0 1 0 1 0 0 0 1 1 1 0 1 0 1 0 1 1 1 0 1 0 1 1 1 1 1 0 1 0 
#3528579(div: 0) 3533599(div: 1) 
26 39 5 6 8 10 16 18 20 22 24 26 28 30 32 34 36 38 40 41 42 46 48 50 54 56 62 64 0 1 2 3 4 7 9 11 12 13 14 15 17 19 21 23 25 27 29 31 33 35 37 39 43 44 45 47 49 51 52 53 55 57 58 59 60 61 63 
#c 1 1 1 1 1 0 0 1 0 1 0 1 1 1 1 1 0 1 0 1 0 1 0 1 0 1 0 1 0 1 0 1 0 1 0 1 0 1 0 1 0 0 0 1 1 1 0 1 0 1 0 1 1 1 0 1 0 1 1 1 1 1 0 1 0 
#3528579(div: 0) 3533599(div: 1) 
1 1 33 49 
#c 1 1 1 1 1 0 0 1 0 1 0 1 1 1 1 1 0 1 0 1 0 1 0 1 0 1 0 1 0 1 0 1 0 1 0 1 0 1 0 1 0 0 0 1 1 1 0 1 0 1 0 1 1 1 0 1 0 1 1 1 1 1 0 1 0 
#3528579(div: 0) 3533599(div: 1) 
1 1 33 37 
#c 1 1 1 1 1 0 0 1 0 1 0 1 1 1 1 1 0 1 0 1 0 1 0 1 0 1 0 1 0 1 0 1 0 1 0 1 0 1 0 1 0 0 0 1 1 1 0 1 0 1 0 1 1 1 0 1 0 1 1 1 1 1 0 1 0 
#3528579(div: 0) 3533599(div: 1) 
1 1 37 58 
#c 1 1 1 1 1 0 0 1 0 1 0 1 1 1 1 1 0 1 0 1 0 1 0 1 0 1 0 1 0 1 0 1 0 1 0 1 0 0 0 1 0 0 0 1 1 1 0 1 0 1 0 1 1 1 0 1 0 1 1 1 1 1 0 1 0 
#3535752(div: 0) 3526426(div: 1) 
27 38 5 6 8 10 16 18 20 22 24 26 28 30 32 34 36 37 38 40 41 42 46 48 50 54 56 62 64 0 1 2 3 4 7 9 11 12 13 14 15 17 19 21 23 25 27 29 31 33 35 39 43 44 45 47 49 51 52 53 55 57 58 59 60 61 63 
#c 1 1 1 1 1 0 0 1 0 1 0 1 1 1 1 1 0 1 0 1 0 1 0 1 0 1 0 1 0 1 0 1 0 1 0 1 0 0 0 1 0 0 0 1 1 1 0 1 0 1 0 1 1 1 0 1 0 1 1 1 1 1 0 1 0 
#3535752(div: 0) 3526426(div: 1) 
1 1 24 40 
#c 1 1 1 1 1 0 0 1 0 1 0 1 1 1 1 1 0 1 0 1 0 1 0 1 0 1 0 1 0 1 0 1 0 1 0 1 0 0 0 1 0 0 0 1 1 1 0 1 0 1 0 1 1 1 0 1 0 1 1 1 1 1 0 1 0 
#3535752(div: 0) 3526426(div: 1) 
1 1 32 40 
#c 1 1 1 1 1 0 0 1 0 1 0 1 1 1 1 1 0 1 0 1 0 1 0 1 0 1 0 1 0 1 0 1 0 1 0 1 0 0 0 1 0 0 0 1 1 1 0 1 0 1 0 1 1 1 0 1 0 1 1 1 1 1 0 1 0 
#3535752(div: 0) 3526426(div: 1) 
1 1 26 40 
#c 1 1 1 1 1 0 0 1 0 1 0 1 1 1 1 1 0 1 0 1 0 1 0 1 0 1 0 1 0 1 0 1 0 1 0 1 0 0 0 1 1 0 0 1 1 1 0 1 0 1 0 1 1 1 0 1 0 1 1 1 1 1 0 1 0 
#3515939(div: 0) 3546239(div: 1) 
26 39 5 6 8 10 16 18 20 22 24 26 28 30 32 34 36 37 38 41 42 46 48 50 54 56 62 64 0 1 2 3 4 7 9 11 12 13 14 15 17 19 21 23 25 27 29 31 33 35 39 40 43 44 45 47 49 51 52 53 55 57 58 59 60 61 63 
#c 1 1 1 1 1 0 0 1 0 1 0 1 1 1 1 1 0 1 0 1 0 1 0 1 0 1 0 1 0 1 0 1 0 1 0 1 0 0 0 1 1 0 0 1 1 1 0 1 0 1 0 1 1 1 0 1 0 1 1 1 1 1 0 1 0 
#3515939(div: 0) 3546239(div: 1) 
1 1 39 59 
#c 1 1 1 1 1 0 0 1 0 1 0 1 1 1 1 1 0 1 0 1 0 1 0 1 0 1 0 1 0 1 0 1 0 1 0 1 0 0 0 1 1 0 0 1 1 1 0 1 0 1 0 1 1 1 0 1 0 1 1 1 1 1 0 1 0 
#3515939(div: 0) 3546239(div: 1) 
1 1 39 43 
#c 1 1 1 1 1 0 0 1 0 1 0 1 1 1 1 1 0 1 0 1 0 1 0 1 0 1 0 1 0 1 0 1 0 1 0 1 0 0 0 1 1 0 0 1 1 1 0 1 0 1 0 1 1 1 0 1 0 1 1 1 1 1 0 1 0 
#3515939(div: 0) 3546239(div: 1) 
1 1 39 40 
#c 1 1 1 1 1 0 0 1 0 1 0 1 1 1 1 1 0 1 0 1 0 1 0 1 0 1 0 1 0 1 0 1 0 1 0 1 0 0 0 1 0 0 0 1 1 1 0 1 0 1 0 1 1 1 0 1 0 1 1 1 1 1 0 1 0 
#3535752(div: 0) 3526426(div: 1) 
27 38 5 6 8 10 16 18 20 22 24 26 28 30 32 34 36 37 38 40 41 42 46 48 50 54 56 62 64 0 1 2 3 4 7 9 11 12 13 14 15 17 19 21 23 25 27 29 31 33 35 39 43 44 45 47 49 51 52 53 55 57 58 59 60 61 63 
#c 1 1 1 1 1 0 0 1 0 1 0 1 1 1 1 1 0 1 0 1 0 1 0 1 0 1 0 1 0 1 0 1 0 1 0 1 0 0 0 1 0 0 0 1 1 1 0 1 0 1 0 1 1 1 0 1 0 1 1 1 1 1 0 1 0 
#3535752(div: 0) 3526426(div: 1) 
1 1 5 62 
#c 1 1 1 1 1 0 0 1 0 1 0 1 1 1 1 1 0 1 0 1 0 1 0 1 0 1 0 1 0 1 0 1 0 1 0 1 0 0 0 1 0 0 0 1 1 1 0 1 0 1 0 1 1 1 0 1 0 1 1 1 1 1 0 1 0 
#3535752(div: 0) 3526426(div: 1) 
1 1 5 32 
#c 1 1 1 1 1 0 0 1 0 1 0 1 1 1 1 1 0 1 0 1 0 1 0 1 0 1 0 1 0 1 0 1 0 1 0 1 0 0 0 1 0 0 0 1 1 1 0 1 0 1 0 1 1 1 0 1 0 1 1 1 1 1 0 1 0 
#3535752(div: 0) 3526426(div: 1) 
1 1 5 41 
#c 1 1 1 1 1 0 0 1 0 1 0 1 1 1 1 1 0 1 0 1 0 1 0 1 0 1 0 1 0 1 0 1 0 1 0 1 0 0 0 1 0 1 0 1 1 1 0 1 0 1 0 1 1 1 0 1 0 1 1 1 1 1 0 1 0 
#3533721(div: 0) 3528457(div: 1) 
26 39 5 6 8 10 16 18 20 22 24 26 28 30 32 34 36 37 38 40 42 46 48 50 54 56 62 64 0 1 2 3 4 7 9 11 12 13 14 15 17 19 21 23 25 27 29 31 33 35 39 41 43 44 45 47 49 51 52 53 55 57 58 59 60 61 63 
#c 1 1 1 1 1 0 0 1 0 1 0 1 1 1 1 1 0 1 0 1 0 1 0 1 0 1 0 1 0 1 0 1 0 1 0 1 0 0 0 1 0 1 0 1 1 1 0 1 0 1 0 1 1 1 0 1 0 1 1 1 1 1 0 1 0 
#3533721(div: 0) 3528457(div: 1) 
1 1 20 26 
#c 1 1 1 1 1 0 0 1 0 1 0 1 1 1 1 1 0 1 0 1 0 1 0 1 0 1 0 1 0 1 0 1 0 1 0 1 0 0 0 1 0 1 0 1 1 1 0 1 0 1 0 1 1 1 0 1 0 1 1 1 1 1 0 1 0 
#3533721(div: 0) 3528457(div: 1) 
1 1 20 37 
#c 1 1 1 1 1 0 0 1 0 1 0 1 1 1 1 1 0 1 0 1 0 1 0 1 0 1 0 1 0 1 0 1 0 1 0 1 0 0 0 1 0 1 0 1 1 1 0 1 0 1 0 1 1 1 0 1 0 1 1 1 1 1 0 1 0 
#3533721(div: 0) 3528457(div: 1) 
1 1 37 38 
#c 1 1 1 1 1 0 0 1 0 1 0 1 1 1 1 1 0 1 0 1 0 1 0 1 0 1 0 1 0 1 0 1 0 1 0 1 0 1 0 1 0 1 0 1 1 1 0 1 0 1 0 1 1 1 0 1 0 1 1 1 1 1 0 1 0 
#3526548(div: 0) 3535630(div: 1) 
25 40 5 6 8 10 16 18 20 22 24 26 28 30 32 34 36 38 40 42 46 48 50 54 56 62 64 0 1 2 3 4 7 9 11 12 13 14 15 17 19 21 23 25 27 29 31 33 35 37 39 41 43 44 45 47 49 51 52 53 55 57 58 59 60 61 63 
#c 1 1 1 1 1 0 0 1 0 1 0 1 1 1 1 1 0 1 0 1 0 1 0 1 0 1 0 1 0 1 0 1 0 1 0 1 0 1 0 1 0 1 0 1 1 1 0 1 0 1 0 1 1 1 0 1 0 1 1 1 1 1 0 1 0 
#3526548(div: 0) 3535630(div: 1) 
1 1 21 53 
#c 1 1 1 1 1 0 0 1 0 1 0 1 1 1 1 1 0 1 0 1 0 1 0 1 0 1 0 1 0 1 0 1 0 1 0 1 0 1 0 1 0 1 0 1 1 1 0 1 0 1 0 1 1 1 0 1 0 1 1 1 1 1 0 1 0 
#3526548(div: 0) 3535630(div: 1) 
1 1 21 43 
#c 1 1 1 1 1 0 0 1 0 1 0 1 1 1 1 1 0 1 0 1 0 1 0 1 0 1 0 1 0 1 0 1 0 1 0 1 0 1 0 1 0 1 0 1 1 1 0 1 0 1 0 1 1 1 0 1 0 1 1 1 1 1 0 1 0 
#3526548(div: 0) 3535630(div: 1) 
1 1 21 31 
#c 1 1 1 1 1 0 0 1 0 1 0 1 1 1 1 1 0 1 0 1 0 1 0 1 0 1 0 1 0 1 0 0 0 1 0 1 0 1 0 1 0 1 0 1 1 1 0 1 0 1 0 1 1 1 0 1 0 1 1 1 1 1 0 1 0 
#3527795(div: 0) 3534383(div: 1) 
26 39 5 6 8 10 16 18 20 22 24 26 28 30 31 32 34 36 38 40 42 46 48 50 54 56 62 64 0 1 2 3 4 7 9 11 12 13 14 15 17 19 21 23 25 27 29 33 35 37 39 41 43 44 45 47 49 51 52 53 55 57 58 59 60 61 63 
#c 1 1 1 1 1 0 0 1 0 1 0 1 1 1 1 1 0 1 0 1 0 1 0 1 0 1 0 1 0 1 0 0 0 1 0 1 0 1 0 1 0 1 0 1 1 1 0 1 0 1 0 1 1 1 0 1 0 1 1 1 1 1 0 1 0 
#3527795(div: 0) 3534383(div: 1) 
1 1 2 39 
#c 1 1 1 1 1 0 0 1 0 1 0 1 1 1 1 1 0 1 0 1 0 1 0 1 0 1 0 1 0 1 0 0 0 1 0 1 0 1 0 1 0 1 0 1 1 1 0 1 0 1 0 1 1 1 0 1 0 1 1 1 1 1 0 1 0 
#3527795(div: 0) 3534383(div: 1) 
1 1 2 9 
#c 1 1 1 1 1 0 0 1 0 1 0 1 1 1 1 1 0 1 0 1 0 1 0 1 0 1 0 1 0 1 0 0 0 1 0 1 0 1 0 1 0 1 0 1 1 1 0 1 0 1 0 1 1 1 0 1 0 1 1 1 1 1 0 1 0 
#3527795(div: 0) 3534383(div: 1) 
1 1 9 47 
#c 1 1 1 1 1 0 0 1 0 0 0 1 1 1 1 1 0 1 0 1 0 1 0 1 0 1 0 1 0 1 0 0 0 1 0 1 0 1 0 1 0 1 0 1 1 1 0 1 0 1 0 1 1 1 0 1 0 1 1 1 1 1 0 1 0 
#3531175(div: 0) 3531003(div: 1) 
27 38 5 6 8 9 10 16 18 20 22 24 26 28 30 31 32 34 36 38 40 42 46 48 50 54 56 62 64 0 1 2 3 4 7 11 12 13 14 15 17 19 21 23 25 27 29 33 35 37 39 41 43 44 45 47 49 51 52 53 55 57 58 59 60 61 63 
#c 1 1 1 1 1 0 0 1 0 0 0 1 1 1 1 1 0 1 0 1 0 1 0 1 0 1 0 1 0 1 0 0 0 1 0 1 0 1 0 1 0 1 0 1 1 1 0 1 0 1 0 1 1 1 0 1 0 1 1 1 1 1 0 1 0 
#3531175(div: 0) 3531003(div: 1) 
1 1 20 48 
#c 1 1 1 1 1 0 0 1 0 0 0 1 1 1 1 1 0 1 0 1 0 1 0 1 0 1 0 1 0 1 0 0 0 1 0 1 0 1 0 1 0 1 0 1 1 1 0 1 0 1 0 1 1 1 0 1 0 1 1 1 1 1 0 1 0 
#3531175(div: 0) 3531003(div: 1) 
1 1 16 48 
#c 1 1 1 1 1 0 0 1 0 0 0 1 1 1 1 1 0 1 0 1 0 1 0 1 0 1 0 1 0 1 0 0 0 1 0 1 0 1 0 1 0 1 0 1 1 1 0 1 0 1 0 1 1 1 0 1 0 1 1 1 1 1 0 1 0 
#3531175(div: 0) 3531003(div: 1) 
1 1 10 48 
#c 1 1 1 1 1 0 0 1 0 0 0 1 1 1 1 1 0 1 0 1 0 1 0 1 0 1 0 1 0 1 0 0 0 1 0 1 0 1 0 1 0 1 0 1 1 1 0 1 1 1 0 1 1 1 0 1 0 1 1 1 1 1 0 1 0 
#3518009(div: 0) 3544169(div: 1) 
26 39 5 6 8 9 10 16 18 20 22 24 26 28 30 31 32 34 36 38 40 42 46 50 54 56 62 64 0 1 2 3 4 7 11 12 13 14 15 17 19 21 23 25 27 29 33 35 37 39 41 43 44 45 47 48 49 51 52 53 55 57 58 59 60 61 63 
#c 1 1 1 1 1 0 0 1 0 0 0 1 1 1 1 1 0 1 0 1 0 1 0 1 0 1 0 1 0 1 0 0 0 1 0 1 0 1 0 1 0 1 0 1 1 1 0 1 1 1 0 1 1 1 0 1 0 1 1 1 1 1 0 1 0 
#3518009(div: 0) 3544169(div: 1) 
1 1 4 33 
#c 1 1 1 1 1 0 0 1 0 0 0 1 1 1 1 1 0 1 0 1 0 1 0 1 0 1 0 1 0 1 0 0 0 1 0 1 0 1 0 1 0 1 0 1 1 1 0 1 1 1 0 1 1 1 0 1 0 1 1 1 1 1 0 1 0 
#3518009(div: 0) 3544169(div: 1) 
1 1 4 21 
#c 1 1 1 1 1 0 0 1 0 0 0 1 1 1 1 1 0 1 0 1 0 1 0 1 0 1 0 1 0 1 0 0 0 1 0 1 0 1 0 1 0 1 0 1 1 1 0 1 1 1 0 1 1 1 0 1 0 1 1 1 1 1 0 1 0 
#3518009(div: 0) 3544169(div: 1) 
1 1 4 44 
#c 1 1 1 1 0 0 0 1 0 0 0 1 1 1 1 1 0 1 0 1 0 1 0 1 0 1 0 1 0 1 0 0 0 1 0 1 0 1 0 1 0 1 0 1 1 1 0 1 1 1 0 1 1 1 0 1 0 1 1 1 1 1 0 1 0 
#3535699(div: 0) 3526479(div: 1) 
27 38 4 5 6 8 9 10 16 18 20 22 24 26 28 30 31 32 34 36 38 40 42 46 50 54 56 62 64 0 1 2 3 7 11 12 13 14 15 17 19 21 23 25 27 29 33 35 37 39 41 43 44 45 47 48 49 51 52 53 55 57 58 59 60 61 63 
#c 1 1 1 1 0 0 0 1 0 0 0 1 1 1 1 1 0 1 0 1 0 1 0 1 0 1 0 1 0 1 0 0 0 1 0 1 0 1 0 1 0 1 0 1 1 1 0 1 1 1 0 1 1 1 0 1 0 1 1 1 1 1 0 1 0 
#3535699(div: 0) 3526479(div: 1) 
1 1 8 50 
#c 1 1 1 1 0 0 0 1 0 0 0 1 1 1 1 1 0 1 0 1 0 1 0 1 0 1 0 1 0 1 0 0 0 1 0 1 0 1 0 1 0 1 0 1 1 1 0 1 1 1 0 1 1 1 0 1 0 1 1 1 1 1 0 1 0 
#3535699(div: 0) 3526479(div: 1) 
1 1 50 64 
#c 1 1 1 1 0 0 0 1 0 0 0 1 1 1 1 1 0 1 0 1 0 1 0 1 0 1 0 1 0 1 0 0 0 1 0 1 0 1 0 1 0 1 0 1 1 1 0 1 1 1 0 1 1 1 0 1 0 1 1 1 1 1 0 1 0 
#3535699(div: 0) 3526479(div: 1) 
1 1 5 50 
#c 1 1 1 1 0 0 0 1 0 0 0 1 1 1 1 1 0 1 0 1 0 1 0 1 0 1 0 1 0 1 0 0 0 1 0 1 0 1 0 1 0 1 0 1 1 1 0 1 1 1 1 1 1 1 0 1 0 1 1 1 1 1 0 1 0 
#3505294(div: 0) 3556884(div: 1) 
26 39 4 5 6 8 9 10 16 18 20 22 24 26 28 30 31 32 34 36 38 40 42 46 54 56 62 64 0 1 2 3 7 11 12 13 14 15 17 19 21 23 25 27 29 33 35 37 39 41 43 44 45 47 48 49 50 51 52 53 55 57 58 59 60 61 63 
#c 1 1 1 1 0 0 0 1 0 0 0 1 1 1 1 1 0 1 0 1 0 1 0 1 0 1 0 1 0 1 0 0 0 1 0 1 0 1 0 1 0 1 0 1 1 1 0 1 1 1 1 1 1 1 0 1 0 1 1 1 1 1 0 1 0 
#3505294(div: 0) 3556884(div: 1) 
1 1 29 57 
#c 1 1 1 1 0 0 0 1 0 0 0 1 1 1 1 1 0 1 0 1 0 1 0 1 0 1 0 1 0 1 0 0 0 1 0 1 0 1 0 1 0 1 0 1 1 1 0 1 1 1 1 1 1 1 0 1 0 1 1 1 1 1 0 1 0 
#3505294(div: 0) 3556884(div: 1) 
1 1 13 57 
#c 1 1 1 1 0 0 0 1 0 0 0 1 1 1 1 1 0 1 0 1 0 1 0 1 0 1 0 1 0 1 0 0 0 1 0 1 0 1 0 1 0 1 0 1 1 1 0 1 1 1 1 1 1 1 0 1 0 1 1 1 1 1 0 1 0 
#3505294(div: 0) 3556884(div: 1) 
1 1 13 39 
#c 1 1 1 1 0 0 0 1 0 0 0 1 1 0 1 1 0 1 0 1 0 1 0 1 0 1 0 1 0 1 0 0 0 1 0 1 0 1 0 1 0 1 0 1 1 1 0 1 1 1 1 1 1 1 0 1 0 1 1 1 1 1 0 1 0 
#3549328(div: 0) 3512850(div: 1) 
27 38 4 5 6 8 9 10 13 16 18 20 22 24 26 28 30 31 32 34 36 38 40 42 46 54 56 62 64 0 1 2 3 7 11 12 14 15 17 19 21 23 25 27 29 33 35 37 39 41 43 44 45 47 48 49 50 51 52 53 55 57 58 59 60 61 63 
#c 1 1 1 1 0 0 0 1 0 0 0 1 1 0 1 1 0 1 0 1 0 1 0 1 0 1 0 1 0 1 0 0 0 1 0 1 0 1 0 1 0 1 0 1 1 1 0 1 1 1 1 1 1 1 0 1 0 1 1 1 1 1 0 1 0 
#3549328(div: 0) 3512850(div: 1) 
1 1 26 30 
#c 1 1 1 1 0 0 0 1 0 0 0 1 1 0 1 1 0 1 0 1 0 1 0 1 0 1 0 1 0 1 0 0 0 1 0 1 0 1 0 1 0 1 0 1 1 1 0 1 1 1 1 1 1 1 0 1 0 1 1 1 1 1 0 1 0 
#3549328(div: 0) 3512850(div: 1) 
1 1 20 30 
#c 1 1 1 1 0 0 0 1 0 0 0 1 1 0 1 1 0 1 0 1 0 1 0 1 0 1 0 1 0 1 0 0 0 1 0 1 0 1 0 1 0 1 0 1 1 1 0 1 1 1 1 1 1 1 0 1 0 1 1 1 1 1 0 1 0 
#3549328(div: 0) 3512850(div: 1) 
1 1 10 20 
#c 1 1 1 1 0 0 0 1 0 0 0 1 1 0 1 1 0 1 0 1 1 1 0 1 0 1 0 1 0 1 0 0 0 1 0 1 0 1 0 1 0 1 0 1 1 1 0 1 1 1 1 1 1 1 0 1 0 1 1 1 1 1 0 1 0 
#3404313(div: 0) 3657865(div: 1) 
26 39 4 5 6 8 9 10 13 16 18 22 24 26 28 30 31 32 34 36 38 40 42 46 54 56 62 64 0 1 2 3 7 11 12 14 15 17 19 20 21 23 25 27 29 33 35 37 39 41 43 44 45 47 48 49 50 51 52 53 55 57 58 59 60 61 63 
#c 1 1 1 1 0 0 0 1 0 0 0 1 1 0 1 1 0 1 0 1 1 1 0 1 0 1 0 1 0 1 0 0 0 1 0 1 0 1 0 1 0 1 0 1 1 1 0 1 1 1 1 1 1 1 0 1 0 1 1 1 1 1 0 1 0 
#3404313(div: 0) 3657865(div: 1) 
1 1 12 39 
#c 1 1 1 1 0 0 0 1 0 0 0 1 1 0 1 1 0 1 0 1 1 1 0 1 0 1 0 1 0 1 0 0 0 1 0 1 0 1 0 1 0 1 0 1 1 1 0 1 1 1 1 1 1 1 0 1 0 1 1 1 1 1 0 1 0 
#3404313(div: 0) 3657865(div: 1) 
1 1 12 45 
#c 1 1 1 1 0 0 0 1 0 0 0 1 1 0 1 1 0 1 0 1 1 1 0 1 0 1 0 1 0 1 0 0 0 1 0 1 0 1 0 1 0 1 0 1 1 1 0 1 1 1 1 1 1 1 0 1 0 1 1 1 1 1 0 1 0 
#3404313(div: 0) 3657865(div: 1) 
1 1 12 55 
#c 1 1 1 1 0 0 0 1 0 0 0 1 0 0 1 1 0 1 0 1 1 1 0 1 0 1 0 1 0 1 0 0 0 1 0 1 0 1 0 1 0 1 0 1 1 1 0 1 1 1 1 1 1 1 0 1 0 1 1 1 1 1 0 1 0 
#3407028(div: 0) 3655150(div: 1) 
27 38 4 5 6 8 9 10 12 13 16 18 22 24 26 28 30 31 32 34 36 38 40 42 46 54 56 62 64 0 1 2 3 7 11 14 15 17 19 20 21 23 25 27 29 33 35 37 39 41 43 44 45 47 48 49 50 51 52 53 55 57 58 59 60 61 63 
#c 1 1 1 1 0 0 0 1 0 0 0 1 0 0 1 1 0 1 0 1 1 1 0 1 0 1 0 1 0 1 0 0 0 1 0 1 0 1 0 1 0 1 0 1 1 1 0 1 1 1 1 1 1 1 0 1 0 1 1 1 1 1 0 1 0 
#3407028(div: 0) 3655150(div: 1) 
1 1 1 23 
#c 1 1 1 1 0 0 0 1 0 0 0 1 0 0 1 1 0 1 0 1 1 1 0 1 0 1 0 1 0 1 0 0 0 1 0 1 0 1 0 1 0 1 0 1 1 1 0 1 1 1 1 1 1 1 0 1 0 1 1 1 1 1 0 1 0 
#3407028(div: 0) 3655150(div: 1) 
1 1 1 19 
#c 1 1 1 1 0 0 0 1 0 0 0 1 0 0 1 1 0 1 0 1 1 1 0 1 0 1 0 1 0 1 0 0 0 1 0 1 0 1 0 1 0 1 0 1 1 1 0 1 1 1 1 1 1 1 0 1 0 1 1 1 1 1 0 1 0 
#3407028(div: 0) 3655150(div: 1) 
1 1 1 47 
#c 1 0 1 1 0 0 0 1 0 0 0 1 0 0 1 1 0 1 0 1 1 1 0 1 0 1 0 1 0 1 0 0 0 1 0 1 0 1 0 1 0 1 0 1 1 1 0 1 1 1 1 1 1 1 0 1 0 1 1 1 1 1 0 1 0 
#3413359(div: 0) 3648819(div: 1) 
28 37 1 4 5 6 8 9 10 12 13 16 18 22 24 26 28 30 31 32 34 36 38 40 42 46 54 56 62 64 0 2 3 7 11 14 15 17 19 20 21 23 25 27 29 33 35 37 39 41 43 44 45 47 48 49 50 51 52 53 55 57 58 59 60 61 63 
#c 1 0 1 1 0 0 0 1 0 0 0 1 0 0 1 1 0 1 0 1 1 1 0 1 0 1 0 1 0 1 0 0 0 1 0 1 0 1 0 1 0 1 0 1 1 1 0 1 1 1 1 1 1 1 0 1 0 1 1 1 1 1 0 1 0 
#3413359(div: 0) 3648819(div: 1) 
1 1 3 60 
#c 1 0 1 1 0 0 0 1 0 0 0 1 0 0 1 1 0 1 0 1 1 1 0 1 0 1 0 1 0 1 0 0 0 1 0 1 0 1 0 1 0 1 0 1 1 1 0 1 1 1 1 1 1 1 0 1 0 1 1 1 1 1 0 1 0 
#3413359(div: 0) 3648819(div: 1) 
1 1 3 33 
#c 1 0 1 1 0 0 0 1 0 0 0 1 0 0 1 1 0 1 0 1 1 1 0 1 0 1 0 1 0 1 0 0 0 1 0 1 0 1 0 1 0 1 0 1 1 1 0 1 1 1 1 1 1 1 0 1 0 1 1 1 1 1 0 1 0 
#3413359(div: 0) 3648819(div: 1) 
1 1 3 19 
#c 1 0 1 0 0 0 0 1 0 0 0 1 0 0 1 1 0 1 0 1 1 1 0 1 0 1 0 1 0 1 0 0 0 1 0 1 0 1 0 1 0 1 0 1 1 1 0 1 1 1 1 1 1 1 0 1 0 1 1 1 1 1 0 1 0 
#3421138(div: 0) 3641040(div: 1) 
29 36 1 3 4 5 6 8 9 10 12 13 16 18 22 24 26 28 30 31 32 34 36 38 40 42 46 54 56 62 64 0 2 7 11 14 15 17 19 20 21 23 25 27 29 33 35 37 39 41 43 44 45 47 48 49 50 51 52 53 55 57 58 59 60 61 63 
#c 1 0 1 0 0 0 0 1 0 0 0 1 0 0 1 1 0 1 0 1 1 1 0 1 0 1 0 1 0 1 0 0 0 1 0 1 0 1 0 1 0 1 0 1 1 1 0 1 1 1 1 1 1 1 0 1 0 1 1 1 1 1 0 1 0 
#3421138(div: 0) 3641040(div: 1) 
1 1 11 35 
#c 1 0 1 0 0 0 0 1 0 0 0 1 0 0 1 1 0 1 0 1 1 1 0 1 0 1 0 1 0 1 0 0 0 1 0 1 0 1 0 1 0 1 0 1 1 1 0 1 1 1 1 1 1 1 0 1 0 1 1 1 1 1 0 1 0 
#3421138(div: 0) 3641040(div: 1) 
1 1 11 59 
#c 1 0 1 0 0 0 0 1 0 0 0 1 0 0 1 1 0 1 0 1 1 1 0 1 0 1 0 1 0 1 0 0 0 1 0 1 0 1 0 1 0 1 0 1 1 1 0 1 1 1 1 1 1 1 0 1 0 1 1 1 1 1 0 1 0 
#3421138(div: 0) 3641040(div: 1) 
1 1 11 25 
#c 1 0 1 0 0 0 0 1 0 0 0 1 0 0 1 1 0 1 0 1 1 1 0 1 0 0 0 1 0 1 0 0 0 1 0 1 0 1 0 1 0 1 0 1 1 1 0 1 1 1 1 1 1 1 0 1 0 1 1 1 1 1 0 1 0 
#3457832(div: 0) 3604346(div: 1) 
30 35 1 3 4 5 6 8 9 10 12 13 16 18 22 24 25 26 28 30 31 32 34 36 38 40 42 46 54 56 62 64 0 2 7 11 14 15 17 19 20 21 23 27 29 33 35 37 39 41 43 44 45 47 48 49 50 51 52 53 55 57 58 59 60 61 63 
#c 1 0 1 0 0 0 0 1 0 0 0 1 0 0 1 1 0 1 0 1 1 1 0 1 0 0 0 1 0 1 0 0 0 1 0 1 0 1 0 1 0 1 0 1 1 1 0 1 1 1 1 1 1 1 0 1 0 1 1 1 1 1 0 1 0 
#3457832(div: 0) 3604346(div: 1) 
1 1 19 50 
#c 1 0 1 0 0 0 0 1 0 0 0 1 0 0 1 1 0 1 0 1 1 1 0 1 0 0 0 1 0 1 0 0 0 1 0 1 0 1 0 1 0 1 0 1 1 1 0 1 1 1 1 1 1 1 0 1 0 1 1 1 1 1 0 1 0 
#3457832(div: 0) 3604346(div: 1) 
1 1 43 50 
#c 1 0 1 0 0 0 0 1 0 0 0 1 0 0 1 1 0 1 0 1 1 1 0 1 0 0 0 1 0 1 0 0 0 1 0 1 0 1 0 1 0 1 0 1 1 1 0 1 1 1 1 1 1 1 0 1 0 1 1 1 1 1 0 1 0 
#3457832(div: 0) 3604346(div: 1) 
1 1 23 50 
#c 1 0 1 0 0 0 0 1 0 0 0 1 0 0 1 1 0 1 0 1 1 1 0 1 0 0 0 1 0 1 0 0 0 1 0 1 0 1 0 1 0 1 0 1 1 1 0 1 1 1 0 1 1 1 0 1 0 1 1 1 1 1 0 1 0 
#3488237(div: 0) 3573941(div: 1) 
31 34 1 3 4 5 6 8 9 10 12 13 16 18 22 24 25 26 28 30 31 32 34 36 38 40 42 46 50 54 56 62 64 0 2 7 11 14 15 17 19 20 21 23 27 29 33 35 37 39 41 43 44 45 47 48 49 51 52 53 55 57 58 59 60 61 63 
#c 1 0 1 0 0 0 0 1 0 0 0 1 0 0 1 1 0 1 0 1 1 1 0 1 0 0 0 1 0 1 0 0 0 1 0 1 0 1 0 1 0 1 0 1 1 1 0 1 1 1 0 1 1 1 0 1 0 1 1 1 1 1 0 1 0 
#3488237(div: 0) 3573941(div: 1) 
1 1 15 23 
#c 1 0 1 0 0 0 0 1 0 0 0 1 0 0 1 1 0 1 0 1 1 1 0 1 0 0 0 1 0 1 0 0 0 1 0 1 0 1 0 1 0 1 0 1 1 1 0 1 1 1 0 1 1 1 0 1 0 1 1 1 1 1 0 1 0 
#3488237(div: 0) 3573941(div: 1) 
1 1 17 23 
#c 1 0 1 0 0 0 0 1 0 0 0 1 0 0 1 1 0 1 0 1 1 1 0 1 0 0 0 1 0 1 0 0 0 1 0 1 0 1 0 1 0 1 0 1 1 1 0 1 1 1 0 1 1 1 0 1 0 1 1 1 1 1 0 1 0 
#3488237(div: 0) 3573941(div: 1) 
1 1 23 27 
#c 1 0 1 0 0 0 0 1 0 0 0 1 0 0 1 1 0 1 0 1 1 1 0 0 0 0 0 1 0 1 0 0 0 1 0 1 0 1 0 1 0 1 0 1 1 1 0 1 1 1 0 1 1 1 0 1 0 1 1 1 1 1 0 1 0 
#3545567(div: 0) 3516611(div: 1) 
32 33 1 3 4 5 6 8 9 10 12 13 16 18 22 23 24 25 26 28 30 31 32 34 36 38 40 42 46 50 54 56 62 64 0 2 7 11 14 15 17 19 20 21 27 29 33 35 37 39 41 43 44 45 47 48 49 51 52 53 55 57 58 59 60 61 63 
#c 1 0 1 0 0 0 0 1 0 0 0 1 0 0 1 1 0 1 0 1 1 1 0 0 0 0 0 1 0 1 0 0 0 1 0 1 0 1 0 1 0 1 0 1 1 1 0 1 1 1 0 1 1 1 0 1 0 1 1 1 1 1 0 1 0 
#3545567(div: 0) 3516611(div: 1) 
1 1 3 24 
#c 1 0 1 0 0 0 0 1 0 0 0 1 0 0 1 1 0 1 0 1 1 1 0 0 0 0 0 1 0 1 0 0 0 1 0 1 0 1 0 1 0 1 0 1 1 1 0 1 1 1 0 1 1 1 0 1 0 1 1 1 1 1 0 1 0 
#3545567(div: 0) 3516611(div: 1) 
1 1 3 36 
#c 1 0 1 0 0 0 0 1 0 0 0 1 0 0 1 1 0 1 0 1 1 1 0 0 0 0 0 1 0 1 0 0 0 1 0 1 0 1 0 1 0 1 0 1 1 1 0 1 1 1 0 1 1 1 0 1 0 1 1 1 1 1 0 1 0 
#3545567(div: 0) 3516611(div: 1) 
1 1 3 62 
#c 1 0 1 1 0 0 0 1 0 0 0 1 0 0 1 1 0 1 0 1 1 1 0 0 0 0 0 1 0 1 0 0 0 1 0 1 0 1 0 1 0 1 0 1 1 1 0 1 1 1 0 1 1 1 0 1 0 1 1 1 1 1 0 1 0 
#3537788(div: 0) 3524390(div: 1) 
31 34 1 4 5 6 8 9 10 12 13 16 18 22 23 24 25 26 28 30 31 32 34 36 38 40 42 46 50 54 56 62 64 0 2 3 7 11 14 15 17 19 20 21 27 29 33 35 37 39 41 43 44 45 47 48 49 51 52 53 55 57 58 59 60 61 63 
#c 1 0 1 1 0 0 0 1 0 0 0 1 0 0 1 1 0 1 0 1 1 1 0 0 0 0 0 1 0 1 0 0 0 1 0 1 0 1 0 1 0 1 0 1 1 1 0 1 1 1 0 1 1 1 0 1 0 1 1 1 1 1 0 1 0 
#3537788(div: 0) 3524390(div: 1) 
1 1 12 30 
#c 1 0 1 1 0 0 0 1 0 0 0 1 0 0 1 1 0 1 0 1 1 1 0 0 0 0 0 1 0 1 0 0 0 1 0 1 0 1 0 1 0 1 0 1 1 1 0 1 1 1 0 1 1 1 0 1 0 1 1 1 1 1 0 1 0 
#3537788(div: 0) 3524390(div: 1) 
1 1 12 40 
#c 1 0 1 1 0 0 0 1 0 0 0 1 0 0 1 1 0 1 0 1 1 1 0 0 0 0 0 1 0 1 0 0 0 1 0 1 0 1 0 1 0 1 0 1 1 1 0 1 1 1 0 1 1 1 0 1 0 1 1 1 1 1 0 1 0 
#3537788(div: 0) 3524390(div: 1) 
1 1 12 38 
#c 1 0 1 1 0 0 0 1 0 0 0 1 1 0 1 1 0 1 0 1 1 1 0 0 0 0 0 1 0 1 0 0 0 1 0 1 0 1 0 1 0 1 0 1 1 1 0 1 1 1 0 1 1 1 0 1 0 1 1 1 1 1 0 1 0 
#3535073(div: 0) 3527105(div: 1) 
30 35 1 4 5 6 8 9 10 13 16 18 22 23 24 25 26 28 30 31 32 34 36 38 40 42 46 50 54 56 62 64 0 2 3 7 11 12 14 15 17 19 20 21 27 29 33 35 37 39 41 43 44 45 47 48 49 51 52 53 55 57 58 59 60 61 63 
#c 1 0 1 1 0 0 0 1 0 0 0 1 1 0 1 1 0 1 0 1 1 1 0 0 0 0 0 1 0 1 0 0 0 1 0 1 0 1 0 1 0 1 0 1 1 1 0 1 1 1 0 1 1 1 0 1 0 1 1 1 1 1 0 1 0 
#3535073(div: 0) 3527105(div: 1) 
1 1 10 16 
#c 1 0 1 1 0 0 0 1 0 0 0 1 1 0 1 1 0 1 0 1 1 1 0 0 0 0 0 1 0 1 0 0 0 1 0 1 0 1 0 1 0 1 0 1 1 1 0 1 1 1 0 1 1 1 0 1 0 1 1 1 1 1 0 1 0 
#3535073(div: 0) 3527105(div: 1) 
1 1 10 64 
#c 1 0 1 1 0 0 0 1 0 0 0 1 1 0 1 1 0 1 0 1 1 1 0 0 0 0 0 1 0 1 0 0 0 1 0 1 0 1 0 1 0 1 0 1 1 1 0 1 1 1 0 1 1 1 0 1 0 1 1 1 1 1 0 1 0 
#3535073(div: 0) 3527105(div: 1) 
1 1 50 64 
#c 1 0 1 1 0 0 0 1 0 0 0 1 1 0 1 1 0 1 0 1 1 1 0 0 0 0 0 1 0 1 0 0 0 1 0 1 0 1 0 1 0 1 0 1 1 1 0 1 1 1 1 1 1 1 0 1 0 1 1 1 1 1 0 1 0 
#3504668(div: 0) 3557510(div: 1) 
29 36 1 4 5 6 8 9 10 13 16 18 22 23 24 25 26 28 30 31 32 34 36 38 40 42 46 54 56 62 64 0 2 3 7 11 12 14 15 17 19 20 21 27 29 33 35 37 39 41 43 44 45 47 48 49 50 51 52 53 55 57 58 59 60 61 63 
#c 1 0 1 1 0 0 0 1 0 0 0 1 1 0 1 1 0 1 0 1 1 1 0 0 0 0 0 1 0 1 0 0 0 1 0 1 0 1 0 1 0 1 0 1 1 1 0 1 1 1 1 1 1 1 0 1 0 1 1 1 1 1 0 1 0 
#3504668(div: 0) 3557510(div: 1) 
1 1 17 47 
#c 1 0 1 1 0 0 0 1 0 0 0 1 1 0 1 1 0 1 0 1 1 1 0 0 0 0 0 1 0 1 0 0 0 1 0 1 0 1 0 1 0 1 0 1 1 1 0 1 1 1 1 1 1 1 0 1 0 1 1 1 1 1 0 1 0 
#3504668(div: 0) 3557510(div: 1) 
1 1 47 48 
#c 1 0 1 1 0 0 0 1 0 0 0 1 1 0 1 1 0 1 0 1 1 1 0 0 0 0 0 1 0 1 0 0 0 1 0 1 0 1 0 1 0 1 0 1 1 1 0 1 1 1 1 1 1 1 0 1 0 1 1 1 1 1 0 1 0 
#3504668(div: 0) 3557510(div: 1) 
1 1 0 48 
#c 1 0 1 1 0 0 0 1 0 0 0 1 1 0 1 1 0 1 0 1 1 1 0 0 0 0 0 1 0 1 0 0 0 1 0 1 0 1 0 1 0 1 0 1 1 1 0 1 0 1 1 1 1 1 0 1 0 1 1 1 1 1 0 1 0 
#3517834(div: 0) 3544344(div: 1) 
30 35 1 4 5 6 8 9 10 13 16 18 22 23 24 25 26 28 30 31 32 34 36 38 40 42 46 48 54 56 62 64 0 2 3 7 11 12 14 15 17 19 20 21 27 29 33 35 37 39 41 43 44 45 47 49 50 51 52 53 55 57 58 59 60 61 63 
#c 1 0 1 1 0 0 0 1 0 0 0 1 1 0 1 1 0 1 0 1 1 1 0 0 0 0 0 1 0 1 0 0 0 1 0 1 0 1 0 1 0 1 0 1 1 1 0 1 0 1 1 1 1 1 0 1 0 1 1 1 1 1 0 1 0 
#3517834(div: 0) 3544344(div: 1) 
1 1 0 29 
#c 1 0 1 1 0 0 0 1 0 0 0 1 1 0 1 1 0 1 0 1 1 1 0 0 0 0 0 1 0 1 0 0 0 1 0 1 0 1 0 1 0 1 0 1 1 1 0 1 0 1 1 1 1 1 0 1 0 1 1 1 1 1 0 1 0 
#3517834(div: 0) 3544344(div: 1) 
1 1 0 61 
#c 1 0 1 1 0 0 0 1 0 0 0 1 1 0 1 1 0 1 0 1 1 1 0 0 0 0 0 1 0 1 0 0 0 1 0 1 0 1 0 1 0 1 0 1 1 1 0 1 0 1 1 1 1 1 0 1 0 1 1 1 1 1 0 1 0 
#3517834(div: 0) 3544344(div: 1) 
1 1 43 61 
#c 1 0 1 1 0 0 0 1 0 0 0 1 1 0 1 1 0 1 0 1 1 1 0 0 0 0 0 1 0 1 0 0 0 1 0 1 0 1 0 1 0 1 0 1 1 1 0 1 0 1 1 1 1 1 0 1 0 1 1 1 1 0 0 1 0 
#3562646(div: 0) 3499532(div: 1) 
31 34 1 4 5 6 8 9 10 13 16 18 22 23 24 25 26 28 30 31 32 34 36 38 40 42 46 48 54 56 61 62 64 0 2 3 7 11 12 14 15 17 19 20 21 27 29 33 35 37 39 41 43 44 45 47 49 50 51 52 53 55 57 58 59 60 63 
#c 1 0 1 1 0 0 0 1 0 0 0 1 1 0 1 1 0 1 0 1 1 1 0 0 0 0 0 1 0 1 0 0 0 1 0 1 0 1 0 1 0 1 0 1 1 1 0 1 0 1 1 1 1 1 0 1 0 1 1 1 1 0 0 1 0 
#3562646(div: 0) 3499532(div: 1) 
1 1 5 31 
#c 1 0 1 1 0 0 0 1 0 0 0 1 1 0 1 1 0 1 0 1 1 1 0 0 0 0 0 1 0 1 0 0 0 1 0 1 0 1 0 1 0 1 0 1 1 1 0 1 0 1 1 1 1 1 0 1 0 1 1 1 1 0 0 1 0 
#3562646(div: 0) 3499532(div: 1) 
1 1 31 38 
#c 1 0 1 1 0 0 0 1 0 0 0 1 1 0 1 1 0 1 0 1 1 1 0 0 0 0 0 1 0 1 0 0 0 1 0 1 0 1 0 1 0 1 0 1 1 1 0 1 0 1 1 1 1 1 0 1 0 1 1 1 1 0 0 1 0 
#3562646(div: 0) 3499532(div: 1) 
1 1 31 64 
#c 1 0 1 1 0 0 0 1 0 0 0 1 1 0 1 1 0 1 0 1 1 1 0 0 0 0 0 1 0 1 0 1 0 1 0 1 0 1 0 1 0 1 0 1 1 1 0 1 0 1 1 1 1 1 0 1 0 1 1 1 1 0 0 1 0 
#3561399(div: 0) 3500779(div: 1) 
30 35 1 4 5 6 8 9 10 13 16 18 22 23 24 25 26 28 30 32 34 36 38 40 42 46 48 54 56 61 62 64 0 2 3 7 11 12 14 15 17 19 20 21 27 29 31 33 35 37 39 41 43 44 45 47 49 50 51 52 53 55 57 58 59 60 63 
#c 1 0 1 1 0 0 0 1 0 0 0 1 1 0 1 1 0 1 0 1 1 1 0 0 0 0 0 1 0 1 0 1 0 1 0 1 0 1 0 1 0 1 0 1 1 1 0 1 0 1 1 1 1 1 0 1 0 1 1 1 1 0 0 1 0 
#3561399(div: 0) 3500779(div: 1) 
1 1 4 56 
#c 1 0 1 1 0 0 0 1 0 0 0 1 1 0 1 1 0 1 0 1 1 1 0 0 0 0 0 1 0 1 0 1 0 1 0 1 0 1 0 1 0 1 0 1 1 1 0 1 0 1 1 1 1 1 0 1 0 1 1 1 1 0 0 1 0 
#3561399(div: 0) 3500779(div: 1) 
1 1 4 34 
#c 1 0 1 1 0 0 0 1 0 0 0 1 1 0 1 1 0 1 0 1 1 1 0 0 0 0 0 1 0 1 0 1 0 1 0 1 0 1 0 1 0 1 0 1 1 1 0 1 0 1 1 1 1 1 0 1 0 1 1 1 1 0 0 1 0 
#3561399(div: 0) 3500779(div: 1) 
1 1 4 18 
#c 1 0 1 1 1 0 0 1 0 0 0 1 1 0 1 1 0 1 0 1 1 1 0 0 0 0 0 1 0 1 0 1 0 1 0 1 0 1 0 1 0 1 0 1 1 1 0 1 0 1 1 1 1 1 0 1 0 1 1 1 1 0 0 1 0 
#3543709(div: 0) 3518469(div: 1) 
29 36 1 5 6 8 9 10 13 16 18 22 23 24 25 26 28 30 32 34 36 38 40 42 46 48 54 56 61 62 64 0 2 3 4 7 11 12 14 15 17 19 20 21 27 29 31 33 35 37 39 41 43 44 45 47 49 50 51 52 53 55 57 58 59 60 63 
#c 1 0 1 1 1 0 0 1 0 0 0 1 1 0 1 1 0 1 0 1 1 1 0 0 0 0 0 1 0 1 0 1 0 1 0 1 0 1 0 1 0 1 0 1 1 1 0 1 0 1 1 1 1 1 0 1 0 1 1 1 1 0 0 1 0 
#3543709(div: 0) 3518469(div: 1) 
1 1 24 38 
#c 1 0 1 1 1 0 0 1 0 0 0 1 1 0 1 1 0 1 0 1 1 1 0 0 0 0 0 1 0 1 0 1 0 1 0 1 0 1 0 1 0 1 0 1 1 1 0 1 0 1 1 1 1 1 0 1 0 1 1 1 1 0 0 1 0 
#3543709(div: 0) 3518469(div: 1) 
1 1 24 25 
#c 1 0 1 1 1 0 0 1 0 0 0 1 1 0 1 1 0 1 0 1 1 1 0 0 0 0 0 1 0 1 0 1 0 1 0 1 0 1 0 1 0 1 0 1 1 1 0 1 0 1 1 1 1 1 0 1 0 1 1 1 1 0 0 1 0 
#3543709(div: 0) 3518469(div: 1) 
1 1 25 28 
#c 1 0 1 1 1 0 0 1 0 0 0 1 1 0 1 1 0 1 0 1 1 1 0 0 0 1 0 1 0 1 0 1 0 1 0 1 0 1 0 1 0 1 0 1 1 1 0 1 0 1 1 1 1 1 0 1 0 1 1 1 1 0 0 1 0 
#3507015(div: 0) 3555163(div: 1) 
28 37 1 5 6 8 9 10 13 16 18 22 23 24 26 28 30 32 34 36 38 40 42 46 48 54 56 61 62 64 0 2 3 4 7 11 12 14 15 17 19 20 21 25 27 29 31 33 35 37 39 41 43 44 45 47 49 50 51 52 53 55 57 58 59 60 63 
#c 1 0 1 1 1 0 0 1 0 0 0 1 1 0 1 1 0 1 0 1 1 1 0 0 0 1 0 1 0 1 0 1 0 1 0 1 0 1 0 1 0 1 0 1 1 1 0 1 0 1 1 1 1 1 0 1 0 1 1 1 1 0 0 1 0 
#3507015(div: 0) 3555163(div: 1) 
1 1 35 58 
#c 1 0 1 1 1 0 0 1 0 0 0 1 1 0 1 1 0 1 0 1 1 1 0 0 0 1 0 1 0 1 0 1 0 1 0 1 0 1 0 1 0 1 0 1 1 1 0 1 0 1 1 1 1 1 0 1 0 1 1 1 1 0 0 1 0 
#3507015(div: 0) 3555163(div: 1) 
1 1 43 58 
#c 1 0 1 1 1 0 0 1 0 0 0 1 1 0 1 1 0 1 0 1 1 1 0 0 0 1 0 1 0 1 0 1 0 1 0 1 0 1 0 1 0 1 0 1 1 1 0 1 0 1 1 1 1 1 0 1 0 1 1 1 1 0 0 1 0 
#3507015(div: 0) 3555163(div: 1) 
1 1 11 58 
#c 1 0 1 1 1 0 0 1 0 0 0 1 1 0 1 1 0 1 0 1 1 1 0 0 0 1 0 1 0 1 0 1 0 1 0 1 0 1 0 1 0 1 0 1 1 1 0 1 0 1 1 1 1 1 0 1 0 1 0 1 1 0 0 1 0 
#3522131(div: 0) 3540047(div: 1) 
29 36 1 5 6 8 9 10 13 16 18 22 23 24 26 28 30 32 34 36 38 40 42 46 48 54 56 58 61 62 64 0 2 3 4 7 11 12 14 15 17 19 20 21 25 27 29 31 33 35 37 39 41 43 44 45 47 49 50 51 52 53 55 57 59 60 63 
#c 1 0 1 1 1 0 0 1 0 0 0 1 1 0 1 1 0 1 0 1 1 1 0 0 0 1 0 1 0 1 0 1 0 1 0 1 0 1 0 1 0 1 0 1 1 1 0 1 0 1 1 1 1 1 0 1 0 1 0 1 1 0 0 1 0 
#3522131(div: 0) 3540047(div: 1) 
1 1 51 59 
#c 1 0 1 1 1 0 0 1 0 0 0 1 1 0 1 1 0 1 0 1 1 1 0 0 0 1 0 1 0 1 0 1 0 1 0 1 0 1 0 1 0 1 0 1 1 1 0 1 0 1 1 1 1 1 0 1 0 1 0 1 1 0 0 1 0 
#3522131(div: 0) 3540047(div: 1) 
1 1 39 51 
#c 1 0 1 1 1 0 0 1 0 0 0 1 1 0 1 1 0 1 0 1 1 1 0 0 0 1 0 1 0 1 0 1 0 1 0 1 0 1 0 1 0 1 0 1 1 1 0 1 0 1 1 1 1 1 0 1 0 1 0 1 1 0 0 1 0 
#3522131(div: 0) 3540047(div: 1) 
1 1 31 51 
#c 1 0 1 1 1 0 0 1 0 0 0 1 1 0 1 1 0 1 0 1 1 1 0 0 0 1 0 1 0 1 0 0 0 1 0 1 0 1 0 1 0 1 0 1 1 1 0 1 0 1 1 1 1 1 0 1 0 1 0 1 1 0 0 1 0 
#3523378(div: 0) 3538800(div: 1) 
30 35 1 5 6 8 9 10 13 16 18 22 23 24 26 28 30 31 32 34 36 38 40 42 46 48 54 56 58 61 62 64 0 2 3 4 7 11 12 14 15 17 19 20 21 25 27 29 33 35 37 39 41 43 44 45 47 49 50 51 52 53 55 57 59 60 63 
#c 1 0 1 1 1 0 0 1 0 0 0 1 1 0 1 1 0 1 0 1 1 1 0 0 0 1 0 1 0 1 0 0 0 1 0 1 0 1 0 1 0 1 0 1 1 1 0 1 0 1 1 1 1 1 0 1 0 1 0 1 1 0 0 1 0 
#3523378(div: 0) 3538800(div: 1) 
1 1 15 55 
#c 1 0 1 1 1 0 0 1 0 0 0 1 1 0 1 1 0 1 0 1 1 1 0 0 0 1 0 1 0 1 0 0 0 1 0 1 0 1 0 1 0 1 0 1 1 1 0 1 0 1 1 1 1 1 0 1 0 1 0 1 1 0 0 1 0 
#3523378(div: 0) 3538800(div: 1) 
1 1 27 55 
#c 1 0 1 1 1 0 0 1 0 0 0 1 1 0 1 1 0 1 0 1 1 1 0 0 0 1 0 1 0 1 0 0 0 1 0 1 0 1 0 1 0 1 0 1 1 1 0 1 0 1 1 1 1 1 0 1 0 1 0 1 1 0 0 1 0 
#3523378(div: 0) 3538800(div: 1) 
1 1 43 55 
#c 1 0 1 1 1 0 0 1 0 0 0 1 1 0 1 1 0 1 0 1 1 1 0 0 0 1 0 1 0 1 0 0 0 1 0 1 0 1 0 1 0 1 0 1 1 1 0 1 0 1 1 1 1 1 0 0 0 1 0 1 1 0 0 1 0 
#3555334(div: 0) 3506844(div: 1) 
31 34 1 5 6 8 9 10 13 16 18 22 23 24 26 28 30 31 32 34 36 38 40 42 46 48 54 55 56 58 61 62 64 0 2 3 4 7 11 12 14 15 17 19 20 21 25 27 29 33 35 37 39 41 43 44 45 47 49 50 51 52 53 57 59 60 63 
#c 1 0 1 1 1 0 0 1 0 0 0 1 1 0 1 1 0 1 0 1 1 1 0 0 0 1 0 1 0 1 0 0 0 1 0 1 0 1 0 1 0 1 0 1 1 1 0 1 0 1 1 1 1 1 0 0 0 1 0 1 1 0 0 1 0 
#3555334(div: 0) 3506844(div: 1) 
1 1 38 42 
#c 1 0 1 1 1 0 0 1 0 0 0 1 1 0 1 1 0 1 0 1 1 1 0 0 0 1 0 1 0 1 0 0 0 1 0 1 0 1 0 1 0 1 0 1 1 1 0 1 0 1 1 1 1 1 0 0 0 1 0 1 1 0 0 1 0 
#3555334(div: 0) 3506844(div: 1) 
1 1 31 42 
#c 1 0 1 1 1 0 0 1 0 0 0 1 1 0 1 1 0 1 0 1 1 1 0 0 0 1 0 1 0 1 0 0 0 1 0 1 0 1 0 1 0 1 0 1 1 1 0 1 0 1 1 1 1 1 0 0 0 1 0 1 1 0 0 1 0 
#3555334(div: 0) 3506844(div: 1) 
1 1 31 56 
#c 1 0 1 1 1 0 0 1 0 0 0 1 1 0 1 1 0 1 0 1 1 1 0 0 0 1 0 1 0 1 0 1 0 1 0 1 0 1 0 1 0 1 0 1 1 1 0 1 0 1 1 1 1 1 0 0 0 1 0 1 1 0 0 1 0 
#3554087(div: 0) 3508091(div: 1) 
30 35 1 5 6 8 9 10 13 16 18 22 23 24 26 28 30 32 34 36 38 40 42 46 48 54 55 56 58 61 62 64 0 2 3 4 7 11 12 14 15 17 19 20 21 25 27 29 31 33 35 37 39 41 43 44 45 47 49 50 51 52 53 57 59 60 63 
#c 1 0 1 1 1 0 0 1 0 0 0 1 1 0 1 1 0 1 0 1 1 1 0 0 0 1 0 1 0 1 0 1 0 1 0 1 0 1 0 1 0 1 0 1 1 1 0 1 0 1 1 1 1 1 0 0 0 1 0 1 1 0 0 1 0 
#3554087(div: 0) 3508091(div: 1) 
1 1 40 55 
#c 1 0 1 1 1 0 0 1 0 0 0 1 1 0 1 1 0 1 0 1 1 1 0 0 0 1 0 1 0 1 0 1 0 1 0 1 0 1 0 1 0 1 0 1 1 1 0 1 0 1 1 1 1 1 0 0 0 1 0 1 1 0 0 1 0 
#3554087(div: 0) 3508091(div: 1) 
1 1 18 40 
#c 1 0 1 1 1 0 0 1 0 0 0 1 1 0 1 1 0 1 0 1 1 1 0 0 0 1 0 1 0 1 0 1 0 1 0 1 0 1 0 1 0 1 0 1 1 1 0 1 0 1 1 1 1 1 0 0 0 1 0 1 1 0 0 1 0 
#3554087(div: 0) 3508091(div: 1) 
1 1 40 54 
#c 1 0 1 1 1 0 0 1 0 0 0 1 1 0 1 1 0 1 0 1 1 1 0 0 0 1 0 1 0 1 0 1 0 1 0 1 0 1 0 1 1 1 0 1 1 1 0 1 0 1 1 1 1 1 0 0 0 1 0 1 1 0 0 1 0 
#3534274(div: 0) 3527904(div: 1) 
29 36 1 5 6 8 9 10 13 16 18 22 23 24 26 28 30 32 34 36 38 42 46 48 54 55 56 58 61 62 64 0 2 3 4 7 11 12 14 15 17 19 20 21 25 27 29 31 33 35 37 39 40 41 43 44 45 47 49 50 51 52 53 57 59 60 63 
#c 1 0 1 1 1 0 0 1 0 0 0 1 1 0 1 1 0 1 0 1 1 1 0 0 0 1 0 1 0 1 0 1 0 1 0 1 0 1 0 1 1 1 0 1 1 1 0 1 0 1 1 1 1 1 0 0 0 1 0 1 1 0 0 1 0 
#3534274(div: 0) 3527904(div: 1) 
1 1 5 30 
#c 1 0 1 1 1 0 0 1 0 0 0 1 1 0 1 1 0 1 0 1 1 1 0 0 0 1 0 1 0 1 0 1 0 1 0 1 0 1 0 1 1 1 0 1 1 1 0 1 0 1 1 1 1 1 0 0 0 1 0 1 1 0 0 1 0 
#3534274(div: 0) 3527904(div: 1) 
1 1 5 42 
#c 1 0 1 1 1 0 0 1 0 0 0 1 1 0 1 1 0 1 0 1 1 1 0 0 0 1 0 1 0 1 0 1 0 1 0 1 0 1 0 1 1 1 0 1 1 1 0 1 0 1 1 1 1 1 0 0 0 1 0 1 1 0 0 1 0 
#3534274(div: 0) 3527904(div: 1) 
1 1 42 61 
#c 1 0 1 1 1 0 0 1 0 0 0 1 1 0 1 1 0 1 0 1 1 1 0 0 0 1 0 1 0 1 0 1 0 1 0 1 0 1 0 1 1 1 0 1 1 1 0 1 0 1 1 1 1 1 0 0 0 1 0 1 1 1 0 1 0 
#3489462(div: 0) 3572716(div: 1) 
28 37 1 5 6 8 9 10 13 16 18 22 23 24 26 28 30 32 34 36 38 42 46 48 54 55 56 58 62 64 0 2 3 4 7 11 12 14 15 17 19 20 21 25 27 29 31 33 35 37 39 40 41 43 44 45 47 49 50 51 52 53 57 59 60 61 63 
#c 1 0 1 1 1 0 0 1 0 0 0 1 1 0 1 1 0 1 0 1 1 1 0 0 0 1 0 1 0 1 0 1 0 1 0 1 0 1 0 1 1 1 0 1 1 1 0 1 0 1 1 1 1 1 0 0 0 1 0 1 1 1 0 1 0 
#3489462(div: 0) 3572716(div: 1) 
1 1 25 63 
#c 1 0 1 1 1 0 0 1 0 0 0 1 1 0 1 1 0 1 0 1 1 1 0 0 0 1 0 1 0 1 0 1 0 1 0 1 0 1 0 1 1 1 0 1 1 1 0 1 0 1 1 1 1 1 0 0 0 1 0 1 1 1 0 1 0 
#3489462(div: 0) 3572716(div: 1) 
1 1 25 40 
#c 1 0 1 1 1 0 0 1 0 0 0 1 1 0 1 1 0 1 0 1 1 1 0 0 0 1 0 1 0 1 0 1 0 1 0 1 0 1 0 1 1 1 0 1 1 1 0 1 0 1 1 1 1 1 0 0 0 1 0 1 1 1 0 1 0 
#3489462(div: 0) 3572716(div: 1) 
1 1 4 40 
#c 1 0 1 1 0 0 0 1 0 0 0 1 1 0 1 1 0 1 0 1 1 1 0 0 0 1 0 1 0 1 0 1 0 1 0 1 0 1 0 1 1 1 0 1 1 1 0 1 0 1 1 1 1 1 0 0 0 1 0 1 1 1 0 1 0 
#3507152(div: 0) 3555026(div: 1) 
29 36 1 4 5 6 8 9 10 13 16 18 22 23 24 26 28 30 32 34 36 38 42 46 48 54 55 56 58 62 64 0 2 3 7 11 12 14 15 17 19 20 21 25 27 29 31 33 35 37 39 40 41 43 44 45 47 49 50 51 52 53 57 59 60 61 63 
#c 1 0 1 1 0 0 0 1 0 0 0 1 1 0 1 1 0 1 0 1 1 1 0 0 0 1 0 1 0 1 0 1 0 1 0 1 0 1 0 1 1 1 0 1 1 1 0 1 0 1 1 1 1 1 0 0 0 1 0 1 1 1 0 1 0 
#3507152(div: 0) 3555026(div: 1) 
1 1 3 45 
#c 1 0 1 1 0 0 0 1 0 0 0 1 1 0 1 1 0 1 0 1 1 1 0 0 0 1 0 1 0 1 0 1 0 1 0 1 0 1 0 1 1 1 0 1 1 1 0 1 0 1 1 1 1 1 0 0 0 1 0 1 1 1 0 1 0 
#3507152(div: 0) 3555026(div: 1) 
1 1 3 37 
#c 1 0 1 1 0 0 0 1 0 0 0 1 1 0 1 1 0 1 0 1 1 1 0 0 0 1 0 1 0 1 0 1 0 1 0 1 0 1 0 1 1 1 0 1 1 1 0 1 0 1 1 1 1 1 0 0 0 1 0 1 1 1 0 1 0 
#3507152(div: 0) 3555026(div: 1) 
1 1 20 37 
#c 1 0 1 1 0 0 0 1 0 0 0 1 1 0 1 1 0 1 0 1 1 1 0 0 0 1 0 1 0 1 0 1 0 1 0 1 0 0 0 1 1 1 0 1 1 1 0 1 0 1 1 1 1 1 0 0 0 1 0 1 1 1 0 1 0 
#3514325(div: 0) 3547853(div: 1) 
30 35 1 4 5 6 8 9 10 13 16 18 22 23 24 26 28 30 32 34 36 37 38 42 46 48 54 55 56 58 62 64 0 2 3 7 11 12 14 15 17 19 20 21 25 27 29 31 33 35 39 40 41 43 44 45 47 49 50 51 52 53 57 59 60 61 63 
#c 1 0 1 1 0 0 0 1 0 0 0 1 1 0 1 1 0 1 0 1 1 1 0 0 0 1 0 1 0 1 0 1 0 1 0 1 0 0 0 1 1 1 0 1 1 1 0 1 0 1 1 1 1 1 0 0 0 1 0 1 1 1 0 1 0 
#3514325(div: 0) 3547853(div: 1) 
1 1 29 57 
#c 1 0 1 1 0 0 0 1 0 0 0 1 1 0 1 1 0 1 0 1 1 1 0 0 0 1 0 1 0 1 0 1 0 1 0 1 0 0 0 1 1 1 0 1 1 1 0 1 0 1 1 1 1 1 0 0 0 1 0 1 1 1 0 1 0 
#3514325(div: 0) 3547853(div: 1) 
1 1 27 57 
#c 1 0 1 1 0 0 0 1 0 0 0 1 1 0 1 1 0 1 0 1 1 1 0 0 0 1 0 1 0 1 0 1 0 1 0 1 0 0 0 1 1 1 0 1 1 1 0 1 0 1 1 1 1 1 0 0 0 1 0 1 1 1 0 1 0 
#3514325(div: 0) 3547853(div: 1) 
1 1 27 61 
#c 1 0 1 1 0 0 0 1 0 0 0 1 1 0 1 1 0 1 0 1 1 1 0 0 0 1 0 1 0 1 0 1 0 1 0 1 0 0 0 1 1 1 0 1 1 1 0 1 0 1 1 1 1 1 0 0 0 1 0 1 1 0 0 1 0 
#3559137(div: 0) 3503041(div: 1) 
31 34 1 4 5 6 8 9 10 13 16 18 22 23 24 26 28 30 32 34 36 37 38 42 46 48 54 55 56 58 61 62 64 0 2 3 7 11 12 14 15 17 19 20 21 25 27 29 31 33 35 39 40 41 43 44 45 47 49 50 51 52 53 57 59 60 63 
#c 1 0 1 1 0 0 0 1 0 0 0 1 1 0 1 1 0 1 0 1 1 1 0 0 0 1 0 1 0 1 0 1 0 1 0 1 0 0 0 1 1 1 0 1 1 1 0 1 0 1 1 1 1 1 0 0 0 1 0 1 1 0 0 1 0 
#3559137(div: 0) 3503041(div: 1) 
1 1 26 34 
#c 1 0 1 1 0 0 0 1 0 0 0 1 1 0 1 1 0 1 0 1 1 1 0 0 0 1 0 1 0 1 0 1 0 1 0 1 0 0 0 1 1 1 0 1 1 1 0 1 0 1 1 1 1 1 0 0 0 1 0 1 1 0 0 1 0 
#3559137(div: 0) 3503041(div: 1) 
1 1 34 46 
#c 1 0 1 1 0 0 0 1 0 0 0 1 1 0 1 1 0 1 0 1 1 1 0 0 0 1 0 1 0 1 0 1 0 1 0 1 0 0 0 1 1 1 0 1 1 1 0 1 0 1 1 1 1 1 0 0 0 1 0 1 1 0 0 1 0 
#3559137(div: 0) 3503041(div: 1) 
1 1 46 54 
#c 1 0 1 1 0 0 0 1 0 0 0 1 1 0 1 1 0 1 0 1 1 1 0 0 0 1 0 1 0 1 0 1 0 1 0 1 0 0 0 1 1 1 0 1 1 1 1 1 0 1 1 1 1 1 0 0 0 1 0 1 1 0 0 1 0 
#3454404(div: 0) 3607774(div: 1) 
30 35 1 4 5 6 8 9 10 13 16 18 22 23 24 26 28 30 32 34 36 37 38 42 48 54 55 56 58 61 62 64 0 2 3 7 11 12 14 15 17 19 20 21 25 27 29 31 33 35 39 40 41 43 44 45 46 47 49 50 51 52 53 57 59 60 63 
#c 1 0 1 1 0 0 0 1 0 0 0 1 1 0 1 1 0 1 0 1 1 1 0 0 0 1 0 1 0 1 0 1 0 1 0 1 0 0 0 1 1 1 0 1 1 1 1 1 0 1 1 1 1 1 0 0 0 1 0 1 1 0 0 1 0 
#3454404(div: 0) 3607774(div: 1) 
1 1 0 15 
#c 1 0 1 1 0 0 0 1 0 0 0 1 1 0 1 1 0 1 0 1 1 1 0 0 0 1 0 1 0 1 0 1 0 1 0 1 0 0 0 1 1 1 0 1 1 1 1 1 0 1 1 1 1 1 0 0 0 1 0 1 1 0 0 1 0 
#3454404(div: 0) 3607774(div: 1) 
1 1 0 39 
#c 1 0 1 1 0 0 0 1 0 0 0 1 1 0 1 1 0 1 0 1 1 1 0 0 0 1 0 1 0 1 0 1 0 1 0 1 0 0 0 1 1 1 0 1 1 1 1 1 0 1 1 1 1 1 0 0 0 1 0 1 1 0 0 1 0 
#3454404(div: 0) 3607774(div: 1) 
1 1 0 44 
#c 0 0 1 1 0 0 0 1 0 0 0 1 1 0 1 1 0 1 0 1 1 1 0 0 0 1 0 1 0 1 0 1 0 1 0 1 0 0 0 1 1 1 0 1 1 1 1 1 0 1 1 1 1 1 0 0 0 1 0 1 1 0 0 1 0 
#3499461(div: 0) 3562717(div: 1) 
31 34 0 1 4 5 6 8 9 10 13 16 18 22 23 24 26 28 30 32 34 36 37 38 42 48 54 55 56 58 61 62 64 2 3 7 11 12 14 15 17 19 20 21 25 27 29 31 33 35 39 40 41 43 44 45 46 47 49 50 51 52 53 57 59 60 63 
#c 0 0 1 1 0 0 0 1 0 0 0 1 1 0 1 1 0 1 0 1 1 1 0 0 0 1 0 1 0 1 0 1 0 1 0 1 0 0 0 1 1 1 0 1 1 1 1 1 0 1 1 1 1 1 0 0 0 1 0 1 1 0 0 1 0 
#3499461(div: 0) 3562717(div: 1) 
1 1 3 14 
#c 0 0 1 1 0 0 0 1 0 0 0 1 1 0 1 1 0 1 0 1 1 1 0 0 0 1 0 1 0 1 0 1 0 1 0 1 0 0 0 1 1 1 0 1 1 1 1 1 0 1 1 1 1 1 0 0 0 1 0 1 1 0 0 1 0 
#3499461(div: 0) 3562717(div: 1) 
1 1 3 40 
#c 0 0 1 1 0 0 0 1 0 0 0 1 1 0 1 1 0 1 0 1 1 1 0 0 0 1 0 1 0 1 0 1 0 1 0 1 0 0 0 1 1 1 0 1 1 1 1 1 0 1 1 1 1 1 0 0 0 1 0 1 1 0 0 1 0 
#3499461(div: 0) 3562717(div: 1) 
1 1 3 20 
#c 0 0 1 0 0 0 0 1 0 0 0 1 1 0 1 1 0 1 0 1 1 1 0 0 0 1 0 1 0 1 0 1 0 1 0 1 0 0 0 1 1 1 0 1 1 1 1 1 0 1 1 1 1 1 0 0 0 1 0 1 1 0 0 1 0 
#3507240(div: 0) 3554938(div: 1) 
32 33 0 1 3 4 5 6 8 9 10 13 16 18 22 23 24 26 28 30 32 34 36 37 38 42 48 54 55 56 58 61 62 64 2 7 11 12 14 15 17 19 20 21 25 27 29 31 33 35 39 40 41 43 44 45 46 47 49 50 51 52 53 57 59 60 63 
#c 0 0 1 0 0 0 0 1 0 0 0 1 1 0 1 1 0 1 0 1 1 1 0 0 0 1 0 1 0 1 0 1 0 1 0 1 0 0 0 1 1 1 0 1 1 1 1 1 0 1 1 1 1 1 0 0 0 1 0 1 1 0 0 1 0 
#3507240(div: 0) 3554938(div: 1) 
1 1 25 57 
#c 0 0 1 0 0 0 0 1 0 0 0 1 1 0 1 1 0 1 0 1 1 1 0 0 0 1 0 1 0 1 0 1 0 1 0 1 0 0 0 1 1 1 0 1 1 1 1 1 0 1 1 1 1 1 0 0 0 1 0 1 1 0 0 1 0 
#3507240(div: 0) 3554938(div: 1) 
1 1 25 51 
#c 0 0 1 0 0 0 0 1 0 0 0 1 1 0 1 1 0 1 0 1 1 1 0 0 0 1 0 1 0 1 0 1 0 1 0 1 0 0 0 1 1 1 0 1 1 1 1 1 0 1 1 1 1 1 0 0 0 1 0 1 1 0 0 1 0 
#3507240(div: 0) 3554938(div: 1) 
1 1 25 47 
#c 0 0 1 0 0 0 0 1 0 0 0 1 1 0 1 1 0 1 0 1 1 1 0 0 0 0 0 1 0 1 0 1 0 1 0 1 0 0 0 1 1 1 0 1 1 1 1 1 0 1 1 1 1 1 0 0 0 1 0 1 1 0 0 1 0 
#3543934(div: 0) 3518244(div: 1) 
33 32 0 1 3 4 5 6 8 9 10 13 16 18 22 23 24 25 26 28 30 32 34 36 37 38 42 48 54 55 56 58 61 62 64 2 7 11 12 14 15 17 19 20 21 27 29 31 33 35 39 40 41 43 44 45 46 47 49 50 51 52 53 57 59 60 63 
#c 0 0 1 0 0 0 0 1 0 0 0 1 1 0 1 1 0 1 0 1 1 1 0 0 0 0 0 1 0 1 0 1 0 1 0 1 0 0 0 1 1 1 0 1 1 1 1 1 0 1 1 1 1 1 0 0 0 1 0 1 1 0 0 1 0 
#3543934(div: 0) 3518244(div: 1) 
1 1 26 54 
#c 0 0 1 0 0 0 0 1 0 0 0 1 1 0 1 1 0 1 0 1 1 1 0 0 0 0 0 1 0 1 0 1 0 1 0 1 0 0 0 1 1 1 0 1 1 1 1 1 0 1 1 1 1 1 0 0 0 1 0 1 1 0 0 1 0 
#3543934(div: 0) 3518244(div: 1) 
1 1 26 55 
#c 0 0 1 0 0 0 0 1 0 0 0 1 1 0 1 1 0 1 0 1 1 1 0 0 0 0 0 1 0 1 0 1 0 1 0 1 0 0 0 1 1 1 0 1 1 1 1 1 0 1 1 1 1 1 0 0 0 1 0 1 1 0 0 1 0 
#3543934(div: 0) 3518244(div: 1) 
1 1 34 55 
#c 0 0 1 0 0 0 0 1 0 0 0 1 1 0 1 1 0 1 0 1 1 1 0 0 0 0 0 1 0 1 0 1 0 1 0 1 0 0 0 1 1 1 0 1 1 1 1 1 0 1 1 1 1 1 0 1 0 1 0 1 1 0 0 1 0 
#3511978(div: 0) 3550200(div: 1) 
32 33 0 1 3 4 5 6 8 9 10 13 16 18 22 23 24 25 26 28 30 32 34 36 37 38 42 48 54 56 58 61 62 64 2 7 11 12 14 15 17 19 20 21 27 29 31 33 35 39 40 41 43 44 45 46 47 49 50 51 52 53 55 57 59 60 63 
#c 0 0 1 0 0 0 0 1 0 0 0 1 1 0 1 1 0 1 0 1 1 1 0 0 0 0 0 1 0 1 0 1 0 1 0 1 0 0 0 1 1 1 0 1 1 1 1 1 0 1 1 1 1 1 0 1 0 1 0 1 1 0 0 1 0 
#3511978(div: 0) 3550200(div: 1) 
1 1 19 40 
#c 0 0 1 0 0 0 0 1 0 0 0 1 1 0 1 1 0 1 0 1 1 1 0 0 0 0 0 1 0 1 0 1 0 1 0 1 0 0 0 1 1 1 0 1 1 1 1 1 0 1 1 1 1 1 0 1 0 1 0 1 1 0 0 1 0 
#3511978(div: 0) 3550200(div: 1) 
1 1 40 50 
#c 0 0 1 0 0 0 0 1 0 0 0 1 1 0 1 1 0 1 0 1 1 1 0 0 0 0 0 1 0 1 0 1 0 1 0 1 0 0 0 1 1 1 0 1 1 1 1 1 0 1 1 1 1 1 0 1 0 1 0 1 1 0 0 1 0 
#3511978(div: 0) 3550200(div: 1) 
1 1 40 41 
#c 0 0 1 0 0 0 0 1 0 0 0 1 1 0 1 1 0 1 0 1 1 1 0 0 0 0 0 1 0 1 0 1 0 1 0 1 0 0 0 1 1 0 0 1 1 1 1 1 0 1 1 1 1 1 0 1 0 1 0 1 1 0 0 1 0 
#3514009(div: 0) 3548169(div: 1) 
33 32 0 1 3 4 5 6 8 9 10 13 16 18 22 23 24 25 26 28 30 32 34 36 37 38 41 42 48 54 56 58 61 62 64 2 7 11 12 14 15 17 19 20 21 27 29 31 33 35 39 40 43 44 45 46 47 49 50 51 52 53 55 57 59 60 63 
#c 0 0 1 0 0 0 0 1 0 0 0 1 1 0 1 1 0 1 0 1 1 1 0 0 0 0 0 1 0 1 0 1 0 1 0 1 0 0 0 1 1 0 0 1 1 1 1 1 0 1 1 1 1 1 0 1 0 1 0 1 1 0 0 1 0 
#3514009(div: 0) 3548169(div: 1) 
1 1 46 49 
#c 0 0 1 0 0 0 0 1 0 0 0 1 1 0 1 1 0 1 0 1 1 1 0 0 0 0 0 1 0 1 0 1 0 1 0 1 0 0 0 1 1 0 0 1 1 1 1 1 0 1 1 1 1 1 0 1 0 1 0 1 1 0 0 1 0 
#3514009(div: 0) 3548169(div: 1) 
1 1 33 49 
#c 0 0 1 0 0 0 0 1 0 0 0 1 1 0 1 1 0 1 0 1 1 1 0 0 0 0 0 1 0 1 0 1 0 1 0 1 0 0 0 1 1 0 0 1 1 1 1 1 0 1 1 1 1 1 0 1 0 1 0 1 1 0 0 1 0 
#3514009(div: 0) 3548169(div: 1) 
1 1 33 35 
#c 0 0 1 0 0 0 0 1 0 0 0 1 1 0 1 1 0 1 0 1 1 1 0 0 0 0 0 1 0 1 0 1 0 0 0 1 0 0 0 1 1 0 0 1 1 1 1 1 0 1 1 1 1 1 0 1 0 1 0 1 1 0 0 1 0 
#3576419(div: 0) 3485759(div: 1) 
34 31 0 1 3 4 5 6 8 9 10 13 16 18 22 23 24 25 26 28 30 32 33 34 36 37 38 41 42 48 54 56 58 61 62 64 2 7 11 12 14 15 17 19 20 21 27 29 31 35 39 40 43 44 45 46 47 49 50 51 52 53 55 57 59 60 63 
#c 0 0 1 0 0 0 0 1 0 0 0 1 1 0 1 1 0 1 0 1 1 1 0 0 0 0 0 1 0 1 0 1 0 0 0 1 0 0 0 1 1 0 0 1 1 1 1 1 0 1 1 1 1 1 0 1 0 1 0 1 1 0 0 1 0 
#3576419(div: 0) 3485759(div: 1) 
1 1 1 16 
#c 0 0 1 0 0 0 0 1 0 0 0 1 1 0 1 1 0 1 0 1 1 1 0 0 0 0 0 1 0 1 0 1 0 0 0 1 0 0 0 1 1 0 0 1 1 1 1 1 0 1 1 1 1 1 0 1 0 1 0 1 1 0 0 1 0 
#3576419(div: 0) 3485759(div: 1) 
1 1 1 36 
#c 0 0 1 0 0 0 0 1 0 0 0 1 1 0 1 1 0 1 0 1 1 1 0 0 0 0 0 1 0 1 0 1 0 0 0 1 0 0 0 1 1 0 0 1 1 1 1 1 0 1 1 1 1 1 0 1 0 1 0 1 1 0 0 1 0 
#3576419(div: 0) 3485759(div: 1) 
1 1 1 13 
#c 0 1 1 0 0 0 0 1 0 0 0 1 1 0 1 1 0 1 0 1 1 1 0 0 0 0 0 1 0 1 0 1 0 0 0 1 0 0 0 1 1 0 0 1 1 1 1 1 0 1 1 1 1 1 0 1 0 1 0 1 1 0 0 1 0 
#3570088(div: 0) 3492090(div: 1) 
33 32 0 3 4 5 6 8 9 10 13 16 18 22 23 24 25 26 28 30 32 33 34 36 37 38 41 42 48 54 56 58 61 62 64 1 2 7 11 12 14 15 17 19 20 21 27 29 31 35 39 40 43 44 45 46 47 49 50 51 52 53 55 57 59 60 63 
#c 0 1 1 0 0 0 0 1 0 0 0 1 1 0 1 1 0 1 0 1 1 1 0 0 0 0 0 1 0 1 0 1 0 0 0 1 0 0 0 1 1 0 0 1 1 1 1 1 0 1 1 1 1 1 0 1 0 1 0 1 1 0 0 1 0 
#3570088(div: 0) 3492090(div: 1) 
1 1 18 54 
#c 0 1 1 0 0 0 0 1 0 0 0 1 1 0 1 1 0 1 0 1 1 1 0 0 0 0 0 1 0 1 0 1 0 0 0 1 0 0 0 1 1 0 0 1 1 1 1 1 0 1 1 1 1 1 0 1 0 1 0 1 1 0 0 1 0 
#3570088(div: 0) 3492090(div: 1) 
1 1 10 54 
#c 0 1 1 0 0 0 0 1 0 0 0 1 1 0 1 1 0 1 0 1 1 1 0 0 0 0 0 1 0 1 0 1 0 0 0 1 0 0 0 1 1 0 0 1 1 1 1 1 0 1 1 1 1 1 0 1 0 1 0 1 1 0 0 1 0 
#3570088(div: 0) 3492090(div: 1) 
1 1 10 16 
#c 0 1 1 0 0 0 0 1 0 0 1 1 1 0 1 1 0 1 0 1 1 1 0 0 0 0 0 1 0 1 0 1 0 0 0 1 0 0 0 1 1 0 0 1 1 1 1 1 0 1 1 1 1 1 0 1 0 1 0 1 1 0 0 1 0 
#3345387(div: 0) 3716791(div: 1) 
32 33 0 3 4 5 6 8 9 13 16 18 22 23 24 25 26 28 30 32 33 34 36 37 38 41 42 48 54 56 58 61 62 64 1 2 7 10 11 12 14 15 17 19 20 21 27 29 31 35 39 40 43 44 45 46 47 49 50 51 52 53 55 57 59 60 63 
#c 0 1 1 0 0 0 0 1 0 0 1 1 1 0 1 1 0 1 0 1 1 1 0 0 0 0 0 1 0 1 0 1 0 0 0 1 0 0 0 1 1 0 0 1 1 1 1 1 0 1 1 1 1 1 0 1 0 1 0 1 1 0 0 1 0 
#3345387(div: 0) 3716791(div: 1) 
1 1 14 57 
#c 0 1 1 0 0 0 0 1 0 0 1 1 1 0 1 1 0 1 0 1 1 1 0 0 0 0 0 1 0 1 0 1 0 0 0 1 0 0 0 1 1 0 0 1 1 1 1 1 0 1 1 1 1 1 0 1 0 1 0 1 1 0 0 1 0 
#3345387(div: 0) 3716791(div: 1) 
1 1 10 14 
#c 0 1 1 0 0 0 0 1 0 0 1 1 1 0 1 1 0 1 0 1 1 1 0 0 0 0 0 1 0 1 0 1 0 0 0 1 0 0 0 1 1 0 0 1 1 1 1 1 0 1 1 1 1 1 0 1 0 1 0 1 1 0 0 1 0 
#3345387(div: 0) 3716791(div: 1) 
1 1 14 39 
#c 0 1 1 0 0 0 0 1 0 0 1 1 1 0 0 1 0 1 0 1 1 1 0 0 0 0 0 1 0 1 0 1 0 0 0 1 0 0 0 1 1 0 0 1 1 1 1 1 0 1 1 1 1 1 0 1 0 1 0 1 1 0 0 1 0 
#3367363(div: 0) 3694815(div: 1) 
33 32 0 3 4 5 6 8 9 13 14 16 18 22 23 24 25 26 28 30 32 33 34 36 37 38 41 42 48 54 56 58 61 62 64 1 2 7 10 11 12 15 17 19 20 21 27 29 31 35 39 40 43 44 45 46 47 49 50 51 52 53 55 57 59 60 63 
#c 0 1 1 0 0 0 0 1 0 0 1 1 1 0 0 1 0 1 0 1 1 1 0 0 0 0 0 1 0 1 0 1 0 0 0 1 0 0 0 1 1 0 0 1 1 1 1 1 0 1 1 1 1 1 0 1 0 1 0 1 1 0 0 1 0 
#3367363(div: 0) 3694815(div: 1) 
1 1 7 45 
#c 0 1 1 0 0 0 0 1 0 0 1 1 1 0 0 1 0 1 0 1 1 1 0 0 0 0 0 1 0 1 0 1 0 0 0 1 0 0 0 1 1 0 0 1 1 1 1 1 0 1 1 1 1 1 0 1 0 1 0 1 1 0 0 1 0 
#3367363(div: 0) 3694815(div: 1) 
1 1 2 7 
#c 0 1 1 0 0 0 0 1 0 0 1 1 1 0 0 1 0 1 0 1 1 1 0 0 0 0 0 1 0 1 0 1 0 0 0 1 0 0 0 1 1 0 0 1 1 1 1 1 0 1 1 1 1 1 0 1 0 1 0 1 1 0 0 1 0 
#3367363(div: 0) 3694815(div: 1) 
1 1 7 53 
#c 0 1 1 0 0 0 0 0 0 0 1 1 1 0 0 1 0 1 0 1 1 1 0 0 0 0 0 1 0 1 0 1 0 0 0 1 0 0 0 1 1 0 0 1 1 1 1 1 0 1 1 1 1 1 0 1 0 1 0 1 1 0 0 1 0 
#3408306(div: 0) 3653872(div: 1) 
34 31 0 3 4 5 6 7 8 9 13 14 16 18 22 23 24 25 26 28 30 32 33 34 36 37 38 41 42 48 54 56 58 61 62 64 1 2 10 11 12 15 17 19 20 21 27 29 31 35 39 40 43 44 45 46 47 49 50 51 52 53 55 57 59 60 63 
#c 0 1 1 0 0 0 0 0 0 0 1 1 1 0 0 1 0 1 0 1 1 1 0 0 0 0 0 1 0 1 0 1 0 0 0 1 0 0 0 1 1 0 0 1 1 1 1 1 0 1 1 1 1 1 0 1 0 1 0 1 1 0 0 1 0 
#3408306(div: 0) 3653872(div: 1) 
1 1 17 45 
#c 0 1 1 0 0 0 0 0 0 0 1 1 1 0 0 1 0 1 0 1 1 1 0 0 0 0 0 1 0 1 0 1 0 0 0 1 0 0 0 1 1 0 0 1 1 1 1 1 0 1 1 1 1 1 0 1 0 1 0 1 1 0 0 1 0 
#3408306(div: 0) 3653872(div: 1) 
1 1 1 45 
#c 0 1 1 0 0 0 0 0 0 0 1 1 1 0 0 1 0 1 0 1 1 1 0 0 0 0 0 1 0 1 0 1 0 0 0 1 0 0 0 1 1 0 0 1 1 1 1 1 0 1 1 1 1 1 0 1 0 1 0 1 1 0 0 1 0 
#3408306(div: 0) 3653872(div: 1) 
1 1 1 46 
#c 0 0 1 0 0 0 0 0 0 0 1 1 1 0 0 1 0 1 0 1 1 1 0 0 0 0 0 1 0 1 0 1 0 0 0 1 0 0 0 1 1 0 0 1 1 1 1 1 0 1 1 1 1 1 0 1 0 1 0 1 1 0 0 1 0 
#3414637(div: 0) 3647541(div: 1) 
35 30 0 1 3 4 5 6 7 8 9 13 14 16 18 22 23 24 25 26 28 30 32 33 34 36 37 38 41 42 48 54 56 58 61 62 64 2 10 11 12 15 17 19 20 21 27 29 31 35 39 40 43 44 45 46 47 49 50 51 52 53 55 57 59 60 63 
#c 0 0 1 0 0 0 0 0 0 0 1 1 1 0 0 1 0 1 0 1 1 1 0 0 0 0 0 1 0 1 0 1 0 0 0 1 0 0 0 1 1 0 0 1 1 1 1 1 0 1 1 1 1 1 0 1 0 1 0 1 1 0 0 1 0 
#3414637(div: 0) 3647541(div: 1) 
1 1 10 15 
#c 0 0 1 0 0 0 0 0 0 0 1 1 1 0 0 1 0 1 0 1 1 1 0 0 0 0 0 1 0 1 0 1 0 0 0 1 0 0 0 1 1 0 0 1 1 1 1 1 0 1 1 1 1 1 0 1 0 1 0 1 1 0 0 1 0 
#3414637(div: 0) 3647541(div: 1) 
1 1 15 44 
#c 0 0 1 0 0 0 0 0 0 0 1 1 1 0 0 1 0 1 0 1 1 1 0 0 0 0 0 1 0 1 0 1 0 0 0 1 0 0 0 1 1 0 0 1 1 1 1 1 0 1 1 1 1 1 0 1 0 1 0 1 1 0 0 1 0 
#3414637(div: 0) 3647541(div: 1) 
1 1 44 49 
#c 0 0 1 0 0 0 0 0 0 0 1 1 1 0 0 1 0 1 0 1 1 1 0 0 0 0 0 1 0 1 0 1 0 0 0 1 0 0 0 1 1 0 0 1 1 1 1 1 0 0 1 1 1 1 0 1 0 1 0 1 1 0 0 1 0 
#3488913(div: 0) 3573265(div: 1) 
36 29 0 1 3 4 5 6 7 8 9 13 14 16 18 22 23 24 25 26 28 30 32 33 34 36 37 38 41 42 48 49 54 56 58 61 62 64 2 10 11 12 15 17 19 20 21 27 29 31 35 39 40 43 44 45 46 47 50 51 52 53 55 57 59 60 63 
#c 0 0 1 0 0 0 0 0 0 0 1 1 1 0 0 1 0 1 0 1 1 1 0 0 0 0 0 1 0 1 0 1 0 0 0 1 0 0 0 1 1 0 0 1 1 1 1 1 0 0 1 1 1 1 0 1 0 1 0 1 1 0 0 1 0 
#3488913(div: 0) 3573265(div: 1) 
1 1 43 57 
#c 0 0 1 0 0 0 0 0 0 0 1 1 1 0 0 1 0 1 0 1 1 1 0 0 0 0 0 1 0 1 0 1 0 0 0 1 0 0 0 1 1 0 0 1 1 1 1 1 0 0 1 1 1 1 0 1 0 1 0 1 1 0 0 1 0 
#3488913(div: 0) 3573265(div: 1) 
1 1 20 43 
#c 0 0 1 0 0 0 0 0 0 0 1 1 1 0 0 1 0 1 0 1 1 1 0 0 0 0 0 1 0 1 0 1 0 0 0 1 0 0 0 1 1 0 0 1 1 1 1 1 0 0 1 1 1 1 0 1 0 1 0 1 1 0 0 1 0 
#3488913(div: 0) 3573265(div: 1) 
1 1 20 50 
#c 0 0 1 0 0 0 0 0 0 0 1 1 1 0 0 1 0 1 0 1 1 1 0 0 0 0 0 1 0 1 0 1 0 0 0 1 0 0 0 1 1 0 0 1 1 1 1 1 0 0 0 1 1 1 0 1 0 1 0 1 1 0 0 1 0 
#3519318(div: 0) 3542860(div: 1) 
37 28 0 1 3 4 5 6 7 8 9 13 14 16 18 22 23 24 25 26 28 30 32 33 34 36 37 38 41 42 48 49 50 54 56 58 61 62 64 2 10 11 12 15 17 19 20 21 27 29 31 35 39 40 43 44 45 46 47 51 52 53 55 57 59 60 63 
#c 0 0 1 0 0 0 0 0 0 0 1 1 1 0 0 1 0 1 0 1 1 1 0 0 0 0 0 1 0 1 0 1 0 0 0 1 0 0 0 1 1 0 0 1 1 1 1 1 0 0 0 1 1 1 0 1 0 1 0 1 1 0 0 1 0 
#3519318(div: 0) 3542860(div: 1) 
1 1 44 63 
#c 0 0 1 0 0 0 0 0 0 0 1 1 1 0 0 1 0 1 0 1 1 1 0 0 0 0 0 1 0 1 0 1 0 0 0 1 0 0 0 1 1 0 0 1 1 1 1 1 0 0 0 1 1 1 0 1 0 1 0 1 1 0 0 1 0 
#3519318(div: 0) 3542860(div: 1) 
1 1 44 57 
#c 0 0 1 0 0 0 0 0 0 0 1 1 1 0 0 1 0 1 0 1 1 1 0 0 0 0 0 1 0 1 0 1 0 0 0 1 0 0 0 1 1 0 0 1 1 1 1 1 0 0 0 1 1 1 0 1 0 1 0 1 1 0 0 1 0 
#3519318(div: 0) 3542860(div: 1) 
1 1 44 46 
#c 0 0 1 0 0 0 0 0 0 0 1 1 1 0 0 1 0 1 0 1 1 1 0 0 0 0 0 1 0 1 0 1 0 0 0 1 0 0 0 1 1 0 0 1 0 1 1 1 0 0 0 1 1 1 0 1 0 1 0 1 1 0 0 1 0 
#3614127(div: 0) 3448051(div: 1) 
38 27 0 1 3 4 5 6 7 8 9 13 14 16 18 22 23 24 25 26 28 30 32 33 34 36 37 38 41 42 44 48 49 50 54 56 58 61 62 64 2 10 11 12 15 17 19 20 21 27 29 31 35 39 40 43 45 46 47 51 52 53 55 57 59 60 63 
#c 0 0 1 0 0 0 0 0 0 0 1 1 1 0 0 1 0 1 0 1 1 1 0 0 0 0 0 1 0 1 0 1 0 0 0 1 0 0 0 1 1 0 0 1 0 1 1 1 0 0 0 1 1 1 0 1 0 1 0 1 1 0 0 1 0 
#3614127(div: 0) 3448051(div: 1) 
1 1 7 8 
#c 0 0 1 0 0 0 0 0 0 0 1 1 1 0 0 1 0 1 0 1 1 1 0 0 0 0 0 1 0 1 0 1 0 0 0 1 0 0 0 1 1 0 0 1 0 1 1 1 0 0 0 1 1 1 0 1 0 1 0 1 1 0 0 1 0 
#3614127(div: 0) 3448051(div: 1) 
1 1 8 22 
#c 0 0 1 0 0 0 0 0 0 0 1 1 1 0 0 1 0 1 0 1 1 1 0 0 0 0 0 1 0 1 0 1 0 0 0 1 0 0 0 1 1 0 0 1 0 1 1 1 0 0 0 1 1 1 0 1 0 1 0 1 1 0 0 1 0 
#3614127(div: 0) 3448051(div: 1) 
1 1 8 28 
#c 0 0 1 0 0 0 0 0 1 0 1 1 1 0 0 1 0 1 0 1 1 1 0 0 0 0 0 1 0 1 0 1 0 0 0 1 0 0 0 1 1 0 0 1 0 1 1 1 0 0 0 1 1 1 0 1 0 1 0 1 1 0 0 1 0 
#3574749(div: 0) 3487429(div: 1) 
37 28 0 1 3 4 5 6 7 9 13 14 16 18 22 23 24 25 26 28 30 32 33 34 36 37 38 41 42 44 48 49 50 54 56 58 61 62 64 2 8 10 11 12 15 17 19 20 21 27 29 31 35 39 40 43 45 46 47 51 52 53 55 57 59 60 63 
#c 0 0 1 0 0 0 0 0 1 0 1 1 1 0 0 1 0 1 0 1 1 1 0 0 0 0 0 1 0 1 0 1 0 0 0 1 0 0 0 1 1 0 0 1 0 1 1 1 0 0 0 1 1 1 0 1 0 1 0 1 1 0 0 1 0 
#3574749(div: 0) 3487429(div: 1) 
1 1 25 56 
#c 0 0 1 0 0 0 0 0 1 0 1 1 1 0 0 1 0 1 0 1 1 1 0 0 0 0 0 1 0 1 0 1 0 0 0 1 0 0 0 1 1 0 0 1 0 1 1 1 0 0 0 1 1 1 0 1 0 1 0 1 1 0 0 1 0 
#3574749(div: 0) 3487429(div: 1) 
1 1 25 28 
#c 0 0 1 0 0 0 0 0 1 0 1 1 1 0 0 1 0 1 0 1 1 1 0 0 0 0 0 1 0 1 0 1 0 0 0 1 0 0 0 1 1 0 0 1 0 1 1 1 0 0 0 1 1 1 0 1 0 1 0 1 1 0 0 1 0 
#3574749(div: 0) 3487429(div: 1) 
1 1 0 25 
#c 0 0 1 0 0 0 0 0 1 0 1 1 1 0 0 1 0 1 0 1 1 1 0 0 0 1 0 1 0 1 0 1 0 0 0 1 0 0 0 1 1 0 0 1 0 1 1 1 0 0 0 1 1 1 0 1 0 1 0 1 1 0 0 1 0 
#3538055(div: 0) 3524123(div: 1) 
36 29 0 1 3 4 5 6 7 9 13 14 16 18 22 23 24 26 28 30 32 33 34 36 37 38 41 42 44 48 49 50 54 56 58 61 62 64 2 8 10 11 12 15 17 19 20 21 25 27 29 31 35 39 40 43 45 46 47 51 52 53 55 57 59 60 63 
#c 0 0 1 0 0 0 0 0 1 0 1 1 1 0 0 1 0 1 0 1 1 1 0 0 0 1 0 1 0 1 0 1 0 0 0 1 0 0 0 1 1 0 0 1 0 1 1 1 0 0 0 1 1 1 0 1 0 1 0 1 1 0 0 1 0 
#3538055(div: 0) 3524123(div: 1) 
1 1 7 14 
#c 0 0 1 0 0 0 0 0 1 0 1 1 1 0 0 1 0 1 0 1 1 1 0 0 0 1 0 1 0 1 0 1 0 0 0 1 0 0 0 1 1 0 0 1 0 1 1 1 0 0 0 1 1 1 0 1 0 1 0 1 1 0 0 1 0 
#3538055(div: 0) 3524123(div: 1) 
1 1 5 14 
#c 0 0 1 0 0 0 0 0 1 0 1 1 1 0 0 1 0 1 0 1 1 1 0 0 0 1 0 1 0 1 0 1 0 0 0 1 0 0 0 1 1 0 0 1 0 1 1 1 0 0 0 1 1 1 0 1 0 1 0 1 1 0 0 1 0 
#3538055(div: 0) 3524123(div: 1) 
1 1 14 64 
#c 0 0 1 0 0 0 0 0 1 0 1 1 1 0 1 1 0 1 0 1 1 1 0 0 0 1 0 1 0 1 0 1 0 0 0 1 0 0 0 1 1 0 0 1 0 1 1 1 0 0 0 1 1 1 0 1 0 1 0 1 1 0 0 1 0 
#3516079(div: 0) 3546099(div: 1) 
35 30 0 1 3 4 5 6 7 9 13 16 18 22 23 24 26 28 30 32 33 34 36 37 38 41 42 44 48 49 50 54 56 58 61 62 64 2 8 10 11 12 14 15 17 19 20 21 25 27 29 31 35 39 40 43 45 46 47 51 52 53 55 57 59 60 63 
#c 0 0 1 0 0 0 0 0 1 0 1 1 1 0 1 1 0 1 0 1 1 1 0 0 0 1 0 1 0 1 0 1 0 0 0 1 0 0 0 1 1 0 0 1 0 1 1 1 0 0 0 1 1 1 0 1 0 1 0 1 1 0 0 1 0 
#3516079(div: 0) 3546099(div: 1) 
1 1 47 53 
#c 0 0 1 0 0 0 0 0 1 0 1 1 1 0 1 1 0 1 0 1 1 1 0 0 0 1 0 1 0 1 0 1 0 0 0 1 0 0 0 1 1 0 0 1 0 1 1 1 0 0 0 1 1 1 0 1 0 1 0 1 1 0 0 1 0 
#3516079(div: 0) 3546099(div: 1) 
1 1 47 52 
#c 0 0 1 0 0 0 0 0 1 0 1 1 1 0 1 1 0 1 0 1 1 1 0 0 0 1 0 1 0 1 0 1 0 0 0 1 0 0 0 1 1 0 0 1 0 1 1 1 0 0 0 1 1 1 0 1 0 1 0 1 1 0 0 1 0 
#3516079(div: 0) 3546099(div: 1) 
1 1 21 52 
#c 0 0 1 0 0 0 0 0 1 0 1 1 1 0 1 1 0 1 0 1 1 1 0 0 0 1 0 1 0 1 0 1 0 0 0 1 0 0 0 1 1 0 0 1 0 1 1 1 0 0 0 1 0 1 0 1 0 1 0 1 1 0 0 1 0 
#3554227(div: 0) 3507951(div: 1) 
36 29 0 1 3 4 5 6 7 9 13 16 18 22 23 24 26 28 30 32 33 34 36 37 38 41 42 44 48 49 50 52 54 56 58 61 62 64 2 8 10 11 12 14 15 17 19 20 21 25 27 29 31 35 39 40 43 45 46 47 51 53 55 57 59 60 63 
#c 0 0 1 0 0 0 0 0 1 0 1 1 1 0 1 1 0 1 0 1 1 1 0 0 0 1 0 1 0 1 0 1 0 0 0 1 0 0 0 1 1 0 0 1 0 1 1 1 0 0 0 1 0 1 0 1 0 1 0 1 1 0 0 1 0 
#3554227(div: 0) 3507951(div: 1) 
1 1 36 54 
#c 0 0 1 0 0 0 0 0 1 0 1 1 1 0 1 1 0 1 0 1 1 1 0 0 0 1 0 1 0 1 0 1 0 0 0 1 0 0 0 1 1 0 0 1 0 1 1 1 0 0 0 1 0 1 0 1 0 1 0 1 1 0 0 1 0 
#3554227(div: 0) 3507951(div: 1) 
1 1 23 36 
#c 0 0 1 0 0 0 0 0 1 0 1 1 1 0 1 1 0 1 0 1 1 1 0 0 0 1 0 1 0 1 0 1 0 0 0 1 0 0 0 1 1 0 0 1 0 1 1 1 0 0 0 1 0 1 0 1 0 1 0 1 1 0 0 1 0 
#3554227(div: 0) 3507951(div: 1) 
1 1 30 36 
#c 0 0 1 0 0 0 0 0 1 0 1 1 1 0 1 1 0 1 0 1 1 1 0 0 0 1 0 1 0 1 0 1 0 0 0 1 1 0 0 1 1 0 0 1 0 1 1 1 0 0 0 1 0 1 0 1 0 1 0 1 1 0 0 1 0 
#3513559(div: 0) 3548619(div: 1) 
35 30 0 1 3 4 5 6 7 9 13 16 18 22 23 24 26 28 30 32 33 34 37 38 41 42 44 48 49 50 52 54 56 58 61 62 64 2 8 10 11 12 14 15 17 19 20 21 25 27 29 31 35 36 39 40 43 45 46 47 51 53 55 57 59 60 63 
#c 0 0 1 0 0 0 0 0 1 0 1 1 1 0 1 1 0 1 0 1 1 1 0 0 0 1 0 1 0 1 0 1 0 0 0 1 1 0 0 1 1 0 0 1 0 1 1 1 0 0 0 1 0 1 0 1 0 1 0 1 1 0 0 1 0 
#3513559(div: 0) 3548619(div: 1) 
1 1 31 55 
#c 0 0 1 0 0 0 0 0 1 0 1 1 1 0 1 1 0 1 0 1 1 1 0 0 0 1 0 1 0 1 0 1 0 0 0 1 1 0 0 1 1 0 0 1 0 1 1 1 0 0 0 1 0 1 0 1 0 1 0 1 1 0 0 1 0 
#3513559(div: 0) 3548619(div: 1) 
1 1 31 35 
#c 0 0 1 0 0 0 0 0 1 0 1 1 1 0 1 1 0 1 0 1 1 1 0 0 0 1 0 1 0 1 0 1 0 0 0 1 1 0 0 1 1 0 0 1 0 1 1 1 0 0 0 1 0 1 0 1 0 1 0 1 1 0 0 1 0 
#3513559(div: 0) 3548619(div: 1) 
1 1 31 57 
#c 0 0 1 0 0 0 0 0 1 0 1 1 1 0 1 1 0 1 0 1 1 1 0 0 0 1 0 1 0 1 0 0 0 0 0 1 1 0 0 1 1 0 0 1 0 1 1 1 0 0 0 1 0 1 0 1 0 1 0 1 1 0 0 1 0 
#3514806(div: 0) 3547372(div: 1) 
36 29 0 1 3 4 5 6 7 9 13 16 18 22 23 24 26 28 30 31 32 33 34 37 38 41 42 44 48 49 50 52 54 56 58 61 62 64 2 8 10 11 12 14 15 17 19 20 21 25 27 29 35 36 39 40 43 45 46 47 51 53 55 57 59 60 63 
#c 0 0 1 0 0 0 0 0 1 0 1 1 1 0 1 1 0 1 0 1 1 1 0 0 0 1 0 1 0 1 0 0 0 0 0 1 1 0 0 1 1 0 0 1 0 1 1 1 0 0 0 1 0 1 0 1 0 1 0 1 1 0 0 1 0 
#3514806(div: 0) 3547372(div: 1) 
1 1 36 60 
#c 0 0 1 0 0 0 0 0 1 0 1 1 1 0 1 1 0 1 0 1 1 1 0 0 0 1 0 1 0 1 0 0 0 0 0 1 1 0 0 1 1 0 0 1 0 1 1 1 0 0 0 1 0 1 0 1 0 1 0 1 1 0 0 1 0 
#3514806(div: 0) 3547372(div: 1) 
1 1 21 60 
#c 0 0 1 0 0 0 0 0 1 0 1 1 1 0 1 1 0 1 0 1 1 1 0 0 0 1 0 1 0 1 0 0 0 0 0 1 1 0 0 1 1 0 0 1 0 1 1 1 0 0 0 1 0 1 0 1 0 1 0 1 1 0 0 1 0 
#3514806(div: 0) 3547372(div: 1) 
1 1 12 60 
#c 0 0 1 0 0 0 0 0 1 0 1 1 0 0 1 1 0 1 0 1 1 1 0 0 0 1 0 1 0 1 0 0 0 0 0 1 1 0 0 1 1 0 0 1 0 1 1 1 0 0 0 1 0 1 0 1 0 1 0 1 1 0 0 1 0 
#3517521(div: 0) 3544657(div: 1) 
37 28 0 1 3 4 5 6 7 9 12 13 16 18 22 23 24 26 28 30 31 32 33 34 37 38 41 42 44 48 49 50 52 54 56 58 61 62 64 2 8 10 11 14 15 17 19 20 21 25 27 29 35 36 39 40 43 45 46 47 51 53 55 57 59 60 63 
#c 0 0 1 0 0 0 0 0 1 0 1 1 0 0 1 1 0 1 0 1 1 1 0 0 0 1 0 1 0 1 0 0 0 0 0 1 1 0 0 1 1 0 0 1 0 1 1 1 0 0 0 1 0 1 0 1 0 1 0 1 1 0 0 1 0 
#3517521(div: 0) 3544657(div: 1) 
1 1 11 14 
#c 0 0 1 0 0 0 0 0 1 0 1 1 0 0 1 1 0 1 0 1 1 1 0 0 0 1 0 1 0 1 0 0 0 0 0 1 1 0 0 1 1 0 0 1 0 1 1 1 0 0 0 1 0 1 0 1 0 1 0 1 1 0 0 1 0 
#3517521(div: 0) 3544657(div: 1) 
1 1 14 47 
#c 0 0 1 0 0 0 0 0 1 0 1 1 0 0 1 1 0 1 0 1 1 1 0 0 0 1 0 1 0 1 0 0 0 0 0 1 1 0 0 1 1 0 0 1 0 1 1 1 0 0 0 1 0 1 0 1 0 1 0 1 1 0 0 1 0 
#3517521(div: 0) 3544657(div: 1) 
1 1 14 57 
#c 0 0 1 0 0 0 0 0 1 0 1 1 0 0 0 1 0 1 0 1 1 1 0 0 0 1 0 1 0 1 0 0 0 0 0 1 1 0 0 1 1 0 0 1 0 1 1 1 0 0 0 1 0 1 0 1 0 1 0 1 1 0 0 1 0 
#3539497(div: 0) 3522681(div: 1) 
38 27 0 1 3 4 5 6 7 9 12 13 14 16 18 22 23 24 26 28 30 31 32 33 34 37 38 41 42 44 48 49 50 52 54 56 58 61 62 64 2 8 10 11 15 17 19 20 21 25 27 29 35 36 39 40 43 45 46 47 51 53 55 57 59 60 63 
#c 0 0 1 0 0 0 0 0 1 0 1 1 0 0 0 1 0 1 0 1 1 1 0 0 0 1 0 1 0 1 0 0 0 0 0 1 1 0 0 1 1 0 0 1 0 1 1 1 0 0 0 1 0 1 0 1 0 1 0 1 1 0 0 1 0 
#3539497(div: 0) 3522681(div: 1) 
1 1 49 61 
#c 0 0 1 0 0 0 0 0 1 0 1 1 0 0 0 1 0 1 0 1 1 1 0 0 0 1 0 1 0 1 0 0 0 0 0 1 1 0 0 1 1 0 0 1 0 1 1 1 0 0 0 1 0 1 0 1 0 1 0 1 1 0 0 1 0 
#3539497(div: 0) 3522681(div: 1) 
1 1 6 61 
#c 0 0 1 0 0 0 0 0 1 0 1 1 0 0 0 1 0 1 0 1 1 1 0 0 0 1 0 1 0 1 0 0 0 0 0 1 1 0 0 1 1 0 0 1 0 1 1 1 0 0 0 1 0 1 0 1 0 1 0 1 1 0 0 1 0 
#3539497(div: 0) 3522681(div: 1) 
1 1 16 61 
#c 0 0 1 0 0 0 0 0 1 0 1 1 0 0 0 1 0 1 0 1 1 1 0 0 0 1 0 1 0 1 0 0 0 0 0 1 1 0 0 1 1 0 0 1 0 1 1 1 0 0 0 1 0 1 0 1 0 1 0 1 1 1 0 1 0 
#3494685(div: 0) 3567493(div: 1) 
37 28 0 1 3 4 5 6 7 9 12 13 14 16 18 22 23 24 26 28 30 31 32 33 34 37 38 41 42 44 48 49 50 52 54 56 58 62 64 2 8 10 11 15 17 19 20 21 25 27 29 35 36 39 40 43 45 46 47 51 53 55 57 59 60 61 63 
#c 0 0 1 0 0 0 0 0 1 0 1 1 0 0 0 1 0 1 0 1 1 1 0 0 0 1 0 1 0 1 0 0 0 0 0 1 1 0 0 1 1 0 0 1 0 1 1 1 0 0 0 1 0 1 0 1 0 1 0 1 1 1 0 1 0 
#3494685(div: 0) 3567493(div: 1) 
1 1 10 63 
#c 0 0 1 0 0 0 0 0 1 0 1 1 0 0 0 1 0 1 0 1 1 1 0 0 0 1 0 1 0 1 0 0 0 0 0 1 1 0 0 1 1 0 0 1 0 1 1 1 0 0 0 1 0 1 0 1 0 1 0 1 1 1 0 1 0 
#3494685(div: 0) 3567493(div: 1) 
1 1 55 63 
#c 0 0 1 0 0 0 0 0 1 0 1 1 0 0 0 1 0 1 0 1 1 1 0 0 0 1 0 1 0 1 0 0 0 0 0 1 1 0 0 1 1 0 0 1 0 1 1 1 0 0 0 1 0 1 0 1 0 1 0 1 1 1 0 1 0 
#3494685(div: 0) 3567493(div: 1) 
1 1 53 55 
#c 0 0 1 0 0 0 0 0 1 0 1 1 0 0 0 1 0 1 0 1 1 1 0 0 0 1 0 1 0 1 0 0 0 0 0 1 1 0 0 1 1 0 0 1 0 1 1 1 0 0 0 1 0 1 0 0 0 1 0 1 1 1 0 1 0 
#3526641(div: 0) 3535537(div: 1) 
38 27 0 1 3 4 5 6 7 9 12 13 14 16 18 22 23 24 26 28 30 31 32 33 34 37 38 41 42 44 48 49 50 52 54 55 56 58 62 64 2 8 10 11 15 17 19 20 21 25 27 29 35 36 39 40 43 45 46 47 51 53 57 59 60 61 63 
#c 0 0 1 0 0 0 0 0 1 0 1 1 0 0 0 1 0 1 0 1 1 1 0 0 0 1 0 1 0 1 0 0 0 0 0 1 1 0 0 1 1 0 0 1 0 1 1 1 0 0 0 1 0 1 0 0 0 1 0 1 1 1 0 1 0 
#3526641(div: 0) 3535537(div: 1) 
1 1 21 29 
#c 0 0 1 0 0 0 0 0 1 0 1 1 0 0 0 1 0 1 0 1 1 1 0 0 0 1 0 1 0 1 0 0 0 0 0 1 1 0 0 1 1 0 0 1 0 1 1 1 0 0 0 1 0 1 0 0 0 1 0 1 1 1 0 1 0 
#3526641(div: 0) 3535537(div: 1) 
1 1 21 35 
#c 0 0 1 0 0 0 0 0 1 0 1 1 0 0 0 1 0 1 0 1 1 1 0 0 0 1 0 1 0 1 0 0 0 0 0 1 1 0 0 1 1 0 0 1 0 1 1 1 0 0 0 1 0 1 0 0 0 1 0 1 1 1 0 1 0 
#3526641(div: 0) 3535537(div: 1) 
1 1 8 35 
#c 0 0 1 0 0 0 0 0 0 0 1 1 0 0 0 1 0 1 0 1 1 1 0 0 0 1 0 1 0 1 0 0 0 0 0 1 1 0 0 1 1 0 0 1 0 1 1 1 0 0 0 1 0 1 0 0 0 1 0 1 1 1 0 1 0 
#3566019(div: 0) 3496159(div: 1) 
39 26 0 1 3 4 5 6 7 8 9 12 13 14 16 18 22 23 24 26 28 30 31 32 33 34 37 38 41 42 44 48 49 50 52 54 55 56 58 62 64 2 10 11 15 17 19 20 21 25 27 29 35 36 39 40 43 45 46 47 51 53 57 59 60 61 63 
#c 0 0 1 0 0 0 0 0 0 0 1 1 0 0 0 1 0 1 0 1 1 1 0 0 0 1 0 1 0 1 0 0 0 0 0 1 1 0 0 1 1 0 0 1 0 1 1 1 0 0 0 1 0 1 0 0 0 1 0 1 1 1 0 1 0 
#3566019(div: 0) 3496159(div: 1) 
1 1 13 44 
#c 0 0 1 0 0 0 0 0 0 0 1 1 0 0 0 1 0 1 0 1 1 1 0 0 0 1 0 1 0 1 0 0 0 0 0 1 1 0 0 1 1 0 0 1 0 1 1 1 0 0 0 1 0 1 0 0 0 1 0 1 1 1 0 1 0 
#3566019(div: 0) 3496159(div: 1) 
1 1 13 38 
#c 0 0 1 0 0 0 0 0 0 0 1 1 0 0 0 1 0 1 0 1 1 1 0 0 0 1 0 1 0 1 0 0 0 0 0 1 1 0 0 1 1 0 0 1 0 1 1 1 0 0 0 1 0 1 0 0 0 1 0 1 1 1 0 1 0 
#3566019(div: 0) 3496159(div: 1) 
1 1 9 13 
#c 0 0 1 0 0 0 0 0 0 1 1 1 0 0 0 1 0 1 0 1 1 1 0 0 0 1 0 1 0 1 0 0 0 0 0 1 1 0 0 1 1 0 0 1 0 1 1 1 0 0 0 1 0 1 0 0 0 1 0 1 1 1 0 1 0 
#3562639(div: 0) 3499539(div: 1) 
38 27 0 1 3 4 5 6 7 8 12 13 14 16 18 22 23 24 26 28 30 31 32 33 34 37 38 41 42 44 48 49 50 52 54 55 56 58 62 64 2 9 10 11 15 17 19 20 21 25 27 29 35 36 39 40 43 45 46 47 51 53 57 59 60 61 63 
#c 0 0 1 0 0 0 0 0 0 1 1 1 0 0 0 1 0 1 0 1 1 1 0 0 0 1 0 1 0 1 0 0 0 0 0 1 1 0 0 1 1 0 0 1 0 1 1 1 0 0 0 1 0 1 0 0 0 1 0 1 1 1 0 1 0 
#3562639(div: 0) 3499539(div: 1) 
1 1 23 64 
#c 0 0 1 0 0 0 0 0 0 1 1 1 0 0 0 1 0 1 0 1 1 1 0 0 0 1 0 1 0 1 0 0 0 0 0 1 1 0 0 1 1 0 0 1 0 1 1 1 0 0 0 1 0 1 0 0 0 1 0 1 1 1 0 1 0 
#3562639(div: 0) 3499539(div: 1) 
1 1 23 30 
#c 0 0 1 0 0 0 0 0 0 1 1 1 0 0 0 1 0 1 0 1 1 1 0 0 0 1 0 1 0 1 0 0 0 0 0 1 1 0 0 1 1 0 0 1 0 1 1 1 0 0 0 1 0 1 0 0 0 1 0 1 1 1 0 1 0 
#3562639(div: 0) 3499539(div: 1) 
1 1 23 33 
#c 0 0 1 0 0 0 0 0 0 1 1 1 0 0 0 1 0 1 0 1 1 1 0 1 0 1 0 1 0 1 0 0 0 0 0 1 1 0 0 1 1 0 0 1 0 1 1 1 0 0 0 1 0 1 0 0 0 1 0 1 1 1 0 1 0 
#3505309(div: 0) 3556869(div: 1) 
37 28 0 1 3 4 5 6 7 8 12 13 14 16 18 22 24 26 28 30 31 32 33 34 37 38 41 42 44 48 49 50 52 54 55 56 58 62 64 2 9 10 11 15 17 19 20 21 23 25 27 29 35 36 39 40 43 45 46 47 51 53 57 59 60 61 63 
#c 0 0 1 0 0 0 0 0 0 1 1 1 0 0 0 1 0 1 0 1 1 1 0 1 0 1 0 1 0 1 0 0 0 0 0 1 1 0 0 1 1 0 0 1 0 1 1 1 0 0 0 1 0 1 0 0 0 1 0 1 1 1 0 1 0 
#3505309(div: 0) 3556869(div: 1) 
1 1 9 35 
#c 0 0 1 0 0 0 0 0 0 1 1 1 0 0 0 1 0 1 0 1 1 1 0 1 0 1 0 1 0 1 0 0 0 0 0 1 1 0 0 1 1 0 0 1 0 1 1 1 0 0 0 1 0 1 0 0 0 1 0 1 1 1 0 1 0 
#3505309(div: 0) 3556869(div: 1) 
1 1 9 53 
#c 0 0 1 0 0 0 0 0 0 1 1 1 0 0 0 1 0 1 0 1 1 1 0 1 0 1 0 1 0 1 0 0 0 0 0 1 1 0 0 1 1 0 0 1 0 1 1 1 0 0 0 1 0 1 0 0 0 1 0 1 1 1 0 1 0 
#3505309(div: 0) 3556869(div: 1) 
1 1 9 20 
#c 0 0 1 0 0 0 0 0 0 0 1 1 0 0 0 1 0 1 0 1 1 1 0 1 0 1 0 1 0 1 0 0 0 0 0 1 1 0 0 1 1 0 0 1 0 1 1 1 0 0 0 1 0 1 0 0 0 1 0 1 1 1 0 1 0 
#3508689(div: 0) 3553489(div: 1) 
38 27 0 1 3 4 5 6 7 8 9 12 13 14 16 18 22 24 26 28 30 31 32 33 34 37 38 41 42 44 48 49 50 52 54 55 56 58 62 64 2 10 11 15 17 19 20 21 23 25 27 29 35 36 39 40 43 45 46 47 51 53 57 59 60 61 63 
#c 0 0 1 0 0 0 0 0 0 0 1 1 0 0 0 1 0 1 0 1 1 1 0 1 0 1 0 1 0 1 0 0 0 0 0 1 1 0 0 1 1 0 0 1 0 1 1 1 0 0 0 1 0 1 0 0 0 1 0 1 1 1 0 1 0 
#3508689(div: 0) 3553489(div: 1) 
1 1 11 46 
#c 0 0 1 0 0 0 0 0 0 0 1 1 0 0 0 1 0 1 0 1 1 1 0 1 0 1 0 1 0 1 0 0 0 0 0 1 1 0 0 1 1 0 0 1 0 1 1 1 0 0 0 1 0 1 0 0 0 1 0 1 1 1 0 1 0 
#3508689(div: 0) 3553489(div: 1) 
1 1 11 20 
#c 0 0 1 0 0 0 0 0 0 0 1 1 0 0 0 1 0 1 0 1 1 1 0 1 0 1 0 1 0 1 0 0 0 0 0 1 1 0 0 1 1 0 0 1 0 1 1 1 0 0 0 1 0 1 0 0 0 1 0 1 1 1 0 1 0 
#3508689(div: 0) 3553489(div: 1) 
1 1 11 40 
#c 0 0 1 0 0 0 0 0 0 0 1 1 0 0 0 1 0 1 0 1 1 1 0 1 0 1 0 1 0 1 0 0 0 0 0 1 1 0 0 1 0 0 0 1 0 1 1 1 0 0 0 1 0 1 0 0 0 1 0 1 1 1 0 1 0 
#3528502(div: 0) 3533676(div: 1) 
39 26 0 1 3 4 5 6 7 8 9 12 13 14 16 18 22 24 26 28 30 31 32 33 34 37 38 40 41 42 44 48 49 50 52 54 55 56 58 62 64 2 10 11 15 17 19 20 21 23 25 27 29 35 36 39 43 45 46 47 51 53 57 59 60 61 63 
#c 0 0 1 0 0 0 0 0 0 0 1 1 0 0 0 1 0 1 0 1 1 1 0 1 0 1 0 1 0 1 0 0 0 0 0 1 1 0 0 1 0 0 0 1 0 1 1 1 0 0 0 1 0 1 0 0 0 1 0 1 1 1 0 1 0 
#3528502(div: 0) 3533676(div: 1) 
1 1 47 61 
#c 0 0 1 0 0 0 0 0 0 0 1 1 0 0 0 1 0 1 0 1 1 1 0 1 0 1 0 1 0 1 0 0 0 0 0 1 1 0 0 1 0 0 0 1 0 1 1 1 0 0 0 1 0 1 0 0 0 1 0 1 1 1 0 1 0 
#3528502(div: 0) 3533676(div: 1) 
1 1 59 61 
#c 0 0 1 0 0 0 0 0 0 0 1 1 0 0 0 1 0 1 0 1 1 1 0 1 0 1 0 1 0 1 0 0 0 0 0 1 1 0 0 1 0 0 0 1 0 1 1 1 0 0 0 1 0 1 0 0 0 1 0 1 1 1 0 1 0 
#3528502(div: 0) 3533676(div: 1) 
1 1 10 61 
#c 0 0 1 0 0 0 0 0 0 0 1 1 0 0 0 1 0 1 0 1 1 1 0 1 0 1 0 1 0 1 0 0 0 0 0 1 1 0 0 1 0 0 0 1 0 1 1 1 0 0 0 1 0 1 0 0 0 1 0 1 1 0 0 1 0 
#3573314(div: 0) 3488864(div: 1) 
40 25 0 1 3 4 5 6 7 8 9 12 13 14 16 18 22 24 26 28 30 31 32 33 34 37 38 40 41 42 44 48 49 50 52 54 55 56 58 61 62 64 2 10 11 15 17 19 20 21 23 25 27 29 35 36 39 43 45 46 47 51 53 57 59 60 63 
#c 0 0 1 0 0 0 0 0 0 0 1 1 0 0 0 1 0 1 0 1 1 1 0 1 0 1 0 1 0 1 0 0 0 0 0 1 1 0 0 1 0 0 0 1 0 1 1 1 0 0 0 1 0 1 0 0 0 1 0 1 1 0 0 1 0 
#3573314(div: 0) 3488864(div: 1) 
1 1 4 6 
#c 0 0 1 0 0 0 0 0 0 0 1 1 0 0 0 1 0 1 0 1 1 1 0 1 0 1 0 1 0 1 0 0 0 0 0 1 1 0 0 1 0 0 0 1 0 1 1 1 0 0 0 1 0 1 0 0 0 1 0 1 1 0 0 1 0 
#3573314(div: 0) 3488864(div: 1) 
1 1 4 22 
#c 0 0 1 0 0 0 0 0 0 0 1 1 0 0 0 1 0 1 0 1 1 1 0 1 0 1 0 1 0 1 0 0 0 0 0 1 1 0 0 1 0 0 0 1 0 1 1 1 0 0 0 1 0 1 0 0 0 1 0 1 1 0 0 1 0 
#3573314(div: 0) 3488864(div: 1) 
1 1 4 28 
#c 0 0 1 0 1 0 0 0 0 0 1 1 0 0 0 1 0 1 0 1 1 1 0 1 0 1 0 1 0 1 0 0 0 0 0 1 1 0 0 1 0 0 0 1 0 1 1 1 0 0 0 1 0 1 0 0 0 1 0 1 1 0 0 1 0 
#3555624(div: 0) 3506554(div: 1) 
39 26 0 1 3 5 6 7 8 9 12 13 14 16 18 22 24 26 28 30 31 32 33 34 37 38 40 41 42 44 48 49 50 52 54 55 56 58 61 62 64 2 4 10 11 15 17 19 20 21 23 25 27 29 35 36 39 43 45 46 47 51 53 57 59 60 63 
#c 0 0 1 0 1 0 0 0 0 0 1 1 0 0 0 1 0 1 0 1 1 1 0 1 0 1 0 1 0 1 0 0 0 0 0 1 1 0 0 1 0 0 0 1 0 1 1 1 0 0 0 1 0 1 0 0 0 1 0 1 1 0 0 1 0 
#3555624(div: 0) 3506554(div: 1) 
1 1 7 62 
#c 0 0 1 0 1 0 0 0 0 0 1 1 0 0 0 1 0 1 0 1 1 1 0 1 0 1 0 1 0 1 0 0 0 0 0 1 1 0 0 1 0 0 0 1 0 1 1 1 0 0 0 1 0 1 0 0 0 1 0 1 1 0 0 1 0 
#3555624(div: 0) 3506554(div: 1) 
1 1 7 49 
#c 0 0 1 0 1 0 0 0 0 0 1 1 0 0 0 1 0 1 0 1 1 1 0 1 0 1 0 1 0 1 0 0 0 0 0 1 1 0 0 1 0 0 0 1 0 1 1 1 0 0 0 1 0 1 0 0 0 1 0 1 1 0 0 1 0 
#3555624(div: 0) 3506554(div: 1) 
1 1 7 14 
#c 0 0 1 0 1 0 0 0 0 0 1 1 0 0 0 1 0 1 0 1 1 1 0 1 0 1 0 1 0 1 0 0 0 0 0 1 1 0 0 1 0 0 0 1 0 1 1 1 0 0 0 1 0 1 0 0 0 1 0 1 1 0 0 1 0 
#3555624(div: 0) 3506554(div: 1) 
1 1 12 14 
#c 0 0 1 0 1 0 0 0 0 0 1 1 0 0 0 1 0 1 0 1 1 1 0 1 0 1 0 1 0 1 0 0 0 0 0 1 1 0 0 1 0 0 0 1 0 1 1 1 0 0 0 1 0 1 0 0 0 1 0 1 1 0 0 1 0 
#3555624(div: 0) 3506554(div: 1) 
1 1 8 12 
#c 0 0 1 0 1 0 0 0 0 0 1 1 0 0 0 1 0 1 0 1 1 1 0 1 0 1 0 1 0 1 0 0 0 0 0 1 1 0 0 1 0 0 0 1 0 1 1 1 0 0 0 1 0 1 0 0 0 1 0 1 1 0 0 1 0 
#3555624(div: 0) 3506554(div: 1) 
1 1 0 12 
#c 0 0 1 0 1 0 0 0 0 0 1 1 0 0 0 1 0 1 0 1 1 1 0 1 0 1 0 1 0 1 0 0 0 0 0 1 1 0 0 1 0 0 0 1 0 1 1 1 0 0 0 1 0 1 0 0 0 1 0 1 1 0 0 1 0 
#3555624(div: 0) 3506554(div: 1) 
1 1 12 56 
#c 0 0 1 0 1 0 0 0 0 0 1 1 0 0 0 1 0 1 0 1 1 1 0 1 0 1 0 1 0 1 0 0 0 0 0 1 1 0 0 1 0 0 0 1 0 1 1 1 0 0 0 1 0 1 0 0 0 1 0 1 1 0 0 1 0 
#3555624(div: 0) 3506554(div: 1) 
1 1 5 12 
#c 0 0 1 0 1 0 0 0 0 0 1 1 0 0 0 1 0 1 0 1 1 1 0 1 0 1 0 1 0 1 0 0 0 0 0 1 1 0 0 1 0 0 0 1 0 1 1 1 0 0 0 1 0 1 0 0 0 1 0 1 1 0 0 1 0 
#3555624(div: 0) 3506554(div: 1) 
1 1 12 38 
#c 0 0 1 0 1 0 0 0 0 0 1 1 0 0 0 1 0 1 0 1 1 1 0 1 0 1 0 1 0 1 0 0 0 0 0 1 1 0 0 1 0 0 0 1 0 1 1 1 0 0 0 1 0 1 0 0 0 1 0 1 1 0 0 1 0 
#3555624(div: 0) 3506554(div: 1) 
1 1 12 32 
#c 0 0 1 0 1 0 0 0 0 0 1 1 1 0 0 1 0 1 0 1 1 1 0 1 0 1 0 1 0 1 0 0 0 0 0 1 1 0 0 1 0 0 0 1 0 1 1 1 0 0 0 1 0 1 0 0 0 1 0 1 1 0 0 1 0 
#3552909(div: 0) 3509269(div: 1) 
38 27 0 1 3 5 6 7 8 9 13 14 16 18 22 24 26 28 30 31 32 33 34 37 38 40 41 42 44 48 49 50 52 54 55 56 58 61 62 64 2 4 10 11 12 15 17 19 20 21 23 25 27 29 35 36 39 43 45 46 47 51 53 57 59 60 63 
#c 0 0 1 0 1 0 0 0 0 0 1 1 1 0 0 1 0 1 0 1 1 1 0 1 0 1 0 1 0 1 0 0 0 0 0 1 1 0 0 1 0 0 0 1 0 1 1 1 0 0 0 1 0 1 0 0 0 1 0 1 1 0 0 1 0 
#3552909(div: 0) 3509269(div: 1) 
1 1 52 62 
#c 0 0 1 0 1 0 0 0 0 0 1 1 1 0 0 1 0 1 0 1 1 1 0 1 0 1 0 1 0 1 0 0 0 0 0 1 1 0 0 1 0 0 0 1 0 1 1 1 0 0 0 1 0 1 0 0 0 1 0 1 1 0 0 1 0 
#3552909(div: 0) 3509269(div: 1) 
1 1 5 52 
#c 0 0 1 0 1 0 0 0 0 0 1 1 1 0 0 1 0 1 0 1 1 1 0 1 0 1 0 1 0 1 0 0 0 0 0 1 1 0 0 1 0 0 0 1 0 1 1 1 0 0 0 1 0 1 0 0 0 1 0 1 1 0 0 1 0 
#3552909(div: 0) 3509269(div: 1) 
1 1 52 56 
#c 0 0 1 0 1 0 0 0 0 0 1 1 1 0 0 1 0 1 0 1 1 1 0 1 0 1 0 1 0 1 0 0 0 0 0 1 1 0 0 1 0 0 0 1 0 1 1 1 0 0 0 1 0 1 0 0 0 1 0 1 1 0 0 1 0 
#3552909(div: 0) 3509269(div: 1) 
1 1 0 52 
#c 0 0 1 0 1 0 0 0 0 0 1 1 1 0 0 1 0 1 0 1 1 1 0 1 0 1 0 1 0 1 0 0 0 0 0 1 1 0 0 1 0 0 0 1 0 1 1 1 0 0 0 1 0 1 0 0 0 1 0 1 1 0 0 1 0 
#3552909(div: 0) 3509269(div: 1) 
1 1 52 55 
#c 0 0 1 0 1 0 0 0 0 0 1 1 1 0 0 1 0 1 0 1 1 1 0 1 0 1 0 1 0 1 0 0 0 0 0 1 1 0 0 1 0 0 0 1 0 1 1 1 0 0 0 1 0 1 0 0 0 1 0 1 1 0 0 1 0 
#3552909(div: 0) 3509269(div: 1) 
1 1 28 55 
#c 0 0 1 0 1 0 0 0 0 0 1 1 1 0 0 1 0 1 0 1 1 1 0 1 0 1 0 1 0 1 0 0 0 0 0 1 1 0 0 1 0 0 0 1 0 1 1 1 0 0 0 1 0 1 0 0 0 1 0 1 1 0 0 1 0 
#3552909(div: 0) 3509269(div: 1) 
1 1 40 55 
#c 0 0 1 0 1 0 0 0 0 0 1 1 1 0 0 1 0 1 0 1 1 1 0 1 0 1 0 1 0 1 0 0 0 0 0 1 1 0 0 1 0 0 0 1 0 1 1 1 0 0 0 1 0 1 0 0 0 1 0 1 1 0 0 1 0 
#3552909(div: 0) 3509269(div: 1) 
1 1 40 42 
#c 0 0 1 0 1 0 0 0 0 0 1 1 1 0 0 1 0 1 0 1 1 1 0 1 0 1 0 1 0 1 0 0 0 0 0 1 1 0 0 1 0 0 0 1 0 1 1 1 0 0 0 1 0 1 0 0 0 1 0 1 1 0 0 1 0 
#3552909(div: 0) 3509269(div: 1) 
1 1 8 40 
#c 0 0 1 0 1 0 0 0 0 0 1 1 1 0 0 1 0 1 0 1 1 1 0 1 0 1 0 1 0 1 0 0 0 0 0 1 1 0 0 1 0 0 0 1 0 1 1 1 0 0 0 1 0 1 0 0 0 1 0 1 1 0 0 1 0 
#3552909(div: 0) 3509269(div: 1) 
1 1 40 49 
#c 0 0 1 0 1 0 0 0 0 0 1 1 1 0 0 1 0 1 0 1 1 1 0 1 0 1 0 1 0 1 0 0 0 0 0 1 1 0 0 1 1 0 0 1 0 1 1 1 0 0 0 1 0 1 0 0 0 1 0 1 1 0 0 1 0 
#3533096(div: 0) 3529082(div: 1) 
37 28 0 1 3 5 6 7 8 9 13 14 16 18 22 24 26 28 30 31 32 33 34 37 38 41 42 44 48 49 50 52 54 55 56 58 61 62 64 2 4 10 11 12 15 17 19 20 21 23 25 27 29 35 36 39 40 43 45 46 47 51 53 57 59 60 63 
#c 0 0 1 0 1 0 0 0 0 0 1 1 1 0 0 1 0 1 0 1 1 1 0 1 0 1 0 1 0 1 0 0 0 0 0 1 1 0 0 1 1 0 0 1 0 1 1 1 0 0 0 1 0 1 0 0 0 1 0 1 1 0 0 1 0 
#3533096(div: 0) 3529082(div: 1) 
1 1 26 38 
#c 0 0 1 0 1 0 0 0 0 0 1 1 1 0 0 1 0 1 0 1 1 1 0 1 0 1 0 1 0 1 0 0 0 0 0 1 1 0 0 1 1 0 0 1 0 1 1 1 0 0 0 1 0 1 0 0 0 1 0 1 1 0 0 1 0 
#3533096(div: 0) 3529082(div: 1) 
1 1 26 34 
#c 0 0 1 0 1 0 0 0 0 0 1 1 1 0 0 1 0 1 0 1 1 1 0 1 0 1 0 1 0 1 0 0 0 0 0 1 1 0 0 1 1 0 0 1 0 1 1 1 0 0 0 1 0 1 0 0 0 1 0 1 1 0 0 1 0 
#3533096(div: 0) 3529082(div: 1) 
1 1 24 34 
#c 0 0 1 0 1 0 0 0 0 0 1 1 1 0 0 1 0 1 0 1 1 1 0 1 0 1 0 1 0 1 0 0 0 0 0 1 1 0 0 1 1 0 0 1 0 1 1 1 0 0 0 1 0 1 0 0 0 1 0 1 1 0 0 1 0 
#3533096(div: 0) 3529082(div: 1) 
1 1 8 34 
#c 0 0 1 0 1 0 0 0 0 0 1 1 1 0 0 1 0 1 0 1 1 1 0 1 0 1 0 1 0 1 0 0 0 0 0 1 1 0 0 1 1 0 0 1 0 1 1 1 0 0 0 1 0 1 0 0 0 1 0 1 1 0 0 1 0 
#3533096(div: 0) 3529082(div: 1) 
1 1 8 52 
#c 0 0 1 0 1 0 0 0 0 0 1 1 1 0 0 1 0 1 0 1 1 1 0 1 0 1 0 1 0 1 0 0 0 0 0 1 1 0 0 1 1 0 0 1 0 1 1 1 0 0 0 1 0 1 0 0 0 1 0 1 1 0 0 1 0 
#3533096(div: 0) 3529082(div: 1) 
1 1 1 52 
#c 0 0 1 0 1 0 0 0 0 0 1 1 1 0 0 1 0 1 0 1 1 1 0 1 0 1 0 1 0 1 0 0 0 0 0 1 1 0 0 1 1 0 0 1 0 1 1 1 0 0 0 1 0 1 0 0 0 1 0 1 1 0 0 1 0 
#3533096(div: 0) 3529082(div: 1) 
1 1 1 41 
#c 0 0 1 0 1 0 0 0 0 0 1 1 1 0 0 1 0 1 0 1 1 1 0 1 0 1 0 1 0 1 0 0 0 0 0 1 1 0 0 1 1 0 0 1 0 1 1 1 0 0 0 1 0 1 0 0 0 1 0 1 1 0 0 1 0 
#3533096(div: 0) 3529082(div: 1) 
1 1 41 49 
#c 0 0 1 0 1 0 0 0 0 0 1 1 1 0 0 1 0 1 0 1 1 1 0 1 0 1 0 1 0 1 0 0 0 0 0 1 1 0 0 1 1 0 0 1 0 1 1 1 0 0 0 1 0 1 0 0 0 1 0 1 1 0 0 1 0 
#3533096(div: 0) 3529082(div: 1) 
1 1 30 41 
#c 0 0 1 0 1 0 0 0 0 0 1 1 1 0 0 1 0 1 0 1 1 1 0 1 0 1 0 1 0 1 0 0 0 0 0 1 1 0 0 1 1 0 0 1 0 1 1 1 0 0 0 1 0 1 0 0 0 1 0 1 1 0 0 1 0 
#3533096(div: 0) 3529082(div: 1) 
1 1 41 44 
#c 0 0 1 0 1 0 0 0 0 0 1 1 1 0 0 1 0 1 0 1 1 1 0 1 0 1 0 1 0 1 0 0 0 0 0 1 1 0 0 1 1 1 0 1 0 1 1 1 0 0 0 1 0 1 0 0 0 1 0 1 1 0 0 1 0 
#3531065(div: 0) 3531113(div: 1) 
36 29 0 1 3 5 6 7 8 9 13 14 16 18 22 24 26 28 30 31 32 33 34 37 38 42 44 48 49 50 52 54 55 56 58 61 62 64 2 4 10 11 12 15 17 19 20 21 23 25 27 29 35 36 39 40 41 43 45 46 47 51 53 57 59 60 63 
0 0 1 0 1 0 0 0 0 0 1 1 1 0 0 1 0 1 0 1 1 1 0 1 0 1 0 1 0 1 0 0 0 0 0 1 1 0 0 1 1 1 0 1 0 1 1 1 0 0 0 1 0 1 0 0 0 1 0 1 1 0 0 1 0 
#2401
