#c 0 1 2 3 4 0 1 2 3 4 0 1 2 3 4 0 1 2 3 4 0 1 2 3 4 0 1 2 3 4 0 1 2 3 4 0 1 2 3 4 0 1 2 3 4 0 1 2 3 4 0 1 2 3 4 0 1 2 3 4 0 1 2 3 4 0 1 2 3 4 0 1 2 3 4 0 1 2 3 
#2373871(div: 0) 1521144(div: 1) 1783574(div: 2) 1137981(div: 3) 1429434(div: 4) 
16 15 0 5 10 15 20 25 30 35 40 45 50 55 60 65 70 75 4 9 14 19 24 29 34 39 44 49 54 59 64 69 74 
#c 0 1 2 3 4 0 1 2 3 4 0 1 2 3 4 0 1 2 3 4 0 1 2 3 4 0 1 2 3 4 0 1 2 3 4 0 1 2 3 4 0 1 2 3 4 0 1 2 3 4 0 1 2 3 4 0 1 2 3 4 0 1 2 3 4 0 1 2 3 4 0 1 2 3 4 0 1 2 3 
#2373871(div: 0) 1521144(div: 1) 1783574(div: 2) 1137981(div: 3) 1429434(div: 4) 
15 16 4 9 14 19 24 29 34 39 44 49 54 59 64 69 74 3 8 13 18 23 28 33 38 43 48 53 58 63 68 73 78 
#c 0 1 2 3 4 0 1 2 3 4 0 1 2 3 4 0 1 2 3 4 0 1 2 3 4 0 1 2 3 4 0 1 2 3 4 0 1 2 3 4 0 1 2 3 4 0 1 2 3 4 0 1 2 3 4 0 1 2 3 4 0 1 2 3 4 0 1 2 3 4 0 1 2 3 4 0 1 2 3 
#2373871(div: 0) 1521144(div: 1) 1783574(div: 2) 1137981(div: 3) 1429434(div: 4) 
16 16 3 8 13 18 23 28 33 38 43 48 53 58 63 68 73 78 2 7 12 17 22 27 32 37 42 47 52 57 62 67 72 77 
#c 0 1 2 3 4 0 1 2 3 4 0 1 2 3 4 0 1 2 3 4 0 1 2 3 4 0 1 2 3 4 0 1 2 3 4 0 1 2 3 4 0 1 2 3 4 0 1 2 3 4 0 1 2 3 4 0 1 2 3 4 0 1 2 3 4 0 1 2 3 4 0 1 2 3 4 0 1 2 3 
#2373871(div: 0) 1521144(div: 1) 1783574(div: 2) 1137981(div: 3) 1429434(div: 4) 
16 16 0 5 10 15 20 25 30 35 40 45 50 55 60 65 70 75 2 7 12 17 22 27 32 37 42 47 52 57 62 67 72 77 
#c 0 1 2 3 4 0 1 2 3 4 0 1 2 3 4 0 1 2 3 4 0 1 2 3 4 0 1 2 3 4 0 1 2 3 4 0 1 2 3 4 0 1 2 3 4 0 1 2 3 4 0 1 2 3 4 0 1 2 3 4 0 1 2 3 4 0 1 2 3 4 0 1 2 3 4 0 1 2 3 
#2373871(div: 0) 1521144(div: 1) 1783574(div: 2) 1137981(div: 3) 1429434(div: 4) 
1 1 0 5 
#c 0 1 2 3 4 0 1 2 3 4 0 1 2 3 4 0 1 2 3 4 0 1 2 3 4 0 1 2 3 4 0 1 2 3 4 0 1 2 3 4 0 1 2 3 4 0 1 2 3 4 0 1 2 3 4 0 1 2 3 4 0 1 2 3 4 0 1 2 3 4 0 1 2 3 4 0 1 2 3 
#2373871(div: 0) 1521144(div: 1) 1783574(div: 2) 1137981(div: 3) 1429434(div: 4) 
1 1 5 50 
#c 0 1 2 3 4 0 1 2 3 4 0 1 2 3 4 0 1 2 3 4 0 1 2 3 4 0 1 2 3 4 0 1 2 3 4 0 1 2 3 4 0 1 2 3 4 0 1 2 3 4 0 1 2 3 4 0 1 2 3 4 0 1 2 3 4 0 1 2 3 4 0 1 2 3 4 0 1 2 3 
#2373871(div: 0) 1521144(div: 1) 1783574(div: 2) 1137981(div: 3) 1429434(div: 4) 
1 1 5 65 
#c 0 1 2 3 4 3 1 2 3 4 0 1 2 3 4 0 1 2 3 4 0 1 2 3 4 0 1 2 3 4 0 1 2 3 4 0 1 2 3 4 0 1 2 3 4 0 1 2 3 4 0 1 2 3 4 0 1 2 3 4 0 1 2 3 4 0 1 2 3 4 0 1 2 3 4 0 1 2 3 
#2355880(div: 0) 1521144(div: 1) 1783574(div: 2) 1155972(div: 3) 1429434(div: 4) 
15 17 0 10 15 20 25 30 35 40 45 50 55 60 65 70 75 3 5 8 13 18 23 28 33 38 43 48 53 58 63 68 73 78 
#c 0 1 2 3 4 3 1 2 3 4 0 1 2 3 4 0 1 2 3 4 0 1 2 3 4 0 1 2 3 4 0 1 2 3 4 0 1 2 3 4 0 1 2 3 4 0 1 2 3 4 0 1 2 3 4 0 1 2 3 4 0 1 2 3 4 0 1 2 3 4 0 1 2 3 4 0 1 2 3 
#2355880(div: 0) 1521144(div: 1) 1783574(div: 2) 1155972(div: 3) 1429434(div: 4) 
1 1 10 30 
#c 0 1 2 3 4 3 1 2 3 4 0 1 2 3 4 0 1 2 3 4 0 1 2 3 4 0 1 2 3 4 0 1 2 3 4 0 1 2 3 4 0 1 2 3 4 0 1 2 3 4 0 1 2 3 4 0 1 2 3 4 0 1 2 3 4 0 1 2 3 4 0 1 2 3 4 0 1 2 3 
#2355880(div: 0) 1521144(div: 1) 1783574(div: 2) 1155972(div: 3) 1429434(div: 4) 
1 1 10 40 
#c 0 1 2 3 4 3 1 2 3 4 0 1 2 3 4 0 1 2 3 4 0 1 2 3 4 0 1 2 3 4 0 1 2 3 4 0 1 2 3 4 0 1 2 3 4 0 1 2 3 4 0 1 2 3 4 0 1 2 3 4 0 1 2 3 4 0 1 2 3 4 0 1 2 3 4 0 1 2 3 
#2355880(div: 0) 1521144(div: 1) 1783574(div: 2) 1155972(div: 3) 1429434(div: 4) 
1 1 35 40 
#c 0 1 2 3 4 3 1 2 3 4 0 1 2 3 4 0 1 2 3 4 0 1 2 3 4 0 1 2 3 4 0 1 2 3 4 3 1 2 3 4 0 1 2 3 4 0 1 2 3 4 0 1 2 3 4 0 1 2 3 4 0 1 2 3 4 0 1 2 3 4 0 1 2 3 4 0 1 2 3 
#2348734(div: 0) 1521144(div: 1) 1783574(div: 2) 1163118(div: 3) 1429434(div: 4) 
16 16 1 6 11 16 21 26 31 36 41 46 51 56 61 66 71 76 2 7 12 17 22 27 32 37 42 47 52 57 62 67 72 77 
#c 0 1 2 3 4 3 1 2 3 4 0 1 2 3 4 0 1 2 3 4 0 1 2 3 4 0 1 2 3 4 0 1 2 3 4 3 1 2 3 4 0 1 2 3 4 0 1 2 3 4 0 1 2 3 4 0 1 2 3 4 0 1 2 3 4 0 1 2 3 4 0 1 2 3 4 0 1 2 3 
#2348734(div: 0) 1521144(div: 1) 1783574(div: 2) 1163118(div: 3) 1429434(div: 4) 
16 18 1 6 11 16 21 26 31 36 41 46 51 56 61 66 71 76 3 5 8 13 18 23 28 33 35 38 43 48 53 58 63 68 73 78 
#c 0 1 2 3 4 3 1 2 3 4 0 1 2 3 4 0 1 2 3 4 0 1 2 3 4 0 1 2 3 4 0 1 2 3 4 3 1 2 3 4 0 1 2 3 4 0 1 2 3 4 0 1 2 3 4 0 1 2 3 4 0 1 2 3 4 0 1 2 3 4 0 1 2 3 4 0 1 2 3 
#2348734(div: 0) 1521144(div: 1) 1783574(div: 2) 1163118(div: 3) 1429434(div: 4) 
18 15 3 5 8 13 18 23 28 33 35 38 43 48 53 58 63 68 73 78 4 9 14 19 24 29 34 39 44 49 54 59 64 69 74 
#c 0 1 2 3 4 3 1 2 3 4 0 1 2 3 4 0 1 2 3 4 0 1 2 3 4 0 1 2 3 4 0 1 2 3 4 3 1 2 3 4 0 1 2 3 4 0 1 2 3 4 0 1 2 3 4 0 1 2 3 4 0 1 2 3 4 0 1 2 3 4 0 1 2 3 4 0 1 2 3 
#2348734(div: 0) 1521144(div: 1) 1783574(div: 2) 1163118(div: 3) 1429434(div: 4) 
16 15 2 7 12 17 22 27 32 37 42 47 52 57 62 67 72 77 4 9 14 19 24 29 34 39 44 49 54 59 64 69 74 
#c 0 1 2 3 4 3 1 2 3 4 0 1 2 3 4 0 1 2 3 4 0 1 2 3 4 0 1 2 3 4 0 1 2 3 4 3 1 2 3 4 0 1 2 3 4 0 1 2 3 4 0 1 2 3 4 0 1 2 3 4 0 1 2 3 4 0 1 2 3 4 0 1 2 3 4 0 1 2 3 
#2348734(div: 0) 1521144(div: 1) 1783574(div: 2) 1163118(div: 3) 1429434(div: 4) 
1 1 2 57 
#c 0 1 2 3 4 3 1 2 3 4 0 1 2 3 4 0 1 2 3 4 0 1 2 3 4 0 1 2 3 4 0 1 2 3 4 3 1 2 3 4 0 1 2 3 4 0 1 2 3 4 0 1 2 3 4 0 1 2 3 4 0 1 2 3 4 0 1 2 3 4 0 1 2 3 4 0 1 2 3 
#2348734(div: 0) 1521144(div: 1) 1783574(div: 2) 1163118(div: 3) 1429434(div: 4) 
1 1 52 57 
#c 0 1 2 3 4 3 1 2 3 4 0 1 2 3 4 0 1 2 3 4 0 1 2 3 4 0 1 2 3 4 0 1 2 3 4 3 1 2 3 4 0 1 2 3 4 0 1 2 3 4 0 1 2 3 4 0 1 2 3 4 0 1 2 3 4 0 1 2 3 4 0 1 2 3 4 0 1 2 3 
#2348734(div: 0) 1521144(div: 1) 1783574(div: 2) 1163118(div: 3) 1429434(div: 4) 
1 1 7 57 
#c 0 1 2 3 4 3 1 2 3 4 0 1 2 3 4 0 1 2 3 4 0 1 2 3 4 0 1 2 3 4 0 1 2 3 4 3 1 2 3 4 0 1 2 3 4 0 1 2 3 4 0 1 2 3 4 0 1 3 3 4 0 1 2 3 4 0 1 2 3 4 0 1 2 3 4 0 1 2 3 
#2348734(div: 0) 1521144(div: 1) 1777268(div: 2) 1169424(div: 3) 1429434(div: 4) 
15 19 2 7 12 17 22 27 32 37 42 47 52 62 67 72 77 3 5 8 13 18 23 28 33 35 38 43 48 53 57 58 63 68 73 78 
#c 0 1 2 3 4 3 1 2 3 4 0 1 2 3 4 0 1 2 3 4 0 1 2 3 4 0 1 2 3 4 0 1 2 3 4 3 1 2 3 4 0 1 2 3 4 0 1 2 3 4 0 1 2 3 4 0 1 3 3 4 0 1 2 3 4 0 1 2 3 4 0 1 2 3 4 0 1 2 3 
#2348734(div: 0) 1521144(div: 1) 1777268(div: 2) 1169424(div: 3) 1429434(div: 4) 
1 1 2 42 
#c 0 1 2 3 4 3 1 2 3 4 0 1 2 3 4 0 1 2 3 4 0 1 2 3 4 0 1 2 3 4 0 1 2 3 4 3 1 2 3 4 0 1 2 3 4 0 1 2 3 4 0 1 2 3 4 0 1 3 3 4 0 1 2 3 4 0 1 2 3 4 0 1 2 3 4 0 1 2 3 
#2348734(div: 0) 1521144(div: 1) 1777268(div: 2) 1169424(div: 3) 1429434(div: 4) 
1 1 27 42 
#c 0 1 2 3 4 3 1 2 3 4 0 1 2 3 4 0 1 2 3 4 0 1 2 3 4 0 1 2 3 4 0 1 2 3 4 3 1 2 3 4 0 1 2 3 4 0 1 2 3 4 0 1 2 3 4 0 1 3 3 4 0 1 2 3 4 0 1 2 3 4 0 1 2 3 4 0 1 2 3 
#2348734(div: 0) 1521144(div: 1) 1777268(div: 2) 1169424(div: 3) 1429434(div: 4) 
1 1 27 62 
#c 0 1 2 3 4 3 1 2 3 4 0 1 2 3 4 0 1 2 3 4 0 1 2 3 4 0 1 3 3 4 0 1 2 3 4 3 1 2 3 4 0 1 2 3 4 0 1 2 3 4 0 1 2 3 4 0 1 3 3 4 0 1 2 3 4 0 1 2 3 4 0 1 2 3 4 0 1 2 3 
#2348734(div: 0) 1521144(div: 1) 1762514(div: 2) 1184178(div: 3) 1429434(div: 4) 
16 20 1 6 11 16 21 26 31 36 41 46 51 56 61 66 71 76 3 5 8 13 18 23 27 28 33 35 38 43 48 53 57 58 63 68 73 78 
#c 0 1 2 3 4 3 1 2 3 4 0 1 2 3 4 0 1 2 3 4 0 1 2 3 4 0 1 3 3 4 0 1 2 3 4 3 1 2 3 4 0 1 2 3 4 0 1 2 3 4 0 1 2 3 4 0 1 3 3 4 0 1 2 3 4 0 1 2 3 4 0 1 2 3 4 0 1 2 3 
#2348734(div: 0) 1521144(div: 1) 1762514(div: 2) 1184178(div: 3) 1429434(div: 4) 
20 15 3 5 8 13 18 23 27 28 33 35 38 43 48 53 57 58 63 68 73 78 4 9 14 19 24 29 34 39 44 49 54 59 64 69 74 
#c 0 1 2 3 4 3 1 2 3 4 0 1 2 3 4 0 1 2 3 4 0 1 2 3 4 0 1 3 3 4 0 1 2 3 4 3 1 2 3 4 0 1 2 3 4 0 1 2 3 4 0 1 2 3 4 0 1 3 3 4 0 1 2 3 4 0 1 2 3 4 0 1 2 3 4 0 1 2 3 
#2348734(div: 0) 1521144(div: 1) 1762514(div: 2) 1184178(div: 3) 1429434(div: 4) 
16 15 1 6 11 16 21 26 31 36 41 46 51 56 61 66 71 76 4 9 14 19 24 29 34 39 44 49 54 59 64 69 74 
#c 0 1 2 3 4 3 1 2 3 4 0 1 2 3 4 0 1 2 3 4 0 1 2 3 4 0 1 3 3 4 0 1 2 3 4 3 1 2 3 4 0 1 2 3 4 0 1 2 3 4 0 1 2 3 4 0 1 3 3 4 0 1 2 3 4 0 1 2 3 4 0 1 2 3 4 0 1 2 3 
#2348734(div: 0) 1521144(div: 1) 1762514(div: 2) 1184178(div: 3) 1429434(div: 4) 
20 14 3 5 8 13 18 23 27 28 33 35 38 43 48 53 57 58 63 68 73 78 0 10 15 20 25 30 40 45 50 55 60 65 70 75 
#c 0 1 2 3 4 3 1 2 3 4 0 1 2 3 4 0 1 2 3 4 0 1 2 3 4 0 1 3 3 4 0 1 2 3 4 3 1 2 3 4 0 1 2 3 4 0 1 2 3 4 0 1 2 3 4 0 1 3 3 4 0 1 2 3 4 0 1 2 3 4 0 1 2 3 4 0 1 2 3 
#2348734(div: 0) 1521144(div: 1) 1762514(div: 2) 1184178(div: 3) 1429434(div: 4) 
16 14 1 6 11 16 21 26 31 36 41 46 51 56 61 66 71 76 0 10 15 20 25 30 40 45 50 55 60 65 70 75 
#c 0 1 2 3 4 3 1 2 3 4 0 1 2 3 4 0 1 2 3 4 0 1 2 3 4 0 1 3 3 4 0 1 2 3 4 3 1 2 3 4 0 1 2 3 4 0 1 2 3 4 0 1 2 3 4 0 1 3 3 4 0 1 2 3 4 0 1 2 3 4 0 1 2 3 4 0 1 2 3 
#2348734(div: 0) 1521144(div: 1) 1762514(div: 2) 1184178(div: 3) 1429434(div: 4) 
1 1 25 45 
#c 0 1 2 3 4 3 1 2 3 4 0 1 2 3 4 0 1 2 3 4 0 1 2 3 4 0 1 3 3 4 0 1 2 3 4 3 1 2 3 4 0 1 2 3 4 0 1 2 3 4 0 1 2 3 4 0 1 3 3 4 0 1 2 3 4 0 1 2 3 4 0 1 2 3 4 0 1 2 3 
#2348734(div: 0) 1521144(div: 1) 1762514(div: 2) 1184178(div: 3) 1429434(div: 4) 
1 1 40 45 
#c 0 1 2 3 4 3 1 2 3 4 0 1 2 3 4 0 1 2 3 4 0 1 2 3 4 0 1 3 3 4 0 1 2 3 4 3 1 2 3 4 0 1 2 3 4 0 1 2 3 4 0 1 2 3 4 0 1 3 3 4 0 1 2 3 4 0 1 2 3 4 0 1 2 3 4 0 1 2 3 
#2348734(div: 0) 1521144(div: 1) 1762514(div: 2) 1184178(div: 3) 1429434(div: 4) 
1 1 40 55 
#c 0 1 2 3 4 3 1 2 3 4 0 1 2 3 4 0 1 2 3 4 0 1 2 3 4 0 1 3 3 4 0 1 2 3 4 3 1 2 3 4 0 1 2 3 4 0 1 2 3 4 0 1 2 3 4 3 1 3 3 4 0 1 2 3 4 0 1 2 3 4 0 1 2 3 4 0 1 2 3 
#2289007(div: 0) 1521144(div: 1) 1762514(div: 2) 1243905(div: 3) 1429434(div: 4) 
13 21 0 10 15 20 25 30 40 45 50 60 65 70 75 3 5 8 13 18 23 27 28 33 35 38 43 48 53 55 57 58 63 68 73 78 
#c 0 1 2 3 4 3 1 2 3 4 0 1 2 3 4 0 1 2 3 4 0 1 2 3 4 0 1 3 3 4 0 1 2 3 4 3 1 2 3 4 0 1 2 3 4 0 1 2 3 4 0 1 2 3 4 3 1 3 3 4 0 1 2 3 4 0 1 2 3 4 0 1 2 3 4 0 1 2 3 
#2289007(div: 0) 1521144(div: 1) 1762514(div: 2) 1243905(div: 3) 1429434(div: 4) 
1 1 15 45 
#c 0 1 2 3 4 3 1 2 3 4 0 1 2 3 4 0 1 2 3 4 0 1 2 3 4 0 1 3 3 4 0 1 2 3 4 3 1 2 3 4 0 1 2 3 4 0 1 2 3 4 0 1 2 3 4 3 1 3 3 4 0 1 2 3 4 0 1 2 3 4 0 1 2 3 4 0 1 2 3 
#2289007(div: 0) 1521144(div: 1) 1762514(div: 2) 1243905(div: 3) 1429434(div: 4) 
1 1 0 45 
#c 0 1 2 3 4 3 1 2 3 4 0 1 2 3 4 0 1 2 3 4 0 1 2 3 4 0 1 3 3 4 0 1 2 3 4 3 1 2 3 4 0 1 2 3 4 0 1 2 3 4 0 1 2 3 4 3 1 3 3 4 0 1 2 3 4 0 1 2 3 4 0 1 2 3 4 0 1 2 3 
#2289007(div: 0) 1521144(div: 1) 1762514(div: 2) 1243905(div: 3) 1429434(div: 4) 
1 1 0 25 
#c 3 1 2 3 4 3 1 2 3 4 0 1 2 3 4 0 1 2 3 4 0 1 2 3 4 0 1 3 3 4 0 1 2 3 4 3 1 2 3 4 0 1 2 3 4 0 1 2 3 4 0 1 2 3 4 3 1 3 3 4 0 1 2 3 4 0 1 2 3 4 0 1 2 3 4 0 1 2 3 
#2248938(div: 0) 1521144(div: 1) 1762514(div: 2) 1283974(div: 3) 1429434(div: 4) 
16 22 1 6 11 16 21 26 31 36 41 46 51 56 61 66 71 76 0 3 5 8 13 18 23 27 28 33 35 38 43 48 53 55 57 58 63 68 73 78 
#c 3 1 2 3 4 3 1 2 3 4 0 1 2 3 4 0 1 2 3 4 0 1 2 3 4 0 1 3 3 4 0 1 2 3 4 3 1 2 3 4 0 1 2 3 4 0 1 2 3 4 0 1 2 3 4 3 1 3 3 4 0 1 2 3 4 0 1 2 3 4 0 1 2 3 4 0 1 2 3 
#2248938(div: 0) 1521144(div: 1) 1762514(div: 2) 1283974(div: 3) 1429434(div: 4) 
22 15 0 3 5 8 13 18 23 27 28 33 35 38 43 48 53 55 57 58 63 68 73 78 4 9 14 19 24 29 34 39 44 49 54 59 64 69 74 
#c 3 1 2 3 4 3 1 2 3 4 0 1 2 3 4 0 1 2 3 4 0 1 2 3 4 0 1 3 3 4 0 1 2 3 4 3 1 2 3 4 0 1 2 3 4 0 1 2 3 4 0 1 2 3 4 3 1 3 3 4 0 1 2 3 4 0 1 2 3 4 0 1 2 3 4 0 1 2 3 
#2248938(div: 0) 1521144(div: 1) 1762514(div: 2) 1283974(div: 3) 1429434(div: 4) 
16 15 1 6 11 16 21 26 31 36 41 46 51 56 61 66 71 76 4 9 14 19 24 29 34 39 44 49 54 59 64 69 74 
#c 3 1 2 3 4 3 1 2 3 4 0 1 2 3 4 0 1 2 3 4 0 1 2 3 4 0 1 3 3 4 0 1 2 3 4 3 1 2 3 4 0 1 2 3 4 0 1 2 3 4 0 1 2 3 4 3 1 3 3 4 0 1 2 3 4 0 1 2 3 4 0 1 2 3 4 0 1 2 3 
#2248938(div: 0) 1521144(div: 1) 1762514(div: 2) 1283974(div: 3) 1429434(div: 4) 
22 12 0 3 5 8 13 18 23 27 28 33 35 38 43 48 53 55 57 58 63 68 73 78 10 15 20 25 30 40 45 50 60 65 70 75 
#c 3 1 2 3 4 3 1 2 3 4 0 1 2 3 4 0 1 2 3 4 0 1 2 3 4 0 1 3 3 4 0 1 2 3 4 3 1 2 3 4 0 1 2 3 4 0 1 2 3 4 0 1 2 3 4 3 1 3 3 4 0 1 2 3 4 0 1 2 3 4 0 1 2 3 4 0 1 2 3 
#2248938(div: 0) 1521144(div: 1) 1762514(div: 2) 1283974(div: 3) 1429434(div: 4) 
16 12 1 6 11 16 21 26 31 36 41 46 51 56 61 66 71 76 10 15 20 25 30 40 45 50 60 65 70 75 
#c 3 1 2 3 4 3 1 2 3 4 0 1 2 3 4 0 1 2 3 4 0 1 2 3 4 0 1 3 3 4 0 1 2 3 4 3 1 2 3 4 0 1 2 3 4 0 1 2 3 4 0 1 2 3 4 3 1 3 3 4 0 1 2 3 4 0 1 2 3 4 0 1 2 3 4 0 1 2 3 
#2248938(div: 0) 1521144(div: 1) 1762514(div: 2) 1283974(div: 3) 1429434(div: 4) 
1 1 25 60 
#c 3 1 2 3 4 3 1 2 3 4 0 1 2 3 4 0 1 2 3 4 0 1 2 3 4 0 1 3 3 4 0 1 2 3 4 3 1 2 3 4 0 1 2 3 4 0 1 2 3 4 0 1 2 3 4 3 1 3 3 4 0 1 2 3 4 0 1 2 3 4 0 1 2 3 4 0 1 2 3 
#2248938(div: 0) 1521144(div: 1) 1762514(div: 2) 1283974(div: 3) 1429434(div: 4) 
1 1 40 60 
#c 3 1 2 3 4 3 1 2 3 4 0 1 2 3 4 0 1 2 3 4 0 1 2 3 4 0 1 3 3 4 0 1 2 3 4 3 1 2 3 4 0 1 2 3 4 0 1 2 3 4 0 1 2 3 4 3 1 3 3 4 0 1 2 3 4 0 1 2 3 4 0 1 2 3 4 0 1 2 3 
#2248938(div: 0) 1521144(div: 1) 1762514(div: 2) 1283974(div: 3) 1429434(div: 4) 
1 1 40 50 
#c 3 1 2 3 4 3 1 2 3 4 0 1 2 3 4 0 1 2 3 4 0 1 2 3 4 0 1 3 3 4 0 1 2 3 4 3 1 2 3 4 3 1 2 3 4 0 1 2 3 4 0 1 2 3 4 3 1 3 3 4 0 1 2 3 4 0 1 2 3 4 0 1 2 3 4 0 1 2 3 
#2162777(div: 0) 1521144(div: 1) 1762514(div: 2) 1370135(div: 3) 1429434(div: 4) 
11 23 10 15 20 25 30 45 50 60 65 70 75 0 3 5 8 13 18 23 27 28 33 35 38 40 43 48 53 55 57 58 63 68 73 78 
#c 3 1 2 3 4 3 1 2 3 4 0 1 2 3 4 0 1 2 3 4 0 1 2 3 4 0 1 3 3 4 0 1 2 3 4 3 1 2 3 4 3 1 2 3 4 0 1 2 3 4 0 1 2 3 4 3 1 3 3 4 0 1 2 3 4 0 1 2 3 4 0 1 2 3 4 0 1 2 3 
#2162777(div: 0) 1521144(div: 1) 1762514(div: 2) 1370135(div: 3) 1429434(div: 4) 
1 1 10 25 
#c 3 1 2 3 4 3 1 2 3 4 0 1 2 3 4 0 1 2 3 4 0 1 2 3 4 0 1 3 3 4 0 1 2 3 4 3 1 2 3 4 3 1 2 3 4 0 1 2 3 4 0 1 2 3 4 3 1 3 3 4 0 1 2 3 4 0 1 2 3 4 0 1 2 3 4 0 1 2 3 
#2162777(div: 0) 1521144(div: 1) 1762514(div: 2) 1370135(div: 3) 1429434(div: 4) 
1 1 10 45 
#c 3 1 2 3 4 3 1 2 3 4 0 1 2 3 4 0 1 2 3 4 0 1 2 3 4 0 1 3 3 4 0 1 2 3 4 3 1 2 3 4 3 1 2 3 4 0 1 2 3 4 0 1 2 3 4 3 1 3 3 4 0 1 2 3 4 0 1 2 3 4 0 1 2 3 4 0 1 2 3 
#2162777(div: 0) 1521144(div: 1) 1762514(div: 2) 1370135(div: 3) 1429434(div: 4) 
1 1 45 60 
#c 3 1 2 3 4 3 1 2 3 4 0 1 2 3 4 0 1 2 3 4 0 1 2 3 4 0 1 3 3 4 0 1 2 3 4 3 1 2 3 4 3 1 2 3 4 0 1 2 3 4 0 1 2 3 4 3 1 3 3 4 3 1 2 3 4 0 1 2 3 4 0 1 2 3 4 0 1 2 3 
#2049249(div: 0) 1521144(div: 1) 1762514(div: 2) 1483663(div: 3) 1429434(div: 4) 
14 16 2 7 12 17 22 32 37 42 47 52 62 67 72 77 1 6 11 16 21 26 31 36 41 46 51 56 61 66 71 76 
#c 3 1 2 3 4 3 1 2 3 4 0 1 2 3 4 0 1 2 3 4 0 1 2 3 4 0 1 3 3 4 0 1 2 3 4 3 1 2 3 4 3 1 2 3 4 0 1 2 3 4 0 1 2 3 4 3 1 3 3 4 3 1 2 3 4 0 1 2 3 4 0 1 2 3 4 0 1 2 3 
#2049249(div: 0) 1521144(div: 1) 1762514(div: 2) 1483663(div: 3) 1429434(div: 4) 
16 10 1 6 11 16 21 26 31 36 41 46 51 56 61 66 71 76 10 15 20 25 30 45 50 65 70 75 
#c 3 1 2 3 4 3 1 2 3 4 0 1 2 3 4 0 1 2 3 4 0 1 2 3 4 0 1 3 3 4 0 1 2 3 4 3 1 2 3 4 3 1 2 3 4 0 1 2 3 4 0 1 2 3 4 3 1 3 3 4 3 1 2 3 4 0 1 2 3 4 0 1 2 3 4 0 1 2 3 
#2049249(div: 0) 1521144(div: 1) 1762514(div: 2) 1483663(div: 3) 1429434(div: 4) 
14 10 2 7 12 17 22 32 37 42 47 52 62 67 72 77 10 15 20 25 30 45 50 65 70 75 
#c 3 1 2 3 4 3 1 2 3 4 0 1 2 3 4 0 1 2 3 4 0 1 2 3 4 0 1 3 3 4 0 1 2 3 4 3 1 2 3 4 3 1 2 3 4 0 1 2 3 4 0 1 2 3 4 3 1 3 3 4 3 1 2 3 4 0 1 2 3 4 0 1 2 3 4 0 1 2 3 
#2049249(div: 0) 1521144(div: 1) 1762514(div: 2) 1483663(div: 3) 1429434(div: 4) 
16 24 1 6 11 16 21 26 31 36 41 46 51 56 61 66 71 76 0 3 5 8 13 18 23 27 28 33 35 38 40 43 48 53 55 57 58 60 63 68 73 78 
#c 3 1 2 3 4 3 1 2 3 4 0 1 2 3 4 0 1 2 3 4 0 1 2 3 4 0 1 3 3 4 0 1 2 3 4 3 1 2 3 4 3 1 2 3 4 0 1 2 3 4 0 1 2 3 4 3 1 3 3 4 3 1 2 3 4 0 1 2 3 4 0 1 2 3 4 0 1 2 3 
#2049249(div: 0) 1521144(div: 1) 1762514(div: 2) 1483663(div: 3) 1429434(div: 4) 
1 1 10 30 
#c 3 1 2 3 4 3 1 2 3 4 0 1 2 3 4 0 1 2 3 4 0 1 2 3 4 0 1 3 3 4 0 1 2 3 4 3 1 2 3 4 3 1 2 3 4 0 1 2 3 4 0 1 2 3 4 3 1 3 3 4 3 1 2 3 4 0 1 2 3 4 0 1 2 3 4 0 1 2 3 
#2049249(div: 0) 1521144(div: 1) 1762514(div: 2) 1483663(div: 3) 1429434(div: 4) 
1 1 10 25 
#c 3 1 2 3 4 3 1 2 3 4 0 1 2 3 4 0 1 2 3 4 0 1 2 3 4 0 1 3 3 4 0 1 2 3 4 3 1 2 3 4 3 1 2 3 4 0 1 2 3 4 0 1 2 3 4 3 1 3 3 4 3 1 2 3 4 0 1 2 3 4 0 1 2 3 4 0 1 2 3 
#2049249(div: 0) 1521144(div: 1) 1762514(div: 2) 1483663(div: 3) 1429434(div: 4) 
1 1 10 50 
#c 3 1 2 3 4 3 1 2 3 4 3 1 2 3 4 0 1 2 3 4 0 1 2 3 4 0 1 3 3 4 0 1 2 3 4 3 1 2 3 4 3 1 2 3 4 0 1 2 3 4 0 1 2 3 4 3 1 3 3 4 3 1 2 3 4 0 1 2 3 4 0 1 2 3 4 0 1 2 3 
#1886729(div: 0) 1521144(div: 1) 1762514(div: 2) 1646183(div: 3) 1429434(div: 4) 
9 25 15 20 25 30 45 50 65 70 75 0 3 5 8 10 13 18 23 27 28 33 35 38 40 43 48 53 55 57 58 60 63 68 73 78 
#c 3 1 2 3 4 3 1 2 3 4 3 1 2 3 4 0 1 2 3 4 0 1 2 3 4 0 1 3 3 4 0 1 2 3 4 3 1 2 3 4 3 1 2 3 4 0 1 2 3 4 0 1 2 3 4 3 1 3 3 4 3 1 2 3 4 0 1 2 3 4 0 1 2 3 4 0 1 2 3 
#1886729(div: 0) 1521144(div: 1) 1762514(div: 2) 1646183(div: 3) 1429434(div: 4) 
1 1 20 75 
#c 3 1 2 3 4 3 1 2 3 4 3 1 2 3 4 0 1 2 3 4 0 1 2 3 4 0 1 3 3 4 0 1 2 3 4 3 1 2 3 4 3 1 2 3 4 0 1 2 3 4 0 1 2 3 4 3 1 3 3 4 3 1 2 3 4 0 1 2 3 4 0 1 2 3 4 0 1 2 3 
#1886729(div: 0) 1521144(div: 1) 1762514(div: 2) 1646183(div: 3) 1429434(div: 4) 
1 1 45 75 
#c 3 1 2 3 4 3 1 2 3 4 3 1 2 3 4 0 1 2 3 4 0 1 2 3 4 0 1 3 3 4 0 1 2 3 4 3 1 2 3 4 3 1 2 3 4 0 1 2 3 4 0 1 2 3 4 3 1 3 3 4 3 1 2 3 4 0 1 2 3 4 0 1 2 3 4 0 1 2 3 
#1886729(div: 0) 1521144(div: 1) 1762514(div: 2) 1646183(div: 3) 1429434(div: 4) 
1 1 30 75 
#c 3 1 2 3 4 3 1 2 3 4 3 1 2 3 4 0 1 2 3 4 0 1 2 3 4 0 1 3 3 4 0 1 2 3 4 3 1 2 3 4 3 1 2 3 4 0 1 2 3 4 0 1 2 3 4 3 1 3 3 4 3 1 2 3 4 0 1 2 3 4 0 1 2 3 4 3 1 2 3 
#1827860(div: 0) 1521144(div: 1) 1762514(div: 2) 1705052(div: 3) 1429434(div: 4) 
14 16 2 7 12 17 22 32 37 42 47 52 62 67 72 77 1 6 11 16 21 26 31 36 41 46 51 56 61 66 71 76 
#c 3 1 2 3 4 3 1 2 3 4 3 1 2 3 4 0 1 2 3 4 0 1 2 3 4 0 1 3 3 4 0 1 2 3 4 3 1 2 3 4 3 1 2 3 4 0 1 2 3 4 0 1 2 3 4 3 1 3 3 4 3 1 2 3 4 0 1 2 3 4 0 1 2 3 4 3 1 2 3 
#1827860(div: 0) 1521144(div: 1) 1762514(div: 2) 1705052(div: 3) 1429434(div: 4) 
16 15 1 6 11 16 21 26 31 36 41 46 51 56 61 66 71 76 4 9 14 19 24 29 34 39 44 49 54 59 64 69 74 
#c 3 1 2 3 4 3 1 2 3 4 3 1 2 3 4 0 1 2 3 4 0 1 2 3 4 0 1 3 3 4 0 1 2 3 4 3 1 2 3 4 3 1 2 3 4 0 1 2 3 4 0 1 2 3 4 3 1 3 3 4 3 1 2 3 4 0 1 2 3 4 0 1 2 3 4 3 1 2 3 
#1827860(div: 0) 1521144(div: 1) 1762514(div: 2) 1705052(div: 3) 1429434(div: 4) 
15 26 4 9 14 19 24 29 34 39 44 49 54 59 64 69 74 0 3 5 8 10 13 18 23 27 28 33 35 38 40 43 48 53 55 57 58 60 63 68 73 75 78 
#c 3 1 2 3 4 3 1 2 3 4 3 1 2 3 4 0 1 2 3 4 0 1 2 3 4 0 1 3 3 4 0 1 2 3 4 3 1 2 3 4 3 1 2 3 4 0 1 2 3 4 0 1 2 3 4 3 1 3 3 4 3 1 2 3 4 0 1 2 3 4 0 1 2 3 4 3 1 2 3 
#1827860(div: 0) 1521144(div: 1) 1762514(div: 2) 1705052(div: 3) 1429434(div: 4) 
14 26 2 7 12 17 22 32 37 42 47 52 62 67 72 77 0 3 5 8 10 13 18 23 27 28 33 35 38 40 43 48 53 55 57 58 60 63 68 73 75 78 
#c 3 1 2 3 4 3 1 2 3 4 3 1 2 3 4 0 1 2 3 4 0 1 2 3 4 0 1 3 3 4 0 1 2 3 4 3 1 2 3 4 3 1 2 3 4 0 1 2 3 4 0 1 2 3 4 3 1 3 3 4 3 1 2 3 4 0 1 2 3 4 0 1 2 3 4 3 1 2 3 
#1827860(div: 0) 1521144(div: 1) 1762514(div: 2) 1705052(div: 3) 1429434(div: 4) 
1 1 47 62 
#c 3 1 2 3 4 3 1 2 3 4 3 1 2 3 4 0 1 2 3 4 0 1 2 3 4 0 1 3 3 4 0 1 2 3 4 3 1 2 3 4 3 1 2 3 4 0 1 2 3 4 0 1 2 3 4 3 1 3 3 4 3 1 2 3 4 0 1 2 3 4 0 1 2 3 4 3 1 2 3 
#1827860(div: 0) 1521144(div: 1) 1762514(div: 2) 1705052(div: 3) 1429434(div: 4) 
1 1 32 47 
#c 3 1 2 3 4 3 1 2 3 4 3 1 2 3 4 0 1 2 3 4 0 1 2 3 4 0 1 3 3 4 0 1 2 3 4 3 1 2 3 4 3 1 2 3 4 0 1 2 3 4 0 1 2 3 4 3 1 3 3 4 3 1 2 3 4 0 1 2 3 4 0 1 2 3 4 3 1 2 3 
#1827860(div: 0) 1521144(div: 1) 1762514(div: 2) 1705052(div: 3) 1429434(div: 4) 
1 1 47 67 
#c 3 1 2 3 4 3 1 2 3 4 3 1 2 3 4 0 1 2 3 4 0 1 2 3 4 0 1 3 3 4 0 1 2 3 4 3 1 2 3 4 3 1 2 3 4 0 1 2 3 4 0 1 2 3 4 3 1 3 3 4 3 1 2 3 4 0 1 4 3 4 0 1 2 3 4 3 1 2 3 
#1827860(div: 0) 1521144(div: 1) 1758857(div: 2) 1705052(div: 3) 1433091(div: 4) 
13 16 2 7 12 17 22 32 37 42 47 52 62 72 77 4 9 14 19 24 29 34 39 44 49 54 59 64 67 69 74 
#c 3 1 2 3 4 3 1 2 3 4 3 1 2 3 4 0 1 2 3 4 0 1 2 3 4 0 1 3 3 4 0 1 2 3 4 3 1 2 3 4 3 1 2 3 4 0 1 2 3 4 0 1 2 3 4 3 1 3 3 4 3 1 2 3 4 0 1 4 3 4 0 1 2 3 4 3 1 2 3 
#1827860(div: 0) 1521144(div: 1) 1758857(div: 2) 1705052(div: 3) 1433091(div: 4) 
1 1 12 37 
#c 3 1 2 3 4 3 1 2 3 4 3 1 2 3 4 0 1 2 3 4 0 1 2 3 4 0 1 3 3 4 0 1 2 3 4 3 1 2 3 4 3 1 2 3 4 0 1 2 3 4 0 1 2 3 4 3 1 3 3 4 3 1 2 3 4 0 1 4 3 4 0 1 2 3 4 3 1 2 3 
#1827860(div: 0) 1521144(div: 1) 1758857(div: 2) 1705052(div: 3) 1433091(div: 4) 
1 1 12 42 
#c 3 1 2 3 4 3 1 2 3 4 3 1 2 3 4 0 1 2 3 4 0 1 2 3 4 0 1 3 3 4 0 1 2 3 4 3 1 2 3 4 3 1 2 3 4 0 1 2 3 4 0 1 2 3 4 3 1 3 3 4 3 1 2 3 4 0 1 4 3 4 0 1 2 3 4 3 1 2 3 
#1827860(div: 0) 1521144(div: 1) 1758857(div: 2) 1705052(div: 3) 1433091(div: 4) 
1 1 42 62 
#c 3 1 2 3 4 3 1 2 3 4 3 1 2 3 4 0 1 2 3 4 0 1 2 3 4 0 1 3 3 4 0 1 2 3 4 3 1 2 3 4 3 1 4 3 4 0 1 2 3 4 0 1 2 3 4 3 1 3 3 4 3 1 2 3 4 0 1 4 3 4 0 1 2 3 4 3 1 2 3 
#1827860(div: 0) 1521144(div: 1) 1709257(div: 2) 1705052(div: 3) 1482691(div: 4) 
12 8 2 7 12 17 22 32 37 47 52 62 72 77 15 20 25 30 45 50 65 70 
#c 3 1 2 3 4 3 1 2 3 4 3 1 2 3 4 0 1 2 3 4 0 1 2 3 4 0 1 3 3 4 0 1 2 3 4 3 1 2 3 4 3 1 4 3 4 0 1 2 3 4 0 1 2 3 4 3 1 3 3 4 3 1 2 3 4 0 1 4 3 4 0 1 2 3 4 3 1 2 3 
#1827860(div: 0) 1521144(div: 1) 1709257(div: 2) 1705052(div: 3) 1482691(div: 4) 
12 16 2 7 12 17 22 32 37 47 52 62 72 77 1 6 11 16 21 26 31 36 41 46 51 56 61 66 71 76 
#c 3 1 2 3 4 3 1 2 3 4 3 1 2 3 4 0 1 2 3 4 0 1 2 3 4 0 1 3 3 4 0 1 2 3 4 3 1 2 3 4 3 1 4 3 4 0 1 2 3 4 0 1 2 3 4 3 1 3 3 4 3 1 2 3 4 0 1 4 3 4 0 1 2 3 4 3 1 2 3 
#1827860(div: 0) 1521144(div: 1) 1709257(div: 2) 1705052(div: 3) 1482691(div: 4) 
16 17 1 6 11 16 21 26 31 36 41 46 51 56 61 66 71 76 4 9 14 19 24 29 34 39 42 44 49 54 59 64 67 69 74 
#c 3 1 2 3 4 3 1 2 3 4 3 1 2 3 4 0 1 2 3 4 0 1 2 3 4 0 1 3 3 4 0 1 2 3 4 3 1 2 3 4 3 1 4 3 4 0 1 2 3 4 0 1 2 3 4 3 1 3 3 4 3 1 2 3 4 0 1 4 3 4 0 1 2 3 4 3 1 2 3 
#1827860(div: 0) 1521144(div: 1) 1709257(div: 2) 1705052(div: 3) 1482691(div: 4) 
1 1 25 30 
#c 3 1 2 3 4 3 1 2 3 4 3 1 2 3 4 0 1 2 3 4 0 1 2 3 4 0 1 3 3 4 0 1 2 3 4 3 1 2 3 4 3 1 4 3 4 0 1 2 3 4 0 1 2 3 4 3 1 3 3 4 3 1 2 3 4 0 1 4 3 4 0 1 2 3 4 3 1 2 3 
#1827860(div: 0) 1521144(div: 1) 1709257(div: 2) 1705052(div: 3) 1482691(div: 4) 
1 1 30 70 
#c 3 1 2 3 4 3 1 2 3 4 3 1 2 3 4 0 1 2 3 4 0 1 2 3 4 0 1 3 3 4 0 1 2 3 4 3 1 2 3 4 3 1 4 3 4 0 1 2 3 4 0 1 2 3 4 3 1 3 3 4 3 1 2 3 4 0 1 4 3 4 0 1 2 3 4 3 1 2 3 
#1827860(div: 0) 1521144(div: 1) 1709257(div: 2) 1705052(div: 3) 1482691(div: 4) 
1 1 30 65 
#c 3 1 2 3 4 3 1 2 3 4 3 1 2 3 4 0 1 2 3 4 0 1 2 3 4 0 1 3 3 4 0 1 2 3 4 3 1 2 3 4 3 1 4 3 4 0 1 2 3 4 0 1 2 3 4 3 1 3 3 4 3 1 2 3 4 4 1 4 3 4 0 1 2 3 4 3 1 2 3 
#1775310(div: 0) 1521144(div: 1) 1709257(div: 2) 1705052(div: 3) 1535241(div: 4) 
7 18 15 20 25 30 45 50 70 4 9 14 19 24 29 34 39 42 44 49 54 59 64 65 67 69 74 
#c 3 1 2 3 4 3 1 2 3 4 3 1 2 3 4 0 1 2 3 4 0 1 2 3 4 0 1 3 3 4 0 1 2 3 4 3 1 2 3 4 3 1 4 3 4 0 1 2 3 4 0 1 2 3 4 3 1 3 3 4 3 1 2 3 4 4 1 4 3 4 0 1 2 3 4 3 1 2 3 
#1775310(div: 0) 1521144(div: 1) 1709257(div: 2) 1705052(div: 3) 1535241(div: 4) 
1 1 30 50 
#c 3 1 2 3 4 3 1 2 3 4 3 1 2 3 4 0 1 2 3 4 0 1 2 3 4 0 1 3 3 4 0 1 2 3 4 3 1 2 3 4 3 1 4 3 4 0 1 2 3 4 0 1 2 3 4 3 1 3 3 4 3 1 2 3 4 4 1 4 3 4 0 1 2 3 4 3 1 2 3 
#1775310(div: 0) 1521144(div: 1) 1709257(div: 2) 1705052(div: 3) 1535241(div: 4) 
1 1 25 30 
#c 3 1 2 3 4 3 1 2 3 4 3 1 2 3 4 0 1 2 3 4 0 1 2 3 4 0 1 3 3 4 0 1 2 3 4 3 1 2 3 4 3 1 4 3 4 0 1 2 3 4 0 1 2 3 4 3 1 3 3 4 3 1 2 3 4 4 1 4 3 4 0 1 2 3 4 3 1 2 3 
#1775310(div: 0) 1521144(div: 1) 1709257(div: 2) 1705052(div: 3) 1535241(div: 4) 
1 1 30 70 
#c 3 1 2 3 4 3 1 2 3 4 3 1 2 3 4 0 1 2 3 4 0 1 2 3 4 0 1 3 3 4 4 1 2 3 4 3 1 2 3 4 3 1 4 3 4 0 1 2 3 4 0 1 2 3 4 3 1 3 3 4 3 1 2 3 4 4 1 4 3 4 0 1 2 3 4 3 1 2 3 
#1522627(div: 0) 1521144(div: 1) 1709257(div: 2) 1705052(div: 3) 1787924(div: 4) 
12 6 2 7 12 17 22 32 37 47 52 62 72 77 15 20 25 45 50 70 
#c 3 1 2 3 4 3 1 2 3 4 3 1 2 3 4 0 1 2 3 4 0 1 2 3 4 0 1 3 3 4 4 1 2 3 4 3 1 2 3 4 3 1 4 3 4 0 1 2 3 4 0 1 2 3 4 3 1 3 3 4 3 1 2 3 4 4 1 4 3 4 0 1 2 3 4 3 1 2 3 
#1522627(div: 0) 1521144(div: 1) 1709257(div: 2) 1705052(div: 3) 1787924(div: 4) 
6 16 15 20 25 45 50 70 1 6 11 16 21 26 31 36 41 46 51 56 61 66 71 76 
#c 3 1 2 3 4 3 1 2 3 4 3 1 2 3 4 0 1 2 3 4 0 1 2 3 4 0 1 3 3 4 4 1 2 3 4 3 1 2 3 4 3 1 4 3 4 0 1 2 3 4 0 1 2 3 4 3 1 3 3 4 3 1 2 3 4 4 1 4 3 4 0 1 2 3 4 3 1 2 3 
#1522627(div: 0) 1521144(div: 1) 1709257(div: 2) 1705052(div: 3) 1787924(div: 4) 
16 19 1 6 11 16 21 26 31 36 41 46 51 56 61 66 71 76 4 9 14 19 24 29 30 34 39 42 44 49 54 59 64 65 67 69 74 
#c 3 1 2 3 4 3 1 2 3 4 3 1 2 3 4 0 1 2 3 4 0 1 2 3 4 0 1 3 3 4 4 1 2 3 4 3 1 2 3 4 3 1 4 3 4 0 1 2 3 4 0 1 2 3 4 3 1 3 3 4 3 1 2 3 4 4 1 4 3 4 0 1 2 3 4 3 1 2 3 
#1522627(div: 0) 1521144(div: 1) 1709257(div: 2) 1705052(div: 3) 1787924(div: 4) 
12 19 2 7 12 17 22 32 37 47 52 62 72 77 4 9 14 19 24 29 30 34 39 42 44 49 54 59 64 65 67 69 74 
#c 3 1 2 3 4 3 1 2 3 4 3 1 2 3 4 0 1 2 3 4 0 1 2 3 4 0 1 3 3 4 4 1 2 3 4 3 1 2 3 4 3 1 4 3 4 0 1 2 3 4 0 1 2 3 4 3 1 3 3 4 3 1 2 3 4 4 1 4 3 4 0 1 2 3 4 3 1 2 3 
#1522627(div: 0) 1521144(div: 1) 1709257(div: 2) 1705052(div: 3) 1787924(div: 4) 
1 1 24 42 
#c 3 1 2 3 4 3 1 2 3 4 3 1 2 3 4 0 1 2 3 4 0 1 2 3 4 0 1 3 3 4 4 1 2 3 4 3 1 2 3 4 3 1 4 3 4 0 1 2 3 4 0 1 2 3 4 3 1 3 3 4 3 1 2 3 4 4 1 4 3 4 0 1 2 3 4 3 1 2 3 
#1522627(div: 0) 1521144(div: 1) 1709257(div: 2) 1705052(div: 3) 1787924(div: 4) 
1 1 24 69 
#c 3 1 2 3 4 3 1 2 3 4 3 1 2 3 4 0 1 2 3 4 0 1 2 3 4 0 1 3 3 4 4 1 2 3 4 3 1 2 3 4 3 1 4 3 4 0 1 2 3 4 0 1 2 3 4 3 1 3 3 4 3 1 2 3 4 4 1 4 3 4 0 1 2 3 4 3 1 2 3 
#1522627(div: 0) 1521144(div: 1) 1709257(div: 2) 1705052(div: 3) 1787924(div: 4) 
1 1 24 74 
#c 3 1 2 3 4 3 1 2 3 4 3 1 2 3 4 0 1 2 3 4 0 1 2 3 1 0 1 3 3 4 4 1 2 3 4 3 1 2 3 4 3 1 4 3 4 0 1 2 3 4 0 1 2 3 4 3 1 3 3 4 3 1 2 3 4 4 1 4 3 4 0 1 2 3 4 3 1 2 3 
#1522627(div: 0) 1544067(div: 1) 1709257(div: 2) 1705052(div: 3) 1765001(div: 4) 
18 17 4 9 14 19 29 30 34 39 42 44 49 54 59 64 65 67 69 74 1 6 11 16 21 24 26 31 36 41 46 51 56 61 66 71 76 
#c 3 1 2 3 4 3 1 2 3 4 3 1 2 3 4 0 1 2 3 4 0 1 2 3 1 0 1 3 3 4 4 1 2 3 4 3 1 2 3 4 3 1 4 3 4 0 1 2 3 4 0 1 2 3 4 3 1 3 3 4 3 1 2 3 4 4 1 4 3 4 0 1 2 3 4 3 1 2 3 
#1522627(div: 0) 1544067(div: 1) 1709257(div: 2) 1705052(div: 3) 1765001(div: 4) 
1 1 67 74 
#c 3 1 2 3 4 3 1 2 3 4 3 1 2 3 4 0 1 2 3 4 0 1 2 3 1 0 1 3 3 4 4 1 2 3 4 3 1 2 3 4 3 1 4 3 4 0 1 2 3 4 0 1 2 3 4 3 1 3 3 4 3 1 2 3 4 4 1 4 3 4 0 1 2 3 4 3 1 2 3 
#1522627(div: 0) 1544067(div: 1) 1709257(div: 2) 1705052(div: 3) 1765001(div: 4) 
1 1 9 67 
#c 3 1 2 3 4 3 1 2 3 4 3 1 2 3 4 0 1 2 3 4 0 1 2 3 1 0 1 3 3 4 4 1 2 3 4 3 1 2 3 4 3 1 4 3 4 0 1 2 3 4 0 1 2 3 4 3 1 3 3 4 3 1 2 3 4 4 1 4 3 4 0 1 2 3 4 3 1 2 3 
#1522627(div: 0) 1544067(div: 1) 1709257(div: 2) 1705052(div: 3) 1765001(div: 4) 
1 1 59 67 
#c 3 1 2 3 4 3 1 2 3 4 3 1 2 3 4 0 1 2 3 4 0 1 2 3 1 0 1 3 3 4 4 1 2 3 4 3 1 2 3 4 3 1 4 3 4 0 1 2 3 4 0 1 2 3 4 3 1 3 3 4 3 1 2 3 4 4 1 1 3 4 0 1 2 3 4 3 1 2 3 
#1522627(div: 0) 1547724(div: 1) 1709257(div: 2) 1705052(div: 3) 1761344(div: 4) 
12 18 2 7 12 17 22 32 37 47 52 62 72 77 1 6 11 16 21 24 26 31 36 41 46 51 56 61 66 67 71 76 
#c 3 1 2 3 4 3 1 2 3 4 3 1 2 3 4 0 1 2 3 4 0 1 2 3 1 0 1 3 3 4 4 1 2 3 4 3 1 2 3 4 3 1 4 3 4 0 1 2 3 4 0 1 2 3 4 3 1 3 3 4 3 1 2 3 4 4 1 1 3 4 0 1 2 3 4 3 1 2 3 
#1522627(div: 0) 1547724(div: 1) 1709257(div: 2) 1705052(div: 3) 1761344(div: 4) 
18 26 1 6 11 16 21 24 26 31 36 41 46 51 56 61 66 67 71 76 0 3 5 8 10 13 18 23 27 28 33 35 38 40 43 48 53 55 57 58 60 63 68 73 75 78 
#c 3 1 2 3 4 3 1 2 3 4 3 1 2 3 4 0 1 2 3 4 0 1 2 3 1 0 1 3 3 4 4 1 2 3 4 3 1 2 3 4 3 1 4 3 4 0 1 2 3 4 0 1 2 3 4 3 1 3 3 4 3 1 2 3 4 4 1 1 3 4 0 1 2 3 4 3 1 2 3 
#1522627(div: 0) 1547724(div: 1) 1709257(div: 2) 1705052(div: 3) 1761344(div: 4) 
12 26 2 7 12 17 22 32 37 47 52 62 72 77 0 3 5 8 10 13 18 23 27 28 33 35 38 40 43 48 53 55 57 58 60 63 68 73 75 78 
#c 3 1 2 3 4 3 1 2 3 4 3 1 2 3 4 0 1 2 3 4 0 1 2 3 1 0 1 3 3 4 4 1 2 3 4 3 1 2 3 4 3 1 4 3 4 0 1 2 3 4 0 1 2 3 4 3 1 3 3 4 3 1 2 3 4 4 1 1 3 4 0 1 2 3 4 3 1 2 3 
#1522627(div: 0) 1547724(div: 1) 1709257(div: 2) 1705052(div: 3) 1761344(div: 4) 
18 6 1 6 11 16 21 24 26 31 36 41 46 51 56 61 66 67 71 76 15 20 25 45 50 70 
#c 3 1 2 3 4 3 1 2 3 4 3 1 2 3 4 0 1 2 3 4 0 1 2 3 1 0 1 3 3 4 4 1 2 3 4 3 1 2 3 4 3 1 4 3 4 0 1 2 3 4 0 1 2 3 4 3 1 3 3 4 3 1 2 3 4 4 1 1 3 4 0 1 2 3 4 3 1 2 3 
#1522627(div: 0) 1547724(div: 1) 1709257(div: 2) 1705052(div: 3) 1761344(div: 4) 
1 1 12 72 
#c 3 1 2 3 4 3 1 2 3 4 3 1 2 3 4 0 1 2 3 4 0 1 2 3 1 0 1 3 3 4 4 1 2 3 4 3 1 2 3 4 3 1 4 3 4 0 1 2 3 4 0 1 2 3 4 3 1 3 3 4 3 1 2 3 4 4 1 1 3 4 0 1 2 3 4 3 1 2 3 
#1522627(div: 0) 1547724(div: 1) 1709257(div: 2) 1705052(div: 3) 1761344(div: 4) 
1 1 72 77 
#c 3 1 2 3 4 3 1 2 3 4 3 1 2 3 4 0 1 2 3 4 0 1 2 3 1 0 1 3 3 4 4 1 2 3 4 3 1 2 3 4 3 1 4 3 4 0 1 2 3 4 0 1 2 3 4 3 1 3 3 4 3 1 2 3 4 4 1 1 3 4 0 1 2 3 4 3 1 2 3 
#1522627(div: 0) 1547724(div: 1) 1709257(div: 2) 1705052(div: 3) 1761344(div: 4) 
1 1 17 77 
#c 3 1 2 3 4 3 1 2 3 4 3 1 2 3 4 0 1 2 3 4 0 1 2 3 1 0 1 3 3 4 4 1 2 3 4 3 1 2 3 4 3 1 4 3 4 0 1 2 3 4 0 1 2 3 4 3 1 3 3 4 3 1 2 3 4 4 1 1 3 4 0 1 2 3 4 3 1 0 3 
#1559857(div: 0) 1547724(div: 1) 1672027(div: 2) 1705052(div: 3) 1761344(div: 4) 
11 7 2 7 12 17 22 32 37 47 52 62 72 15 20 25 45 50 70 77 
#c 3 1 2 3 4 3 1 2 3 4 3 1 2 3 4 0 1 2 3 4 0 1 2 3 1 0 1 3 3 4 4 1 2 3 4 3 1 2 3 4 3 1 4 3 4 0 1 2 3 4 0 1 2 3 4 3 1 3 3 4 3 1 2 3 4 4 1 1 3 4 0 1 2 3 4 3 1 0 3 
#1559857(div: 0) 1547724(div: 1) 1672027(div: 2) 1705052(div: 3) 1761344(div: 4) 
1 1 2 52 
#c 3 1 2 3 4 3 1 2 3 4 3 1 2 3 4 0 1 2 3 4 0 1 2 3 1 0 1 3 3 4 4 1 2 3 4 3 1 2 3 4 3 1 4 3 4 0 1 2 3 4 0 1 2 3 4 3 1 3 3 4 3 1 2 3 4 4 1 1 3 4 0 1 2 3 4 3 1 0 3 
#1559857(div: 0) 1547724(div: 1) 1672027(div: 2) 1705052(div: 3) 1761344(div: 4) 
1 1 17 52 
#c 3 1 2 3 4 3 1 2 3 4 3 1 2 3 4 0 1 2 3 4 0 1 2 3 1 0 1 3 3 4 4 1 2 3 4 3 1 2 3 4 3 1 4 3 4 0 1 2 3 4 0 1 2 3 4 3 1 3 3 4 3 1 2 3 4 4 1 1 3 4 0 1 2 3 4 3 1 0 3 
#1559857(div: 0) 1547724(div: 1) 1672027(div: 2) 1705052(div: 3) 1761344(div: 4) 
1 1 47 52 
#c 3 1 2 3 4 3 1 2 3 4 3 1 2 3 4 0 1 2 3 4 0 1 2 3 1 0 1 3 3 4 4 1 2 3 4 3 1 2 3 4 3 1 4 3 4 0 1 0 3 4 0 1 2 3 4 3 1 3 3 4 3 1 2 3 4 4 1 1 3 4 0 1 2 3 4 3 1 0 3 
#1625222(div: 0) 1547724(div: 1) 1606662(div: 2) 1705052(div: 3) 1761344(div: 4) 
17 26 4 9 14 19 29 30 34 39 42 44 49 54 59 64 65 69 74 0 3 5 8 10 13 18 23 27 28 33 35 38 40 43 48 53 55 57 58 60 63 68 73 75 78 
#c 3 1 2 3 4 3 1 2 3 4 3 1 2 3 4 0 1 2 3 4 0 1 2 3 1 0 1 3 3 4 4 1 2 3 4 3 1 2 3 4 3 1 4 3 4 0 1 0 3 4 0 1 2 3 4 3 1 3 3 4 3 1 2 3 4 4 1 1 3 4 0 1 2 3 4 3 1 0 3 
#1625222(div: 0) 1547724(div: 1) 1606662(div: 2) 1705052(div: 3) 1761344(div: 4) 
26 10 0 3 5 8 10 13 18 23 27 28 33 35 38 40 43 48 53 55 57 58 60 63 68 73 75 78 2 7 12 17 22 32 37 52 62 72 
#c 3 1 2 3 4 3 1 2 3 4 3 1 2 3 4 0 1 2 3 4 0 1 2 3 1 0 1 3 3 4 4 1 2 3 4 3 1 2 3 4 3 1 4 3 4 0 1 0 3 4 0 1 2 3 4 3 1 3 3 4 3 1 2 3 4 4 1 1 3 4 0 1 2 3 4 3 1 0 3 
#1625222(div: 0) 1547724(div: 1) 1606662(div: 2) 1705052(div: 3) 1761344(div: 4) 
10 18 2 7 12 17 22 32 37 52 62 72 1 6 11 16 21 24 26 31 36 41 46 51 56 61 66 67 71 76 
#c 3 1 2 3 4 3 1 2 3 4 3 1 2 3 4 0 1 2 3 4 0 1 2 3 1 0 1 3 3 4 4 1 2 3 4 3 1 2 3 4 3 1 4 3 4 0 1 0 3 4 0 1 2 3 4 3 1 3 3 4 3 1 2 3 4 4 1 1 3 4 0 1 2 3 4 3 1 0 3 
#1625222(div: 0) 1547724(div: 1) 1606662(div: 2) 1705052(div: 3) 1761344(div: 4) 
1 1 14 54 
#c 3 1 2 3 4 3 1 2 3 4 3 1 2 3 4 0 1 2 3 4 0 1 2 3 1 0 1 3 3 4 4 1 2 3 4 3 1 2 3 4 3 1 4 3 4 0 1 0 3 4 0 1 2 3 4 3 1 3 3 4 3 1 2 3 4 4 1 1 3 4 0 1 2 3 4 3 1 0 3 
#1625222(div: 0) 1547724(div: 1) 1606662(div: 2) 1705052(div: 3) 1761344(div: 4) 
1 1 29 54 
#c 3 1 2 3 4 3 1 2 3 4 3 1 2 3 4 0 1 2 3 4 0 1 2 3 1 0 1 3 3 4 4 1 2 3 4 3 1 2 3 4 3 1 4 3 4 0 1 0 3 4 0 1 2 3 4 3 1 3 3 4 3 1 2 3 4 4 1 1 3 4 0 1 2 3 4 3 1 0 3 
#1625222(div: 0) 1547724(div: 1) 1606662(div: 2) 1705052(div: 3) 1761344(div: 4) 
1 1 29 69 
#c 3 1 2 3 4 3 1 2 3 4 3 1 2 3 4 0 1 2 3 4 0 1 2 3 1 0 1 3 3 1 4 1 2 3 4 3 1 2 3 4 3 1 4 3 4 0 1 0 3 4 0 1 2 3 4 3 1 3 3 4 3 1 2 3 4 4 1 1 3 4 0 1 2 3 4 3 1 0 3 
#1625222(div: 0) 1560104(div: 1) 1606662(div: 2) 1705052(div: 3) 1748964(div: 4) 
16 19 4 9 14 19 30 34 39 42 44 49 54 59 64 65 69 74 1 6 11 16 21 24 26 29 31 36 41 46 51 56 61 66 67 71 76 
#c 3 1 2 3 4 3 1 2 3 4 3 1 2 3 4 0 1 2 3 4 0 1 2 3 1 0 1 3 3 1 4 1 2 3 4 3 1 2 3 4 3 1 4 3 4 0 1 0 3 4 0 1 2 3 4 3 1 3 3 4 3 1 2 3 4 4 1 1 3 4 0 1 2 3 4 3 1 0 3 
#1625222(div: 0) 1560104(div: 1) 1606662(div: 2) 1705052(div: 3) 1748964(div: 4) 
1 1 44 54 
#c 3 1 2 3 4 3 1 2 3 4 3 1 2 3 4 0 1 2 3 4 0 1 2 3 1 0 1 3 3 1 4 1 2 3 4 3 1 2 3 4 3 1 4 3 4 0 1 0 3 4 0 1 2 3 4 3 1 3 3 4 3 1 2 3 4 4 1 1 3 4 0 1 2 3 4 3 1 0 3 
#1625222(div: 0) 1560104(div: 1) 1606662(div: 2) 1705052(div: 3) 1748964(div: 4) 
1 1 14 54 
#c 3 1 2 3 4 3 1 2 3 4 3 1 2 3 4 0 1 2 3 4 0 1 2 3 1 0 1 3 3 1 4 1 2 3 4 3 1 2 3 4 3 1 4 3 4 0 1 0 3 4 0 1 2 3 4 3 1 3 3 4 3 1 2 3 4 4 1 1 3 4 0 1 2 3 4 3 1 0 3 
#1625222(div: 0) 1560104(div: 1) 1606662(div: 2) 1705052(div: 3) 1748964(div: 4) 
1 1 9 54 
#c 3 1 2 3 4 3 1 2 3 4 3 1 2 3 4 0 1 2 3 4 0 1 2 3 1 0 1 3 3 1 4 1 2 3 4 3 1 2 3 4 3 1 4 3 4 0 1 0 3 4 0 1 2 3 1 3 1 3 3 4 3 1 2 3 4 4 1 1 3 4 0 1 2 3 4 3 1 0 3 
#1625222(div: 0) 1586134(div: 1) 1606662(div: 2) 1705052(div: 3) 1722934(div: 4) 
8 10 15 20 25 45 47 50 70 77 2 7 12 17 22 32 37 52 62 72 
#c 3 1 2 3 4 3 1 2 3 4 3 1 2 3 4 0 1 2 3 4 0 1 2 3 1 0 1 3 3 1 4 1 2 3 4 3 1 2 3 4 3 1 4 3 4 0 1 0 3 4 0 1 2 3 1 3 1 3 3 4 3 1 2 3 4 4 1 1 3 4 0 1 2 3 4 3 1 0 3 
#1625222(div: 0) 1586134(div: 1) 1606662(div: 2) 1705052(div: 3) 1722934(div: 4) 
10 26 2 7 12 17 22 32 37 52 62 72 0 3 5 8 10 13 18 23 27 28 33 35 38 40 43 48 53 55 57 58 60 63 68 73 75 78 
#c 3 1 2 3 4 3 1 2 3 4 3 1 2 3 4 0 1 2 3 4 0 1 2 3 1 0 1 3 3 1 4 1 2 3 4 3 1 2 3 4 3 1 4 3 4 0 1 0 3 4 0 1 2 3 1 3 1 3 3 4 3 1 2 3 4 4 1 1 3 4 0 1 2 3 4 3 1 0 3 
#1625222(div: 0) 1586134(div: 1) 1606662(div: 2) 1705052(div: 3) 1722934(div: 4) 
8 26 15 20 25 45 47 50 70 77 0 3 5 8 10 13 18 23 27 28 33 35 38 40 43 48 53 55 57 58 60 63 68 73 75 78 
#c 3 1 2 3 4 3 1 2 3 4 3 1 2 3 4 0 1 2 3 4 0 1 2 3 1 0 1 3 3 1 4 1 2 3 4 3 1 2 3 4 3 1 4 3 4 0 1 0 3 4 0 1 2 3 1 3 1 3 3 4 3 1 2 3 4 4 1 1 3 4 0 1 2 3 4 3 1 0 3 
#1625222(div: 0) 1586134(div: 1) 1606662(div: 2) 1705052(div: 3) 1722934(div: 4) 
10 15 2 7 12 17 22 32 37 52 62 72 4 9 14 19 30 34 39 42 44 49 59 64 65 69 74 
#c 3 1 2 3 4 3 1 2 3 4 3 1 2 3 4 0 1 2 3 4 0 1 2 3 1 0 1 3 3 1 4 1 2 3 4 3 1 2 3 4 3 1 4 3 4 0 1 0 3 4 0 1 2 3 1 3 1 3 3 4 3 1 2 3 4 4 1 1 3 4 0 1 2 3 4 3 1 0 3 
#1625222(div: 0) 1586134(div: 1) 1606662(div: 2) 1705052(div: 3) 1722934(div: 4) 
26 15 0 3 5 8 10 13 18 23 27 28 33 35 38 40 43 48 53 55 57 58 60 63 68 73 75 78 4 9 14 19 30 34 39 42 44 49 59 64 65 69 74 
#c 3 1 2 3 4 3 1 2 3 4 3 1 2 3 4 0 1 2 3 4 0 1 2 3 1 0 1 3 3 1 4 1 2 3 4 3 1 2 3 4 3 1 4 3 4 0 1 0 3 4 0 1 2 3 1 3 1 3 3 4 3 1 2 3 4 4 1 1 3 4 0 1 2 3 4 3 1 0 3 
#1625222(div: 0) 1586134(div: 1) 1606662(div: 2) 1705052(div: 3) 1722934(div: 4) 
1 1 30 69 
#c 3 1 2 3 4 3 1 2 3 4 3 1 2 3 4 0 1 2 3 4 0 1 2 3 1 0 1 3 3 1 4 1 2 3 4 3 1 2 3 4 3 1 4 3 4 0 1 0 3 4 0 1 2 3 1 3 1 3 3 4 3 1 2 3 4 4 1 1 3 4 0 1 2 3 4 3 1 0 3 
#1625222(div: 0) 1586134(div: 1) 1606662(div: 2) 1705052(div: 3) 1722934(div: 4) 
1 1 14 69 
#c 3 1 2 3 4 3 1 2 3 4 3 1 2 3 4 0 1 2 3 4 0 1 2 3 1 0 1 3 3 1 4 1 2 3 4 3 1 2 3 4 3 1 4 3 4 0 1 0 3 4 0 1 2 3 1 3 1 3 3 4 3 1 2 3 4 4 1 1 3 4 0 1 2 3 4 3 1 0 3 
#1625222(div: 0) 1586134(div: 1) 1606662(div: 2) 1705052(div: 3) 1722934(div: 4) 
1 1 14 44 
#c 3 1 2 3 4 3 1 2 3 4 3 1 2 3 2 0 1 2 3 4 0 1 2 3 1 0 1 3 3 1 4 1 2 3 4 3 1 2 3 4 3 1 4 3 4 0 1 0 3 4 0 1 2 3 1 3 1 3 3 4 3 1 2 3 4 4 1 1 3 4 0 1 2 3 4 3 1 0 3 
#1625222(div: 0) 1586134(div: 1) 1634275(div: 2) 1705052(div: 3) 1695321(div: 4) 
14 11 4 9 19 30 34 39 42 44 49 59 64 65 69 74 2 7 12 14 17 22 32 37 52 62 72 
#c 3 1 2 3 4 3 1 2 3 4 3 1 2 3 2 0 1 2 3 4 0 1 2 3 1 0 1 3 3 1 4 1 2 3 4 3 1 2 3 4 3 1 4 3 4 0 1 0 3 4 0 1 2 3 1 3 1 3 3 4 3 1 2 3 4 4 1 1 3 4 0 1 2 3 4 3 1 0 3 
#1625222(div: 0) 1586134(div: 1) 1634275(div: 2) 1705052(div: 3) 1695321(div: 4) 
1 1 9 39 
#c 3 1 2 3 4 3 1 2 3 4 3 1 2 3 2 0 1 2 3 4 0 1 2 3 1 0 1 3 3 1 4 1 2 3 4 3 1 2 3 4 3 1 4 3 4 0 1 0 3 4 0 1 2 3 1 3 1 3 3 4 3 1 2 3 4 4 1 1 3 4 0 1 2 3 4 3 1 0 3 
#1625222(div: 0) 1586134(div: 1) 1634275(div: 2) 1705052(div: 3) 1695321(div: 4) 
1 1 9 69 
#c 3 1 2 3 4 3 1 2 3 4 3 1 2 3 2 0 1 2 3 4 0 1 2 3 1 0 1 3 3 1 4 1 2 3 4 3 1 2 3 4 3 1 4 3 4 0 1 0 3 4 0 1 2 3 1 3 1 3 3 4 3 1 2 3 4 4 1 1 3 4 0 1 2 3 4 3 1 0 3 
#1625222(div: 0) 1586134(div: 1) 1634275(div: 2) 1705052(div: 3) 1695321(div: 4) 
1 1 9 59 
#c 3 1 2 3 4 3 1 2 3 2 3 1 2 3 2 0 1 2 3 4 0 1 2 3 1 0 1 3 3 1 4 1 2 3 4 3 1 2 3 4 3 1 4 3 4 0 1 0 3 4 0 1 2 3 1 3 1 3 3 4 3 1 2 3 4 4 1 1 3 4 0 1 2 3 4 3 1 0 3 
#1625222(div: 0) 1586134(div: 1) 1697382(div: 2) 1705052(div: 3) 1632214(div: 4) 
8 12 15 20 25 45 47 50 70 77 2 7 9 12 14 17 22 32 37 52 62 72 
#c 3 1 2 3 4 3 1 2 3 2 3 1 2 3 2 0 1 2 3 4 0 1 2 3 1 0 1 3 3 1 4 1 2 3 4 3 1 2 3 4 3 1 4 3 4 0 1 0 3 4 0 1 2 3 1 3 1 3 3 4 3 1 2 3 4 4 1 1 3 4 0 1 2 3 4 3 1 0 3 
#1625222(div: 0) 1586134(div: 1) 1697382(div: 2) 1705052(div: 3) 1632214(div: 4) 
8 26 15 20 25 45 47 50 70 77 0 3 5 8 10 13 18 23 27 28 33 35 38 40 43 48 53 55 57 58 60 63 68 73 75 78 
#c 3 1 2 3 4 3 1 2 3 2 3 1 2 3 2 0 1 2 3 4 0 1 2 3 1 0 1 3 3 1 4 1 2 3 4 3 1 2 3 4 3 1 4 3 4 0 1 0 3 4 0 1 2 3 1 3 1 3 3 4 3 1 2 3 4 4 1 1 3 4 0 1 2 3 4 3 1 0 3 
#1625222(div: 0) 1586134(div: 1) 1697382(div: 2) 1705052(div: 3) 1632214(div: 4) 
12 26 2 7 9 12 14 17 22 32 37 52 62 72 0 3 5 8 10 13 18 23 27 28 33 35 38 40 43 48 53 55 57 58 60 63 68 73 75 78 
#c 3 1 2 3 4 3 1 2 3 2 3 1 2 3 2 0 1 2 3 4 0 1 2 3 1 0 1 3 3 1 4 1 2 3 4 3 1 2 3 4 3 1 4 3 4 0 1 0 3 4 0 1 2 3 1 3 1 3 3 4 3 1 2 3 4 4 1 1 3 4 0 1 2 3 4 3 1 0 3 
#1625222(div: 0) 1586134(div: 1) 1697382(div: 2) 1705052(div: 3) 1632214(div: 4) 
8 13 15 20 25 45 47 50 70 77 4 19 30 34 39 42 44 49 59 64 65 69 74 
#c 3 1 2 3 4 3 1 2 3 2 3 1 2 3 2 0 1 2 3 4 0 1 2 3 1 0 1 3 3 1 4 1 2 3 4 3 1 2 3 4 3 1 4 3 4 0 1 0 3 4 0 1 2 3 1 3 1 3 3 4 3 1 2 3 4 4 1 1 3 4 0 1 2 3 4 3 1 0 3 
#1625222(div: 0) 1586134(div: 1) 1697382(div: 2) 1705052(div: 3) 1632214(div: 4) 
26 13 0 3 5 8 10 13 18 23 27 28 33 35 38 40 43 48 53 55 57 58 60 63 68 73 75 78 4 19 30 34 39 42 44 49 59 64 65 69 74 
#c 3 1 2 3 4 3 1 2 3 2 3 1 2 3 2 0 1 2 3 4 0 1 2 3 1 0 1 3 3 1 4 1 2 3 4 3 1 2 3 4 3 1 4 3 4 0 1 0 3 4 0 1 2 3 1 3 1 3 3 4 3 1 2 3 4 4 1 1 3 4 0 1 2 3 4 3 1 0 3 
#1625222(div: 0) 1586134(div: 1) 1697382(div: 2) 1705052(div: 3) 1632214(div: 4) 
1 1 18 63 
#c 3 1 2 3 4 3 1 2 3 2 3 1 2 3 2 0 1 2 3 4 0 1 2 3 1 0 1 3 3 1 4 1 2 3 4 3 1 2 3 4 3 1 4 3 4 0 1 0 3 4 0 1 2 3 1 3 1 3 3 4 3 1 2 3 4 4 1 1 3 4 0 1 2 3 4 3 1 0 3 
#1625222(div: 0) 1586134(div: 1) 1697382(div: 2) 1705052(div: 3) 1632214(div: 4) 
1 1 5 18 
#c 3 1 2 3 4 3 1 2 3 2 3 1 2 3 2 0 1 2 3 4 0 1 2 3 1 0 1 3 3 1 4 1 2 3 4 3 1 2 3 4 3 1 4 3 4 0 1 0 3 4 0 1 2 3 1 3 1 3 3 4 3 1 2 3 4 4 1 1 3 4 0 1 2 3 4 3 1 0 3 
#1625222(div: 0) 1586134(div: 1) 1697382(div: 2) 1705052(div: 3) 1632214(div: 4) 
1 1 5 57 
#c 3 1 2 3 4 3 1 2 3 2 3 1 2 3 2 0 1 2 3 4 0 1 2 3 1 0 1 3 3 1 4 1 2 3 4 3 1 2 3 4 3 1 4 3 4 0 1 0 3 4 0 1 2 3 1 3 1 0 3 4 3 1 2 3 4 4 1 1 3 4 0 1 2 3 4 3 1 0 3 
#1631528(div: 0) 1586134(div: 1) 1697382(div: 2) 1698746(div: 3) 1632214(div: 4) 
25 9 0 3 5 8 10 13 18 23 27 28 33 35 38 40 43 48 53 55 58 60 63 68 73 75 78 15 20 25 45 47 50 57 70 77 
#c 3 1 2 3 4 3 1 2 3 2 3 1 2 3 2 0 1 2 3 4 0 1 2 3 1 0 1 3 3 1 4 1 2 3 4 3 1 2 3 4 3 1 4 3 4 0 1 0 3 4 0 1 2 3 1 3 1 0 3 4 3 1 2 3 4 4 1 1 3 4 0 1 2 3 4 3 1 0 3 
#1631528(div: 0) 1586134(div: 1) 1697382(div: 2) 1698746(div: 3) 1632214(div: 4) 
1 1 28 43 
#c 3 1 2 3 4 3 1 2 3 2 3 1 2 3 2 0 1 2 3 4 0 1 2 3 1 0 1 3 3 1 4 1 2 3 4 3 1 2 3 4 3 1 4 3 4 0 1 0 3 4 0 1 2 3 1 3 1 0 3 4 3 1 2 3 4 4 1 1 3 4 0 1 2 3 4 3 1 0 3 
#1631528(div: 0) 1586134(div: 1) 1697382(div: 2) 1698746(div: 3) 1632214(div: 4) 
1 1 28 33 
#c 3 1 2 3 4 3 1 2 3 2 3 1 2 3 2 0 1 2 3 4 0 1 2 3 1 0 1 3 3 1 4 1 2 3 4 3 1 2 3 4 3 1 4 3 4 0 1 0 3 4 0 1 2 3 1 3 1 0 3 4 3 1 2 3 4 4 1 1 3 4 0 1 2 3 4 3 1 0 3 
#1631528(div: 0) 1586134(div: 1) 1697382(div: 2) 1698746(div: 3) 1632214(div: 4) 
1 1 3 28 
#c 3 1 2 3 4 3 1 2 3 2 3 1 2 3 2 0 1 2 3 4 0 1 2 3 1 0 1 3 0 1 4 1 2 3 4 3 1 2 3 4 3 1 4 3 4 0 1 0 3 4 0 1 2 3 1 3 1 0 3 4 3 1 2 3 4 4 1 1 3 4 0 1 2 3 4 3 1 0 3 
#1633997(div: 0) 1586134(div: 1) 1697382(div: 2) 1696277(div: 3) 1632214(div: 4) 
20 13 1 6 11 16 21 24 26 29 31 36 41 46 51 54 56 61 66 67 71 76 4 19 30 34 39 42 44 49 59 64 65 69 74 
#c 3 1 2 3 4 3 1 2 3 2 3 1 2 3 2 0 1 2 3 4 0 1 2 3 1 0 1 3 0 1 4 1 2 3 4 3 1 2 3 4 3 1 4 3 4 0 1 0 3 4 0 1 2 3 1 3 1 0 3 4 3 1 2 3 4 4 1 1 3 4 0 1 2 3 4 3 1 0 3 
#1633997(div: 0) 1586134(div: 1) 1697382(div: 2) 1696277(div: 3) 1632214(div: 4) 
20 10 1 6 11 16 21 24 26 29 31 36 41 46 51 54 56 61 66 67 71 76 15 20 25 28 45 47 50 57 70 77 
#c 3 1 2 3 4 3 1 2 3 2 3 1 2 3 2 0 1 2 3 4 0 1 2 3 1 0 1 3 0 1 4 1 2 3 4 3 1 2 3 4 3 1 4 3 4 0 1 0 3 4 0 1 2 3 1 3 1 0 3 4 3 1 2 3 4 4 1 1 3 4 0 1 2 3 4 3 1 0 3 
#1633997(div: 0) 1586134(div: 1) 1697382(div: 2) 1696277(div: 3) 1632214(div: 4) 
13 10 4 19 30 34 39 42 44 49 59 64 65 69 74 15 20 25 28 45 47 50 57 70 77 
#c 3 1 2 3 4 3 1 2 3 2 3 1 2 3 2 0 1 2 3 4 0 1 2 3 1 0 1 3 0 1 4 1 2 3 4 3 1 2 3 4 3 1 4 3 4 0 1 0 3 4 0 1 2 3 1 3 1 0 3 4 3 1 2 3 4 4 1 1 3 4 0 1 2 3 4 3 1 0 3 
#1633997(div: 0) 1586134(div: 1) 1697382(div: 2) 1696277(div: 3) 1632214(div: 4) 
20 24 1 6 11 16 21 24 26 29 31 36 41 46 51 54 56 61 66 67 71 76 0 3 5 8 10 13 18 23 27 33 35 38 40 43 48 53 55 58 60 63 68 73 75 78 
#c 3 1 2 3 4 3 1 2 3 2 3 1 2 3 2 0 1 2 3 4 0 1 2 3 1 0 1 3 0 1 4 1 2 3 4 3 1 2 3 4 3 1 4 3 4 0 1 0 3 4 0 1 2 3 1 3 1 0 3 4 3 1 2 3 4 4 1 1 3 4 0 1 2 3 4 3 1 0 3 
#1633997(div: 0) 1586134(div: 1) 1697382(div: 2) 1696277(div: 3) 1632214(div: 4) 
10 24 15 20 25 28 45 47 50 57 70 77 0 3 5 8 10 13 18 23 27 33 35 38 40 43 48 53 55 58 60 63 68 73 75 78 
#c 3 1 2 3 4 3 1 2 3 2 3 1 2 3 2 0 1 2 3 4 0 1 2 3 1 0 1 3 0 1 4 1 2 3 4 3 1 2 3 4 3 1 4 3 4 0 1 0 3 4 0 1 2 3 1 3 1 0 3 4 3 1 2 3 4 4 1 1 3 4 0 1 2 3 4 3 1 0 3 
#1633997(div: 0) 1586134(div: 1) 1697382(div: 2) 1696277(div: 3) 1632214(div: 4) 
1 1 3 13 
#c 3 1 2 3 4 3 1 2 3 2 3 1 2 3 2 0 1 2 3 4 0 1 2 3 1 0 1 3 0 1 4 1 2 3 4 3 1 2 3 4 3 1 4 3 4 0 1 0 3 4 0 1 2 3 1 3 1 0 3 4 3 1 2 3 4 4 1 1 3 4 0 1 2 3 4 3 1 0 3 
#1633997(div: 0) 1586134(div: 1) 1697382(div: 2) 1696277(div: 3) 1632214(div: 4) 
1 1 13 63 
#c 3 1 2 3 4 3 1 2 3 2 3 1 2 3 2 0 1 2 3 4 0 1 2 3 1 0 1 3 0 1 4 1 2 3 4 3 1 2 3 4 3 1 4 3 4 0 1 0 3 4 0 1 2 3 1 3 1 0 3 4 3 1 2 3 4 4 1 1 3 4 0 1 2 3 4 3 1 0 3 
#1633997(div: 0) 1586134(div: 1) 1697382(div: 2) 1696277(div: 3) 1632214(div: 4) 
1 1 60 63 
#c 3 1 2 3 4 3 1 2 3 2 3 1 2 3 2 0 1 2 3 4 0 1 2 3 1 0 1 3 0 1 4 1 2 3 4 3 1 2 3 4 3 1 4 3 4 0 1 0 3 4 0 1 2 3 1 3 1 0 3 4 3 1 2 1 4 4 1 1 3 4 0 1 2 3 4 3 1 0 3 
#1633997(div: 0) 1633425(div: 1) 1697382(div: 2) 1648986(div: 3) 1632214(div: 4) 
23 21 0 3 5 8 10 13 18 23 27 33 35 38 40 43 48 53 55 58 60 68 73 75 78 1 6 11 16 21 24 26 29 31 36 41 46 51 54 56 61 63 66 67 71 76 
#c 3 1 2 3 4 3 1 2 3 2 3 1 2 3 2 0 1 2 3 4 0 1 2 3 1 0 1 3 0 1 4 1 2 3 4 3 1 2 3 4 3 1 4 3 4 0 1 0 3 4 0 1 2 3 1 3 1 0 3 4 3 1 2 1 4 4 1 1 3 4 0 1 2 3 4 3 1 0 3 
#1633997(div: 0) 1633425(div: 1) 1697382(div: 2) 1648986(div: 3) 1632214(div: 4) 
1 1 27 55 
#c 3 1 2 3 4 3 1 2 3 2 3 1 2 3 2 0 1 2 3 4 0 1 2 3 1 0 1 3 0 1 4 1 2 3 4 3 1 2 3 4 3 1 4 3 4 0 1 0 3 4 0 1 2 3 1 3 1 0 3 4 3 1 2 1 4 4 1 1 3 4 0 1 2 3 4 3 1 0 3 
#1633997(div: 0) 1633425(div: 1) 1697382(div: 2) 1648986(div: 3) 1632214(div: 4) 
1 1 13 27 
#c 3 1 2 3 4 3 1 2 3 2 3 1 2 3 2 0 1 2 3 4 0 1 2 3 1 0 1 3 0 1 4 1 2 3 4 3 1 2 3 4 3 1 4 3 4 0 1 0 3 4 0 1 2 3 1 3 1 0 3 4 3 1 2 1 4 4 1 1 3 4 0 1 2 3 4 3 1 0 3 
#1633997(div: 0) 1633425(div: 1) 1697382(div: 2) 1648986(div: 3) 1632214(div: 4) 
1 1 27 73 
#c 3 1 2 3 4 3 1 2 3 2 3 1 2 3 2 0 1 2 3 4 0 1 2 3 1 0 1 1 0 1 4 1 2 3 4 3 1 2 3 4 3 1 4 3 4 0 1 0 3 4 0 1 2 3 1 3 1 0 3 4 3 1 2 1 4 4 1 1 3 4 0 1 2 3 4 3 1 0 3 
#1633997(div: 0) 1648179(div: 1) 1697382(div: 2) 1634232(div: 3) 1632214(div: 4) 
12 10 2 7 9 12 14 17 22 32 37 52 62 72 15 20 25 28 45 47 50 57 70 77 
#c 3 1 2 3 4 3 1 2 3 2 3 1 2 3 2 0 1 2 3 4 0 1 2 3 1 0 1 1 0 1 4 1 2 3 4 3 1 2 3 4 3 1 4 3 4 0 1 0 3 4 0 1 2 3 1 3 1 0 3 4 3 1 2 1 4 4 1 1 3 4 0 1 2 3 4 3 1 0 3 
#1633997(div: 0) 1648179(div: 1) 1697382(div: 2) 1634232(div: 3) 1632214(div: 4) 
10 13 15 20 25 28 45 47 50 57 70 77 4 19 30 34 39 42 44 49 59 64 65 69 74 
#c 3 1 2 3 4 3 1 2 3 2 3 1 2 3 2 0 1 2 3 4 0 1 2 3 1 0 1 1 0 1 4 1 2 3 4 3 1 2 3 4 3 1 4 3 4 0 1 0 3 4 0 1 2 3 1 3 1 0 3 4 3 1 2 1 4 4 1 1 3 4 0 1 2 3 4 3 1 0 3 
#1633997(div: 0) 1648179(div: 1) 1697382(div: 2) 1634232(div: 3) 1632214(div: 4) 
13 22 4 19 30 34 39 42 44 49 59 64 65 69 74 1 6 11 16 21 24 26 27 29 31 36 41 46 51 54 56 61 63 66 67 71 76 
#c 3 1 2 3 4 3 1 2 3 2 3 1 2 3 2 0 1 2 3 4 0 1 2 3 1 0 1 1 0 1 4 1 2 3 4 3 1 2 3 4 3 1 4 3 4 0 1 0 3 4 0 1 2 3 1 3 1 0 3 4 3 1 2 1 4 4 1 1 3 4 0 1 2 3 4 3 1 0 3 
#1633997(div: 0) 1648179(div: 1) 1697382(div: 2) 1634232(div: 3) 1632214(div: 4) 
12 22 2 7 9 12 14 17 22 32 37 52 62 72 1 6 11 16 21 24 26 27 29 31 36 41 46 51 54 56 61 63 66 67 71 76 
#c 3 1 2 3 4 3 1 2 3 2 3 1 2 3 2 0 1 2 3 4 0 1 2 3 1 0 1 1 0 1 4 1 2 3 4 3 1 2 3 4 3 1 4 3 4 0 1 0 3 4 0 1 2 3 1 3 1 0 3 4 3 1 2 1 4 4 1 1 3 4 0 1 2 3 4 3 1 0 3 
#1633997(div: 0) 1648179(div: 1) 1697382(div: 2) 1634232(div: 3) 1632214(div: 4) 
1 1 14 62 
#c 3 1 2 3 4 3 1 2 3 2 3 1 2 3 2 0 1 2 3 4 0 1 2 3 1 0 1 1 0 1 4 1 2 3 4 3 1 2 3 4 3 1 4 3 4 0 1 0 3 4 0 1 2 3 1 3 1 0 3 4 3 1 2 1 4 4 1 1 3 4 0 1 2 3 4 3 1 0 3 
#1633997(div: 0) 1648179(div: 1) 1697382(div: 2) 1634232(div: 3) 1632214(div: 4) 
1 1 14 37 
#c 3 1 2 3 4 3 1 2 3 2 3 1 2 3 2 0 1 2 3 4 0 1 2 3 1 0 1 1 0 1 4 1 2 3 4 3 1 2 3 4 3 1 4 3 4 0 1 0 3 4 0 1 2 3 1 3 1 0 3 4 3 1 2 1 4 4 1 1 3 4 0 1 2 3 4 3 1 0 3 
#1633997(div: 0) 1648179(div: 1) 1697382(div: 2) 1634232(div: 3) 1632214(div: 4) 
1 1 14 52 
#c 3 1 2 3 4 3 1 2 3 2 3 1 2 3 4 0 1 2 3 4 0 1 2 3 1 0 1 1 0 1 4 1 2 3 4 3 1 2 3 4 3 1 4 3 4 0 1 0 3 4 0 1 2 3 1 3 1 0 3 4 3 1 2 1 4 4 1 1 3 4 0 1 2 3 4 3 1 0 3 
#1633997(div: 0) 1648179(div: 1) 1669769(div: 2) 1634232(div: 3) 1659827(div: 4) 
11 14 2 7 9 12 17 22 32 37 52 62 72 4 14 19 30 34 39 42 44 49 59 64 65 69 74 
#c 3 1 2 3 4 3 1 2 3 2 3 1 2 3 4 0 1 2 3 4 0 1 2 3 1 0 1 1 0 1 4 1 2 3 4 3 1 2 3 4 3 1 4 3 4 0 1 0 3 4 0 1 2 3 1 3 1 0 3 4 3 1 2 1 4 4 1 1 3 4 0 1 2 3 4 3 1 0 3 
#1633997(div: 0) 1648179(div: 1) 1669769(div: 2) 1634232(div: 3) 1659827(div: 4) 
1 1 37 72 
#c 3 1 2 3 4 3 1 2 3 2 3 1 2 3 4 0 1 2 3 4 0 1 2 3 1 0 1 1 0 1 4 1 2 3 4 3 1 2 3 4 3 1 4 3 4 0 1 0 3 4 0 1 2 3 1 3 1 0 3 4 3 1 2 1 4 4 1 1 3 4 0 1 2 3 4 3 1 0 3 
#1633997(div: 0) 1648179(div: 1) 1669769(div: 2) 1634232(div: 3) 1659827(div: 4) 
1 1 9 72 
#c 3 1 2 3 4 3 1 2 3 2 3 1 2 3 4 0 1 2 3 4 0 1 2 3 1 0 1 1 0 1 4 1 2 3 4 3 1 2 3 4 3 1 4 3 4 0 1 0 3 4 0 1 2 3 1 3 1 0 3 4 3 1 2 1 4 4 1 1 3 4 0 1 2 3 4 3 1 0 3 
#1633997(div: 0) 1648179(div: 1) 1669769(div: 2) 1634232(div: 3) 1659827(div: 4) 
1 1 2 72 
#c 3 1 2 3 4 3 1 2 3 2 3 1 2 3 4 0 1 2 3 4 0 1 2 3 1 0 1 1 0 1 4 1 2 3 4 3 1 2 3 4 3 1 4 3 4 0 1 0 3 4 0 1 2 3 1 3 1 0 3 4 3 1 2 1 4 4 1 1 3 4 0 1 4 3 4 3 1 0 3 
#1633997(div: 0) 1648179(div: 1) 1631330(div: 2) 1634232(div: 3) 1698266(div: 4) 
10 22 2 7 9 12 17 22 32 37 52 62 1 6 11 16 21 24 26 27 29 31 36 41 46 51 54 56 61 63 66 67 71 76 
#c 3 1 2 3 4 3 1 2 3 2 3 1 2 3 4 0 1 2 3 4 0 1 2 3 1 0 1 1 0 1 4 1 2 3 4 3 1 2 3 4 3 1 4 3 4 0 1 0 3 4 0 1 2 3 1 3 1 0 3 4 3 1 2 1 4 4 1 1 3 4 0 1 4 3 4 3 1 0 3 
#1633997(div: 0) 1648179(div: 1) 1631330(div: 2) 1634232(div: 3) 1698266(div: 4) 
10 15 2 7 9 12 17 22 32 37 52 62 4 14 19 30 34 39 42 44 49 59 64 65 69 72 74 
#c 3 1 2 3 4 3 1 2 3 2 3 1 2 3 4 0 1 2 3 4 0 1 2 3 1 0 1 1 0 1 4 1 2 3 4 3 1 2 3 4 3 1 4 3 4 0 1 0 3 4 0 1 2 3 1 3 1 0 3 4 3 1 2 1 4 4 1 1 3 4 0 1 4 3 4 3 1 0 3 
#1633997(div: 0) 1648179(div: 1) 1631330(div: 2) 1634232(div: 3) 1698266(div: 4) 
22 15 1 6 11 16 21 24 26 27 29 31 36 41 46 51 54 56 61 63 66 67 71 76 4 14 19 30 34 39 42 44 49 59 64 65 69 72 74 
#c 3 1 2 3 4 3 1 2 3 2 3 1 2 3 4 0 1 2 3 4 0 1 2 3 1 0 1 1 0 1 4 1 2 3 4 3 1 2 3 4 3 1 4 3 4 0 1 0 3 4 0 1 2 3 1 3 1 0 3 4 3 1 2 1 4 4 1 1 3 4 0 1 4 3 4 3 1 0 3 
#1633997(div: 0) 1648179(div: 1) 1631330(div: 2) 1634232(div: 3) 1698266(div: 4) 
10 22 2 7 9 12 17 22 32 37 52 62 0 3 5 8 10 13 18 23 33 35 38 40 43 48 53 55 58 60 68 73 75 78 
#c 3 1 2 3 4 3 1 2 3 2 3 1 2 3 4 0 1 2 3 4 0 1 2 3 1 0 1 1 0 1 4 1 2 3 4 3 1 2 3 4 3 1 4 3 4 0 1 0 3 4 0 1 2 3 1 3 1 0 3 4 3 1 2 1 4 4 1 1 3 4 0 1 4 3 4 3 1 0 3 
#1633997(div: 0) 1648179(div: 1) 1631330(div: 2) 1634232(div: 3) 1698266(div: 4) 
15 22 4 14 19 30 34 39 42 44 49 59 64 65 69 72 74 0 3 5 8 10 13 18 23 33 35 38 40 43 48 53 55 58 60 68 73 75 78 
#c 3 1 2 3 4 3 1 2 3 2 3 1 2 3 4 0 1 2 3 4 0 1 2 3 1 0 1 1 0 1 4 1 2 3 4 3 1 2 3 4 3 1 4 3 4 0 1 0 3 4 0 1 2 3 1 3 1 0 3 4 3 1 2 1 4 4 1 1 3 4 0 1 4 3 4 3 1 0 3 
#1633997(div: 0) 1648179(div: 1) 1631330(div: 2) 1634232(div: 3) 1698266(div: 4) 
1 1 4 74 
#c 3 1 2 3 4 3 1 2 3 2 3 1 2 3 4 0 1 2 3 4 0 1 2 3 1 0 1 1 0 1 4 1 2 3 4 3 1 2 3 4 3 1 4 3 4 0 1 0 3 4 0 1 2 3 1 3 1 0 3 4 3 1 2 1 4 4 1 1 3 4 0 1 4 3 4 3 1 0 3 
#1633997(div: 0) 1648179(div: 1) 1631330(div: 2) 1634232(div: 3) 1698266(div: 4) 
1 1 4 72 
#c 3 1 2 3 4 3 1 2 3 2 3 1 2 3 4 0 1 2 3 4 0 1 2 3 1 0 1 1 0 1 4 1 2 3 4 3 1 2 3 4 3 1 4 3 4 0 1 0 3 4 0 1 2 3 1 3 1 0 3 4 3 1 2 1 4 4 1 1 3 4 0 1 4 3 4 3 1 0 3 
#1633997(div: 0) 1648179(div: 1) 1631330(div: 2) 1634232(div: 3) 1698266(div: 4) 
1 1 44 72 
#c 3 1 2 3 4 3 1 2 3 2 3 1 2 3 4 0 1 2 3 4 0 1 2 3 1 0 1 1 0 1 4 1 2 3 4 3 1 2 3 4 3 1 4 3 4 0 1 0 3 4 0 1 2 3 1 3 1 0 3 4 3 1 2 1 4 4 1 1 3 4 0 1 2 3 4 3 1 0 3 
#1633997(div: 0) 1648179(div: 1) 1669769(div: 2) 1634232(div: 3) 1659827(div: 4) 
14 11 4 14 19 30 34 39 42 44 49 59 64 65 69 74 2 7 9 12 17 22 32 37 52 62 72 
#c 3 1 2 3 4 3 1 2 3 2 3 1 2 3 4 0 1 2 3 4 0 1 2 3 1 0 1 1 0 1 4 1 2 3 4 3 1 2 3 4 3 1 4 3 4 0 1 0 3 4 0 1 2 3 1 3 1 0 3 4 3 1 2 1 4 4 1 1 3 4 0 1 2 3 4 3 1 0 3 
#1633997(div: 0) 1648179(div: 1) 1669769(div: 2) 1634232(div: 3) 1659827(div: 4) 
10 22 15 20 25 28 45 47 50 57 70 77 0 3 5 8 10 13 18 23 33 35 38 40 43 48 53 55 58 60 68 73 75 78 
#c 3 1 2 3 4 3 1 2 3 2 3 1 2 3 4 0 1 2 3 4 0 1 2 3 1 0 1 1 0 1 4 1 2 3 4 3 1 2 3 4 3 1 4 3 4 0 1 0 3 4 0 1 2 3 1 3 1 0 3 4 3 1 2 1 4 4 1 1 3 4 0 1 2 3 4 3 1 0 3 
#1633997(div: 0) 1648179(div: 1) 1669769(div: 2) 1634232(div: 3) 1659827(div: 4) 
10 11 15 20 25 28 45 47 50 57 70 77 2 7 9 12 17 22 32 37 52 62 72 
#c 3 1 2 3 4 3 1 2 3 2 3 1 2 3 4 0 1 2 3 4 0 1 2 3 1 0 1 1 0 1 4 1 2 3 4 3 1 2 3 4 3 1 4 3 4 0 1 0 3 4 0 1 2 3 1 3 1 0 3 4 3 1 2 1 4 4 1 1 3 4 0 1 2 3 4 3 1 0 3 
#1633997(div: 0) 1648179(div: 1) 1669769(div: 2) 1634232(div: 3) 1659827(div: 4) 
22 11 0 3 5 8 10 13 18 23 33 35 38 40 43 48 53 55 58 60 68 73 75 78 2 7 9 12 17 22 32 37 52 62 72 
#c 3 1 2 3 4 3 1 2 3 2 3 1 2 3 4 0 1 2 3 4 0 1 2 3 1 0 1 1 0 1 4 1 2 3 4 3 1 2 3 4 3 1 4 3 4 0 1 0 3 4 0 1 2 3 1 3 1 0 3 4 3 1 2 1 4 4 1 1 3 4 0 1 2 3 4 3 1 0 3 
#1633997(div: 0) 1648179(div: 1) 1669769(div: 2) 1634232(div: 3) 1659827(div: 4) 
10 22 15 20 25 28 45 47 50 57 70 77 1 6 11 16 21 24 26 27 29 31 36 41 46 51 54 56 61 63 66 67 71 76 
#c 3 1 2 3 4 3 1 2 3 2 3 1 2 3 4 0 1 2 3 4 0 1 2 3 1 0 1 1 0 1 4 1 2 3 4 3 1 2 3 4 3 1 4 3 4 0 1 0 3 4 0 1 2 3 1 3 1 0 3 4 3 1 2 1 4 4 1 1 3 4 0 1 2 3 4 3 1 0 3 
#1633997(div: 0) 1648179(div: 1) 1669769(div: 2) 1634232(div: 3) 1659827(div: 4) 
11 22 2 7 9 12 17 22 32 37 52 62 72 1 6 11 16 21 24 26 27 29 31 36 41 46 51 54 56 61 63 66 67 71 76 
#c 3 1 2 3 4 3 1 2 3 2 3 1 2 3 4 0 1 2 3 4 0 1 2 3 1 0 1 1 0 1 4 1 2 3 4 3 1 2 3 4 3 1 4 3 4 0 1 0 3 4 0 1 2 3 1 3 1 0 3 4 3 1 2 1 4 4 1 1 3 4 0 1 2 3 4 3 1 0 3 
#1633997(div: 0) 1648179(div: 1) 1669769(div: 2) 1634232(div: 3) 1659827(div: 4) 
1 1 2 32 
#c 3 1 2 3 4 3 1 2 3 2 3 1 2 3 4 0 1 2 3 4 0 1 2 3 1 0 1 1 0 1 4 1 2 3 4 3 1 2 3 4 3 1 4 3 4 0 1 0 3 4 0 1 2 3 1 3 1 0 3 4 3 1 2 1 4 4 1 1 3 4 0 1 2 3 4 3 1 0 3 
#1633997(div: 0) 1648179(div: 1) 1669769(div: 2) 1634232(div: 3) 1659827(div: 4) 
1 1 2 52 
#c 3 1 2 3 4 3 1 2 3 2 3 1 2 3 4 0 1 2 3 4 0 1 2 3 1 0 1 1 0 1 4 1 2 3 4 3 1 2 3 4 3 1 4 3 4 0 1 0 3 4 0 1 2 3 1 3 1 0 3 4 3 1 2 1 4 4 1 1 3 4 0 1 2 3 4 3 1 0 3 
#1633997(div: 0) 1648179(div: 1) 1669769(div: 2) 1634232(div: 3) 1659827(div: 4) 
1 1 7 52 
#c 3 1 2 3 4 3 1 2 3 2 3 1 2 3 4 0 1 2 3 4 0 1 2 3 1 0 1 1 0 1 4 1 2 3 4 3 1 2 3 4 3 1 4 3 4 0 1 0 3 4 0 1 0 3 1 3 1 0 3 4 3 1 2 1 4 4 1 1 3 4 0 1 2 3 4 3 1 0 3 
#1703211(div: 0) 1648179(div: 1) 1600555(div: 2) 1634232(div: 3) 1659827(div: 4) 
10 11 2 7 9 12 17 22 32 37 62 72 15 20 25 28 45 47 50 52 57 70 77 
#c 3 1 2 3 4 3 1 2 3 2 3 1 2 3 4 0 1 2 3 4 0 1 2 3 1 0 1 1 0 1 4 1 2 3 4 3 1 2 3 4 3 1 4 3 4 0 1 0 3 4 0 1 0 3 1 3 1 0 3 4 3 1 2 1 4 4 1 1 3 4 0 1 2 3 4 3 1 0 3 
#1703211(div: 0) 1648179(div: 1) 1600555(div: 2) 1634232(div: 3) 1659827(div: 4) 
14 10 4 14 19 30 34 39 42 44 49 59 64 65 69 74 2 7 9 12 17 22 32 37 62 72 
#c 3 1 2 3 4 3 1 2 3 2 3 1 2 3 4 0 1 2 3 4 0 1 2 3 1 0 1 1 0 1 4 1 2 3 4 3 1 2 3 4 3 1 4 3 4 0 1 0 3 4 0 1 0 3 1 3 1 0 3 4 3 1 2 1 4 4 1 1 3 4 0 1 2 3 4 3 1 0 3 
#1703211(div: 0) 1648179(div: 1) 1600555(div: 2) 1634232(div: 3) 1659827(div: 4) 
10 11 2 7 9 12 17 22 32 37 62 72 15 20 25 28 45 47 50 52 57 70 77 
#c 3 1 2 3 4 3 1 2 3 2 3 1 2 3 4 0 1 2 3 4 0 1 2 3 1 0 1 1 0 1 4 1 2 3 4 3 1 2 3 4 3 1 4 3 4 0 1 0 3 4 0 1 0 3 1 3 1 0 3 4 3 1 2 1 4 4 1 1 3 4 0 1 2 3 4 3 1 0 3 
#1703211(div: 0) 1648179(div: 1) 1600555(div: 2) 1634232(div: 3) 1659827(div: 4) 
14 11 4 14 19 30 34 39 42 44 49 59 64 65 69 74 15 20 25 28 45 47 50 52 57 70 77 
#c 3 1 2 3 4 3 1 2 3 2 3 1 2 3 4 0 1 2 3 4 0 1 2 3 1 0 1 1 0 1 4 1 2 3 4 3 1 2 3 4 3 1 4 3 4 0 1 0 3 4 0 1 0 3 1 3 1 0 3 4 3 1 2 1 4 4 1 1 3 4 0 1 2 3 4 3 1 0 3 
#1703211(div: 0) 1648179(div: 1) 1600555(div: 2) 1634232(div: 3) 1659827(div: 4) 
10 22 2 7 9 12 17 22 32 37 62 72 1 6 11 16 21 24 26 27 29 31 36 41 46 51 54 56 61 63 66 67 71 76 
#c 3 1 2 3 4 3 1 2 3 2 3 1 2 3 4 0 1 2 3 4 0 1 2 3 1 0 1 1 0 1 4 1 2 3 4 3 1 2 3 4 3 1 4 3 4 0 1 0 3 4 0 1 0 3 1 3 1 0 3 4 3 1 2 1 4 4 1 1 3 4 0 1 2 3 4 3 1 0 3 
#1703211(div: 0) 1648179(div: 1) 1600555(div: 2) 1634232(div: 3) 1659827(div: 4) 
11 22 15 20 25 28 45 47 50 52 57 70 77 1 6 11 16 21 24 26 27 29 31 36 41 46 51 54 56 61 63 66 67 71 76 
#c 3 1 2 3 4 3 1 2 3 2 3 1 2 3 4 0 1 2 3 4 0 1 2 3 1 0 1 1 0 1 4 1 2 3 4 3 1 2 3 4 3 1 4 3 4 0 1 0 3 4 0 1 0 3 1 3 1 0 3 4 3 1 2 1 4 4 1 1 3 4 0 1 2 3 4 3 1 0 3 
#1703211(div: 0) 1648179(div: 1) 1600555(div: 2) 1634232(div: 3) 1659827(div: 4) 
1 1 15 45 
#c 3 1 2 3 4 3 1 2 3 2 3 1 2 3 4 0 1 2 3 4 0 1 2 3 1 0 1 1 0 1 4 1 2 3 4 3 1 2 3 4 3 1 4 3 4 0 1 0 3 4 0 1 0 3 1 3 1 0 3 4 3 1 2 1 4 4 1 1 3 4 0 1 2 3 4 3 1 0 3 
#1703211(div: 0) 1648179(div: 1) 1600555(div: 2) 1634232(div: 3) 1659827(div: 4) 
1 1 45 47 
#c 3 1 2 3 4 3 1 2 3 2 3 1 2 3 4 0 1 2 3 4 0 1 2 3 1 0 1 1 0 1 4 1 2 3 4 3 1 2 3 4 3 1 4 3 4 0 1 0 3 4 0 1 0 3 1 3 1 0 3 4 3 1 2 1 4 4 1 1 3 4 0 1 2 3 4 3 1 0 3 
#1703211(div: 0) 1648179(div: 1) 1600555(div: 2) 1634232(div: 3) 1659827(div: 4) 
1 1 47 70 
#c 3 1 2 3 4 3 1 2 3 2 3 1 2 3 4 0 1 2 3 4 0 1 2 3 1 0 1 1 0 1 4 1 2 3 4 3 1 2 3 4 3 1 4 3 4 0 1 2 3 4 0 1 0 3 1 3 1 0 3 4 3 1 2 1 4 4 1 1 3 4 0 1 2 3 4 3 1 0 3 
#1637846(div: 0) 1648179(div: 1) 1665920(div: 2) 1634232(div: 3) 1659827(div: 4) 
10 11 15 20 25 28 45 50 52 57 70 77 2 7 9 12 17 22 32 37 47 62 72 
#c 3 1 2 3 4 3 1 2 3 2 3 1 2 3 4 0 1 2 3 4 0 1 2 3 1 0 1 1 0 1 4 1 2 3 4 3 1 2 3 4 3 1 4 3 4 0 1 2 3 4 0 1 0 3 1 3 1 0 3 4 3 1 2 1 4 4 1 1 3 4 0 1 2 3 4 3 1 0 3 
#1637846(div: 0) 1648179(div: 1) 1665920(div: 2) 1634232(div: 3) 1659827(div: 4) 
14 10 4 14 19 30 34 39 42 44 49 59 64 65 69 74 15 20 25 28 45 50 52 57 70 77 
#c 3 1 2 3 4 3 1 2 3 2 3 1 2 3 4 0 1 2 3 4 0 1 2 3 1 0 1 1 0 1 4 1 2 3 4 3 1 2 3 4 3 1 4 3 4 0 1 2 3 4 0 1 0 3 1 3 1 0 3 4 3 1 2 1 4 4 1 1 3 4 0 1 2 3 4 3 1 0 3 
#1637846(div: 0) 1648179(div: 1) 1665920(div: 2) 1634232(div: 3) 1659827(div: 4) 
10 11 15 20 25 28 45 50 52 57 70 77 2 7 9 12 17 22 32 37 47 62 72 
#c 3 1 2 3 4 3 1 2 3 2 3 1 2 3 4 0 1 2 3 4 0 1 2 3 1 0 1 1 0 1 4 1 2 3 4 3 1 2 3 4 3 1 4 3 4 0 1 2 3 4 0 1 0 3 1 3 1 0 3 4 3 1 2 1 4 4 1 1 3 4 0 1 2 3 4 3 1 0 3 
#1637846(div: 0) 1648179(div: 1) 1665920(div: 2) 1634232(div: 3) 1659827(div: 4) 
14 11 4 14 19 30 34 39 42 44 49 59 64 65 69 74 2 7 9 12 17 22 32 37 47 62 72 
#c 3 1 2 3 4 3 1 2 3 2 3 1 2 3 4 0 1 2 3 4 0 1 2 3 1 0 1 1 0 1 4 1 2 3 4 3 1 2 3 4 3 1 4 3 4 0 1 2 3 4 0 1 0 3 1 3 1 0 3 4 3 1 2 1 4 4 1 1 3 4 0 1 2 3 4 3 1 0 3 
#1637846(div: 0) 1648179(div: 1) 1665920(div: 2) 1634232(div: 3) 1659827(div: 4) 
10 22 15 20 25 28 45 50 52 57 70 77 0 3 5 8 10 13 18 23 33 35 38 40 43 48 53 55 58 60 68 73 75 78 
#c 3 1 2 3 4 3 1 2 3 2 3 1 2 3 4 0 1 2 3 4 0 1 2 3 1 0 1 1 0 1 4 1 2 3 4 3 1 2 3 4 3 1 4 3 4 0 1 2 3 4 0 1 0 3 1 3 1 0 3 4 3 1 2 1 4 4 1 1 3 4 0 1 2 3 4 3 1 0 3 
#1637846(div: 0) 1648179(div: 1) 1665920(div: 2) 1634232(div: 3) 1659827(div: 4) 
1 1 47 62 
#c 3 1 2 3 4 3 1 2 3 2 3 1 2 3 4 0 1 2 3 4 0 1 2 3 1 0 1 1 0 1 4 1 2 3 4 3 1 2 3 4 3 1 4 3 4 0 1 2 3 4 0 1 0 3 1 3 1 0 3 4 3 1 2 1 4 4 1 1 3 4 0 1 2 3 4 3 1 0 3 
#1637846(div: 0) 1648179(div: 1) 1665920(div: 2) 1634232(div: 3) 1659827(div: 4) 
1 1 22 47 
#c 3 1 2 3 4 3 1 2 3 2 3 1 2 3 4 0 1 2 3 4 0 1 2 3 1 0 1 1 0 1 4 1 2 3 4 3 1 2 3 4 3 1 4 3 4 0 1 2 3 4 0 1 0 3 1 3 1 0 3 4 3 1 2 1 4 4 1 1 3 4 0 1 2 3 4 3 1 0 3 
#1637846(div: 0) 1648179(div: 1) 1665920(div: 2) 1634232(div: 3) 1659827(div: 4) 
1 1 37 47 
#c 3 1 2 3 4 3 1 2 3 2 3 1 2 3 4 0 1 2 3 4 0 1 2 3 1 0 1 1 0 1 4 1 2 3 4 3 1 2 3 4 3 1 4 3 4 0 1 3 3 4 0 1 0 3 1 3 1 0 3 4 3 1 2 1 4 4 1 1 3 4 0 1 2 3 4 3 1 0 3 
#1637846(div: 0) 1648179(div: 1) 1600555(div: 2) 1699597(div: 3) 1659827(div: 4) 
10 23 2 7 9 12 17 22 32 37 62 72 0 3 5 8 10 13 18 23 33 35 38 40 43 47 48 53 55 58 60 68 73 75 78 
#c 3 1 2 3 4 3 1 2 3 2 3 1 2 3 4 0 1 2 3 4 0 1 2 3 1 0 1 1 0 1 4 1 2 3 4 3 1 2 3 4 3 1 4 3 4 0 1 3 3 4 0 1 0 3 1 3 1 0 3 4 3 1 2 1 4 4 1 1 3 4 0 1 2 3 4 3 1 0 3 
#1637846(div: 0) 1648179(div: 1) 1600555(div: 2) 1699597(div: 3) 1659827(div: 4) 
22 23 1 6 11 16 21 24 26 27 29 31 36 41 46 51 54 56 61 63 66 67 71 76 0 3 5 8 10 13 18 23 33 35 38 40 43 47 48 53 55 58 60 68 73 75 78 
#c 3 1 2 3 4 3 1 2 3 2 3 1 2 3 4 0 1 2 3 4 0 1 2 3 1 0 1 1 0 1 4 1 2 3 4 3 1 2 3 4 3 1 4 3 4 0 1 3 3 4 0 1 0 3 1 3 1 0 3 4 3 1 2 1 4 4 1 1 3 4 0 1 2 3 4 3 1 0 3 
#1637846(div: 0) 1648179(div: 1) 1600555(div: 2) 1699597(div: 3) 1659827(div: 4) 
22 10 1 6 11 16 21 24 26 27 29 31 36 41 46 51 54 56 61 63 66 67 71 76 2 7 9 12 17 22 32 37 62 72 
#c 3 1 2 3 4 3 1 2 3 2 3 1 2 3 4 0 1 2 3 4 0 1 2 3 1 0 1 1 0 1 4 1 2 3 4 3 1 2 3 4 3 1 4 3 4 0 1 3 3 4 0 1 0 3 1 3 1 0 3 4 3 1 2 1 4 4 1 1 3 4 0 1 2 3 4 3 1 0 3 
#1637846(div: 0) 1648179(div: 1) 1600555(div: 2) 1699597(div: 3) 1659827(div: 4) 
10 14 2 7 9 12 17 22 32 37 62 72 4 14 19 30 34 39 42 44 49 59 64 65 69 74 
#c 3 1 2 3 4 3 1 2 3 2 3 1 2 3 4 0 1 2 3 4 0 1 2 3 1 0 1 1 0 1 4 1 2 3 4 3 1 2 3 4 3 1 4 3 4 0 1 3 3 4 0 1 0 3 1 3 1 0 3 4 3 1 2 1 4 4 1 1 3 4 0 1 2 3 4 3 1 0 3 
#1637846(div: 0) 1648179(div: 1) 1600555(div: 2) 1699597(div: 3) 1659827(div: 4) 
23 14 0 3 5 8 10 13 18 23 33 35 38 40 43 47 48 53 55 58 60 68 73 75 78 4 14 19 30 34 39 42 44 49 59 64 65 69 74 
#c 3 1 2 3 4 3 1 2 3 2 3 1 2 3 4 0 1 2 3 4 0 1 2 3 1 0 1 1 0 1 4 1 2 3 4 3 1 2 3 4 3 1 4 3 4 0 1 3 3 4 0 1 0 3 1 3 1 0 3 4 3 1 2 1 4 4 1 1 3 4 0 1 2 3 4 3 1 0 3 
#1637846(div: 0) 1648179(div: 1) 1600555(div: 2) 1699597(div: 3) 1659827(div: 4) 
1 1 10 47 
#c 3 1 2 3 4 3 1 2 3 2 3 1 2 3 4 0 1 2 3 4 0 1 2 3 1 0 1 1 0 1 4 1 2 3 4 3 1 2 3 4 3 1 4 3 4 0 1 3 3 4 0 1 0 3 1 3 1 0 3 4 3 1 2 1 4 4 1 1 3 4 0 1 2 3 4 3 1 0 3 
#1637846(div: 0) 1648179(div: 1) 1600555(div: 2) 1699597(div: 3) 1659827(div: 4) 
1 1 35 47 
#c 3 1 2 3 4 3 1 2 3 2 3 1 2 3 4 0 1 2 3 4 0 1 2 3 1 0 1 1 0 1 4 1 2 3 4 3 1 2 3 4 3 1 4 3 4 0 1 3 3 4 0 1 0 3 1 3 1 0 3 4 3 1 2 1 4 4 1 1 3 4 0 1 2 3 4 3 1 0 3 
#1637846(div: 0) 1648179(div: 1) 1600555(div: 2) 1699597(div: 3) 1659827(div: 4) 
1 1 0 35 
#c 3 1 2 3 4 3 1 2 3 2 3 1 2 3 4 0 1 2 3 4 0 1 2 3 1 0 1 1 0 1 4 1 2 3 4 2 1 2 3 4 3 1 4 3 4 0 1 3 3 4 0 1 0 3 1 3 1 0 3 4 3 1 2 1 4 4 1 1 3 4 0 1 2 3 4 3 1 0 3 
#1637846(div: 0) 1648179(div: 1) 1607701(div: 2) 1692451(div: 3) 1659827(div: 4) 
22 11 0 3 5 8 10 13 18 23 33 38 40 43 47 48 53 55 58 60 68 73 75 78 2 7 9 12 17 22 32 35 37 62 72 
#c 3 1 2 3 4 3 1 2 3 2 3 1 2 3 4 0 1 2 3 4 0 1 2 3 1 0 1 1 0 1 4 1 2 3 4 2 1 2 3 4 3 1 4 3 4 0 1 3 3 4 0 1 0 3 1 3 1 0 3 4 3 1 2 1 4 4 1 1 3 4 0 1 2 3 4 3 1 0 3 
#1637846(div: 0) 1648179(div: 1) 1607701(div: 2) 1692451(div: 3) 1659827(div: 4) 
1 1 0 73 
#c 3 1 2 3 4 3 1 2 3 2 3 1 2 3 4 0 1 2 3 4 0 1 2 3 1 0 1 1 0 1 4 1 2 3 4 2 1 2 3 4 3 1 4 3 4 0 1 3 3 4 0 1 0 3 1 3 1 0 3 4 3 1 2 1 4 4 1 1 3 4 0 1 2 3 4 3 1 0 3 
#1637846(div: 0) 1648179(div: 1) 1607701(div: 2) 1692451(div: 3) 1659827(div: 4) 
1 1 0 40 
#c 3 1 2 3 4 3 1 2 3 2 3 1 2 3 4 0 1 2 3 4 0 1 2 3 1 0 1 1 0 1 4 1 2 3 4 2 1 2 3 4 3 1 4 3 4 0 1 3 3 4 0 1 0 3 1 3 1 0 3 4 3 1 2 1 4 4 1 1 3 4 0 1 2 3 4 3 1 0 3 
#1637846(div: 0) 1648179(div: 1) 1607701(div: 2) 1692451(div: 3) 1659827(div: 4) 
1 1 0 53 
#c 2 1 2 3 4 3 1 2 3 2 3 1 2 3 4 0 1 2 3 4 0 1 2 3 1 0 1 1 0 1 4 1 2 3 4 2 1 2 3 4 3 1 4 3 4 0 1 3 3 4 0 1 0 3 1 3 1 0 3 4 3 1 2 1 4 4 1 1 3 4 0 1 2 3 4 3 1 0 3 
#1637846(div: 0) 1648179(div: 1) 1647770(div: 2) 1652382(div: 3) 1659827(div: 4) 
22 10 1 6 11 16 21 24 26 27 29 31 36 41 46 51 54 56 61 63 66 67 71 76 15 20 25 28 45 50 52 57 70 77 
#c 2 1 2 3 4 3 1 2 3 2 3 1 2 3 4 0 1 2 3 4 0 1 2 3 1 0 1 1 0 1 4 1 2 3 4 2 1 2 3 4 3 1 4 3 4 0 1 3 3 4 0 1 0 3 1 3 1 0 3 4 3 1 2 1 4 4 1 1 3 4 0 1 2 3 4 3 1 0 3 
#1637846(div: 0) 1648179(div: 1) 1647770(div: 2) 1652382(div: 3) 1659827(div: 4) 
10 21 15 20 25 28 45 50 52 57 70 77 3 5 8 10 13 18 23 33 38 40 43 47 48 53 55 58 60 68 73 75 78 
#c 2 1 2 3 4 3 1 2 3 2 3 1 2 3 4 0 1 2 3 4 0 1 2 3 1 0 1 1 0 1 4 1 2 3 4 2 1 2 3 4 3 1 4 3 4 0 1 3 3 4 0 1 0 3 1 3 1 0 3 4 3 1 2 1 4 4 1 1 3 4 0 1 2 3 4 3 1 0 3 
#1637846(div: 0) 1648179(div: 1) 1647770(div: 2) 1652382(div: 3) 1659827(div: 4) 
22 21 1 6 11 16 21 24 26 27 29 31 36 41 46 51 54 56 61 63 66 67 71 76 3 5 8 10 13 18 23 33 38 40 43 47 48 53 55 58 60 68 73 75 78 
#c 2 1 2 3 4 3 1 2 3 2 3 1 2 3 4 0 1 2 3 4 0 1 2 3 1 0 1 1 0 1 4 1 2 3 4 2 1 2 3 4 3 1 4 3 4 0 1 3 3 4 0 1 0 3 1 3 1 0 3 4 3 1 2 1 4 4 1 1 3 4 0 1 2 3 4 3 1 0 3 
#1637846(div: 0) 1648179(div: 1) 1647770(div: 2) 1652382(div: 3) 1659827(div: 4) 
10 14 15 20 25 28 45 50 52 57 70 77 4 14 19 30 34 39 42 44 49 59 64 65 69 74 
#c 2 1 2 3 4 3 1 2 3 2 3 1 2 3 4 0 1 2 3 4 0 1 2 3 1 0 1 1 0 1 4 1 2 3 4 2 1 2 3 4 3 1 4 3 4 0 1 3 3 4 0 1 0 3 1 3 1 0 3 4 3 1 2 1 4 4 1 1 3 4 0 1 2 3 4 3 1 0 3 
#1637846(div: 0) 1648179(div: 1) 1647770(div: 2) 1652382(div: 3) 1659827(div: 4) 
21 14 3 5 8 10 13 18 23 33 38 40 43 47 48 53 55 58 60 68 73 75 78 4 14 19 30 34 39 42 44 49 59 64 65 69 74 
#c 2 1 2 3 4 3 1 2 3 2 3 1 2 3 4 0 1 2 3 4 0 1 2 3 1 0 1 1 0 1 4 1 2 3 4 2 1 2 3 4 3 1 4 3 4 0 1 3 3 4 0 1 0 3 1 3 1 0 3 4 3 1 2 1 4 4 1 1 3 4 0 1 2 3 4 3 1 0 3 
#1637846(div: 0) 1648179(div: 1) 1647770(div: 2) 1652382(div: 3) 1659827(div: 4) 
1 1 4 34 
#c 2 1 2 3 4 3 1 2 3 2 3 1 2 3 4 0 1 2 3 4 0 1 2 3 1 0 1 1 0 1 4 1 2 3 4 2 1 2 3 4 3 1 4 3 4 0 1 3 3 4 0 1 0 3 1 3 1 0 3 4 3 1 2 1 4 4 1 1 3 4 0 1 2 3 4 3 1 0 3 
#1637846(div: 0) 1648179(div: 1) 1647770(div: 2) 1652382(div: 3) 1659827(div: 4) 
1 1 4 19 
#c 2 1 2 3 4 3 1 2 3 2 3 1 2 3 4 0 1 2 3 4 0 1 2 3 1 0 1 1 0 1 4 1 2 3 4 2 1 2 3 4 3 1 4 3 4 0 1 3 3 4 0 1 0 3 1 3 1 0 3 4 3 1 2 1 4 4 1 1 3 4 0 1 2 3 4 3 1 0 3 
#1637846(div: 0) 1648179(div: 1) 1647770(div: 2) 1652382(div: 3) 1659827(div: 4) 
1 1 4 69 
#c 2 1 2 3 4 3 1 2 3 2 3 1 2 3 4 0 1 2 3 4 0 1 2 3 1 0 1 1 0 1 4 1 2 3 4 2 1 2 3 4 3 1 4 3 4 0 1 3 3 4 0 1 0 3 1 3 1 0 3 4 3 1 2 1 4 4 1 1 3 0 0 1 2 3 4 3 1 0 3 
#1714019(div: 0) 1648179(div: 1) 1647770(div: 2) 1652382(div: 3) 1583654(div: 4) 
13 11 4 14 19 30 34 39 42 44 49 59 64 65 74 15 20 25 28 45 50 52 57 69 70 77 
#c 2 1 2 3 4 3 1 2 3 2 3 1 2 3 4 0 1 2 3 4 0 1 2 3 1 0 1 1 0 1 4 1 2 3 4 2 1 2 3 4 3 1 4 3 4 0 1 3 3 4 0 1 0 3 1 3 1 0 3 4 3 1 2 1 4 4 1 1 3 0 0 1 2 3 4 3 1 0 3 
#1714019(div: 0) 1648179(div: 1) 1647770(div: 2) 1652382(div: 3) 1583654(div: 4) 
22 12 1 6 11 16 21 24 26 27 29 31 36 41 46 51 54 56 61 63 66 67 71 76 0 2 7 9 12 17 22 32 35 37 62 72 
#c 2 1 2 3 4 3 1 2 3 2 3 1 2 3 4 0 1 2 3 4 0 1 2 3 1 0 1 1 0 1 4 1 2 3 4 2 1 2 3 4 3 1 4 3 4 0 1 3 3 4 0 1 0 3 1 3 1 0 3 4 3 1 2 1 4 4 1 1 3 0 0 1 2 3 4 3 1 0 3 
#1714019(div: 0) 1648179(div: 1) 1647770(div: 2) 1652382(div: 3) 1583654(div: 4) 
12 13 0 2 7 9 12 17 22 32 35 37 62 72 4 14 19 30 34 39 42 44 49 59 64 65 74 
#c 2 1 2 3 4 3 1 2 3 2 3 1 2 3 4 0 1 2 3 4 0 1 2 3 1 0 1 1 0 1 4 1 2 3 4 2 1 2 3 4 3 1 4 3 4 0 1 3 3 4 0 1 0 3 1 3 1 0 3 4 3 1 2 1 4 4 1 1 3 0 0 1 2 3 4 3 1 0 3 
#1714019(div: 0) 1648179(div: 1) 1647770(div: 2) 1652382(div: 3) 1583654(div: 4) 
13 11 4 14 19 30 34 39 42 44 49 59 64 65 74 15 20 25 28 45 50 52 57 69 70 77 
#c 2 1 2 3 4 3 1 2 3 2 3 1 2 3 4 0 1 2 3 4 0 1 2 3 1 0 1 1 0 1 4 1 2 3 4 2 1 2 3 4 3 1 4 3 4 0 1 3 3 4 0 1 0 3 1 3 1 0 3 4 3 1 2 1 4 4 1 1 3 0 0 1 2 3 4 3 1 0 3 
#1714019(div: 0) 1648179(div: 1) 1647770(div: 2) 1652382(div: 3) 1583654(div: 4) 
22 11 1 6 11 16 21 24 26 27 29 31 36 41 46 51 54 56 61 63 66 67 71 76 15 20 25 28 45 50 52 57 69 70 77 
#c 2 1 2 3 4 3 1 2 3 2 3 1 2 3 4 0 1 2 3 4 0 1 2 3 1 0 1 1 0 1 4 1 2 3 4 2 1 2 3 4 3 1 4 3 4 0 1 3 3 4 0 1 0 3 1 3 1 0 3 4 3 1 2 1 4 4 1 1 3 0 0 1 2 3 4 3 1 0 3 
#1714019(div: 0) 1648179(div: 1) 1647770(div: 2) 1652382(div: 3) 1583654(div: 4) 
1 1 28 50 
#c 2 1 2 3 4 3 1 2 3 2 3 1 2 3 4 0 1 2 3 4 0 1 2 3 1 0 1 1 0 1 4 1 2 3 4 2 1 2 3 4 3 1 4 3 4 0 1 3 3 4 0 1 0 3 1 3 1 0 3 4 3 1 2 1 4 4 1 1 3 0 0 1 2 3 4 3 1 0 3 
#1714019(div: 0) 1648179(div: 1) 1647770(div: 2) 1652382(div: 3) 1583654(div: 4) 
1 1 28 70 
#c 2 1 2 3 4 3 1 2 3 2 3 1 2 3 4 0 1 2 3 4 0 1 2 3 1 0 1 1 0 1 4 1 2 3 4 2 1 2 3 4 3 1 4 3 4 0 1 3 3 4 0 1 0 3 1 3 1 0 3 4 3 1 2 1 4 4 1 1 3 0 0 1 2 3 4 3 1 0 3 
#1714019(div: 0) 1648179(div: 1) 1647770(div: 2) 1652382(div: 3) 1583654(div: 4) 
1 1 20 28 
#c 2 1 2 3 4 3 1 2 3 2 3 1 2 3 4 0 1 2 3 4 0 1 2 3 1 0 1 1 4 1 4 1 2 3 4 2 1 2 3 4 3 1 4 3 4 0 1 3 3 4 0 1 0 3 1 3 1 0 3 4 3 1 2 1 4 4 1 1 3 0 0 1 2 3 4 3 1 0 3 
#1711550(div: 0) 1648179(div: 1) 1647770(div: 2) 1652382(div: 3) 1586123(div: 4) 
10 14 15 20 25 45 50 52 57 69 70 77 4 14 19 28 30 34 39 42 44 49 59 64 65 74 
#c 2 1 2 3 4 3 1 2 3 2 3 1 2 3 4 0 1 2 3 4 0 1 2 3 1 0 1 1 4 1 4 1 2 3 4 2 1 2 3 4 3 1 4 3 4 0 1 3 3 4 0 1 0 3 1 3 1 0 3 4 3 1 2 1 4 4 1 1 3 0 0 1 2 3 4 3 1 0 3 
#1711550(div: 0) 1648179(div: 1) 1647770(div: 2) 1652382(div: 3) 1586123(div: 4) 
1 1 25 50 
#c 2 1 2 3 4 3 1 2 3 2 3 1 2 3 4 0 1 2 3 4 0 1 2 3 1 0 1 1 4 1 4 1 2 3 4 2 1 2 3 4 3 1 4 3 4 0 1 3 3 4 0 1 0 3 1 3 1 0 3 4 3 1 2 1 4 4 1 1 3 0 0 1 2 3 4 3 1 0 3 
#1711550(div: 0) 1648179(div: 1) 1647770(div: 2) 1652382(div: 3) 1586123(div: 4) 
1 1 20 50 
#c 2 1 2 3 4 3 1 2 3 2 3 1 2 3 4 0 1 2 3 4 0 1 2 3 1 0 1 1 4 1 4 1 2 3 4 2 1 2 3 4 3 1 4 3 4 0 1 3 3 4 0 1 0 3 1 3 1 0 3 4 3 1 2 1 4 4 1 1 3 0 0 1 2 3 4 3 1 0 3 
#1711550(div: 0) 1648179(div: 1) 1647770(div: 2) 1652382(div: 3) 1586123(div: 4) 
1 1 20 52 
#c 2 1 2 3 4 3 1 2 3 2 3 1 2 3 4 0 1 2 3 4 0 1 2 3 1 0 1 1 4 1 4 1 2 3 4 2 1 2 3 4 3 1 4 3 4 0 1 3 3 4 0 1 4 3 1 3 1 0 3 4 3 1 2 1 4 4 1 1 3 0 0 1 2 3 4 3 1 0 3 
#1642336(div: 0) 1648179(div: 1) 1647770(div: 2) 1652382(div: 3) 1655337(div: 4) 
22 21 1 6 11 16 21 24 26 27 29 31 36 41 46 51 54 56 61 63 66 67 71 76 3 5 8 10 13 18 23 33 38 40 43 47 48 53 55 58 60 68 73 75 78 
#c 2 1 2 3 4 3 1 2 3 2 3 1 2 3 4 0 1 2 3 4 0 1 2 3 1 0 1 1 4 1 4 1 2 3 4 2 1 2 3 4 3 1 4 3 4 0 1 3 3 4 0 1 4 3 1 3 1 0 3 4 3 1 2 1 4 4 1 1 3 0 0 1 2 3 4 3 1 0 3 
#1642336(div: 0) 1648179(div: 1) 1647770(div: 2) 1652382(div: 3) 1655337(div: 4) 
22 12 1 6 11 16 21 24 26 27 29 31 36 41 46 51 54 56 61 63 66 67 71 76 0 2 7 9 12 17 22 32 35 37 62 72 
#c 2 1 2 3 4 3 1 2 3 2 3 1 2 3 4 0 1 2 3 4 0 1 2 3 1 0 1 1 4 1 4 1 2 3 4 2 1 2 3 4 3 1 4 3 4 0 1 3 3 4 0 1 4 3 1 3 1 0 3 4 3 1 2 1 4 4 1 1 3 0 0 1 2 3 4 3 1 0 3 
#1642336(div: 0) 1648179(div: 1) 1647770(div: 2) 1652382(div: 3) 1655337(div: 4) 
12 15 0 2 7 9 12 17 22 32 35 37 62 72 4 14 19 28 30 34 39 42 44 49 52 59 64 65 74 
#c 2 1 2 3 4 3 1 2 3 2 3 1 2 3 4 0 1 2 3 4 0 1 2 3 1 0 1 1 4 1 4 1 2 3 4 2 1 2 3 4 3 1 4 3 4 0 1 3 3 4 0 1 4 3 1 3 1 0 3 4 3 1 2 1 4 4 1 1 3 0 0 1 2 3 4 3 1 0 3 
#1642336(div: 0) 1648179(div: 1) 1647770(div: 2) 1652382(div: 3) 1655337(div: 4) 
21 15 3 5 8 10 13 18 23 33 38 40 43 47 48 53 55 58 60 68 73 75 78 4 14 19 28 30 34 39 42 44 49 52 59 64 65 74 
#c 2 1 2 3 4 3 1 2 3 2 3 1 2 3 4 0 1 2 3 4 0 1 2 3 1 0 1 1 4 1 4 1 2 3 4 2 1 2 3 4 3 1 4 3 4 0 1 3 3 4 0 1 4 3 1 3 1 0 3 4 3 1 2 1 4 4 1 1 3 0 0 1 2 3 4 3 1 0 3 
#1642336(div: 0) 1648179(div: 1) 1647770(div: 2) 1652382(div: 3) 1655337(div: 4) 
1 1 34 65 
#c 2 1 2 3 4 3 1 2 3 2 3 1 2 3 4 0 1 2 3 4 0 1 2 3 1 0 1 1 4 1 4 1 2 3 4 2 1 2 3 4 3 1 4 3 4 0 1 3 3 4 0 1 4 3 1 3 1 0 3 4 3 1 2 1 4 4 1 1 3 0 0 1 2 3 4 3 1 0 3 
#1642336(div: 0) 1648179(div: 1) 1647770(div: 2) 1652382(div: 3) 1655337(div: 4) 
1 1 52 65 
#c 2 1 2 3 4 3 1 2 3 2 3 1 2 3 4 0 1 2 3 4 0 1 2 3 1 0 1 1 4 1 4 1 2 3 4 2 1 2 3 4 3 1 4 3 4 0 1 3 3 4 0 1 4 3 1 3 1 0 3 4 3 1 2 1 4 4 1 1 3 0 0 1 2 3 4 3 1 0 3 
#1642336(div: 0) 1648179(div: 1) 1647770(div: 2) 1652382(div: 3) 1655337(div: 4) 
1 1 59 65 
#c 2 1 2 3 4 3 1 2 3 2 3 1 2 3 4 0 1 2 3 4 0 1 2 3 1 0 1 1 4 1 4 1 2 3 4 2 1 2 3 4 3 1 4 3 4 0 1 3 3 4 0 1 4 3 1 3 1 0 3 4 3 1 2 1 4 2 1 1 3 0 0 1 2 3 4 3 1 0 3 
#1642336(div: 0) 1648179(div: 1) 1700320(div: 2) 1652382(div: 3) 1602787(div: 4) 
14 13 4 14 19 28 30 34 39 42 44 49 52 59 64 74 0 2 7 9 12 17 22 32 35 37 62 65 72 
#c 2 1 2 3 4 3 1 2 3 2 3 1 2 3 4 0 1 2 3 4 0 1 2 3 1 0 1 1 4 1 4 1 2 3 4 2 1 2 3 4 3 1 4 3 4 0 1 3 3 4 0 1 4 3 1 3 1 0 3 4 3 1 2 1 4 2 1 1 3 0 0 1 2 3 4 3 1 0 3 
#1642336(div: 0) 1648179(div: 1) 1700320(div: 2) 1652382(div: 3) 1602787(div: 4) 
22 13 1 6 11 16 21 24 26 27 29 31 36 41 46 51 54 56 61 63 66 67 71 76 0 2 7 9 12 17 22 32 35 37 62 65 72 
#c 2 1 2 3 4 3 1 2 3 2 3 1 2 3 4 0 1 2 3 4 0 1 2 3 1 0 1 1 4 1 4 1 2 3 4 2 1 2 3 4 3 1 4 3 4 0 1 3 3 4 0 1 4 3 1 3 1 0 3 4 3 1 2 1 4 2 1 1 3 0 0 1 2 3 4 3 1 0 3 
#1642336(div: 0) 1648179(div: 1) 1700320(div: 2) 1652382(div: 3) 1602787(div: 4) 
22 9 1 6 11 16 21 24 26 27 29 31 36 41 46 51 54 56 61 63 66 67 71 76 15 20 25 45 50 57 69 70 77 
#c 2 1 2 3 4 3 1 2 3 2 3 1 2 3 4 0 1 2 3 4 0 1 2 3 1 0 1 1 4 1 4 1 2 3 4 2 1 2 3 4 3 1 4 3 4 0 1 3 3 4 0 1 4 3 1 3 1 0 3 4 3 1 2 1 4 2 1 1 3 0 0 1 2 3 4 3 1 0 3 
#1642336(div: 0) 1648179(div: 1) 1700320(div: 2) 1652382(div: 3) 1602787(div: 4) 
9 21 15 20 25 45 50 57 69 70 77 3 5 8 10 13 18 23 33 38 40 43 47 48 53 55 58 60 68 73 75 78 
#c 2 1 2 3 4 3 1 2 3 2 3 1 2 3 4 0 1 2 3 4 0 1 2 3 1 0 1 1 4 1 4 1 2 3 4 2 1 2 3 4 3 1 4 3 4 0 1 3 3 4 0 1 4 3 1 3 1 0 3 4 3 1 2 1 4 2 1 1 3 0 0 1 2 3 4 3 1 0 3 
#1642336(div: 0) 1648179(div: 1) 1700320(div: 2) 1652382(div: 3) 1602787(div: 4) 
13 21 0 2 7 9 12 17 22 32 35 37 62 65 72 3 5 8 10 13 18 23 33 38 40 43 47 48 53 55 58 60 68 73 75 78 
#c 2 1 2 3 4 3 1 2 3 2 3 1 2 3 4 0 1 2 3 4 0 1 2 3 1 0 1 1 4 1 4 1 2 3 4 2 1 2 3 4 3 1 4 3 4 0 1 3 3 4 0 1 4 3 1 3 1 0 3 4 3 1 2 1 4 2 1 1 3 0 0 1 2 3 4 3 1 0 3 
#1642336(div: 0) 1648179(div: 1) 1700320(div: 2) 1652382(div: 3) 1602787(div: 4) 
1 1 9 22 
#c 2 1 2 3 4 3 1 2 3 2 3 1 2 3 4 0 1 2 3 4 0 1 2 3 1 0 1 1 4 1 4 1 2 3 4 2 1 2 3 4 3 1 4 3 4 0 1 3 3 4 0 1 4 3 1 3 1 0 3 4 3 1 2 1 4 2 1 1 3 0 0 1 2 3 4 3 1 0 3 
#1642336(div: 0) 1648179(div: 1) 1700320(div: 2) 1652382(div: 3) 1602787(div: 4) 
1 1 2 9 
#c 2 1 2 3 4 3 1 2 3 2 3 1 2 3 4 0 1 2 3 4 0 1 2 3 1 0 1 1 4 1 4 1 2 3 4 2 1 2 3 4 3 1 4 3 4 0 1 3 3 4 0 1 4 3 1 3 1 0 3 4 3 1 2 1 4 2 1 1 3 0 0 1 2 3 4 3 1 0 3 
#1642336(div: 0) 1648179(div: 1) 1700320(div: 2) 1652382(div: 3) 1602787(div: 4) 
1 1 9 35 
#c 2 1 2 3 4 3 1 2 3 2 3 1 2 3 4 0 1 2 3 4 0 1 2 3 1 0 1 1 4 1 4 1 2 3 4 0 1 2 3 4 3 1 4 3 4 0 1 3 3 4 0 1 4 3 1 3 1 0 3 4 3 1 2 1 4 2 1 1 3 0 0 1 2 3 4 3 1 0 3 
#1649482(div: 0) 1648179(div: 1) 1693174(div: 2) 1652382(div: 3) 1602787(div: 4) 
12 10 0 2 7 9 12 17 22 32 37 62 65 72 15 20 25 35 45 50 57 69 70 77 
#c 2 1 2 3 4 3 1 2 3 2 3 1 2 3 4 0 1 2 3 4 0 1 2 3 1 0 1 1 4 1 4 1 2 3 4 0 1 2 3 4 3 1 4 3 4 0 1 3 3 4 0 1 4 3 1 3 1 0 3 4 3 1 2 1 4 2 1 1 3 0 0 1 2 3 4 3 1 0 3 
#1649482(div: 0) 1648179(div: 1) 1693174(div: 2) 1652382(div: 3) 1602787(div: 4) 
1 1 17 65 
#c 2 1 2 3 4 3 1 2 3 2 3 1 2 3 4 0 1 2 3 4 0 1 2 3 1 0 1 1 4 1 4 1 2 3 4 0 1 2 3 4 3 1 4 3 4 0 1 3 3 4 0 1 4 3 1 3 1 0 3 4 3 1 2 1 4 2 1 1 3 0 0 1 2 3 4 3 1 0 3 
#1649482(div: 0) 1648179(div: 1) 1693174(div: 2) 1652382(div: 3) 1602787(div: 4) 
1 1 7 65 
#c 2 1 2 3 4 3 1 2 3 2 3 1 2 3 4 0 1 2 3 4 0 1 2 3 1 0 1 1 4 1 4 1 2 3 4 0 1 2 3 4 3 1 4 3 4 0 1 3 3 4 0 1 4 3 1 3 1 0 3 4 3 1 2 1 4 2 1 1 3 0 0 1 2 3 4 3 1 0 3 
#1649482(div: 0) 1648179(div: 1) 1693174(div: 2) 1652382(div: 3) 1602787(div: 4) 
1 1 9 65 
#c 2 1 2 3 4 3 1 2 3 2 3 1 2 3 4 0 1 2 3 4 0 1 2 3 1 0 1 1 4 1 4 1 2 3 4 0 1 2 3 4 3 1 4 3 4 0 1 3 3 4 0 1 4 3 1 3 1 0 3 4 3 1 2 1 4 0 1 1 3 0 0 1 2 3 4 3 1 0 3 
#1702032(div: 0) 1648179(div: 1) 1640624(div: 2) 1652382(div: 3) 1602787(div: 4) 
22 11 1 6 11 16 21 24 26 27 29 31 36 41 46 51 54 56 61 63 66 67 71 76 15 20 25 35 45 50 57 65 69 70 77 
#c 2 1 2 3 4 3 1 2 3 2 3 1 2 3 4 0 1 2 3 4 0 1 2 3 1 0 1 1 4 1 4 1 2 3 4 0 1 2 3 4 3 1 4 3 4 0 1 3 3 4 0 1 4 3 1 3 1 0 3 4 3 1 2 1 4 0 1 1 3 0 0 1 2 3 4 3 1 0 3 
#1702032(div: 0) 1648179(div: 1) 1640624(div: 2) 1652382(div: 3) 1602787(div: 4) 
22 14 1 6 11 16 21 24 26 27 29 31 36 41 46 51 54 56 61 63 66 67 71 76 4 14 19 28 30 34 39 42 44 49 52 59 64 74 
#c 2 1 2 3 4 3 1 2 3 2 3 1 2 3 4 0 1 2 3 4 0 1 2 3 1 0 1 1 4 1 4 1 2 3 4 0 1 2 3 4 3 1 4 3 4 0 1 3 3 4 0 1 4 3 1 3 1 0 3 4 3 1 2 1 4 0 1 1 3 0 0 1 2 3 4 3 1 0 3 
#1702032(div: 0) 1648179(div: 1) 1640624(div: 2) 1652382(div: 3) 1602787(div: 4) 
14 11 4 14 19 28 30 34 39 42 44 49 52 59 64 74 0 2 7 9 12 17 22 32 37 62 72 
#c 2 1 2 3 4 3 1 2 3 2 3 1 2 3 4 0 1 2 3 4 0 1 2 3 1 0 1 1 4 1 4 1 2 3 4 0 1 2 3 4 3 1 4 3 4 0 1 3 3 4 0 1 4 3 1 3 1 0 3 4 3 1 2 1 4 0 1 1 3 0 0 1 2 3 4 3 1 0 3 
#1702032(div: 0) 1648179(div: 1) 1640624(div: 2) 1652382(div: 3) 1602787(div: 4) 
11 11 15 20 25 35 45 50 57 65 69 70 77 0 2 7 9 12 17 22 32 37 62 72 
#c 2 1 2 3 4 3 1 2 3 2 3 1 2 3 4 0 1 2 3 4 0 1 2 3 1 0 1 1 4 1 4 1 2 3 4 0 1 2 3 4 3 1 4 3 4 0 1 3 3 4 0 1 4 3 1 3 1 0 3 4 3 1 2 1 4 0 1 1 3 0 0 1 2 3 4 3 1 0 3 
#1702032(div: 0) 1648179(div: 1) 1640624(div: 2) 1652382(div: 3) 1602787(div: 4) 
1 1 57 65 
#c 2 1 2 3 4 3 1 2 3 2 3 1 2 3 4 0 1 2 3 4 0 1 2 3 1 0 1 1 4 1 4 1 2 3 4 0 1 2 3 4 3 1 4 3 4 0 1 3 3 4 0 1 4 3 1 3 1 0 3 4 3 1 2 1 4 0 1 1 3 0 0 1 2 3 4 3 1 0 3 
#1702032(div: 0) 1648179(div: 1) 1640624(div: 2) 1652382(div: 3) 1602787(div: 4) 
1 1 25 57 
#c 2 1 2 3 4 3 1 2 3 2 3 1 2 3 4 0 1 2 3 4 0 1 2 3 1 0 1 1 4 1 4 1 2 3 4 0 1 2 3 4 3 1 4 3 4 0 1 3 3 4 0 1 4 3 1 3 1 0 3 4 3 1 2 1 4 0 1 1 3 0 0 1 2 3 4 3 1 0 3 
#1702032(div: 0) 1648179(div: 1) 1640624(div: 2) 1652382(div: 3) 1602787(div: 4) 
1 1 20 57 
#c 2 1 2 3 4 3 1 2 3 2 3 1 2 3 4 0 1 2 3 4 0 1 2 3 1 0 1 1 4 1 4 1 2 3 4 0 1 2 3 4 3 1 4 3 4 0 1 3 3 4 0 1 4 3 1 3 1 4 3 4 3 1 2 1 4 0 1 1 3 0 0 1 2 3 4 3 1 0 3 
#1695726(div: 0) 1648179(div: 1) 1640624(div: 2) 1652382(div: 3) 1609093(div: 4) 
10 15 15 20 25 35 45 50 65 69 70 77 4 14 19 28 30 34 39 42 44 49 52 57 59 64 74 
#c 2 1 2 3 4 3 1 2 3 2 3 1 2 3 4 0 1 2 3 4 0 1 2 3 1 0 1 1 4 1 4 1 2 3 4 0 1 2 3 4 3 1 4 3 4 0 1 3 3 4 0 1 4 3 1 3 1 4 3 4 3 1 2 1 4 0 1 1 3 0 0 1 2 3 4 3 1 0 3 
#1695726(div: 0) 1648179(div: 1) 1640624(div: 2) 1652382(div: 3) 1609093(div: 4) 
1 1 50 77 
#c 2 1 2 3 4 3 1 2 3 2 3 1 2 3 4 0 1 2 3 4 0 1 2 3 1 0 1 1 4 1 4 1 2 3 4 0 1 2 3 4 3 1 4 3 4 0 1 3 3 4 0 1 4 3 1 3 1 4 3 4 3 1 2 1 4 0 1 1 3 0 0 1 2 3 4 3 1 0 3 
#1695726(div: 0) 1648179(div: 1) 1640624(div: 2) 1652382(div: 3) 1609093(div: 4) 
1 1 35 77 
#c 2 1 2 3 4 3 1 2 3 2 3 1 2 3 4 0 1 2 3 4 0 1 2 3 1 0 1 1 4 1 4 1 2 3 4 0 1 2 3 4 3 1 4 3 4 0 1 3 3 4 0 1 4 3 1 3 1 4 3 4 3 1 2 1 4 0 1 1 3 0 0 1 2 3 4 3 1 0 3 
#1695726(div: 0) 1648179(div: 1) 1640624(div: 2) 1652382(div: 3) 1609093(div: 4) 
1 1 35 69 
#c 2 1 2 3 4 3 1 2 3 2 3 1 2 3 4 0 1 2 3 4 0 1 2 3 1 0 1 1 4 1 4 1 2 3 4 4 1 2 3 4 3 1 4 3 4 0 1 3 3 4 0 1 4 3 1 3 1 4 3 4 3 1 2 1 4 0 1 1 3 0 0 1 2 3 4 3 1 0 3 
#1688580(div: 0) 1648179(div: 1) 1640624(div: 2) 1652382(div: 3) 1616239(div: 4) 
22 9 1 6 11 16 21 24 26 27 29 31 36 41 46 51 54 56 61 63 66 67 71 76 15 20 25 45 50 65 69 70 77 
#c 2 1 2 3 4 3 1 2 3 2 3 1 2 3 4 0 1 2 3 4 0 1 2 3 1 0 1 1 4 1 4 1 2 3 4 4 1 2 3 4 3 1 4 3 4 0 1 3 3 4 0 1 4 3 1 3 1 4 3 4 3 1 2 1 4 0 1 1 3 0 0 1 2 3 4 3 1 0 3 
#1688580(div: 0) 1648179(div: 1) 1640624(div: 2) 1652382(div: 3) 1616239(div: 4) 
22 21 1 6 11 16 21 24 26 27 29 31 36 41 46 51 54 56 61 63 66 67 71 76 3 5 8 10 13 18 23 33 38 40 43 47 48 53 55 58 60 68 73 75 78 
#c 2 1 2 3 4 3 1 2 3 2 3 1 2 3 4 0 1 2 3 4 0 1 2 3 1 0 1 1 4 1 4 1 2 3 4 4 1 2 3 4 3 1 4 3 4 0 1 3 3 4 0 1 4 3 1 3 1 4 3 4 3 1 2 1 4 0 1 1 3 0 0 1 2 3 4 3 1 0 3 
#1688580(div: 0) 1648179(div: 1) 1640624(div: 2) 1652382(div: 3) 1616239(div: 4) 
9 21 15 20 25 45 50 65 69 70 77 3 5 8 10 13 18 23 33 38 40 43 47 48 53 55 58 60 68 73 75 78 
#c 2 1 2 3 4 3 1 2 3 2 3 1 2 3 4 0 1 2 3 4 0 1 2 3 1 0 1 1 4 1 4 1 2 3 4 4 1 2 3 4 3 1 4 3 4 0 1 3 3 4 0 1 4 3 1 3 1 4 3 4 3 1 2 1 4 0 1 1 3 0 0 1 2 3 4 3 1 0 3 
#1688580(div: 0) 1648179(div: 1) 1640624(div: 2) 1652382(div: 3) 1616239(div: 4) 
22 11 1 6 11 16 21 24 26 27 29 31 36 41 46 51 54 56 61 63 66 67 71 76 0 2 7 9 12 17 22 32 37 62 72 
#c 2 1 2 3 4 3 1 2 3 2 3 1 2 3 4 0 1 2 3 4 0 1 2 3 1 0 1 1 4 1 4 1 2 3 4 4 1 2 3 4 3 1 4 3 4 0 1 3 3 4 0 1 4 3 1 3 1 4 3 4 3 1 2 1 4 0 1 1 3 0 0 1 2 3 4 3 1 0 3 
#1688580(div: 0) 1648179(div: 1) 1640624(div: 2) 1652382(div: 3) 1616239(div: 4) 
1 1 20 65 
#c 2 1 2 3 4 3 1 2 3 2 3 1 2 3 4 0 1 2 3 4 0 1 2 3 1 0 1 1 4 1 4 1 2 3 4 4 1 2 3 4 3 1 4 3 4 0 1 3 3 4 0 1 4 3 1 3 1 4 3 4 3 1 2 1 4 0 1 1 3 0 0 1 2 3 4 3 1 0 3 
#1688580(div: 0) 1648179(div: 1) 1640624(div: 2) 1652382(div: 3) 1616239(div: 4) 
1 1 65 77 
#c 2 1 2 3 4 3 1 2 3 2 3 1 2 3 4 0 1 2 3 4 0 1 2 3 1 0 1 1 4 1 4 1 2 3 4 4 1 2 3 4 3 1 4 3 4 0 1 3 3 4 0 1 4 3 1 3 1 4 3 4 3 1 2 1 4 0 1 1 3 0 0 1 2 3 4 3 1 0 3 
#1688580(div: 0) 1648179(div: 1) 1640624(div: 2) 1652382(div: 3) 1616239(div: 4) 
1 1 15 77 
#c 2 1 2 3 4 3 1 2 3 2 3 1 2 3 4 0 1 2 3 4 0 1 2 3 1 0 1 1 4 1 4 1 2 3 4 4 1 2 3 4 3 1 4 3 4 0 1 3 3 4 0 1 4 3 1 3 1 4 3 4 3 1 2 1 4 0 1 1 3 0 0 1 2 3 4 3 1 2 3 
#1651350(div: 0) 1648179(div: 1) 1677854(div: 2) 1652382(div: 3) 1616239(div: 4) 
8 12 15 20 25 45 50 65 69 70 0 2 7 9 12 17 22 32 37 62 72 77 
#c 2 1 2 3 4 3 1 2 3 2 3 1 2 3 4 0 1 2 3 4 0 1 2 3 1 0 1 1 4 1 4 1 2 3 4 4 1 2 3 4 3 1 4 3 4 0 1 3 3 4 0 1 4 3 1 3 1 4 3 4 3 1 2 1 4 0 1 1 3 0 0 1 2 3 4 3 1 2 3 
#1651350(div: 0) 1648179(div: 1) 1677854(div: 2) 1652382(div: 3) 1616239(div: 4) 
22 21 1 6 11 16 21 24 26 27 29 31 36 41 46 51 54 56 61 63 66 67 71 76 3 5 8 10 13 18 23 33 38 40 43 47 48 53 55 58 60 68 73 75 78 
#c 2 1 2 3 4 3 1 2 3 2 3 1 2 3 4 0 1 2 3 4 0 1 2 3 1 0 1 1 4 1 4 1 2 3 4 4 1 2 3 4 3 1 4 3 4 0 1 3 3 4 0 1 4 3 1 3 1 4 3 4 3 1 2 1 4 0 1 1 3 0 0 1 2 3 4 3 1 2 3 
#1651350(div: 0) 1648179(div: 1) 1677854(div: 2) 1652382(div: 3) 1616239(div: 4) 
22 12 1 6 11 16 21 24 26 27 29 31 36 41 46 51 54 56 61 63 66 67 71 76 0 2 7 9 12 17 22 32 37 62 72 77 
#c 2 1 2 3 4 3 1 2 3 2 3 1 2 3 4 0 1 2 3 4 0 1 2 3 1 0 1 1 4 1 4 1 2 3 4 4 1 2 3 4 3 1 4 3 4 0 1 3 3 4 0 1 4 3 1 3 1 4 3 4 3 1 2 1 4 0 1 1 3 0 0 1 2 3 4 3 1 2 3 
#1651350(div: 0) 1648179(div: 1) 1677854(div: 2) 1652382(div: 3) 1616239(div: 4) 
21 12 3 5 8 10 13 18 23 33 38 40 43 47 48 53 55 58 60 68 73 75 78 0 2 7 9 12 17 22 32 37 62 72 77 
#c 2 1 2 3 4 3 1 2 3 2 3 1 2 3 4 0 1 2 3 4 0 1 2 3 1 0 1 1 4 1 4 1 2 3 4 4 1 2 3 4 3 1 4 3 4 0 1 3 3 4 0 1 4 3 1 3 1 4 3 4 3 1 2 1 4 0 1 1 3 0 0 1 2 3 4 3 1 2 3 
#1651350(div: 0) 1648179(div: 1) 1677854(div: 2) 1652382(div: 3) 1616239(div: 4) 
22 8 1 6 11 16 21 24 26 27 29 31 36 41 46 51 54 56 61 63 66 67 71 76 15 20 25 45 50 65 69 70 
#c 2 1 2 3 4 3 1 2 3 2 3 1 2 3 4 0 1 2 3 4 0 1 2 3 1 0 1 1 4 1 4 1 2 3 4 4 1 2 3 4 3 1 4 3 4 0 1 3 3 4 0 1 4 3 1 3 1 4 3 4 3 1 2 1 4 0 1 1 3 0 0 1 2 3 4 3 1 2 3 
#1651350(div: 0) 1648179(div: 1) 1677854(div: 2) 1652382(div: 3) 1616239(div: 4) 
12 8 0 2 7 9 12 17 22 32 37 62 72 77 15 20 25 45 50 65 69 70 
#c 2 1 2 3 4 3 1 2 3 2 3 1 2 3 4 0 1 2 3 4 0 1 2 3 1 0 1 1 4 1 4 1 2 3 4 4 1 2 3 4 3 1 4 3 4 0 1 3 3 4 0 1 4 3 1 3 1 4 3 4 3 1 2 1 4 0 1 1 3 0 0 1 2 3 4 3 1 2 3 
#1651350(div: 0) 1648179(div: 1) 1677854(div: 2) 1652382(div: 3) 1616239(div: 4) 
1 1 17 32 
#c 2 1 2 3 4 3 1 2 3 2 3 1 2 3 4 0 1 2 3 4 0 1 2 3 1 0 1 1 4 1 4 1 2 3 4 4 1 2 3 4 3 1 4 3 4 0 1 3 3 4 0 1 4 3 1 3 1 4 3 4 3 1 2 1 4 0 1 1 3 0 0 1 2 3 4 3 1 2 3 
#1651350(div: 0) 1648179(div: 1) 1677854(div: 2) 1652382(div: 3) 1616239(div: 4) 
1 1 32 77 
#c 2 1 2 3 4 3 1 2 3 2 3 1 2 3 4 0 1 2 3 4 0 1 2 3 1 0 1 1 4 1 4 1 2 3 4 4 1 2 3 4 3 1 4 3 4 0 1 3 3 4 0 1 4 3 1 3 1 4 3 4 3 1 2 1 4 0 1 1 3 0 0 1 2 3 4 3 1 2 3 
#1651350(div: 0) 1648179(div: 1) 1677854(div: 2) 1652382(div: 3) 1616239(div: 4) 
1 1 12 77 
#c 2 1 2 3 4 3 1 2 3 2 3 1 2 3 4 0 1 2 3 4 0 1 2 3 1 0 1 1 4 1 4 1 2 3 4 4 1 2 3 4 3 1 4 3 4 0 1 3 3 4 0 1 4 3 1 3 1 4 3 4 3 1 2 1 4 0 1 1 3 0 0 1 2 3 4 3 1 2 3 
#1651350(div: 0) 1648179(div: 1) 1677854(div: 2) 1652382(div: 3) 1616239(div: 4) 
1 1 0 77 
#c 2 1 2 3 4 3 1 2 3 2 3 1 2 3 4 0 1 2 3 4 0 1 2 3 1 0 1 1 4 1 4 1 2 3 4 4 1 2 3 4 3 1 4 3 4 0 1 3 3 4 0 1 4 3 1 3 1 4 3 4 3 1 2 1 4 0 1 1 3 0 0 1 2 3 4 3 1 2 3 
#1651350(div: 0) 1648179(div: 1) 1677854(div: 2) 1652382(div: 3) 1616239(div: 4) 
1 1 62 77 
#c 2 1 2 3 4 3 1 2 3 2 3 1 2 3 4 0 1 2 3 4 0 1 2 3 1 0 1 1 4 1 4 1 2 3 4 4 1 2 3 4 3 1 4 3 4 0 1 3 3 4 0 1 4 3 1 3 1 4 3 4 3 1 2 1 4 0 1 1 3 0 0 1 2 3 4 3 1 2 3 
#1651350(div: 0) 1648179(div: 1) 1677854(div: 2) 1652382(div: 3) 1616239(div: 4) 
1 1 9 77 
#c 2 1 2 3 4 3 1 2 3 2 3 1 2 3 4 0 1 2 3 4 0 1 2 3 1 0 1 1 4 1 4 1 2 3 4 4 1 2 3 4 3 1 4 3 4 0 1 3 3 4 0 1 4 3 1 3 1 4 3 4 3 1 2 1 4 0 1 1 3 0 0 1 2 3 4 3 1 2 3 
#1651350(div: 0) 1648179(div: 1) 1677854(div: 2) 1652382(div: 3) 1616239(div: 4) 
1 1 72 77 
#c 2 1 2 3 4 3 1 2 3 2 3 1 2 3 4 0 1 2 3 4 0 1 2 3 1 0 1 1 4 1 4 1 2 3 4 4 1 2 3 4 3 1 4 3 4 0 1 3 3 4 0 1 4 3 1 3 1 4 3 4 3 1 2 1 4 0 1 1 3 0 0 1 2 3 4 3 1 2 3 
#1651350(div: 0) 1648179(div: 1) 1677854(div: 2) 1652382(div: 3) 1616239(div: 4) 
1 1 2 77 
#c 2 1 2 3 4 3 1 2 3 2 3 1 2 3 4 0 1 2 3 4 0 1 2 3 1 0 1 1 4 1 4 1 2 3 4 4 1 2 3 4 3 1 4 3 4 0 1 3 3 4 0 1 4 3 1 3 1 4 3 4 3 1 2 1 4 0 1 1 3 0 0 1 2 3 4 3 1 2 3 
#1651350(div: 0) 1648179(div: 1) 1677854(div: 2) 1652382(div: 3) 1616239(div: 4) 
1 1 22 77 
#c 2 1 2 3 4 3 1 2 3 2 3 1 2 3 4 0 1 2 3 4 0 1 2 3 1 0 1 1 4 1 4 1 2 3 4 4 1 2 3 4 3 1 4 3 4 0 1 3 3 4 0 1 4 3 1 3 1 4 3 4 3 1 2 1 4 0 1 1 3 0 0 1 2 3 4 3 1 2 3 
#1651350(div: 0) 1648179(div: 1) 1677854(div: 2) 1652382(div: 3) 1616239(div: 4) 
1 1 37 77 
#c 2 1 2 3 4 3 1 2 3 2 3 1 2 3 4 0 1 2 3 4 0 1 2 3 1 0 1 1 4 1 4 1 2 3 4 4 1 2 3 4 3 1 4 3 4 0 1 3 3 4 0 1 4 3 1 3 1 4 3 4 3 1 2 1 4 0 1 1 3 0 0 1 2 3 4 3 1 1 3 
#1651350(div: 0) 1685409(div: 1) 1640624(div: 2) 1652382(div: 3) 1616239(div: 4) 
11 23 0 2 7 9 12 17 22 32 37 62 72 1 6 11 16 21 24 26 27 29 31 36 41 46 51 54 56 61 63 66 67 71 76 77 
#c 2 1 2 3 4 3 1 2 3 2 3 1 2 3 4 0 1 2 3 4 0 1 2 3 1 0 1 1 4 1 4 1 2 3 4 4 1 2 3 4 3 1 4 3 4 0 1 3 3 4 0 1 4 3 1 3 1 4 3 4 3 1 2 1 4 0 1 1 3 0 0 1 2 3 4 3 1 1 3 
#1651350(div: 0) 1685409(div: 1) 1640624(div: 2) 1652382(div: 3) 1616239(div: 4) 
16 21 4 14 19 28 30 34 35 39 42 44 49 52 57 59 64 74 3 5 8 10 13 18 23 33 38 40 43 47 48 53 55 58 60 68 73 75 78 
#c 2 1 2 3 4 3 1 2 3 2 3 1 2 3 4 0 1 2 3 4 0 1 2 3 1 0 1 1 4 1 4 1 2 3 4 4 1 2 3 4 3 1 4 3 4 0 1 3 3 4 0 1 4 3 1 3 1 4 3 4 3 1 2 1 4 0 1 1 3 0 0 1 2 3 4 3 1 1 3 
#1651350(div: 0) 1685409(div: 1) 1640624(div: 2) 1652382(div: 3) 1616239(div: 4) 
16 11 4 14 19 28 30 34 35 39 42 44 49 52 57 59 64 74 0 2 7 9 12 17 22 32 37 62 72 
#c 2 1 2 3 4 3 1 2 3 2 3 1 2 3 4 0 1 2 3 4 0 1 2 3 1 0 1 1 4 1 4 1 2 3 4 4 1 2 3 4 3 1 4 3 4 0 1 3 3 4 0 1 4 3 1 3 1 4 3 4 3 1 2 1 4 0 1 1 3 0 0 1 2 3 4 3 1 1 3 
#1651350(div: 0) 1685409(div: 1) 1640624(div: 2) 1652382(div: 3) 1616239(div: 4) 
21 11 3 5 8 10 13 18 23 33 38 40 43 47 48 53 55 58 60 68 73 75 78 0 2 7 9 12 17 22 32 37 62 72 
#c 2 1 2 3 4 3 1 2 3 2 3 1 2 3 4 0 1 2 3 4 0 1 2 3 1 0 1 1 4 1 4 1 2 3 4 4 1 2 3 4 3 1 4 3 4 0 1 3 3 4 0 1 4 3 1 3 1 4 3 4 3 1 2 1 4 0 1 1 3 0 0 1 2 3 4 3 1 1 3 
#1651350(div: 0) 1685409(div: 1) 1640624(div: 2) 1652382(div: 3) 1616239(div: 4) 
16 8 4 14 19 28 30 34 35 39 42 44 49 52 57 59 64 74 15 20 25 45 50 65 69 70 
#c 2 1 2 3 4 3 1 2 3 2 3 1 2 3 4 0 1 2 3 4 0 1 2 3 1 0 1 1 4 1 4 1 2 3 4 4 1 2 3 4 3 1 4 3 4 0 1 3 3 4 0 1 4 3 1 3 1 4 3 4 3 1 2 1 4 0 1 1 3 0 0 1 2 3 4 3 1 1 3 
#1651350(div: 0) 1685409(div: 1) 1640624(div: 2) 1652382(div: 3) 1616239(div: 4) 
21 8 3 5 8 10 13 18 23 33 38 40 43 47 48 53 55 58 60 68 73 75 78 15 20 25 45 50 65 69 70 
#c 2 1 2 3 4 3 1 2 3 2 3 1 2 3 4 0 1 2 3 4 0 1 2 3 1 0 1 1 4 1 4 1 2 3 4 4 1 2 3 4 3 1 4 3 4 0 1 3 3 4 0 1 4 3 1 3 1 4 3 4 3 1 2 1 4 0 1 1 3 0 0 1 2 3 4 3 1 1 3 
#1651350(div: 0) 1685409(div: 1) 1640624(div: 2) 1652382(div: 3) 1616239(div: 4) 
1 1 13 78 
#c 2 1 2 3 4 3 1 2 3 2 3 1 2 3 4 0 1 2 3 4 0 1 2 3 1 0 1 1 4 1 4 1 2 3 4 4 1 2 3 4 3 1 4 3 4 0 1 3 3 4 0 1 4 3 1 3 1 4 3 4 3 1 2 1 4 0 1 1 3 0 0 1 2 3 4 3 1 1 3 
#1651350(div: 0) 1685409(div: 1) 1640624(div: 2) 1652382(div: 3) 1616239(div: 4) 
1 1 33 78 
#c 2 1 2 3 4 3 1 2 3 2 3 1 2 3 4 0 1 2 3 4 0 1 2 3 1 0 1 1 4 1 4 1 2 3 4 4 1 2 3 4 3 1 4 3 4 0 1 3 3 4 0 1 4 3 1 3 1 4 3 4 3 1 2 1 4 0 1 1 3 0 0 1 2 3 4 3 1 1 3 
#1651350(div: 0) 1685409(div: 1) 1640624(div: 2) 1652382(div: 3) 1616239(div: 4) 
1 1 68 78 
#c 2 1 2 3 4 3 1 2 3 2 3 1 2 3 4 0 1 2 3 4 0 1 2 3 1 0 1 1 4 1 4 1 2 3 4 4 1 2 3 4 3 1 4 3 4 0 1 3 3 4 0 1 4 3 1 3 1 4 3 4 3 1 2 1 4 0 1 1 3 0 0 1 2 3 4 3 1 1 3 
#1651350(div: 0) 1685409(div: 1) 1640624(div: 2) 1652382(div: 3) 1616239(div: 4) 
1 1 40 78 
#c 2 1 2 3 4 3 1 2 3 2 3 1 2 3 4 0 1 2 3 4 0 1 2 3 1 0 1 1 4 1 4 1 2 3 4 4 1 2 3 4 3 1 4 3 4 0 1 3 3 4 0 1 4 3 1 3 1 4 3 4 3 1 2 1 4 0 1 1 3 0 0 1 2 3 4 3 1 1 3 
#1651350(div: 0) 1685409(div: 1) 1640624(div: 2) 1652382(div: 3) 1616239(div: 4) 
1 1 73 78 
#c 2 1 2 3 4 3 1 2 3 2 3 1 2 3 4 0 1 2 3 4 0 1 2 3 1 0 1 1 4 1 4 1 2 3 4 4 1 2 3 4 3 1 4 3 4 0 1 3 3 4 0 1 4 3 1 3 1 4 3 4 3 1 2 1 4 0 1 1 3 0 0 1 2 3 4 3 1 1 3 
#1651350(div: 0) 1685409(div: 1) 1640624(div: 2) 1652382(div: 3) 1616239(div: 4) 
1 1 53 78 
#c 2 1 2 3 4 3 1 2 3 2 3 1 2 3 4 0 1 2 3 4 0 1 2 3 1 0 1 1 4 1 4 1 2 3 4 4 1 2 3 4 3 1 4 3 4 0 1 3 3 4 0 1 4 3 1 3 1 4 3 4 3 1 2 1 4 0 1 1 3 0 0 1 2 3 4 3 1 1 3 
#1651350(div: 0) 1685409(div: 1) 1640624(div: 2) 1652382(div: 3) 1616239(div: 4) 
1 1 3 78 
#c 2 1 2 3 4 3 1 2 3 2 3 1 2 3 4 0 1 2 3 4 0 1 2 3 1 0 1 1 4 1 4 1 2 3 4 4 1 2 3 4 3 1 4 3 4 0 1 3 3 4 0 1 4 3 1 3 1 4 3 4 3 1 2 1 4 0 1 1 3 0 0 1 2 3 4 3 1 1 3 
#1651350(div: 0) 1685409(div: 1) 1640624(div: 2) 1652382(div: 3) 1616239(div: 4) 
1 1 23 78 
#c 2 1 2 3 4 3 1 2 3 2 3 1 2 3 4 0 1 2 3 4 0 1 2 3 1 0 1 1 4 1 4 1 2 3 4 4 1 2 3 4 3 1 4 3 4 0 1 3 3 4 0 1 4 3 1 3 1 4 3 4 3 1 2 1 4 0 1 1 3 0 0 1 2 3 4 3 1 1 3 
#1651350(div: 0) 1685409(div: 1) 1640624(div: 2) 1652382(div: 3) 1616239(div: 4) 
1 1 5 78 
#c 2 1 2 3 4 3 1 2 3 2 3 1 2 3 4 0 1 2 3 4 0 1 2 3 1 0 1 1 4 1 4 1 2 3 4 4 1 2 3 4 3 1 4 3 4 0 1 3 3 4 0 1 4 3 1 3 1 4 3 4 3 1 2 1 4 0 1 1 3 0 0 1 2 3 4 3 1 1 3 
#1651350(div: 0) 1685409(div: 1) 1640624(div: 2) 1652382(div: 3) 1616239(div: 4) 
1 1 5 8 
#c 2 1 2 3 4 3 1 2 4 2 3 1 2 3 4 0 1 2 3 4 0 1 2 3 1 0 1 1 4 1 4 1 2 3 4 4 1 2 3 4 3 1 4 3 4 0 1 3 3 4 0 1 4 3 1 3 1 4 3 4 3 1 2 1 4 0 1 1 3 0 0 1 2 3 4 3 1 1 3 
#1651350(div: 0) 1685409(div: 1) 1640624(div: 2) 1649330(div: 3) 1619291(div: 4) 
17 23 4 8 14 19 28 30 34 35 39 42 44 49 52 57 59 64 74 1 6 11 16 21 24 26 27 29 31 36 41 46 51 54 56 61 63 66 67 71 76 77 
#c 2 1 2 3 4 3 1 2 4 2 3 1 2 3 4 0 1 2 3 4 0 1 2 3 1 0 1 1 4 1 4 1 2 3 4 4 1 2 3 4 3 1 4 3 4 0 1 3 3 4 0 1 4 3 1 3 1 4 3 4 3 1 2 1 4 0 1 1 3 0 0 1 2 3 4 3 1 1 3 
#1651350(div: 0) 1685409(div: 1) 1640624(div: 2) 1649330(div: 3) 1619291(div: 4) 
17 11 4 8 14 19 28 30 34 35 39 42 44 49 52 57 59 64 74 0 2 7 9 12 17 22 32 37 62 72 
2 1 2 3 4 3 1 2 4 2 3 1 2 3 4 0 1 2 3 4 0 1 2 3 1 0 1 1 4 1 4 1 2 3 4 4 1 2 3 4 3 1 4 3 4 0 1 3 3 4 0 1 4 3 1 3 1 4 3 4 3 1 2 1 4 0 1 1 3 0 0 1 2 3 4 3 1 1 3 
#2137208
