#c 0 1 2 3 0 1 2 3 0 1 2 3 0 1 2 3 0 1 2 3 0 1 2 3 0 1 2 3 0 1 2 3 0 1 2 3 0 1 2 3 0 1 2 3 0 
#2034151(div: 0) 1062707(div: 1) 1080000(div: 2) 1047713(div: 3) 
12 11 0 4 8 12 16 20 24 28 32 36 40 44 2 6 10 14 18 22 26 30 34 38 42 
#c 0 1 2 3 0 1 2 3 0 1 2 3 0 1 2 3 0 1 2 3 0 1 2 3 0 1 2 3 0 1 2 3 0 1 2 3 0 1 2 3 0 1 2 3 0 
#2034151(div: 0) 1062707(div: 1) 1080000(div: 2) 1047713(div: 3) 
11 11 2 6 10 14 18 22 26 30 34 38 42 1 5 9 13 17 21 25 29 33 37 41 
#c 0 1 2 3 0 1 2 3 0 1 2 3 0 1 2 3 0 1 2 3 0 1 2 3 0 1 2 3 0 1 2 3 0 1 2 3 0 1 2 3 0 1 2 3 0 
#2034151(div: 0) 1062707(div: 1) 1080000(div: 2) 1047713(div: 3) 
11 11 1 5 9 13 17 21 25 29 33 37 41 3 7 11 15 19 23 27 31 35 39 43 
#c 0 1 2 3 0 1 2 3 0 1 2 3 0 1 2 3 0 1 2 3 0 1 2 3 0 1 2 3 0 1 2 3 0 1 2 3 0 1 2 3 0 1 2 3 0 
#2034151(div: 0) 1062707(div: 1) 1080000(div: 2) 1047713(div: 3) 
1 1 0 20 
#c 0 1 2 3 0 1 2 3 0 1 2 3 0 1 2 3 0 1 2 3 0 1 2 3 0 1 2 3 0 1 2 3 0 1 2 3 0 1 2 3 0 1 2 3 0 
#2034151(div: 0) 1062707(div: 1) 1080000(div: 2) 1047713(div: 3) 
1 1 0 8 
#c 0 1 2 3 0 1 2 3 0 1 2 3 0 1 2 3 0 1 2 3 0 1 2 3 0 1 2 3 0 1 2 3 0 1 2 3 0 1 2 3 0 1 2 3 0 
#2034151(div: 0) 1062707(div: 1) 1080000(div: 2) 1047713(div: 3) 
1 1 8 44 
#c 0 1 2 3 0 1 2 3 0 1 2 3 0 1 2 3 0 1 2 3 0 1 2 3 0 1 2 3 0 1 2 3 0 1 2 3 0 1 2 3 0 1 2 3 3 
#2031573(div: 0) 1062707(div: 1) 1080000(div: 2) 1050291(div: 3) 
11 12 0 4 8 12 16 20 24 28 32 36 40 3 7 11 15 19 23 27 31 35 39 43 44 
#c 0 1 2 3 0 1 2 3 0 1 2 3 0 1 2 3 0 1 2 3 0 1 2 3 0 1 2 3 0 1 2 3 0 1 2 3 0 1 2 3 0 1 2 3 3 
#2031573(div: 0) 1062707(div: 1) 1080000(div: 2) 1050291(div: 3) 
1 1 12 20 
#c 0 1 2 3 0 1 2 3 0 1 2 3 0 1 2 3 0 1 2 3 0 1 2 3 0 1 2 3 0 1 2 3 0 1 2 3 0 1 2 3 0 1 2 3 3 
#2031573(div: 0) 1062707(div: 1) 1080000(div: 2) 1050291(div: 3) 
1 1 12 40 
#c 0 1 2 3 0 1 2 3 0 1 2 3 0 1 2 3 0 1 2 3 0 1 2 3 0 1 2 3 0 1 2 3 0 1 2 3 0 1 2 3 0 1 2 3 3 
#2031573(div: 0) 1062707(div: 1) 1080000(div: 2) 1050291(div: 3) 
1 1 28 40 
#c 0 1 2 3 0 1 2 3 0 1 2 3 0 1 2 3 0 1 2 3 0 1 2 3 0 1 2 3 0 1 2 3 0 1 2 3 0 1 2 3 3 1 2 3 3 
#1977855(div: 0) 1062707(div: 1) 1080000(div: 2) 1104009(div: 3) 
10 11 0 4 8 12 16 20 24 28 32 36 2 6 10 14 18 22 26 30 34 38 42 
#c 0 1 2 3 0 1 2 3 0 1 2 3 0 1 2 3 0 1 2 3 0 1 2 3 0 1 2 3 0 1 2 3 0 1 2 3 0 1 2 3 3 1 2 3 3 
#1977855(div: 0) 1062707(div: 1) 1080000(div: 2) 1104009(div: 3) 
11 13 2 6 10 14 18 22 26 30 34 38 42 3 7 11 15 19 23 27 31 35 39 40 43 44 
#c 0 1 2 3 0 1 2 3 0 1 2 3 0 1 2 3 0 1 2 3 0 1 2 3 0 1 2 3 0 1 2 3 0 1 2 3 0 1 2 3 3 1 2 3 3 
#1977855(div: 0) 1062707(div: 1) 1080000(div: 2) 1104009(div: 3) 
10 13 0 4 8 12 16 20 24 28 32 36 3 7 11 15 19 23 27 31 35 39 40 43 44 
#c 0 1 2 3 0 1 2 3 0 1 2 3 0 1 2 3 0 1 2 3 0 1 2 3 0 1 2 3 0 1 2 3 0 1 2 3 0 1 2 3 3 1 2 3 3 
#1977855(div: 0) 1062707(div: 1) 1080000(div: 2) 1104009(div: 3) 
11 11 2 6 10 14 18 22 26 30 34 38 42 1 5 9 13 17 21 25 29 33 37 41 
#c 0 1 2 3 0 1 2 3 0 1 2 3 0 1 2 3 0 1 2 3 0 1 2 3 0 1 2 3 0 1 2 3 0 1 2 3 0 1 2 3 3 1 2 3 3 
#1977855(div: 0) 1062707(div: 1) 1080000(div: 2) 1104009(div: 3) 
1 1 8 12 
#c 0 1 2 3 0 1 2 3 0 1 2 3 0 1 2 3 0 1 2 3 0 1 2 3 0 1 2 3 0 1 2 3 0 1 2 3 0 1 2 3 3 1 2 3 3 
#1977855(div: 0) 1062707(div: 1) 1080000(div: 2) 1104009(div: 3) 
1 1 4 8 
#c 0 1 2 3 0 1 2 3 0 1 2 3 0 1 2 3 0 1 2 3 0 1 2 3 0 1 2 3 0 1 2 3 0 1 2 3 0 1 2 3 3 1 2 3 3 
#1977855(div: 0) 1062707(div: 1) 1080000(div: 2) 1104009(div: 3) 
1 1 4 24 
#c 0 1 2 3 1 1 2 3 0 1 2 3 0 1 2 3 0 1 2 3 0 1 2 3 0 1 2 3 0 1 2 3 0 1 2 3 0 1 2 3 3 1 2 3 3 
#1949797(div: 0) 1090765(div: 1) 1080000(div: 2) 1104009(div: 3) 
9 12 0 8 12 16 20 24 28 32 36 1 4 5 9 13 17 21 25 29 33 37 41 
#c 0 1 2 3 1 1 2 3 0 1 2 3 0 1 2 3 0 1 2 3 0 1 2 3 0 1 2 3 0 1 2 3 0 1 2 3 0 1 2 3 3 1 2 3 3 
#1949797(div: 0) 1090765(div: 1) 1080000(div: 2) 1104009(div: 3) 
1 1 12 20 
#c 0 1 2 3 1 1 2 3 0 1 2 3 0 1 2 3 0 1 2 3 0 1 2 3 0 1 2 3 0 1 2 3 0 1 2 3 0 1 2 3 3 1 2 3 3 
#1949797(div: 0) 1090765(div: 1) 1080000(div: 2) 1104009(div: 3) 
1 1 12 32 
#c 0 1 2 3 1 1 2 3 0 1 2 3 0 1 2 3 0 1 2 3 0 1 2 3 0 1 2 3 0 1 2 3 0 1 2 3 0 1 2 3 3 1 2 3 3 
#1949797(div: 0) 1090765(div: 1) 1080000(div: 2) 1104009(div: 3) 
1 1 0 32 
#c 0 1 2 3 1 1 2 3 0 1 2 3 0 1 2 3 0 1 2 3 0 1 2 3 0 1 2 3 0 1 2 3 1 1 2 3 0 1 2 3 3 1 2 3 3 
#1902546(div: 0) 1138016(div: 1) 1080000(div: 2) 1104009(div: 3) 
13 13 1 4 5 9 13 17 21 25 29 32 33 37 41 3 7 11 15 19 23 27 31 35 39 40 43 44 
#c 0 1 2 3 1 1 2 3 0 1 2 3 0 1 2 3 0 1 2 3 0 1 2 3 0 1 2 3 0 1 2 3 1 1 2 3 0 1 2 3 3 1 2 3 3 
#1902546(div: 0) 1138016(div: 1) 1080000(div: 2) 1104009(div: 3) 
13 11 3 7 11 15 19 23 27 31 35 39 40 43 44 2 6 10 14 18 22 26 30 34 38 42 
#c 0 1 2 3 1 1 2 3 0 1 2 3 0 1 2 3 0 1 2 3 0 1 2 3 0 1 2 3 0 1 2 3 1 1 2 3 0 1 2 3 3 1 2 3 3 
#1902546(div: 0) 1138016(div: 1) 1080000(div: 2) 1104009(div: 3) 
11 8 2 6 10 14 18 22 26 30 34 38 42 0 8 12 16 20 24 28 36 
#c 0 1 2 3 1 1 2 3 0 1 2 3 0 1 2 3 0 1 2 3 0 1 2 3 0 1 2 3 0 1 2 3 1 1 2 3 0 1 2 3 3 1 2 3 3 
#1902546(div: 0) 1138016(div: 1) 1080000(div: 2) 1104009(div: 3) 
13 8 1 4 5 9 13 17 21 25 29 32 33 37 41 0 8 12 16 20 24 28 36 
#c 0 1 2 3 1 1 2 3 0 1 2 3 0 1 2 3 0 1 2 3 0 1 2 3 0 1 2 3 0 1 2 3 1 1 2 3 0 1 2 3 3 1 2 3 3 
#1902546(div: 0) 1138016(div: 1) 1080000(div: 2) 1104009(div: 3) 
1 1 24 28 
#c 0 1 2 3 1 1 2 3 0 1 2 3 0 1 2 3 0 1 2 3 0 1 2 3 0 1 2 3 0 1 2 3 1 1 2 3 0 1 2 3 3 1 2 3 3 
#1902546(div: 0) 1138016(div: 1) 1080000(div: 2) 1104009(div: 3) 
1 1 16 24 
#c 0 1 2 3 1 1 2 3 0 1 2 3 0 1 2 3 0 1 2 3 0 1 2 3 0 1 2 3 0 1 2 3 1 1 2 3 0 1 2 3 3 1 2 3 3 
#1902546(div: 0) 1138016(div: 1) 1080000(div: 2) 1104009(div: 3) 
1 1 16 20 
#c 0 1 2 3 1 1 2 3 0 1 2 3 0 1 2 3 2 1 2 3 0 1 2 3 0 1 2 3 0 1 2 3 1 1 2 3 0 1 2 3 3 1 2 3 3 
#1826475(div: 0) 1138016(div: 1) 1156071(div: 2) 1104009(div: 3) 
7 12 0 8 12 20 24 28 36 2 6 10 14 16 18 22 26 30 34 38 42 
#c 0 1 2 3 1 1 2 3 0 1 2 3 0 1 2 3 2 1 2 3 0 1 2 3 0 1 2 3 0 1 2 3 1 1 2 3 0 1 2 3 3 1 2 3 3 
#1826475(div: 0) 1138016(div: 1) 1156071(div: 2) 1104009(div: 3) 
1 1 0 36 
#c 0 1 2 3 1 1 2 3 0 1 2 3 0 1 2 3 2 1 2 3 0 1 2 3 0 1 2 3 0 1 2 3 1 1 2 3 0 1 2 3 3 1 2 3 3 
#1826475(div: 0) 1138016(div: 1) 1156071(div: 2) 1104009(div: 3) 
1 1 12 36 
#c 0 1 2 3 1 1 2 3 0 1 2 3 0 1 2 3 2 1 2 3 0 1 2 3 0 1 2 3 0 1 2 3 1 1 2 3 0 1 2 3 3 1 2 3 3 
#1826475(div: 0) 1138016(div: 1) 1156071(div: 2) 1104009(div: 3) 
1 1 20 36 
#c 0 1 2 3 1 1 2 3 0 1 2 3 0 1 2 3 2 1 2 3 0 1 2 3 0 1 2 3 0 1 2 3 1 1 2 3 2 1 2 3 3 1 2 3 3 
#1822738(div: 0) 1138016(div: 1) 1159808(div: 2) 1104009(div: 3) 
13 6 1 4 5 9 13 17 21 25 29 32 33 37 41 0 8 12 20 24 28 
#c 0 1 2 3 1 1 2 3 0 1 2 3 0 1 2 3 2 1 2 3 0 1 2 3 0 1 2 3 0 1 2 3 1 1 2 3 2 1 2 3 3 1 2 3 3 
#1822738(div: 0) 1138016(div: 1) 1159808(div: 2) 1104009(div: 3) 
13 13 1 4 5 9 13 17 21 25 29 32 33 37 41 2 6 10 14 16 18 22 26 30 34 36 38 42 
#c 0 1 2 3 1 1 2 3 0 1 2 3 0 1 2 3 2 1 2 3 0 1 2 3 0 1 2 3 0 1 2 3 1 1 2 3 2 1 2 3 3 1 2 3 3 
#1822738(div: 0) 1138016(div: 1) 1159808(div: 2) 1104009(div: 3) 
6 13 0 8 12 20 24 28 2 6 10 14 16 18 22 26 30 34 36 38 42 
#c 0 1 2 3 1 1 2 3 0 1 2 3 0 1 2 3 2 1 2 3 0 1 2 3 0 1 2 3 0 1 2 3 1 1 2 3 2 1 2 3 3 1 2 3 3 
#1822738(div: 0) 1138016(div: 1) 1159808(div: 2) 1104009(div: 3) 
13 13 1 4 5 9 13 17 21 25 29 32 33 37 41 3 7 11 15 19 23 27 31 35 39 40 43 44 
#c 0 1 2 3 1 1 2 3 0 1 2 3 0 1 2 3 2 1 2 3 0 1 2 3 0 1 2 3 0 1 2 3 1 1 2 3 2 1 2 3 3 1 2 3 3 
#1822738(div: 0) 1138016(div: 1) 1159808(div: 2) 1104009(div: 3) 
1 1 0 20 
#c 0 1 2 3 1 1 2 3 0 1 2 3 0 1 2 3 2 1 2 3 0 1 2 3 0 1 2 3 0 1 2 3 1 1 2 3 2 1 2 3 3 1 2 3 3 
#1822738(div: 0) 1138016(div: 1) 1159808(div: 2) 1104009(div: 3) 
1 1 0 8 
#c 0 1 2 3 1 1 2 3 0 1 2 3 0 1 2 3 2 1 2 3 0 1 2 3 0 1 2 3 0 1 2 3 1 1 2 3 2 1 2 3 3 1 2 3 3 
#1822738(div: 0) 1138016(div: 1) 1159808(div: 2) 1104009(div: 3) 
1 1 8 28 
#c 0 1 2 3 1 1 2 3 3 1 2 3 0 1 2 3 2 1 2 3 0 1 2 3 0 1 2 3 0 1 2 3 1 1 2 3 2 1 2 3 3 1 2 3 3 
#1789395(div: 0) 1138016(div: 1) 1159808(div: 2) 1137352(div: 3) 
5 14 0 12 20 24 28 3 7 8 11 15 19 23 27 31 35 39 40 43 44 
#c 0 1 2 3 1 1 2 3 3 1 2 3 0 1 2 3 2 1 2 3 0 1 2 3 0 1 2 3 0 1 2 3 1 1 2 3 2 1 2 3 3 1 2 3 3 
#1789395(div: 0) 1138016(div: 1) 1159808(div: 2) 1137352(div: 3) 
1 1 0 20 
#c 0 1 2 3 1 1 2 3 3 1 2 3 0 1 2 3 2 1 2 3 0 1 2 3 0 1 2 3 0 1 2 3 1 1 2 3 2 1 2 3 3 1 2 3 3 
#1789395(div: 0) 1138016(div: 1) 1159808(div: 2) 1137352(div: 3) 
1 1 0 12 
#c 0 1 2 3 1 1 2 3 3 1 2 3 0 1 2 3 2 1 2 3 0 1 2 3 0 1 2 3 0 1 2 3 1 1 2 3 2 1 2 3 3 1 2 3 3 
#1789395(div: 0) 1138016(div: 1) 1159808(div: 2) 1137352(div: 3) 
1 1 12 28 
#c 0 1 2 3 1 1 2 3 3 1 2 3 3 1 2 3 2 1 2 3 0 1 2 3 0 1 2 3 0 1 2 3 1 1 2 3 2 1 2 3 3 1 2 3 3 
#1711286(div: 0) 1138016(div: 1) 1159808(div: 2) 1215461(div: 3) 
15 13 3 7 8 11 12 15 19 23 27 31 35 39 40 43 44 1 4 5 9 13 17 21 25 29 32 33 37 41 
#c 0 1 2 3 1 1 2 3 3 1 2 3 3 1 2 3 2 1 2 3 0 1 2 3 0 1 2 3 0 1 2 3 1 1 2 3 2 1 2 3 3 1 2 3 3 
#1711286(div: 0) 1138016(div: 1) 1159808(div: 2) 1215461(div: 3) 
13 13 1 4 5 9 13 17 21 25 29 32 33 37 41 2 6 10 14 16 18 22 26 30 34 36 38 42 
#c 0 1 2 3 1 1 2 3 3 1 2 3 3 1 2 3 2 1 2 3 0 1 2 3 0 1 2 3 0 1 2 3 1 1 2 3 2 1 2 3 3 1 2 3 3 
#1711286(div: 0) 1138016(div: 1) 1159808(div: 2) 1215461(div: 3) 
15 13 3 7 8 11 12 15 19 23 27 31 35 39 40 43 44 2 6 10 14 16 18 22 26 30 34 36 38 42 
#c 0 1 2 3 1 1 2 3 3 1 2 3 3 1 2 3 2 1 2 3 0 1 2 3 0 1 2 3 0 1 2 3 1 1 2 3 2 1 2 3 3 1 2 3 3 
#1711286(div: 0) 1138016(div: 1) 1159808(div: 2) 1215461(div: 3) 
13 4 1 4 5 9 13 17 21 25 29 32 33 37 41 0 20 24 28 
#c 0 1 2 3 1 1 2 3 3 1 2 3 3 1 2 3 2 1 2 3 0 1 2 3 0 1 2 3 0 1 2 3 1 1 2 3 2 1 2 3 3 1 2 3 3 
#1711286(div: 0) 1138016(div: 1) 1159808(div: 2) 1215461(div: 3) 
15 4 3 7 8 11 12 15 19 23 27 31 35 39 40 43 44 0 20 24 28 
#c 0 1 2 3 1 1 2 3 3 1 2 3 3 1 2 3 2 1 2 3 0 1 2 3 0 1 2 3 0 1 2 3 1 1 2 3 2 1 2 3 3 1 2 3 3 
#1711286(div: 0) 1138016(div: 1) 1159808(div: 2) 1215461(div: 3) 
1 1 24 28 
#c 0 1 2 3 1 1 2 3 3 1 2 3 3 1 2 3 2 1 2 3 0 1 2 3 0 1 2 3 0 1 2 3 1 1 2 3 2 1 2 3 3 1 2 3 3 
#1711286(div: 0) 1138016(div: 1) 1159808(div: 2) 1215461(div: 3) 
1 1 20 24 
#c 0 1 2 3 1 1 2 3 3 1 2 3 3 1 2 3 2 1 2 3 0 1 2 3 0 1 2 3 0 1 2 3 1 1 2 3 2 1 2 3 3 1 2 3 3 
#1711286(div: 0) 1138016(div: 1) 1159808(div: 2) 1215461(div: 3) 
1 1 0 20 
#c 1 1 2 3 1 1 2 3 3 1 2 3 3 1 2 3 2 1 2 3 0 1 2 3 0 1 2 3 0 1 2 3 1 1 2 3 2 1 2 3 3 1 2 3 3 
#1619098(div: 0) 1230204(div: 1) 1159808(div: 2) 1215461(div: 3) 
3 14 20 24 28 0 1 4 5 9 13 17 21 25 29 32 33 37 41 
#c 1 1 2 3 1 1 2 3 3 1 2 3 3 1 2 3 2 1 2 3 0 1 2 3 0 1 2 3 0 1 2 3 1 1 2 3 2 1 2 3 3 1 2 3 3 
#1619098(div: 0) 1230204(div: 1) 1159808(div: 2) 1215461(div: 3) 
1 1 20 24 
#c 1 1 2 3 1 1 2 3 3 1 2 3 3 1 2 3 2 1 2 3 0 1 2 3 0 1 2 3 0 1 2 3 1 1 2 3 2 1 2 3 3 1 2 3 3 
#1619098(div: 0) 1230204(div: 1) 1159808(div: 2) 1215461(div: 3) 
1 1 20 28 
#c 1 1 2 3 1 1 2 3 3 1 2 3 3 1 2 3 2 1 2 3 1 1 2 3 0 1 2 3 0 1 2 3 1 1 2 3 2 1 2 3 3 1 2 3 3 
#1270444(div: 0) 1578858(div: 1) 1159808(div: 2) 1215461(div: 3) 
15 15 3 7 8 11 12 15 19 23 27 31 35 39 40 43 44 0 1 4 5 9 13 17 20 21 25 29 32 33 37 41 
#c 1 1 2 3 1 1 2 3 3 1 2 3 3 1 2 3 2 1 2 3 1 1 2 3 0 1 2 3 0 1 2 3 1 1 2 3 2 1 2 3 3 1 2 3 3 
#1270444(div: 0) 1578858(div: 1) 1159808(div: 2) 1215461(div: 3) 
15 2 3 7 8 11 12 15 19 23 27 31 35 39 40 43 44 24 28 
#c 1 1 2 3 1 1 2 3 3 1 2 3 3 1 2 3 2 1 2 3 1 1 2 3 0 1 2 3 0 1 2 3 1 1 2 3 2 1 2 3 3 1 2 3 3 
#1270444(div: 0) 1578858(div: 1) 1159808(div: 2) 1215461(div: 3) 
15 2 0 1 4 5 9 13 17 20 21 25 29 32 33 37 41 24 28 
#c 1 1 2 3 1 1 2 3 3 1 2 3 3 1 2 3 2 1 2 3 1 1 2 3 0 1 2 3 0 1 2 3 1 1 2 3 2 1 2 3 3 1 2 3 3 
#1270444(div: 0) 1578858(div: 1) 1159808(div: 2) 1215461(div: 3) 
15 13 3 7 8 11 12 15 19 23 27 31 35 39 40 43 44 2 6 10 14 16 18 22 26 30 34 36 38 42 
#c 1 1 2 3 1 1 2 3 3 1 2 3 3 1 2 3 2 1 2 3 1 1 2 3 0 1 2 3 0 1 2 3 1 1 2 3 2 1 2 3 3 1 2 3 3 
#1270444(div: 0) 1578858(div: 1) 1159808(div: 2) 1215461(div: 3) 
1 1 25 41 
#c 1 1 2 3 1 1 2 3 3 1 2 3 3 1 2 3 2 1 2 3 1 1 2 3 0 1 2 3 0 1 2 3 1 1 2 3 2 1 2 3 3 1 2 3 3 
#1270444(div: 0) 1578858(div: 1) 1159808(div: 2) 1215461(div: 3) 
1 1 17 25 
#c 1 1 2 3 1 1 2 3 3 1 2 3 3 1 2 3 2 1 2 3 1 1 2 3 0 1 2 3 0 1 2 3 1 1 2 3 2 1 2 3 3 1 2 3 3 
#1270444(div: 0) 1578858(div: 1) 1159808(div: 2) 1215461(div: 3) 
1 1 0 25 
#c 1 1 2 3 1 1 2 3 3 1 2 3 3 1 2 3 2 1 2 3 1 1 2 3 0 2 2 3 0 1 2 3 1 1 2 3 2 1 2 3 3 1 2 3 3 
#1270444(div: 0) 1520251(div: 1) 1218415(div: 2) 1215461(div: 3) 
14 14 0 1 4 5 9 13 17 20 21 29 32 33 37 41 2 6 10 14 16 18 22 25 26 30 34 36 38 42 
#c 1 1 2 3 1 1 2 3 3 1 2 3 3 1 2 3 2 1 2 3 1 1 2 3 0 2 2 3 0 1 2 3 1 1 2 3 2 1 2 3 3 1 2 3 3 
#1270444(div: 0) 1520251(div: 1) 1218415(div: 2) 1215461(div: 3) 
1 1 20 37 
#c 1 1 2 3 1 1 2 3 3 1 2 3 3 1 2 3 2 1 2 3 1 1 2 3 0 2 2 3 0 1 2 3 1 1 2 3 2 1 2 3 3 1 2 3 3 
#1270444(div: 0) 1520251(div: 1) 1218415(div: 2) 1215461(div: 3) 
1 1 32 37 
#c 1 1 2 3 1 1 2 3 3 1 2 3 3 1 2 3 2 1 2 3 1 1 2 3 0 2 2 3 0 1 2 3 1 1 2 3 2 1 2 3 3 1 2 3 3 
#1270444(div: 0) 1520251(div: 1) 1218415(div: 2) 1215461(div: 3) 
1 1 5 32 
#c 1 1 2 3 1 2 2 3 3 1 2 3 3 1 2 3 2 1 2 3 1 1 2 3 0 2 2 3 0 1 2 3 1 1 2 3 2 1 2 3 3 1 2 3 3 
#1270444(div: 0) 1492802(div: 1) 1245864(div: 2) 1215461(div: 3) 
15 2 2 5 6 10 14 16 18 22 25 26 30 34 36 38 42 24 28 
#c 1 1 2 3 1 2 2 3 3 1 2 3 3 1 2 3 2 1 2 3 1 1 2 3 0 2 2 3 0 1 2 3 1 1 2 3 2 1 2 3 3 1 2 3 3 
#1270444(div: 0) 1492802(div: 1) 1245864(div: 2) 1215461(div: 3) 
15 13 2 5 6 10 14 16 18 22 25 26 30 34 36 38 42 0 1 4 9 13 17 20 21 29 32 33 37 41 
#c 1 1 2 3 1 2 2 3 3 1 2 3 3 1 2 3 2 1 2 3 1 1 2 3 0 2 2 3 0 1 2 3 1 1 2 3 2 1 2 3 3 1 2 3 3 
#1270444(div: 0) 1492802(div: 1) 1245864(div: 2) 1215461(div: 3) 
2 13 24 28 0 1 4 9 13 17 20 21 29 32 33 37 41 
#c 1 1 2 3 1 2 2 3 3 1 2 3 3 1 2 3 2 1 2 3 1 1 2 3 0 2 2 3 0 1 2 3 1 1 2 3 2 1 2 3 3 1 2 3 3 
#1270444(div: 0) 1492802(div: 1) 1245864(div: 2) 1215461(div: 3) 
15 15 2 5 6 10 14 16 18 22 25 26 30 34 36 38 42 3 7 8 11 12 15 19 23 27 31 35 39 40 43 44 
#c 1 1 2 3 1 2 2 3 3 1 2 3 3 1 2 3 2 1 2 3 1 1 2 3 0 2 2 3 0 1 2 3 1 1 2 3 2 1 2 3 3 1 2 3 3 
#1270444(div: 0) 1492802(div: 1) 1245864(div: 2) 1215461(div: 3) 
1 1 17 41 
#c 1 1 2 3 1 2 2 3 3 1 2 3 3 1 2 3 2 1 2 3 1 1 2 3 0 2 2 3 0 1 2 3 1 1 2 3 2 1 2 3 3 1 2 3 3 
#1270444(div: 0) 1492802(div: 1) 1245864(div: 2) 1215461(div: 3) 
1 1 17 33 
#c 1 1 2 3 1 2 2 3 3 1 2 3 3 1 2 3 2 1 2 3 1 1 2 3 0 2 2 3 0 1 2 3 1 1 2 3 2 1 2 3 3 1 2 3 3 
#1270444(div: 0) 1492802(div: 1) 1245864(div: 2) 1215461(div: 3) 
1 1 20 33 
#c 1 1 2 3 1 2 2 3 3 1 2 3 3 1 2 3 2 1 2 3 1 1 2 3 0 2 2 3 0 1 2 3 1 3 2 3 2 1 2 3 3 1 2 3 3 
#1270444(div: 0) 1447954(div: 1) 1245864(div: 2) 1260309(div: 3) 
12 16 0 1 4 9 13 17 20 21 29 32 37 41 3 7 8 11 12 15 19 23 27 31 33 35 39 40 43 44 
#c 1 1 2 3 1 2 2 3 3 1 2 3 3 1 2 3 2 1 2 3 1 1 2 3 0 2 2 3 0 1 2 3 1 3 2 3 2 1 2 3 3 1 2 3 3 
#1270444(div: 0) 1447954(div: 1) 1245864(div: 2) 1260309(div: 3) 
1 1 9 32 
#c 1 1 2 3 1 2 2 3 3 1 2 3 3 1 2 3 2 1 2 3 1 1 2 3 0 2 2 3 0 1 2 3 1 3 2 3 2 1 2 3 3 1 2 3 3 
#1270444(div: 0) 1447954(div: 1) 1245864(div: 2) 1260309(div: 3) 
1 1 29 32 
#c 1 1 2 3 1 2 2 3 3 1 2 3 3 1 2 3 2 1 2 3 1 1 2 3 0 2 2 3 0 1 2 3 1 3 2 3 2 1 2 3 3 1 2 3 3 
#1270444(div: 0) 1447954(div: 1) 1245864(div: 2) 1260309(div: 3) 
1 1 17 32 
#c 1 1 2 3 1 2 2 3 3 1 2 3 3 1 2 3 2 1 2 3 1 1 2 3 0 2 2 3 0 1 2 3 3 3 2 3 2 1 2 3 3 1 2 3 3 
#1270444(div: 0) 1400703(div: 1) 1245864(div: 2) 1307560(div: 3) 
17 15 3 7 8 11 12 15 19 23 27 31 32 33 35 39 40 43 44 2 5 6 10 14 16 18 22 25 26 30 34 36 38 42 
#c 1 1 2 3 1 2 2 3 3 1 2 3 3 1 2 3 2 1 2 3 1 1 2 3 0 2 2 3 0 1 2 3 3 3 2 3 2 1 2 3 3 1 2 3 3 
#1270444(div: 0) 1400703(div: 1) 1245864(div: 2) 1307560(div: 3) 
15 2 2 5 6 10 14 16 18 22 25 26 30 34 36 38 42 24 28 
#c 1 1 2 3 1 2 2 3 3 1 2 3 3 1 2 3 2 1 2 3 1 1 2 3 0 2 2 3 0 1 2 3 3 3 2 3 2 1 2 3 3 1 2 3 3 
#1270444(div: 0) 1400703(div: 1) 1245864(div: 2) 1307560(div: 3) 
17 2 3 7 8 11 12 15 19 23 27 31 32 33 35 39 40 43 44 24 28 
#c 1 1 2 3 1 2 2 3 3 1 2 3 3 1 2 3 2 1 2 3 1 1 2 3 0 2 2 3 0 1 2 3 3 3 2 3 2 1 2 3 3 1 2 3 3 
#1270444(div: 0) 1400703(div: 1) 1245864(div: 2) 1307560(div: 3) 
15 11 2 5 6 10 14 16 18 22 25 26 30 34 36 38 42 0 1 4 9 13 17 20 21 29 37 41 
#c 1 1 2 3 1 2 2 3 3 1 2 3 3 1 2 3 2 1 2 3 1 1 2 3 0 2 2 3 0 1 2 3 3 3 2 3 2 1 2 3 3 1 2 3 3 
#1270444(div: 0) 1400703(div: 1) 1245864(div: 2) 1307560(div: 3) 
17 11 3 7 8 11 12 15 19 23 27 31 32 33 35 39 40 43 44 0 1 4 9 13 17 20 21 29 37 41 
#c 1 1 2 3 1 2 2 3 3 1 2 3 3 1 2 3 2 1 2 3 1 1 2 3 0 2 2 3 0 1 2 3 3 3 2 3 2 1 2 3 3 1 2 3 3 
#1270444(div: 0) 1400703(div: 1) 1245864(div: 2) 1307560(div: 3) 
1 1 4 41 
#c 1 1 2 3 1 2 2 3 3 1 2 3 3 1 2 3 2 1 2 3 1 1 2 3 0 2 2 3 0 1 2 3 3 3 2 3 2 1 2 3 3 1 2 3 3 
#1270444(div: 0) 1400703(div: 1) 1245864(div: 2) 1307560(div: 3) 
1 1 4 21 
#c 1 1 2 3 1 2 2 3 3 1 2 3 3 1 2 3 2 1 2 3 1 1 2 3 0 2 2 3 0 1 2 3 3 3 2 3 2 1 2 3 3 1 2 3 3 
#1270444(div: 0) 1400703(div: 1) 1245864(div: 2) 1307560(div: 3) 
1 1 4 29 
#c 1 1 2 3 2 2 2 3 3 1 2 3 3 1 2 3 2 1 2 3 1 1 2 3 0 2 2 3 0 1 2 3 3 3 2 3 2 1 2 3 3 1 2 3 3 
#1270444(div: 0) 1372645(div: 1) 1273922(div: 2) 1307560(div: 3) 
10 16 0 1 9 13 17 20 21 29 37 41 2 4 5 6 10 14 16 18 22 25 26 30 34 36 38 42 
#c 1 1 2 3 2 2 2 3 3 1 2 3 3 1 2 3 2 1 2 3 1 1 2 3 0 2 2 3 0 1 2 3 3 3 2 3 2 1 2 3 3 1 2 3 3 
#1270444(div: 0) 1372645(div: 1) 1273922(div: 2) 1307560(div: 3) 
1 1 37 41 
#c 1 1 2 3 2 2 2 3 3 1 2 3 3 1 2 3 2 1 2 3 1 1 2 3 0 2 2 3 0 1 2 3 3 3 2 3 2 1 2 3 3 1 2 3 3 
#1270444(div: 0) 1372645(div: 1) 1273922(div: 2) 1307560(div: 3) 
1 1 20 37 
#c 1 1 2 3 2 2 2 3 3 1 2 3 3 1 2 3 2 1 2 3 1 1 2 3 0 2 2 3 0 1 2 3 3 3 2 3 2 1 2 3 3 1 2 3 3 
#1270444(div: 0) 1372645(div: 1) 1273922(div: 2) 1307560(div: 3) 
1 1 13 37 
#c 1 1 2 3 2 2 2 3 3 1 2 3 3 2 2 3 2 1 2 3 1 1 2 3 0 2 2 3 0 1 2 3 3 3 2 3 2 1 2 3 3 1 2 3 3 
#1270444(div: 0) 1364031(div: 1) 1282536(div: 2) 1307560(div: 3) 
17 9 3 7 8 11 12 15 19 23 27 31 32 33 35 39 40 43 44 0 1 9 17 20 21 29 37 41 
#c 1 1 2 3 2 2 2 3 3 1 2 3 3 2 2 3 2 1 2 3 1 1 2 3 0 2 2 3 0 1 2 3 3 3 2 3 2 1 2 3 3 1 2 3 3 
#1270444(div: 0) 1364031(div: 1) 1282536(div: 2) 1307560(div: 3) 
17 17 3 7 8 11 12 15 19 23 27 31 32 33 35 39 40 43 44 2 4 5 6 10 13 14 16 18 22 25 26 30 34 36 38 42 
#c 1 1 2 3 2 2 2 3 3 1 2 3 3 2 2 3 2 1 2 3 1 1 2 3 0 2 2 3 0 1 2 3 3 3 2 3 2 1 2 3 3 1 2 3 3 
#1270444(div: 0) 1364031(div: 1) 1282536(div: 2) 1307560(div: 3) 
17 2 2 4 5 6 10 13 14 16 18 22 25 26 30 34 36 38 42 24 28 
#c 1 1 2 3 2 2 2 3 3 1 2 3 3 2 2 3 2 1 2 3 1 1 2 3 0 2 2 3 0 1 2 3 3 3 2 3 2 1 2 3 3 1 2 3 3 
#1270444(div: 0) 1364031(div: 1) 1282536(div: 2) 1307560(div: 3) 
1 1 17 37 
#c 1 1 2 3 2 2 2 3 3 1 2 3 3 2 2 3 2 1 2 3 1 1 2 3 0 2 2 3 0 1 2 3 3 3 2 3 2 1 2 3 3 1 2 3 3 
#1270444(div: 0) 1364031(div: 1) 1282536(div: 2) 1307560(div: 3) 
1 1 17 29 
#c 1 1 2 3 2 2 2 3 3 1 2 3 3 2 2 3 2 1 2 3 1 1 2 3 0 2 2 3 0 1 2 3 3 3 2 3 2 1 2 3 3 1 2 3 3 
#1270444(div: 0) 1364031(div: 1) 1282536(div: 2) 1307560(div: 3) 
1 1 17 41 
#c 1 1 2 3 2 2 2 3 3 1 2 3 3 2 2 3 2 0 2 3 1 1 2 3 0 2 2 3 0 1 2 3 3 3 2 3 2 1 2 3 3 1 2 3 3 
#1346199(div: 0) 1288276(div: 1) 1282536(div: 2) 1307560(div: 3) 
8 3 0 1 9 20 21 29 37 41 17 24 28 
#c 1 1 2 3 2 2 2 3 3 1 2 3 3 2 2 3 2 0 2 3 1 1 2 3 0 2 2 3 0 1 2 3 3 3 2 3 2 1 2 3 3 1 2 3 3 
#1346199(div: 0) 1288276(div: 1) 1282536(div: 2) 1307560(div: 3) 
17 3 3 7 8 11 12 15 19 23 27 31 32 33 35 39 40 43 44 17 24 28 
#c 1 1 2 3 2 2 2 3 3 1 2 3 3 2 2 3 2 0 2 3 1 1 2 3 0 2 2 3 0 1 2 3 3 3 2 3 2 1 2 3 3 1 2 3 3 
#1346199(div: 0) 1288276(div: 1) 1282536(div: 2) 1307560(div: 3) 
17 8 3 7 8 11 12 15 19 23 27 31 32 33 35 39 40 43 44 0 1 9 20 21 29 37 41 
#c 1 1 2 3 2 2 2 3 3 1 2 3 3 2 2 3 2 0 2 3 1 1 2 3 0 2 2 3 0 1 2 3 3 3 2 3 2 1 2 3 3 1 2 3 3 
#1346199(div: 0) 1288276(div: 1) 1282536(div: 2) 1307560(div: 3) 
8 17 0 1 9 20 21 29 37 41 2 4 5 6 10 13 14 16 18 22 25 26 30 34 36 38 42 
#c 1 1 2 3 2 2 2 3 3 1 2 3 3 2 2 3 2 0 2 3 1 1 2 3 0 2 2 3 0 1 2 3 3 3 2 3 2 1 2 3 3 1 2 3 3 
#1346199(div: 0) 1288276(div: 1) 1282536(div: 2) 1307560(div: 3) 
1 1 17 28 
#c 1 1 2 3 2 2 2 3 3 1 2 3 3 2 2 3 2 0 2 3 1 1 2 3 0 2 2 3 0 1 2 3 3 3 2 3 2 1 2 3 3 1 2 3 3 
#1346199(div: 0) 1288276(div: 1) 1282536(div: 2) 1307560(div: 3) 
1 1 17 24 
#c 1 1 2 3 2 2 2 3 3 1 2 3 3 2 2 3 2 2 2 3 1 1 2 3 0 2 2 3 0 1 2 3 3 3 2 3 2 1 2 3 3 1 2 3 3 
#1270444(div: 0) 1288276(div: 1) 1358291(div: 2) 1307560(div: 3) 
2 18 24 28 2 4 5 6 10 13 14 16 17 18 22 25 26 30 34 36 38 42 
#c 1 1 2 3 2 2 2 3 3 1 2 3 3 2 2 3 2 2 2 3 1 1 2 3 0 2 2 3 0 1 2 3 3 3 2 3 2 1 2 3 3 1 2 3 3 
#1270444(div: 0) 1288276(div: 1) 1358291(div: 2) 1307560(div: 3) 
17 18 3 7 8 11 12 15 19 23 27 31 32 33 35 39 40 43 44 2 4 5 6 10 13 14 16 17 18 22 25 26 30 34 36 38 42 
#c 1 1 2 3 2 2 2 3 3 1 2 3 3 2 2 3 2 2 2 3 1 1 2 3 0 2 2 3 0 1 2 3 3 3 2 3 2 1 2 3 3 1 2 3 3 
#1270444(div: 0) 1288276(div: 1) 1358291(div: 2) 1307560(div: 3) 
17 8 3 7 8 11 12 15 19 23 27 31 32 33 35 39 40 43 44 0 1 9 20 21 29 37 41 
#c 1 1 2 3 2 2 2 3 3 1 2 3 3 2 2 3 2 2 2 3 1 1 2 3 0 2 2 3 0 1 2 3 3 3 2 3 2 1 2 3 3 1 2 3 3 
#1270444(div: 0) 1288276(div: 1) 1358291(div: 2) 1307560(div: 3) 
8 2 0 1 9 20 21 29 37 41 24 28 
#c 1 1 2 3 2 2 2 3 3 1 2 3 3 2 2 3 2 2 2 3 1 1 2 3 0 2 2 3 0 1 2 3 3 3 2 3 2 1 2 3 3 1 2 3 3 
#1270444(div: 0) 1288276(div: 1) 1358291(div: 2) 1307560(div: 3) 
1 1 6 25 
#c 1 1 2 3 2 2 2 3 3 1 2 3 3 2 2 3 2 2 2 3 1 1 2 3 0 2 2 3 0 1 2 3 3 3 2 3 2 1 2 3 3 1 2 3 3 
#1270444(div: 0) 1288276(div: 1) 1358291(div: 2) 1307560(div: 3) 
1 1 6 22 
#c 1 1 2 3 2 2 2 3 3 1 2 3 3 2 2 3 2 2 2 3 1 1 2 3 0 2 2 3 0 1 2 3 3 3 2 3 2 1 2 3 3 1 2 3 3 
#1270444(div: 0) 1288276(div: 1) 1358291(div: 2) 1307560(div: 3) 
1 1 16 22 
#c 1 1 2 3 2 2 2 3 3 1 2 3 3 2 2 3 2 2 2 3 1 1 0 3 0 2 2 3 0 1 2 3 3 3 2 3 2 1 2 3 3 1 2 3 3 
#1284337(div: 0) 1288276(div: 1) 1344398(div: 2) 1307560(div: 3) 
17 3 2 4 5 6 10 13 14 16 17 18 25 26 30 34 36 38 42 22 24 28 
#c 1 1 2 3 2 2 2 3 3 1 2 3 3 2 2 3 2 2 2 3 1 1 0 3 0 2 2 3 0 1 2 3 3 3 2 3 2 1 2 3 3 1 2 3 3 
#1284337(div: 0) 1288276(div: 1) 1344398(div: 2) 1307560(div: 3) 
1 1 4 26 
#c 1 1 2 3 2 2 2 3 3 1 2 3 3 2 2 3 2 2 2 3 1 1 0 3 0 2 2 3 0 1 2 3 3 3 2 3 2 1 2 3 3 1 2 3 3 
#1284337(div: 0) 1288276(div: 1) 1344398(div: 2) 1307560(div: 3) 
1 1 4 18 
#c 1 1 2 3 2 2 2 3 3 1 2 3 3 2 2 3 2 2 2 3 1 1 0 3 0 2 2 3 0 1 2 3 3 3 2 3 2 1 2 3 3 1 2 3 3 
#1284337(div: 0) 1288276(div: 1) 1344398(div: 2) 1307560(div: 3) 
1 1 4 42 
#c 1 1 2 3 0 2 2 3 3 1 2 3 3 2 2 3 2 2 2 3 1 1 0 3 0 2 2 3 0 1 2 3 3 3 2 3 2 1 2 3 3 1 2 3 3 
#1312395(div: 0) 1288276(div: 1) 1316340(div: 2) 1307560(div: 3) 
17 16 3 7 8 11 12 15 19 23 27 31 32 33 35 39 40 43 44 2 5 6 10 13 14 16 17 18 25 26 30 34 36 38 42 
#c 1 1 2 3 0 2 2 3 3 1 2 3 3 2 2 3 2 2 2 3 1 1 0 3 0 2 2 3 0 1 2 3 3 3 2 3 2 1 2 3 3 1 2 3 3 
#1312395(div: 0) 1288276(div: 1) 1316340(div: 2) 1307560(div: 3) 
17 4 3 7 8 11 12 15 19 23 27 31 32 33 35 39 40 43 44 4 22 24 28 
#c 1 1 2 3 0 2 2 3 3 1 2 3 3 2 2 3 2 2 2 3 1 1 0 3 0 2 2 3 0 1 2 3 3 3 2 3 2 1 2 3 3 1 2 3 3 
#1312395(div: 0) 1288276(div: 1) 1316340(div: 2) 1307560(div: 3) 
16 4 2 5 6 10 13 14 16 17 18 25 26 30 34 36 38 42 4 22 24 28 
#c 1 1 2 3 0 2 2 3 3 1 2 3 3 2 2 3 2 2 2 3 1 1 0 3 0 2 2 3 0 1 2 3 3 3 2 3 2 1 2 3 3 1 2 3 3 
#1312395(div: 0) 1288276(div: 1) 1316340(div: 2) 1307560(div: 3) 
17 8 3 7 8 11 12 15 19 23 27 31 32 33 35 39 40 43 44 0 1 9 20 21 29 37 41 
#c 1 1 2 3 0 2 2 3 3 1 2 3 3 2 2 3 2 2 2 3 1 1 0 3 0 2 2 3 0 1 2 3 3 3 2 3 2 1 2 3 3 1 2 3 3 
#1312395(div: 0) 1288276(div: 1) 1316340(div: 2) 1307560(div: 3) 
1 1 14 26 
#c 1 1 2 3 0 2 2 3 3 1 2 3 3 2 2 3 2 2 2 3 1 1 0 3 0 2 2 3 0 1 2 3 3 3 2 3 2 1 2 3 3 1 2 3 3 
#1312395(div: 0) 1288276(div: 1) 1316340(div: 2) 1307560(div: 3) 
1 1 14 17 
#c 1 1 2 3 0 2 2 3 3 1 2 3 3 2 2 3 2 2 2 3 1 1 0 3 0 2 2 3 0 1 2 3 3 3 2 3 2 1 2 3 3 1 2 3 3 
#1312395(div: 0) 1288276(div: 1) 1316340(div: 2) 1307560(div: 3) 
1 1 14 16 
#c 1 1 2 3 0 2 2 3 3 1 2 3 3 2 1 3 2 2 2 3 1 1 0 3 0 2 2 3 0 1 2 3 3 3 2 3 2 1 2 3 3 1 2 3 3 
#1312395(div: 0) 1310315(div: 1) 1294301(div: 2) 1307560(div: 3) 
15 9 2 5 6 10 13 16 17 18 25 26 30 34 36 38 42 0 1 9 14 20 21 29 37 41 
#c 1 1 2 3 0 2 2 3 3 1 2 3 3 2 1 3 2 2 2 3 1 1 0 3 0 2 2 3 0 1 2 3 3 3 2 3 2 1 2 3 3 1 2 3 3 
#1312395(div: 0) 1310315(div: 1) 1294301(div: 2) 1307560(div: 3) 
4 15 4 22 24 28 2 5 6 10 13 16 17 18 25 26 30 34 36 38 42 
#c 1 1 2 3 0 2 2 3 3 1 2 3 3 2 1 3 2 2 2 3 1 1 0 3 0 2 2 3 0 1 2 3 3 3 2 3 2 1 2 3 3 1 2 3 3 
#1312395(div: 0) 1310315(div: 1) 1294301(div: 2) 1307560(div: 3) 
15 17 2 5 6 10 13 16 17 18 25 26 30 34 36 38 42 3 7 8 11 12 15 19 23 27 31 32 33 35 39 40 43 44 
#c 1 1 2 3 0 2 2 3 3 1 2 3 3 2 1 3 2 2 2 3 1 1 0 3 0 2 2 3 0 1 2 3 3 3 2 3 2 1 2 3 3 1 2 3 3 
#1312395(div: 0) 1310315(div: 1) 1294301(div: 2) 1307560(div: 3) 
4 17 4 22 24 28 3 7 8 11 12 15 19 23 27 31 32 33 35 39 40 43 44 
#c 1 1 2 3 0 2 2 3 3 1 2 3 3 2 1 3 2 2 2 3 1 1 0 3 0 2 2 3 0 1 2 3 3 3 2 3 2 1 2 3 3 1 2 3 3 
#1312395(div: 0) 1310315(div: 1) 1294301(div: 2) 1307560(div: 3) 
15 9 2 5 6 10 13 16 17 18 25 26 30 34 36 38 42 0 1 9 14 20 21 29 37 41 
#c 1 1 2 3 0 2 2 3 3 1 2 3 3 2 1 3 2 2 2 3 1 1 0 3 0 2 2 3 0 1 2 3 3 3 2 3 2 1 2 3 3 1 2 3 3 
#1312395(div: 0) 1310315(div: 1) 1294301(div: 2) 1307560(div: 3) 
4 9 4 22 24 28 0 1 9 14 20 21 29 37 41 
#c 1 1 2 3 0 2 2 3 3 1 2 3 3 2 1 3 2 2 2 3 1 1 0 3 0 2 2 3 0 1 2 3 3 3 2 3 2 1 2 3 3 1 2 3 3 
#1312395(div: 0) 1310315(div: 1) 1294301(div: 2) 1307560(div: 3) 
1 1 4 22 
#c 1 1 2 3 0 2 2 3 3 1 2 3 3 2 1 3 2 2 2 3 1 1 0 3 0 2 2 3 0 1 2 3 3 3 2 3 2 1 2 3 3 1 2 3 3 
#1312395(div: 0) 1310315(div: 1) 1294301(div: 2) 1307560(div: 3) 
1 1 22 24 
#c 1 1 2 3 0 2 2 3 3 1 2 3 3 2 1 3 2 2 2 3 1 1 0 3 0 2 2 3 0 1 2 3 3 3 2 3 2 1 2 3 3 1 2 3 3 
#1312395(div: 0) 1310315(div: 1) 1294301(div: 2) 1307560(div: 3) 
1 1 22 28 
#c 1 1 2 3 0 2 2 3 3 1 2 3 3 2 1 3 2 2 2 3 1 1 2 3 0 2 2 3 0 1 2 3 3 3 2 3 2 1 2 3 3 1 2 3 3 
#1298502(div: 0) 1310315(div: 1) 1308194(div: 2) 1307560(div: 3) 
3 16 4 24 28 2 5 6 10 13 16 17 18 22 25 26 30 34 36 38 42 
#c 1 1 2 3 0 2 2 3 3 1 2 3 3 2 1 3 2 2 2 3 1 1 2 3 0 2 2 3 0 1 2 3 3 3 2 3 2 1 2 3 3 1 2 3 3 
#1298502(div: 0) 1310315(div: 1) 1308194(div: 2) 1307560(div: 3) 
17 9 3 7 8 11 12 15 19 23 27 31 32 33 35 39 40 43 44 0 1 9 14 20 21 29 37 41 
#c 1 1 2 3 0 2 2 3 3 1 2 3 3 2 1 3 2 2 2 3 1 1 2 3 0 2 2 3 0 1 2 3 3 3 2 3 2 1 2 3 3 1 2 3 3 
#1298502(div: 0) 1310315(div: 1) 1308194(div: 2) 1307560(div: 3) 
17 16 3 7 8 11 12 15 19 23 27 31 32 33 35 39 40 43 44 2 5 6 10 13 16 17 18 22 25 26 30 34 36 38 42 
#c 1 1 2 3 0 2 2 3 3 1 2 3 3 2 1 3 2 2 2 3 1 1 2 3 0 2 2 3 0 1 2 3 3 3 2 3 2 1 2 3 3 1 2 3 3 
#1298502(div: 0) 1310315(div: 1) 1308194(div: 2) 1307560(div: 3) 
9 16 0 1 9 14 20 21 29 37 41 2 5 6 10 13 16 17 18 22 25 26 30 34 36 38 42 
#c 1 1 2 3 0 2 2 3 3 1 2 3 3 2 1 3 2 2 2 3 1 1 2 3 0 2 2 3 0 1 2 3 3 3 2 3 2 1 2 3 3 1 2 3 3 
#1298502(div: 0) 1310315(div: 1) 1308194(div: 2) 1307560(div: 3) 
17 3 3 7 8 11 12 15 19 23 27 31 32 33 35 39 40 43 44 4 24 28 
#c 1 1 2 3 0 2 2 3 3 1 2 3 3 2 1 3 2 2 2 3 1 1 2 3 0 2 2 3 0 1 2 3 3 3 2 3 2 1 2 3 3 1 2 3 3 
#1298502(div: 0) 1310315(div: 1) 1308194(div: 2) 1307560(div: 3) 
1 1 1 29 
#c 1 1 2 3 0 2 2 3 3 1 2 3 3 2 1 3 2 2 2 3 1 1 2 3 0 2 2 3 0 1 2 3 3 3 2 3 2 1 2 3 3 1 2 3 3 
#1298502(div: 0) 1310315(div: 1) 1308194(div: 2) 1307560(div: 3) 
1 1 1 9 
#c 1 1 2 3 0 2 2 3 3 1 2 3 3 2 1 3 2 2 2 3 1 1 2 3 0 2 2 3 0 1 2 3 3 3 2 3 2 1 2 3 3 1 2 3 3 
#1298502(div: 0) 1310315(div: 1) 1308194(div: 2) 1307560(div: 3) 
1 1 9 14 
#c 1 1 2 3 0 2 2 3 3 1 2 3 3 2 0 3 2 2 2 3 1 1 2 3 0 2 2 3 0 1 2 3 3 3 2 3 2 1 2 3 3 1 2 3 3 
#1320541(div: 0) 1288276(div: 1) 1308194(div: 2) 1307560(div: 3) 
8 4 0 1 9 20 21 29 37 41 4 14 24 28 
#c 1 1 2 3 0 2 2 3 3 1 2 3 3 2 0 3 2 2 2 3 1 1 2 3 0 2 2 3 0 1 2 3 3 3 2 3 2 1 2 3 3 1 2 3 3 
#1320541(div: 0) 1288276(div: 1) 1308194(div: 2) 1307560(div: 3) 
17 16 3 7 8 11 12 15 19 23 27 31 32 33 35 39 40 43 44 2 5 6 10 13 16 17 18 22 25 26 30 34 36 38 42 
#c 1 1 2 3 0 2 2 3 3 1 2 3 3 2 0 3 2 2 2 3 1 1 2 3 0 2 2 3 0 1 2 3 3 3 2 3 2 1 2 3 3 1 2 3 3 
#1320541(div: 0) 1288276(div: 1) 1308194(div: 2) 1307560(div: 3) 
17 8 3 7 8 11 12 15 19 23 27 31 32 33 35 39 40 43 44 0 1 9 20 21 29 37 41 
#c 1 1 2 3 0 2 2 3 3 1 2 3 3 2 0 3 2 2 2 3 1 1 2 3 0 2 2 3 0 1 2 3 3 3 2 3 2 1 2 3 3 1 2 3 3 
#1320541(div: 0) 1288276(div: 1) 1308194(div: 2) 1307560(div: 3) 
8 4 0 1 9 20 21 29 37 41 4 14 24 28 
#c 1 1 2 3 0 2 2 3 3 1 2 3 3 2 0 3 2 2 2 3 1 1 2 3 0 2 2 3 0 1 2 3 3 3 2 3 2 1 2 3 3 1 2 3 3 
#1320541(div: 0) 1288276(div: 1) 1308194(div: 2) 1307560(div: 3) 
16 4 2 5 6 10 13 16 17 18 22 25 26 30 34 36 38 42 4 14 24 28 
#c 1 1 2 3 0 2 2 3 3 1 2 3 3 2 0 3 2 2 2 3 1 1 2 3 0 2 2 3 0 1 2 3 3 3 2 3 2 1 2 3 3 1 2 3 3 
#1320541(div: 0) 1288276(div: 1) 1308194(div: 2) 1307560(div: 3) 
1 1 4 14 
#c 1 1 2 3 0 2 2 3 3 1 2 3 3 2 0 3 2 2 2 3 1 1 2 3 0 2 2 3 0 1 2 3 3 3 2 3 2 1 2 3 3 1 2 3 3 
#1320541(div: 0) 1288276(div: 1) 1308194(div: 2) 1307560(div: 3) 
1 1 14 24 
#c 1 1 2 3 0 2 2 3 3 1 2 3 3 2 0 3 2 2 2 3 1 1 2 3 0 2 2 3 0 1 2 3 3 3 2 3 2 1 2 3 3 1 2 3 3 
#1320541(div: 0) 1288276(div: 1) 1308194(div: 2) 1307560(div: 3) 
1 1 14 28 
#c 1 1 2 3 0 2 2 3 3 1 2 3 3 2 1 3 2 2 2 3 1 1 2 3 0 2 2 3 0 1 2 3 3 3 2 3 2 1 2 3 3 1 2 3 3 
#1298502(div: 0) 1310315(div: 1) 1308194(div: 2) 1307560(div: 3) 
3 9 4 24 28 0 1 9 14 20 21 29 37 41 
#c 1 1 2 3 0 2 2 3 3 1 2 3 3 2 1 3 2 2 2 3 1 1 2 3 0 2 2 3 0 1 2 3 3 3 2 3 2 1 2 3 3 1 2 3 3 
#1298502(div: 0) 1310315(div: 1) 1308194(div: 2) 1307560(div: 3) 
17 16 3 7 8 11 12 15 19 23 27 31 32 33 35 39 40 43 44 2 5 6 10 13 16 17 18 22 25 26 30 34 36 38 42 
#c 1 1 2 3 0 2 2 3 3 1 2 3 3 2 1 3 2 2 2 3 1 1 2 3 0 2 2 3 0 1 2 3 3 3 2 3 2 1 2 3 3 1 2 3 3 
#1298502(div: 0) 1310315(div: 1) 1308194(div: 2) 1307560(div: 3) 
17 9 3 7 8 11 12 15 19 23 27 31 32 33 35 39 40 43 44 0 1 9 14 20 21 29 37 41 
#c 1 1 2 3 0 2 2 3 3 1 2 3 3 2 1 3 2 2 2 3 1 1 2 3 0 2 2 3 0 1 2 3 3 3 2 3 2 1 2 3 3 1 2 3 3 
#1298502(div: 0) 1310315(div: 1) 1308194(div: 2) 1307560(div: 3) 
16 9 2 5 6 10 13 16 17 18 22 25 26 30 34 36 38 42 0 1 9 14 20 21 29 37 41 
#c 1 1 2 3 0 2 2 3 3 1 2 3 3 2 1 3 2 2 2 3 1 1 2 3 0 2 2 3 0 1 2 3 3 3 2 3 2 1 2 3 3 1 2 3 3 
#1298502(div: 0) 1310315(div: 1) 1308194(div: 2) 1307560(div: 3) 
17 3 3 7 8 11 12 15 19 23 27 31 32 33 35 39 40 43 44 4 24 28 
#c 1 1 2 3 0 2 2 3 3 1 2 3 3 2 1 3 2 2 2 3 1 1 2 3 0 2 2 3 0 1 2 3 3 3 2 3 2 1 2 3 3 1 2 3 3 
#1298502(div: 0) 1310315(div: 1) 1308194(div: 2) 1307560(div: 3) 
1 1 0 14 
#c 1 1 2 3 0 2 2 3 3 1 2 3 3 2 1 3 2 2 2 3 1 1 2 3 0 2 2 3 0 1 2 3 3 3 2 3 2 1 2 3 3 1 2 3 3 
#1298502(div: 0) 1310315(div: 1) 1308194(div: 2) 1307560(div: 3) 
1 1 9 14 
#c 1 1 2 3 0 2 2 3 3 1 2 3 3 2 1 3 2 2 2 3 1 1 2 3 0 2 2 3 0 1 2 3 3 3 2 3 2 1 2 3 3 1 2 3 3 
#1298502(div: 0) 1310315(div: 1) 1308194(div: 2) 1307560(div: 3) 
1 1 14 37 
#c 1 1 2 3 0 2 2 3 3 1 2 3 3 2 0 3 2 2 2 3 1 1 2 3 0 2 2 3 0 1 2 3 3 3 2 3 2 1 2 3 3 1 2 3 3 
#1320541(div: 0) 1288276(div: 1) 1308194(div: 2) 1307560(div: 3) 
8 4 0 1 9 20 21 29 37 41 4 14 24 28 
#c 1 1 2 3 0 2 2 3 3 1 2 3 3 2 0 3 2 2 2 3 1 1 2 3 0 2 2 3 0 1 2 3 3 3 2 3 2 1 2 3 3 1 2 3 3 
#1320541(div: 0) 1288276(div: 1) 1308194(div: 2) 1307560(div: 3) 
17 8 3 7 8 11 12 15 19 23 27 31 32 33 35 39 40 43 44 0 1 9 20 21 29 37 41 
#c 1 1 2 3 0 2 2 3 3 1 2 3 3 2 0 3 2 2 2 3 1 1 2 3 0 2 2 3 0 1 2 3 3 3 2 3 2 1 2 3 3 1 2 3 3 
#1320541(div: 0) 1288276(div: 1) 1308194(div: 2) 1307560(div: 3) 
8 16 0 1 9 20 21 29 37 41 2 5 6 10 13 16 17 18 22 25 26 30 34 36 38 42 
#c 1 1 2 3 0 2 2 3 3 1 2 3 3 2 0 3 2 2 2 3 1 1 2 3 0 2 2 3 0 1 2 3 3 3 2 3 2 1 2 3 3 1 2 3 3 
#1320541(div: 0) 1288276(div: 1) 1308194(div: 2) 1307560(div: 3) 
17 16 3 7 8 11 12 15 19 23 27 31 32 33 35 39 40 43 44 2 5 6 10 13 16 17 18 22 25 26 30 34 36 38 42 
#c 1 1 2 3 0 2 2 3 3 1 2 3 3 2 0 3 2 2 2 3 1 1 2 3 0 2 2 3 0 1 2 3 3 3 2 3 2 1 2 3 3 1 2 3 3 
#1320541(div: 0) 1288276(div: 1) 1308194(div: 2) 1307560(div: 3) 
8 4 0 1 9 20 21 29 37 41 4 14 24 28 
#c 1 1 2 3 0 2 2 3 3 1 2 3 3 2 0 3 2 2 2 3 1 1 2 3 0 2 2 3 0 1 2 3 3 3 2 3 2 1 2 3 3 1 2 3 3 
#1320541(div: 0) 1288276(div: 1) 1308194(div: 2) 1307560(div: 3) 
16 4 2 5 6 10 13 16 17 18 22 25 26 30 34 36 38 42 4 14 24 28 
#c 1 1 2 3 0 2 2 3 3 1 2 3 3 2 0 3 2 2 2 3 1 1 2 3 0 2 2 3 0 1 2 3 3 3 2 3 2 1 2 3 3 1 2 3 3 
#1320541(div: 0) 1288276(div: 1) 1308194(div: 2) 1307560(div: 3) 
1 1 4 28 
#c 1 1 2 3 0 2 2 3 3 1 2 3 3 2 0 3 2 2 2 3 1 1 2 3 0 2 2 3 0 1 2 3 3 3 2 3 2 1 2 3 3 1 2 3 3 
#1320541(div: 0) 1288276(div: 1) 1308194(div: 2) 1307560(div: 3) 
1 1 4 14 
#c 1 1 2 3 0 2 2 3 3 1 2 3 3 2 0 3 2 2 2 3 1 1 2 3 0 2 2 3 0 1 2 3 3 3 2 3 2 1 2 3 3 1 2 3 3 
#1320541(div: 0) 1288276(div: 1) 1308194(div: 2) 1307560(div: 3) 
1 1 14 24 
#c 1 1 2 3 0 2 2 3 3 1 2 3 3 2 1 3 2 2 2 3 1 1 2 3 0 2 2 3 0 1 2 3 3 3 2 3 2 1 2 3 3 1 2 3 3 
#1298502(div: 0) 1310315(div: 1) 1308194(div: 2) 1307560(div: 3) 
3 9 4 24 28 0 1 9 14 20 21 29 37 41 
#c 1 1 2 3 0 2 2 3 3 1 2 3 3 2 1 3 2 2 2 3 1 1 2 3 0 2 2 3 0 1 2 3 3 3 2 3 2 1 2 3 3 1 2 3 3 
#1298502(div: 0) 1310315(div: 1) 1308194(div: 2) 1307560(div: 3) 
17 3 3 7 8 11 12 15 19 23 27 31 32 33 35 39 40 43 44 4 24 28 
#c 1 1 2 3 0 2 2 3 3 1 2 3 3 2 1 3 2 2 2 3 1 1 2 3 0 2 2 3 0 1 2 3 3 3 2 3 2 1 2 3 3 1 2 3 3 
#1298502(div: 0) 1310315(div: 1) 1308194(div: 2) 1307560(div: 3) 
3 9 4 24 28 0 1 9 14 20 21 29 37 41 
#c 1 1 2 3 0 2 2 3 3 1 2 3 3 2 1 3 2 2 2 3 1 1 2 3 0 2 2 3 0 1 2 3 3 3 2 3 2 1 2 3 3 1 2 3 3 
#1298502(div: 0) 1310315(div: 1) 1308194(div: 2) 1307560(div: 3) 
17 9 3 7 8 11 12 15 19 23 27 31 32 33 35 39 40 43 44 0 1 9 14 20 21 29 37 41 
#c 1 1 2 3 0 2 2 3 3 1 2 3 3 2 1 3 2 2 2 3 1 1 2 3 0 2 2 3 0 1 2 3 3 3 2 3 2 1 2 3 3 1 2 3 3 
#1298502(div: 0) 1310315(div: 1) 1308194(div: 2) 1307560(div: 3) 
3 16 4 24 28 2 5 6 10 13 16 17 18 22 25 26 30 34 36 38 42 
#c 1 1 2 3 0 2 2 3 3 1 2 3 3 2 1 3 2 2 2 3 1 1 2 3 0 2 2 3 0 1 2 3 3 3 2 3 2 1 2 3 3 1 2 3 3 
#1298502(div: 0) 1310315(div: 1) 1308194(div: 2) 1307560(div: 3) 
9 16 0 1 9 14 20 21 29 37 41 2 5 6 10 13 16 17 18 22 25 26 30 34 36 38 42 
#c 1 1 2 3 0 2 2 3 3 1 2 3 3 2 1 3 2 2 2 3 1 1 2 3 0 2 2 3 0 1 2 3 3 3 2 3 2 1 2 3 3 1 2 3 3 
#1298502(div: 0) 1310315(div: 1) 1308194(div: 2) 1307560(div: 3) 
1 1 29 41 
#c 1 1 2 3 0 2 2 3 3 1 2 3 3 2 1 3 2 2 2 3 1 1 2 3 0 2 2 3 0 1 2 3 3 3 2 3 2 1 2 3 3 1 2 3 3 
#1298502(div: 0) 1310315(div: 1) 1308194(div: 2) 1307560(div: 3) 
1 1 20 29 
#c 1 1 2 3 0 2 2 3 3 1 2 3 3 2 1 3 2 2 2 3 1 1 2 3 0 2 2 3 0 1 2 3 3 3 2 3 2 1 2 3 3 1 2 3 3 
#1298502(div: 0) 1310315(div: 1) 1308194(div: 2) 1307560(div: 3) 
1 1 14 29 
#c 1 1 2 3 0 2 2 3 3 1 2 3 3 2 0 3 2 2 2 3 1 1 2 3 0 2 2 3 0 1 2 3 3 3 2 3 2 1 2 3 3 1 2 3 3 
#1320541(div: 0) 1288276(div: 1) 1308194(div: 2) 1307560(div: 3) 
8 4 0 1 9 20 21 29 37 41 4 14 24 28 
#c 1 1 2 3 0 2 2 3 3 1 2 3 3 2 0 3 2 2 2 3 1 1 2 3 0 2 2 3 0 1 2 3 3 3 2 3 2 1 2 3 3 1 2 3 3 
#1320541(div: 0) 1288276(div: 1) 1308194(div: 2) 1307560(div: 3) 
17 4 3 7 8 11 12 15 19 23 27 31 32 33 35 39 40 43 44 4 14 24 28 
#c 1 1 2 3 0 2 2 3 3 1 2 3 3 2 0 3 2 2 2 3 1 1 2 3 0 2 2 3 0 1 2 3 3 3 2 3 2 1 2 3 3 1 2 3 3 
#1320541(div: 0) 1288276(div: 1) 1308194(div: 2) 1307560(div: 3) 
17 8 3 7 8 11 12 15 19 23 27 31 32 33 35 39 40 43 44 0 1 9 20 21 29 37 41 
#c 1 1 2 3 0 2 2 3 3 1 2 3 3 2 0 3 2 2 2 3 1 1 2 3 0 2 2 3 0 1 2 3 3 3 2 3 2 1 2 3 3 1 2 3 3 
#1320541(div: 0) 1288276(div: 1) 1308194(div: 2) 1307560(div: 3) 
8 16 0 1 9 20 21 29 37 41 2 5 6 10 13 16 17 18 22 25 26 30 34 36 38 42 
#c 1 1 2 3 0 2 2 3 3 1 2 3 3 2 0 3 2 2 2 3 1 1 2 3 0 2 2 3 0 1 2 3 3 3 2 3 2 1 2 3 3 1 2 3 3 
#1320541(div: 0) 1288276(div: 1) 1308194(div: 2) 1307560(div: 3) 
4 16 4 14 24 28 2 5 6 10 13 16 17 18 22 25 26 30 34 36 38 42 
#c 1 1 2 3 0 2 2 3 3 1 2 3 3 2 0 3 2 2 2 3 1 1 2 3 0 2 2 3 0 1 2 3 3 3 2 3 2 1 2 3 3 1 2 3 3 
#1320541(div: 0) 1288276(div: 1) 1308194(div: 2) 1307560(div: 3) 
1 1 14 28 
#c 1 1 2 3 0 2 2 3 3 1 2 3 3 2 0 3 2 2 2 3 1 1 2 3 0 2 2 3 0 1 2 3 3 3 2 3 2 1 2 3 3 1 2 3 3 
#1320541(div: 0) 1288276(div: 1) 1308194(div: 2) 1307560(div: 3) 
1 1 4 14 
#c 1 1 2 3 0 2 2 3 3 1 2 3 3 2 0 3 2 2 2 3 1 1 2 3 0 2 2 3 0 1 2 3 3 3 2 3 2 1 2 3 3 1 2 3 3 
#1320541(div: 0) 1288276(div: 1) 1308194(div: 2) 1307560(div: 3) 
1 1 14 24 
#c 1 1 2 3 0 2 2 3 3 1 2 3 3 2 1 3 2 2 2 3 1 1 2 3 0 2 2 3 0 1 2 3 3 3 2 3 2 1 2 3 3 1 2 3 3 
#1298502(div: 0) 1310315(div: 1) 1308194(div: 2) 1307560(div: 3) 
3 9 4 24 28 0 1 9 14 20 21 29 37 41 
#c 1 1 2 3 0 2 2 3 3 1 2 3 3 2 1 3 2 2 2 3 1 1 2 3 0 2 2 3 0 1 2 3 3 3 2 3 2 1 2 3 3 1 2 3 3 
#1298502(div: 0) 1310315(div: 1) 1308194(div: 2) 1307560(div: 3) 
17 9 3 7 8 11 12 15 19 23 27 31 32 33 35 39 40 43 44 0 1 9 14 20 21 29 37 41 
#c 1 1 2 3 0 2 2 3 3 1 2 3 3 2 1 3 2 2 2 3 1 1 2 3 0 2 2 3 0 1 2 3 3 3 2 3 2 1 2 3 3 1 2 3 3 
#1298502(div: 0) 1310315(div: 1) 1308194(div: 2) 1307560(div: 3) 
17 16 3 7 8 11 12 15 19 23 27 31 32 33 35 39 40 43 44 2 5 6 10 13 16 17 18 22 25 26 30 34 36 38 42 
#c 1 1 2 3 0 2 2 3 3 1 2 3 3 2 1 3 2 2 2 3 1 1 2 3 0 2 2 3 0 1 2 3 3 3 2 3 2 1 2 3 3 1 2 3 3 
#1298502(div: 0) 1310315(div: 1) 1308194(div: 2) 1307560(div: 3) 
9 16 0 1 9 14 20 21 29 37 41 2 5 6 10 13 16 17 18 22 25 26 30 34 36 38 42 
#c 1 1 2 3 0 2 2 3 3 1 2 3 3 2 1 3 2 2 2 3 1 1 2 3 0 2 2 3 0 1 2 3 3 3 2 3 2 1 2 3 3 1 2 3 3 
#1298502(div: 0) 1310315(div: 1) 1308194(div: 2) 1307560(div: 3) 
17 3 3 7 8 11 12 15 19 23 27 31 32 33 35 39 40 43 44 4 24 28 
#c 1 1 2 3 0 2 2 3 3 1 2 3 3 2 1 3 2 2 2 3 1 1 2 3 0 2 2 3 0 1 2 3 3 3 2 3 2 1 2 3 3 1 2 3 3 
#1298502(div: 0) 1310315(div: 1) 1308194(div: 2) 1307560(div: 3) 
1 1 14 20 
#c 1 1 2 3 0 2 2 3 3 1 2 3 3 2 1 3 2 2 2 3 1 1 2 3 0 2 2 3 0 1 2 3 3 3 2 3 2 1 2 3 3 1 2 3 3 
#1298502(div: 0) 1310315(div: 1) 1308194(div: 2) 1307560(div: 3) 
1 1 9 14 
#c 1 1 2 3 0 2 2 3 3 1 2 3 3 2 1 3 2 2 2 3 1 1 2 3 0 2 2 3 0 1 2 3 3 3 2 3 2 1 2 3 3 1 2 3 3 
#1298502(div: 0) 1310315(div: 1) 1308194(div: 2) 1307560(div: 3) 
1 1 14 29 
#c 1 1 2 3 0 2 2 3 3 1 2 3 3 2 0 3 2 2 2 3 1 1 2 3 0 2 2 3 0 1 2 3 3 3 2 3 2 1 2 3 3 1 2 3 3 
#1320541(div: 0) 1288276(div: 1) 1308194(div: 2) 1307560(div: 3) 
8 4 0 1 9 20 21 29 37 41 4 14 24 28 
#c 1 1 2 3 0 2 2 3 3 1 2 3 3 2 0 3 2 2 2 3 1 1 2 3 0 2 2 3 0 1 2 3 3 3 2 3 2 1 2 3 3 1 2 3 3 
#1320541(div: 0) 1288276(div: 1) 1308194(div: 2) 1307560(div: 3) 
17 8 3 7 8 11 12 15 19 23 27 31 32 33 35 39 40 43 44 0 1 9 20 21 29 37 41 
#c 1 1 2 3 0 2 2 3 3 1 2 3 3 2 0 3 2 2 2 3 1 1 2 3 0 2 2 3 0 1 2 3 3 3 2 3 2 1 2 3 3 1 2 3 3 
#1320541(div: 0) 1288276(div: 1) 1308194(div: 2) 1307560(div: 3) 
8 16 0 1 9 20 21 29 37 41 2 5 6 10 13 16 17 18 22 25 26 30 34 36 38 42 
#c 1 1 2 3 0 2 2 3 3 1 2 3 3 2 0 3 2 2 2 3 1 1 2 3 0 2 2 3 0 1 2 3 3 3 2 3 2 1 2 3 3 1 2 3 3 
#1320541(div: 0) 1288276(div: 1) 1308194(div: 2) 1307560(div: 3) 
17 16 3 7 8 11 12 15 19 23 27 31 32 33 35 39 40 43 44 2 5 6 10 13 16 17 18 22 25 26 30 34 36 38 42 
#c 1 1 2 3 0 2 2 3 3 1 2 3 3 2 0 3 2 2 2 3 1 1 2 3 0 2 2 3 0 1 2 3 3 3 2 3 2 1 2 3 3 1 2 3 3 
#1320541(div: 0) 1288276(div: 1) 1308194(div: 2) 1307560(div: 3) 
8 4 0 1 9 20 21 29 37 41 4 14 24 28 
#c 1 1 2 3 0 2 2 3 3 1 2 3 3 2 0 3 2 2 2 3 1 1 2 3 0 2 2 3 0 1 2 3 3 3 2 3 2 1 2 3 3 1 2 3 3 
#1320541(div: 0) 1288276(div: 1) 1308194(div: 2) 1307560(div: 3) 
16 4 2 5 6 10 13 16 17 18 22 25 26 30 34 36 38 42 4 14 24 28 
#c 1 1 2 3 0 2 2 3 3 1 2 3 3 2 0 3 2 2 2 3 1 1 2 3 0 2 2 3 0 1 2 3 3 3 2 3 2 1 2 3 3 1 2 3 3 
#1320541(div: 0) 1288276(div: 1) 1308194(div: 2) 1307560(div: 3) 
1 1 4 28 
#c 1 1 2 3 0 2 2 3 3 1 2 3 3 2 0 3 2 2 2 3 1 1 2 3 0 2 2 3 0 1 2 3 3 3 2 3 2 1 2 3 3 1 2 3 3 
#1320541(div: 0) 1288276(div: 1) 1308194(div: 2) 1307560(div: 3) 
1 1 4 24 
#c 1 1 2 3 0 2 2 3 3 1 2 3 3 2 0 3 2 2 2 3 1 1 2 3 0 2 2 3 0 1 2 3 3 3 2 3 2 1 2 3 3 1 2 3 3 
#1320541(div: 0) 1288276(div: 1) 1308194(div: 2) 1307560(div: 3) 
1 1 4 14 
#c 1 1 2 3 0 2 2 3 3 1 2 3 3 2 1 3 2 2 2 3 1 1 2 3 0 2 2 3 0 1 2 3 3 3 2 3 2 1 2 3 3 1 2 3 3 
#1298502(div: 0) 1310315(div: 1) 1308194(div: 2) 1307560(div: 3) 
3 9 4 24 28 0 1 9 14 20 21 29 37 41 
#c 1 1 2 3 0 2 2 3 3 1 2 3 3 2 1 3 2 2 2 3 1 1 2 3 0 2 2 3 0 1 2 3 3 3 2 3 2 1 2 3 3 1 2 3 3 
#1298502(div: 0) 1310315(div: 1) 1308194(div: 2) 1307560(div: 3) 
17 3 3 7 8 11 12 15 19 23 27 31 32 33 35 39 40 43 44 4 24 28 
#c 1 1 2 3 0 2 2 3 3 1 2 3 3 2 1 3 2 2 2 3 1 1 2 3 0 2 2 3 0 1 2 3 3 3 2 3 2 1 2 3 3 1 2 3 3 
#1298502(div: 0) 1310315(div: 1) 1308194(div: 2) 1307560(div: 3) 
3 16 4 24 28 2 5 6 10 13 16 17 18 22 25 26 30 34 36 38 42 
#c 1 1 2 3 0 2 2 3 3 1 2 3 3 2 1 3 2 2 2 3 1 1 2 3 0 2 2 3 0 1 2 3 3 3 2 3 2 1 2 3 3 1 2 3 3 
#1298502(div: 0) 1310315(div: 1) 1308194(div: 2) 1307560(div: 3) 
17 16 3 7 8 11 12 15 19 23 27 31 32 33 35 39 40 43 44 2 5 6 10 13 16 17 18 22 25 26 30 34 36 38 42 
#c 1 1 2 3 0 2 2 3 3 1 2 3 3 2 1 3 2 2 2 3 1 1 2 3 0 2 2 3 0 1 2 3 3 3 2 3 2 1 2 3 3 1 2 3 3 
#1298502(div: 0) 1310315(div: 1) 1308194(div: 2) 1307560(div: 3) 
3 9 4 24 28 0 1 9 14 20 21 29 37 41 
#c 1 1 2 3 0 2 2 3 3 1 2 3 3 2 1 3 2 2 2 3 1 1 2 3 0 2 2 3 0 1 2 3 3 3 2 3 2 1 2 3 3 1 2 3 3 
#1298502(div: 0) 1310315(div: 1) 1308194(div: 2) 1307560(div: 3) 
16 9 2 5 6 10 13 16 17 18 22 25 26 30 34 36 38 42 0 1 9 14 20 21 29 37 41 
#c 1 1 2 3 0 2 2 3 3 1 2 3 3 2 1 3 2 2 2 3 1 1 2 3 0 2 2 3 0 1 2 3 3 3 2 3 2 1 2 3 3 1 2 3 3 
#1298502(div: 0) 1310315(div: 1) 1308194(div: 2) 1307560(div: 3) 
1 1 21 37 
#c 1 1 2 3 0 2 2 3 3 1 2 3 3 2 1 3 2 2 2 3 1 1 2 3 0 2 2 3 0 1 2 3 3 3 2 3 2 1 2 3 3 1 2 3 3 
#1298502(div: 0) 1310315(div: 1) 1308194(div: 2) 1307560(div: 3) 
1 1 9 21 
#c 1 1 2 3 0 2 2 3 3 1 2 3 3 2 1 3 2 2 2 3 1 1 2 3 0 2 2 3 0 1 2 3 3 3 2 3 2 1 2 3 3 1 2 3 3 
#1298502(div: 0) 1310315(div: 1) 1308194(div: 2) 1307560(div: 3) 
1 1 20 21 
#c 1 1 2 3 0 2 2 3 3 1 2 3 3 2 1 3 2 2 2 3 1 1 2 3 0 2 2 3 0 1 2 3 3 3 2 3 2 1 2 3 3 1 2 3 3 
#1298502(div: 0) 1310315(div: 1) 1308194(div: 2) 1307560(div: 3) 
1 1 1 21 
#c 1 1 2 3 0 2 2 3 3 1 2 3 3 2 1 3 2 2 2 3 1 1 2 3 0 2 2 3 0 1 2 3 3 3 2 3 2 1 2 3 3 1 2 3 3 
#1298502(div: 0) 1310315(div: 1) 1308194(div: 2) 1307560(div: 3) 
1 1 21 41 
#c 1 1 2 3 0 2 2 3 3 1 2 3 3 2 1 3 2 2 2 3 1 1 2 3 0 2 2 3 0 1 2 3 3 3 2 3 2 1 2 3 3 1 2 3 3 
#1298502(div: 0) 1310315(div: 1) 1308194(div: 2) 1307560(div: 3) 
1 1 14 21 
#c 1 1 2 3 0 2 2 3 3 1 2 3 3 2 1 3 2 2 2 3 1 1 2 3 0 2 2 3 0 1 2 3 3 3 2 3 2 1 2 3 3 1 2 3 3 
#1298502(div: 0) 1310315(div: 1) 1308194(div: 2) 1307560(div: 3) 
1 1 14 29 
#c 1 1 2 3 0 2 2 3 3 1 2 3 3 2 1 3 2 2 2 3 1 1 2 3 0 2 2 3 0 1 2 3 3 3 2 3 2 1 2 3 3 1 2 3 3 
#1298502(div: 0) 1310315(div: 1) 1308194(div: 2) 1307560(div: 3) 
1 1 0 14 
#c 1 1 2 3 0 2 2 3 3 1 2 3 3 2 0 3 2 2 2 3 1 1 2 3 0 2 2 3 0 1 2 3 3 3 2 3 2 1 2 3 3 1 2 3 3 
#1320541(div: 0) 1288276(div: 1) 1308194(div: 2) 1307560(div: 3) 
8 4 0 1 9 20 21 29 37 41 4 14 24 28 
#c 1 1 2 3 0 2 2 3 3 1 2 3 3 2 0 3 2 2 2 3 1 1 2 3 0 2 2 3 0 1 2 3 3 3 2 3 2 1 2 3 3 1 2 3 3 
#1320541(div: 0) 1288276(div: 1) 1308194(div: 2) 1307560(div: 3) 
17 8 3 7 8 11 12 15 19 23 27 31 32 33 35 39 40 43 44 0 1 9 20 21 29 37 41 
#c 1 1 2 3 0 2 2 3 3 1 2 3 3 2 0 3 2 2 2 3 1 1 2 3 0 2 2 3 0 1 2 3 3 3 2 3 2 1 2 3 3 1 2 3 3 
#1320541(div: 0) 1288276(div: 1) 1308194(div: 2) 1307560(div: 3) 
8 4 0 1 9 20 21 29 37 41 4 14 24 28 
#c 1 1 2 3 0 2 2 3 3 1 2 3 3 2 0 3 2 2 2 3 1 1 2 3 0 2 2 3 0 1 2 3 3 3 2 3 2 1 2 3 3 1 2 3 3 
#1320541(div: 0) 1288276(div: 1) 1308194(div: 2) 1307560(div: 3) 
17 4 3 7 8 11 12 15 19 23 27 31 32 33 35 39 40 43 44 4 14 24 28 
#c 1 1 2 3 0 2 2 3 3 1 2 3 3 2 0 3 2 2 2 3 1 1 2 3 0 2 2 3 0 1 2 3 3 3 2 3 2 1 2 3 3 1 2 3 3 
#1320541(div: 0) 1288276(div: 1) 1308194(div: 2) 1307560(div: 3) 
8 16 0 1 9 20 21 29 37 41 2 5 6 10 13 16 17 18 22 25 26 30 34 36 38 42 
#c 1 1 2 3 0 2 2 3 3 1 2 3 3 2 0 3 2 2 2 3 1 1 2 3 0 2 2 3 0 1 2 3 3 3 2 3 2 1 2 3 3 1 2 3 3 
#1320541(div: 0) 1288276(div: 1) 1308194(div: 2) 1307560(div: 3) 
4 16 4 14 24 28 2 5 6 10 13 16 17 18 22 25 26 30 34 36 38 42 
#c 1 1 2 3 0 2 2 3 3 1 2 3 3 2 0 3 2 2 2 3 1 1 2 3 0 2 2 3 0 1 2 3 3 3 2 3 2 1 2 3 3 1 2 3 3 
#1320541(div: 0) 1288276(div: 1) 1308194(div: 2) 1307560(div: 3) 
1 1 14 28 
#c 1 1 2 3 0 2 2 3 3 1 2 3 3 2 0 3 2 2 2 3 1 1 2 3 0 2 2 3 0 1 2 3 3 3 2 3 2 1 2 3 3 1 2 3 3 
#1320541(div: 0) 1288276(div: 1) 1308194(div: 2) 1307560(div: 3) 
1 1 4 14 
#c 1 1 2 3 0 2 2 3 3 1 2 3 3 2 0 3 2 2 2 3 1 1 2 3 0 2 2 3 0 1 2 3 3 3 2 3 2 1 2 3 3 1 2 3 3 
#1320541(div: 0) 1288276(div: 1) 1308194(div: 2) 1307560(div: 3) 
1 1 14 24 
#c 1 1 2 3 0 2 2 3 3 1 2 3 3 2 1 3 2 2 2 3 1 1 2 3 0 2 2 3 0 1 2 3 3 3 2 3 2 1 2 3 3 1 2 3 3 
#1298502(div: 0) 1310315(div: 1) 1308194(div: 2) 1307560(div: 3) 
17 16 3 7 8 11 12 15 19 23 27 31 32 33 35 39 40 43 44 2 5 6 10 13 16 17 18 22 25 26 30 34 36 38 42 
#c 1 1 2 3 0 2 2 3 3 1 2 3 3 2 1 3 2 2 2 3 1 1 2 3 0 2 2 3 0 1 2 3 3 3 2 3 2 1 2 3 3 1 2 3 3 
#1298502(div: 0) 1310315(div: 1) 1308194(div: 2) 1307560(div: 3) 
17 9 3 7 8 11 12 15 19 23 27 31 32 33 35 39 40 43 44 0 1 9 14 20 21 29 37 41 
#c 1 1 2 3 0 2 2 3 3 1 2 3 3 2 1 3 2 2 2 3 1 1 2 3 0 2 2 3 0 1 2 3 3 3 2 3 2 1 2 3 3 1 2 3 3 
#1298502(div: 0) 1310315(div: 1) 1308194(div: 2) 1307560(div: 3) 
16 9 2 5 6 10 13 16 17 18 22 25 26 30 34 36 38 42 0 1 9 14 20 21 29 37 41 
#c 1 1 2 3 0 2 2 3 3 1 2 3 3 2 1 3 2 2 2 3 1 1 2 3 0 2 2 3 0 1 2 3 3 3 2 3 2 1 2 3 3 1 2 3 3 
#1298502(div: 0) 1310315(div: 1) 1308194(div: 2) 1307560(div: 3) 
17 3 3 7 8 11 12 15 19 23 27 31 32 33 35 39 40 43 44 4 24 28 
1 1 2 3 0 2 2 3 3 1 2 3 3 2 1 3 2 2 2 3 1 1 2 3 0 2 2 3 0 1 2 3 3 3 2 3 2 1 2 3 3 1 2 3 3 
#452784
