#c 0 1 2 3 4 5 6 0 1 2 3 4 5 6 0 1 2 3 4 5 6 0 1 2 3 4 5 6 0 1 2 3 4 5 6 0 1 2 3 4 5 6 0 1 2 3 4 5 6 0 1 2 3 4 5 6 0 1 2 3 4 5 6 0 1 2 3 4 5 6 0 1 2 3 4 5 6 0 1 2 
#1156838(div: 0) 1407172(div: 1) 977399(div: 2) 889443(div: 3) 841923(div: 4) 938615(div: 5) 1260626(div: 6) 
12 11 0 7 14 21 28 35 42 49 56 63 70 77 5 12 19 26 33 40 47 54 61 68 75 
#c 0 1 2 3 4 5 6 0 1 2 3 4 5 6 0 1 2 3 4 5 6 0 1 2 3 4 5 6 0 1 2 3 4 5 6 0 1 2 3 4 5 6 0 1 2 3 4 5 6 0 1 2 3 4 5 6 0 1 2 3 4 5 6 0 1 2 3 4 5 6 0 1 2 3 4 5 6 0 1 2 
#1156838(div: 0) 1407172(div: 1) 977399(div: 2) 889443(div: 3) 841923(div: 4) 938615(div: 5) 1260626(div: 6) 
11 11 5 12 19 26 33 40 47 54 61 68 75 3 10 17 24 31 38 45 52 59 66 73 
#c 0 1 2 3 4 5 6 0 1 2 3 4 5 6 0 1 2 3 4 5 6 0 1 2 3 4 5 6 0 1 2 3 4 5 6 0 1 2 3 4 5 6 0 1 2 3 4 5 6 0 1 2 3 4 5 6 0 1 2 3 4 5 6 0 1 2 3 4 5 6 0 1 2 3 4 5 6 0 1 2 
#1156838(div: 0) 1407172(div: 1) 977399(div: 2) 889443(div: 3) 841923(div: 4) 938615(div: 5) 1260626(div: 6) 
11 12 3 10 17 24 31 38 45 52 59 66 73 1 8 15 22 29 36 43 50 57 64 71 78 
#c 0 1 2 3 4 5 6 0 1 2 3 4 5 6 0 1 2 3 4 5 6 0 1 2 3 4 5 6 0 1 2 3 4 5 6 0 1 2 3 4 5 6 0 1 2 3 4 5 6 0 1 2 3 4 5 6 0 1 2 3 4 5 6 0 1 2 3 4 5 6 0 1 2 3 4 5 6 0 1 2 
#1156838(div: 0) 1407172(div: 1) 977399(div: 2) 889443(div: 3) 841923(div: 4) 938615(div: 5) 1260626(div: 6) 
12 12 0 7 14 21 28 35 42 49 56 63 70 77 1 8 15 22 29 36 43 50 57 64 71 78 
#c 0 1 2 3 4 5 6 0 1 2 3 4 5 6 0 1 2 3 4 5 6 0 1 2 3 4 5 6 0 1 2 3 4 5 6 0 1 2 3 4 5 6 0 1 2 3 4 5 6 0 1 2 3 4 5 6 0 1 2 3 4 5 6 0 1 2 3 4 5 6 0 1 2 3 4 5 6 0 1 2 
#1156838(div: 0) 1407172(div: 1) 977399(div: 2) 889443(div: 3) 841923(div: 4) 938615(div: 5) 1260626(div: 6) 
11 12 3 10 17 24 31 38 45 52 59 66 73 2 9 16 23 30 37 44 51 58 65 72 79 
#c 0 1 2 3 4 5 6 0 1 2 3 4 5 6 0 1 2 3 4 5 6 0 1 2 3 4 5 6 0 1 2 3 4 5 6 0 1 2 3 4 5 6 0 1 2 3 4 5 6 0 1 2 3 4 5 6 0 1 2 3 4 5 6 0 1 2 3 4 5 6 0 1 2 3 4 5 6 0 1 2 
#1156838(div: 0) 1407172(div: 1) 977399(div: 2) 889443(div: 3) 841923(div: 4) 938615(div: 5) 1260626(div: 6) 
12 12 1 8 15 22 29 36 43 50 57 64 71 78 2 9 16 23 30 37 44 51 58 65 72 79 
#c 0 1 2 3 4 5 6 0 1 2 3 4 5 6 0 1 2 3 4 5 6 0 1 2 3 4 5 6 0 1 2 3 4 5 6 0 1 2 3 4 5 6 0 1 2 3 4 5 6 0 1 2 3 4 5 6 0 1 2 3 4 5 6 0 1 2 3 4 5 6 0 1 2 3 4 5 6 0 1 2 
#1156838(div: 0) 1407172(div: 1) 977399(div: 2) 889443(div: 3) 841923(div: 4) 938615(div: 5) 1260626(div: 6) 
1 1 1 29 
#c 0 1 2 3 4 5 6 0 1 2 3 4 5 6 0 1 2 3 4 5 6 0 1 2 3 4 5 6 0 1 2 3 4 5 6 0 1 2 3 4 5 6 0 1 2 3 4 5 6 0 1 2 3 4 5 6 0 1 2 3 4 5 6 0 1 2 3 4 5 6 0 1 2 3 4 5 6 0 1 2 
#1156838(div: 0) 1407172(div: 1) 977399(div: 2) 889443(div: 3) 841923(div: 4) 938615(div: 5) 1260626(div: 6) 
1 1 1 15 
#c 0 1 2 3 4 5 6 0 1 2 3 4 5 6 0 1 2 3 4 5 6 0 1 2 3 4 5 6 0 1 2 3 4 5 6 0 1 2 3 4 5 6 0 1 2 3 4 5 6 0 1 2 3 4 5 6 0 1 2 3 4 5 6 0 1 2 3 4 5 6 0 1 2 3 4 5 6 0 1 2 
#1156838(div: 0) 1407172(div: 1) 977399(div: 2) 889443(div: 3) 841923(div: 4) 938615(div: 5) 1260626(div: 6) 
1 1 1 8 
#c 0 3 2 3 4 5 6 0 1 2 3 4 5 6 0 1 2 3 4 5 6 0 1 2 3 4 5 6 0 1 2 3 4 5 6 0 1 2 3 4 5 6 0 1 2 3 4 5 6 0 1 2 3 4 5 6 0 1 2 3 4 5 6 0 1 2 3 4 5 6 0 1 2 3 4 5 6 0 1 2 
#1156838(div: 0) 1393156(div: 1) 977399(div: 2) 903459(div: 3) 841923(div: 4) 938615(div: 5) 1260626(div: 6) 
11 12 8 15 22 29 36 43 50 57 64 71 78 1 3 10 17 24 31 38 45 52 59 66 73 
#c 0 3 2 3 4 5 6 0 1 2 3 4 5 6 0 1 2 3 4 5 6 0 1 2 3 4 5 6 0 1 2 3 4 5 6 0 1 2 3 4 5 6 0 1 2 3 4 5 6 0 1 2 3 4 5 6 0 1 2 3 4 5 6 0 1 2 3 4 5 6 0 1 2 3 4 5 6 0 1 2 
#1156838(div: 0) 1393156(div: 1) 977399(div: 2) 903459(div: 3) 841923(div: 4) 938615(div: 5) 1260626(div: 6) 
1 1 43 57 
#c 0 3 2 3 4 5 6 0 1 2 3 4 5 6 0 1 2 3 4 5 6 0 1 2 3 4 5 6 0 1 2 3 4 5 6 0 1 2 3 4 5 6 0 1 2 3 4 5 6 0 1 2 3 4 5 6 0 1 2 3 4 5 6 0 1 2 3 4 5 6 0 1 2 3 4 5 6 0 1 2 
#1156838(div: 0) 1393156(div: 1) 977399(div: 2) 903459(div: 3) 841923(div: 4) 938615(div: 5) 1260626(div: 6) 
1 1 57 71 
#c 0 3 2 3 4 5 6 0 1 2 3 4 5 6 0 1 2 3 4 5 6 0 1 2 3 4 5 6 0 1 2 3 4 5 6 0 1 2 3 4 5 6 0 1 2 3 4 5 6 0 1 2 3 4 5 6 0 1 2 3 4 5 6 0 1 2 3 4 5 6 0 1 2 3 4 5 6 0 1 2 
#1156838(div: 0) 1393156(div: 1) 977399(div: 2) 903459(div: 3) 841923(div: 4) 938615(div: 5) 1260626(div: 6) 
1 1 22 71 
#c 0 3 2 3 4 5 6 0 1 2 3 4 5 6 0 1 2 3 4 5 6 0 3 2 3 4 5 6 0 1 2 3 4 5 6 0 1 2 3 4 5 6 0 1 2 3 4 5 6 0 1 2 3 4 5 6 0 1 2 3 4 5 6 0 1 2 3 4 5 6 0 1 2 3 4 5 6 0 1 2 
#1156838(div: 0) 1339011(div: 1) 977399(div: 2) 957604(div: 3) 841923(div: 4) 938615(div: 5) 1260626(div: 6) 
11 10 4 11 18 25 32 39 46 53 60 67 74 8 15 29 36 43 50 57 64 71 78 
#c 0 3 2 3 4 5 6 0 1 2 3 4 5 6 0 1 2 3 4 5 6 0 3 2 3 4 5 6 0 1 2 3 4 5 6 0 1 2 3 4 5 6 0 1 2 3 4 5 6 0 1 2 3 4 5 6 0 1 2 3 4 5 6 0 1 2 3 4 5 6 0 1 2 3 4 5 6 0 1 2 
#1156838(div: 0) 1339011(div: 1) 977399(div: 2) 957604(div: 3) 841923(div: 4) 938615(div: 5) 1260626(div: 6) 
11 12 4 11 18 25 32 39 46 53 60 67 74 0 7 14 21 28 35 42 49 56 63 70 77 
#c 0 3 2 3 4 5 6 0 1 2 3 4 5 6 0 1 2 3 4 5 6 0 3 2 3 4 5 6 0 1 2 3 4 5 6 0 1 2 3 4 5 6 0 1 2 3 4 5 6 0 1 2 3 4 5 6 0 1 2 3 4 5 6 0 1 2 3 4 5 6 0 1 2 3 4 5 6 0 1 2 
#1156838(div: 0) 1339011(div: 1) 977399(div: 2) 957604(div: 3) 841923(div: 4) 938615(div: 5) 1260626(div: 6) 
10 12 8 15 29 36 43 50 57 64 71 78 0 7 14 21 28 35 42 49 56 63 70 77 
#c 0 3 2 3 4 5 6 0 1 2 3 4 5 6 0 1 2 3 4 5 6 0 3 2 3 4 5 6 0 1 2 3 4 5 6 0 1 2 3 4 5 6 0 1 2 3 4 5 6 0 1 2 3 4 5 6 0 1 2 3 4 5 6 0 1 2 3 4 5 6 0 1 2 3 4 5 6 0 1 2 
#1156838(div: 0) 1339011(div: 1) 977399(div: 2) 957604(div: 3) 841923(div: 4) 938615(div: 5) 1260626(div: 6) 
11 11 4 11 18 25 32 39 46 53 60 67 74 5 12 19 26 33 40 47 54 61 68 75 
#c 0 3 2 3 4 5 6 0 1 2 3 4 5 6 0 1 2 3 4 5 6 0 3 2 3 4 5 6 0 1 2 3 4 5 6 0 1 2 3 4 5 6 0 1 2 3 4 5 6 0 1 2 3 4 5 6 0 1 2 3 4 5 6 0 1 2 3 4 5 6 0 1 2 3 4 5 6 0 1 2 
#1156838(div: 0) 1339011(div: 1) 977399(div: 2) 957604(div: 3) 841923(div: 4) 938615(div: 5) 1260626(div: 6) 
10 11 8 15 29 36 43 50 57 64 71 78 5 12 19 26 33 40 47 54 61 68 75 
#c 0 3 2 3 4 5 6 0 1 2 3 4 5 6 0 1 2 3 4 5 6 0 3 2 3 4 5 6 0 1 2 3 4 5 6 0 1 2 3 4 5 6 0 1 2 3 4 5 6 0 1 2 3 4 5 6 0 1 2 3 4 5 6 0 1 2 3 4 5 6 0 1 2 3 4 5 6 0 1 2 
#1156838(div: 0) 1339011(div: 1) 977399(div: 2) 957604(div: 3) 841923(div: 4) 938615(div: 5) 1260626(div: 6) 
11 12 4 11 18 25 32 39 46 53 60 67 74 2 9 16 23 30 37 44 51 58 65 72 79 
#c 0 3 2 3 4 5 6 0 1 2 3 4 5 6 0 1 2 3 4 5 6 0 3 2 3 4 5 6 0 1 2 3 4 5 6 0 1 2 3 4 5 6 0 1 2 3 4 5 6 0 1 2 3 4 5 6 0 1 2 3 4 5 6 0 1 2 3 4 5 6 0 1 2 3 4 5 6 0 1 2 
#1156838(div: 0) 1339011(div: 1) 977399(div: 2) 957604(div: 3) 841923(div: 4) 938615(div: 5) 1260626(div: 6) 
10 12 8 15 29 36 43 50 57 64 71 78 2 9 16 23 30 37 44 51 58 65 72 79 
#c 0 3 2 3 4 5 6 0 1 2 3 4 5 6 0 1 2 3 4 5 6 0 3 2 3 4 5 6 0 1 2 3 4 5 6 0 1 2 3 4 5 6 0 1 2 3 4 5 6 0 1 2 3 4 5 6 0 1 2 3 4 5 6 0 1 2 3 4 5 6 0 1 2 3 4 5 6 0 1 2 
#1156838(div: 0) 1339011(div: 1) 977399(div: 2) 957604(div: 3) 841923(div: 4) 938615(div: 5) 1260626(div: 6) 
1 1 8 64 
#c 0 3 2 3 4 5 6 0 1 2 3 4 5 6 0 1 2 3 4 5 6 0 3 2 3 4 5 6 0 1 2 3 4 5 6 0 1 2 3 4 5 6 0 1 2 3 4 5 6 0 1 2 3 4 5 6 0 1 2 3 4 5 6 0 1 2 3 4 5 6 0 1 2 3 4 5 6 0 1 2 
#1156838(div: 0) 1339011(div: 1) 977399(div: 2) 957604(div: 3) 841923(div: 4) 938615(div: 5) 1260626(div: 6) 
1 1 8 78 
#c 0 3 2 3 4 5 6 0 1 2 3 4 5 6 0 1 2 3 4 5 6 0 3 2 3 4 5 6 0 1 2 3 4 5 6 0 1 2 3 4 5 6 0 1 2 3 4 5 6 0 1 2 3 4 5 6 0 1 2 3 4 5 6 0 1 2 3 4 5 6 0 1 2 3 4 5 6 0 1 2 
#1156838(div: 0) 1339011(div: 1) 977399(div: 2) 957604(div: 3) 841923(div: 4) 938615(div: 5) 1260626(div: 6) 
1 1 71 78 
#c 0 3 2 3 4 5 6 0 1 2 3 4 5 6 0 1 2 3 4 5 6 0 3 2 3 4 5 6 0 1 2 3 4 5 6 0 1 2 3 4 5 6 0 1 2 3 4 5 6 0 1 2 3 4 5 6 0 1 2 3 4 5 6 0 1 2 3 4 5 6 0 1 2 3 4 5 6 0 4 2 
#1156838(div: 0) 1329471(div: 1) 977399(div: 2) 957604(div: 3) 851463(div: 4) 938615(div: 5) 1260626(div: 6) 
9 12 8 15 29 36 43 50 57 64 71 4 11 18 25 32 39 46 53 60 67 74 78 
#c 0 3 2 3 4 5 6 0 1 2 3 4 5 6 0 1 2 3 4 5 6 0 3 2 3 4 5 6 0 1 2 3 4 5 6 0 1 2 3 4 5 6 0 1 2 3 4 5 6 0 1 2 3 4 5 6 0 1 2 3 4 5 6 0 1 2 3 4 5 6 0 1 2 3 4 5 6 0 4 2 
#1156838(div: 0) 1329471(div: 1) 977399(div: 2) 957604(div: 3) 851463(div: 4) 938615(div: 5) 1260626(div: 6) 
1 1 43 50 
#c 0 3 2 3 4 5 6 0 1 2 3 4 5 6 0 1 2 3 4 5 6 0 3 2 3 4 5 6 0 1 2 3 4 5 6 0 1 2 3 4 5 6 0 1 2 3 4 5 6 0 1 2 3 4 5 6 0 1 2 3 4 5 6 0 1 2 3 4 5 6 0 1 2 3 4 5 6 0 4 2 
#1156838(div: 0) 1329471(div: 1) 977399(div: 2) 957604(div: 3) 851463(div: 4) 938615(div: 5) 1260626(div: 6) 
1 1 50 64 
#c 0 3 2 3 4 5 6 0 1 2 3 4 5 6 0 1 2 3 4 5 6 0 3 2 3 4 5 6 0 1 2 3 4 5 6 0 1 2 3 4 5 6 0 1 2 3 4 5 6 0 1 2 3 4 5 6 0 1 2 3 4 5 6 0 1 2 3 4 5 6 0 1 2 3 4 5 6 0 4 2 
#1156838(div: 0) 1329471(div: 1) 977399(div: 2) 957604(div: 3) 851463(div: 4) 938615(div: 5) 1260626(div: 6) 
1 1 29 50 
#c 0 3 2 3 4 5 6 0 1 2 3 4 5 6 0 1 2 3 4 5 6 0 3 2 3 4 5 6 0 1 2 3 4 5 6 0 1 2 3 4 5 6 0 1 2 3 4 5 6 0 4 2 3 4 5 6 0 1 2 3 4 5 6 0 1 2 3 4 5 6 0 1 2 3 4 5 6 0 4 2 
#1156838(div: 0) 1288683(div: 1) 977399(div: 2) 957604(div: 3) 892251(div: 4) 938615(div: 5) 1260626(div: 6) 
11 8 6 13 20 27 34 41 48 55 62 69 76 8 15 29 36 43 57 64 71 
#c 0 3 2 3 4 5 6 0 1 2 3 4 5 6 0 1 2 3 4 5 6 0 3 2 3 4 5 6 0 1 2 3 4 5 6 0 1 2 3 4 5 6 0 1 2 3 4 5 6 0 4 2 3 4 5 6 0 1 2 3 4 5 6 0 1 2 3 4 5 6 0 1 2 3 4 5 6 0 4 2 
#1156838(div: 0) 1288683(div: 1) 977399(div: 2) 957604(div: 3) 892251(div: 4) 938615(div: 5) 1260626(div: 6) 
11 13 6 13 20 27 34 41 48 55 62 69 76 4 11 18 25 32 39 46 50 53 60 67 74 78 
#c 0 3 2 3 4 5 6 0 1 2 3 4 5 6 0 1 2 3 4 5 6 0 3 2 3 4 5 6 0 1 2 3 4 5 6 0 1 2 3 4 5 6 0 1 2 3 4 5 6 0 4 2 3 4 5 6 0 1 2 3 4 5 6 0 1 2 3 4 5 6 0 1 2 3 4 5 6 0 4 2 
#1156838(div: 0) 1288683(div: 1) 977399(div: 2) 957604(div: 3) 892251(div: 4) 938615(div: 5) 1260626(div: 6) 
13 11 4 11 18 25 32 39 46 50 53 60 67 74 78 5 12 19 26 33 40 47 54 61 68 75 
#c 0 3 2 3 4 5 6 0 1 2 3 4 5 6 0 1 2 3 4 5 6 0 3 2 3 4 5 6 0 1 2 3 4 5 6 0 1 2 3 4 5 6 0 1 2 3 4 5 6 0 4 2 3 4 5 6 0 1 2 3 4 5 6 0 1 2 3 4 5 6 0 1 2 3 4 5 6 0 4 2 
#1156838(div: 0) 1288683(div: 1) 977399(div: 2) 957604(div: 3) 892251(div: 4) 938615(div: 5) 1260626(div: 6) 
8 11 8 15 29 36 43 57 64 71 5 12 19 26 33 40 47 54 61 68 75 
#c 0 3 2 3 4 5 6 0 1 2 3 4 5 6 0 1 2 3 4 5 6 0 3 2 3 4 5 6 0 1 2 3 4 5 6 0 1 2 3 4 5 6 0 1 2 3 4 5 6 0 4 2 3 4 5 6 0 1 2 3 4 5 6 0 1 2 3 4 5 6 0 1 2 3 4 5 6 0 4 2 
#1156838(div: 0) 1288683(div: 1) 977399(div: 2) 957604(div: 3) 892251(div: 4) 938615(div: 5) 1260626(div: 6) 
13 12 4 11 18 25 32 39 46 50 53 60 67 74 78 2 9 16 23 30 37 44 51 58 65 72 79 
#c 0 3 2 3 4 5 6 0 1 2 3 4 5 6 0 1 2 3 4 5 6 0 3 2 3 4 5 6 0 1 2 3 4 5 6 0 1 2 3 4 5 6 0 1 2 3 4 5 6 0 4 2 3 4 5 6 0 1 2 3 4 5 6 0 1 2 3 4 5 6 0 1 2 3 4 5 6 0 4 2 
#1156838(div: 0) 1288683(div: 1) 977399(div: 2) 957604(div: 3) 892251(div: 4) 938615(div: 5) 1260626(div: 6) 
8 12 8 15 29 36 43 57 64 71 2 9 16 23 30 37 44 51 58 65 72 79 
#c 0 3 2 3 4 5 6 0 1 2 3 4 5 6 0 1 2 3 4 5 6 0 3 2 3 4 5 6 0 1 2 3 4 5 6 0 1 2 3 4 5 6 0 1 2 3 4 5 6 0 4 2 3 4 5 6 0 1 2 3 4 5 6 0 1 2 3 4 5 6 0 1 2 3 4 5 6 0 4 2 
#1156838(div: 0) 1288683(div: 1) 977399(div: 2) 957604(div: 3) 892251(div: 4) 938615(div: 5) 1260626(div: 6) 
1 1 29 57 
#c 0 3 2 3 4 5 6 0 1 2 3 4 5 6 0 1 2 3 4 5 6 0 3 2 3 4 5 6 0 1 2 3 4 5 6 0 1 2 3 4 5 6 0 1 2 3 4 5 6 0 4 2 3 4 5 6 0 1 2 3 4 5 6 0 1 2 3 4 5 6 0 1 2 3 4 5 6 0 4 2 
#1156838(div: 0) 1288683(div: 1) 977399(div: 2) 957604(div: 3) 892251(div: 4) 938615(div: 5) 1260626(div: 6) 
1 1 43 57 
#c 0 3 2 3 4 5 6 0 1 2 3 4 5 6 0 1 2 3 4 5 6 0 3 2 3 4 5 6 0 1 2 3 4 5 6 0 1 2 3 4 5 6 0 1 2 3 4 5 6 0 4 2 3 4 5 6 0 1 2 3 4 5 6 0 1 2 3 4 5 6 0 1 2 3 4 5 6 0 4 2 
#1156838(div: 0) 1288683(div: 1) 977399(div: 2) 957604(div: 3) 892251(div: 4) 938615(div: 5) 1260626(div: 6) 
1 1 36 57 
#c 0 3 2 3 4 5 6 0 1 2 3 4 5 6 0 1 2 3 4 5 6 0 3 2 3 4 5 6 0 1 2 3 4 5 6 0 4 2 3 4 5 6 0 1 2 3 4 5 6 0 4 2 3 4 5 6 0 1 2 3 4 5 6 0 1 2 3 4 5 6 0 1 2 3 4 5 6 0 4 2 
#1156838(div: 0) 1255073(div: 1) 977399(div: 2) 957604(div: 3) 925861(div: 4) 938615(div: 5) 1260626(div: 6) 
7 14 8 15 29 43 57 64 71 4 11 18 25 32 36 39 46 50 53 60 67 74 78 
#c 0 3 2 3 4 5 6 0 1 2 3 4 5 6 0 1 2 3 4 5 6 0 3 2 3 4 5 6 0 1 2 3 4 5 6 0 4 2 3 4 5 6 0 1 2 3 4 5 6 0 4 2 3 4 5 6 0 1 2 3 4 5 6 0 1 2 3 4 5 6 0 1 2 3 4 5 6 0 4 2 
#1156838(div: 0) 1255073(div: 1) 977399(div: 2) 957604(div: 3) 925861(div: 4) 938615(div: 5) 1260626(div: 6) 
1 1 8 64 
#c 0 3 2 3 4 5 6 0 1 2 3 4 5 6 0 1 2 3 4 5 6 0 3 2 3 4 5 6 0 1 2 3 4 5 6 0 4 2 3 4 5 6 0 1 2 3 4 5 6 0 4 2 3 4 5 6 0 1 2 3 4 5 6 0 1 2 3 4 5 6 0 1 2 3 4 5 6 0 4 2 
#1156838(div: 0) 1255073(div: 1) 977399(div: 2) 957604(div: 3) 925861(div: 4) 938615(div: 5) 1260626(div: 6) 
1 1 8 71 
#c 0 3 2 3 4 5 6 0 1 2 3 4 5 6 0 1 2 3 4 5 6 0 3 2 3 4 5 6 0 1 2 3 4 5 6 0 4 2 3 4 5 6 0 1 2 3 4 5 6 0 4 2 3 4 5 6 0 1 2 3 4 5 6 0 1 2 3 4 5 6 0 1 2 3 4 5 6 0 4 2 
#1156838(div: 0) 1255073(div: 1) 977399(div: 2) 957604(div: 3) 925861(div: 4) 938615(div: 5) 1260626(div: 6) 
1 1 57 71 
#c 0 3 2 3 4 5 6 0 1 2 3 4 5 6 0 1 2 3 4 5 6 0 3 2 3 4 5 6 0 1 2 3 4 5 6 0 4 2 3 4 5 6 0 1 2 3 4 5 6 0 4 2 3 4 5 6 0 1 2 3 4 5 6 0 1 2 3 4 5 6 0 4 2 3 4 5 6 0 4 2 
#1156838(div: 0) 1179128(div: 1) 977399(div: 2) 957604(div: 3) 1001806(div: 4) 938615(div: 5) 1260626(div: 6) 
11 6 6 13 20 27 34 41 48 55 62 69 76 8 15 29 43 57 64 
#c 0 3 2 3 4 5 6 0 1 2 3 4 5 6 0 1 2 3 4 5 6 0 3 2 3 4 5 6 0 1 2 3 4 5 6 0 4 2 3 4 5 6 0 1 2 3 4 5 6 0 4 2 3 4 5 6 0 1 2 3 4 5 6 0 1 2 3 4 5 6 0 4 2 3 4 5 6 0 4 2 
#1156838(div: 0) 1179128(div: 1) 977399(div: 2) 957604(div: 3) 1001806(div: 4) 938615(div: 5) 1260626(div: 6) 
6 12 8 15 29 43 57 64 2 9 16 23 30 37 44 51 58 65 72 79 
#c 0 3 2 3 4 5 6 0 1 2 3 4 5 6 0 1 2 3 4 5 6 0 3 2 3 4 5 6 0 1 2 3 4 5 6 0 4 2 3 4 5 6 0 1 2 3 4 5 6 0 4 2 3 4 5 6 0 1 2 3 4 5 6 0 1 2 3 4 5 6 0 4 2 3 4 5 6 0 4 2 
#1156838(div: 0) 1179128(div: 1) 977399(div: 2) 957604(div: 3) 1001806(div: 4) 938615(div: 5) 1260626(div: 6) 
12 15 2 9 16 23 30 37 44 51 58 65 72 79 4 11 18 25 32 36 39 46 50 53 60 67 71 74 78 
#c 0 3 2 3 4 5 6 0 1 2 3 4 5 6 0 1 2 3 4 5 6 0 3 2 3 4 5 6 0 1 2 3 4 5 6 0 4 2 3 4 5 6 0 1 2 3 4 5 6 0 4 2 3 4 5 6 0 1 2 3 4 5 6 0 1 2 3 4 5 6 0 4 2 3 4 5 6 0 4 2 
#1156838(div: 0) 1179128(div: 1) 977399(div: 2) 957604(div: 3) 1001806(div: 4) 938615(div: 5) 1260626(div: 6) 
11 15 6 13 20 27 34 41 48 55 62 69 76 4 11 18 25 32 36 39 46 50 53 60 67 71 74 78 
#c 0 3 2 3 4 5 6 0 1 2 3 4 5 6 0 1 2 3 4 5 6 0 3 2 3 4 5 6 0 1 2 3 4 5 6 0 4 2 3 4 5 6 0 1 2 3 4 5 6 0 4 2 3 4 5 6 0 1 2 3 4 5 6 0 1 2 3 4 5 6 0 4 2 3 4 5 6 0 4 2 
#1156838(div: 0) 1179128(div: 1) 977399(div: 2) 957604(div: 3) 1001806(div: 4) 938615(div: 5) 1260626(div: 6) 
12 11 2 9 16 23 30 37 44 51 58 65 72 79 5 12 19 26 33 40 47 54 61 68 75 
#c 0 3 2 3 4 5 6 0 1 2 3 4 5 6 0 1 2 3 4 5 6 0 3 2 3 4 5 6 0 1 2 3 4 5 6 0 4 2 3 4 5 6 0 1 2 3 4 5 6 0 4 2 3 4 5 6 0 1 2 3 4 5 6 0 1 2 3 4 5 6 0 4 2 3 4 5 6 0 4 2 
#1156838(div: 0) 1179128(div: 1) 977399(div: 2) 957604(div: 3) 1001806(div: 4) 938615(div: 5) 1260626(div: 6) 
1 1 6 69 
#c 0 3 2 3 4 5 6 0 1 2 3 4 5 6 0 1 2 3 4 5 6 0 3 2 3 4 5 6 0 1 2 3 4 5 6 0 4 2 3 4 5 6 0 1 2 3 4 5 6 0 4 2 3 4 5 6 0 1 2 3 4 5 6 0 1 2 3 4 5 6 0 4 2 3 4 5 6 0 4 2 
#1156838(div: 0) 1179128(div: 1) 977399(div: 2) 957604(div: 3) 1001806(div: 4) 938615(div: 5) 1260626(div: 6) 
1 1 6 41 
#c 0 3 2 3 4 5 6 0 1 2 3 4 5 6 0 1 2 3 4 5 6 0 3 2 3 4 5 6 0 1 2 3 4 5 6 0 4 2 3 4 5 6 0 1 2 3 4 5 6 0 4 2 3 4 5 6 0 1 2 3 4 5 6 0 1 2 3 4 5 6 0 4 2 3 4 5 6 0 4 2 
#1156838(div: 0) 1179128(div: 1) 977399(div: 2) 957604(div: 3) 1001806(div: 4) 938615(div: 5) 1260626(div: 6) 
1 1 41 62 
#c 0 3 2 3 4 5 6 0 1 2 3 4 5 6 0 1 2 3 4 5 6 0 3 2 3 4 5 6 0 1 2 3 4 5 6 0 4 2 3 4 5 5 0 1 2 3 4 5 6 0 4 2 3 4 5 6 0 1 2 3 4 5 6 0 1 2 3 4 5 6 0 4 2 3 4 5 6 0 4 2 
#1156838(div: 0) 1179128(div: 1) 977399(div: 2) 957604(div: 3) 1001806(div: 4) 946016(div: 5) 1253225(div: 6) 
10 12 6 13 20 27 34 48 55 62 69 76 5 12 19 26 33 40 41 47 54 61 68 75 
#c 0 3 2 3 4 5 6 0 1 2 3 4 5 6 0 1 2 3 4 5 6 0 3 2 3 4 5 6 0 1 2 3 4 5 6 0 4 2 3 4 5 5 0 1 2 3 4 5 6 0 4 2 3 4 5 6 0 1 2 3 4 5 6 0 1 2 3 4 5 6 0 4 2 3 4 5 6 0 4 2 
#1156838(div: 0) 1179128(div: 1) 977399(div: 2) 957604(div: 3) 1001806(div: 4) 946016(div: 5) 1253225(div: 6) 
1 1 48 62 
#c 0 3 2 3 4 5 6 0 1 2 3 4 5 6 0 1 2 3 4 5 6 0 3 2 3 4 5 6 0 1 2 3 4 5 6 0 4 2 3 4 5 5 0 1 2 3 4 5 6 0 4 2 3 4 5 6 0 1 2 3 4 5 6 0 1 2 3 4 5 6 0 4 2 3 4 5 6 0 4 2 
#1156838(div: 0) 1179128(div: 1) 977399(div: 2) 957604(div: 3) 1001806(div: 4) 946016(div: 5) 1253225(div: 6) 
1 1 20 62 
#c 0 3 2 3 4 5 6 0 1 2 3 4 5 6 0 1 2 3 4 5 6 0 3 2 3 4 5 6 0 1 2 3 4 5 6 0 4 2 3 4 5 5 0 1 2 3 4 5 6 0 4 2 3 4 5 6 0 1 2 3 4 5 6 0 1 2 3 4 5 6 0 4 2 3 4 5 6 0 4 2 
#1156838(div: 0) 1179128(div: 1) 977399(div: 2) 957604(div: 3) 1001806(div: 4) 946016(div: 5) 1253225(div: 6) 
1 1 20 76 
#c 0 3 2 3 4 5 6 0 1 2 3 4 5 6 0 1 2 3 4 5 5 0 3 2 3 4 5 6 0 1 2 3 4 5 6 0 4 2 3 4 5 5 0 1 2 3 4 5 6 0 4 2 3 4 5 6 0 1 2 3 4 5 6 0 1 2 3 4 5 6 0 4 2 3 4 5 6 0 4 2 
#1156838(div: 0) 1179128(div: 1) 977399(div: 2) 957604(div: 3) 1001806(div: 4) 953499(div: 5) 1245742(div: 6) 
12 15 0 7 14 21 28 35 42 49 56 63 70 77 4 11 18 25 32 36 39 46 50 53 60 67 71 74 78 
#c 0 3 2 3 4 5 6 0 1 2 3 4 5 6 0 1 2 3 4 5 5 0 3 2 3 4 5 6 0 1 2 3 4 5 6 0 4 2 3 4 5 5 0 1 2 3 4 5 6 0 4 2 3 4 5 6 0 1 2 3 4 5 6 0 1 2 3 4 5 6 0 4 2 3 4 5 6 0 4 2 
#1156838(div: 0) 1179128(div: 1) 977399(div: 2) 957604(div: 3) 1001806(div: 4) 953499(div: 5) 1245742(div: 6) 
15 12 4 11 18 25 32 36 39 46 50 53 60 67 71 74 78 2 9 16 23 30 37 44 51 58 65 72 79 
#c 0 3 2 3 4 5 6 0 1 2 3 4 5 6 0 1 2 3 4 5 5 0 3 2 3 4 5 6 0 1 2 3 4 5 6 0 4 2 3 4 5 5 0 1 2 3 4 5 6 0 4 2 3 4 5 6 0 1 2 3 4 5 6 0 1 2 3 4 5 6 0 4 2 3 4 5 6 0 4 2 
#1156838(div: 0) 1179128(div: 1) 977399(div: 2) 957604(div: 3) 1001806(div: 4) 953499(div: 5) 1245742(div: 6) 
12 9 2 9 16 23 30 37 44 51 58 65 72 79 6 13 27 34 48 55 62 69 76 
#c 0 3 2 3 4 5 6 0 1 2 3 4 5 6 0 1 2 3 4 5 5 0 3 2 3 4 5 6 0 1 2 3 4 5 6 0 4 2 3 4 5 5 0 1 2 3 4 5 6 0 4 2 3 4 5 6 0 1 2 3 4 5 6 0 1 2 3 4 5 6 0 4 2 3 4 5 6 0 4 2 
#1156838(div: 0) 1179128(div: 1) 977399(div: 2) 957604(div: 3) 1001806(div: 4) 953499(div: 5) 1245742(div: 6) 
12 9 0 7 14 21 28 35 42 49 56 63 70 77 6 13 27 34 48 55 62 69 76 
#c 0 3 2 3 4 5 6 0 1 2 3 4 5 6 0 1 2 3 4 5 5 0 3 2 3 4 5 6 0 1 2 3 4 5 6 0 4 2 3 4 5 5 0 1 2 3 4 5 6 0 4 2 3 4 5 6 0 1 2 3 4 5 6 0 1 2 3 4 5 6 0 4 2 3 4 5 6 0 4 2 
#1156838(div: 0) 1179128(div: 1) 977399(div: 2) 957604(div: 3) 1001806(div: 4) 953499(div: 5) 1245742(div: 6) 
12 6 2 9 16 23 30 37 44 51 58 65 72 79 8 15 29 43 57 64 
#c 0 3 2 3 4 5 6 0 1 2 3 4 5 6 0 1 2 3 4 5 5 0 3 2 3 4 5 6 0 1 2 3 4 5 6 0 4 2 3 4 5 5 0 1 2 3 4 5 6 0 4 2 3 4 5 6 0 1 2 3 4 5 6 0 1 2 3 4 5 6 0 4 2 3 4 5 6 0 4 2 
#1156838(div: 0) 1179128(div: 1) 977399(div: 2) 957604(div: 3) 1001806(div: 4) 953499(div: 5) 1245742(div: 6) 
9 6 6 13 27 34 48 55 62 69 76 8 15 29 43 57 64 
#c 0 3 2 3 4 5 6 0 1 2 3 4 5 6 0 1 2 3 4 5 5 0 3 2 3 4 5 6 0 1 2 3 4 5 6 0 4 2 3 4 5 5 0 1 2 3 4 5 6 0 4 2 3 4 5 6 0 1 2 3 4 5 6 0 1 2 3 4 5 6 0 4 2 3 4 5 6 0 4 2 
#1156838(div: 0) 1179128(div: 1) 977399(div: 2) 957604(div: 3) 1001806(div: 4) 953499(div: 5) 1245742(div: 6) 
1 1 55 62 
#c 0 3 2 3 4 5 6 0 1 2 3 4 5 6 0 1 2 3 4 5 5 0 3 2 3 4 5 6 0 1 2 3 4 5 6 0 4 2 3 4 5 5 0 1 2 3 4 5 6 0 4 2 3 4 5 6 0 1 2 3 4 5 6 0 1 2 3 4 5 6 0 4 2 3 4 5 6 0 4 2 
#1156838(div: 0) 1179128(div: 1) 977399(div: 2) 957604(div: 3) 1001806(div: 4) 953499(div: 5) 1245742(div: 6) 
1 1 27 62 
#c 0 3 2 3 4 5 6 0 1 2 3 4 5 6 0 1 2 3 4 5 5 0 3 2 3 4 5 6 0 1 2 3 4 5 6 0 4 2 3 4 5 5 0 1 2 3 4 5 6 0 4 2 3 4 5 6 0 1 2 3 4 5 6 0 1 2 3 4 5 6 0 4 2 3 4 5 6 0 4 2 
#1156838(div: 0) 1179128(div: 1) 977399(div: 2) 957604(div: 3) 1001806(div: 4) 953499(div: 5) 1245742(div: 6) 
1 1 62 69 
#c 0 3 2 3 4 5 6 0 1 2 3 4 5 6 0 1 2 3 4 5 5 0 3 2 3 4 5 6 0 1 2 3 4 5 6 0 4 2 3 4 5 5 0 1 2 3 4 5 6 0 4 2 3 4 5 6 0 1 2 3 4 5 2 0 1 2 3 4 5 6 0 4 2 3 4 5 6 0 4 2 
#1156838(div: 0) 1179128(div: 1) 1032879(div: 2) 957604(div: 3) 1001806(div: 4) 953499(div: 5) 1190262(div: 6) 
8 13 6 13 27 34 48 55 69 76 2 9 16 23 30 37 44 51 58 62 65 72 79 
#c 0 3 2 3 4 5 6 0 1 2 3 4 5 6 0 1 2 3 4 5 5 0 3 2 3 4 5 6 0 1 2 3 4 5 6 0 4 2 3 4 5 5 0 1 2 3 4 5 6 0 4 2 3 4 5 6 0 1 2 3 4 5 2 0 1 2 3 4 5 6 0 4 2 3 4 5 6 0 4 2 
#1156838(div: 0) 1179128(div: 1) 1032879(div: 2) 957604(div: 3) 1001806(div: 4) 953499(div: 5) 1190262(div: 6) 
1 1 34 76 
#c 0 3 2 3 4 5 6 0 1 2 3 4 5 6 0 1 2 3 4 5 5 0 3 2 3 4 5 6 0 1 2 3 4 5 6 0 4 2 3 4 5 5 0 1 2 3 4 5 6 0 4 2 3 4 5 6 0 1 2 3 4 5 2 0 1 2 3 4 5 6 0 4 2 3 4 5 6 0 4 2 
#1156838(div: 0) 1179128(div: 1) 1032879(div: 2) 957604(div: 3) 1001806(div: 4) 953499(div: 5) 1190262(div: 6) 
1 1 34 69 
#c 0 3 2 3 4 5 6 0 1 2 3 4 5 6 0 1 2 3 4 5 5 0 3 2 3 4 5 6 0 1 2 3 4 5 6 0 4 2 3 4 5 5 0 1 2 3 4 5 6 0 4 2 3 4 5 6 0 1 2 3 4 5 2 0 1 2 3 4 5 6 0 4 2 3 4 5 6 0 4 2 
#1156838(div: 0) 1179128(div: 1) 1032879(div: 2) 957604(div: 3) 1001806(div: 4) 953499(div: 5) 1190262(div: 6) 
1 1 34 48 
#c 0 3 2 3 4 5 6 0 1 2 3 4 5 6 0 1 2 3 4 5 5 0 3 2 3 4 5 6 0 1 2 3 4 5 2 0 4 2 3 4 5 5 0 1 2 3 4 5 6 0 4 2 3 4 5 6 0 1 2 3 4 5 2 0 1 2 3 4 5 6 0 4 2 3 4 5 6 0 4 2 
#1156838(div: 0) 1179128(div: 1) 1043470(div: 2) 957604(div: 3) 1001806(div: 4) 953499(div: 5) 1179671(div: 6) 
13 14 1 3 10 17 22 24 31 38 45 52 59 66 73 2 9 16 23 30 34 37 44 51 58 62 65 72 79 
#c 0 3 2 3 4 5 6 0 1 2 3 4 5 6 0 1 2 3 4 5 5 0 3 2 3 4 5 6 0 1 2 3 4 5 2 0 4 2 3 4 5 5 0 1 2 3 4 5 6 0 4 2 3 4 5 6 0 1 2 3 4 5 2 0 1 2 3 4 5 6 0 4 2 3 4 5 6 0 4 2 
#1156838(div: 0) 1179128(div: 1) 1043470(div: 2) 957604(div: 3) 1001806(div: 4) 953499(div: 5) 1179671(div: 6) 
13 7 1 3 10 17 22 24 31 38 45 52 59 66 73 6 13 27 48 55 69 76 
#c 0 3 2 3 4 5 6 0 1 2 3 4 5 6 0 1 2 3 4 5 5 0 3 2 3 4 5 6 0 1 2 3 4 5 2 0 4 2 3 4 5 5 0 1 2 3 4 5 6 0 4 2 3 4 5 6 0 1 2 3 4 5 2 0 1 2 3 4 5 6 0 4 2 3 4 5 6 0 4 2 
#1156838(div: 0) 1179128(div: 1) 1043470(div: 2) 957604(div: 3) 1001806(div: 4) 953499(div: 5) 1179671(div: 6) 
14 7 2 9 16 23 30 34 37 44 51 58 62 65 72 79 6 13 27 48 55 69 76 
#c 0 3 2 3 4 5 6 0 1 2 3 4 5 6 0 1 2 3 4 5 5 0 3 2 3 4 5 6 0 1 2 3 4 5 2 0 4 2 3 4 5 5 0 1 2 3 4 5 6 0 4 2 3 4 5 6 0 1 2 3 4 5 2 0 1 2 3 4 5 6 0 4 2 3 4 5 6 0 4 2 
#1156838(div: 0) 1179128(div: 1) 1043470(div: 2) 957604(div: 3) 1001806(div: 4) 953499(div: 5) 1179671(div: 6) 
13 15 1 3 10 17 22 24 31 38 45 52 59 66 73 4 11 18 25 32 36 39 46 50 53 60 67 71 74 78 
#c 0 3 2 3 4 5 6 0 1 2 3 4 5 6 0 1 2 3 4 5 5 0 3 2 3 4 5 6 0 1 2 3 4 5 2 0 4 2 3 4 5 5 0 1 2 3 4 5 6 0 4 2 3 4 5 6 0 1 2 3 4 5 2 0 1 2 3 4 5 6 0 4 2 3 4 5 6 0 4 2 
#1156838(div: 0) 1179128(div: 1) 1043470(div: 2) 957604(div: 3) 1001806(div: 4) 953499(div: 5) 1179671(div: 6) 
7 15 6 13 27 48 55 69 76 4 11 18 25 32 36 39 46 50 53 60 67 71 74 78 
#c 0 3 2 3 4 5 6 0 1 2 3 4 5 6 0 1 2 3 4 5 5 0 3 2 3 4 5 6 0 1 2 3 4 5 2 0 4 2 3 4 5 5 0 1 2 3 4 5 6 0 4 2 3 4 5 6 0 1 2 3 4 5 2 0 1 2 3 4 5 6 0 4 2 3 4 5 6 0 4 2 
#1156838(div: 0) 1179128(div: 1) 1043470(div: 2) 957604(div: 3) 1001806(div: 4) 953499(div: 5) 1179671(div: 6) 
13 13 1 3 10 17 22 24 31 38 45 52 59 66 73 5 12 19 20 26 33 40 41 47 54 61 68 75 
#c 0 3 2 3 4 5 6 0 1 2 3 4 5 6 0 1 2 3 4 5 5 0 3 2 3 4 5 6 0 1 2 3 4 5 2 0 4 2 3 4 5 5 0 1 2 3 4 5 6 0 4 2 3 4 5 6 0 1 2 3 4 5 2 0 1 2 3 4 5 6 0 4 2 3 4 5 6 0 4 2 
#1156838(div: 0) 1179128(div: 1) 1043470(div: 2) 957604(div: 3) 1001806(div: 4) 953499(div: 5) 1179671(div: 6) 
1 1 27 55 
#c 0 3 2 3 4 5 6 0 1 2 3 4 5 6 0 1 2 3 4 5 5 0 3 2 3 4 5 6 0 1 2 3 4 5 2 0 4 2 3 4 5 5 0 1 2 3 4 5 6 0 4 2 3 4 5 6 0 1 2 3 4 5 2 0 1 2 3 4 5 6 0 4 2 3 4 5 6 0 4 2 
#1156838(div: 0) 1179128(div: 1) 1043470(div: 2) 957604(div: 3) 1001806(div: 4) 953499(div: 5) 1179671(div: 6) 
1 1 13 55 
#c 0 3 2 3 4 5 6 0 1 2 3 4 5 6 0 1 2 3 4 5 5 0 3 2 3 4 5 6 0 1 2 3 4 5 2 0 4 2 3 4 5 5 0 1 2 3 4 5 6 0 4 2 3 4 5 6 0 1 2 3 4 5 2 0 1 2 3 4 5 6 0 4 2 3 4 5 6 0 4 2 
#1156838(div: 0) 1179128(div: 1) 1043470(div: 2) 957604(div: 3) 1001806(div: 4) 953499(div: 5) 1179671(div: 6) 
1 1 6 13 
#c 0 3 2 3 4 5 6 0 1 2 3 4 5 5 0 1 2 3 4 5 5 0 3 2 3 4 5 6 0 1 2 3 4 5 2 0 4 2 3 4 5 5 0 1 2 3 4 5 6 0 4 2 3 4 5 6 0 1 2 3 4 5 2 0 1 2 3 4 5 6 0 4 2 3 4 5 6 0 4 2 
#1156838(div: 0) 1179128(div: 1) 1043470(div: 2) 957604(div: 3) 1001806(div: 4) 960739(div: 5) 1172431(div: 6) 
6 14 6 27 48 55 69 76 5 12 13 19 20 26 33 40 41 47 54 61 68 75 
#c 0 3 2 3 4 5 6 0 1 2 3 4 5 5 0 1 2 3 4 5 5 0 3 2 3 4 5 6 0 1 2 3 4 5 2 0 4 2 3 4 5 5 0 1 2 3 4 5 6 0 4 2 3 4 5 6 0 1 2 3 4 5 2 0 1 2 3 4 5 6 0 4 2 3 4 5 6 0 4 2 
#1156838(div: 0) 1179128(div: 1) 1043470(div: 2) 957604(div: 3) 1001806(div: 4) 960739(div: 5) 1172431(div: 6) 
1 1 27 48 
#c 0 3 2 3 4 5 6 0 1 2 3 4 5 5 0 1 2 3 4 5 5 0 3 2 3 4 5 6 0 1 2 3 4 5 2 0 4 2 3 4 5 5 0 1 2 3 4 5 6 0 4 2 3 4 5 6 0 1 2 3 4 5 2 0 1 2 3 4 5 6 0 4 2 3 4 5 6 0 4 2 
#1156838(div: 0) 1179128(div: 1) 1043470(div: 2) 957604(div: 3) 1001806(div: 4) 960739(div: 5) 1172431(div: 6) 
1 1 48 76 
#c 0 3 2 3 4 5 6 0 1 2 3 4 5 5 0 1 2 3 4 5 5 0 3 2 3 4 5 6 0 1 2 3 4 5 2 0 4 2 3 4 5 5 0 1 2 3 4 5 6 0 4 2 3 4 5 6 0 1 2 3 4 5 2 0 1 2 3 4 5 6 0 4 2 3 4 5 6 0 4 2 
#1156838(div: 0) 1179128(div: 1) 1043470(div: 2) 957604(div: 3) 1001806(div: 4) 960739(div: 5) 1172431(div: 6) 
1 1 6 48 
#c 0 3 2 3 4 5 5 0 1 2 3 4 5 5 0 1 2 3 4 5 5 0 3 2 3 4 5 6 0 1 2 3 4 5 2 0 4 2 3 4 5 5 0 1 2 3 4 5 6 0 4 2 3 4 5 6 0 1 2 3 4 5 2 0 1 2 3 4 5 6 0 4 2 3 4 5 6 0 4 2 
#1156838(div: 0) 1179128(div: 1) 1043470(div: 2) 957604(div: 3) 1001806(div: 4) 1020580(div: 5) 1112590(div: 6) 
12 15 0 7 14 21 28 35 42 49 56 63 70 77 5 6 12 13 19 20 26 33 40 41 47 54 61 68 75 
#c 0 3 2 3 4 5 5 0 1 2 3 4 5 5 0 1 2 3 4 5 5 0 3 2 3 4 5 6 0 1 2 3 4 5 2 0 4 2 3 4 5 5 0 1 2 3 4 5 6 0 4 2 3 4 5 6 0 1 2 3 4 5 2 0 1 2 3 4 5 6 0 4 2 3 4 5 6 0 4 2 
#1156838(div: 0) 1179128(div: 1) 1043470(div: 2) 957604(div: 3) 1001806(div: 4) 1020580(div: 5) 1112590(div: 6) 
15 6 5 6 12 13 19 20 26 33 40 41 47 54 61 68 75 8 15 29 43 57 64 
#c 0 3 2 3 4 5 5 0 1 2 3 4 5 5 0 1 2 3 4 5 5 0 3 2 3 4 5 6 0 1 2 3 4 5 2 0 4 2 3 4 5 5 0 1 2 3 4 5 6 0 4 2 3 4 5 6 0 1 2 3 4 5 2 0 1 2 3 4 5 6 0 4 2 3 4 5 6 0 4 2 
#1156838(div: 0) 1179128(div: 1) 1043470(div: 2) 957604(div: 3) 1001806(div: 4) 1020580(div: 5) 1112590(div: 6) 
12 6 0 7 14 21 28 35 42 49 56 63 70 77 8 15 29 43 57 64 
#c 0 3 2 3 4 5 5 0 1 2 3 4 5 5 0 1 2 3 4 5 5 0 3 2 3 4 5 6 0 1 2 3 4 5 2 0 4 2 3 4 5 5 0 1 2 3 4 5 6 0 4 2 3 4 5 6 0 1 2 3 4 5 2 0 1 2 3 4 5 6 0 4 2 3 4 5 6 0 4 2 
#1156838(div: 0) 1179128(div: 1) 1043470(div: 2) 957604(div: 3) 1001806(div: 4) 1020580(div: 5) 1112590(div: 6) 
15 13 5 6 12 13 19 20 26 33 40 41 47 54 61 68 75 1 3 10 17 22 24 31 38 45 52 59 66 73 
#c 0 3 2 3 4 5 5 0 1 2 3 4 5 5 0 1 2 3 4 5 5 0 3 2 3 4 5 6 0 1 2 3 4 5 2 0 4 2 3 4 5 5 0 1 2 3 4 5 6 0 4 2 3 4 5 6 0 1 2 3 4 5 2 0 1 2 3 4 5 6 0 4 2 3 4 5 6 0 4 2 
#1156838(div: 0) 1179128(div: 1) 1043470(div: 2) 957604(div: 3) 1001806(div: 4) 1020580(div: 5) 1112590(div: 6) 
13 15 1 3 10 17 22 24 31 38 45 52 59 66 73 4 11 18 25 32 36 39 46 50 53 60 67 71 74 78 
#c 0 3 2 3 4 5 5 0 1 2 3 4 5 5 0 1 2 3 4 5 5 0 3 2 3 4 5 6 0 1 2 3 4 5 2 0 4 2 3 4 5 5 0 1 2 3 4 5 6 0 4 2 3 4 5 6 0 1 2 3 4 5 2 0 1 2 3 4 5 6 0 4 2 3 4 5 6 0 4 2 
#1156838(div: 0) 1179128(div: 1) 1043470(div: 2) 957604(div: 3) 1001806(div: 4) 1020580(div: 5) 1112590(div: 6) 
6 15 8 15 29 43 57 64 4 11 18 25 32 36 39 46 50 53 60 67 71 74 78 
#c 0 3 2 3 4 5 5 0 1 2 3 4 5 5 0 1 2 3 4 5 5 0 3 2 3 4 5 6 0 1 2 3 4 5 2 0 4 2 3 4 5 5 0 1 2 3 4 5 6 0 4 2 3 4 5 6 0 1 2 3 4 5 2 0 1 2 3 4 5 6 0 4 2 3 4 5 6 0 4 2 
#1156838(div: 0) 1179128(div: 1) 1043470(div: 2) 957604(div: 3) 1001806(div: 4) 1020580(div: 5) 1112590(div: 6) 
1 1 57 64 
#c 0 3 2 3 4 5 5 0 1 2 3 4 5 5 0 1 2 3 4 5 5 0 3 2 3 4 5 6 0 1 2 3 4 5 2 0 4 2 3 4 5 5 0 1 2 3 4 5 6 0 4 2 3 4 5 6 0 1 2 3 4 5 2 0 1 2 3 4 5 6 0 4 2 3 4 5 6 0 4 2 
#1156838(div: 0) 1179128(div: 1) 1043470(div: 2) 957604(div: 3) 1001806(div: 4) 1020580(div: 5) 1112590(div: 6) 
1 1 15 57 
#c 0 3 2 3 4 5 5 0 1 2 3 4 5 5 0 1 2 3 4 5 5 0 3 2 3 4 5 6 0 1 2 3 4 5 2 0 4 2 3 4 5 5 0 1 2 3 4 5 6 0 4 2 3 4 5 6 0 1 2 3 4 5 2 0 1 2 3 4 5 6 0 4 2 3 4 5 6 0 4 2 
#1156838(div: 0) 1179128(div: 1) 1043470(div: 2) 957604(div: 3) 1001806(div: 4) 1020580(div: 5) 1112590(div: 6) 
1 1 8 57 
#c 0 3 2 3 4 5 5 0 1 2 3 4 5 5 0 1 2 3 4 5 5 0 3 2 3 4 5 6 0 1 2 3 4 5 2 0 4 2 3 4 5 5 0 1 2 3 4 5 6 0 4 2 3 4 5 6 0 3 2 3 4 5 2 0 1 2 3 4 5 6 0 4 2 3 4 5 6 0 4 2 
#1156838(div: 0) 1092375(div: 1) 1043470(div: 2) 1044357(div: 3) 1001806(div: 4) 1020580(div: 5) 1112590(div: 6) 
5 14 8 15 29 43 64 1 3 10 17 22 24 31 38 45 52 57 59 66 73 
#c 0 3 2 3 4 5 5 0 1 2 3 4 5 5 0 1 2 3 4 5 5 0 3 2 3 4 5 6 0 1 2 3 4 5 2 0 4 2 3 4 5 5 0 1 2 3 4 5 6 0 4 2 3 4 5 6 0 3 2 3 4 5 2 0 1 2 3 4 5 6 0 4 2 3 4 5 6 0 4 2 
#1156838(div: 0) 1092375(div: 1) 1043470(div: 2) 1044357(div: 3) 1001806(div: 4) 1020580(div: 5) 1112590(div: 6) 
1 1 8 43 
#c 0 3 2 3 4 5 5 0 1 2 3 4 5 5 0 1 2 3 4 5 5 0 3 2 3 4 5 6 0 1 2 3 4 5 2 0 4 2 3 4 5 5 0 1 2 3 4 5 6 0 4 2 3 4 5 6 0 3 2 3 4 5 2 0 1 2 3 4 5 6 0 4 2 3 4 5 6 0 4 2 
#1156838(div: 0) 1092375(div: 1) 1043470(div: 2) 1044357(div: 3) 1001806(div: 4) 1020580(div: 5) 1112590(div: 6) 
1 1 8 15 
#c 0 3 2 3 4 5 5 0 1 2 3 4 5 5 0 1 2 3 4 5 5 0 3 2 3 4 5 6 0 1 2 3 4 5 2 0 4 2 3 4 5 5 0 1 2 3 4 5 6 0 4 2 3 4 5 6 0 3 2 3 4 5 2 0 1 2 3 4 5 6 0 4 2 3 4 5 6 0 4 2 
#1156838(div: 0) 1092375(div: 1) 1043470(div: 2) 1044357(div: 3) 1001806(div: 4) 1020580(div: 5) 1112590(div: 6) 
1 1 8 64 
#c 0 3 2 3 4 5 5 0 3 2 3 4 5 5 0 1 2 3 4 5 5 0 3 2 3 4 5 6 0 1 2 3 4 5 2 0 4 2 3 4 5 5 0 1 2 3 4 5 6 0 4 2 3 4 5 6 0 3 2 3 4 5 2 0 1 2 3 4 5 6 0 4 2 3 4 5 6 0 4 2 
#1156838(div: 0) 976588(div: 1) 1043470(div: 2) 1160144(div: 3) 1001806(div: 4) 1020580(div: 5) 1112590(div: 6) 
12 5 0 7 14 21 28 35 42 49 56 63 70 77 27 48 55 69 76 
#c 0 3 2 3 4 5 5 0 3 2 3 4 5 5 0 1 2 3 4 5 5 0 3 2 3 4 5 6 0 1 2 3 4 5 2 0 4 2 3 4 5 5 0 1 2 3 4 5 6 0 4 2 3 4 5 6 0 3 2 3 4 5 2 0 1 2 3 4 5 6 0 4 2 3 4 5 6 0 4 2 
#1156838(div: 0) 976588(div: 1) 1043470(div: 2) 1160144(div: 3) 1001806(div: 4) 1020580(div: 5) 1112590(div: 6) 
5 15 27 48 55 69 76 1 3 8 10 17 22 24 31 38 45 52 57 59 66 73 
#c 0 3 2 3 4 5 5 0 3 2 3 4 5 5 0 1 2 3 4 5 5 0 3 2 3 4 5 6 0 1 2 3 4 5 2 0 4 2 3 4 5 5 0 1 2 3 4 5 6 0 4 2 3 4 5 6 0 3 2 3 4 5 2 0 1 2 3 4 5 6 0 4 2 3 4 5 6 0 4 2 
#1156838(div: 0) 976588(div: 1) 1043470(div: 2) 1160144(div: 3) 1001806(div: 4) 1020580(div: 5) 1112590(div: 6) 
12 15 0 7 14 21 28 35 42 49 56 63 70 77 1 3 8 10 17 22 24 31 38 45 52 57 59 66 73 
#c 0 3 2 3 4 5 5 0 3 2 3 4 5 5 0 1 2 3 4 5 5 0 3 2 3 4 5 6 0 1 2 3 4 5 2 0 4 2 3 4 5 5 0 1 2 3 4 5 6 0 4 2 3 4 5 6 0 3 2 3 4 5 2 0 1 2 3 4 5 6 0 4 2 3 4 5 6 0 4 2 
#1156838(div: 0) 976588(div: 1) 1043470(div: 2) 1160144(div: 3) 1001806(div: 4) 1020580(div: 5) 1112590(div: 6) 
5 4 27 48 55 69 76 15 29 43 64 
#c 0 3 2 3 4 5 5 0 3 2 3 4 5 5 0 1 2 3 4 5 5 0 3 2 3 4 5 6 0 1 2 3 4 5 2 0 4 2 3 4 5 5 0 1 2 3 4 5 6 0 4 2 3 4 5 6 0 3 2 3 4 5 2 0 1 2 3 4 5 6 0 4 2 3 4 5 6 0 4 2 
#1156838(div: 0) 976588(div: 1) 1043470(div: 2) 1160144(div: 3) 1001806(div: 4) 1020580(div: 5) 1112590(div: 6) 
4 15 15 29 43 64 4 11 18 25 32 36 39 46 50 53 60 67 71 74 78 
#c 0 3 2 3 4 5 5 0 3 2 3 4 5 5 0 1 2 3 4 5 5 0 3 2 3 4 5 6 0 1 2 3 4 5 2 0 4 2 3 4 5 5 0 1 2 3 4 5 6 0 4 2 3 4 5 6 0 3 2 3 4 5 2 0 1 2 3 4 5 6 0 4 2 3 4 5 6 0 4 2 
#1156838(div: 0) 976588(div: 1) 1043470(div: 2) 1160144(div: 3) 1001806(div: 4) 1020580(div: 5) 1112590(div: 6) 
15 15 1 3 8 10 17 22 24 31 38 45 52 57 59 66 73 4 11 18 25 32 36 39 46 50 53 60 67 71 74 78 
#c 0 3 2 3 4 5 5 0 3 2 3 4 5 5 0 1 2 3 4 5 5 0 3 2 3 4 5 6 0 1 2 3 4 5 2 0 4 2 3 4 5 5 0 1 2 3 4 5 6 0 4 2 3 4 5 6 0 3 2 3 4 5 2 0 1 2 3 4 5 6 0 4 2 3 4 5 6 0 4 2 
#1156838(div: 0) 976588(div: 1) 1043470(div: 2) 1160144(div: 3) 1001806(div: 4) 1020580(div: 5) 1112590(div: 6) 
1 1 31 45 
#c 0 3 2 3 4 5 5 0 3 2 3 4 5 5 0 1 2 3 4 5 5 0 3 2 3 4 5 6 0 1 2 3 4 5 2 0 4 2 3 4 5 5 0 1 2 3 4 5 6 0 4 2 3 4 5 6 0 3 2 3 4 5 2 0 1 2 3 4 5 6 0 4 2 3 4 5 6 0 4 2 
#1156838(div: 0) 976588(div: 1) 1043470(div: 2) 1160144(div: 3) 1001806(div: 4) 1020580(div: 5) 1112590(div: 6) 
1 1 24 45 
#c 0 3 2 3 4 5 5 0 3 2 3 4 5 5 0 1 2 3 4 5 5 0 3 2 3 4 5 6 0 1 2 3 4 5 2 0 4 2 3 4 5 5 0 1 2 3 4 5 6 0 4 2 3 4 5 6 0 3 2 3 4 5 2 0 1 2 3 4 5 6 0 4 2 3 4 5 6 0 4 2 
#1156838(div: 0) 976588(div: 1) 1043470(div: 2) 1160144(div: 3) 1001806(div: 4) 1020580(div: 5) 1112590(div: 6) 
1 1 45 66 
#c 0 3 2 3 4 5 5 0 3 2 3 4 5 5 0 1 2 3 4 5 5 0 3 2 3 4 5 6 0 1 2 3 4 5 2 0 4 2 3 4 5 5 0 1 2 1 4 5 6 0 4 2 3 4 5 6 0 3 2 3 4 5 2 0 1 2 3 4 5 6 0 4 2 3 4 5 6 0 4 2 
#1156838(div: 0) 976868(div: 1) 1043470(div: 2) 1159864(div: 3) 1001806(div: 4) 1020580(div: 5) 1112590(div: 6) 
14 5 1 3 8 10 17 22 24 31 38 52 57 59 66 73 15 29 43 45 64 
#c 0 3 2 3 4 5 5 0 3 2 3 4 5 5 0 1 2 3 4 5 5 0 3 2 3 4 5 6 0 1 2 3 4 5 2 0 4 2 3 4 5 5 0 1 2 1 4 5 6 0 4 2 3 4 5 6 0 3 2 3 4 5 2 0 1 2 3 4 5 6 0 4 2 3 4 5 6 0 4 2 
#1156838(div: 0) 976868(div: 1) 1043470(div: 2) 1159864(div: 3) 1001806(div: 4) 1020580(div: 5) 1112590(div: 6) 
1 1 17 59 
#c 0 3 2 3 4 5 5 0 3 2 3 4 5 5 0 1 2 3 4 5 5 0 3 2 3 4 5 6 0 1 2 3 4 5 2 0 4 2 3 4 5 5 0 1 2 1 4 5 6 0 4 2 3 4 5 6 0 3 2 3 4 5 2 0 1 2 3 4 5 6 0 4 2 3 4 5 6 0 4 2 
#1156838(div: 0) 976868(div: 1) 1043470(div: 2) 1159864(div: 3) 1001806(div: 4) 1020580(div: 5) 1112590(div: 6) 
1 1 3 59 
#c 0 3 2 3 4 5 5 0 3 2 3 4 5 5 0 1 2 3 4 5 5 0 3 2 3 4 5 6 0 1 2 3 4 5 2 0 4 2 3 4 5 5 0 1 2 1 4 5 6 0 4 2 3 4 5 6 0 3 2 3 4 5 2 0 1 2 3 4 5 6 0 4 2 3 4 5 6 0 4 2 
#1156838(div: 0) 976868(div: 1) 1043470(div: 2) 1159864(div: 3) 1001806(div: 4) 1020580(div: 5) 1112590(div: 6) 
1 1 38 59 
#c 0 3 2 3 4 5 5 0 3 2 3 4 5 5 0 1 2 3 4 5 5 0 3 2 3 4 5 6 0 1 2 3 4 5 2 0 4 2 3 4 5 5 0 1 2 1 4 5 6 0 4 2 3 4 5 6 0 3 2 1 4 5 2 0 1 2 3 4 5 6 0 4 2 3 4 5 6 0 4 2 
#1156838(div: 0) 979633(div: 1) 1043470(div: 2) 1157099(div: 3) 1001806(div: 4) 1020580(div: 5) 1112590(div: 6) 
12 15 0 7 14 21 28 35 42 49 56 63 70 77 5 6 12 13 19 20 26 33 40 41 47 54 61 68 75 
#c 0 3 2 3 4 5 5 0 3 2 3 4 5 5 0 1 2 3 4 5 5 0 3 2 3 4 5 6 0 1 2 3 4 5 2 0 4 2 3 4 5 5 0 1 2 1 4 5 6 0 4 2 3 4 5 6 0 3 2 1 4 5 2 0 1 2 3 4 5 6 0 4 2 3 4 5 6 0 4 2 
#1156838(div: 0) 979633(div: 1) 1043470(div: 2) 1157099(div: 3) 1001806(div: 4) 1020580(div: 5) 1112590(div: 6) 
15 5 5 6 12 13 19 20 26 33 40 41 47 54 61 68 75 27 48 55 69 76 
#c 0 3 2 3 4 5 5 0 3 2 3 4 5 5 0 1 2 3 4 5 5 0 3 2 3 4 5 6 0 1 2 3 4 5 2 0 4 2 3 4 5 5 0 1 2 1 4 5 6 0 4 2 3 4 5 6 0 3 2 1 4 5 2 0 1 2 3 4 5 6 0 4 2 3 4 5 6 0 4 2 
#1156838(div: 0) 979633(div: 1) 1043470(div: 2) 1157099(div: 3) 1001806(div: 4) 1020580(div: 5) 1112590(div: 6) 
12 5 0 7 14 21 28 35 42 49 56 63 70 77 27 48 55 69 76 
#c 0 3 2 3 4 5 5 0 3 2 3 4 5 5 0 1 2 3 4 5 5 0 3 2 3 4 5 6 0 1 2 3 4 5 2 0 4 2 3 4 5 5 0 1 2 1 4 5 6 0 4 2 3 4 5 6 0 3 2 1 4 5 2 0 1 2 3 4 5 6 0 4 2 3 4 5 6 0 4 2 
#1156838(div: 0) 979633(div: 1) 1043470(div: 2) 1157099(div: 3) 1001806(div: 4) 1020580(div: 5) 1112590(div: 6) 
15 13 5 6 12 13 19 20 26 33 40 41 47 54 61 68 75 1 3 8 10 17 22 24 31 38 52 57 66 73 
#c 0 3 2 3 4 5 5 0 3 2 3 4 5 5 0 1 2 3 4 5 5 0 3 2 3 4 5 6 0 1 2 3 4 5 2 0 4 2 3 4 5 5 0 1 2 1 4 5 6 0 4 2 3 4 5 6 0 3 2 1 4 5 2 0 1 2 3 4 5 6 0 4 2 3 4 5 6 0 4 2 
#1156838(div: 0) 979633(div: 1) 1043470(div: 2) 1157099(div: 3) 1001806(div: 4) 1020580(div: 5) 1112590(div: 6) 
12 13 0 7 14 21 28 35 42 49 56 63 70 77 1 3 8 10 17 22 24 31 38 52 57 66 73 
#c 0 3 2 3 4 5 5 0 3 2 3 4 5 5 0 1 2 3 4 5 5 0 3 2 3 4 5 6 0 1 2 3 4 5 2 0 4 2 3 4 5 5 0 1 2 1 4 5 6 0 4 2 3 4 5 6 0 3 2 1 4 5 2 0 1 2 3 4 5 6 0 4 2 3 4 5 6 0 4 2 
#1156838(div: 0) 979633(div: 1) 1043470(div: 2) 1157099(div: 3) 1001806(div: 4) 1020580(div: 5) 1112590(div: 6) 
15 15 5 6 12 13 19 20 26 33 40 41 47 54 61 68 75 4 11 18 25 32 36 39 46 50 53 60 67 71 74 78 
#c 0 3 2 3 4 5 5 0 3 2 3 4 5 5 0 1 2 3 4 5 5 0 3 2 3 4 5 6 0 1 2 3 4 5 2 0 4 2 3 4 5 5 0 1 2 1 4 5 6 0 4 2 3 4 5 6 0 3 2 1 4 5 2 0 1 2 3 4 5 6 0 4 2 3 4 5 6 0 4 2 
#1156838(div: 0) 979633(div: 1) 1043470(div: 2) 1157099(div: 3) 1001806(div: 4) 1020580(div: 5) 1112590(div: 6) 
1 1 24 52 
#c 0 3 2 3 4 5 5 0 3 2 3 4 5 5 0 1 2 3 4 5 5 0 3 2 3 4 5 6 0 1 2 3 4 5 2 0 4 2 3 4 5 5 0 1 2 1 4 5 6 0 4 2 3 4 5 6 0 3 2 1 4 5 2 0 1 2 3 4 5 6 0 4 2 3 4 5 6 0 4 2 
#1156838(div: 0) 979633(div: 1) 1043470(div: 2) 1157099(div: 3) 1001806(div: 4) 1020580(div: 5) 1112590(div: 6) 
1 1 24 38 
#c 0 3 2 3 4 5 5 0 3 2 3 4 5 5 0 1 2 3 4 5 5 0 3 2 3 4 5 6 0 1 2 3 4 5 2 0 4 2 3 4 5 5 0 1 2 1 4 5 6 0 4 2 3 4 5 6 0 3 2 1 4 5 2 0 1 2 3 4 5 6 0 4 2 3 4 5 6 0 4 2 
#1156838(div: 0) 979633(div: 1) 1043470(div: 2) 1157099(div: 3) 1001806(div: 4) 1020580(div: 5) 1112590(div: 6) 
1 1 10 24 
#c 0 3 2 3 4 5 5 0 3 2 4 4 5 5 0 1 2 3 4 5 5 0 3 2 3 4 5 6 0 1 2 3 4 5 2 0 4 2 3 4 5 5 0 1 2 1 4 5 6 0 4 2 3 4 5 6 0 3 2 1 4 5 2 0 1 2 3 4 5 6 0 4 2 3 4 5 6 0 4 2 
#1156838(div: 0) 979633(div: 1) 1043470(div: 2) 1101709(div: 3) 1057196(div: 4) 1020580(div: 5) 1112590(div: 6) 
12 16 1 3 8 17 22 24 31 38 52 57 66 73 4 10 11 18 25 32 36 39 46 50 53 60 67 71 74 78 
#c 0 3 2 3 4 5 5 0 3 2 4 4 5 5 0 1 2 3 4 5 5 0 3 2 3 4 5 6 0 1 2 3 4 5 2 0 4 2 3 4 5 5 0 1 2 1 4 5 6 0 4 2 3 4 5 6 0 3 2 1 4 5 2 0 1 2 3 4 5 6 0 4 2 3 4 5 6 0 4 2 
#1156838(div: 0) 979633(div: 1) 1043470(div: 2) 1101709(div: 3) 1057196(div: 4) 1020580(div: 5) 1112590(div: 6) 
1 1 17 73 
#c 0 3 2 3 4 5 5 0 3 2 4 4 5 5 0 1 2 3 4 5 5 0 3 2 3 4 5 6 0 1 2 3 4 5 2 0 4 2 3 4 5 5 0 1 2 1 4 5 6 0 4 2 3 4 5 6 0 3 2 1 4 5 2 0 1 2 3 4 5 6 0 4 2 3 4 5 6 0 4 2 
#1156838(div: 0) 979633(div: 1) 1043470(div: 2) 1101709(div: 3) 1057196(div: 4) 1020580(div: 5) 1112590(div: 6) 
1 1 38 73 
#c 0 3 2 3 4 5 5 0 3 2 4 4 5 5 0 1 2 3 4 5 5 0 3 2 3 4 5 6 0 1 2 3 4 5 2 0 4 2 3 4 5 5 0 1 2 1 4 5 6 0 4 2 3 4 5 6 0 3 2 1 4 5 2 0 1 2 3 4 5 6 0 4 2 3 4 5 6 0 4 2 
#1156838(div: 0) 979633(div: 1) 1043470(div: 2) 1101709(div: 3) 1057196(div: 4) 1020580(div: 5) 1112590(div: 6) 
1 1 1 73 
#c 0 3 2 3 4 5 5 0 3 2 4 4 5 5 0 1 2 3 4 5 5 0 3 2 3 4 5 6 0 1 2 3 4 5 2 0 4 2 3 4 5 5 0 1 2 1 4 5 6 0 4 2 3 4 5 6 0 3 2 1 4 5 2 0 1 2 3 4 5 6 0 4 2 4 4 5 6 0 4 2 
#1156838(div: 0) 979633(div: 1) 1043470(div: 2) 1094731(div: 3) 1064174(div: 4) 1020580(div: 5) 1112590(div: 6) 
12 5 0 7 14 21 28 35 42 49 56 63 70 77 27 48 55 69 76 
#c 0 3 2 3 4 5 5 0 3 2 4 4 5 5 0 1 2 3 4 5 5 0 3 2 3 4 5 6 0 1 2 3 4 5 2 0 4 2 3 4 5 5 0 1 2 1 4 5 6 0 4 2 3 4 5 6 0 3 2 1 4 5 2 0 1 2 3 4 5 6 0 4 2 4 4 5 6 0 4 2 
#1156838(div: 0) 979633(div: 1) 1043470(div: 2) 1094731(div: 3) 1064174(div: 4) 1020580(div: 5) 1112590(div: 6) 
5 17 27 48 55 69 76 4 10 11 18 25 32 36 39 46 50 53 60 67 71 73 74 78 
#c 0 3 2 3 4 5 5 0 3 2 4 4 5 5 0 1 2 3 4 5 5 0 3 2 3 4 5 6 0 1 2 3 4 5 2 0 4 2 3 4 5 5 0 1 2 1 4 5 6 0 4 2 3 4 5 6 0 3 2 1 4 5 2 0 1 2 3 4 5 6 0 4 2 4 4 5 6 0 4 2 
#1156838(div: 0) 979633(div: 1) 1043470(div: 2) 1094731(div: 3) 1064174(div: 4) 1020580(div: 5) 1112590(div: 6) 
17 14 4 10 11 18 25 32 36 39 46 50 53 60 67 71 73 74 78 2 9 16 23 30 34 37 44 51 58 62 65 72 79 
#c 0 3 2 3 4 5 5 0 3 2 4 4 5 5 0 1 2 3 4 5 5 0 3 2 3 4 5 6 0 1 2 3 4 5 2 0 4 2 3 4 5 5 0 1 2 1 4 5 6 0 4 2 3 4 5 6 0 3 2 1 4 5 2 0 1 2 3 4 5 6 0 4 2 4 4 5 6 0 4 2 
#1156838(div: 0) 979633(div: 1) 1043470(div: 2) 1094731(div: 3) 1064174(div: 4) 1020580(div: 5) 1112590(div: 6) 
14 15 2 9 16 23 30 34 37 44 51 58 62 65 72 79 5 6 12 13 19 20 26 33 40 41 47 54 61 68 75 
#c 0 3 2 3 4 5 5 0 3 2 4 4 5 5 0 1 2 3 4 5 5 0 3 2 3 4 5 6 0 1 2 3 4 5 2 0 4 2 3 4 5 5 0 1 2 1 4 5 6 0 4 2 3 4 5 6 0 3 2 1 4 5 2 0 1 2 3 4 5 6 0 4 2 4 4 5 6 0 4 2 
#1156838(div: 0) 979633(div: 1) 1043470(div: 2) 1094731(div: 3) 1064174(div: 4) 1020580(div: 5) 1112590(div: 6) 
1 1 21 28 
#c 0 3 2 3 4 5 5 0 3 2 4 4 5 5 0 1 2 3 4 5 5 0 3 2 3 4 5 6 0 1 2 3 4 5 2 0 4 2 3 4 5 5 0 1 2 1 4 5 6 0 4 2 3 4 5 6 0 3 2 1 4 5 2 0 1 2 3 4 5 6 0 4 2 4 4 5 6 0 4 2 
#1156838(div: 0) 979633(div: 1) 1043470(div: 2) 1094731(div: 3) 1064174(div: 4) 1020580(div: 5) 1112590(div: 6) 
1 1 21 42 
#c 0 3 2 3 4 5 5 0 3 2 4 4 5 5 0 1 2 3 4 5 5 0 3 2 3 4 5 6 0 1 2 3 4 5 2 0 4 2 3 4 5 5 0 1 2 1 4 5 6 0 4 2 3 4 5 6 0 3 2 1 4 5 2 0 1 2 3 4 5 6 0 4 2 4 4 5 6 0 4 2 
#1156838(div: 0) 979633(div: 1) 1043470(div: 2) 1094731(div: 3) 1064174(div: 4) 1020580(div: 5) 1112590(div: 6) 
1 1 21 70 
#c 0 3 2 3 4 5 5 0 3 2 4 4 5 5 0 1 2 3 4 5 5 5 3 2 3 4 5 6 0 1 2 3 4 5 2 0 4 2 3 4 5 5 0 1 2 1 4 5 6 0 4 2 3 4 5 6 0 3 2 1 4 5 2 0 1 2 3 4 5 6 0 4 2 4 4 5 6 0 4 2 
#1134253(div: 0) 979633(div: 1) 1043470(div: 2) 1094731(div: 3) 1064174(div: 4) 1043165(div: 5) 1112590(div: 6) 
11 16 0 7 14 28 35 42 49 56 63 70 77 5 6 12 13 19 20 21 26 33 40 41 47 54 61 68 75 
#c 0 3 2 3 4 5 5 0 3 2 4 4 5 5 0 1 2 3 4 5 5 5 3 2 3 4 5 6 0 1 2 3 4 5 2 0 4 2 3 4 5 5 0 1 2 1 4 5 6 0 4 2 3 4 5 6 0 3 2 1 4 5 2 0 1 2 3 4 5 6 0 4 2 4 4 5 6 0 4 2 
#1134253(div: 0) 979633(div: 1) 1043470(div: 2) 1094731(div: 3) 1064174(div: 4) 1043165(div: 5) 1112590(div: 6) 
1 1 14 56 
#c 0 3 2 3 4 5 5 0 3 2 4 4 5 5 0 1 2 3 4 5 5 5 3 2 3 4 5 6 0 1 2 3 4 5 2 0 4 2 3 4 5 5 0 1 2 1 4 5 6 0 4 2 3 4 5 6 0 3 2 1 4 5 2 0 1 2 3 4 5 6 0 4 2 4 4 5 6 0 4 2 
#1134253(div: 0) 979633(div: 1) 1043470(div: 2) 1094731(div: 3) 1064174(div: 4) 1043165(div: 5) 1112590(div: 6) 
1 1 14 63 
#c 0 3 2 3 4 5 5 0 3 2 4 4 5 5 0 1 2 3 4 5 5 5 3 2 3 4 5 6 0 1 2 3 4 5 2 0 4 2 3 4 5 5 0 1 2 1 4 5 6 0 4 2 3 4 5 6 0 3 2 1 4 5 2 0 1 2 3 4 5 6 0 4 2 4 4 5 6 0 4 2 
#1134253(div: 0) 979633(div: 1) 1043470(div: 2) 1094731(div: 3) 1064174(div: 4) 1043165(div: 5) 1112590(div: 6) 
1 1 14 77 
#c 0 3 2 3 4 5 5 0 3 2 4 4 5 5 0 1 2 3 4 5 5 5 3 2 3 4 5 6 0 1 2 3 4 5 2 0 4 2 3 4 5 5 0 1 2 1 4 5 6 0 4 2 3 4 5 6 0 3 2 1 4 5 2 0 1 2 3 4 5 6 0 4 2 4 4 5 6 5 4 2 
#1121819(div: 0) 979633(div: 1) 1043470(div: 2) 1094731(div: 3) 1064174(div: 4) 1055599(div: 5) 1112590(div: 6) 
10 6 0 7 14 28 35 42 49 56 63 70 15 29 43 45 59 64 
#c 0 3 2 3 4 5 5 0 3 2 4 4 5 5 0 1 2 3 4 5 5 5 3 2 3 4 5 6 0 1 2 3 4 5 2 0 4 2 3 4 5 5 0 1 2 1 4 5 6 0 4 2 3 4 5 6 0 3 2 1 4 5 2 0 1 2 3 4 5 6 0 4 2 4 4 5 6 5 4 2 
#1121819(div: 0) 979633(div: 1) 1043470(div: 2) 1094731(div: 3) 1064174(div: 4) 1055599(div: 5) 1112590(div: 6) 
6 17 15 29 43 45 59 64 4 10 11 18 25 32 36 39 46 50 53 60 67 71 73 74 78 
#c 0 3 2 3 4 5 5 0 3 2 4 4 5 5 0 1 2 3 4 5 5 5 3 2 3 4 5 6 0 1 2 3 4 5 2 0 4 2 3 4 5 5 0 1 2 1 4 5 6 0 4 2 3 4 5 6 0 3 2 1 4 5 2 0 1 2 3 4 5 6 0 4 2 4 4 5 6 5 4 2 
#1121819(div: 0) 979633(div: 1) 1043470(div: 2) 1094731(div: 3) 1064174(div: 4) 1055599(div: 5) 1112590(div: 6) 
10 17 0 7 14 28 35 42 49 56 63 70 4 10 11 18 25 32 36 39 46 50 53 60 67 71 73 74 78 
#c 0 3 2 3 4 5 5 0 3 2 4 4 5 5 0 1 2 3 4 5 5 5 3 2 3 4 5 6 0 1 2 3 4 5 2 0 4 2 3 4 5 5 0 1 2 1 4 5 6 0 4 2 3 4 5 6 0 3 2 1 4 5 2 0 1 2 3 4 5 6 0 4 2 4 4 5 6 5 4 2 
#1121819(div: 0) 979633(div: 1) 1043470(div: 2) 1094731(div: 3) 1064174(div: 4) 1055599(div: 5) 1112590(div: 6) 
6 11 15 29 43 45 59 64 1 3 8 17 22 24 31 38 52 57 66 
#c 0 3 2 3 4 5 5 0 3 2 4 4 5 5 0 1 2 3 4 5 5 5 3 2 3 4 5 6 0 1 2 3 4 5 2 0 4 2 3 4 5 5 0 1 2 1 4 5 6 0 4 2 3 4 5 6 0 3 2 1 4 5 2 0 1 2 3 4 5 6 0 4 2 4 4 5 6 5 4 2 
#1121819(div: 0) 979633(div: 1) 1043470(div: 2) 1094731(div: 3) 1064174(div: 4) 1055599(div: 5) 1112590(div: 6) 
10 11 0 7 14 28 35 42 49 56 63 70 1 3 8 17 22 24 31 38 52 57 66 
#c 0 3 2 3 4 5 5 0 3 2 4 4 5 5 0 1 2 3 4 5 5 5 3 2 3 4 5 6 0 1 2 3 4 5 2 0 4 2 3 4 5 5 0 1 2 1 4 5 6 0 4 2 3 4 5 6 0 3 2 1 4 5 2 0 1 2 3 4 5 6 0 4 2 4 4 5 6 5 4 2 
#1121819(div: 0) 979633(div: 1) 1043470(div: 2) 1094731(div: 3) 1064174(div: 4) 1055599(div: 5) 1112590(div: 6) 
6 17 15 29 43 45 59 64 5 6 12 13 19 20 21 26 33 40 41 47 54 61 68 75 77 
#c 0 3 2 3 4 5 5 0 3 2 4 4 5 5 0 1 2 3 4 5 5 5 3 2 3 4 5 6 0 1 2 3 4 5 2 0 4 2 3 4 5 5 0 1 2 1 4 5 6 0 4 2 3 4 5 6 0 3 2 1 4 5 2 0 1 2 3 4 5 6 0 4 2 4 4 5 6 5 4 2 
#1121819(div: 0) 979633(div: 1) 1043470(div: 2) 1094731(div: 3) 1064174(div: 4) 1055599(div: 5) 1112590(div: 6) 
10 17 0 7 14 28 35 42 49 56 63 70 5 6 12 13 19 20 21 26 33 40 41 47 54 61 68 75 77 
#c 0 3 2 3 4 5 5 0 3 2 4 4 5 5 0 1 2 3 4 5 5 5 3 2 3 4 5 6 0 1 2 3 4 5 2 0 4 2 3 4 5 5 0 1 2 1 4 5 6 0 4 2 3 4 5 6 0 3 2 1 4 5 2 0 1 2 3 4 5 6 0 4 2 4 4 5 6 5 4 2 
#1121819(div: 0) 979633(div: 1) 1043470(div: 2) 1094731(div: 3) 1064174(div: 4) 1055599(div: 5) 1112590(div: 6) 
1 1 42 56 
#c 0 3 2 3 4 5 5 0 3 2 4 4 5 5 0 1 2 3 4 5 5 5 3 2 3 4 5 6 0 1 2 3 4 5 2 0 4 2 3 4 5 5 0 1 2 1 4 5 6 0 4 2 3 4 5 6 0 3 2 1 4 5 2 0 1 2 3 4 5 6 0 4 2 4 4 5 6 5 4 2 
#1121819(div: 0) 979633(div: 1) 1043470(div: 2) 1094731(div: 3) 1064174(div: 4) 1055599(div: 5) 1112590(div: 6) 
1 1 14 42 
#c 0 3 2 3 4 5 5 0 3 2 4 4 5 5 0 1 2 3 4 5 5 5 3 2 3 4 5 6 0 1 2 3 4 5 2 0 4 2 3 4 5 5 0 1 2 1 4 5 6 0 4 2 3 4 5 6 0 3 2 1 4 5 2 0 1 2 3 4 5 6 0 4 2 4 4 5 6 5 4 2 
#1121819(div: 0) 979633(div: 1) 1043470(div: 2) 1094731(div: 3) 1064174(div: 4) 1055599(div: 5) 1112590(div: 6) 
1 1 0 14 
#c 1 3 2 3 4 5 5 0 3 2 4 4 5 5 0 1 2 3 4 5 5 5 3 2 3 4 5 6 0 1 2 3 4 5 2 0 4 2 3 4 5 5 0 1 2 1 4 5 6 0 4 2 3 4 5 6 0 3 2 1 4 5 2 0 1 2 3 4 5 6 0 4 2 4 4 5 6 5 4 2 
#1116316(div: 0) 985136(div: 1) 1043470(div: 2) 1094731(div: 3) 1064174(div: 4) 1055599(div: 5) 1112590(div: 6) 
9 7 7 14 28 35 42 49 56 63 70 0 15 29 43 45 59 64 
#c 1 3 2 3 4 5 5 0 3 2 4 4 5 5 0 1 2 3 4 5 5 5 3 2 3 4 5 6 0 1 2 3 4 5 2 0 4 2 3 4 5 5 0 1 2 1 4 5 6 0 4 2 3 4 5 6 0 3 2 1 4 5 2 0 1 2 3 4 5 6 0 4 2 4 4 5 6 5 4 2 
#1116316(div: 0) 985136(div: 1) 1043470(div: 2) 1094731(div: 3) 1064174(div: 4) 1055599(div: 5) 1112590(div: 6) 
1 1 28 49 
#c 1 3 2 3 4 5 5 0 3 2 4 4 5 5 0 1 2 3 4 5 5 5 3 2 3 4 5 6 0 1 2 3 4 5 2 0 4 2 3 4 5 5 0 1 2 1 4 5 6 0 4 2 3 4 5 6 0 3 2 1 4 5 2 0 1 2 3 4 5 6 0 4 2 4 4 5 6 5 4 2 
#1116316(div: 0) 985136(div: 1) 1043470(div: 2) 1094731(div: 3) 1064174(div: 4) 1055599(div: 5) 1112590(div: 6) 
1 1 28 63 
#c 1 3 2 3 4 5 5 0 3 2 4 4 5 5 0 1 2 3 4 5 5 5 3 2 3 4 5 6 0 1 2 3 4 5 2 0 4 2 3 4 5 5 0 1 2 1 4 5 6 0 4 2 3 4 5 6 0 3 2 1 4 5 2 0 1 2 3 4 5 6 0 4 2 4 4 5 6 5 4 2 
#1116316(div: 0) 985136(div: 1) 1043470(div: 2) 1094731(div: 3) 1064174(div: 4) 1055599(div: 5) 1112590(div: 6) 
1 1 28 56 
#c 1 3 2 3 4 5 5 0 3 2 4 4 5 5 0 1 2 3 4 5 5 5 3 2 3 4 5 6 1 1 2 3 4 5 2 0 4 2 3 4 5 5 0 1 2 1 4 5 6 0 4 2 3 4 5 6 0 3 2 1 4 5 2 0 1 2 3 4 5 6 0 4 2 4 4 5 6 5 4 2 
#1076815(div: 0) 1024637(div: 1) 1043470(div: 2) 1094731(div: 3) 1064174(div: 4) 1055599(div: 5) 1112590(div: 6) 
14 17 2 9 16 23 30 34 37 44 51 58 62 65 72 79 4 10 11 18 25 32 36 39 46 50 53 60 67 71 73 74 78 
#c 1 3 2 3 4 5 5 0 3 2 4 4 5 5 0 1 2 3 4 5 5 5 3 2 3 4 5 6 1 1 2 3 4 5 2 0 4 2 3 4 5 5 0 1 2 1 4 5 6 0 4 2 3 4 5 6 0 3 2 1 4 5 2 0 1 2 3 4 5 6 0 4 2 4 4 5 6 5 4 2 
#1076815(div: 0) 1024637(div: 1) 1043470(div: 2) 1094731(div: 3) 1064174(div: 4) 1055599(div: 5) 1112590(div: 6) 
14 8 2 9 16 23 30 34 37 44 51 58 62 65 72 79 0 15 28 29 43 45 59 64 
#c 1 3 2 3 4 5 5 0 3 2 4 4 5 5 0 1 2 3 4 5 5 5 3 2 3 4 5 6 1 1 2 3 4 5 2 0 4 2 3 4 5 5 0 1 2 1 4 5 6 0 4 2 3 4 5 6 0 3 2 1 4 5 2 0 1 2 3 4 5 6 0 4 2 4 4 5 6 5 4 2 
#1076815(div: 0) 1024637(div: 1) 1043470(div: 2) 1094731(div: 3) 1064174(div: 4) 1055599(div: 5) 1112590(div: 6) 
8 11 0 15 28 29 43 45 59 64 1 3 8 17 22 24 31 38 52 57 66 
#c 1 3 2 3 4 5 5 0 3 2 4 4 5 5 0 1 2 3 4 5 5 5 3 2 3 4 5 6 1 1 2 3 4 5 2 0 4 2 3 4 5 5 0 1 2 1 4 5 6 0 4 2 3 4 5 6 0 3 2 1 4 5 2 0 1 2 3 4 5 6 0 4 2 4 4 5 6 5 4 2 
#1076815(div: 0) 1024637(div: 1) 1043470(div: 2) 1094731(div: 3) 1064174(div: 4) 1055599(div: 5) 1112590(div: 6) 
17 11 4 10 11 18 25 32 36 39 46 50 53 60 67 71 73 74 78 1 3 8 17 22 24 31 38 52 57 66 
#c 1 3 2 3 4 5 5 0 3 2 4 4 5 5 0 1 2 3 4 5 5 5 3 2 3 4 5 6 1 1 2 3 4 5 2 0 4 2 3 4 5 5 0 1 2 1 4 5 6 0 4 2 3 4 5 6 0 3 2 1 4 5 2 0 1 2 3 4 5 6 0 4 2 4 4 5 6 5 4 2 
#1076815(div: 0) 1024637(div: 1) 1043470(div: 2) 1094731(div: 3) 1064174(div: 4) 1055599(div: 5) 1112590(div: 6) 
8 5 0 15 28 29 43 45 59 64 27 48 55 69 76 
#c 1 3 2 3 4 5 5 0 3 2 4 4 5 5 0 1 2 3 4 5 5 5 3 2 3 4 5 6 1 1 2 3 4 5 2 0 4 2 3 4 5 5 0 1 2 1 4 5 6 0 4 2 3 4 5 6 0 3 2 1 4 5 2 0 1 2 3 4 5 6 0 4 2 4 4 5 6 5 4 2 
#1076815(div: 0) 1024637(div: 1) 1043470(div: 2) 1094731(div: 3) 1064174(div: 4) 1055599(div: 5) 1112590(div: 6) 
11 5 1 3 8 17 22 24 31 38 52 57 66 27 48 55 69 76 
#c 1 3 2 3 4 5 5 0 3 2 4 4 5 5 0 1 2 3 4 5 5 5 3 2 3 4 5 6 1 1 2 3 4 5 2 0 4 2 3 4 5 5 0 1 2 1 4 5 6 0 4 2 3 4 5 6 0 3 2 1 4 5 2 0 1 2 3 4 5 6 0 4 2 4 4 5 6 5 4 2 
#1076815(div: 0) 1024637(div: 1) 1043470(div: 2) 1094731(div: 3) 1064174(div: 4) 1055599(div: 5) 1112590(div: 6) 
1 1 27 76 
#c 1 3 2 3 4 5 5 0 3 2 4 4 5 5 0 1 2 3 4 5 5 5 3 2 3 4 5 6 1 1 2 3 4 5 2 0 4 2 3 4 5 5 0 1 2 1 4 5 6 0 4 2 3 4 5 6 0 3 2 1 4 5 2 0 1 2 3 4 5 6 0 4 2 4 4 5 6 5 4 2 
#1076815(div: 0) 1024637(div: 1) 1043470(div: 2) 1094731(div: 3) 1064174(div: 4) 1055599(div: 5) 1112590(div: 6) 
1 1 27 48 
#c 1 3 2 3 4 5 5 0 3 2 4 4 5 5 0 1 2 3 4 5 5 5 3 2 3 4 5 6 1 1 2 3 4 5 2 0 4 2 3 4 5 5 0 1 2 1 4 5 6 0 4 2 3 4 5 6 0 3 2 1 4 5 2 0 1 2 3 4 5 6 0 4 2 4 4 5 6 5 4 2 
#1076815(div: 0) 1024637(div: 1) 1043470(div: 2) 1094731(div: 3) 1064174(div: 4) 1055599(div: 5) 1112590(div: 6) 
1 1 48 55 
#c 1 3 2 3 4 5 5 0 3 2 4 4 5 5 0 1 2 3 4 5 5 5 3 2 3 4 5 6 1 1 2 3 4 5 2 0 4 2 3 4 5 5 0 1 2 1 4 5 6 0 4 2 3 4 5 1 0 3 2 1 4 5 2 0 1 2 3 4 5 6 0 4 2 4 4 5 6 5 4 2 
#1076815(div: 0) 1095521(div: 1) 1043470(div: 2) 1094731(div: 3) 1064174(div: 4) 1055599(div: 5) 1041706(div: 6) 
4 9 27 48 69 76 0 15 28 29 43 45 55 59 64 
#c 1 3 2 3 4 5 5 0 3 2 4 4 5 5 0 1 2 3 4 5 5 5 3 2 3 4 5 6 1 1 2 3 4 5 2 0 4 2 3 4 5 5 0 1 2 1 4 5 6 0 4 2 3 4 5 1 0 3 2 1 4 5 2 0 1 2 3 4 5 6 0 4 2 4 4 5 6 5 4 2 
#1076815(div: 0) 1095521(div: 1) 1043470(div: 2) 1094731(div: 3) 1064174(div: 4) 1055599(div: 5) 1041706(div: 6) 
14 9 2 9 16 23 30 34 37 44 51 58 62 65 72 79 0 15 28 29 43 45 55 59 64 
#c 1 3 2 3 4 5 5 0 3 2 4 4 5 5 0 1 2 3 4 5 5 5 3 2 3 4 5 6 1 1 2 3 4 5 2 0 4 2 3 4 5 5 0 1 2 1 4 5 6 0 4 2 3 4 5 1 0 3 2 1 4 5 2 0 1 2 3 4 5 6 0 4 2 4 4 5 6 5 4 2 
#1076815(div: 0) 1095521(div: 1) 1043470(div: 2) 1094731(div: 3) 1064174(div: 4) 1055599(div: 5) 1041706(div: 6) 
14 17 2 9 16 23 30 34 37 44 51 58 62 65 72 79 4 10 11 18 25 32 36 39 46 50 53 60 67 71 73 74 78 
#c 1 3 2 3 4 5 5 0 3 2 4 4 5 5 0 1 2 3 4 5 5 5 3 2 3 4 5 6 1 1 2 3 4 5 2 0 4 2 3 4 5 5 0 1 2 1 4 5 6 0 4 2 3 4 5 1 0 3 2 1 4 5 2 0 1 2 3 4 5 6 0 4 2 4 4 5 6 5 4 2 
#1076815(div: 0) 1095521(div: 1) 1043470(div: 2) 1094731(div: 3) 1064174(div: 4) 1055599(div: 5) 1041706(div: 6) 
9 17 0 15 28 29 43 45 55 59 64 4 10 11 18 25 32 36 39 46 50 53 60 67 71 73 74 78 
#c 1 3 2 3 4 5 5 0 3 2 4 4 5 5 0 1 2 3 4 5 5 5 3 2 3 4 5 6 1 1 2 3 4 5 2 0 4 2 3 4 5 5 0 1 2 1 4 5 6 0 4 2 3 4 5 1 0 3 2 1 4 5 2 0 1 2 3 4 5 6 0 4 2 4 4 5 6 5 4 2 
#1076815(div: 0) 1095521(div: 1) 1043470(div: 2) 1094731(div: 3) 1064174(div: 4) 1055599(div: 5) 1041706(div: 6) 
14 4 2 9 16 23 30 34 37 44 51 58 62 65 72 79 27 48 69 76 
#c 1 3 2 3 4 5 5 0 3 2 4 4 5 5 0 1 2 3 4 5 5 5 3 2 3 4 5 6 1 1 2 3 4 5 2 0 4 2 3 4 5 5 0 1 2 1 4 5 6 0 4 2 3 4 5 1 0 3 2 1 4 5 2 0 1 2 3 4 5 6 0 4 2 4 4 5 6 5 4 2 
#1076815(div: 0) 1095521(div: 1) 1043470(div: 2) 1094731(div: 3) 1064174(div: 4) 1055599(div: 5) 1041706(div: 6) 
4 17 27 48 69 76 5 6 12 13 19 20 21 26 33 40 41 47 54 61 68 75 77 
#c 1 3 2 3 4 5 5 0 3 2 4 4 5 5 0 1 2 3 4 5 5 5 3 2 3 4 5 6 1 1 2 3 4 5 2 0 4 2 3 4 5 5 0 1 2 1 4 5 6 0 4 2 3 4 5 1 0 3 2 1 4 5 2 0 1 2 3 4 5 6 0 4 2 4 4 5 6 5 4 2 
#1076815(div: 0) 1095521(div: 1) 1043470(div: 2) 1094731(div: 3) 1064174(div: 4) 1055599(div: 5) 1041706(div: 6) 
9 17 0 15 28 29 43 45 55 59 64 5 6 12 13 19 20 21 26 33 40 41 47 54 61 68 75 77 
#c 1 3 2 3 4 5 5 0 3 2 4 4 5 5 0 1 2 3 4 5 5 5 3 2 3 4 5 6 1 1 2 3 4 5 2 0 4 2 3 4 5 5 0 1 2 1 4 5 6 0 4 2 3 4 5 1 0 3 2 1 4 5 2 0 1 2 3 4 5 6 0 4 2 4 4 5 6 5 4 2 
#1076815(div: 0) 1095521(div: 1) 1043470(div: 2) 1094731(div: 3) 1064174(div: 4) 1055599(div: 5) 1041706(div: 6) 
1 1 45 55 
#c 1 3 2 3 4 5 5 0 3 2 4 4 5 5 0 1 2 3 4 5 5 5 3 2 3 4 5 6 1 1 2 3 4 5 2 0 4 2 3 4 5 5 0 1 2 1 4 5 6 0 4 2 3 4 5 1 0 3 2 1 4 5 2 0 1 2 3 4 5 6 0 4 2 4 4 5 6 5 4 2 
#1076815(div: 0) 1095521(div: 1) 1043470(div: 2) 1094731(div: 3) 1064174(div: 4) 1055599(div: 5) 1041706(div: 6) 
1 1 45 59 
#c 1 3 2 3 4 5 5 0 3 2 4 4 5 5 0 1 2 3 4 5 5 5 3 2 3 4 5 6 1 1 2 3 4 5 2 0 4 2 3 4 5 5 0 1 2 1 4 5 6 0 4 2 3 4 5 1 0 3 2 1 4 5 2 0 1 2 3 4 5 6 0 4 2 4 4 5 6 5 4 2 
#1076815(div: 0) 1095521(div: 1) 1043470(div: 2) 1094731(div: 3) 1064174(div: 4) 1055599(div: 5) 1041706(div: 6) 
1 1 29 45 
#c 1 3 2 3 4 5 5 0 3 2 4 4 5 5 0 1 2 3 4 5 5 5 3 2 3 4 5 6 1 1 2 3 4 5 2 0 4 2 3 4 5 5 0 1 2 6 4 5 6 0 4 2 3 4 5 1 0 3 2 1 4 5 2 0 1 2 3 4 5 6 0 4 2 4 4 5 6 5 4 2 
#1076815(div: 0) 1095241(div: 1) 1043470(div: 2) 1094731(div: 3) 1064174(div: 4) 1055599(div: 5) 1041986(div: 6) 
8 5 0 15 28 29 43 55 59 64 27 45 48 69 76 
#c 1 3 2 3 4 5 5 0 3 2 4 4 5 5 0 1 2 3 4 5 5 5 3 2 3 4 5 6 1 1 2 3 4 5 2 0 4 2 3 4 5 5 0 1 2 6 4 5 6 0 4 2 3 4 5 1 0 3 2 1 4 5 2 0 1 2 3 4 5 6 0 4 2 4 4 5 6 5 4 2 
#1076815(div: 0) 1095241(div: 1) 1043470(div: 2) 1094731(div: 3) 1064174(div: 4) 1055599(div: 5) 1041986(div: 6) 
1 1 15 55 
#c 1 3 2 3 4 5 5 0 3 2 4 4 5 5 0 1 2 3 4 5 5 5 3 2 3 4 5 6 1 1 2 3 4 5 2 0 4 2 3 4 5 5 0 1 2 6 4 5 6 0 4 2 3 4 5 1 0 3 2 1 4 5 2 0 1 2 3 4 5 6 0 4 2 4 4 5 6 5 4 2 
#1076815(div: 0) 1095241(div: 1) 1043470(div: 2) 1094731(div: 3) 1064174(div: 4) 1055599(div: 5) 1041986(div: 6) 
1 1 55 64 
#c 1 3 2 3 4 5 5 0 3 2 4 4 5 5 0 1 2 3 4 5 5 5 3 2 3 4 5 6 1 1 2 3 4 5 2 0 4 2 3 4 5 5 0 1 2 6 4 5 6 0 4 2 3 4 5 1 0 3 2 1 4 5 2 0 1 2 3 4 5 6 0 4 2 4 4 5 6 5 4 2 
#1076815(div: 0) 1095241(div: 1) 1043470(div: 2) 1094731(div: 3) 1064174(div: 4) 1055599(div: 5) 1041986(div: 6) 
1 1 55 59 
#c 1 3 2 3 4 5 5 0 3 2 4 4 5 5 0 1 2 3 4 5 5 5 3 2 3 4 5 6 1 1 2 3 4 5 2 0 4 2 3 4 5 5 0 1 2 6 4 5 6 0 4 2 3 4 5 1 0 3 2 6 4 5 2 0 1 2 3 4 5 6 0 4 2 4 4 5 6 5 4 2 
#1076815(div: 0) 1092476(div: 1) 1043470(div: 2) 1094731(div: 3) 1064174(div: 4) 1055599(div: 5) 1044751(div: 6) 
8 6 7 14 35 42 49 56 63 70 27 45 48 59 69 76 
#c 1 3 2 3 4 5 5 0 3 2 4 4 5 5 0 1 2 3 4 5 5 5 3 2 3 4 5 6 1 1 2 3 4 5 2 0 4 2 3 4 5 5 0 1 2 6 4 5 6 0 4 2 3 4 5 1 0 3 2 6 4 5 2 0 1 2 3 4 5 6 0 4 2 4 4 5 6 5 4 2 
#1076815(div: 0) 1092476(div: 1) 1043470(div: 2) 1094731(div: 3) 1064174(div: 4) 1055599(div: 5) 1044751(div: 6) 
6 7 27 45 48 59 69 76 0 15 28 29 43 55 64 
#c 1 3 2 3 4 5 5 0 3 2 4 4 5 5 0 1 2 3 4 5 5 5 3 2 3 4 5 6 1 1 2 3 4 5 2 0 4 2 3 4 5 5 0 1 2 6 4 5 6 0 4 2 3 4 5 1 0 3 2 6 4 5 2 0 1 2 3 4 5 6 0 4 2 4 4 5 6 5 4 2 
#1076815(div: 0) 1092476(div: 1) 1043470(div: 2) 1094731(div: 3) 1064174(div: 4) 1055599(div: 5) 1044751(div: 6) 
8 7 7 14 35 42 49 56 63 70 0 15 28 29 43 55 64 
#c 1 3 2 3 4 5 5 0 3 2 4 4 5 5 0 1 2 3 4 5 5 5 3 2 3 4 5 6 1 1 2 3 4 5 2 0 4 2 3 4 5 5 0 1 2 6 4 5 6 0 4 2 3 4 5 1 0 3 2 6 4 5 2 0 1 2 3 4 5 6 0 4 2 4 4 5 6 5 4 2 
#1076815(div: 0) 1092476(div: 1) 1043470(div: 2) 1094731(div: 3) 1064174(div: 4) 1055599(div: 5) 1044751(div: 6) 
6 11 27 45 48 59 69 76 1 3 8 17 22 24 31 38 52 57 66 
#c 1 3 2 3 4 5 5 0 3 2 4 4 5 5 0 1 2 3 4 5 5 5 3 2 3 4 5 6 1 1 2 3 4 5 2 0 4 2 3 4 5 5 0 1 2 6 4 5 6 0 4 2 3 4 5 1 0 3 2 6 4 5 2 0 1 2 3 4 5 6 0 4 2 4 4 5 6 5 4 2 
#1076815(div: 0) 1092476(div: 1) 1043470(div: 2) 1094731(div: 3) 1064174(div: 4) 1055599(div: 5) 1044751(div: 6) 
7 11 0 15 28 29 43 55 64 1 3 8 17 22 24 31 38 52 57 66 
#c 1 3 2 3 4 5 5 0 3 2 4 4 5 5 0 1 2 3 4 5 5 5 3 2 3 4 5 6 1 1 2 3 4 5 2 0 4 2 3 4 5 5 0 1 2 6 4 5 6 0 4 2 3 4 5 1 0 3 2 6 4 5 2 0 1 2 3 4 5 6 0 4 2 4 4 5 6 5 4 2 
#1076815(div: 0) 1092476(div: 1) 1043470(div: 2) 1094731(div: 3) 1064174(div: 4) 1055599(div: 5) 1044751(div: 6) 
6 14 27 45 48 59 69 76 2 9 16 23 30 34 37 44 51 58 62 65 72 79 
#c 1 3 2 3 4 5 5 0 3 2 4 4 5 5 0 1 2 3 4 5 5 5 3 2 3 4 5 6 1 1 2 3 4 5 2 0 4 2 3 4 5 5 0 1 2 6 4 5 6 0 4 2 3 4 5 1 0 3 2 6 4 5 2 0 1 2 3 4 5 6 0 4 2 4 4 5 6 5 4 2 
#1076815(div: 0) 1092476(div: 1) 1043470(div: 2) 1094731(div: 3) 1064174(div: 4) 1055599(div: 5) 1044751(div: 6) 
1 1 1 38 
#c 1 3 2 3 4 5 5 0 3 2 4 4 5 5 0 1 2 3 4 5 5 5 3 2 3 4 5 6 1 1 2 3 4 5 2 0 4 2 3 4 5 5 0 1 2 6 4 5 6 0 4 2 3 4 5 1 0 3 2 6 4 5 2 0 1 2 3 4 5 6 0 4 2 4 4 5 6 5 4 2 
#1076815(div: 0) 1092476(div: 1) 1043470(div: 2) 1094731(div: 3) 1064174(div: 4) 1055599(div: 5) 1044751(div: 6) 
1 1 1 52 
#c 1 3 2 3 4 5 5 0 3 2 4 4 5 5 0 1 2 3 4 5 5 5 3 2 3 4 5 6 1 1 2 3 4 5 2 0 4 2 3 4 5 5 0 1 2 6 4 5 6 0 4 2 3 4 5 1 0 3 2 6 4 5 2 0 1 2 3 4 5 6 0 4 2 4 4 5 6 5 4 2 
#1076815(div: 0) 1092476(div: 1) 1043470(div: 2) 1094731(div: 3) 1064174(div: 4) 1055599(div: 5) 1044751(div: 6) 
1 1 1 66 
#c 1 3 2 3 4 5 5 0 3 2 4 4 5 5 0 1 2 3 4 5 5 5 3 2 3 4 5 6 1 1 2 3 4 5 2 0 4 2 3 4 5 5 0 1 2 6 4 5 6 0 4 2 3 4 5 1 0 3 2 6 4 5 2 0 1 2 2 4 5 6 0 4 2 4 4 5 6 5 4 2 
#1076815(div: 0) 1092476(div: 1) 1048829(div: 2) 1089372(div: 3) 1064174(div: 4) 1055599(div: 5) 1044751(div: 6) 
10 15 1 3 8 17 22 24 31 38 52 57 2 9 16 23 30 34 37 44 51 58 62 65 66 72 79 
#c 1 3 2 3 4 5 5 0 3 2 4 4 5 5 0 1 2 3 4 5 5 5 3 2 3 4 5 6 1 1 2 3 4 5 2 0 4 2 3 4 5 5 0 1 2 6 4 5 6 0 4 2 3 4 5 1 0 3 2 6 4 5 2 0 1 2 2 4 5 6 0 4 2 4 4 5 6 5 4 2 
#1076815(div: 0) 1092476(div: 1) 1048829(div: 2) 1089372(div: 3) 1064174(div: 4) 1055599(div: 5) 1044751(div: 6) 
1 1 24 31 
#c 1 3 2 3 4 5 5 0 3 2 4 4 5 5 0 1 2 3 4 5 5 5 3 2 3 4 5 6 1 1 2 3 4 5 2 0 4 2 3 4 5 5 0 1 2 6 4 5 6 0 4 2 3 4 5 1 0 3 2 6 4 5 2 0 1 2 2 4 5 6 0 4 2 4 4 5 6 5 4 2 
#1076815(div: 0) 1092476(div: 1) 1048829(div: 2) 1089372(div: 3) 1064174(div: 4) 1055599(div: 5) 1044751(div: 6) 
1 1 22 24 
#c 1 3 2 3 4 5 5 0 3 2 4 4 5 5 0 1 2 3 4 5 5 5 3 2 3 4 5 6 1 1 2 3 4 5 2 0 4 2 3 4 5 5 0 1 2 6 4 5 6 0 4 2 3 4 5 1 0 3 2 6 4 5 2 0 1 2 2 4 5 6 0 4 2 4 4 5 6 5 4 2 
#1076815(div: 0) 1092476(div: 1) 1048829(div: 2) 1089372(div: 3) 1064174(div: 4) 1055599(div: 5) 1044751(div: 6) 
1 1 22 52 
#c 1 3 2 3 4 5 5 0 3 2 4 4 5 5 0 1 2 3 4 5 5 5 2 2 3 4 5 6 1 1 2 3 4 5 2 0 4 2 3 4 5 5 0 1 2 6 4 5 6 0 4 2 3 4 5 1 0 3 2 6 4 5 2 0 1 2 2 4 5 6 0 4 2 4 4 5 6 5 4 2 
#1076815(div: 0) 1092476(div: 1) 1102974(div: 2) 1035227(div: 3) 1064174(div: 4) 1055599(div: 5) 1044751(div: 6) 
8 9 7 14 35 42 49 56 63 70 1 3 8 17 24 31 38 52 57 
#c 1 3 2 3 4 5 5 0 3 2 4 4 5 5 0 1 2 3 4 5 5 5 2 2 3 4 5 6 1 1 2 3 4 5 2 0 4 2 3 4 5 5 0 1 2 6 4 5 6 0 4 2 3 4 5 1 0 3 2 6 4 5 2 0 1 2 2 4 5 6 0 4 2 4 4 5 6 5 4 2 
#1076815(div: 0) 1092476(div: 1) 1102974(div: 2) 1035227(div: 3) 1064174(div: 4) 1055599(div: 5) 1044751(div: 6) 
9 7 1 3 8 17 24 31 38 52 57 0 15 28 29 43 55 64 
#c 1 3 2 3 4 5 5 0 3 2 4 4 5 5 0 1 2 3 4 5 5 5 2 2 3 4 5 6 1 1 2 3 4 5 2 0 4 2 3 4 5 5 0 1 2 6 4 5 6 0 4 2 3 4 5 1 0 3 2 6 4 5 2 0 1 2 2 4 5 6 0 4 2 4 4 5 6 5 4 2 
#1076815(div: 0) 1092476(div: 1) 1102974(div: 2) 1035227(div: 3) 1064174(div: 4) 1055599(div: 5) 1044751(div: 6) 
8 7 7 14 35 42 49 56 63 70 0 15 28 29 43 55 64 
#c 1 3 2 3 4 5 5 0 3 2 4 4 5 5 0 1 2 3 4 5 5 5 2 2 3 4 5 6 1 1 2 3 4 5 2 0 4 2 3 4 5 5 0 1 2 6 4 5 6 0 4 2 3 4 5 1 0 3 2 6 4 5 2 0 1 2 2 4 5 6 0 4 2 4 4 5 6 5 4 2 
#1076815(div: 0) 1092476(div: 1) 1102974(div: 2) 1035227(div: 3) 1064174(div: 4) 1055599(div: 5) 1044751(div: 6) 
9 6 1 3 8 17 24 31 38 52 57 27 45 48 59 69 76 
#c 1 3 2 3 4 5 5 0 3 2 4 4 5 5 0 1 2 3 4 5 5 5 2 2 3 4 5 6 1 1 2 3 4 5 2 0 4 2 3 4 5 5 0 1 2 6 4 5 6 0 4 2 3 4 5 1 0 3 2 6 4 5 2 0 1 2 2 4 5 6 0 4 2 4 4 5 6 5 4 2 
#1076815(div: 0) 1092476(div: 1) 1102974(div: 2) 1035227(div: 3) 1064174(div: 4) 1055599(div: 5) 1044751(div: 6) 
7 6 0 15 28 29 43 55 64 27 45 48 59 69 76 
#c 1 3 2 3 4 5 5 0 3 2 4 4 5 5 0 1 2 3 4 5 5 5 2 2 3 4 5 6 1 1 2 3 4 5 2 0 4 2 3 4 5 5 0 1 2 6 4 5 6 0 4 2 3 4 5 1 0 3 2 6 4 5 2 0 1 2 2 4 5 6 0 4 2 4 4 5 6 5 4 2 
#1076815(div: 0) 1092476(div: 1) 1102974(div: 2) 1035227(div: 3) 1064174(div: 4) 1055599(div: 5) 1044751(div: 6) 
9 17 1 3 8 17 24 31 38 52 57 4 10 11 18 25 32 36 39 46 50 53 60 67 71 73 74 78 
#c 1 3 2 3 4 5 5 0 3 2 4 4 5 5 0 1 2 3 4 5 5 5 2 2 3 4 5 6 1 1 2 3 4 5 2 0 4 2 3 4 5 5 0 1 2 6 4 5 6 0 4 2 3 4 5 1 0 3 2 6 4 5 2 0 1 2 2 4 5 6 0 4 2 4 4 5 6 5 4 2 
#1076815(div: 0) 1092476(div: 1) 1102974(div: 2) 1035227(div: 3) 1064174(div: 4) 1055599(div: 5) 1044751(div: 6) 
7 17 0 15 28 29 43 55 64 4 10 11 18 25 32 36 39 46 50 53 60 67 71 73 74 78 
#c 1 3 2 3 4 5 5 0 3 2 4 4 5 5 0 1 2 3 4 5 5 5 2 2 3 4 5 6 1 1 2 3 4 5 2 0 4 2 3 4 5 5 0 1 2 6 4 5 6 0 4 2 3 4 5 1 0 3 2 6 4 5 2 0 1 2 2 4 5 6 0 4 2 4 4 5 6 5 4 2 
#1076815(div: 0) 1092476(div: 1) 1102974(div: 2) 1035227(div: 3) 1064174(div: 4) 1055599(div: 5) 1044751(div: 6) 
1 1 15 29 
#c 1 3 2 3 4 5 5 0 3 2 4 4 5 5 0 1 2 3 4 5 5 5 2 2 3 4 5 6 1 1 2 3 4 5 2 0 4 2 3 4 5 5 0 1 2 6 4 5 6 0 4 2 3 4 5 1 0 3 2 6 4 5 2 0 1 2 2 4 5 6 0 4 2 4 4 5 6 5 4 2 
#1076815(div: 0) 1092476(div: 1) 1102974(div: 2) 1035227(div: 3) 1064174(div: 4) 1055599(div: 5) 1044751(div: 6) 
1 1 15 43 
#c 1 3 2 3 4 5 5 0 3 2 4 4 5 5 0 1 2 3 4 5 5 5 2 2 3 4 5 6 1 1 2 3 4 5 2 0 4 2 3 4 5 5 0 1 2 6 4 5 6 0 4 2 3 4 5 1 0 3 2 6 4 5 2 0 1 2 2 4 5 6 0 4 2 4 4 5 6 5 4 2 
#1076815(div: 0) 1092476(div: 1) 1102974(div: 2) 1035227(div: 3) 1064174(div: 4) 1055599(div: 5) 1044751(div: 6) 
1 1 15 55 
#c 1 3 2 3 4 5 5 0 3 2 4 4 5 5 0 1 2 3 4 5 5 5 2 2 3 4 5 6 1 1 2 3 4 5 2 0 4 2 3 4 5 5 0 1 2 6 4 5 6 0 4 2 3 4 5 3 0 3 2 6 4 5 2 0 1 2 2 4 5 6 0 4 2 4 4 5 6 5 4 2 
#1076815(div: 0) 1021592(div: 1) 1102974(div: 2) 1106111(div: 3) 1064174(div: 4) 1055599(div: 5) 1044751(div: 6) 
6 10 0 15 28 29 43 64 1 3 8 17 24 31 38 52 55 57 
#c 1 3 2 3 4 5 5 0 3 2 4 4 5 5 0 1 2 3 4 5 5 5 2 2 3 4 5 6 1 1 2 3 4 5 2 0 4 2 3 4 5 5 0 1 2 6 4 5 6 0 4 2 3 4 5 3 0 3 2 6 4 5 2 0 1 2 2 4 5 6 0 4 2 4 4 5 6 5 4 2 
#1076815(div: 0) 1021592(div: 1) 1102974(div: 2) 1106111(div: 3) 1064174(div: 4) 1055599(div: 5) 1044751(div: 6) 
17 6 5 6 12 13 19 20 21 26 33 40 41 47 54 61 68 75 77 27 45 48 59 69 76 
#c 1 3 2 3 4 5 5 0 3 2 4 4 5 5 0 1 2 3 4 5 5 5 2 2 3 4 5 6 1 1 2 3 4 5 2 0 4 2 3 4 5 5 0 1 2 6 4 5 6 0 4 2 3 4 5 3 0 3 2 6 4 5 2 0 1 2 2 4 5 6 0 4 2 4 4 5 6 5 4 2 
#1076815(div: 0) 1021592(div: 1) 1102974(div: 2) 1106111(div: 3) 1064174(div: 4) 1055599(div: 5) 1044751(div: 6) 
6 6 27 45 48 59 69 76 0 15 28 29 43 64 
#c 1 3 2 3 4 5 5 0 3 2 4 4 5 5 0 1 2 3 4 5 5 5 2 2 3 4 5 6 1 1 2 3 4 5 2 0 4 2 3 4 5 5 0 1 2 6 4 5 6 0 4 2 3 4 5 3 0 3 2 6 4 5 2 0 1 2 2 4 5 6 0 4 2 4 4 5 6 5 4 2 
#1076815(div: 0) 1021592(div: 1) 1102974(div: 2) 1106111(div: 3) 1064174(div: 4) 1055599(div: 5) 1044751(div: 6) 
6 16 0 15 28 29 43 64 2 9 16 22 23 30 34 37 44 51 58 62 65 66 72 79 
#c 1 3 2 3 4 5 5 0 3 2 4 4 5 5 0 1 2 3 4 5 5 5 2 2 3 4 5 6 1 1 2 3 4 5 2 0 4 2 3 4 5 5 0 1 2 6 4 5 6 0 4 2 3 4 5 3 0 3 2 6 4 5 2 0 1 2 2 4 5 6 0 4 2 4 4 5 6 5 4 2 
#1076815(div: 0) 1021592(div: 1) 1102974(div: 2) 1106111(div: 3) 1064174(div: 4) 1055599(div: 5) 1044751(div: 6) 
17 16 5 6 12 13 19 20 21 26 33 40 41 47 54 61 68 75 77 2 9 16 22 23 30 34 37 44 51 58 62 65 66 72 79 
#c 1 3 2 3 4 5 5 0 3 2 4 4 5 5 0 1 2 3 4 5 5 5 2 2 3 4 5 6 1 1 2 3 4 5 2 0 4 2 3 4 5 5 0 1 2 6 4 5 6 0 4 2 3 4 5 3 0 3 2 6 4 5 2 0 1 2 2 4 5 6 0 4 2 4 4 5 6 5 4 2 
#1076815(div: 0) 1021592(div: 1) 1102974(div: 2) 1106111(div: 3) 1064174(div: 4) 1055599(div: 5) 1044751(div: 6) 
6 17 0 15 28 29 43 64 4 10 11 18 25 32 36 39 46 50 53 60 67 71 73 74 78 
#c 1 3 2 3 4 5 5 0 3 2 4 4 5 5 0 1 2 3 4 5 5 5 2 2 3 4 5 6 1 1 2 3 4 5 2 0 4 2 3 4 5 5 0 1 2 6 4 5 6 0 4 2 3 4 5 3 0 3 2 6 4 5 2 0 1 2 2 4 5 6 0 4 2 4 4 5 6 5 4 2 
#1076815(div: 0) 1021592(div: 1) 1102974(div: 2) 1106111(div: 3) 1064174(div: 4) 1055599(div: 5) 1044751(div: 6) 
16 17 2 9 16 22 23 30 34 37 44 51 58 62 65 66 72 79 4 10 11 18 25 32 36 39 46 50 53 60 67 71 73 74 78 
#c 1 3 2 3 4 5 5 0 3 2 4 4 5 5 0 1 2 3 4 5 5 5 2 2 3 4 5 6 1 1 2 3 4 5 2 0 4 2 3 4 5 5 0 1 2 6 4 5 6 0 4 2 3 4 5 3 0 3 2 6 4 5 2 0 1 2 2 4 5 6 0 4 2 4 4 5 6 5 4 2 
#1076815(div: 0) 1021592(div: 1) 1102974(div: 2) 1106111(div: 3) 1064174(div: 4) 1055599(div: 5) 1044751(div: 6) 
1 1 30 65 
#c 1 3 2 3 4 5 5 0 3 2 4 4 5 5 0 1 2 3 4 5 5 5 2 2 3 4 5 6 1 1 2 3 4 5 2 0 4 2 3 4 5 5 0 1 2 6 4 5 6 0 4 2 3 4 5 3 0 3 2 6 4 5 2 0 1 2 2 4 5 6 0 4 2 4 4 5 6 5 4 2 
#1076815(div: 0) 1021592(div: 1) 1102974(div: 2) 1106111(div: 3) 1064174(div: 4) 1055599(div: 5) 1044751(div: 6) 
1 1 16 65 
#c 1 3 2 3 4 5 5 0 3 2 4 4 5 5 0 1 2 3 4 5 5 5 2 2 3 4 5 6 1 1 2 3 4 5 2 0 4 2 3 4 5 5 0 1 2 6 4 5 6 0 4 2 3 4 5 3 0 3 2 6 4 5 2 0 1 2 2 4 5 6 0 4 2 4 4 5 6 5 4 2 
#1076815(div: 0) 1021592(div: 1) 1102974(div: 2) 1106111(div: 3) 1064174(div: 4) 1055599(div: 5) 1044751(div: 6) 
1 1 16 66 
#c 1 3 2 3 4 5 5 0 3 2 4 4 5 5 0 1 2 3 4 5 5 5 2 2 3 4 5 6 1 1 2 3 4 5 2 0 4 2 3 4 5 5 0 1 2 6 4 5 6 0 4 2 3 4 5 3 0 3 2 6 4 5 2 0 1 2 1 4 5 6 0 4 2 4 4 5 6 5 4 2 
#1076815(div: 0) 1026951(div: 1) 1097615(div: 2) 1106111(div: 3) 1064174(div: 4) 1055599(div: 5) 1044751(div: 6) 
15 7 2 9 16 22 23 30 34 37 44 51 58 62 65 72 79 0 15 28 29 43 64 66 
#c 1 3 2 3 4 5 5 0 3 2 4 4 5 5 0 1 2 3 4 5 5 5 2 2 3 4 5 6 1 1 2 3 4 5 2 0 4 2 3 4 5 5 0 1 2 6 4 5 6 0 4 2 3 4 5 3 0 3 2 6 4 5 2 0 1 2 1 4 5 6 0 4 2 4 4 5 6 5 4 2 
#1076815(div: 0) 1026951(div: 1) 1097615(div: 2) 1106111(div: 3) 1064174(div: 4) 1055599(div: 5) 1044751(div: 6) 
1 1 2 72 
#c 1 3 2 3 4 5 5 0 3 2 4 4 5 5 0 1 2 3 4 5 5 5 2 2 3 4 5 6 1 1 2 3 4 5 2 0 4 2 3 4 5 5 0 1 2 6 4 5 6 0 4 2 3 4 5 3 0 3 2 6 4 5 2 0 1 2 1 4 5 6 0 4 2 4 4 5 6 5 4 2 
#1076815(div: 0) 1026951(div: 1) 1097615(div: 2) 1106111(div: 3) 1064174(div: 4) 1055599(div: 5) 1044751(div: 6) 
1 1 2 37 
#c 1 3 2 3 4 5 5 0 3 2 4 4 5 5 0 1 2 3 4 5 5 5 2 2 3 4 5 6 1 1 2 3 4 5 2 0 4 2 3 4 5 5 0 1 2 6 4 5 6 0 4 2 3 4 5 3 0 3 2 6 4 5 2 0 1 2 1 4 5 6 0 4 2 4 4 5 6 5 4 2 
#1076815(div: 0) 1026951(div: 1) 1097615(div: 2) 1106111(div: 3) 1064174(div: 4) 1055599(div: 5) 1044751(div: 6) 
1 1 2 9 
#c 1 3 1 3 4 5 5 0 3 2 4 4 5 5 0 1 2 3 4 5 5 5 2 2 3 4 5 6 1 1 2 3 4 5 2 0 4 2 3 4 5 5 0 1 2 6 4 5 6 0 4 2 3 4 5 3 0 3 2 6 4 5 2 0 1 2 1 4 5 6 0 4 2 4 4 5 6 5 4 2 
#1076815(div: 0) 1043226(div: 1) 1081340(div: 2) 1106111(div: 3) 1064174(div: 4) 1055599(div: 5) 1044751(div: 6) 
8 17 7 14 35 42 49 56 63 70 4 10 11 18 25 32 36 39 46 50 53 60 67 71 73 74 78 
#c 1 3 1 3 4 5 5 0 3 2 4 4 5 5 0 1 2 3 4 5 5 5 2 2 3 4 5 6 1 1 2 3 4 5 2 0 4 2 3 4 5 5 0 1 2 6 4 5 6 0 4 2 3 4 5 3 0 3 2 6 4 5 2 0 1 2 1 4 5 6 0 4 2 4 4 5 6 5 4 2 
#1076815(div: 0) 1043226(div: 1) 1081340(div: 2) 1106111(div: 3) 1064174(div: 4) 1055599(div: 5) 1044751(div: 6) 
17 17 4 10 11 18 25 32 36 39 46 50 53 60 67 71 73 74 78 5 6 12 13 19 20 21 26 33 40 41 47 54 61 68 75 77 
#c 1 3 1 3 4 5 5 0 3 2 4 4 5 5 0 1 2 3 4 5 5 5 2 2 3 4 5 6 1 1 2 3 4 5 2 0 4 2 3 4 5 5 0 1 2 6 4 5 6 0 4 2 3 4 5 3 0 3 2 6 4 5 2 0 1 2 1 4 5 6 0 4 2 4 4 5 6 5 4 2 
#1076815(div: 0) 1043226(div: 1) 1081340(div: 2) 1106111(div: 3) 1064174(div: 4) 1055599(div: 5) 1044751(div: 6) 
17 6 5 6 12 13 19 20 21 26 33 40 41 47 54 61 68 75 77 27 45 48 59 69 76 
#c 1 3 1 3 4 5 5 0 3 2 4 4 5 5 0 1 2 3 4 5 5 5 2 2 3 4 5 6 1 1 2 3 4 5 2 0 4 2 3 4 5 5 0 1 2 6 4 5 6 0 4 2 3 4 5 3 0 3 2 6 4 5 2 0 1 2 1 4 5 6 0 4 2 4 4 5 6 5 4 2 
#1076815(div: 0) 1043226(div: 1) 1081340(div: 2) 1106111(div: 3) 1064174(div: 4) 1055599(div: 5) 1044751(div: 6) 
6 10 27 45 48 59 69 76 1 3 8 17 24 31 38 52 55 57 
#c 1 3 1 3 4 5 5 0 3 2 4 4 5 5 0 1 2 3 4 5 5 5 2 2 3 4 5 6 1 1 2 3 4 5 2 0 4 2 3 4 5 5 0 1 2 6 4 5 6 0 4 2 3 4 5 3 0 3 2 6 4 5 2 0 1 2 1 4 5 6 0 4 2 4 4 5 6 5 4 2 
#1076815(div: 0) 1043226(div: 1) 1081340(div: 2) 1106111(div: 3) 1064174(div: 4) 1055599(div: 5) 1044751(div: 6) 
8 10 7 14 35 42 49 56 63 70 1 3 8 17 24 31 38 52 55 57 
#c 1 3 1 3 4 5 5 0 3 2 4 4 5 5 0 1 2 3 4 5 5 5 2 2 3 4 5 6 1 1 2 3 4 5 2 0 4 2 3 4 5 5 0 1 2 6 4 5 6 0 4 2 3 4 5 3 0 3 2 6 4 5 2 0 1 2 1 4 5 6 0 4 2 4 4 5 6 5 4 2 
#1076815(div: 0) 1043226(div: 1) 1081340(div: 2) 1106111(div: 3) 1064174(div: 4) 1055599(div: 5) 1044751(div: 6) 
1 1 3 55 
#c 1 3 1 3 4 5 5 0 3 2 4 4 5 5 0 1 2 3 4 5 5 5 2 2 3 4 5 6 1 1 2 3 4 5 2 0 4 2 3 4 5 5 0 1 2 6 4 5 6 0 4 2 3 4 5 3 0 3 2 6 4 5 2 0 1 2 1 4 5 6 0 4 2 4 4 5 6 5 4 2 
#1076815(div: 0) 1043226(div: 1) 1081340(div: 2) 1106111(div: 3) 1064174(div: 4) 1055599(div: 5) 1044751(div: 6) 
1 1 17 55 
#c 1 3 1 3 4 5 5 0 3 2 4 4 5 5 0 1 2 3 4 5 5 5 2 2 3 4 5 6 1 1 2 3 4 5 2 0 4 2 3 4 5 5 0 1 2 6 4 5 6 0 4 2 3 4 5 3 0 3 2 6 4 5 2 0 1 2 1 4 5 6 0 4 2 4 4 5 6 5 4 2 
#1076815(div: 0) 1043226(div: 1) 1081340(div: 2) 1106111(div: 3) 1064174(div: 4) 1055599(div: 5) 1044751(div: 6) 
1 1 17 31 
#c 1 3 1 3 4 5 5 0 3 2 4 4 5 5 0 1 2 3 4 5 5 5 2 2 3 4 5 6 1 1 2 3 4 5 2 0 4 2 3 4 5 5 0 1 2 6 4 5 6 0 4 2 3 4 5 3 0 3 2 6 4 5 2 0 1 2 1 4 5 6 0 4 2 4 4 5 6 5 4 2 
#1076815(div: 0) 1043226(div: 1) 1081340(div: 2) 1106111(div: 3) 1064174(div: 4) 1055599(div: 5) 1044751(div: 6) 
1 1 8 17 
#c 1 3 1 3 4 5 5 0 3 2 4 4 5 5 0 1 2 3 4 5 5 5 2 2 3 4 5 6 1 1 2 3 4 5 2 0 4 2 3 4 5 5 0 1 2 6 4 5 6 0 4 2 3 4 5 3 0 3 2 6 4 5 2 0 1 2 1 4 5 6 0 4 2 4 4 5 6 5 4 2 
#1076815(div: 0) 1043226(div: 1) 1081340(div: 2) 1106111(div: 3) 1064174(div: 4) 1055599(div: 5) 1044751(div: 6) 
1 1 17 52 
#c 1 3 1 3 4 5 5 0 3 2 4 4 5 5 0 1 2 3 4 5 5 5 2 2 3 4 5 6 1 1 2 3 4 5 2 0 4 2 3 4 5 5 0 1 2 6 4 5 6 0 4 2 3 4 5 3 0 3 2 6 4 5 2 0 1 2 1 4 5 6 0 4 2 4 4 5 6 5 4 2 
#1076815(div: 0) 1043226(div: 1) 1081340(div: 2) 1106111(div: 3) 1064174(div: 4) 1055599(div: 5) 1044751(div: 6) 
1 1 17 24 
#c 1 3 1 3 4 5 5 0 3 2 4 4 5 5 0 1 2 3 4 5 5 5 2 2 3 4 5 6 1 1 2 3 4 5 2 0 4 2 3 4 5 5 0 1 2 6 4 5 6 0 4 2 3 4 5 3 0 3 2 6 4 5 2 0 1 2 1 4 5 6 0 4 2 4 4 5 6 5 4 2 
#1076815(div: 0) 1043226(div: 1) 1081340(div: 2) 1106111(div: 3) 1064174(div: 4) 1055599(div: 5) 1044751(div: 6) 
1 1 1 17 
#c 1 3 1 3 4 5 5 0 3 2 4 4 5 5 0 1 2 3 4 5 5 5 2 2 3 4 5 6 1 1 2 3 4 5 2 0 4 2 3 4 5 5 0 1 2 6 4 5 6 0 4 2 3 4 5 3 0 3 2 6 4 5 2 0 1 2 1 4 5 6 0 4 2 4 4 5 6 5 4 2 
#1076815(div: 0) 1043226(div: 1) 1081340(div: 2) 1106111(div: 3) 1064174(div: 4) 1055599(div: 5) 1044751(div: 6) 
1 1 1 38 
#c 1 3 1 3 4 5 5 0 3 2 4 4 5 5 0 1 2 3 4 5 5 5 2 2 3 4 5 6 1 1 2 3 4 5 2 0 4 2 3 4 5 5 0 1 2 6 4 5 6 0 4 2 3 4 5 3 0 3 2 6 4 5 2 0 1 2 1 4 5 6 0 4 2 4 4 5 6 5 4 2 
#1076815(div: 0) 1043226(div: 1) 1081340(div: 2) 1106111(div: 3) 1064174(div: 4) 1055599(div: 5) 1044751(div: 6) 
1 1 1 57 
#c 1 6 1 3 4 5 5 0 3 2 4 4 5 5 0 1 2 3 4 5 5 5 2 2 3 4 5 6 1 1 2 3 4 5 2 0 4 2 3 4 5 5 0 1 2 6 4 5 6 0 4 2 3 4 5 3 0 3 2 6 4 5 2 0 1 2 1 4 5 6 0 4 2 4 4 5 6 5 4 2 
#1076815(div: 0) 1043226(div: 1) 1081340(div: 2) 1092095(div: 3) 1064174(div: 4) 1055599(div: 5) 1058767(div: 6) 
8 17 7 14 35 42 49 56 63 70 4 10 11 18 25 32 36 39 46 50 53 60 67 71 73 74 78 
#c 1 6 1 3 4 5 5 0 3 2 4 4 5 5 0 1 2 3 4 5 5 5 2 2 3 4 5 6 1 1 2 3 4 5 2 0 4 2 3 4 5 5 0 1 2 6 4 5 6 0 4 2 3 4 5 3 0 3 2 6 4 5 2 0 1 2 1 4 5 6 0 4 2 4 4 5 6 5 4 2 
#1076815(div: 0) 1043226(div: 1) 1081340(div: 2) 1092095(div: 3) 1064174(div: 4) 1055599(div: 5) 1058767(div: 6) 
17 14 4 10 11 18 25 32 36 39 46 50 53 60 67 71 73 74 78 9 16 22 23 30 34 37 44 51 58 62 65 72 79 
#c 1 6 1 3 4 5 5 0 3 2 4 4 5 5 0 1 2 3 4 5 5 5 2 2 3 4 5 6 1 1 2 3 4 5 2 0 4 2 3 4 5 5 0 1 2 6 4 5 6 0 4 2 3 4 5 3 0 3 2 6 4 5 2 0 1 2 1 4 5 6 0 4 2 4 4 5 6 5 4 2 
#1076815(div: 0) 1043226(div: 1) 1081340(div: 2) 1092095(div: 3) 1064174(div: 4) 1055599(div: 5) 1058767(div: 6) 
8 14 7 14 35 42 49 56 63 70 9 16 22 23 30 34 37 44 51 58 62 65 72 79 
#c 1 6 1 3 4 5 5 0 3 2 4 4 5 5 0 1 2 3 4 5 5 5 2 2 3 4 5 6 1 1 2 3 4 5 2 0 4 2 3 4 5 5 0 1 2 6 4 5 6 0 4 2 3 4 5 3 0 3 2 6 4 5 2 0 1 2 1 4 5 6 0 4 2 4 4 5 6 5 4 2 
#1076815(div: 0) 1043226(div: 1) 1081340(div: 2) 1092095(div: 3) 1064174(div: 4) 1055599(div: 5) 1058767(div: 6) 
17 9 4 10 11 18 25 32 36 39 46 50 53 60 67 71 73 74 78 3 8 17 24 31 38 52 55 57 
#c 1 6 1 3 4 5 5 0 3 2 4 4 5 5 0 1 2 3 4 5 5 5 2 2 3 4 5 6 1 1 2 3 4 5 2 0 4 2 3 4 5 5 0 1 2 6 4 5 6 0 4 2 3 4 5 3 0 3 2 6 4 5 2 0 1 2 1 4 5 6 0 4 2 4 4 5 6 5 4 2 
#1076815(div: 0) 1043226(div: 1) 1081340(div: 2) 1092095(div: 3) 1064174(div: 4) 1055599(div: 5) 1058767(div: 6) 
14 9 9 16 22 23 30 34 37 44 51 58 62 65 72 79 3 8 17 24 31 38 52 55 57 
#c 1 6 1 3 4 5 5 0 3 2 4 4 5 5 0 1 2 3 4 5 5 5 2 2 3 4 5 6 1 1 2 3 4 5 2 0 4 2 3 4 5 5 0 1 2 6 4 5 6 0 4 2 3 4 5 3 0 3 2 6 4 5 2 0 1 2 1 4 5 6 0 4 2 4 4 5 6 5 4 2 
#1076815(div: 0) 1043226(div: 1) 1081340(div: 2) 1092095(div: 3) 1064174(div: 4) 1055599(div: 5) 1058767(div: 6) 
17 17 4 10 11 18 25 32 36 39 46 50 53 60 67 71 73 74 78 5 6 12 13 19 20 21 26 33 40 41 47 54 61 68 75 77 
#c 1 6 1 3 4 5 5 0 3 2 4 4 5 5 0 1 2 3 4 5 5 5 2 2 3 4 5 6 1 1 2 3 4 5 2 0 4 2 3 4 5 5 0 1 2 6 4 5 6 0 4 2 3 4 5 3 0 3 2 6 4 5 2 0 1 2 1 4 5 6 0 4 2 4 4 5 6 5 4 2 
#1076815(div: 0) 1043226(div: 1) 1081340(div: 2) 1092095(div: 3) 1064174(div: 4) 1055599(div: 5) 1058767(div: 6) 
1 1 3 24 
#c 1 6 1 3 4 5 5 0 3 2 4 4 5 5 0 1 2 3 4 5 5 5 2 2 3 4 5 6 1 1 2 3 4 5 2 0 4 2 3 4 5 5 0 1 2 6 4 5 6 0 4 2 3 4 5 3 0 3 2 6 4 5 2 0 1 2 1 4 5 6 0 4 2 4 4 5 6 5 4 2 
#1076815(div: 0) 1043226(div: 1) 1081340(div: 2) 1092095(div: 3) 1064174(div: 4) 1055599(div: 5) 1058767(div: 6) 
1 1 8 24 
#c 1 6 1 3 4 5 5 0 3 2 4 4 5 5 0 1 2 3 4 5 5 5 2 2 3 4 5 6 1 1 2 3 4 5 2 0 4 2 3 4 5 5 0 1 2 6 4 5 6 0 4 2 3 4 5 3 0 3 2 6 4 5 2 0 1 2 1 4 5 6 0 4 2 4 4 5 6 5 4 2 
#1076815(div: 0) 1043226(div: 1) 1081340(div: 2) 1092095(div: 3) 1064174(div: 4) 1055599(div: 5) 1058767(div: 6) 
1 1 24 55 
#c 1 6 1 3 4 5 5 0 3 2 4 4 5 5 0 1 2 3 4 5 5 5 2 2 3 4 5 6 1 1 2 3 4 5 2 0 4 2 3 4 5 5 0 1 2 6 4 5 6 0 4 2 3 4 5 3 0 3 2 6 4 5 2 0 1 2 1 4 5 6 0 4 2 4 4 5 6 5 4 2 
#1076815(div: 0) 1043226(div: 1) 1081340(div: 2) 1092095(div: 3) 1064174(div: 4) 1055599(div: 5) 1058767(div: 6) 
1 1 24 38 
1 6 1 3 4 5 5 0 3 2 4 4 5 5 0 1 2 3 4 5 5 5 2 2 5 4 5 6 1 1 2 3 4 5 2 0 4 2 3 4 5 5 0 1 2 6 4 5 6 0 4 2 3 4 5 3 0 3 2 6 4 5 2 0 1 2 1 4 5 6 0 4 2 4 4 5 6 5 4 2 
#2474815
