#c 0 1 0 1 0 1 0 1 0 1 0 1 0 1 0 1 0 1 0 1 0 1 0 1 0 1 0 1 0 1 0 1 0 1 0 1 0 1 0 1 0 1 0 1 0 1 0 1 0 1 0 1 0 1 0 1 0 1 0 
#3623225(div: 0) 3234678(div: 1) 
30 29 0 2 4 6 8 10 12 14 16 18 20 22 24 26 28 30 32 34 36 38 40 42 44 46 48 50 52 54 56 58 1 3 5 7 9 11 13 15 17 19 21 23 25 27 29 31 33 35 37 39 41 43 45 47 49 51 53 55 57 
#c 0 1 0 1 0 1 0 1 0 1 0 1 0 1 0 1 0 1 0 1 0 1 0 1 0 1 0 1 0 1 0 1 0 1 0 1 0 1 0 1 0 1 0 1 0 1 0 1 0 1 0 1 0 1 0 1 0 1 0 
#3623225(div: 0) 3234678(div: 1) 
1 1 30 58 
#c 0 1 0 1 0 1 0 1 0 1 0 1 0 1 0 1 0 1 0 1 0 1 0 1 0 1 0 1 0 1 0 1 0 1 0 1 0 1 0 1 0 1 0 1 0 1 0 1 0 1 0 1 0 1 0 1 0 1 0 
#3623225(div: 0) 3234678(div: 1) 
1 1 0 30 
#c 0 1 0 1 0 1 0 1 0 1 0 1 0 1 0 1 0 1 0 1 0 1 0 1 0 1 0 1 0 1 0 1 0 1 0 1 0 1 0 1 0 1 0 1 0 1 0 1 0 1 0 1 0 1 0 1 0 1 0 
#3623225(div: 0) 3234678(div: 1) 
1 1 30 40 
#c 0 1 0 1 0 1 0 1 0 1 0 1 0 1 0 1 0 1 0 1 0 1 0 1 0 1 0 1 0 1 1 1 0 1 0 1 0 1 0 1 0 1 0 1 0 1 0 1 0 1 0 1 0 1 0 1 0 1 0 
#3614585(div: 0) 3243318(div: 1) 
29 30 0 2 4 6 8 10 12 14 16 18 20 22 24 26 28 32 34 36 38 40 42 44 46 48 50 52 54 56 58 1 3 5 7 9 11 13 15 17 19 21 23 25 27 29 30 31 33 35 37 39 41 43 45 47 49 51 53 55 57 
#c 0 1 0 1 0 1 0 1 0 1 0 1 0 1 0 1 0 1 0 1 0 1 0 1 0 1 0 1 0 1 1 1 0 1 0 1 0 1 0 1 0 1 0 1 0 1 0 1 0 1 0 1 0 1 0 1 0 1 0 
#3614585(div: 0) 3243318(div: 1) 
1 1 18 58 
#c 0 1 0 1 0 1 0 1 0 1 0 1 0 1 0 1 0 1 0 1 0 1 0 1 0 1 0 1 0 1 1 1 0 1 0 1 0 1 0 1 0 1 0 1 0 1 0 1 0 1 0 1 0 1 0 1 0 1 0 
#3614585(div: 0) 3243318(div: 1) 
1 1 20 58 
#c 0 1 0 1 0 1 0 1 0 1 0 1 0 1 0 1 0 1 0 1 0 1 0 1 0 1 0 1 0 1 1 1 0 1 0 1 0 1 0 1 0 1 0 1 0 1 0 1 0 1 0 1 0 1 0 1 0 1 0 
#3614585(div: 0) 3243318(div: 1) 
1 1 20 34 
#c 0 1 0 1 0 1 0 1 0 1 0 1 0 1 0 1 0 1 0 1 0 1 0 1 0 1 0 1 0 1 1 1 0 1 1 1 0 1 0 1 0 1 0 1 0 1 0 1 0 1 0 1 0 1 0 1 0 1 0 
#3608911(div: 0) 3248992(div: 1) 
28 31 0 2 4 6 8 10 12 14 16 18 20 22 24 26 28 32 36 38 40 42 44 46 48 50 52 54 56 58 1 3 5 7 9 11 13 15 17 19 21 23 25 27 29 30 31 33 34 35 37 39 41 43 45 47 49 51 53 55 57 
#c 0 1 0 1 0 1 0 1 0 1 0 1 0 1 0 1 0 1 0 1 0 1 0 1 0 1 0 1 0 1 1 1 0 1 1 1 0 1 0 1 0 1 0 1 0 1 0 1 0 1 0 1 0 1 0 1 0 1 0 
#3608911(div: 0) 3248992(div: 1) 
1 1 6 14 
#c 0 1 0 1 0 1 0 1 0 1 0 1 0 1 0 1 0 1 0 1 0 1 0 1 0 1 0 1 0 1 1 1 0 1 1 1 0 1 0 1 0 1 0 1 0 1 0 1 0 1 0 1 0 1 0 1 0 1 0 
#3608911(div: 0) 3248992(div: 1) 
1 1 14 52 
#c 0 1 0 1 0 1 0 1 0 1 0 1 0 1 0 1 0 1 0 1 0 1 0 1 0 1 0 1 0 1 1 1 0 1 1 1 0 1 0 1 0 1 0 1 0 1 0 1 0 1 0 1 0 1 0 1 0 1 0 
#3608911(div: 0) 3248992(div: 1) 
1 1 14 54 
#c 0 1 0 1 0 1 0 1 0 1 0 1 0 1 1 1 0 1 0 1 0 1 0 1 0 1 0 1 0 1 1 1 0 1 1 1 0 1 0 1 0 1 0 1 0 1 0 1 0 1 0 1 0 1 0 1 0 1 0 
#3498261(div: 0) 3359642(div: 1) 
27 32 0 2 4 6 8 10 12 16 18 20 22 24 26 28 32 36 38 40 42 44 46 48 50 52 54 56 58 1 3 5 7 9 11 13 14 15 17 19 21 23 25 27 29 30 31 33 34 35 37 39 41 43 45 47 49 51 53 55 57 
#c 0 1 0 1 0 1 0 1 0 1 0 1 0 1 1 1 0 1 0 1 0 1 0 1 0 1 0 1 0 1 1 1 0 1 1 1 0 1 0 1 0 1 0 1 0 1 0 1 0 1 0 1 0 1 0 1 0 1 0 
#3498261(div: 0) 3359642(div: 1) 
1 1 32 46 
#c 0 1 0 1 0 1 0 1 0 1 0 1 0 1 1 1 0 1 0 1 0 1 0 1 0 1 0 1 0 1 1 1 0 1 1 1 0 1 0 1 0 1 0 1 0 1 0 1 0 1 0 1 0 1 0 1 0 1 0 
#3498261(div: 0) 3359642(div: 1) 
1 1 16 46 
#c 0 1 0 1 0 1 0 1 0 1 0 1 0 1 1 1 0 1 0 1 0 1 0 1 0 1 0 1 0 1 1 1 0 1 1 1 0 1 0 1 0 1 0 1 0 1 0 1 0 1 0 1 0 1 0 1 0 1 0 
#3498261(div: 0) 3359642(div: 1) 
1 1 10 46 
#c 0 1 0 1 0 1 0 1 0 1 0 1 0 1 1 1 0 1 0 1 0 1 0 1 0 1 0 1 0 1 1 1 0 1 1 1 0 1 0 1 0 1 0 1 0 1 1 1 0 1 0 1 0 1 0 1 0 1 0 
#3469486(div: 0) 3388417(div: 1) 
26 33 0 2 4 6 8 10 12 16 18 20 22 24 26 28 32 36 38 40 42 44 48 50 52 54 56 58 1 3 5 7 9 11 13 14 15 17 19 21 23 25 27 29 30 31 33 34 35 37 39 41 43 45 46 47 49 51 53 55 57 
#c 0 1 0 1 0 1 0 1 0 1 0 1 0 1 1 1 0 1 0 1 0 1 0 1 0 1 0 1 0 1 1 1 0 1 1 1 0 1 0 1 0 1 0 1 0 1 1 1 0 1 0 1 0 1 0 1 0 1 0 
#3469486(div: 0) 3388417(div: 1) 
1 1 10 26 
#c 0 1 0 1 0 1 0 1 0 1 0 1 0 1 1 1 0 1 0 1 0 1 0 1 0 1 0 1 0 1 1 1 0 1 1 1 0 1 0 1 0 1 0 1 0 1 1 1 0 1 0 1 0 1 0 1 0 1 0 
#3469486(div: 0) 3388417(div: 1) 
1 1 26 38 
#c 0 1 0 1 0 1 0 1 0 1 0 1 0 1 1 1 0 1 0 1 0 1 0 1 0 1 0 1 0 1 1 1 0 1 1 1 0 1 0 1 0 1 0 1 0 1 1 1 0 1 0 1 0 1 0 1 0 1 0 
#3469486(div: 0) 3388417(div: 1) 
1 1 26 32 
#c 0 1 0 1 0 1 0 1 0 1 0 1 0 1 1 1 0 1 0 1 0 1 0 1 0 1 1 1 0 1 1 1 0 1 1 1 0 1 0 1 0 1 0 1 0 1 1 1 0 1 0 1 0 1 0 1 0 1 0 
#3451196(div: 0) 3406707(div: 1) 
25 34 0 2 4 6 8 10 12 16 18 20 22 24 28 32 36 38 40 42 44 48 50 52 54 56 58 1 3 5 7 9 11 13 14 15 17 19 21 23 25 26 27 29 30 31 33 34 35 37 39 41 43 45 46 47 49 51 53 55 57 
#c 0 1 0 1 0 1 0 1 0 1 0 1 0 1 1 1 0 1 0 1 0 1 0 1 0 1 1 1 0 1 1 1 0 1 1 1 0 1 0 1 0 1 0 1 0 1 1 1 0 1 0 1 0 1 0 1 0 1 0 
#3451196(div: 0) 3406707(div: 1) 
1 1 24 44 
#c 0 1 0 1 0 1 0 1 0 1 0 1 0 1 1 1 0 1 0 1 0 1 0 1 0 1 1 1 0 1 1 1 0 1 1 1 0 1 0 1 0 1 0 1 0 1 1 1 0 1 0 1 0 1 0 1 0 1 0 
#3451196(div: 0) 3406707(div: 1) 
1 1 16 44 
#c 0 1 0 1 0 1 0 1 0 1 0 1 0 1 1 1 0 1 0 1 0 1 0 1 0 1 1 1 0 1 1 1 0 1 1 1 0 1 0 1 0 1 0 1 0 1 1 1 0 1 0 1 0 1 0 1 0 1 0 
#3451196(div: 0) 3406707(div: 1) 
1 1 18 44 
#c 0 1 0 1 0 1 0 1 0 1 0 1 0 1 1 1 0 1 0 1 0 1 0 1 0 1 1 1 0 1 1 1 0 1 1 1 0 1 0 1 0 1 0 1 1 1 1 1 0 1 0 1 0 1 0 1 0 1 0 
#3440484(div: 0) 3417419(div: 1) 
24 35 0 2 4 6 8 10 12 16 18 20 22 24 28 32 36 38 40 42 48 50 52 54 56 58 1 3 5 7 9 11 13 14 15 17 19 21 23 25 26 27 29 30 31 33 34 35 37 39 41 43 44 45 46 47 49 51 53 55 57 
#c 0 1 0 1 0 1 0 1 0 1 0 1 0 1 1 1 0 1 0 1 0 1 0 1 0 1 1 1 0 1 1 1 0 1 1 1 0 1 0 1 0 1 0 1 1 1 1 1 0 1 0 1 0 1 0 1 0 1 0 
#3440484(div: 0) 3417419(div: 1) 
1 1 22 58 
#c 0 1 0 1 0 1 0 1 0 1 0 1 0 1 1 1 0 1 0 1 0 1 0 1 0 1 1 1 0 1 1 1 0 1 1 1 0 1 0 1 0 1 0 1 1 1 1 1 0 1 0 1 0 1 0 1 0 1 0 
#3440484(div: 0) 3417419(div: 1) 
1 1 8 22 
#c 0 1 0 1 0 1 0 1 0 1 0 1 0 1 1 1 0 1 0 1 0 1 0 1 0 1 1 1 0 1 1 1 0 1 1 1 0 1 0 1 0 1 0 1 1 1 1 1 0 1 0 1 0 1 0 1 0 1 0 
#3440484(div: 0) 3417419(div: 1) 
1 1 22 54 
#c 0 1 0 1 0 1 0 1 0 1 0 1 0 1 1 1 0 1 0 1 0 1 1 1 0 1 1 1 0 1 1 1 0 1 1 1 0 1 0 1 0 1 0 1 1 1 1 1 0 1 0 1 0 1 0 1 0 1 0 
#3406685(div: 0) 3451218(div: 1) 
23 36 0 2 4 6 8 10 12 16 18 20 24 28 32 36 38 40 42 48 50 52 54 56 58 1 3 5 7 9 11 13 14 15 17 19 21 22 23 25 26 27 29 30 31 33 34 35 37 39 41 43 44 45 46 47 49 51 53 55 57 
#c 0 1 0 1 0 1 0 1 0 1 0 1 0 1 1 1 0 1 0 1 0 1 1 1 0 1 1 1 0 1 1 1 0 1 1 1 0 1 0 1 0 1 0 1 1 1 1 1 0 1 0 1 0 1 0 1 0 1 0 
#3406685(div: 0) 3451218(div: 1) 
1 1 22 31 
#c 0 1 0 1 0 1 0 1 0 1 0 1 0 1 1 1 0 1 0 1 0 1 1 1 0 1 1 1 0 1 1 1 0 1 1 1 0 1 0 1 0 1 0 1 1 1 1 1 0 1 0 1 0 1 0 1 0 1 0 
#3406685(div: 0) 3451218(div: 1) 
1 1 11 22 
#c 0 1 0 1 0 1 0 1 0 1 0 1 0 1 1 1 0 1 0 1 0 1 1 1 0 1 1 1 0 1 1 1 0 1 1 1 0 1 0 1 0 1 0 1 1 1 1 1 0 1 0 1 0 1 0 1 0 1 0 
#3406685(div: 0) 3451218(div: 1) 
1 1 11 47 
#c 0 1 0 1 0 1 0 1 0 1 0 0 0 1 1 1 0 1 0 1 0 1 1 1 0 1 1 1 0 1 1 1 0 1 1 1 0 1 0 1 0 1 0 1 1 1 1 1 0 1 0 1 0 1 0 1 0 1 0 
#3433363(div: 0) 3424540(div: 1) 
24 35 0 2 4 6 8 10 11 12 16 18 20 24 28 32 36 38 40 42 48 50 52 54 56 58 1 3 5 7 9 13 14 15 17 19 21 22 23 25 26 27 29 30 31 33 34 35 37 39 41 43 44 45 46 47 49 51 53 55 57 
#c 0 1 0 1 0 1 0 1 0 1 0 0 0 1 1 1 0 1 0 1 0 1 1 1 0 1 1 1 0 1 1 1 0 1 1 1 0 1 0 1 0 1 0 1 1 1 1 1 0 1 0 1 0 1 0 1 0 1 0 
#3433363(div: 0) 3424540(div: 1) 
1 1 11 16 
#c 0 1 0 1 0 1 0 1 0 1 0 0 0 1 1 1 0 1 0 1 0 1 1 1 0 1 1 1 0 1 1 1 0 1 1 1 0 1 0 1 0 1 0 1 1 1 1 1 0 1 0 1 0 1 0 1 0 1 0 
#3433363(div: 0) 3424540(div: 1) 
1 1 2 11 
#c 0 1 0 1 0 1 0 1 0 1 0 0 0 1 1 1 0 1 0 1 0 1 1 1 0 1 1 1 0 1 1 1 0 1 1 1 0 1 0 1 0 1 0 1 1 1 1 1 0 1 0 1 0 1 0 1 0 1 0 
#3433363(div: 0) 3424540(div: 1) 
1 1 11 20 
#c 0 1 0 1 0 1 0 1 0 1 0 0 0 1 1 1 0 1 0 1 1 1 1 1 0 1 1 1 0 1 1 1 0 1 1 1 0 1 0 1 0 1 0 1 1 1 1 1 0 1 0 1 0 1 0 1 0 1 0 
#3421996(div: 0) 3435907(div: 1) 
23 36 0 2 4 6 8 10 11 12 16 18 24 28 32 36 38 40 42 48 50 52 54 56 58 1 3 5 7 9 13 14 15 17 19 20 21 22 23 25 26 27 29 30 31 33 34 35 37 39 41 43 44 45 46 47 49 51 53 55 57 
#c 0 1 0 1 0 1 0 1 0 1 0 0 0 1 1 1 0 1 0 1 1 1 1 1 0 1 1 1 0 1 1 1 0 1 1 1 0 1 0 1 0 1 0 1 1 1 1 1 0 1 0 1 0 1 0 1 0 1 0 
#3421996(div: 0) 3435907(div: 1) 
1 1 13 34 
#c 0 1 0 1 0 1 0 1 0 1 0 0 0 1 1 1 0 1 0 1 1 1 1 1 0 1 1 1 0 1 1 1 0 1 1 1 0 1 0 1 0 1 0 1 1 1 1 1 0 1 0 1 0 1 0 1 0 1 0 
#3421996(div: 0) 3435907(div: 1) 
1 1 34 47 
#c 0 1 0 1 0 1 0 1 0 1 0 0 0 1 1 1 0 1 0 1 1 1 1 1 0 1 1 1 0 1 1 1 0 1 1 1 0 1 0 1 0 1 0 1 1 1 1 1 0 1 0 1 0 1 0 1 0 1 0 
#3421996(div: 0) 3435907(div: 1) 
1 1 29 34 
#c 0 1 0 1 0 1 0 1 0 1 0 0 0 1 1 1 0 1 0 1 1 1 1 1 0 1 1 1 0 1 1 1 0 1 0 1 0 1 0 1 0 1 0 1 1 1 1 1 0 1 0 1 0 1 0 1 0 1 0 
#3427670(div: 0) 3430233(div: 1) 
24 35 0 2 4 6 8 10 11 12 16 18 24 28 32 34 36 38 40 42 48 50 52 54 56 58 1 3 5 7 9 13 14 15 17 19 20 21 22 23 25 26 27 29 30 31 33 35 37 39 41 43 44 45 46 47 49 51 53 55 57 
#c 0 1 0 1 0 1 0 1 0 1 0 0 0 1 1 1 0 1 0 1 1 1 1 1 0 1 1 1 0 1 1 1 0 1 0 1 0 1 0 1 0 1 0 1 1 1 1 1 0 1 0 1 0 1 0 1 0 1 0 
#3427670(div: 0) 3430233(div: 1) 
1 1 15 46 
#c 0 1 0 1 0 1 0 1 0 1 0 0 0 1 1 1 0 1 0 1 1 1 1 1 0 1 1 1 0 1 1 1 0 1 0 1 0 1 0 1 0 1 0 1 1 1 1 1 0 1 0 1 0 1 0 1 0 1 0 
#3427670(div: 0) 3430233(div: 1) 
1 1 15 51 
#c 0 1 0 1 0 1 0 1 0 1 0 0 0 1 1 1 0 1 0 1 1 1 1 1 0 1 1 1 0 1 1 1 0 1 0 1 0 1 0 1 0 1 0 1 1 1 1 1 0 1 0 1 0 1 0 1 0 1 0 
#3427670(div: 0) 3430233(div: 1) 
1 1 15 47 
#c 0 1 0 1 0 1 0 1 0 1 0 0 0 1 1 0 0 1 0 1 1 1 1 1 0 1 1 1 0 1 1 1 0 1 0 1 0 1 0 1 0 1 0 1 1 1 1 1 0 1 0 1 0 1 0 1 0 1 0 
#3445121(div: 0) 3412782(div: 1) 
25 34 0 2 4 6 8 10 11 12 15 16 18 24 28 32 34 36 38 40 42 48 50 52 54 56 58 1 3 5 7 9 13 14 17 19 20 21 22 23 25 26 27 29 30 31 33 35 37 39 41 43 44 45 46 47 49 51 53 55 57 
#c 0 1 0 1 0 1 0 1 0 1 0 0 0 1 1 0 0 1 0 1 1 1 1 1 0 1 1 1 0 1 1 1 0 1 0 1 0 1 0 1 0 1 0 1 1 1 1 1 0 1 0 1 0 1 0 1 0 1 0 
#3445121(div: 0) 3412782(div: 1) 
1 1 6 48 
#c 0 1 0 1 0 1 0 1 0 1 0 0 0 1 1 0 0 1 0 1 1 1 1 1 0 1 1 1 0 1 1 1 0 1 0 1 0 1 0 1 0 1 0 1 1 1 1 1 0 1 0 1 0 1 0 1 0 1 0 
#3445121(div: 0) 3412782(div: 1) 
1 1 48 58 
#c 0 1 0 1 0 1 0 1 0 1 0 0 0 1 1 0 0 1 0 1 1 1 1 1 0 1 1 1 0 1 1 1 0 1 0 1 0 1 0 1 0 1 0 1 1 1 1 1 0 1 0 1 0 1 0 1 0 1 0 
#3445121(div: 0) 3412782(div: 1) 
1 1 32 58 
#c 0 1 0 1 0 1 0 1 0 1 0 0 0 1 1 0 0 1 0 1 1 1 1 1 0 1 1 1 0 1 1 1 0 1 0 1 0 1 0 1 0 1 0 1 1 1 1 1 0 1 0 1 0 1 0 1 0 1 1 
#3353251(div: 0) 3504652(div: 1) 
24 35 0 2 4 6 8 10 11 12 15 16 18 24 28 32 34 36 38 40 42 48 50 52 54 56 1 3 5 7 9 13 14 17 19 20 21 22 23 25 26 27 29 30 31 33 35 37 39 41 43 44 45 46 47 49 51 53 55 57 58 
#c 0 1 0 1 0 1 0 1 0 1 0 0 0 1 1 0 0 1 0 1 1 1 1 1 0 1 1 1 0 1 1 1 0 1 0 1 0 1 0 1 0 1 0 1 1 1 1 1 0 1 0 1 0 1 0 1 0 1 1 
#3353251(div: 0) 3504652(div: 1) 
1 1 7 47 
#c 0 1 0 1 0 1 0 1 0 1 0 0 0 1 1 0 0 1 0 1 1 1 1 1 0 1 1 1 0 1 1 1 0 1 0 1 0 1 0 1 0 1 0 1 1 1 1 1 0 1 0 1 0 1 0 1 0 1 1 
#3353251(div: 0) 3504652(div: 1) 
1 1 7 26 
#c 0 1 0 1 0 1 0 1 0 1 0 0 0 1 1 0 0 1 0 1 1 1 1 1 0 1 1 1 0 1 1 1 0 1 0 1 0 1 0 1 0 1 0 1 1 1 1 1 0 1 0 1 0 1 0 1 0 1 1 
#3353251(div: 0) 3504652(div: 1) 
1 1 7 51 
#c 0 1 0 1 0 1 0 0 0 1 0 0 0 1 1 0 0 1 0 1 1 1 1 1 0 1 1 1 0 1 1 1 0 1 0 1 0 1 0 1 0 1 0 1 1 1 1 1 0 1 0 1 0 1 0 1 0 1 1 
#3357729(div: 0) 3500174(div: 1) 
25 34 0 2 4 6 7 8 10 11 12 15 16 18 24 28 32 34 36 38 40 42 48 50 52 54 56 1 3 5 9 13 14 17 19 20 21 22 23 25 26 27 29 30 31 33 35 37 39 41 43 44 45 46 47 49 51 53 55 57 58 
#c 0 1 0 1 0 1 0 0 0 1 0 0 0 1 1 0 0 1 0 1 1 1 1 1 0 1 1 1 0 1 1 1 0 1 0 1 0 1 0 1 0 1 0 1 1 1 1 1 0 1 0 1 0 1 0 1 0 1 1 
#3357729(div: 0) 3500174(div: 1) 
1 1 31 39 
#c 0 1 0 1 0 1 0 0 0 1 0 0 0 1 1 0 0 1 0 1 1 1 1 1 0 1 1 1 0 1 1 1 0 1 0 1 0 1 0 1 0 1 0 1 1 1 1 1 0 1 0 1 0 1 0 1 0 1 1 
#3357729(div: 0) 3500174(div: 1) 
1 1 39 57 
#c 0 1 0 1 0 1 0 0 0 1 0 0 0 1 1 0 0 1 0 1 1 1 1 1 0 1 1 1 0 1 1 1 0 1 0 1 0 1 0 1 0 1 0 1 1 1 1 1 0 1 0 1 0 1 0 1 0 1 1 
#3357729(div: 0) 3500174(div: 1) 
1 1 39 51 
#c 0 1 0 1 0 1 0 0 0 1 0 0 0 1 1 0 0 1 0 1 1 1 1 1 0 1 1 1 0 1 1 1 0 1 0 1 0 1 0 0 0 1 0 1 1 1 1 1 0 1 0 1 0 1 0 1 0 1 1 
#3395691(div: 0) 3462212(div: 1) 
26 33 0 2 4 6 7 8 10 11 12 15 16 18 24 28 32 34 36 38 39 40 42 48 50 52 54 56 1 3 5 9 13 14 17 19 20 21 22 23 25 26 27 29 30 31 33 35 37 41 43 44 45 46 47 49 51 53 55 57 58 
#c 0 1 0 1 0 1 0 0 0 1 0 0 0 1 1 0 0 1 0 1 1 1 1 1 0 1 1 1 0 1 1 1 0 1 0 1 0 1 0 0 0 1 0 1 1 1 1 1 0 1 0 1 0 1 0 1 0 1 1 
#3395691(div: 0) 3462212(div: 1) 
1 1 21 53 
#c 0 1 0 1 0 1 0 0 0 1 0 0 0 1 1 0 0 1 0 1 1 1 1 1 0 1 1 1 0 1 1 1 0 1 0 1 0 1 0 0 0 1 0 1 1 1 1 1 0 1 0 1 0 1 0 1 0 1 1 
#3395691(div: 0) 3462212(div: 1) 
1 1 46 53 
#c 0 1 0 1 0 1 0 0 0 1 0 0 0 1 1 0 0 1 0 1 1 1 1 1 0 1 1 1 0 1 1 1 0 1 0 1 0 1 0 0 0 1 0 1 1 1 1 1 0 1 0 1 0 1 0 1 0 1 1 
#3395691(div: 0) 3462212(div: 1) 
1 1 17 53 
#c 0 1 0 1 0 1 0 0 0 1 0 0 0 1 1 0 0 1 0 1 1 1 1 1 0 1 1 1 0 1 1 1 0 1 0 1 0 1 0 0 0 1 0 1 1 1 1 1 0 1 0 1 0 0 0 1 0 1 1 
#3409956(div: 0) 3447947(div: 1) 
27 32 0 2 4 6 7 8 10 11 12 15 16 18 24 28 32 34 36 38 39 40 42 48 50 52 53 54 56 1 3 5 9 13 14 17 19 20 21 22 23 25 26 27 29 30 31 33 35 37 41 43 44 45 46 47 49 51 55 57 58 
#c 0 1 0 1 0 1 0 0 0 1 0 0 0 1 1 0 0 1 0 1 1 1 1 1 0 1 1 1 0 1 1 1 0 1 0 1 0 1 0 0 0 1 0 1 1 1 1 1 0 1 0 1 0 0 0 1 0 1 1 
#3409956(div: 0) 3447947(div: 1) 
1 1 25 55 
#c 0 1 0 1 0 1 0 0 0 1 0 0 0 1 1 0 0 1 0 1 1 1 1 1 0 1 1 1 0 1 1 1 0 1 0 1 0 1 0 0 0 1 0 1 1 1 1 1 0 1 0 1 0 0 0 1 0 1 1 
#3409956(div: 0) 3447947(div: 1) 
1 1 20 55 
#c 0 1 0 1 0 1 0 0 0 1 0 0 0 1 1 0 0 1 0 1 1 1 1 1 0 1 1 1 0 1 1 1 0 1 0 1 0 1 0 0 0 1 0 1 1 1 1 1 0 1 0 1 0 0 0 1 0 1 1 
#3409956(div: 0) 3447947(div: 1) 
1 1 20 44 
#c 0 1 0 1 0 1 0 0 0 1 0 0 0 1 1 0 0 1 0 1 1 1 1 1 0 1 1 1 0 1 1 1 0 1 0 1 0 1 0 0 0 1 0 1 0 1 1 1 0 1 0 1 0 0 0 1 0 1 1 
#3420668(div: 0) 3437235(div: 1) 
28 31 0 2 4 6 7 8 10 11 12 15 16 18 24 28 32 34 36 38 39 40 42 44 48 50 52 53 54 56 1 3 5 9 13 14 17 19 20 21 22 23 25 26 27 29 30 31 33 35 37 41 43 45 46 47 49 51 55 57 58 
#c 0 1 0 1 0 1 0 0 0 1 0 0 0 1 1 0 0 1 0 1 1 1 1 1 0 1 1 1 0 1 1 1 0 1 0 1 0 1 0 0 0 1 0 1 0 1 1 1 0 1 0 1 0 0 0 1 0 1 1 
#3420668(div: 0) 3437235(div: 1) 
1 1 20 30 
#c 0 1 0 1 0 1 0 0 0 1 0 0 0 1 1 0 0 1 0 1 1 1 1 1 0 1 1 1 0 1 1 1 0 1 0 1 0 1 0 0 0 1 0 1 0 1 1 1 0 1 0 1 0 0 0 1 0 1 1 
#3420668(div: 0) 3437235(div: 1) 
1 1 13 30 
#c 0 1 0 1 0 1 0 0 0 1 0 0 0 1 1 0 0 1 0 1 1 1 1 1 0 1 1 1 0 1 1 1 0 1 0 1 0 1 0 0 0 1 0 1 0 1 1 1 0 1 0 1 0 0 0 1 0 1 1 
#3420668(div: 0) 3437235(div: 1) 
1 1 30 47 
#c 0 1 0 1 0 1 0 0 0 1 0 0 0 1 1 0 0 1 0 1 1 1 1 1 0 1 1 1 0 1 0 1 0 1 0 1 0 1 0 0 0 1 0 1 0 1 1 1 0 1 0 1 0 0 0 1 0 1 1 
#3429308(div: 0) 3428595(div: 1) 
29 30 0 2 4 6 7 8 10 11 12 15 16 18 24 28 30 32 34 36 38 39 40 42 44 48 50 52 53 54 56 1 3 5 9 13 14 17 19 20 21 22 23 25 26 27 29 31 33 35 37 41 43 45 46 47 49 51 55 57 58 
#c 0 1 0 1 0 1 0 0 0 1 0 0 0 1 1 0 0 1 0 1 1 1 1 1 0 1 1 1 0 1 0 1 0 1 0 1 0 1 0 0 0 1 0 1 0 1 1 1 0 1 0 1 0 0 0 1 0 1 1 
#3429308(div: 0) 3428595(div: 1) 
1 1 16 50 
#c 0 1 0 1 0 1 0 0 0 1 0 0 0 1 1 0 0 1 0 1 1 1 1 1 0 1 1 1 0 1 0 1 0 1 0 1 0 1 0 0 0 1 0 1 0 1 1 1 0 1 0 1 0 0 0 1 0 1 1 
#3429308(div: 0) 3428595(div: 1) 
1 1 50 53 
#c 0 1 0 1 0 1 0 0 0 1 0 0 0 1 1 0 0 1 0 1 1 1 1 1 0 1 1 1 0 1 0 1 0 1 0 1 0 1 0 0 0 1 0 1 0 1 1 1 0 1 0 1 0 0 0 1 0 1 1 
#3429308(div: 0) 3428595(div: 1) 
1 1 11 53 
#c 0 1 0 1 0 1 0 0 0 1 0 0 0 1 1 0 0 1 0 1 1 1 1 1 0 1 1 1 0 1 0 1 0 1 0 1 0 1 0 0 0 1 0 1 0 1 1 1 0 1 0 1 0 1 0 1 0 1 1 
#3415043(div: 0) 3442860(div: 1) 
28 31 0 2 4 6 7 8 10 11 12 15 16 18 24 28 30 32 34 36 38 39 40 42 44 48 50 52 54 56 1 3 5 9 13 14 17 19 20 21 22 23 25 26 27 29 31 33 35 37 41 43 45 46 47 49 51 53 55 57 58 
#c 0 1 0 1 0 1 0 0 0 1 0 0 0 1 1 0 0 1 0 1 1 1 1 1 0 1 1 1 0 1 0 1 0 1 0 1 0 1 0 0 0 1 0 1 0 1 1 1 0 1 0 1 0 1 0 1 0 1 1 
#3415043(div: 0) 3442860(div: 1) 
1 1 14 23 
#c 0 1 0 1 0 1 0 0 0 1 0 0 0 1 1 0 0 1 0 1 1 1 1 1 0 1 1 1 0 1 0 1 0 1 0 1 0 1 0 0 0 1 0 1 0 1 1 1 0 1 0 1 0 1 0 1 0 1 1 
#3415043(div: 0) 3442860(div: 1) 
1 1 14 45 
#c 0 1 0 1 0 1 0 0 0 1 0 0 0 1 1 0 0 1 0 1 1 1 1 1 0 1 1 1 0 1 0 1 0 1 0 1 0 1 0 0 0 1 0 1 0 1 1 1 0 1 0 1 0 1 0 1 0 1 1 
#3415043(div: 0) 3442860(div: 1) 
1 1 20 45 
#c 0 1 0 1 0 1 0 0 0 1 0 0 0 1 1 0 0 1 0 1 0 1 1 1 0 1 1 1 0 1 0 1 0 1 0 1 0 1 0 0 0 1 0 1 0 1 1 1 0 1 0 1 0 1 0 1 0 1 1 
#3426410(div: 0) 3431493(div: 1) 
29 30 0 2 4 6 7 8 10 11 12 15 16 18 20 24 28 30 32 34 36 38 39 40 42 44 48 50 52 54 56 1 3 5 9 13 14 17 19 21 22 23 25 26 27 29 31 33 35 37 41 43 45 46 47 49 51 53 55 57 58 
#c 0 1 0 1 0 1 0 0 0 1 0 0 0 1 1 0 0 1 0 1 0 1 1 1 0 1 1 1 0 1 0 1 0 1 0 1 0 1 0 0 0 1 0 1 0 1 1 1 0 1 0 1 0 1 0 1 0 1 1 
#3426410(div: 0) 3431493(div: 1) 
1 1 3 22 
#c 0 1 0 1 0 1 0 0 0 1 0 0 0 1 1 0 0 1 0 1 0 1 1 1 0 1 1 1 0 1 0 1 0 1 0 1 0 1 0 0 0 1 0 1 0 1 1 1 0 1 0 1 0 1 0 1 0 1 1 
#3426410(div: 0) 3431493(div: 1) 
1 1 22 33 
#c 0 1 0 1 0 1 0 0 0 1 0 0 0 1 1 0 0 1 0 1 0 1 1 1 0 1 1 1 0 1 0 1 0 1 0 1 0 1 0 0 0 1 0 1 0 1 1 1 0 1 0 1 0 1 0 1 0 1 1 
#3426410(div: 0) 3431493(div: 1) 
1 1 22 27 
#c 0 1 0 1 0 1 0 0 0 1 0 0 0 1 1 0 0 1 0 1 0 1 1 1 0 1 1 0 0 1 0 1 0 1 0 1 0 1 0 0 0 1 0 1 0 1 1 1 0 1 0 1 0 1 0 1 0 1 1 
#3431820(div: 0) 3426083(div: 1) 
30 29 0 2 4 6 7 8 10 11 12 15 16 18 20 24 27 28 30 32 34 36 38 39 40 42 44 48 50 52 54 56 1 3 5 9 13 14 17 19 21 22 23 25 26 29 31 33 35 37 41 43 45 46 47 49 51 53 55 57 58 
#c 0 1 0 1 0 1 0 0 0 1 0 0 0 1 1 0 0 1 0 1 0 1 1 1 0 1 1 0 0 1 0 1 0 1 0 1 0 1 0 0 0 1 0 1 0 1 1 1 0 1 0 1 0 1 0 1 0 1 1 
#3431820(div: 0) 3426083(div: 1) 
1 1 38 50 
#c 0 1 0 1 0 1 0 0 0 1 0 0 0 1 1 0 0 1 0 1 0 1 1 1 0 1 1 0 0 1 0 1 0 1 0 1 0 1 0 0 0 1 0 1 0 1 1 1 0 1 0 1 0 1 0 1 0 1 1 
#3431820(div: 0) 3426083(div: 1) 
1 1 42 50 
#c 0 1 0 1 0 1 0 0 0 1 0 0 0 1 1 0 0 1 0 1 0 1 1 1 0 1 1 0 0 1 0 1 0 1 0 1 0 1 0 0 0 1 0 1 0 1 1 1 0 1 0 1 0 1 0 1 0 1 1 
#3431820(div: 0) 3426083(div: 1) 
1 1 16 50 
#c 0 1 0 1 0 1 0 0 0 1 0 0 0 1 1 0 0 1 0 1 0 1 1 1 0 1 1 0 0 1 0 1 0 1 0 1 0 1 0 0 0 1 0 1 0 1 1 1 0 1 1 1 0 1 0 1 0 1 1 
#3383034(div: 0) 3474869(div: 1) 
29 30 0 2 4 6 7 8 10 11 12 15 16 18 20 24 27 28 30 32 34 36 38 39 40 42 44 48 52 54 56 1 3 5 9 13 14 17 19 21 22 23 25 26 29 31 33 35 37 41 43 45 46 47 49 50 51 53 55 57 58 
#c 0 1 0 1 0 1 0 0 0 1 0 0 0 1 1 0 0 1 0 1 0 1 1 1 0 1 1 0 0 1 0 1 0 1 0 1 0 1 0 0 0 1 0 1 0 1 1 1 0 1 1 1 0 1 0 1 0 1 1 
#3383034(div: 0) 3474869(div: 1) 
1 1 35 58 
#c 0 1 0 1 0 1 0 0 0 1 0 0 0 1 1 0 0 1 0 1 0 1 1 1 0 1 1 0 0 1 0 1 0 1 0 1 0 1 0 0 0 1 0 1 0 1 1 1 0 1 1 1 0 1 0 1 0 1 1 
#3383034(div: 0) 3474869(div: 1) 
1 1 23 58 
#c 0 1 0 1 0 1 0 0 0 1 0 0 0 1 1 0 0 1 0 1 0 1 1 1 0 1 1 0 0 1 0 1 0 1 0 1 0 1 0 0 0 1 0 1 0 1 1 1 0 1 1 1 0 1 0 1 0 1 1 
#3383034(div: 0) 3474869(div: 1) 
1 1 45 58 
#c 0 1 0 1 0 1 0 0 0 1 0 0 0 1 1 0 0 1 0 1 0 1 1 1 0 1 1 0 0 1 0 1 0 1 0 1 0 1 0 0 0 1 0 1 0 0 1 1 0 1 1 1 0 1 0 1 0 1 1 
#3436595(div: 0) 3421308(div: 1) 
30 29 0 2 4 6 7 8 10 11 12 15 16 18 20 24 27 28 30 32 34 36 38 39 40 42 44 45 48 52 54 56 1 3 5 9 13 14 17 19 21 22 23 25 26 29 31 33 35 37 41 43 46 47 49 50 51 53 55 57 58 
#c 0 1 0 1 0 1 0 0 0 1 0 0 0 1 1 0 0 1 0 1 0 1 1 1 0 1 1 0 0 1 0 1 0 1 0 1 0 1 0 0 0 1 0 1 0 0 1 1 0 1 1 1 0 1 0 1 0 1 1 
#3436595(div: 0) 3421308(div: 1) 
1 1 39 45 
#c 0 1 0 1 0 1 0 0 0 1 0 0 0 1 1 0 0 1 0 1 0 1 1 1 0 1 1 0 0 1 0 1 0 1 0 1 0 1 0 0 0 1 0 1 0 0 1 1 0 1 1 1 0 1 0 1 0 1 1 
#3436595(div: 0) 3421308(div: 1) 
1 1 2 39 
#c 0 1 0 1 0 1 0 0 0 1 0 0 0 1 1 0 0 1 0 1 0 1 1 1 0 1 1 0 0 1 0 1 0 1 0 1 0 1 0 0 0 1 0 1 0 0 1 1 0 1 1 1 0 1 0 1 0 1 1 
#3436595(div: 0) 3421308(div: 1) 
1 1 4 39 
#c 0 1 0 1 0 1 0 0 0 1 0 0 0 1 1 0 0 1 0 1 0 1 1 1 0 1 1 0 0 1 0 1 0 1 0 1 0 1 0 1 0 1 0 1 0 0 1 1 0 1 1 1 0 1 0 1 0 1 1 
#3398633(div: 0) 3459270(div: 1) 
29 30 0 2 4 6 7 8 10 11 12 15 16 18 20 24 27 28 30 32 34 36 38 40 42 44 45 48 52 54 56 1 3 5 9 13 14 17 19 21 22 23 25 26 29 31 33 35 37 39 41 43 46 47 49 50 51 53 55 57 58 
#c 0 1 0 1 0 1 0 0 0 1 0 0 0 1 1 0 0 1 0 1 0 1 1 1 0 1 1 0 0 1 0 1 0 1 0 1 0 1 0 1 0 1 0 1 0 0 1 1 0 1 1 1 0 1 0 1 0 1 1 
#3398633(div: 0) 3459270(div: 1) 
1 1 26 50 
#c 0 1 0 1 0 1 0 0 0 1 0 0 0 1 1 0 0 1 0 1 0 1 1 1 0 1 1 0 0 1 0 1 0 1 0 1 0 1 0 1 0 1 0 1 0 0 1 1 0 1 1 1 0 1 0 1 0 1 1 
#3398633(div: 0) 3459270(div: 1) 
1 1 3 26 
#c 0 1 0 1 0 1 0 0 0 1 0 0 0 1 1 0 0 1 0 1 0 1 1 1 0 1 1 0 0 1 0 1 0 1 0 1 0 1 0 1 0 1 0 1 0 0 1 1 0 1 1 1 0 1 0 1 0 1 1 
#3398633(div: 0) 3459270(div: 1) 
1 1 25 26 
#c 0 1 0 1 0 1 0 0 0 1 0 0 0 1 1 0 0 1 0 1 0 1 1 1 0 1 0 0 0 1 0 1 0 1 0 1 0 1 0 1 0 1 0 1 0 0 1 1 0 1 1 1 0 1 0 1 0 1 1 
#3416923(div: 0) 3440980(div: 1) 
30 29 0 2 4 6 7 8 10 11 12 15 16 18 20 24 26 27 28 30 32 34 36 38 40 42 44 45 48 52 54 56 1 3 5 9 13 14 17 19 21 22 23 25 29 31 33 35 37 39 41 43 46 47 49 50 51 53 55 57 58 
#c 0 1 0 1 0 1 0 0 0 1 0 0 0 1 1 0 0 1 0 1 0 1 1 1 0 1 0 0 0 1 0 1 0 1 0 1 0 1 0 1 0 1 0 1 0 0 1 1 0 1 1 1 0 1 0 1 0 1 1 
#3416923(div: 0) 3440980(div: 1) 
1 1 1 39 
#c 0 1 0 1 0 1 0 0 0 1 0 0 0 1 1 0 0 1 0 1 0 1 1 1 0 1 0 0 0 1 0 1 0 1 0 1 0 1 0 1 0 1 0 1 0 0 1 1 0 1 1 1 0 1 0 1 0 1 1 
#3416923(div: 0) 3440980(div: 1) 
1 1 17 39 
#c 0 1 0 1 0 1 0 0 0 1 0 0 0 1 1 0 0 1 0 1 0 1 1 1 0 1 0 0 0 1 0 1 0 1 0 1 0 1 0 1 0 1 0 1 0 0 1 1 0 1 1 1 0 1 0 1 0 1 1 
#3416923(div: 0) 3440980(div: 1) 
1 1 17 35 
#c 0 1 0 1 0 1 0 0 0 1 0 0 0 1 1 0 0 0 0 1 0 1 1 1 0 1 0 0 0 1 0 1 0 1 0 1 0 1 0 1 0 1 0 1 0 0 1 1 0 1 1 1 0 1 0 1 0 1 1 
#3446958(div: 0) 3410945(div: 1) 
31 28 0 2 4 6 7 8 10 11 12 15 16 17 18 20 24 26 27 28 30 32 34 36 38 40 42 44 45 48 52 54 56 1 3 5 9 13 14 19 21 22 23 25 29 31 33 35 37 39 41 43 46 47 49 50 51 53 55 57 58 
#c 0 1 0 1 0 1 0 0 0 1 0 0 0 1 1 0 0 0 0 1 0 1 1 1 0 1 0 0 0 1 0 1 0 1 0 1 0 1 0 1 0 1 0 1 0 0 1 1 0 1 1 1 0 1 0 1 0 1 1 
#3446958(div: 0) 3410945(div: 1) 
1 1 2 45 
#c 0 1 0 1 0 1 0 0 0 1 0 0 0 1 1 0 0 0 0 1 0 1 1 1 0 1 0 0 0 1 0 1 0 1 0 1 0 1 0 1 0 1 0 1 0 0 1 1 0 1 1 1 0 1 0 1 0 1 1 
#3446958(div: 0) 3410945(div: 1) 
1 1 20 45 
#c 0 1 0 1 0 1 0 0 0 1 0 0 0 1 1 0 0 0 0 1 0 1 1 1 0 1 0 0 0 1 0 1 0 1 0 1 0 1 0 1 0 1 0 1 0 0 1 1 0 1 1 1 0 1 0 1 0 1 1 
#3446958(div: 0) 3410945(div: 1) 
1 1 20 32 
#c 0 1 0 1 0 1 0 0 0 1 0 0 0 1 1 0 0 0 0 1 1 1 1 1 0 1 0 0 0 1 0 1 0 1 0 1 0 1 0 1 0 1 0 1 0 0 1 1 0 1 1 1 0 1 0 1 0 1 1 
#3435591(div: 0) 3422312(div: 1) 
30 29 0 2 4 6 7 8 10 11 12 15 16 17 18 24 26 27 28 30 32 34 36 38 40 42 44 45 48 52 54 56 1 3 5 9 13 14 19 20 21 22 23 25 29 31 33 35 37 39 41 43 46 47 49 50 51 53 55 57 58 
#c 0 1 0 1 0 1 0 0 0 1 0 0 0 1 1 0 0 0 0 1 1 1 1 1 0 1 0 0 0 1 0 1 0 1 0 1 0 1 0 1 0 1 0 1 0 0 1 1 0 1 1 1 0 1 0 1 0 1 1 
#3435591(div: 0) 3422312(div: 1) 
1 1 12 42 
#c 0 1 0 1 0 1 0 0 0 1 0 0 0 1 1 0 0 0 0 1 1 1 1 1 0 1 0 0 0 1 0 1 0 1 0 1 0 1 0 1 0 1 0 1 0 0 1 1 0 1 1 1 0 1 0 1 0 1 1 
#3435591(div: 0) 3422312(div: 1) 
1 1 12 44 
#c 0 1 0 1 0 1 0 0 0 1 0 0 0 1 1 0 0 0 0 1 1 1 1 1 0 1 0 0 0 1 0 1 0 1 0 1 0 1 0 1 0 1 0 1 0 0 1 1 0 1 1 1 0 1 0 1 0 1 1 
#3435591(div: 0) 3422312(div: 1) 
1 1 17 44 
#c 0 1 0 1 0 1 0 0 0 1 0 0 0 1 1 0 0 0 0 1 1 1 1 1 0 1 0 0 0 1 0 1 0 1 0 1 0 1 0 1 0 1 0 1 1 0 1 1 0 1 1 1 0 1 0 1 0 1 1 
#3424879(div: 0) 3433024(div: 1) 
29 30 0 2 4 6 7 8 10 11 12 15 16 17 18 24 26 27 28 30 32 34 36 38 40 42 45 48 52 54 56 1 3 5 9 13 14 19 20 21 22 23 25 29 31 33 35 37 39 41 43 44 46 47 49 50 51 53 55 57 58 
#c 0 1 0 1 0 1 0 0 0 1 0 0 0 1 1 0 0 0 0 1 1 1 1 1 0 1 0 0 0 1 0 1 0 1 0 1 0 1 0 1 0 1 0 1 1 0 1 1 0 1 1 1 0 1 0 1 0 1 1 
#3424879(div: 0) 3433024(div: 1) 
1 1 3 9 
#c 0 1 0 1 0 1 0 0 0 1 0 0 0 1 1 0 0 0 0 1 1 1 1 1 0 1 0 0 0 1 0 1 0 1 0 1 0 1 0 1 0 1 0 1 1 0 1 1 0 1 1 1 0 1 0 1 0 1 1 
#3424879(div: 0) 3433024(div: 1) 
1 1 3 13 
#c 0 1 0 1 0 1 0 0 0 1 0 0 0 1 1 0 0 0 0 1 1 1 1 1 0 1 0 0 0 1 0 1 0 1 0 1 0 1 0 1 0 1 0 1 1 0 1 1 0 1 1 1 0 1 0 1 0 1 1 
#3424879(div: 0) 3433024(div: 1) 
1 1 3 35 
#c 0 1 0 0 0 1 0 0 0 1 0 0 0 1 1 0 0 0 0 1 1 1 1 1 0 1 0 0 0 1 0 1 0 1 0 1 0 1 0 1 0 1 0 1 1 0 1 1 0 1 1 1 0 1 0 1 0 1 1 
#3512653(div: 0) 3345250(div: 1) 
30 29 0 2 3 4 6 7 8 10 11 12 15 16 17 18 24 26 27 28 30 32 34 36 38 40 42 45 48 52 54 56 1 5 9 13 14 19 20 21 22 23 25 29 31 33 35 37 39 41 43 44 46 47 49 50 51 53 55 57 58 
#c 0 1 0 0 0 1 0 0 0 1 0 0 0 1 1 0 0 0 0 1 1 1 1 1 0 1 0 0 0 1 0 1 0 1 0 1 0 1 0 1 0 1 0 1 1 0 1 1 0 1 1 1 0 1 0 1 0 1 1 
#3512653(div: 0) 3345250(div: 1) 
1 1 6 45 
#c 0 1 0 0 0 1 0 0 0 1 0 0 0 1 1 0 0 0 0 1 1 1 1 1 0 1 0 0 0 1 0 1 0 1 0 1 0 1 0 1 0 1 0 1 1 0 1 1 0 1 1 1 0 1 0 1 0 1 1 
#3512653(div: 0) 3345250(div: 1) 
1 1 0 45 
#c 0 1 0 0 0 1 0 0 0 1 0 0 0 1 1 0 0 0 0 1 1 1 1 1 0 1 0 0 0 1 0 1 0 1 0 1 0 1 0 1 0 1 0 1 1 0 1 1 0 1 1 1 0 1 0 1 0 1 1 
#3512653(div: 0) 3345250(div: 1) 
1 1 26 45 
#c 0 1 0 0 0 1 0 0 0 1 0 0 0 1 1 0 0 0 0 1 1 1 1 1 0 1 1 0 0 1 0 1 0 1 0 1 0 1 0 1 0 1 0 1 1 0 1 1 0 1 1 1 0 1 0 1 0 1 1 
#3494363(div: 0) 3363540(div: 1) 
29 30 0 2 3 4 6 7 8 10 11 12 15 16 17 18 24 27 28 30 32 34 36 38 40 42 45 48 52 54 56 1 5 9 13 14 19 20 21 22 23 25 26 29 31 33 35 37 39 41 43 44 46 47 49 50 51 53 55 57 58 
#c 0 1 0 0 0 1 0 0 0 1 0 0 0 1 1 0 0 0 0 1 1 1 1 1 0 1 1 0 0 1 0 1 0 1 0 1 0 1 0 1 0 1 0 1 1 0 1 1 0 1 1 1 0 1 0 1 0 1 1 
#3494363(div: 0) 3363540(div: 1) 
1 1 8 32 
#c 0 1 0 0 0 1 0 0 0 1 0 0 0 1 1 0 0 0 0 1 1 1 1 1 0 1 1 0 0 1 0 1 0 1 0 1 0 1 0 1 0 1 0 1 1 0 1 1 0 1 1 1 0 1 0 1 0 1 1 
#3494363(div: 0) 3363540(div: 1) 
1 1 17 32 
#c 0 1 0 0 0 1 0 0 0 1 0 0 0 1 1 0 0 0 0 1 1 1 1 1 0 1 1 0 0 1 0 1 0 1 0 1 0 1 0 1 0 1 0 1 1 0 1 1 0 1 1 1 0 1 0 1 0 1 1 
#3494363(div: 0) 3363540(div: 1) 
1 1 12 17 
#c 0 1 0 0 0 1 0 0 0 1 0 0 0 1 1 0 0 1 0 1 1 1 1 1 0 1 1 0 0 1 0 1 0 1 0 1 0 1 0 1 0 1 0 1 1 0 1 1 0 1 1 1 0 1 0 1 0 1 1 
#3464328(div: 0) 3393575(div: 1) 
28 31 0 2 3 4 6 7 8 10 11 12 15 16 18 24 27 28 30 32 34 36 38 40 42 45 48 52 54 56 1 5 9 13 14 17 19 20 21 22 23 25 26 29 31 33 35 37 39 41 43 44 46 47 49 50 51 53 55 57 58 
#c 0 1 0 0 0 1 0 0 0 1 0 0 0 1 1 0 0 1 0 1 1 1 1 1 0 1 1 0 0 1 0 1 0 1 0 1 0 1 0 1 0 1 0 1 1 0 1 1 0 1 1 1 0 1 0 1 0 1 1 
#3464328(div: 0) 3393575(div: 1) 
1 1 12 15 
#c 0 1 0 0 0 1 0 0 0 1 0 0 0 1 1 0 0 1 0 1 1 1 1 1 0 1 1 0 0 1 0 1 0 1 0 1 0 1 0 1 0 1 0 1 1 0 1 1 0 1 1 1 0 1 0 1 0 1 1 
#3464328(div: 0) 3393575(div: 1) 
1 1 11 15 
#c 0 1 0 0 0 1 0 0 0 1 0 0 0 1 1 0 0 1 0 1 1 1 1 1 0 1 1 0 0 1 0 1 0 1 0 1 0 1 0 1 0 1 0 1 1 0 1 1 0 1 1 1 0 1 0 1 0 1 1 
#3464328(div: 0) 3393575(div: 1) 
1 1 15 24 
#c 0 1 0 0 0 1 0 0 0 1 0 0 0 1 1 1 0 1 0 1 1 1 1 1 0 1 1 0 0 1 0 1 0 1 0 1 0 1 0 1 0 1 0 1 1 0 1 1 0 1 1 1 0 1 0 1 0 1 1 
#3446877(div: 0) 3411026(div: 1) 
27 32 0 2 3 4 6 7 8 10 11 12 16 18 24 27 28 30 32 34 36 38 40 42 45 48 52 54 56 1 5 9 13 14 15 17 19 20 21 22 23 25 26 29 31 33 35 37 39 41 43 44 46 47 49 50 51 53 55 57 58 
#c 0 1 0 0 0 1 0 0 0 1 0 0 0 1 1 1 0 1 0 1 1 1 1 1 0 1 1 0 0 1 0 1 0 1 0 1 0 1 0 1 0 1 0 1 1 0 1 1 0 1 1 1 0 1 0 1 0 1 1 
#3446877(div: 0) 3411026(div: 1) 
1 1 10 54 
#c 0 1 0 0 0 1 0 0 0 1 0 0 0 1 1 1 0 1 0 1 1 1 1 1 0 1 1 0 0 1 0 1 0 1 0 1 0 1 0 1 0 1 0 1 1 0 1 1 0 1 1 1 0 1 0 1 0 1 1 
#3446877(div: 0) 3411026(div: 1) 
1 1 0 10 
#c 0 1 0 0 0 1 0 0 0 1 0 0 0 1 1 1 0 1 0 1 1 1 1 1 0 1 1 0 0 1 0 1 0 1 0 1 0 1 0 1 0 1 0 1 1 0 1 1 0 1 1 1 0 1 0 1 0 1 1 
#3446877(div: 0) 3411026(div: 1) 
1 1 10 12 
#c 0 1 0 0 0 1 0 0 0 1 1 0 0 1 1 1 0 1 0 1 1 1 1 1 0 1 1 0 0 1 0 1 0 1 0 1 0 1 0 1 0 1 0 1 1 0 1 1 0 1 1 1 0 1 0 1 0 1 1 
#3418071(div: 0) 3439832(div: 1) 
26 33 0 2 3 4 6 7 8 11 12 16 18 24 27 28 30 32 34 36 38 40 42 45 48 52 54 56 1 5 9 10 13 14 15 17 19 20 21 22 23 25 26 29 31 33 35 37 39 41 43 44 46 47 49 50 51 53 55 57 58 
#c 0 1 0 0 0 1 0 0 0 1 1 0 0 1 1 1 0 1 0 1 1 1 1 1 0 1 1 0 0 1 0 1 0 1 0 1 0 1 0 1 0 1 0 1 1 0 1 1 0 1 1 1 0 1 0 1 0 1 1 
#3418071(div: 0) 3439832(div: 1) 
1 1 17 22 
#c 0 1 0 0 0 1 0 0 0 1 1 0 0 1 1 1 0 1 0 1 1 1 1 1 0 1 1 0 0 1 0 1 0 1 0 1 0 1 0 1 0 1 0 1 1 0 1 1 0 1 1 1 0 1 0 1 0 1 1 
#3418071(div: 0) 3439832(div: 1) 
1 1 17 43 
#c 0 1 0 0 0 1 0 0 0 1 1 0 0 1 1 1 0 1 0 1 1 1 1 1 0 1 1 0 0 1 0 1 0 1 0 1 0 1 0 1 0 1 0 1 1 0 1 1 0 1 1 1 0 1 0 1 0 1 1 
#3418071(div: 0) 3439832(div: 1) 
1 1 17 57 
#c 0 1 0 0 0 1 0 0 0 1 1 0 0 1 1 1 0 0 0 1 1 1 1 1 0 1 1 0 0 1 0 1 0 1 0 1 0 1 0 1 0 1 0 1 1 0 1 1 0 1 1 1 0 1 0 1 0 1 1 
#3448106(div: 0) 3409797(div: 1) 
27 32 0 2 3 4 6 7 8 11 12 16 17 18 24 27 28 30 32 34 36 38 40 42 45 48 52 54 56 1 5 9 10 13 14 15 19 20 21 22 23 25 26 29 31 33 35 37 39 41 43 44 46 47 49 50 51 53 55 57 58 
#c 0 1 0 0 0 1 0 0 0 1 1 0 0 1 1 1 0 0 0 1 1 1 1 1 0 1 1 0 0 1 0 1 0 1 0 1 0 1 0 1 0 1 0 1 1 0 1 1 0 1 1 1 0 1 0 1 0 1 1 
#3448106(div: 0) 3409797(div: 1) 
1 1 4 30 
#c 0 1 0 0 0 1 0 0 0 1 1 0 0 1 1 1 0 0 0 1 1 1 1 1 0 1 1 0 0 1 0 1 0 1 0 1 0 1 0 1 0 1 0 1 1 0 1 1 0 1 1 1 0 1 0 1 0 1 1 
#3448106(div: 0) 3409797(div: 1) 
1 1 30 54 
#c 0 1 0 0 0 1 0 0 0 1 1 0 0 1 1 1 0 0 0 1 1 1 1 1 0 1 1 0 0 1 0 1 0 1 0 1 0 1 0 1 0 1 0 1 1 0 1 1 0 1 1 1 0 1 0 1 0 1 1 
#3448106(div: 0) 3409797(div: 1) 
1 1 30 32 
#c 0 1 0 0 0 1 0 0 0 1 1 0 0 1 1 1 0 0 0 1 1 1 1 1 0 1 1 0 0 1 1 1 0 1 0 1 0 1 0 1 0 1 0 1 1 0 1 1 0 1 1 1 0 1 0 1 0 1 1 
#3439466(div: 0) 3418437(div: 1) 
26 33 0 2 3 4 6 7 8 11 12 16 17 18 24 27 28 32 34 36 38 40 42 45 48 52 54 56 1 5 9 10 13 14 15 19 20 21 22 23 25 26 29 30 31 33 35 37 39 41 43 44 46 47 49 50 51 53 55 57 58 
#c 0 1 0 0 0 1 0 0 0 1 1 0 0 1 1 1 0 0 0 1 1 1 1 1 0 1 1 0 0 1 1 1 0 1 0 1 0 1 0 1 0 1 0 1 1 0 1 1 0 1 1 1 0 1 0 1 0 1 1 
#3439466(div: 0) 3418437(div: 1) 
1 1 27 36 
#c 0 1 0 0 0 1 0 0 0 1 1 0 0 1 1 1 0 0 0 1 1 1 1 1 0 1 1 0 0 1 1 1 0 1 0 1 0 1 0 1 0 1 0 1 1 0 1 1 0 1 1 1 0 1 0 1 0 1 1 
#3439466(div: 0) 3418437(div: 1) 
1 1 4 27 
#c 0 1 0 0 0 1 0 0 0 1 1 0 0 1 1 1 0 0 0 1 1 1 1 1 0 1 1 0 0 1 1 1 0 1 0 1 0 1 0 1 0 1 0 1 1 0 1 1 0 1 1 1 0 1 0 1 0 1 1 
#3439466(div: 0) 3418437(div: 1) 
1 1 2 27 
#c 0 1 0 0 0 1 0 0 0 1 1 0 0 1 1 1 0 0 0 1 1 1 1 1 0 1 1 1 0 1 1 1 0 1 0 1 0 1 0 1 0 1 0 1 1 0 1 1 0 1 1 1 0 1 0 1 0 1 1 
#3434056(div: 0) 3423847(div: 1) 
25 34 0 2 3 4 6 7 8 11 12 16 17 18 24 28 32 34 36 38 40 42 45 48 52 54 56 1 5 9 10 13 14 15 19 20 21 22 23 25 26 27 29 30 31 33 35 37 39 41 43 44 46 47 49 50 51 53 55 57 58 
#c 0 1 0 0 0 1 0 0 0 1 1 0 0 1 1 1 0 0 0 1 1 1 1 1 0 1 1 1 0 1 1 1 0 1 0 1 0 1 0 1 0 1 0 1 1 0 1 1 0 1 1 1 0 1 0 1 0 1 1 
#3434056(div: 0) 3423847(div: 1) 
1 1 6 28 
#c 0 1 0 0 0 1 0 0 0 1 1 0 0 1 1 1 0 0 0 1 1 1 1 1 0 1 1 1 0 1 1 1 0 1 0 1 0 1 0 1 0 1 0 1 1 0 1 1 0 1 1 1 0 1 0 1 0 1 1 
#3434056(div: 0) 3423847(div: 1) 
1 1 3 6 
#c 0 1 0 0 0 1 0 0 0 1 1 0 0 1 1 1 0 0 0 1 1 1 1 1 0 1 1 1 0 1 1 1 0 1 0 1 0 1 0 1 0 1 0 1 1 0 1 1 0 1 1 1 0 1 0 1 0 1 1 
#3434056(div: 0) 3423847(div: 1) 
1 1 3 38 
#c 0 1 0 0 0 1 0 0 0 1 1 0 0 1 1 1 0 0 0 1 1 1 1 1 0 1 1 1 0 1 1 1 0 1 0 1 0 1 1 1 0 1 0 1 1 0 1 1 0 1 1 1 0 1 0 1 0 1 1 
#3355890(div: 0) 3502013(div: 1) 
24 35 0 2 3 4 6 7 8 11 12 16 17 18 24 28 32 34 36 40 42 45 48 52 54 56 1 5 9 10 13 14 15 19 20 21 22 23 25 26 27 29 30 31 33 35 37 38 39 41 43 44 46 47 49 50 51 53 55 57 58 
#c 0 1 0 0 0 1 0 0 0 1 1 0 0 1 1 1 0 0 0 1 1 1 1 1 0 1 1 1 0 1 1 1 0 1 0 1 0 1 1 1 0 1 0 1 1 0 1 1 0 1 1 1 0 1 0 1 0 1 1 
#3355890(div: 0) 3502013(div: 1) 
1 1 25 50 
#c 0 1 0 0 0 1 0 0 0 1 1 0 0 1 1 1 0 0 0 1 1 1 1 1 0 1 1 1 0 1 1 1 0 1 0 1 0 1 1 1 0 1 0 1 1 0 1 1 0 1 1 1 0 1 0 1 0 1 1 
#3355890(div: 0) 3502013(div: 1) 
1 1 49 50 
#c 0 1 0 0 0 1 0 0 0 1 1 0 0 1 1 1 0 0 0 1 1 1 1 1 0 1 1 1 0 1 1 1 0 1 0 1 0 1 1 1 0 1 0 1 1 0 1 1 0 1 1 1 0 1 0 1 0 1 1 
#3355890(div: 0) 3502013(div: 1) 
1 1 47 50 
#c 0 1 0 0 0 1 0 0 0 1 1 0 0 1 1 1 0 0 0 1 1 1 1 1 0 1 1 1 0 1 1 1 0 1 0 1 0 1 1 1 0 1 0 1 1 0 1 0 0 1 1 1 0 1 0 1 0 1 1 
#3401032(div: 0) 3456871(div: 1) 
25 34 0 2 3 4 6 7 8 11 12 16 17 18 24 28 32 34 36 40 42 45 47 48 52 54 56 1 5 9 10 13 14 15 19 20 21 22 23 25 26 27 29 30 31 33 35 37 38 39 41 43 44 46 49 50 51 53 55 57 58 
#c 0 1 0 0 0 1 0 0 0 1 1 0 0 1 1 1 0 0 0 1 1 1 1 1 0 1 1 1 0 1 1 1 0 1 0 1 0 1 1 1 0 1 0 1 1 0 1 0 0 1 1 1 0 1 0 1 0 1 1 
#3401032(div: 0) 3456871(div: 1) 
1 1 9 19 
#c 0 1 0 0 0 1 0 0 0 1 1 0 0 1 1 1 0 0 0 1 1 1 1 1 0 1 1 1 0 1 1 1 0 1 0 1 0 1 1 1 0 1 0 1 1 0 1 0 0 1 1 1 0 1 0 1 0 1 1 
#3401032(div: 0) 3456871(div: 1) 
1 1 15 19 
#c 0 1 0 0 0 1 0 0 0 1 1 0 0 1 1 1 0 0 0 1 1 1 1 1 0 1 1 1 0 1 1 1 0 1 0 1 0 1 1 1 0 1 0 1 1 0 1 0 0 1 1 1 0 1 0 1 0 1 1 
#3401032(div: 0) 3456871(div: 1) 
1 1 15 39 
#c 0 1 0 0 0 1 0 0 0 1 1 0 0 1 1 0 0 0 0 1 1 1 1 1 0 1 1 1 0 1 1 1 0 1 0 1 0 1 1 1 0 1 0 1 1 0 1 0 0 1 1 1 0 1 0 1 0 1 1 
#3418483(div: 0) 3439420(div: 1) 
26 33 0 2 3 4 6 7 8 11 12 15 16 17 18 24 28 32 34 36 40 42 45 47 48 52 54 56 1 5 9 10 13 14 19 20 21 22 23 25 26 27 29 30 31 33 35 37 38 39 41 43 44 46 49 50 51 53 55 57 58 
#c 0 1 0 0 0 1 0 0 0 1 1 0 0 1 1 0 0 0 0 1 1 1 1 1 0 1 1 1 0 1 1 1 0 1 0 1 0 1 1 1 0 1 0 1 1 0 1 0 0 1 1 1 0 1 0 1 0 1 1 
#3418483(div: 0) 3439420(div: 1) 
1 1 1 31 
#c 0 1 0 0 0 1 0 0 0 1 1 0 0 1 1 0 0 0 0 1 1 1 1 1 0 1 1 1 0 1 1 1 0 1 0 1 0 1 1 1 0 1 0 1 1 0 1 0 0 1 1 1 0 1 0 1 0 1 1 
#3418483(div: 0) 3439420(div: 1) 
1 1 1 37 
#c 0 1 0 0 0 1 0 0 0 1 1 0 0 1 1 0 0 0 0 1 1 1 1 1 0 1 1 1 0 1 1 1 0 1 0 1 0 1 1 1 0 1 0 1 1 0 1 0 0 1 1 1 0 1 0 1 0 1 1 
#3418483(div: 0) 3439420(div: 1) 
1 1 10 37 
#c 0 1 0 0 0 1 0 0 0 1 1 0 0 1 1 0 0 0 0 1 1 1 1 1 0 1 1 1 0 1 1 1 0 1 0 1 0 0 1 1 0 1 0 1 1 0 1 0 0 1 1 1 0 1 0 1 0 1 1 
#3429409(div: 0) 3428494(div: 1) 
27 32 0 2 3 4 6 7 8 11 12 15 16 17 18 24 28 32 34 36 37 40 42 45 47 48 52 54 56 1 5 9 10 13 14 19 20 21 22 23 25 26 27 29 30 31 33 35 38 39 41 43 44 46 49 50 51 53 55 57 58 
#c 0 1 0 0 0 1 0 0 0 1 1 0 0 1 1 0 0 0 0 1 1 1 1 1 0 1 1 1 0 1 1 1 0 1 0 1 0 0 1 1 0 1 0 1 1 0 1 0 0 1 1 1 0 1 0 1 0 1 1 
#3429409(div: 0) 3428494(div: 1) 
1 1 7 52 
#c 0 1 0 0 0 1 0 0 0 1 1 0 0 1 1 0 0 0 0 1 1 1 1 1 0 1 1 1 0 1 1 1 0 1 0 1 0 0 1 1 0 1 0 1 1 0 1 0 0 1 1 1 0 1 0 1 0 1 1 
#3429409(div: 0) 3428494(div: 1) 
1 1 7 34 
#c 0 1 0 0 0 1 0 0 0 1 1 0 0 1 1 0 0 0 0 1 1 1 1 1 0 1 1 1 0 1 1 1 0 1 0 1 0 0 1 1 0 1 0 1 1 0 1 0 0 1 1 1 0 1 0 1 0 1 1 
#3429409(div: 0) 3428494(div: 1) 
1 1 7 12 
#c 0 1 0 0 0 1 0 1 0 1 1 0 0 1 1 0 0 0 0 1 1 1 1 1 0 1 1 1 0 1 1 1 0 1 0 1 0 0 1 1 0 1 0 1 1 0 1 0 0 1 1 1 0 1 0 1 0 1 1 
#3424931(div: 0) 3432972(div: 1) 
26 33 0 2 3 4 6 8 11 12 15 16 17 18 24 28 32 34 36 37 40 42 45 47 48 52 54 56 1 5 7 9 10 13 14 19 20 21 22 23 25 26 27 29 30 31 33 35 38 39 41 43 44 46 49 50 51 53 55 57 58 
#c 0 1 0 0 0 1 0 1 0 1 1 0 0 1 1 0 0 0 0 1 1 1 1 1 0 1 1 1 0 1 1 1 0 1 0 1 0 0 1 1 0 1 0 1 1 0 1 0 0 1 1 1 0 1 0 1 0 1 1 
#3424931(div: 0) 3432972(div: 1) 
1 1 41 43 
#c 0 1 0 0 0 1 0 1 0 1 1 0 0 1 1 0 0 0 0 1 1 1 1 1 0 1 1 1 0 1 1 1 0 1 0 1 0 0 1 1 0 1 0 1 1 0 1 0 0 1 1 1 0 1 0 1 0 1 1 
#3424931(div: 0) 3432972(div: 1) 
1 1 31 41 
#c 0 1 0 0 0 1 0 1 0 1 1 0 0 1 1 0 0 0 0 1 1 1 1 1 0 1 1 1 0 1 1 1 0 1 0 1 0 0 1 1 0 1 0 1 1 0 1 0 0 1 1 1 0 1 0 1 0 1 1 
#3424931(div: 0) 3432972(div: 1) 
1 1 9 41 
#c 0 1 0 0 0 1 0 1 0 1 1 0 0 1 1 0 0 0 0 1 1 1 1 1 0 1 1 1 0 1 1 1 0 1 0 1 0 0 1 1 0 0 0 1 1 0 1 0 0 1 1 1 0 1 0 1 0 1 1 
#3548245(div: 0) 3309658(div: 1) 
27 32 0 2 3 4 6 8 11 12 15 16 17 18 24 28 32 34 36 37 40 41 42 45 47 48 52 54 56 1 5 7 9 10 13 14 19 20 21 22 23 25 26 27 29 30 31 33 35 38 39 43 44 46 49 50 51 53 55 57 58 
#c 0 1 0 0 0 1 0 1 0 1 1 0 0 1 1 0 0 0 0 1 1 1 1 1 0 1 1 1 0 1 1 1 0 1 0 1 0 0 1 1 0 0 0 1 1 0 1 0 0 1 1 1 0 1 0 1 0 1 1 
#3548245(div: 0) 3309658(div: 1) 
1 1 17 28 
#c 0 1 0 0 0 1 0 1 0 1 1 0 0 1 1 0 0 0 0 1 1 1 1 1 0 1 1 1 0 1 1 1 0 1 0 1 0 0 1 1 0 0 0 1 1 0 1 0 0 1 1 1 0 1 0 1 0 1 1 
#3548245(div: 0) 3309658(div: 1) 
1 1 6 17 
#c 0 1 0 0 0 1 0 1 0 1 1 0 0 1 1 0 0 0 0 1 1 1 1 1 0 1 1 1 0 1 1 1 0 1 0 1 0 0 1 1 0 0 0 1 1 0 1 0 0 1 1 1 0 1 0 1 0 1 1 
#3548245(div: 0) 3309658(div: 1) 
1 1 17 48 
#c 0 1 0 0 0 1 0 1 0 1 1 0 0 1 1 0 0 1 0 1 1 1 1 1 0 1 1 1 0 1 1 1 0 1 0 1 0 0 1 1 0 0 0 1 1 0 1 0 0 1 1 1 0 1 0 1 0 1 1 
#3518210(div: 0) 3339693(div: 1) 
26 33 0 2 3 4 6 8 11 12 15 16 18 24 28 32 34 36 37 40 41 42 45 47 48 52 54 56 1 5 7 9 10 13 14 17 19 20 21 22 23 25 26 27 29 30 31 33 35 38 39 43 44 46 49 50 51 53 55 57 58 
#c 0 1 0 0 0 1 0 1 0 1 1 0 0 1 1 0 0 1 0 1 1 1 1 1 0 1 1 1 0 1 1 1 0 1 0 1 0 0 1 1 0 0 0 1 1 0 1 0 0 1 1 1 0 1 0 1 0 1 1 
#3518210(div: 0) 3339693(div: 1) 
1 1 24 42 
#c 0 1 0 0 0 1 0 1 0 1 1 0 0 1 1 0 0 1 0 1 1 1 1 1 0 1 1 1 0 1 1 1 0 1 0 1 0 0 1 1 0 0 0 1 1 0 1 0 0 1 1 1 0 1 0 1 0 1 1 
#3518210(div: 0) 3339693(div: 1) 
1 1 3 24 
#c 0 1 0 0 0 1 0 1 0 1 1 0 0 1 1 0 0 1 0 1 1 1 1 1 0 1 1 1 0 1 1 1 0 1 0 1 0 0 1 1 0 0 0 1 1 0 1 0 0 1 1 1 0 1 0 1 0 1 1 
#3518210(div: 0) 3339693(div: 1) 
1 1 24 56 
#c 0 1 0 0 0 1 0 1 0 1 1 0 0 1 1 0 0 1 0 1 1 1 1 1 1 1 1 1 0 1 1 1 0 1 0 1 0 0 1 1 0 0 0 1 1 0 1 0 0 1 1 1 0 1 0 1 0 1 1 
#3478780(div: 0) 3379123(div: 1) 
25 34 0 2 3 4 6 8 11 12 15 16 18 28 32 34 36 37 40 41 42 45 47 48 52 54 56 1 5 7 9 10 13 14 17 19 20 21 22 23 24 25 26 27 29 30 31 33 35 38 39 43 44 46 49 50 51 53 55 57 58 
#c 0 1 0 0 0 1 0 1 0 1 1 0 0 1 1 0 0 1 0 1 1 1 1 1 1 1 1 1 0 1 1 1 0 1 0 1 0 0 1 1 0 0 0 1 1 0 1 0 0 1 1 1 0 1 0 1 0 1 1 
#3478780(div: 0) 3379123(div: 1) 
1 1 3 41 
#c 0 1 0 0 0 1 0 1 0 1 1 0 0 1 1 0 0 1 0 1 1 1 1 1 1 1 1 1 0 1 1 1 0 1 0 1 0 0 1 1 0 0 0 1 1 0 1 0 0 1 1 1 0 1 0 1 0 1 1 
#3478780(div: 0) 3379123(div: 1) 
1 1 0 3 
#c 0 1 0 0 0 1 0 1 0 1 1 0 0 1 1 0 0 1 0 1 1 1 1 1 1 1 1 1 0 1 1 1 0 1 0 1 0 0 1 1 0 0 0 1 1 0 1 0 0 1 1 1 0 1 0 1 0 1 1 
#3478780(div: 0) 3379123(div: 1) 
1 1 0 15 
#c 0 1 0 0 0 1 0 1 0 1 1 0 0 1 1 1 0 1 0 1 1 1 1 1 1 1 1 1 0 1 1 1 0 1 0 1 0 0 1 1 0 0 0 1 1 0 1 0 0 1 1 1 0 1 0 1 0 1 1 
#3461329(div: 0) 3396574(div: 1) 
24 35 0 2 3 4 6 8 11 12 16 18 28 32 34 36 37 40 41 42 45 47 48 52 54 56 1 5 7 9 10 13 14 15 17 19 20 21 22 23 24 25 26 27 29 30 31 33 35 38 39 43 44 46 49 50 51 53 55 57 58 
#c 0 1 0 0 0 1 0 1 0 1 1 0 0 1 1 1 0 1 0 1 1 1 1 1 1 1 1 1 0 1 1 1 0 1 0 1 0 0 1 1 0 0 0 1 1 0 1 0 0 1 1 1 0 1 0 1 0 1 1 
#3461329(div: 0) 3396574(div: 1) 
1 1 2 47 
#c 0 1 0 0 0 1 0 1 0 1 1 0 0 1 1 1 0 1 0 1 1 1 1 1 1 1 1 1 0 1 1 1 0 1 0 1 0 0 1 1 0 0 0 1 1 0 1 0 0 1 1 1 0 1 0 1 0 1 1 
#3461329(div: 0) 3396574(div: 1) 
1 1 47 52 
#c 0 1 0 0 0 1 0 1 0 1 1 0 0 1 1 1 0 1 0 1 1 1 1 1 1 1 1 1 0 1 1 1 0 1 0 1 0 0 1 1 0 0 0 1 1 0 1 0 0 1 1 1 0 1 0 1 0 1 1 
#3461329(div: 0) 3396574(div: 1) 
1 1 36 47 
#c 0 1 0 0 0 1 0 1 0 1 1 0 0 1 1 1 0 1 0 1 1 1 1 1 1 1 1 1 0 1 1 1 0 1 0 1 0 0 1 1 0 0 0 1 1 0 1 1 0 1 1 1 0 1 0 1 0 1 1 
#3416187(div: 0) 3441716(div: 1) 
23 36 0 2 3 4 6 8 11 12 16 18 28 32 34 36 37 40 41 42 45 48 52 54 56 1 5 7 9 10 13 14 15 17 19 20 21 22 23 24 25 26 27 29 30 31 33 35 38 39 43 44 46 47 49 50 51 53 55 57 58 
#c 0 1 0 0 0 1 0 1 0 1 1 0 0 1 1 1 0 1 0 1 1 1 1 1 1 1 1 1 0 1 1 1 0 1 0 1 0 0 1 1 0 0 0 1 1 0 1 1 0 1 1 1 0 1 0 1 0 1 1 
#3416187(div: 0) 3441716(div: 1) 
1 1 1 13 
#c 0 1 0 0 0 1 0 1 0 1 1 0 0 1 1 1 0 1 0 1 1 1 1 1 1 1 1 1 0 1 1 1 0 1 0 1 0 0 1 1 0 0 0 1 1 0 1 1 0 1 1 1 0 1 0 1 0 1 1 
#3416187(div: 0) 3441716(div: 1) 
1 1 1 20 
#c 0 1 0 0 0 1 0 1 0 1 1 0 0 1 1 1 0 1 0 1 1 1 1 1 1 1 1 1 0 1 1 1 0 1 0 1 0 0 1 1 0 0 0 1 1 0 1 1 0 1 1 1 0 1 0 1 0 1 1 
#3416187(div: 0) 3441716(div: 1) 
1 1 20 29 
#c 0 1 0 0 0 1 0 1 0 1 1 0 0 1 1 1 0 1 0 1 0 1 1 1 1 1 1 1 0 1 1 1 0 1 0 1 0 0 1 1 0 0 0 1 1 0 1 1 0 1 1 1 0 1 0 1 0 1 1 
#3427554(div: 0) 3430349(div: 1) 
24 35 0 2 3 4 6 8 11 12 16 18 20 28 32 34 36 37 40 41 42 45 48 52 54 56 1 5 7 9 10 13 14 15 17 19 21 22 23 24 25 26 27 29 30 31 33 35 38 39 43 44 46 47 49 50 51 53 55 57 58 
#c 0 1 0 0 0 1 0 1 0 1 1 0 0 1 1 1 0 1 0 1 0 1 1 1 1 1 1 1 0 1 1 1 0 1 0 1 0 0 1 1 0 0 0 1 1 0 1 1 0 1 1 1 0 1 0 1 0 1 1 
#3427554(div: 0) 3430349(div: 1) 
1 1 24 33 
#c 0 1 0 0 0 1 0 1 0 1 1 0 0 1 1 1 0 1 0 1 0 1 1 1 1 1 1 1 0 1 1 1 0 1 0 1 0 0 1 1 0 0 0 1 1 0 1 1 0 1 1 1 0 1 0 1 0 1 1 
#3427554(div: 0) 3430349(div: 1) 
1 1 23 24 
#c 0 1 0 0 0 1 0 1 0 1 1 0 0 1 1 1 0 1 0 1 0 1 1 1 1 1 1 1 0 1 1 1 0 1 0 1 0 0 1 1 0 0 0 1 1 0 1 1 0 1 1 1 0 1 0 1 0 1 1 
#3427554(div: 0) 3430349(div: 1) 
1 1 19 24 
#c 0 1 0 0 0 1 0 1 0 1 1 0 0 1 1 1 0 1 0 1 0 1 1 1 0 1 1 1 0 1 1 1 0 1 0 1 0 0 1 1 0 0 0 1 1 0 1 1 0 1 1 1 0 1 0 1 0 1 1 
#3466984(div: 0) 3390919(div: 1) 
25 34 0 2 3 4 6 8 11 12 16 18 20 24 28 32 34 36 37 40 41 42 45 48 52 54 56 1 5 7 9 10 13 14 15 17 19 21 22 23 25 26 27 29 30 31 33 35 38 39 43 44 46 47 49 50 51 53 55 57 58 
#c 0 1 0 0 0 1 0 1 0 1 1 0 0 1 1 1 0 1 0 1 0 1 1 1 0 1 1 1 0 1 1 1 0 1 0 1 0 0 1 1 0 0 0 1 1 0 1 1 0 1 1 1 0 1 0 1 0 1 1 
#3466984(div: 0) 3390919(div: 1) 
1 1 0 28 
#c 0 1 0 0 0 1 0 1 0 1 1 0 0 1 1 1 0 1 0 1 0 1 1 1 0 1 1 1 0 1 1 1 0 1 0 1 0 0 1 1 0 0 0 1 1 0 1 1 0 1 1 1 0 1 0 1 0 1 1 
#3466984(div: 0) 3390919(div: 1) 
1 1 0 11 
#c 0 1 0 0 0 1 0 1 0 1 1 0 0 1 1 1 0 1 0 1 0 1 1 1 0 1 1 1 0 1 1 1 0 1 0 1 0 0 1 1 0 0 0 1 1 0 1 1 0 1 1 1 0 1 0 1 0 1 1 
#3466984(div: 0) 3390919(div: 1) 
1 1 8 11 
#c 0 1 0 0 0 1 0 1 0 1 1 1 0 1 1 1 0 1 0 1 0 1 1 1 0 1 1 1 0 1 1 1 0 1 0 1 0 0 1 1 0 0 0 1 1 0 1 1 0 1 1 1 0 1 0 1 0 1 1 
#3440306(div: 0) 3417597(div: 1) 
24 35 0 2 3 4 6 8 12 16 18 20 24 28 32 34 36 37 40 41 42 45 48 52 54 56 1 5 7 9 10 11 13 14 15 17 19 21 22 23 25 26 27 29 30 31 33 35 38 39 43 44 46 47 49 50 51 53 55 57 58 
#c 0 1 0 0 0 1 0 1 0 1 1 1 0 1 1 1 0 1 0 1 0 1 1 1 0 1 1 1 0 1 1 1 0 1 0 1 0 0 1 1 0 0 0 1 1 0 1 1 0 1 1 1 0 1 0 1 0 1 1 
#3440306(div: 0) 3417597(div: 1) 
1 1 2 40 
#c 0 1 0 0 0 1 0 1 0 1 1 1 0 1 1 1 0 1 0 1 0 1 1 1 0 1 1 1 0 1 1 1 0 1 0 1 0 0 1 1 0 0 0 1 1 0 1 1 0 1 1 1 0 1 0 1 0 1 1 
#3440306(div: 0) 3417597(div: 1) 
1 1 2 16 
#c 0 1 0 0 0 1 0 1 0 1 1 1 0 1 1 1 0 1 0 1 0 1 1 1 0 1 1 1 0 1 1 1 0 1 0 1 0 0 1 1 0 0 0 1 1 0 1 1 0 1 1 1 0 1 0 1 0 1 1 
#3440306(div: 0) 3417597(div: 1) 
1 1 2 56 
#c 0 1 1 0 0 1 0 1 0 1 1 1 0 1 1 1 0 1 0 1 0 1 1 1 0 1 1 1 0 1 1 1 0 1 0 1 0 0 1 1 0 0 0 1 1 0 1 1 0 1 1 1 0 1 0 1 0 1 1 
#3372292(div: 0) 3485611(div: 1) 
23 36 0 3 4 6 8 12 16 18 20 24 28 32 34 36 37 40 41 42 45 48 52 54 56 1 2 5 7 9 10 11 13 14 15 17 19 21 22 23 25 26 27 29 30 31 33 35 38 39 43 44 46 47 49 50 51 53 55 57 58 
#c 0 1 1 0 0 1 0 1 0 1 1 1 0 1 1 1 0 1 0 1 0 1 1 1 0 1 1 1 0 1 1 1 0 1 0 1 0 0 1 1 0 0 0 1 1 0 1 1 0 1 1 1 0 1 0 1 0 1 1 
#3372292(div: 0) 3485611(div: 1) 
1 1 27 43 
#c 0 1 1 0 0 1 0 1 0 1 1 1 0 1 1 1 0 1 0 1 0 1 1 1 0 1 1 1 0 1 1 1 0 1 0 1 0 0 1 1 0 0 0 1 1 0 1 1 0 1 1 1 0 1 0 1 0 1 1 
#3372292(div: 0) 3485611(div: 1) 
1 1 17 27 
#c 0 1 1 0 0 1 0 1 0 1 1 1 0 1 1 1 0 1 0 1 0 1 1 1 0 1 1 1 0 1 1 1 0 1 0 1 0 0 1 1 0 0 0 1 1 0 1 1 0 1 1 1 0 1 0 1 0 1 1 
#3372292(div: 0) 3485611(div: 1) 
1 1 27 33 
#c 0 1 1 0 0 1 0 1 0 1 1 1 0 1 1 1 0 1 0 1 0 1 1 1 0 1 1 0 0 1 1 1 0 1 0 1 0 0 1 1 0 0 0 1 1 0 1 1 0 1 1 1 0 1 0 1 0 1 1 
#3377702(div: 0) 3480201(div: 1) 
24 35 0 3 4 6 8 12 16 18 20 24 27 28 32 34 36 37 40 41 42 45 48 52 54 56 1 2 5 7 9 10 11 13 14 15 17 19 21 22 23 25 26 29 30 31 33 35 38 39 43 44 46 47 49 50 51 53 55 57 58 
#c 0 1 1 0 0 1 0 1 0 1 1 1 0 1 1 1 0 1 0 1 0 1 1 1 0 1 1 0 0 1 1 1 0 1 0 1 0 0 1 1 0 0 0 1 1 0 1 1 0 1 1 1 0 1 0 1 0 1 1 
#3377702(div: 0) 3480201(div: 1) 
1 1 22 35 
#c 0 1 1 0 0 1 0 1 0 1 1 1 0 1 1 1 0 1 0 1 0 1 1 1 0 1 1 0 0 1 1 1 0 1 0 1 0 0 1 1 0 0 0 1 1 0 1 1 0 1 1 1 0 1 0 1 0 1 1 
#3377702(div: 0) 3480201(div: 1) 
1 1 22 53 
#c 0 1 1 0 0 1 0 1 0 1 1 1 0 1 1 1 0 1 0 1 0 1 1 1 0 1 1 0 0 1 1 1 0 1 0 1 0 0 1 1 0 0 0 1 1 0 1 1 0 1 1 1 0 1 0 1 0 1 1 
#3377702(div: 0) 3480201(div: 1) 
1 1 25 53 
#c 0 1 1 0 0 1 0 1 0 1 1 1 0 1 1 1 0 1 0 1 0 1 1 1 0 1 1 0 0 1 1 1 0 1 0 1 0 0 1 1 0 0 0 1 1 0 1 1 0 1 1 1 0 0 0 1 0 1 1 
#3391967(div: 0) 3465936(div: 1) 
25 34 0 3 4 6 8 12 16 18 20 24 27 28 32 34 36 37 40 41 42 45 48 52 53 54 56 1 2 5 7 9 10 11 13 14 15 17 19 21 22 23 25 26 29 30 31 33 35 38 39 43 44 46 47 49 50 51 55 57 58 
#c 0 1 1 0 0 1 0 1 0 1 1 1 0 1 1 1 0 1 0 1 0 1 1 1 0 1 1 0 0 1 1 1 0 1 0 1 0 0 1 1 0 0 0 1 1 0 1 1 0 1 1 1 0 0 0 1 0 1 1 
#3391967(div: 0) 3465936(div: 1) 
1 1 49 57 
#c 0 1 1 0 0 1 0 1 0 1 1 1 0 1 1 1 0 1 0 1 0 1 1 1 0 1 1 0 0 1 1 1 0 1 0 1 0 0 1 1 0 0 0 1 1 0 1 1 0 1 1 1 0 0 0 1 0 1 1 
#3391967(div: 0) 3465936(div: 1) 
1 1 46 49 
#c 0 1 1 0 0 1 0 1 0 1 1 1 0 1 1 1 0 1 0 1 0 1 1 1 0 1 1 0 0 1 1 1 0 1 0 1 0 0 1 1 0 0 0 1 1 0 1 1 0 1 1 1 0 0 0 1 0 1 1 
#3391967(div: 0) 3465936(div: 1) 
1 1 9 46 
#c 0 1 1 0 0 1 0 1 0 1 1 1 0 1 1 1 0 1 0 1 0 1 1 1 0 1 1 0 0 1 1 1 0 1 0 1 0 0 1 1 0 0 0 1 1 0 0 1 0 1 1 1 0 0 0 1 0 1 1 
#3420742(div: 0) 3437161(div: 1) 
26 33 0 3 4 6 8 12 16 18 20 24 27 28 32 34 36 37 40 41 42 45 46 48 52 53 54 56 1 2 5 7 9 10 11 13 14 15 17 19 21 22 23 25 26 29 30 31 33 35 38 39 43 44 47 49 50 51 55 57 58 
#c 0 1 1 0 0 1 0 1 0 1 1 1 0 1 1 1 0 1 0 1 0 1 1 1 0 1 1 0 0 1 1 1 0 1 0 1 0 0 1 1 0 0 0 1 1 0 0 1 0 1 1 1 0 0 0 1 0 1 1 
#3420742(div: 0) 3437161(div: 1) 
1 1 23 38 
#c 0 1 1 0 0 1 0 1 0 1 1 1 0 1 1 1 0 1 0 1 0 1 1 1 0 1 1 0 0 1 1 1 0 1 0 1 0 0 1 1 0 0 0 1 1 0 0 1 0 1 1 1 0 0 0 1 0 1 1 
#3420742(div: 0) 3437161(div: 1) 
1 1 30 38 
#c 0 1 1 0 0 1 0 1 0 1 1 1 0 1 1 1 0 1 0 1 0 1 1 1 0 1 1 0 0 1 1 1 0 1 0 1 0 0 1 1 0 0 0 1 1 0 0 1 0 1 1 1 0 0 0 1 0 1 1 
#3420742(div: 0) 3437161(div: 1) 
1 1 30 57 
#c 0 1 1 0 0 1 0 1 0 1 1 1 0 1 1 1 0 1 0 1 0 1 1 1 0 1 1 0 0 1 0 1 0 1 0 1 0 0 1 1 0 0 0 1 1 0 0 1 0 1 1 1 0 0 0 1 0 1 1 
#3429382(div: 0) 3428521(div: 1) 
27 32 0 3 4 6 8 12 16 18 20 24 27 28 30 32 34 36 37 40 41 42 45 46 48 52 53 54 56 1 2 5 7 9 10 11 13 14 15 17 19 21 22 23 25 26 29 31 33 35 38 39 43 44 47 49 50 51 55 57 58 
#c 0 1 1 0 0 1 0 1 0 1 1 1 0 1 1 1 0 1 0 1 0 1 1 1 0 1 1 0 0 1 0 1 0 1 0 1 0 0 1 1 0 0 0 1 1 0 0 1 0 1 1 1 0 0 0 1 0 1 1 
#3429382(div: 0) 3428521(div: 1) 
1 1 37 41 
#c 0 1 1 0 0 1 0 1 0 1 1 1 0 1 1 1 0 1 0 1 0 1 1 1 0 1 1 0 0 1 0 1 0 1 0 1 0 0 1 1 0 0 0 1 1 0 0 1 0 1 1 1 0 0 0 1 0 1 1 
#3429382(div: 0) 3428521(div: 1) 
1 1 6 37 
#c 0 1 1 0 0 1 0 1 0 1 1 1 0 1 1 1 0 1 0 1 0 1 1 1 0 1 1 0 0 1 0 1 0 1 0 1 0 0 1 1 0 0 0 1 1 0 0 1 0 1 1 1 0 0 0 1 0 1 1 
#3429382(div: 0) 3428521(div: 1) 
1 1 3 37 
#c 0 1 1 0 0 1 0 1 0 1 1 1 0 1 1 1 0 1 0 1 0 1 1 1 0 1 1 0 0 1 0 1 0 1 0 1 0 1 1 1 0 0 0 1 1 0 0 1 0 1 1 1 0 0 0 1 0 1 1 
#3418456(div: 0) 3439447(div: 1) 
26 33 0 3 4 6 8 12 16 18 20 24 27 28 30 32 34 36 40 41 42 45 46 48 52 53 54 56 1 2 5 7 9 10 11 13 14 15 17 19 21 22 23 25 26 29 31 33 35 37 38 39 43 44 47 49 50 51 55 57 58 
#c 0 1 1 0 0 1 0 1 0 1 1 1 0 1 1 1 0 1 0 1 0 1 1 1 0 1 1 0 0 1 0 1 0 1 0 1 0 1 1 1 0 0 0 1 1 0 0 1 0 1 1 1 0 0 0 1 0 1 1 
#3418456(div: 0) 3439447(div: 1) 
1 1 13 47 
#c 0 1 1 0 0 1 0 1 0 1 1 1 0 1 1 1 0 1 0 1 0 1 1 1 0 1 1 0 0 1 0 1 0 1 0 1 0 1 1 1 0 0 0 1 1 0 0 1 0 1 1 1 0 0 0 1 0 1 1 
#3418456(div: 0) 3439447(div: 1) 
1 1 17 47 
#c 0 1 1 0 0 1 0 1 0 1 1 1 0 1 1 1 0 1 0 1 0 1 1 1 0 1 1 0 0 1 0 1 0 1 0 1 0 1 1 1 0 0 0 1 1 0 0 1 0 1 1 1 0 0 0 1 0 1 1 
#3418456(div: 0) 3439447(div: 1) 
1 1 17 51 
#c 0 1 1 0 0 1 0 1 0 1 1 1 0 1 1 1 0 0 0 1 0 1 1 1 0 1 1 0 0 1 0 1 0 1 0 1 0 1 1 1 0 0 0 1 1 0 0 1 0 1 1 1 0 0 0 1 0 1 1 
#3448491(div: 0) 3409412(div: 1) 
27 32 0 3 4 6 8 12 16 17 18 20 24 27 28 30 32 34 36 40 41 42 45 46 48 52 53 54 56 1 2 5 7 9 10 11 13 14 15 19 21 22 23 25 26 29 31 33 35 37 38 39 43 44 47 49 50 51 55 57 58 
#c 0 1 1 0 0 1 0 1 0 1 1 1 0 1 1 1 0 0 0 1 0 1 1 1 0 1 1 0 0 1 0 1 0 1 0 1 0 1 1 1 0 0 0 1 1 0 0 1 0 1 1 1 0 0 0 1 0 1 1 
#3448491(div: 0) 3409412(div: 1) 
1 1 3 24 
#c 0 1 1 0 0 1 0 1 0 1 1 1 0 1 1 1 0 0 0 1 0 1 1 1 0 1 1 0 0 1 0 1 0 1 0 1 0 1 1 1 0 0 0 1 1 0 0 1 0 1 1 1 0 0 0 1 0 1 1 
#3448491(div: 0) 3409412(div: 1) 
1 1 24 41 
#c 0 1 1 0 0 1 0 1 0 1 1 1 0 1 1 1 0 0 0 1 0 1 1 1 0 1 1 0 0 1 0 1 0 1 0 1 0 1 1 1 0 0 0 1 1 0 0 1 0 1 1 1 0 0 0 1 0 1 1 
#3448491(div: 0) 3409412(div: 1) 
1 1 24 54 
#c 0 1 1 0 0 1 0 1 0 1 1 1 0 1 1 1 0 0 0 1 0 1 1 1 1 1 1 0 0 1 0 1 0 1 0 1 0 1 1 1 0 0 0 1 1 0 0 1 0 1 1 1 0 0 0 1 0 1 1 
#3409061(div: 0) 3448842(div: 1) 
26 33 0 3 4 6 8 12 16 17 18 20 27 28 30 32 34 36 40 41 42 45 46 48 52 53 54 56 1 2 5 7 9 10 11 13 14 15 19 21 22 23 24 25 26 29 31 33 35 37 38 39 43 44 47 49 50 51 55 57 58 
#c 0 1 1 0 0 1 0 1 0 1 1 1 0 1 1 1 0 0 0 1 0 1 1 1 1 1 1 0 0 1 0 1 0 1 0 1 0 1 1 1 0 0 0 1 1 0 0 1 0 1 1 1 0 0 0 1 0 1 1 
#3409061(div: 0) 3448842(div: 1) 
1 1 11 13 
#c 0 1 1 0 0 1 0 1 0 1 1 1 0 1 1 1 0 0 0 1 0 1 1 1 1 1 1 0 0 1 0 1 0 1 0 1 0 1 1 1 0 0 0 1 1 0 0 1 0 1 1 1 0 0 0 1 0 1 1 
#3409061(div: 0) 3448842(div: 1) 
1 1 11 24 
#c 0 1 1 0 0 1 0 1 0 1 1 1 0 1 1 1 0 0 0 1 0 1 1 1 1 1 1 0 0 1 0 1 0 1 0 1 0 1 1 1 0 0 0 1 1 0 0 1 0 1 1 1 0 0 0 1 0 1 1 
#3409061(div: 0) 3448842(div: 1) 
1 1 7 11 
#c 0 1 1 0 0 1 0 0 0 1 1 1 0 1 1 1 0 0 0 1 0 1 1 1 1 1 1 0 0 1 0 1 0 1 0 1 0 1 1 1 0 0 0 1 1 0 0 1 0 1 1 1 0 0 0 1 0 1 1 
#3413539(div: 0) 3444364(div: 1) 
27 32 0 3 4 6 7 8 12 16 17 18 20 27 28 30 32 34 36 40 41 42 45 46 48 52 53 54 56 1 2 5 9 10 11 13 14 15 19 21 22 23 24 25 26 29 31 33 35 37 38 39 43 44 47 49 50 51 55 57 58 
#c 0 1 1 0 0 1 0 0 0 1 1 1 0 1 1 1 0 0 0 1 0 1 1 1 1 1 1 0 0 1 0 1 0 1 0 1 0 1 1 1 0 0 0 1 1 0 0 1 0 1 1 1 0 0 0 1 0 1 1 
#3413539(div: 0) 3444364(div: 1) 
1 1 9 25 
#c 0 1 1 0 0 1 0 0 0 1 1 1 0 1 1 1 0 0 0 1 0 1 1 1 1 1 1 0 0 1 0 1 0 1 0 1 0 1 1 1 0 0 0 1 1 0 0 1 0 1 1 1 0 0 0 1 0 1 1 
#3413539(div: 0) 3444364(div: 1) 
1 1 9 24 
#c 0 1 1 0 0 1 0 0 0 1 1 1 0 1 1 1 0 0 0 1 0 1 1 1 1 1 1 0 0 1 0 1 0 1 0 1 0 1 1 1 0 0 0 1 1 0 0 1 0 1 1 1 0 0 0 1 0 1 1 
#3413539(div: 0) 3444364(div: 1) 
1 1 24 47 
#c 0 1 1 0 0 1 0 0 0 1 1 1 0 1 1 1 0 0 0 1 0 1 1 1 1 1 1 0 0 1 0 1 0 1 0 1 0 1 1 1 0 0 0 1 1 0 0 1 0 1 1 1 0 0 0 1 0 1 1 
#3413539(div: 0) 3444364(div: 1) 
1 1 24 44 
#c 0 1 1 0 0 1 0 0 0 1 1 1 0 1 1 1 0 0 0 1 0 1 1 1 1 1 1 0 0 1 0 1 0 1 0 1 0 1 1 1 0 0 0 1 1 0 0 1 0 1 1 1 0 0 0 1 0 1 1 
#3413539(div: 0) 3444364(div: 1) 
1 1 33 44 
#c 0 1 1 0 0 1 0 0 0 1 1 1 0 1 1 1 0 0 0 1 0 1 1 1 1 1 1 0 0 1 0 1 0 1 0 1 0 1 1 1 0 0 0 1 1 0 0 1 0 1 1 1 0 0 0 1 0 1 1 
#3413539(div: 0) 3444364(div: 1) 
1 1 10 44 
#c 0 1 1 0 0 1 0 0 0 1 1 1 0 1 1 1 0 0 0 1 0 1 1 1 1 1 1 0 0 1 0 1 0 1 0 1 0 1 1 1 0 0 0 1 1 0 0 1 0 1 1 1 0 0 0 1 0 1 1 
#3413539(div: 0) 3444364(div: 1) 
1 1 38 44 
#c 0 1 1 0 0 1 0 0 0 1 1 1 0 1 1 1 0 0 0 1 0 1 1 1 1 1 1 0 0 1 0 1 0 1 0 1 0 1 1 1 0 0 0 1 1 0 0 1 0 1 1 1 0 0 0 1 0 1 1 
#3413539(div: 0) 3444364(div: 1) 
1 1 44 55 
#c 0 1 1 0 0 1 0 0 0 1 1 1 0 1 1 1 0 0 0 1 0 1 1 1 1 1 1 0 0 1 0 1 0 1 0 1 0 1 1 1 0 0 0 1 1 0 0 1 0 1 1 1 0 0 0 1 0 1 1 
#3413539(div: 0) 3444364(div: 1) 
1 1 26 44 
#c 0 1 1 0 0 1 0 0 0 1 1 1 0 1 1 1 0 0 0 1 0 1 1 1 1 1 1 0 0 1 0 1 0 1 0 1 0 1 1 1 0 0 0 1 1 0 0 1 0 1 1 1 0 0 0 1 0 1 1 
#3413539(div: 0) 3444364(div: 1) 
1 1 37 44 
#c 0 1 1 0 0 1 0 0 0 1 1 1 0 1 1 1 0 0 0 1 0 1 1 1 1 1 1 0 0 1 0 1 0 1 0 1 0 1 1 1 0 0 0 1 0 0 0 1 0 1 1 1 0 0 0 1 0 1 1 
#3424251(div: 0) 3433652(div: 1) 
28 31 0 3 4 6 7 8 12 16 17 18 20 27 28 30 32 34 36 40 41 42 44 45 46 48 52 53 54 56 1 2 5 9 10 11 13 14 15 19 21 22 23 24 25 26 29 31 33 35 37 38 39 43 47 49 50 51 55 57 58 
#c 0 1 1 0 0 1 0 0 0 1 1 1 0 1 1 1 0 0 0 1 0 1 1 1 1 1 1 0 0 1 0 1 0 1 0 1 0 1 1 1 0 0 0 1 0 0 0 1 0 1 1 1 0 0 0 1 0 1 1 
#3424251(div: 0) 3433652(div: 1) 
1 1 15 24 
#c 0 1 1 0 0 1 0 0 0 1 1 1 0 1 1 1 0 0 0 1 0 1 1 1 1 1 1 0 0 1 0 1 0 1 0 1 0 1 1 1 0 0 0 1 0 0 0 1 0 1 1 1 0 0 0 1 0 1 1 
#3424251(div: 0) 3433652(div: 1) 
1 1 11 15 
#c 0 1 1 0 0 1 0 0 0 1 1 1 0 1 1 1 0 0 0 1 0 1 1 1 1 1 1 0 0 1 0 1 0 1 0 1 0 1 1 1 0 0 0 1 0 0 0 1 0 1 1 1 0 0 0 1 0 1 1 
#3424251(div: 0) 3433652(div: 1) 
1 1 15 33 
#c 0 1 1 0 0 1 0 0 0 1 1 1 0 1 1 1 0 0 0 1 0 1 1 1 1 1 1 0 0 1 0 1 0 1 0 1 0 1 1 1 0 0 0 1 0 0 0 1 0 1 1 1 0 0 0 1 0 1 1 
#3424251(div: 0) 3433652(div: 1) 
1 1 15 43 
#c 0 1 1 0 0 1 0 0 0 1 1 1 0 1 1 1 0 0 0 1 0 1 1 1 1 1 1 0 0 1 0 1 0 1 0 1 0 1 1 1 0 0 0 1 0 0 0 1 0 1 1 1 0 0 0 1 0 1 1 
#3424251(div: 0) 3433652(div: 1) 
1 1 15 26 
#c 0 1 1 0 0 1 0 0 0 1 1 1 0 1 1 1 0 0 0 1 0 1 1 1 1 1 1 0 0 1 0 1 0 1 0 1 0 1 1 1 0 0 0 1 0 0 0 1 0 1 1 1 0 0 0 1 0 1 1 
#3424251(div: 0) 3433652(div: 1) 
1 1 15 51 
#c 0 1 1 0 0 1 0 0 0 1 1 1 0 1 1 1 0 0 0 1 0 1 1 1 1 1 1 0 0 1 0 1 0 1 0 1 0 1 1 1 0 0 0 1 0 0 0 1 0 1 1 1 0 0 0 1 0 1 1 
#3424251(div: 0) 3433652(div: 1) 
1 1 15 35 
#c 0 1 1 0 0 1 0 0 0 1 1 1 0 1 1 1 0 0 0 1 0 1 1 1 1 1 1 0 0 1 0 1 0 1 0 1 0 1 1 1 0 0 0 1 0 0 0 1 0 1 1 1 0 0 0 1 0 1 1 
#3424251(div: 0) 3433652(div: 1) 
1 1 15 37 
#c 0 1 1 0 0 1 0 0 0 1 1 1 0 1 1 1 0 0 0 1 0 1 1 1 1 1 1 0 0 1 0 1 0 1 0 1 0 1 1 1 0 0 0 1 0 0 0 1 0 1 1 1 0 0 0 1 0 1 1 
#3424251(div: 0) 3433652(div: 1) 
1 1 9 37 
#c 0 1 1 0 0 1 0 0 0 1 1 1 0 1 1 1 0 0 0 1 0 1 1 1 1 1 1 0 0 1 0 1 0 1 0 1 0 1 1 1 0 0 0 1 0 0 0 1 0 1 1 1 0 0 0 1 0 1 1 
#3424251(div: 0) 3433652(div: 1) 
1 1 19 37 
#c 0 1 1 0 0 1 0 0 0 1 1 1 0 1 1 1 0 0 0 1 0 1 1 1 1 1 1 0 0 1 0 1 0 1 0 1 0 0 1 1 0 0 0 1 0 0 0 1 0 1 1 1 0 0 0 1 0 1 1 
#3435177(div: 0) 3422726(div: 1) 
29 30 0 3 4 6 7 8 12 16 17 18 20 27 28 30 32 34 36 37 40 41 42 44 45 46 48 52 53 54 56 1 2 5 9 10 11 13 14 15 19 21 22 23 24 25 26 29 31 33 35 38 39 43 47 49 50 51 55 57 58 
#c 0 1 1 0 0 1 0 0 0 1 1 1 0 1 1 1 0 0 0 1 0 1 1 1 1 1 1 0 0 1 0 1 0 1 0 1 0 0 1 1 0 0 0 1 0 0 0 1 0 1 1 1 0 0 0 1 0 1 1 
#3435177(div: 0) 3422726(div: 1) 
1 1 6 12 
#c 0 1 1 0 0 1 0 0 0 1 1 1 0 1 1 1 0 0 0 1 0 1 1 1 1 1 1 0 0 1 0 1 0 1 0 1 0 0 1 1 0 0 0 1 0 0 0 1 0 1 1 1 0 0 0 1 0 1 1 
#3435177(div: 0) 3422726(div: 1) 
1 1 12 20 
#c 0 1 1 0 0 1 0 0 0 1 1 1 0 1 1 1 0 0 0 1 0 1 1 1 1 1 1 0 0 1 0 1 0 1 0 1 0 0 1 1 0 0 0 1 0 0 0 1 0 1 1 1 0 0 0 1 0 1 1 
#3435177(div: 0) 3422726(div: 1) 
1 1 20 36 
0 1 1 0 0 1 0 0 0 1 1 1 0 1 1 1 0 0 0 1 1 1 1 1 1 1 1 0 0 1 0 1 0 1 0 1 0 0 1 1 0 0 0 1 0 0 0 1 0 1 1 1 0 0 0 1 0 1 1 
#514151
