#c 0 1 2 3 4 5 6 7 0 1 2 3 4 5 6 7 0 1 2 3 4 5 6 7 0 1 2 3 4 5 6 7 0 1 2 3 4 5 6 7 0 1 2 3 4 5 6 7 0 1 2 3 4 5 6 7 0 1 2 3 4 5 6 7 0 1 2 3 4 5 6 
#980737(div: 0) 942966(div: 1) 632888(div: 2) 1053134(div: 3) 392041(div: 4) 534085(div: 5) 1261243(div: 6) 1146522(div: 7) 
9 9 0 8 16 24 32 40 48 56 64 6 14 22 30 38 46 54 62 70 
#c 0 1 2 3 4 5 6 7 0 1 2 3 4 5 6 7 0 1 2 3 4 5 6 7 0 1 2 3 4 5 6 7 0 1 2 3 4 5 6 7 0 1 2 3 4 5 6 7 0 1 2 3 4 5 6 7 0 1 2 3 4 5 6 7 0 1 2 3 4 5 6 
#980737(div: 0) 942966(div: 1) 632888(div: 2) 1053134(div: 3) 392041(div: 4) 534085(div: 5) 1261243(div: 6) 1146522(div: 7) 
9 9 0 8 16 24 32 40 48 56 64 5 13 21 29 37 45 53 61 69 
#c 0 1 2 3 4 5 6 7 0 1 2 3 4 5 6 7 0 1 2 3 4 5 6 7 0 1 2 3 4 5 6 7 0 1 2 3 4 5 6 7 0 1 2 3 4 5 6 7 0 1 2 3 4 5 6 7 0 1 2 3 4 5 6 7 0 1 2 3 4 5 6 
#980737(div: 0) 942966(div: 1) 632888(div: 2) 1053134(div: 3) 392041(div: 4) 534085(div: 5) 1261243(div: 6) 1146522(div: 7) 
9 8 5 13 21 29 37 45 53 61 69 7 15 23 31 39 47 55 63 
#c 0 1 2 3 4 5 6 7 0 1 2 3 4 5 6 7 0 1 2 3 4 5 6 7 0 1 2 3 4 5 6 7 0 1 2 3 4 5 6 7 0 1 2 3 4 5 6 7 0 1 2 3 4 5 6 7 0 1 2 3 4 5 6 7 0 1 2 3 4 5 6 
#980737(div: 0) 942966(div: 1) 632888(div: 2) 1053134(div: 3) 392041(div: 4) 534085(div: 5) 1261243(div: 6) 1146522(div: 7) 
9 8 6 14 22 30 38 46 54 62 70 7 15 23 31 39 47 55 63 
#c 0 1 2 3 4 5 6 7 0 1 2 3 4 5 6 7 0 1 2 3 4 5 6 7 0 1 2 3 4 5 6 7 0 1 2 3 4 5 6 7 0 1 2 3 4 5 6 7 0 1 2 3 4 5 6 7 0 1 2 3 4 5 6 7 0 1 2 3 4 5 6 
#980737(div: 0) 942966(div: 1) 632888(div: 2) 1053134(div: 3) 392041(div: 4) 534085(div: 5) 1261243(div: 6) 1146522(div: 7) 
9 9 5 13 21 29 37 45 53 61 69 1 9 17 25 33 41 49 57 65 
#c 0 1 2 3 4 5 6 7 0 1 2 3 4 5 6 7 0 1 2 3 4 5 6 7 0 1 2 3 4 5 6 7 0 1 2 3 4 5 6 7 0 1 2 3 4 5 6 7 0 1 2 3 4 5 6 7 0 1 2 3 4 5 6 7 0 1 2 3 4 5 6 
#980737(div: 0) 942966(div: 1) 632888(div: 2) 1053134(div: 3) 392041(div: 4) 534085(div: 5) 1261243(div: 6) 1146522(div: 7) 
9 9 6 14 22 30 38 46 54 62 70 1 9 17 25 33 41 49 57 65 
#c 0 1 2 3 4 5 6 7 0 1 2 3 4 5 6 7 0 1 2 3 4 5 6 7 0 1 2 3 4 5 6 7 0 1 2 3 4 5 6 7 0 1 2 3 4 5 6 7 0 1 2 3 4 5 6 7 0 1 2 3 4 5 6 7 0 1 2 3 4 5 6 
#980737(div: 0) 942966(div: 1) 632888(div: 2) 1053134(div: 3) 392041(div: 4) 534085(div: 5) 1261243(div: 6) 1146522(div: 7) 
9 9 5 13 21 29 37 45 53 61 69 4 12 20 28 36 44 52 60 68 
#c 0 1 2 3 4 5 6 7 0 1 2 3 4 5 6 7 0 1 2 3 4 5 6 7 0 1 2 3 4 5 6 7 0 1 2 3 4 5 6 7 0 1 2 3 4 5 6 7 0 1 2 3 4 5 6 7 0 1 2 3 4 5 6 7 0 1 2 3 4 5 6 
#980737(div: 0) 942966(div: 1) 632888(div: 2) 1053134(div: 3) 392041(div: 4) 534085(div: 5) 1261243(div: 6) 1146522(div: 7) 
1 1 22 46 
#c 0 1 2 3 4 5 6 7 0 1 2 3 4 5 6 7 0 1 2 3 4 5 6 7 0 1 2 3 4 5 6 7 0 1 2 3 4 5 6 7 0 1 2 3 4 5 6 7 0 1 2 3 4 5 6 7 0 1 2 3 4 5 6 7 0 1 2 3 4 5 6 
#980737(div: 0) 942966(div: 1) 632888(div: 2) 1053134(div: 3) 392041(div: 4) 534085(div: 5) 1261243(div: 6) 1146522(div: 7) 
1 1 6 22 
#c 0 1 2 3 4 5 6 7 0 1 2 3 4 5 6 7 0 1 2 3 4 5 6 7 0 1 2 3 4 5 6 7 0 1 2 3 4 5 6 7 0 1 2 3 4 5 6 7 0 1 2 3 4 5 6 7 0 1 2 3 4 5 6 7 0 1 2 3 4 5 6 
#980737(div: 0) 942966(div: 1) 632888(div: 2) 1053134(div: 3) 392041(div: 4) 534085(div: 5) 1261243(div: 6) 1146522(div: 7) 
1 1 6 38 
#c 0 1 2 3 4 5 6 7 0 1 2 3 4 5 6 7 0 1 2 3 4 5 6 7 0 1 2 3 4 5 6 7 0 1 2 3 4 5 4 7 0 1 2 3 4 5 6 7 0 1 2 3 4 5 6 7 0 1 2 3 4 5 6 7 0 1 2 3 4 5 6 
#980737(div: 0) 942966(div: 1) 632888(div: 2) 1053134(div: 3) 399325(div: 4) 534085(div: 5) 1253959(div: 6) 1146522(div: 7) 
8 10 6 14 22 30 46 54 62 70 4 12 20 28 36 38 44 52 60 68 
#c 0 1 2 3 4 5 6 7 0 1 2 3 4 5 6 7 0 1 2 3 4 5 6 7 0 1 2 3 4 5 6 7 0 1 2 3 4 5 4 7 0 1 2 3 4 5 6 7 0 1 2 3 4 5 6 7 0 1 2 3 4 5 6 7 0 1 2 3 4 5 6 
#980737(div: 0) 942966(div: 1) 632888(div: 2) 1053134(div: 3) 399325(div: 4) 534085(div: 5) 1253959(div: 6) 1146522(div: 7) 
1 1 14 22 
#c 0 1 2 3 4 5 6 7 0 1 2 3 4 5 6 7 0 1 2 3 4 5 6 7 0 1 2 3 4 5 6 7 0 1 2 3 4 5 4 7 0 1 2 3 4 5 6 7 0 1 2 3 4 5 6 7 0 1 2 3 4 5 6 7 0 1 2 3 4 5 6 
#980737(div: 0) 942966(div: 1) 632888(div: 2) 1053134(div: 3) 399325(div: 4) 534085(div: 5) 1253959(div: 6) 1146522(div: 7) 
1 1 14 46 
#c 0 1 2 3 4 5 6 7 0 1 2 3 4 5 6 7 0 1 2 3 4 5 6 7 0 1 2 3 4 5 6 7 0 1 2 3 4 5 4 7 0 1 2 3 4 5 6 7 0 1 2 3 4 5 6 7 0 1 2 3 4 5 6 7 0 1 2 3 4 5 6 
#980737(div: 0) 942966(div: 1) 632888(div: 2) 1053134(div: 3) 399325(div: 4) 534085(div: 5) 1253959(div: 6) 1146522(div: 7) 
1 1 14 70 
#c 0 1 2 3 4 5 6 7 0 1 2 3 4 5 4 7 0 1 2 3 4 5 6 7 0 1 2 3 4 5 6 7 0 1 2 3 4 5 4 7 0 1 2 3 4 5 6 7 0 1 2 3 4 5 6 7 0 1 2 3 4 5 6 7 0 1 2 3 4 5 6 
#980737(div: 0) 942966(div: 1) 632888(div: 2) 1053134(div: 3) 413666(div: 4) 534085(div: 5) 1239618(div: 6) 1146522(div: 7) 
9 9 2 10 18 26 34 42 50 58 66 3 11 19 27 35 43 51 59 67 
#c 0 1 2 3 4 5 6 7 0 1 2 3 4 5 4 7 0 1 2 3 4 5 6 7 0 1 2 3 4 5 6 7 0 1 2 3 4 5 4 7 0 1 2 3 4 5 6 7 0 1 2 3 4 5 6 7 0 1 2 3 4 5 6 7 0 1 2 3 4 5 6 
#980737(div: 0) 942966(div: 1) 632888(div: 2) 1053134(div: 3) 413666(div: 4) 534085(div: 5) 1239618(div: 6) 1146522(div: 7) 
9 7 2 10 18 26 34 42 50 58 66 6 22 30 46 54 62 70 
#c 0 1 2 3 4 5 6 7 0 1 2 3 4 5 4 7 0 1 2 3 4 5 6 7 0 1 2 3 4 5 6 7 0 1 2 3 4 5 4 7 0 1 2 3 4 5 6 7 0 1 2 3 4 5 6 7 0 1 2 3 4 5 6 7 0 1 2 3 4 5 6 
#980737(div: 0) 942966(div: 1) 632888(div: 2) 1053134(div: 3) 413666(div: 4) 534085(div: 5) 1239618(div: 6) 1146522(div: 7) 
9 7 3 11 19 27 35 43 51 59 67 6 22 30 46 54 62 70 
#c 0 1 2 3 4 5 6 7 0 1 2 3 4 5 4 7 0 1 2 3 4 5 6 7 0 1 2 3 4 5 6 7 0 1 2 3 4 5 4 7 0 1 2 3 4 5 6 7 0 1 2 3 4 5 6 7 0 1 2 3 4 5 6 7 0 1 2 3 4 5 6 
#980737(div: 0) 942966(div: 1) 632888(div: 2) 1053134(div: 3) 413666(div: 4) 534085(div: 5) 1239618(div: 6) 1146522(div: 7) 
9 8 2 10 18 26 34 42 50 58 66 7 15 23 31 39 47 55 63 
#c 0 1 2 3 4 5 6 7 0 1 2 3 4 5 4 7 0 1 2 3 4 5 6 7 0 1 2 3 4 5 6 7 0 1 2 3 4 5 4 7 0 1 2 3 4 5 6 7 0 1 2 3 4 5 6 7 0 1 2 3 4 5 6 7 0 1 2 3 4 5 6 
#980737(div: 0) 942966(div: 1) 632888(div: 2) 1053134(div: 3) 413666(div: 4) 534085(div: 5) 1239618(div: 6) 1146522(div: 7) 
7 8 6 22 30 46 54 62 70 7 15 23 31 39 47 55 63 
#c 0 1 2 3 4 5 6 7 0 1 2 3 4 5 4 7 0 1 2 3 4 5 6 7 0 1 2 3 4 5 6 7 0 1 2 3 4 5 4 7 0 1 2 3 4 5 6 7 0 1 2 3 4 5 6 7 0 1 2 3 4 5 6 7 0 1 2 3 4 5 6 
#980737(div: 0) 942966(div: 1) 632888(div: 2) 1053134(div: 3) 413666(div: 4) 534085(div: 5) 1239618(div: 6) 1146522(div: 7) 
9 9 2 10 18 26 34 42 50 58 66 5 13 21 29 37 45 53 61 69 
#c 0 1 2 3 4 5 6 7 0 1 2 3 4 5 4 7 0 1 2 3 4 5 6 7 0 1 2 3 4 5 6 7 0 1 2 3 4 5 4 7 0 1 2 3 4 5 6 7 0 1 2 3 4 5 6 7 0 1 2 3 4 5 6 7 0 1 2 3 4 5 6 
#980737(div: 0) 942966(div: 1) 632888(div: 2) 1053134(div: 3) 413666(div: 4) 534085(div: 5) 1239618(div: 6) 1146522(div: 7) 
9 9 5 13 21 29 37 45 53 61 69 0 8 16 24 32 40 48 56 64 
#c 0 1 2 3 4 5 6 7 0 1 2 3 4 5 4 7 0 1 2 3 4 5 6 7 0 1 2 3 4 5 6 7 0 1 2 3 4 5 4 7 0 1 2 3 4 5 6 7 0 1 2 3 4 5 6 7 0 1 2 3 4 5 6 7 0 1 2 3 4 5 6 
#980737(div: 0) 942966(div: 1) 632888(div: 2) 1053134(div: 3) 413666(div: 4) 534085(div: 5) 1239618(div: 6) 1146522(div: 7) 
7 9 6 22 30 46 54 62 70 0 8 16 24 32 40 48 56 64 
#c 0 1 2 3 4 5 6 7 0 1 2 3 4 5 4 7 0 1 2 3 4 5 6 7 0 1 2 3 4 5 6 7 0 1 2 3 4 5 4 7 0 1 2 3 4 5 6 7 0 1 2 3 4 5 6 7 0 1 2 3 4 5 6 7 0 1 2 3 4 5 6 
#980737(div: 0) 942966(div: 1) 632888(div: 2) 1053134(div: 3) 413666(div: 4) 534085(div: 5) 1239618(div: 6) 1146522(div: 7) 
1 1 6 62 
#c 0 1 2 3 4 5 6 7 0 1 2 3 4 5 4 7 0 1 2 3 4 5 6 7 0 1 2 3 4 5 6 7 0 1 2 3 4 5 4 7 0 1 2 3 4 5 6 7 0 1 2 3 4 5 6 7 0 1 2 3 4 5 6 7 0 1 2 3 4 5 6 
#980737(div: 0) 942966(div: 1) 632888(div: 2) 1053134(div: 3) 413666(div: 4) 534085(div: 5) 1239618(div: 6) 1146522(div: 7) 
1 1 6 46 
#c 0 1 2 3 4 5 6 7 0 1 2 3 4 5 4 7 0 1 2 3 4 5 6 7 0 1 2 3 4 5 6 7 0 1 2 3 4 5 4 7 0 1 2 3 4 5 6 7 0 1 2 3 4 5 6 7 0 1 2 3 4 5 6 7 0 1 2 3 4 5 6 
#980737(div: 0) 942966(div: 1) 632888(div: 2) 1053134(div: 3) 413666(div: 4) 534085(div: 5) 1239618(div: 6) 1146522(div: 7) 
1 1 6 22 
#c 0 1 2 3 4 5 5 7 0 1 2 3 4 5 4 7 0 1 2 3 4 5 6 7 0 1 2 3 4 5 6 7 0 1 2 3 4 5 4 7 0 1 2 3 4 5 6 7 0 1 2 3 4 5 6 7 0 1 2 3 4 5 6 7 0 1 2 3 4 5 6 
#980737(div: 0) 942966(div: 1) 632888(div: 2) 1053134(div: 3) 413666(div: 4) 684058(div: 5) 1089645(div: 6) 1146522(div: 7) 
6 10 22 30 46 54 62 70 5 6 13 21 29 37 45 53 61 69 
#c 0 1 2 3 4 5 5 7 0 1 2 3 4 5 4 7 0 1 2 3 4 5 6 7 0 1 2 3 4 5 6 7 0 1 2 3 4 5 4 7 0 1 2 3 4 5 6 7 0 1 2 3 4 5 6 7 0 1 2 3 4 5 6 7 0 1 2 3 4 5 6 
#980737(div: 0) 942966(div: 1) 632888(div: 2) 1053134(div: 3) 413666(div: 4) 684058(div: 5) 1089645(div: 6) 1146522(div: 7) 
1 1 30 62 
#c 0 1 2 3 4 5 5 7 0 1 2 3 4 5 4 7 0 1 2 3 4 5 6 7 0 1 2 3 4 5 6 7 0 1 2 3 4 5 4 7 0 1 2 3 4 5 6 7 0 1 2 3 4 5 6 7 0 1 2 3 4 5 6 7 0 1 2 3 4 5 6 
#980737(div: 0) 942966(div: 1) 632888(div: 2) 1053134(div: 3) 413666(div: 4) 684058(div: 5) 1089645(div: 6) 1146522(div: 7) 
1 1 30 54 
#c 0 1 2 3 4 5 5 7 0 1 2 3 4 5 4 7 0 1 2 3 4 5 6 7 0 1 2 3 4 5 6 7 0 1 2 3 4 5 4 7 0 1 2 3 4 5 6 7 0 1 2 3 4 5 6 7 0 1 2 3 4 5 6 7 0 1 2 3 4 5 6 
#980737(div: 0) 942966(div: 1) 632888(div: 2) 1053134(div: 3) 413666(div: 4) 684058(div: 5) 1089645(div: 6) 1146522(div: 7) 
1 1 30 46 
#c 0 1 2 3 4 5 5 7 0 1 2 3 4 5 4 7 0 1 2 3 4 5 6 7 0 1 2 3 4 5 5 7 0 1 2 3 4 5 4 7 0 1 2 3 4 5 6 7 0 1 2 3 4 5 6 7 0 1 2 3 4 5 6 7 0 1 2 3 4 5 6 
#980737(div: 0) 942966(div: 1) 632888(div: 2) 1053134(div: 3) 413666(div: 4) 744843(div: 5) 1028860(div: 6) 1146522(div: 7) 
9 9 1 9 17 25 33 41 49 57 65 2 10 18 26 34 42 50 58 66 
#c 0 1 2 3 4 5 5 7 0 1 2 3 4 5 4 7 0 1 2 3 4 5 6 7 0 1 2 3 4 5 5 7 0 1 2 3 4 5 4 7 0 1 2 3 4 5 6 7 0 1 2 3 4 5 6 7 0 1 2 3 4 5 6 7 0 1 2 3 4 5 6 
#980737(div: 0) 942966(div: 1) 632888(div: 2) 1053134(div: 3) 413666(div: 4) 744843(div: 5) 1028860(div: 6) 1146522(div: 7) 
9 8 2 10 18 26 34 42 50 58 66 7 15 23 31 39 47 55 63 
#c 0 1 2 3 4 5 5 7 0 1 2 3 4 5 4 7 0 1 2 3 4 5 6 7 0 1 2 3 4 5 5 7 0 1 2 3 4 5 4 7 0 1 2 3 4 5 6 7 0 1 2 3 4 5 6 7 0 1 2 3 4 5 6 7 0 1 2 3 4 5 6 
#980737(div: 0) 942966(div: 1) 632888(div: 2) 1053134(div: 3) 413666(div: 4) 744843(div: 5) 1028860(div: 6) 1146522(div: 7) 
9 8 1 9 17 25 33 41 49 57 65 7 15 23 31 39 47 55 63 
#c 0 1 2 3 4 5 5 7 0 1 2 3 4 5 4 7 0 1 2 3 4 5 6 7 0 1 2 3 4 5 5 7 0 1 2 3 4 5 4 7 0 1 2 3 4 5 6 7 0 1 2 3 4 5 6 7 0 1 2 3 4 5 6 7 0 1 2 3 4 5 6 
#980737(div: 0) 942966(div: 1) 632888(div: 2) 1053134(div: 3) 413666(div: 4) 744843(div: 5) 1028860(div: 6) 1146522(div: 7) 
9 5 2 10 18 26 34 42 50 58 66 22 46 54 62 70 
#c 0 1 2 3 4 5 5 7 0 1 2 3 4 5 4 7 0 1 2 3 4 5 6 7 0 1 2 3 4 5 5 7 0 1 2 3 4 5 4 7 0 1 2 3 4 5 6 7 0 1 2 3 4 5 6 7 0 1 2 3 4 5 6 7 0 1 2 3 4 5 6 
#980737(div: 0) 942966(div: 1) 632888(div: 2) 1053134(div: 3) 413666(div: 4) 744843(div: 5) 1028860(div: 6) 1146522(div: 7) 
8 5 7 15 23 31 39 47 55 63 22 46 54 62 70 
#c 0 1 2 3 4 5 5 7 0 1 2 3 4 5 4 7 0 1 2 3 4 5 6 7 0 1 2 3 4 5 5 7 0 1 2 3 4 5 4 7 0 1 2 3 4 5 6 7 0 1 2 3 4 5 6 7 0 1 2 3 4 5 6 7 0 1 2 3 4 5 6 
#980737(div: 0) 942966(div: 1) 632888(div: 2) 1053134(div: 3) 413666(div: 4) 744843(div: 5) 1028860(div: 6) 1146522(div: 7) 
9 9 2 10 18 26 34 42 50 58 66 3 11 19 27 35 43 51 59 67 
#c 0 1 2 3 4 5 5 7 0 1 2 3 4 5 4 7 0 1 2 3 4 5 6 7 0 1 2 3 4 5 5 7 0 1 2 3 4 5 4 7 0 1 2 3 4 5 6 7 0 1 2 3 4 5 6 7 0 1 2 3 4 5 6 7 0 1 2 3 4 5 6 
#980737(div: 0) 942966(div: 1) 632888(div: 2) 1053134(div: 3) 413666(div: 4) 744843(div: 5) 1028860(div: 6) 1146522(div: 7) 
8 9 7 15 23 31 39 47 55 63 3 11 19 27 35 43 51 59 67 
#c 0 1 2 3 4 5 5 7 0 1 2 3 4 5 4 7 0 1 2 3 4 5 6 7 0 1 2 3 4 5 5 7 0 1 2 3 4 5 4 7 0 1 2 3 4 5 6 7 0 1 2 3 4 5 6 7 0 1 2 3 4 5 6 7 0 1 2 3 4 5 6 
#980737(div: 0) 942966(div: 1) 632888(div: 2) 1053134(div: 3) 413666(div: 4) 744843(div: 5) 1028860(div: 6) 1146522(div: 7) 
9 11 2 10 18 26 34 42 50 58 66 4 12 14 20 28 36 38 44 52 60 68 
#c 0 1 2 3 4 5 5 7 0 1 2 3 4 5 4 7 0 1 2 3 4 5 6 7 0 1 2 3 4 5 5 7 0 1 2 3 4 5 4 7 0 1 2 3 4 5 6 7 0 1 2 3 4 5 6 7 0 1 2 3 4 5 6 7 0 1 2 3 4 5 6 
#980737(div: 0) 942966(div: 1) 632888(div: 2) 1053134(div: 3) 413666(div: 4) 744843(div: 5) 1028860(div: 6) 1146522(div: 7) 
1 1 55 63 
#c 0 1 2 3 4 5 5 7 0 1 2 3 4 5 4 7 0 1 2 3 4 5 6 7 0 1 2 3 4 5 5 7 0 1 2 3 4 5 4 7 0 1 2 3 4 5 6 7 0 1 2 3 4 5 6 7 0 1 2 3 4 5 6 7 0 1 2 3 4 5 6 
#980737(div: 0) 942966(div: 1) 632888(div: 2) 1053134(div: 3) 413666(div: 4) 744843(div: 5) 1028860(div: 6) 1146522(div: 7) 
1 1 39 55 
#c 0 1 2 3 4 5 5 7 0 1 2 3 4 5 4 7 0 1 2 3 4 5 6 7 0 1 2 3 4 5 5 7 0 1 2 3 4 5 4 7 0 1 2 3 4 5 6 7 0 1 2 3 4 5 6 7 0 1 2 3 4 5 6 7 0 1 2 3 4 5 6 
#980737(div: 0) 942966(div: 1) 632888(div: 2) 1053134(div: 3) 413666(div: 4) 744843(div: 5) 1028860(div: 6) 1146522(div: 7) 
1 1 39 47 
#c 0 1 2 3 4 5 5 7 0 1 2 3 4 5 4 7 0 1 2 3 4 5 6 7 0 1 2 3 4 5 5 7 0 1 2 3 4 5 4 4 0 1 2 3 4 5 6 7 0 1 2 3 4 5 6 7 0 1 2 3 4 5 6 7 0 1 2 3 4 5 6 
#980737(div: 0) 942966(div: 1) 632888(div: 2) 1053134(div: 3) 443964(div: 4) 744843(div: 5) 1028860(div: 6) 1116224(div: 7) 
7 12 7 15 23 31 47 55 63 4 12 14 20 28 36 38 39 44 52 60 68 
#c 0 1 2 3 4 5 5 7 0 1 2 3 4 5 4 7 0 1 2 3 4 5 6 7 0 1 2 3 4 5 5 7 0 1 2 3 4 5 4 4 0 1 2 3 4 5 6 7 0 1 2 3 4 5 6 7 0 1 2 3 4 5 6 7 0 1 2 3 4 5 6 
#980737(div: 0) 942966(div: 1) 632888(div: 2) 1053134(div: 3) 443964(div: 4) 744843(div: 5) 1028860(div: 6) 1116224(div: 7) 
1 1 7 15 
#c 0 1 2 3 4 5 5 7 0 1 2 3 4 5 4 7 0 1 2 3 4 5 6 7 0 1 2 3 4 5 5 7 0 1 2 3 4 5 4 4 0 1 2 3 4 5 6 7 0 1 2 3 4 5 6 7 0 1 2 3 4 5 6 7 0 1 2 3 4 5 6 
#980737(div: 0) 942966(div: 1) 632888(div: 2) 1053134(div: 3) 443964(div: 4) 744843(div: 5) 1028860(div: 6) 1116224(div: 7) 
1 1 15 31 
#c 0 1 2 3 4 5 5 7 0 1 2 3 4 5 4 7 0 1 2 3 4 5 6 7 0 1 2 3 4 5 5 7 0 1 2 3 4 5 4 4 0 1 2 3 4 5 6 7 0 1 2 3 4 5 6 7 0 1 2 3 4 5 6 7 0 1 2 3 4 5 6 
#980737(div: 0) 942966(div: 1) 632888(div: 2) 1053134(div: 3) 443964(div: 4) 744843(div: 5) 1028860(div: 6) 1116224(div: 7) 
1 1 15 47 
#c 0 1 2 3 4 5 5 7 0 1 2 3 4 5 4 4 0 1 2 3 4 5 6 7 0 1 2 3 4 5 5 7 0 1 2 3 4 5 4 4 0 1 2 3 4 5 6 7 0 1 2 3 4 5 6 7 0 1 2 3 4 5 6 7 0 1 2 3 4 5 6 
#980737(div: 0) 942966(div: 1) 632888(div: 2) 1053134(div: 3) 471885(div: 4) 744843(div: 5) 1028860(div: 6) 1088303(div: 7) 
9 5 0 8 16 24 32 40 48 56 64 22 46 54 62 70 
#c 0 1 2 3 4 5 5 7 0 1 2 3 4 5 4 4 0 1 2 3 4 5 6 7 0 1 2 3 4 5 5 7 0 1 2 3 4 5 4 4 0 1 2 3 4 5 6 7 0 1 2 3 4 5 6 7 0 1 2 3 4 5 6 7 0 1 2 3 4 5 6 
#980737(div: 0) 942966(div: 1) 632888(div: 2) 1053134(div: 3) 471885(div: 4) 744843(div: 5) 1028860(div: 6) 1088303(div: 7) 
9 9 0 8 16 24 32 40 48 56 64 1 9 17 25 33 41 49 57 65 
#c 0 1 2 3 4 5 5 7 0 1 2 3 4 5 4 4 0 1 2 3 4 5 6 7 0 1 2 3 4 5 5 7 0 1 2 3 4 5 4 4 0 1 2 3 4 5 6 7 0 1 2 3 4 5 6 7 0 1 2 3 4 5 6 7 0 1 2 3 4 5 6 
#980737(div: 0) 942966(div: 1) 632888(div: 2) 1053134(div: 3) 471885(div: 4) 744843(div: 5) 1028860(div: 6) 1088303(div: 7) 
9 9 1 9 17 25 33 41 49 57 65 2 10 18 26 34 42 50 58 66 
#c 0 1 2 3 4 5 5 7 0 1 2 3 4 5 4 4 0 1 2 3 4 5 6 7 0 1 2 3 4 5 5 7 0 1 2 3 4 5 4 4 0 1 2 3 4 5 6 7 0 1 2 3 4 5 6 7 0 1 2 3 4 5 6 7 0 1 2 3 4 5 6 
#980737(div: 0) 942966(div: 1) 632888(div: 2) 1053134(div: 3) 471885(div: 4) 744843(div: 5) 1028860(div: 6) 1088303(div: 7) 
9 11 2 10 18 26 34 42 50 58 66 5 6 13 21 29 30 37 45 53 61 69 
#c 0 1 2 3 4 5 5 7 0 1 2 3 4 5 4 4 0 1 2 3 4 5 6 7 0 1 2 3 4 5 5 7 0 1 2 3 4 5 4 4 0 1 2 3 4 5 6 7 0 1 2 3 4 5 6 7 0 1 2 3 4 5 6 7 0 1 2 3 4 5 6 
#980737(div: 0) 942966(div: 1) 632888(div: 2) 1053134(div: 3) 471885(div: 4) 744843(div: 5) 1028860(div: 6) 1088303(div: 7) 
5 11 22 46 54 62 70 5 6 13 21 29 30 37 45 53 61 69 
#c 0 1 2 3 4 5 5 7 0 1 2 3 4 5 4 4 0 1 2 3 4 5 6 7 0 1 2 3 4 5 5 7 0 1 2 3 4 5 4 4 0 1 2 3 4 5 6 7 0 1 2 3 4 5 6 7 0 1 2 3 4 5 6 7 0 1 2 3 4 5 6 
#980737(div: 0) 942966(div: 1) 632888(div: 2) 1053134(div: 3) 471885(div: 4) 744843(div: 5) 1028860(div: 6) 1088303(div: 7) 
9 6 2 10 18 26 34 42 50 58 66 7 23 31 47 55 63 
#c 0 1 2 3 4 5 5 7 0 1 2 3 4 5 4 4 0 1 2 3 4 5 6 7 0 1 2 3 4 5 5 7 0 1 2 3 4 5 4 4 0 1 2 3 4 5 6 7 0 1 2 3 4 5 6 7 0 1 2 3 4 5 6 7 0 1 2 3 4 5 6 
#980737(div: 0) 942966(div: 1) 632888(div: 2) 1053134(div: 3) 471885(div: 4) 744843(div: 5) 1028860(div: 6) 1088303(div: 7) 
5 6 22 46 54 62 70 7 23 31 47 55 63 
#c 0 1 2 3 4 5 5 7 0 1 2 3 4 5 4 4 0 1 2 3 4 5 6 7 0 1 2 3 4 5 5 7 0 1 2 3 4 5 4 4 0 1 2 3 4 5 6 7 0 1 2 3 4 5 6 7 0 1 2 3 4 5 6 7 0 1 2 3 4 5 6 
#980737(div: 0) 942966(div: 1) 632888(div: 2) 1053134(div: 3) 471885(div: 4) 744843(div: 5) 1028860(div: 6) 1088303(div: 7) 
1 1 7 47 
#c 0 1 2 3 4 5 5 7 0 1 2 3 4 5 4 4 0 1 2 3 4 5 6 7 0 1 2 3 4 5 5 7 0 1 2 3 4 5 4 4 0 1 2 3 4 5 6 7 0 1 2 3 4 5 6 7 0 1 2 3 4 5 6 7 0 1 2 3 4 5 6 
#980737(div: 0) 942966(div: 1) 632888(div: 2) 1053134(div: 3) 471885(div: 4) 744843(div: 5) 1028860(div: 6) 1088303(div: 7) 
1 1 7 23 
#c 0 1 2 3 4 5 5 7 0 1 2 3 4 5 4 4 0 1 2 3 4 5 6 7 0 1 2 3 4 5 5 7 0 1 2 3 4 5 4 4 0 1 2 3 4 5 6 7 0 1 2 3 4 5 6 7 0 1 2 3 4 5 6 7 0 1 2 3 4 5 6 
#980737(div: 0) 942966(div: 1) 632888(div: 2) 1053134(div: 3) 471885(div: 4) 744843(div: 5) 1028860(div: 6) 1088303(div: 7) 
1 1 23 63 
#c 0 1 2 3 4 5 5 7 0 1 2 3 4 5 4 4 0 1 2 3 4 5 6 2 0 1 2 3 4 5 5 7 0 1 2 3 4 5 4 4 0 1 2 3 4 5 6 7 0 1 2 3 4 5 6 7 0 1 2 3 4 5 6 7 0 1 2 3 4 5 6 
#980737(div: 0) 942966(div: 1) 656106(div: 2) 1053134(div: 3) 471885(div: 4) 744843(div: 5) 1028860(div: 6) 1065085(div: 7) 
5 10 7 31 47 55 63 2 10 18 23 26 34 42 50 58 66 
#c 0 1 2 3 4 5 5 7 0 1 2 3 4 5 4 4 0 1 2 3 4 5 6 2 0 1 2 3 4 5 5 7 0 1 2 3 4 5 4 4 0 1 2 3 4 5 6 7 0 1 2 3 4 5 6 7 0 1 2 3 4 5 6 7 0 1 2 3 4 5 6 
#980737(div: 0) 942966(div: 1) 656106(div: 2) 1053134(div: 3) 471885(div: 4) 744843(div: 5) 1028860(div: 6) 1065085(div: 7) 
1 1 7 47 
#c 0 1 2 3 4 5 5 7 0 1 2 3 4 5 4 4 0 1 2 3 4 5 6 2 0 1 2 3 4 5 5 7 0 1 2 3 4 5 4 4 0 1 2 3 4 5 6 7 0 1 2 3 4 5 6 7 0 1 2 3 4 5 6 7 0 1 2 3 4 5 6 
#980737(div: 0) 942966(div: 1) 656106(div: 2) 1053134(div: 3) 471885(div: 4) 744843(div: 5) 1028860(div: 6) 1065085(div: 7) 
1 1 7 31 
#c 0 1 2 3 4 5 5 7 0 1 2 3 4 5 4 4 0 1 2 3 4 5 6 2 0 1 2 3 4 5 5 7 0 1 2 3 4 5 4 4 0 1 2 3 4 5 6 7 0 1 2 3 4 5 6 7 0 1 2 3 4 5 6 7 0 1 2 3 4 5 6 
#980737(div: 0) 942966(div: 1) 656106(div: 2) 1053134(div: 3) 471885(div: 4) 744843(div: 5) 1028860(div: 6) 1065085(div: 7) 
1 1 7 63 
#c 0 1 2 3 4 5 5 2 0 1 2 3 4 5 4 4 0 1 2 3 4 5 6 2 0 1 2 3 4 5 5 7 0 1 2 3 4 5 4 4 0 1 2 3 4 5 6 7 0 1 2 3 4 5 6 7 0 1 2 3 4 5 6 7 0 1 2 3 4 5 6 
#980737(div: 0) 942966(div: 1) 703440(div: 2) 1053134(div: 3) 471885(div: 4) 744843(div: 5) 1028860(div: 6) 1017751(div: 7) 
9 11 3 11 19 27 35 43 51 59 67 5 6 13 21 29 30 37 45 53 61 69 
#c 0 1 2 3 4 5 5 2 0 1 2 3 4 5 4 4 0 1 2 3 4 5 6 2 0 1 2 3 4 5 5 7 0 1 2 3 4 5 4 4 0 1 2 3 4 5 6 7 0 1 2 3 4 5 6 7 0 1 2 3 4 5 6 7 0 1 2 3 4 5 6 
#980737(div: 0) 942966(div: 1) 703440(div: 2) 1053134(div: 3) 471885(div: 4) 744843(div: 5) 1028860(div: 6) 1017751(div: 7) 
11 11 5 6 13 21 29 30 37 45 53 61 69 2 7 10 18 23 26 34 42 50 58 66 
#c 0 1 2 3 4 5 5 2 0 1 2 3 4 5 4 4 0 1 2 3 4 5 6 2 0 1 2 3 4 5 5 7 0 1 2 3 4 5 4 4 0 1 2 3 4 5 6 7 0 1 2 3 4 5 6 7 0 1 2 3 4 5 6 7 0 1 2 3 4 5 6 
#980737(div: 0) 942966(div: 1) 703440(div: 2) 1053134(div: 3) 471885(div: 4) 744843(div: 5) 1028860(div: 6) 1017751(div: 7) 
11 9 2 7 10 18 23 26 34 42 50 58 66 0 8 16 24 32 40 48 56 64 
#c 0 1 2 3 4 5 5 2 0 1 2 3 4 5 4 4 0 1 2 3 4 5 6 2 0 1 2 3 4 5 5 7 0 1 2 3 4 5 4 4 0 1 2 3 4 5 6 7 0 1 2 3 4 5 6 7 0 1 2 3 4 5 6 7 0 1 2 3 4 5 6 
#980737(div: 0) 942966(div: 1) 703440(div: 2) 1053134(div: 3) 471885(div: 4) 744843(div: 5) 1028860(div: 6) 1017751(div: 7) 
9 9 3 11 19 27 35 43 51 59 67 0 8 16 24 32 40 48 56 64 
#c 0 1 2 3 4 5 5 2 0 1 2 3 4 5 4 4 0 1 2 3 4 5 6 2 0 1 2 3 4 5 5 7 0 1 2 3 4 5 4 4 0 1 2 3 4 5 6 7 0 1 2 3 4 5 6 7 0 1 2 3 4 5 6 7 0 1 2 3 4 5 6 
#980737(div: 0) 942966(div: 1) 703440(div: 2) 1053134(div: 3) 471885(div: 4) 744843(div: 5) 1028860(div: 6) 1017751(div: 7) 
11 4 2 7 10 18 23 26 34 42 50 58 66 31 47 55 63 
#c 0 1 2 3 4 5 5 2 0 1 2 3 4 5 4 4 0 1 2 3 4 5 6 2 0 1 2 3 4 5 5 7 0 1 2 3 4 5 4 4 0 1 2 3 4 5 6 7 0 1 2 3 4 5 6 7 0 1 2 3 4 5 6 7 0 1 2 3 4 5 6 
#980737(div: 0) 942966(div: 1) 703440(div: 2) 1053134(div: 3) 471885(div: 4) 744843(div: 5) 1028860(div: 6) 1017751(div: 7) 
9 4 3 11 19 27 35 43 51 59 67 31 47 55 63 
#c 0 1 2 3 4 5 5 2 0 1 2 3 4 5 4 4 0 1 2 3 4 5 6 2 0 1 2 3 4 5 5 7 0 1 2 3 4 5 4 4 0 1 2 3 4 5 6 7 0 1 2 3 4 5 6 7 0 1 2 3 4 5 6 7 0 1 2 3 4 5 6 
#980737(div: 0) 942966(div: 1) 703440(div: 2) 1053134(div: 3) 471885(div: 4) 744843(div: 5) 1028860(div: 6) 1017751(div: 7) 
11 9 2 7 10 18 23 26 34 42 50 58 66 1 9 17 25 33 41 49 57 65 
#c 0 1 2 3 4 5 5 2 0 1 2 3 4 5 4 4 0 1 2 3 4 5 6 2 0 1 2 3 4 5 5 7 0 1 2 3 4 5 4 4 0 1 2 3 4 5 6 7 0 1 2 3 4 5 6 7 0 1 2 3 4 5 6 7 0 1 2 3 4 5 6 
#980737(div: 0) 942966(div: 1) 703440(div: 2) 1053134(div: 3) 471885(div: 4) 744843(div: 5) 1028860(div: 6) 1017751(div: 7) 
9 9 3 11 19 27 35 43 51 59 67 1 9 17 25 33 41 49 57 65 
#c 0 1 2 3 4 5 5 2 0 1 2 3 4 5 4 4 0 1 2 3 4 5 6 2 0 1 2 3 4 5 5 7 0 1 2 3 4 5 4 4 0 1 2 3 4 5 6 7 0 1 2 3 4 5 6 7 0 1 2 3 4 5 6 7 0 1 2 3 4 5 6 
#980737(div: 0) 942966(div: 1) 703440(div: 2) 1053134(div: 3) 471885(div: 4) 744843(div: 5) 1028860(div: 6) 1017751(div: 7) 
1 1 19 27 
#c 0 1 2 3 4 5 5 2 0 1 2 3 4 5 4 4 0 1 2 3 4 5 6 2 0 1 2 3 4 5 5 7 0 1 2 3 4 5 4 4 0 1 2 3 4 5 6 7 0 1 2 3 4 5 6 7 0 1 2 3 4 5 6 7 0 1 2 3 4 5 6 
#980737(div: 0) 942966(div: 1) 703440(div: 2) 1053134(div: 3) 471885(div: 4) 744843(div: 5) 1028860(div: 6) 1017751(div: 7) 
1 1 27 59 
#c 0 1 2 3 4 5 5 2 0 1 2 3 4 5 4 4 0 1 2 3 4 5 6 2 0 1 2 3 4 5 5 7 0 1 2 3 4 5 4 4 0 1 2 3 4 5 6 7 0 1 2 3 4 5 6 7 0 1 2 3 4 5 6 7 0 1 2 3 4 5 6 
#980737(div: 0) 942966(div: 1) 703440(div: 2) 1053134(div: 3) 471885(div: 4) 744843(div: 5) 1028860(div: 6) 1017751(div: 7) 
1 1 27 35 
#c 0 1 2 3 4 5 5 2 0 1 2 3 4 5 4 4 0 1 2 3 4 5 6 2 0 1 2 3 4 5 5 7 0 1 2 2 4 5 4 4 0 1 2 3 4 5 6 7 0 1 2 3 4 5 6 7 0 1 2 3 4 5 6 7 0 1 2 3 4 5 6 
#980737(div: 0) 942966(div: 1) 782780(div: 2) 973794(div: 3) 471885(div: 4) 744843(div: 5) 1028860(div: 6) 1017751(div: 7) 
8 12 3 11 19 27 43 51 59 67 2 7 10 18 23 26 34 35 42 50 58 66 
#c 0 1 2 3 4 5 5 2 0 1 2 3 4 5 4 4 0 1 2 3 4 5 6 2 0 1 2 3 4 5 5 7 0 1 2 2 4 5 4 4 0 1 2 3 4 5 6 7 0 1 2 3 4 5 6 7 0 1 2 3 4 5 6 7 0 1 2 3 4 5 6 
#980737(div: 0) 942966(div: 1) 782780(div: 2) 973794(div: 3) 471885(div: 4) 744843(div: 5) 1028860(div: 6) 1017751(div: 7) 
1 1 19 51 
#c 0 1 2 3 4 5 5 2 0 1 2 3 4 5 4 4 0 1 2 3 4 5 6 2 0 1 2 3 4 5 5 7 0 1 2 2 4 5 4 4 0 1 2 3 4 5 6 7 0 1 2 3 4 5 6 7 0 1 2 3 4 5 6 7 0 1 2 3 4 5 6 
#980737(div: 0) 942966(div: 1) 782780(div: 2) 973794(div: 3) 471885(div: 4) 744843(div: 5) 1028860(div: 6) 1017751(div: 7) 
1 1 3 19 
#c 0 1 2 3 4 5 5 2 0 1 2 3 4 5 4 4 0 1 2 3 4 5 6 2 0 1 2 3 4 5 5 7 0 1 2 2 4 5 4 4 0 1 2 3 4 5 6 7 0 1 2 3 4 5 6 7 0 1 2 3 4 5 6 7 0 1 2 3 4 5 6 
#980737(div: 0) 942966(div: 1) 782780(div: 2) 973794(div: 3) 471885(div: 4) 744843(div: 5) 1028860(div: 6) 1017751(div: 7) 
1 1 19 59 
#c 0 1 2 3 4 5 5 2 0 1 2 3 4 5 4 4 0 1 2 3 4 5 6 2 0 1 2 3 4 5 5 7 0 1 2 2 4 5 4 4 0 1 2 3 4 5 6 7 0 1 2 3 4 5 6 7 0 1 2 2 4 5 6 7 0 1 2 3 4 5 6 
#980737(div: 0) 942966(div: 1) 908995(div: 2) 847579(div: 3) 471885(div: 4) 744843(div: 5) 1028860(div: 6) 1017751(div: 7) 
13 9 4 12 14 15 20 28 36 38 39 44 52 60 68 1 9 17 25 33 41 49 57 65 
#c 0 1 2 3 4 5 5 2 0 1 2 3 4 5 4 4 0 1 2 3 4 5 6 2 0 1 2 3 4 5 5 7 0 1 2 2 4 5 4 4 0 1 2 3 4 5 6 7 0 1 2 3 4 5 6 7 0 1 2 2 4 5 6 7 0 1 2 3 4 5 6 
#980737(div: 0) 942966(div: 1) 908995(div: 2) 847579(div: 3) 471885(div: 4) 744843(div: 5) 1028860(div: 6) 1017751(div: 7) 
13 9 4 12 14 15 20 28 36 38 39 44 52 60 68 0 8 16 24 32 40 48 56 64 
#c 0 1 2 3 4 5 5 2 0 1 2 3 4 5 4 4 0 1 2 3 4 5 6 2 0 1 2 3 4 5 5 7 0 1 2 2 4 5 4 4 0 1 2 3 4 5 6 7 0 1 2 3 4 5 6 7 0 1 2 2 4 5 6 7 0 1 2 3 4 5 6 
#980737(div: 0) 942966(div: 1) 908995(div: 2) 847579(div: 3) 471885(div: 4) 744843(div: 5) 1028860(div: 6) 1017751(div: 7) 
9 9 1 9 17 25 33 41 49 57 65 0 8 16 24 32 40 48 56 64 
#c 0 1 2 3 4 5 5 2 0 1 2 3 4 5 4 4 0 1 2 3 4 5 6 2 0 1 2 3 4 5 5 7 0 1 2 2 4 5 4 4 0 1 2 3 4 5 6 7 0 1 2 3 4 5 6 7 0 1 2 2 4 5 6 7 0 1 2 3 4 5 6 
#980737(div: 0) 942966(div: 1) 908995(div: 2) 847579(div: 3) 471885(div: 4) 744843(div: 5) 1028860(div: 6) 1017751(div: 7) 
13 5 4 12 14 15 20 28 36 38 39 44 52 60 68 22 46 54 62 70 
#c 0 1 2 3 4 5 5 2 0 1 2 3 4 5 4 4 0 1 2 3 4 5 6 2 0 1 2 3 4 5 5 7 0 1 2 2 4 5 4 4 0 1 2 3 4 5 6 7 0 1 2 3 4 5 6 7 0 1 2 2 4 5 6 7 0 1 2 3 4 5 6 
#980737(div: 0) 942966(div: 1) 908995(div: 2) 847579(div: 3) 471885(div: 4) 744843(div: 5) 1028860(div: 6) 1017751(div: 7) 
9 5 0 8 16 24 32 40 48 56 64 22 46 54 62 70 
#c 0 1 2 3 4 5 5 2 0 1 2 3 4 5 4 4 0 1 2 3 4 5 6 2 0 1 2 3 4 5 5 7 0 1 2 2 4 5 4 4 0 1 2 3 4 5 6 7 0 1 2 3 4 5 6 7 0 1 2 2 4 5 6 7 0 1 2 3 4 5 6 
#980737(div: 0) 942966(div: 1) 908995(div: 2) 847579(div: 3) 471885(div: 4) 744843(div: 5) 1028860(div: 6) 1017751(div: 7) 
13 4 4 12 14 15 20 28 36 38 39 44 52 60 68 31 47 55 63 
#c 0 1 2 3 4 5 5 2 0 1 2 3 4 5 4 4 0 1 2 3 4 5 6 2 0 1 2 3 4 5 5 7 0 1 2 2 4 5 4 4 0 1 2 3 4 5 6 7 0 1 2 3 4 5 6 7 0 1 2 2 4 5 6 7 0 1 2 3 4 5 6 
#980737(div: 0) 942966(div: 1) 908995(div: 2) 847579(div: 3) 471885(div: 4) 744843(div: 5) 1028860(div: 6) 1017751(div: 7) 
5 4 22 46 54 62 70 31 47 55 63 
#c 0 1 2 3 4 5 5 2 0 1 2 3 4 5 4 4 0 1 2 3 4 5 6 2 0 1 2 3 4 5 5 7 0 1 2 2 4 5 4 4 0 1 2 3 4 5 6 7 0 1 2 3 4 5 6 7 0 1 2 2 4 5 6 7 0 1 2 3 4 5 6 
#980737(div: 0) 942966(div: 1) 908995(div: 2) 847579(div: 3) 471885(div: 4) 744843(div: 5) 1028860(div: 6) 1017751(div: 7) 
13 13 4 12 14 15 20 28 36 38 39 44 52 60 68 2 7 10 18 23 26 34 35 42 50 58 59 66 
#c 0 1 2 3 4 5 5 2 0 1 2 3 4 5 4 4 0 1 2 3 4 5 6 2 0 1 2 3 4 5 5 7 0 1 2 2 4 5 4 4 0 1 2 3 4 5 6 7 0 1 2 3 4 5 6 7 0 1 2 2 4 5 6 7 0 1 2 3 4 5 6 
#980737(div: 0) 942966(div: 1) 908995(div: 2) 847579(div: 3) 471885(div: 4) 744843(div: 5) 1028860(div: 6) 1017751(div: 7) 
5 13 22 46 54 62 70 2 7 10 18 23 26 34 35 42 50 58 59 66 
#c 0 1 2 3 4 5 5 2 0 1 2 3 4 5 4 4 0 1 2 3 4 5 6 2 0 1 2 3 4 5 5 7 0 1 2 2 4 5 4 4 0 1 2 3 4 5 6 7 0 1 2 3 4 5 6 7 0 1 2 2 4 5 6 7 0 1 2 3 4 5 6 
#980737(div: 0) 942966(div: 1) 908995(div: 2) 847579(div: 3) 471885(div: 4) 744843(div: 5) 1028860(div: 6) 1017751(div: 7) 
1 1 46 54 
#c 0 1 2 3 4 5 5 2 0 1 2 3 4 5 4 4 0 1 2 3 4 5 6 2 0 1 2 3 4 5 5 7 0 1 2 2 4 5 4 4 0 1 2 3 4 5 6 7 0 1 2 3 4 5 6 7 0 1 2 2 4 5 6 7 0 1 2 3 4 5 6 
#980737(div: 0) 942966(div: 1) 908995(div: 2) 847579(div: 3) 471885(div: 4) 744843(div: 5) 1028860(div: 6) 1017751(div: 7) 
1 1 54 70 
#c 0 1 2 3 4 5 5 2 0 1 2 3 4 5 4 4 0 1 2 3 4 5 6 2 0 1 2 3 4 5 5 7 0 1 2 2 4 5 4 4 0 1 2 3 4 5 6 7 0 1 2 3 4 5 6 7 0 1 2 2 4 5 6 7 0 1 2 3 4 5 6 
#980737(div: 0) 942966(div: 1) 908995(div: 2) 847579(div: 3) 471885(div: 4) 744843(div: 5) 1028860(div: 6) 1017751(div: 7) 
1 1 54 62 
#c 0 1 2 3 4 5 5 2 0 1 2 3 4 5 4 4 0 1 2 3 4 5 6 2 0 1 2 3 4 5 5 7 0 1 2 2 4 5 4 4 0 1 2 3 4 5 6 7 0 1 2 3 4 5 4 7 0 1 2 2 4 5 6 7 0 1 2 3 4 5 6 
#980737(div: 0) 942966(div: 1) 908995(div: 2) 847579(div: 3) 562544(div: 4) 744843(div: 5) 938201(div: 6) 1017751(div: 7) 
4 14 22 46 62 70 4 12 14 15 20 28 36 38 39 44 52 54 60 68 
#c 0 1 2 3 4 5 5 2 0 1 2 3 4 5 4 4 0 1 2 3 4 5 6 2 0 1 2 3 4 5 5 7 0 1 2 2 4 5 4 4 0 1 2 3 4 5 6 7 0 1 2 3 4 5 4 7 0 1 2 2 4 5 6 7 0 1 2 3 4 5 6 
#980737(div: 0) 942966(div: 1) 908995(div: 2) 847579(div: 3) 562544(div: 4) 744843(div: 5) 938201(div: 6) 1017751(div: 7) 
1 1 46 70 
#c 0 1 2 3 4 5 5 2 0 1 2 3 4 5 4 4 0 1 2 3 4 5 6 2 0 1 2 3 4 5 5 7 0 1 2 2 4 5 4 4 0 1 2 3 4 5 6 7 0 1 2 3 4 5 4 7 0 1 2 2 4 5 6 7 0 1 2 3 4 5 6 
#980737(div: 0) 942966(div: 1) 908995(div: 2) 847579(div: 3) 562544(div: 4) 744843(div: 5) 938201(div: 6) 1017751(div: 7) 
1 1 22 70 
#c 0 1 2 3 4 5 5 2 0 1 2 3 4 5 4 4 0 1 2 3 4 5 6 2 0 1 2 3 4 5 5 7 0 1 2 2 4 5 4 4 0 1 2 3 4 5 6 7 0 1 2 3 4 5 4 7 0 1 2 2 4 5 6 7 0 1 2 3 4 5 6 
#980737(div: 0) 942966(div: 1) 908995(div: 2) 847579(div: 3) 562544(div: 4) 744843(div: 5) 938201(div: 6) 1017751(div: 7) 
1 1 62 70 
#c 0 1 2 3 4 5 5 2 0 1 2 3 4 5 4 4 0 1 2 3 4 5 6 2 0 1 2 3 4 5 5 7 0 1 2 2 4 5 4 4 0 1 2 3 4 5 6 7 0 1 2 3 4 5 4 7 0 1 2 2 4 5 6 7 0 1 2 3 4 5 4 
#980737(div: 0) 942966(div: 1) 908995(div: 2) 847579(div: 3) 699704(div: 4) 744843(div: 5) 801041(div: 6) 1017751(div: 7) 
7 13 3 11 19 27 43 51 67 2 7 10 18 23 26 34 35 42 50 58 59 66 
#c 0 1 2 3 4 5 5 2 0 1 2 3 4 5 4 4 0 1 2 3 4 5 6 2 0 1 2 3 4 5 5 7 0 1 2 2 4 5 4 4 0 1 2 3 4 5 6 7 0 1 2 3 4 5 4 7 0 1 2 2 4 5 6 7 0 1 2 3 4 5 4 
#980737(div: 0) 942966(div: 1) 908995(div: 2) 847579(div: 3) 699704(div: 4) 744843(div: 5) 801041(div: 6) 1017751(div: 7) 
7 3 3 11 19 27 43 51 67 22 46 62 
#c 0 1 2 3 4 5 5 2 0 1 2 3 4 5 4 4 0 1 2 3 4 5 6 2 0 1 2 3 4 5 5 7 0 1 2 2 4 5 4 4 0 1 2 3 4 5 6 7 0 1 2 3 4 5 4 7 0 1 2 2 4 5 6 7 0 1 2 3 4 5 4 
#980737(div: 0) 942966(div: 1) 908995(div: 2) 847579(div: 3) 699704(div: 4) 744843(div: 5) 801041(div: 6) 1017751(div: 7) 
3 9 22 46 62 0 8 16 24 32 40 48 56 64 
#c 0 1 2 3 4 5 5 2 0 1 2 3 4 5 4 4 0 1 2 3 4 5 6 2 0 1 2 3 4 5 5 7 0 1 2 2 4 5 4 4 0 1 2 3 4 5 6 7 0 1 2 3 4 5 4 7 0 1 2 2 4 5 6 7 0 1 2 3 4 5 4 
#980737(div: 0) 942966(div: 1) 908995(div: 2) 847579(div: 3) 699704(div: 4) 744843(div: 5) 801041(div: 6) 1017751(div: 7) 
13 9 2 7 10 18 23 26 34 35 42 50 58 59 66 0 8 16 24 32 40 48 56 64 
#c 0 1 2 3 4 5 5 2 0 1 2 3 4 5 4 4 0 1 2 3 4 5 6 2 0 1 2 3 4 5 5 7 0 1 2 2 4 5 4 4 0 1 2 3 4 5 6 7 0 1 2 3 4 5 4 7 0 1 2 2 4 5 6 7 0 1 2 3 4 5 4 
#980737(div: 0) 942966(div: 1) 908995(div: 2) 847579(div: 3) 699704(div: 4) 744843(div: 5) 801041(div: 6) 1017751(div: 7) 
3 4 22 46 62 31 47 55 63 
#c 0 1 2 3 4 5 5 2 0 1 2 3 4 5 4 4 0 1 2 3 4 5 6 2 0 1 2 3 4 5 5 7 0 1 2 2 4 5 4 4 0 1 2 3 4 5 6 7 0 1 2 3 4 5 4 7 0 1 2 2 4 5 6 7 0 1 2 3 4 5 4 
#980737(div: 0) 942966(div: 1) 908995(div: 2) 847579(div: 3) 699704(div: 4) 744843(div: 5) 801041(div: 6) 1017751(div: 7) 
9 4 0 8 16 24 32 40 48 56 64 31 47 55 63 
#c 0 1 2 3 4 5 5 2 0 1 2 3 4 5 4 4 0 1 2 3 4 5 6 2 0 1 2 3 4 5 5 7 0 1 2 2 4 5 4 4 0 1 2 3 4 5 6 7 0 1 2 3 4 5 4 7 0 1 2 2 4 5 6 7 0 1 2 3 4 5 4 
#980737(div: 0) 942966(div: 1) 908995(div: 2) 847579(div: 3) 699704(div: 4) 744843(div: 5) 801041(div: 6) 1017751(div: 7) 
3 11 22 46 62 5 6 13 21 29 30 37 45 53 61 69 
#c 0 1 2 3 4 5 5 2 0 1 2 3 4 5 4 4 0 1 2 3 4 5 6 2 0 1 2 3 4 5 5 7 0 1 2 2 4 5 4 4 0 1 2 3 4 5 6 7 0 1 2 3 4 5 4 7 0 1 2 2 4 5 6 7 0 1 2 3 4 5 4 
#980737(div: 0) 942966(div: 1) 908995(div: 2) 847579(div: 3) 699704(div: 4) 744843(div: 5) 801041(div: 6) 1017751(div: 7) 
1 1 31 63 
#c 0 1 2 3 4 5 5 2 0 1 2 3 4 5 4 4 0 1 2 3 4 5 6 2 0 1 2 3 4 5 5 7 0 1 2 2 4 5 4 4 0 1 2 3 4 5 6 7 0 1 2 3 4 5 4 7 0 1 2 2 4 5 6 7 0 1 2 3 4 5 4 
#980737(div: 0) 942966(div: 1) 908995(div: 2) 847579(div: 3) 699704(div: 4) 744843(div: 5) 801041(div: 6) 1017751(div: 7) 
1 1 31 55 
#c 0 1 2 3 4 5 5 2 0 1 2 3 4 5 4 4 0 1 2 3 4 5 6 2 0 1 2 3 4 5 5 7 0 1 2 2 4 5 4 4 0 1 2 3 4 5 6 7 0 1 2 3 4 5 4 7 0 1 2 2 4 5 6 7 0 1 2 3 4 5 4 
#980737(div: 0) 942966(div: 1) 908995(div: 2) 847579(div: 3) 699704(div: 4) 744843(div: 5) 801041(div: 6) 1017751(div: 7) 
1 1 31 47 
#c 0 1 2 3 4 5 5 2 0 1 2 3 4 5 4 4 0 1 2 3 4 5 6 2 0 1 2 3 4 5 5 7 0 1 2 2 4 5 4 4 0 1 2 3 4 5 6 5 0 1 2 3 4 5 4 7 0 1 2 2 4 5 6 7 0 1 2 3 4 5 4 
#980737(div: 0) 942966(div: 1) 908995(div: 2) 847579(div: 3) 699704(div: 4) 907362(div: 5) 801041(div: 6) 855232(div: 7) 
3 12 31 55 63 5 6 13 21 29 30 37 45 47 53 61 69 
#c 0 1 2 3 4 5 5 2 0 1 2 3 4 5 4 4 0 1 2 3 4 5 6 2 0 1 2 3 4 5 5 7 0 1 2 2 4 5 4 4 0 1 2 3 4 5 6 5 0 1 2 3 4 5 4 7 0 1 2 2 4 5 6 7 0 1 2 3 4 5 4 
#980737(div: 0) 942966(div: 1) 908995(div: 2) 847579(div: 3) 699704(div: 4) 907362(div: 5) 801041(div: 6) 855232(div: 7) 
9 12 1 9 17 25 33 41 49 57 65 5 6 13 21 29 30 37 45 47 53 61 69 
#c 0 1 2 3 4 5 5 2 0 1 2 3 4 5 4 4 0 1 2 3 4 5 6 2 0 1 2 3 4 5 5 7 0 1 2 2 4 5 4 4 0 1 2 3 4 5 6 5 0 1 2 3 4 5 4 7 0 1 2 2 4 5 6 7 0 1 2 3 4 5 4 
#980737(div: 0) 942966(div: 1) 908995(div: 2) 847579(div: 3) 699704(div: 4) 907362(div: 5) 801041(div: 6) 855232(div: 7) 
12 7 5 6 13 21 29 30 37 45 47 53 61 69 3 11 19 27 43 51 67 
#c 0 1 2 3 4 5 5 2 0 1 2 3 4 5 4 4 0 1 2 3 4 5 6 2 0 1 2 3 4 5 5 7 0 1 2 2 4 5 4 4 0 1 2 3 4 5 6 5 0 1 2 3 4 5 4 7 0 1 2 2 4 5 6 7 0 1 2 3 4 5 4 
#980737(div: 0) 942966(div: 1) 908995(div: 2) 847579(div: 3) 699704(div: 4) 907362(div: 5) 801041(div: 6) 855232(div: 7) 
7 13 3 11 19 27 43 51 67 2 7 10 18 23 26 34 35 42 50 58 59 66 
#c 0 1 2 3 4 5 5 2 0 1 2 3 4 5 4 4 0 1 2 3 4 5 6 2 0 1 2 3 4 5 5 7 0 1 2 2 4 5 4 4 0 1 2 3 4 5 6 5 0 1 2 3 4 5 4 7 0 1 2 2 4 5 6 7 0 1 2 3 4 5 4 
#980737(div: 0) 942966(div: 1) 908995(div: 2) 847579(div: 3) 699704(div: 4) 907362(div: 5) 801041(div: 6) 855232(div: 7) 
9 13 1 9 17 25 33 41 49 57 65 2 7 10 18 23 26 34 35 42 50 58 59 66 
#c 0 1 2 3 4 5 5 2 0 1 2 3 4 5 4 4 0 1 2 3 4 5 6 2 0 1 2 3 4 5 5 7 0 1 2 2 4 5 4 4 0 1 2 3 4 5 6 5 0 1 2 3 4 5 4 7 0 1 2 2 4 5 6 7 0 1 2 3 4 5 4 
#980737(div: 0) 942966(div: 1) 908995(div: 2) 847579(div: 3) 699704(div: 4) 907362(div: 5) 801041(div: 6) 855232(div: 7) 
7 3 3 11 19 27 43 51 67 22 46 62 
#c 0 1 2 3 4 5 5 2 0 1 2 3 4 5 4 4 0 1 2 3 4 5 6 2 0 1 2 3 4 5 5 7 0 1 2 2 4 5 4 4 0 1 2 3 4 5 6 5 0 1 2 3 4 5 4 7 0 1 2 2 4 5 6 7 0 1 2 3 4 5 4 
#980737(div: 0) 942966(div: 1) 908995(div: 2) 847579(div: 3) 699704(div: 4) 907362(div: 5) 801041(div: 6) 855232(div: 7) 
3 9 22 46 62 0 8 16 24 32 40 48 56 64 
#c 0 1 2 3 4 5 5 2 0 1 2 3 4 5 4 4 0 1 2 3 4 5 6 2 0 1 2 3 4 5 5 7 0 1 2 2 4 5 4 4 0 1 2 3 4 5 6 5 0 1 2 3 4 5 4 7 0 1 2 2 4 5 6 7 0 1 2 3 4 5 4 
#980737(div: 0) 942966(div: 1) 908995(div: 2) 847579(div: 3) 699704(div: 4) 907362(div: 5) 801041(div: 6) 855232(div: 7) 
9 9 1 9 17 25 33 41 49 57 65 0 8 16 24 32 40 48 56 64 
#c 0 1 2 3 4 5 5 2 0 1 2 3 4 5 4 4 0 1 2 3 4 5 6 2 0 1 2 3 4 5 5 7 0 1 2 2 4 5 4 4 0 1 2 3 4 5 6 5 0 1 2 3 4 5 4 7 0 1 2 2 4 5 6 7 0 1 2 3 4 5 4 
#980737(div: 0) 942966(div: 1) 908995(div: 2) 847579(div: 3) 699704(div: 4) 907362(div: 5) 801041(div: 6) 855232(div: 7) 
1 1 24 32 
#c 0 1 2 3 4 5 5 2 0 1 2 3 4 5 4 4 0 1 2 3 4 5 6 2 0 1 2 3 4 5 5 7 0 1 2 2 4 5 4 4 0 1 2 3 4 5 6 5 0 1 2 3 4 5 4 7 0 1 2 2 4 5 6 7 0 1 2 3 4 5 4 
#980737(div: 0) 942966(div: 1) 908995(div: 2) 847579(div: 3) 699704(div: 4) 907362(div: 5) 801041(div: 6) 855232(div: 7) 
1 1 32 56 
#c 0 1 2 3 4 5 5 2 0 1 2 3 4 5 4 4 0 1 2 3 4 5 6 2 0 1 2 3 4 5 5 7 0 1 2 2 4 5 4 4 0 1 2 3 4 5 6 5 0 1 2 3 4 5 4 7 0 1 2 2 4 5 6 7 0 1 2 3 4 5 4 
#980737(div: 0) 942966(div: 1) 908995(div: 2) 847579(div: 3) 699704(div: 4) 907362(div: 5) 801041(div: 6) 855232(div: 7) 
1 1 32 48 
#c 0 1 2 3 4 5 5 2 0 1 2 3 4 5 4 4 0 1 2 3 4 5 6 2 0 1 2 3 4 5 5 7 0 1 2 2 4 5 4 4 0 1 2 3 4 5 6 5 6 1 2 3 4 5 4 7 0 1 2 2 4 5 6 7 0 1 2 3 4 5 4 
#959118(div: 0) 942966(div: 1) 908995(div: 2) 847579(div: 3) 699704(div: 4) 907362(div: 5) 822660(div: 6) 855232(div: 7) 
8 4 0 8 16 24 32 40 56 64 22 46 48 62 
#c 0 1 2 3 4 5 5 2 0 1 2 3 4 5 4 4 0 1 2 3 4 5 6 2 0 1 2 3 4 5 5 7 0 1 2 2 4 5 4 4 0 1 2 3 4 5 6 5 6 1 2 3 4 5 4 7 0 1 2 2 4 5 6 7 0 1 2 3 4 5 4 
#959118(div: 0) 942966(div: 1) 908995(div: 2) 847579(div: 3) 699704(div: 4) 907362(div: 5) 822660(div: 6) 855232(div: 7) 
1 1 0 32 
#c 0 1 2 3 4 5 5 2 0 1 2 3 4 5 4 4 0 1 2 3 4 5 6 2 0 1 2 3 4 5 5 7 0 1 2 2 4 5 4 4 0 1 2 3 4 5 6 5 6 1 2 3 4 5 4 7 0 1 2 2 4 5 6 7 0 1 2 3 4 5 4 
#959118(div: 0) 942966(div: 1) 908995(div: 2) 847579(div: 3) 699704(div: 4) 907362(div: 5) 822660(div: 6) 855232(div: 7) 
1 1 32 40 
#c 0 1 2 3 4 5 5 2 0 1 2 3 4 5 4 4 0 1 2 3 4 5 6 2 0 1 2 3 4 5 5 7 0 1 2 2 4 5 4 4 0 1 2 3 4 5 6 5 6 1 2 3 4 5 4 7 0 1 2 2 4 5 6 7 0 1 2 3 4 5 4 
#959118(div: 0) 942966(div: 1) 908995(div: 2) 847579(div: 3) 699704(div: 4) 907362(div: 5) 822660(div: 6) 855232(div: 7) 
1 1 8 40 
#c 0 1 2 3 4 5 5 2 0 1 2 3 4 5 4 4 0 1 2 3 4 5 6 2 0 1 2 3 4 5 5 7 0 1 2 2 4 5 4 4 6 1 2 3 4 5 6 5 6 1 2 3 4 5 4 7 0 1 2 2 4 5 6 7 0 1 2 3 4 5 4 
#905210(div: 0) 942966(div: 1) 908995(div: 2) 847579(div: 3) 699704(div: 4) 907362(div: 5) 876568(div: 6) 855232(div: 7) 
15 12 4 12 14 15 20 28 36 38 39 44 52 54 60 68 70 5 6 13 21 29 30 37 45 47 53 61 69 
#c 0 1 2 3 4 5 5 2 0 1 2 3 4 5 4 4 0 1 2 3 4 5 6 2 0 1 2 3 4 5 5 7 0 1 2 2 4 5 4 4 6 1 2 3 4 5 6 5 6 1 2 3 4 5 4 7 0 1 2 2 4 5 6 7 0 1 2 3 4 5 4 
#905210(div: 0) 942966(div: 1) 908995(div: 2) 847579(div: 3) 699704(div: 4) 907362(div: 5) 876568(div: 6) 855232(div: 7) 
15 3 4 12 14 15 20 28 36 38 39 44 52 54 60 68 70 31 55 63 
#c 0 1 2 3 4 5 5 2 0 1 2 3 4 5 4 4 0 1 2 3 4 5 6 2 0 1 2 3 4 5 5 7 0 1 2 2 4 5 4 4 6 1 2 3 4 5 6 5 6 1 2 3 4 5 4 7 0 1 2 2 4 5 6 7 0 1 2 3 4 5 4 
#905210(div: 0) 942966(div: 1) 908995(div: 2) 847579(div: 3) 699704(div: 4) 907362(div: 5) 876568(div: 6) 855232(div: 7) 
12 3 5 6 13 21 29 30 37 45 47 53 61 69 31 55 63 
#c 0 1 2 3 4 5 5 2 0 1 2 3 4 5 4 4 0 1 2 3 4 5 6 2 0 1 2 3 4 5 5 7 0 1 2 2 4 5 4 4 6 1 2 3 4 5 6 5 6 1 2 3 4 5 4 7 0 1 2 2 4 5 6 7 0 1 2 3 4 5 4 
#905210(div: 0) 942966(div: 1) 908995(div: 2) 847579(div: 3) 699704(div: 4) 907362(div: 5) 876568(div: 6) 855232(div: 7) 
15 13 4 12 14 15 20 28 36 38 39 44 52 54 60 68 70 2 7 10 18 23 26 34 35 42 50 58 59 66 
#c 0 1 2 3 4 5 5 2 0 1 2 3 4 5 4 4 0 1 2 3 4 5 6 2 0 1 2 3 4 5 5 7 0 1 2 2 4 5 4 4 6 1 2 3 4 5 6 5 6 1 2 3 4 5 4 7 0 1 2 2 4 5 6 7 0 1 2 3 4 5 4 
#905210(div: 0) 942966(div: 1) 908995(div: 2) 847579(div: 3) 699704(div: 4) 907362(div: 5) 876568(div: 6) 855232(div: 7) 
12 13 5 6 13 21 29 30 37 45 47 53 61 69 2 7 10 18 23 26 34 35 42 50 58 59 66 
#c 0 1 2 3 4 5 5 2 0 1 2 3 4 5 4 4 0 1 2 3 4 5 6 2 0 1 2 3 4 5 5 7 0 1 2 2 4 5 4 4 6 1 2 3 4 5 6 5 6 1 2 3 4 5 4 7 0 1 2 2 4 5 6 7 0 1 2 3 4 5 4 
#905210(div: 0) 942966(div: 1) 908995(div: 2) 847579(div: 3) 699704(div: 4) 907362(div: 5) 876568(div: 6) 855232(div: 7) 
15 7 4 12 14 15 20 28 36 38 39 44 52 54 60 68 70 0 8 16 24 32 56 64 
#c 0 1 2 3 4 5 5 2 0 1 2 3 4 5 4 4 0 1 2 3 4 5 6 2 0 1 2 3 4 5 5 7 0 1 2 2 4 5 4 4 6 1 2 3 4 5 6 5 6 1 2 3 4 5 4 7 0 1 2 2 4 5 6 7 0 1 2 3 4 5 4 
#905210(div: 0) 942966(div: 1) 908995(div: 2) 847579(div: 3) 699704(div: 4) 907362(div: 5) 876568(div: 6) 855232(div: 7) 
13 7 2 7 10 18 23 26 34 35 42 50 58 59 66 0 8 16 24 32 56 64 
#c 0 1 2 3 4 5 5 2 0 1 2 3 4 5 4 4 0 1 2 3 4 5 6 2 0 1 2 3 4 5 5 7 0 1 2 2 4 5 4 4 6 1 2 3 4 5 6 5 6 1 2 3 4 5 4 7 0 1 2 2 4 5 6 7 0 1 2 3 4 5 4 
#905210(div: 0) 942966(div: 1) 908995(div: 2) 847579(div: 3) 699704(div: 4) 907362(div: 5) 876568(div: 6) 855232(div: 7) 
15 9 4 12 14 15 20 28 36 38 39 44 52 54 60 68 70 1 9 17 25 33 41 49 57 65 
#c 0 1 2 3 4 5 5 2 0 1 2 3 4 5 4 4 0 1 2 3 4 5 6 2 0 1 2 3 4 5 5 7 0 1 2 2 4 5 4 4 6 1 2 3 4 5 6 5 6 1 2 3 4 5 4 7 0 1 2 2 4 5 6 7 0 1 2 3 4 5 4 
#905210(div: 0) 942966(div: 1) 908995(div: 2) 847579(div: 3) 699704(div: 4) 907362(div: 5) 876568(div: 6) 855232(div: 7) 
13 9 2 7 10 18 23 26 34 35 42 50 58 59 66 1 9 17 25 33 41 49 57 65 
#c 0 1 2 3 4 5 5 2 0 1 2 3 4 5 4 4 0 1 2 3 4 5 6 2 0 1 2 3 4 5 5 7 0 1 2 2 4 5 4 4 6 1 2 3 4 5 6 5 6 1 2 3 4 5 4 7 0 1 2 2 4 5 6 7 0 1 2 3 4 5 4 
#905210(div: 0) 942966(div: 1) 908995(div: 2) 847579(div: 3) 699704(div: 4) 907362(div: 5) 876568(div: 6) 855232(div: 7) 
1 1 9 41 
#c 0 1 2 3 4 5 5 2 0 1 2 3 4 5 4 4 0 1 2 3 4 5 6 2 0 1 2 3 4 5 5 7 0 1 2 2 4 5 4 4 6 1 2 3 4 5 6 5 6 1 2 3 4 5 4 7 0 1 2 2 4 5 6 7 0 1 2 3 4 5 4 
#905210(div: 0) 942966(div: 1) 908995(div: 2) 847579(div: 3) 699704(div: 4) 907362(div: 5) 876568(div: 6) 855232(div: 7) 
1 1 41 57 
#c 0 1 2 3 4 5 5 2 0 1 2 3 4 5 4 4 0 1 2 3 4 5 6 2 0 1 2 3 4 5 5 7 0 1 2 2 4 5 4 4 6 1 2 3 4 5 6 5 6 1 2 3 4 5 4 7 0 1 2 2 4 5 6 7 0 1 2 3 4 5 4 
#905210(div: 0) 942966(div: 1) 908995(div: 2) 847579(div: 3) 699704(div: 4) 907362(div: 5) 876568(div: 6) 855232(div: 7) 
1 1 41 49 
#c 0 1 2 3 4 5 5 2 0 1 2 3 4 5 4 4 0 1 2 3 4 5 6 2 0 1 2 3 4 5 5 7 0 1 2 2 4 5 4 4 6 4 2 3 4 5 6 5 6 1 2 3 4 5 4 7 0 1 2 2 4 5 6 7 0 1 2 3 4 5 4 
#905210(div: 0) 930824(div: 1) 908995(div: 2) 847579(div: 3) 711846(div: 4) 907362(div: 5) 876568(div: 6) 855232(div: 7) 
8 16 1 9 17 25 33 49 57 65 4 12 14 15 20 28 36 38 39 41 44 52 54 60 68 70 
#c 0 1 2 3 4 5 5 2 0 1 2 3 4 5 4 4 0 1 2 3 4 5 6 2 0 1 2 3 4 5 5 7 0 1 2 2 4 5 4 4 6 4 2 3 4 5 6 5 6 1 2 3 4 5 4 7 0 1 2 2 4 5 6 7 0 1 2 3 4 5 4 
#905210(div: 0) 930824(div: 1) 908995(div: 2) 847579(div: 3) 711846(div: 4) 907362(div: 5) 876568(div: 6) 855232(div: 7) 
1 1 1 65 
#c 0 1 2 3 4 5 5 2 0 1 2 3 4 5 4 4 0 1 2 3 4 5 6 2 0 1 2 3 4 5 5 7 0 1 2 2 4 5 4 4 6 4 2 3 4 5 6 5 6 1 2 3 4 5 4 7 0 1 2 2 4 5 6 7 0 1 2 3 4 5 4 
#905210(div: 0) 930824(div: 1) 908995(div: 2) 847579(div: 3) 711846(div: 4) 907362(div: 5) 876568(div: 6) 855232(div: 7) 
1 1 1 49 
#c 0 1 2 3 4 5 5 2 0 1 2 3 4 5 4 4 0 1 2 3 4 5 6 2 0 1 2 3 4 5 5 7 0 1 2 2 4 5 4 4 6 4 2 3 4 5 6 5 6 1 2 3 4 5 4 7 0 1 2 2 4 5 6 7 0 1 2 3 4 5 4 
#905210(div: 0) 930824(div: 1) 908995(div: 2) 847579(div: 3) 711846(div: 4) 907362(div: 5) 876568(div: 6) 855232(div: 7) 
1 1 17 49 
#c 0 1 2 3 4 5 5 2 0 1 2 3 4 5 4 4 0 1 2 3 4 5 6 2 0 1 2 3 4 5 5 7 0 1 2 2 4 5 4 4 6 4 2 3 4 5 6 5 6 4 2 3 4 5 4 7 0 1 2 2 4 5 6 7 0 1 2 3 4 5 4 
#905210(div: 0) 915047(div: 1) 908995(div: 2) 847579(div: 3) 727623(div: 4) 907362(div: 5) 876568(div: 6) 855232(div: 7) 
7 17 3 11 19 27 43 51 67 4 12 14 15 20 28 36 38 39 41 44 49 52 54 60 68 70 
#c 0 1 2 3 4 5 5 2 0 1 2 3 4 5 4 4 0 1 2 3 4 5 6 2 0 1 2 3 4 5 5 7 0 1 2 2 4 5 4 4 6 4 2 3 4 5 6 5 6 4 2 3 4 5 4 7 0 1 2 2 4 5 6 7 0 1 2 3 4 5 4 
#905210(div: 0) 915047(div: 1) 908995(div: 2) 847579(div: 3) 727623(div: 4) 907362(div: 5) 876568(div: 6) 855232(div: 7) 
17 3 4 12 14 15 20 28 36 38 39 41 44 49 52 54 60 68 70 31 55 63 
#c 0 1 2 3 4 5 5 2 0 1 2 3 4 5 4 4 0 1 2 3 4 5 6 2 0 1 2 3 4 5 5 7 0 1 2 2 4 5 4 4 6 4 2 3 4 5 6 5 6 4 2 3 4 5 4 7 0 1 2 2 4 5 6 7 0 1 2 3 4 5 4 
#905210(div: 0) 915047(div: 1) 908995(div: 2) 847579(div: 3) 727623(div: 4) 907362(div: 5) 876568(div: 6) 855232(div: 7) 
7 3 3 11 19 27 43 51 67 31 55 63 
#c 0 1 2 3 4 5 5 2 0 1 2 3 4 5 4 4 0 1 2 3 4 5 6 2 0 1 2 3 4 5 5 7 0 1 2 2 4 5 4 4 6 4 2 3 4 5 6 5 6 4 2 3 4 5 4 7 0 1 2 2 4 5 6 7 0 1 2 3 4 5 4 
#905210(div: 0) 915047(div: 1) 908995(div: 2) 847579(div: 3) 727623(div: 4) 907362(div: 5) 876568(div: 6) 855232(div: 7) 
17 13 4 12 14 15 20 28 36 38 39 41 44 49 52 54 60 68 70 2 7 10 18 23 26 34 35 42 50 58 59 66 
#c 0 1 2 3 4 5 5 2 0 1 2 3 4 5 4 4 0 1 2 3 4 5 6 2 0 1 2 3 4 5 5 7 0 1 2 2 4 5 4 4 6 4 2 3 4 5 6 5 6 4 2 3 4 5 4 7 0 1 2 2 4 5 6 7 0 1 2 3 4 5 4 
#905210(div: 0) 915047(div: 1) 908995(div: 2) 847579(div: 3) 727623(div: 4) 907362(div: 5) 876568(div: 6) 855232(div: 7) 
3 13 31 55 63 2 7 10 18 23 26 34 35 42 50 58 59 66 
#c 0 1 2 3 4 5 5 2 0 1 2 3 4 5 4 4 0 1 2 3 4 5 6 2 0 1 2 3 4 5 5 7 0 1 2 2 4 5 4 4 6 4 2 3 4 5 6 5 6 4 2 3 4 5 4 7 0 1 2 2 4 5 6 7 0 1 2 3 4 5 4 
#905210(div: 0) 915047(div: 1) 908995(div: 2) 847579(div: 3) 727623(div: 4) 907362(div: 5) 876568(div: 6) 855232(div: 7) 
17 5 4 12 14 15 20 28 36 38 39 41 44 49 52 54 60 68 70 22 40 46 48 62 
#c 0 1 2 3 4 5 5 2 0 1 2 3 4 5 4 4 0 1 2 3 4 5 6 2 0 1 2 3 4 5 5 7 0 1 2 2 4 5 4 4 6 4 2 3 4 5 6 5 6 4 2 3 4 5 4 7 0 1 2 2 4 5 6 7 0 1 2 3 4 5 4 
#905210(div: 0) 915047(div: 1) 908995(div: 2) 847579(div: 3) 727623(div: 4) 907362(div: 5) 876568(div: 6) 855232(div: 7) 
13 5 2 7 10 18 23 26 34 35 42 50 58 59 66 22 40 46 48 62 
#c 0 1 2 3 4 5 5 2 0 1 2 3 4 5 4 4 0 1 2 3 4 5 6 2 0 1 2 3 4 5 5 7 0 1 2 2 4 5 4 4 6 4 2 3 4 5 6 5 6 4 2 3 4 5 4 7 0 1 2 2 4 5 6 7 0 1 2 3 4 5 4 
#905210(div: 0) 915047(div: 1) 908995(div: 2) 847579(div: 3) 727623(div: 4) 907362(div: 5) 876568(div: 6) 855232(div: 7) 
17 7 4 12 14 15 20 28 36 38 39 41 44 49 52 54 60 68 70 0 8 16 24 32 56 64 
#c 0 1 2 3 4 5 5 2 0 1 2 3 4 5 4 4 0 1 2 3 4 5 6 2 0 1 2 3 4 5 5 7 0 1 2 2 4 5 4 4 6 4 2 3 4 5 6 5 6 4 2 3 4 5 4 7 0 1 2 2 4 5 6 7 0 1 2 3 4 5 4 
#905210(div: 0) 915047(div: 1) 908995(div: 2) 847579(div: 3) 727623(div: 4) 907362(div: 5) 876568(div: 6) 855232(div: 7) 
13 7 2 7 10 18 23 26 34 35 42 50 58 59 66 0 8 16 24 32 56 64 
#c 0 1 2 3 4 5 5 2 0 1 2 3 4 5 4 4 0 1 2 3 4 5 6 2 0 1 2 3 4 5 5 7 0 1 2 2 4 5 4 4 6 4 2 3 4 5 6 5 6 4 2 3 4 5 4 7 0 1 2 2 4 5 6 7 0 1 2 3 4 5 4 
#905210(div: 0) 915047(div: 1) 908995(div: 2) 847579(div: 3) 727623(div: 4) 907362(div: 5) 876568(div: 6) 855232(div: 7) 
1 1 2 59 
#c 0 1 2 3 4 5 5 2 0 1 2 3 4 5 4 4 0 1 2 3 4 5 6 2 0 1 2 3 4 5 5 7 0 1 2 2 4 5 4 4 6 4 2 3 4 5 6 5 6 4 2 3 4 5 4 7 0 1 2 2 4 5 6 7 0 1 2 3 4 5 4 
#905210(div: 0) 915047(div: 1) 908995(div: 2) 847579(div: 3) 727623(div: 4) 907362(div: 5) 876568(div: 6) 855232(div: 7) 
1 1 2 7 
#c 0 1 2 3 4 5 5 2 0 1 2 3 4 5 4 4 0 1 2 3 4 5 6 2 0 1 2 3 4 5 5 7 0 1 2 2 4 5 4 4 6 4 2 3 4 5 6 5 6 4 2 3 4 5 4 7 0 1 2 2 4 5 6 7 0 1 2 3 4 5 4 
#905210(div: 0) 915047(div: 1) 908995(div: 2) 847579(div: 3) 727623(div: 4) 907362(div: 5) 876568(div: 6) 855232(div: 7) 
1 1 2 10 
#c 0 1 4 3 4 5 5 2 0 1 2 3 4 5 4 4 0 1 2 3 4 5 6 2 0 1 2 3 4 5 5 7 0 1 2 2 4 5 4 4 6 4 2 3 4 5 6 5 6 4 2 3 4 5 4 7 0 1 2 2 4 5 6 7 0 1 2 3 4 5 4 
#905210(div: 0) 915047(div: 1) 869996(div: 2) 847579(div: 3) 766622(div: 4) 907362(div: 5) 876568(div: 6) 855232(div: 7) 
12 18 7 10 18 23 26 34 35 42 50 58 59 66 2 4 12 14 15 20 28 36 38 39 41 44 49 52 54 60 68 70 
#c 0 1 4 3 4 5 5 2 0 1 2 3 4 5 4 4 0 1 2 3 4 5 6 2 0 1 2 3 4 5 5 7 0 1 2 2 4 5 4 4 6 4 2 3 4 5 6 5 6 4 2 3 4 5 4 7 0 1 2 2 4 5 6 7 0 1 2 3 4 5 4 
#905210(div: 0) 915047(div: 1) 869996(div: 2) 847579(div: 3) 766622(div: 4) 907362(div: 5) 876568(div: 6) 855232(div: 7) 
1 1 50 58 
#c 0 1 4 3 4 5 5 2 0 1 2 3 4 5 4 4 0 1 2 3 4 5 6 2 0 1 2 3 4 5 5 7 0 1 2 2 4 5 4 4 6 4 2 3 4 5 6 5 6 4 2 3 4 5 4 7 0 1 2 2 4 5 6 7 0 1 2 3 4 5 4 
#905210(div: 0) 915047(div: 1) 869996(div: 2) 847579(div: 3) 766622(div: 4) 907362(div: 5) 876568(div: 6) 855232(div: 7) 
1 1 23 50 
#c 0 1 4 3 4 5 5 2 0 1 2 3 4 5 4 4 0 1 2 3 4 5 6 2 0 1 2 3 4 5 5 7 0 1 2 2 4 5 4 4 6 4 2 3 4 5 6 5 6 4 2 3 4 5 4 7 0 1 2 2 4 5 6 7 0 1 2 3 4 5 4 
#905210(div: 0) 915047(div: 1) 869996(div: 2) 847579(div: 3) 766622(div: 4) 907362(div: 5) 876568(div: 6) 855232(div: 7) 
1 1 34 50 
#c 0 1 4 3 4 5 5 2 0 1 2 3 4 5 4 4 0 1 2 3 4 5 6 2 0 1 2 3 4 5 5 7 0 1 2 2 4 5 4 4 6 4 2 3 4 5 6 5 6 4 4 3 4 5 4 7 0 1 2 2 4 5 6 7 0 1 2 3 4 5 4 
#905210(div: 0) 915047(div: 1) 860099(div: 2) 847579(div: 3) 776519(div: 4) 907362(div: 5) 876568(div: 6) 855232(div: 7) 
7 11 1 9 17 25 33 57 65 7 10 18 23 26 34 35 42 58 59 66 
#c 0 1 4 3 4 5 5 2 0 1 2 3 4 5 4 4 0 1 2 3 4 5 6 2 0 1 2 3 4 5 5 7 0 1 2 2 4 5 4 4 6 4 2 3 4 5 6 5 6 4 4 3 4 5 4 7 0 1 2 2 4 5 6 7 0 1 2 3 4 5 4 
#905210(div: 0) 915047(div: 1) 860099(div: 2) 847579(div: 3) 776519(div: 4) 907362(div: 5) 876568(div: 6) 855232(div: 7) 
11 5 7 10 18 23 26 34 35 42 58 59 66 22 40 46 48 62 
#c 0 1 4 3 4 5 5 2 0 1 2 3 4 5 4 4 0 1 2 3 4 5 6 2 0 1 2 3 4 5 5 7 0 1 2 2 4 5 4 4 6 4 2 3 4 5 6 5 6 4 4 3 4 5 4 7 0 1 2 2 4 5 6 7 0 1 2 3 4 5 4 
#905210(div: 0) 915047(div: 1) 860099(div: 2) 847579(div: 3) 776519(div: 4) 907362(div: 5) 876568(div: 6) 855232(div: 7) 
7 5 1 9 17 25 33 57 65 22 40 46 48 62 
#c 0 1 4 3 4 5 5 2 0 1 2 3 4 5 4 4 0 1 2 3 4 5 6 2 0 1 2 3 4 5 5 7 0 1 2 2 4 5 4 4 6 4 2 3 4 5 6 5 6 4 4 3 4 5 4 7 0 1 2 2 4 5 6 7 0 1 2 3 4 5 4 
#905210(div: 0) 915047(div: 1) 860099(div: 2) 847579(div: 3) 776519(div: 4) 907362(div: 5) 876568(div: 6) 855232(div: 7) 
11 7 7 10 18 23 26 34 35 42 58 59 66 3 11 19 27 43 51 67 
#c 0 1 4 3 4 5 5 2 0 1 2 3 4 5 4 4 0 1 2 3 4 5 6 2 0 1 2 3 4 5 5 7 0 1 2 2 4 5 4 4 6 4 2 3 4 5 6 5 6 4 4 3 4 5 4 7 0 1 2 2 4 5 6 7 0 1 2 3 4 5 4 
#905210(div: 0) 915047(div: 1) 860099(div: 2) 847579(div: 3) 776519(div: 4) 907362(div: 5) 876568(div: 6) 855232(div: 7) 
7 7 3 11 19 27 43 51 67 0 8 16 24 32 56 64 
#c 0 1 4 3 4 5 5 2 0 1 2 3 4 5 4 4 0 1 2 3 4 5 6 2 0 1 2 3 4 5 5 7 0 1 2 2 4 5 4 4 6 4 2 3 4 5 6 5 6 4 4 3 4 5 4 7 0 1 2 2 4 5 6 7 0 1 2 3 4 5 4 
#905210(div: 0) 915047(div: 1) 860099(div: 2) 847579(div: 3) 776519(div: 4) 907362(div: 5) 876568(div: 6) 855232(div: 7) 
7 7 1 9 17 25 33 57 65 0 8 16 24 32 56 64 
#c 0 1 4 3 4 5 5 2 0 1 2 3 4 5 4 4 0 1 2 3 4 5 6 2 0 1 2 3 4 5 5 7 0 1 2 2 4 5 4 4 6 4 2 3 4 5 6 5 6 4 4 3 4 5 4 7 0 1 2 2 4 5 6 7 0 1 2 3 4 5 4 
#905210(div: 0) 915047(div: 1) 860099(div: 2) 847579(div: 3) 776519(div: 4) 907362(div: 5) 876568(div: 6) 855232(div: 7) 
7 12 3 11 19 27 43 51 67 5 6 13 21 29 30 37 45 47 53 61 69 
#c 0 1 4 3 4 5 5 2 0 1 2 3 4 5 4 4 0 1 2 3 4 5 6 2 0 1 2 3 4 5 5 7 0 1 2 2 4 5 4 4 6 4 2 3 4 5 6 5 6 4 4 3 4 5 4 7 0 1 2 2 4 5 6 7 0 1 2 3 4 5 4 
#905210(div: 0) 915047(div: 1) 860099(div: 2) 847579(div: 3) 776519(div: 4) 907362(div: 5) 876568(div: 6) 855232(div: 7) 
7 12 1 9 17 25 33 57 65 5 6 13 21 29 30 37 45 47 53 61 69 
#c 0 1 4 3 4 5 5 2 0 1 2 3 4 5 4 4 0 1 2 3 4 5 6 2 0 1 2 3 4 5 5 7 0 1 2 2 4 5 4 4 6 4 2 3 4 5 6 5 6 4 4 3 4 5 4 7 0 1 2 2 4 5 6 7 0 1 2 3 4 5 4 
#905210(div: 0) 915047(div: 1) 860099(div: 2) 847579(div: 3) 776519(div: 4) 907362(div: 5) 876568(div: 6) 855232(div: 7) 
1 1 9 25 
#c 0 1 4 3 4 5 5 2 0 1 2 3 4 5 4 4 0 1 2 3 4 5 6 2 0 1 2 3 4 5 5 7 0 1 2 2 4 5 4 4 6 4 2 3 4 5 6 5 6 4 4 3 4 5 4 7 0 1 2 2 4 5 6 7 0 1 2 3 4 5 4 
#905210(div: 0) 915047(div: 1) 860099(div: 2) 847579(div: 3) 776519(div: 4) 907362(div: 5) 876568(div: 6) 855232(div: 7) 
1 1 9 57 
#c 0 1 4 3 4 5 5 2 0 1 2 3 4 5 4 4 0 1 2 3 4 5 6 2 0 1 2 3 4 5 5 7 0 1 2 2 4 5 4 4 6 4 2 3 4 5 6 5 6 4 4 3 4 5 4 7 0 1 2 2 4 5 6 7 0 1 2 3 4 5 4 
#905210(div: 0) 915047(div: 1) 860099(div: 2) 847579(div: 3) 776519(div: 4) 907362(div: 5) 876568(div: 6) 855232(div: 7) 
1 1 33 57 
#c 0 1 4 3 4 5 5 2 0 1 2 3 4 5 4 4 0 1 2 3 4 5 6 2 0 1 2 3 4 5 5 7 0 1 2 2 4 5 4 4 6 4 2 3 4 5 6 5 6 4 4 3 4 5 4 7 0 3 2 2 4 5 6 7 0 1 2 3 4 5 4 
#905210(div: 0) 876331(div: 1) 860099(div: 2) 886295(div: 3) 776519(div: 4) 907362(div: 5) 876568(div: 6) 855232(div: 7) 
6 8 1 9 17 25 33 65 3 11 19 27 43 51 57 67 
#c 0 1 4 3 4 5 5 2 0 1 2 3 4 5 4 4 0 1 2 3 4 5 6 2 0 1 2 3 4 5 5 7 0 1 2 2 4 5 4 4 6 4 2 3 4 5 6 5 6 4 4 3 4 5 4 7 0 3 2 2 4 5 6 7 0 1 2 3 4 5 4 
#905210(div: 0) 876331(div: 1) 860099(div: 2) 886295(div: 3) 776519(div: 4) 907362(div: 5) 876568(div: 6) 855232(div: 7) 
8 6 3 11 19 27 43 51 57 67 1 9 17 25 33 65 
#c 0 1 4 3 4 5 5 2 0 1 2 3 4 5 4 4 0 1 2 3 4 5 6 2 0 1 2 3 4 5 5 7 0 1 2 2 4 5 4 4 6 4 2 3 4 5 6 5 6 4 4 3 4 5 4 7 0 3 2 2 4 5 6 7 0 1 2 3 4 5 4 
#905210(div: 0) 876331(div: 1) 860099(div: 2) 886295(div: 3) 776519(div: 4) 907362(div: 5) 876568(div: 6) 855232(div: 7) 
6 3 1 9 17 25 33 65 31 55 63 
#c 0 1 4 3 4 5 5 2 0 1 2 3 4 5 4 4 0 1 2 3 4 5 6 2 0 1 2 3 4 5 5 7 0 1 2 2 4 5 4 4 6 4 2 3 4 5 6 5 6 4 4 3 4 5 4 7 0 3 2 2 4 5 6 7 0 1 2 3 4 5 4 
#905210(div: 0) 876331(div: 1) 860099(div: 2) 886295(div: 3) 776519(div: 4) 907362(div: 5) 876568(div: 6) 855232(div: 7) 
3 11 31 55 63 7 10 18 23 26 34 35 42 58 59 66 
#c 0 1 4 3 4 5 5 2 0 1 2 3 4 5 4 4 0 1 2 3 4 5 6 2 0 1 2 3 4 5 5 7 0 1 2 2 4 5 4 4 6 4 2 3 4 5 6 5 6 4 4 3 4 5 4 7 0 3 2 2 4 5 6 7 0 1 2 3 4 5 4 
#905210(div: 0) 876331(div: 1) 860099(div: 2) 886295(div: 3) 776519(div: 4) 907362(div: 5) 876568(div: 6) 855232(div: 7) 
8 11 3 11 19 27 43 51 57 67 7 10 18 23 26 34 35 42 58 59 66 
#c 0 1 4 3 4 5 5 2 0 1 2 3 4 5 4 4 0 1 2 3 4 5 6 2 0 1 2 3 4 5 5 7 0 1 2 2 4 5 4 4 6 4 2 3 4 5 6 5 6 4 4 3 4 5 4 7 0 3 2 2 4 5 6 7 0 1 2 3 4 5 4 
#905210(div: 0) 876331(div: 1) 860099(div: 2) 886295(div: 3) 776519(div: 4) 907362(div: 5) 876568(div: 6) 855232(div: 7) 
3 19 31 55 63 2 4 12 14 15 20 28 36 38 39 41 44 49 50 52 54 60 68 70 
#c 0 1 4 3 4 5 5 2 0 1 2 3 4 5 4 4 0 1 2 3 4 5 6 2 0 1 2 3 4 5 5 7 0 1 2 2 4 5 4 4 6 4 2 3 4 5 6 5 6 4 4 3 4 5 4 7 0 3 2 2 4 5 6 7 0 1 2 3 4 5 4 
#905210(div: 0) 876331(div: 1) 860099(div: 2) 886295(div: 3) 776519(div: 4) 907362(div: 5) 876568(div: 6) 855232(div: 7) 
19 7 2 4 12 14 15 20 28 36 38 39 41 44 49 50 52 54 60 68 70 0 8 16 24 32 56 64 
#c 0 1 4 3 4 5 5 2 0 1 2 3 4 5 4 4 0 1 2 3 4 5 6 2 0 1 2 3 4 5 5 7 0 1 2 2 4 5 4 4 6 4 2 3 4 5 6 5 6 4 4 3 4 5 4 7 0 3 2 2 4 5 6 7 0 1 2 3 4 5 4 
#905210(div: 0) 876331(div: 1) 860099(div: 2) 886295(div: 3) 776519(div: 4) 907362(div: 5) 876568(div: 6) 855232(div: 7) 
8 7 3 11 19 27 43 51 57 67 0 8 16 24 32 56 64 
#c 0 1 4 3 4 5 5 2 0 1 2 3 4 5 4 4 0 1 2 3 4 5 6 2 0 1 2 3 4 5 5 7 0 1 2 2 4 5 4 4 6 4 2 3 4 5 6 5 6 4 4 3 4 5 4 7 0 3 2 2 4 5 6 7 0 1 2 3 4 5 4 
#905210(div: 0) 876331(div: 1) 860099(div: 2) 886295(div: 3) 776519(div: 4) 907362(div: 5) 876568(div: 6) 855232(div: 7) 
1 1 16 32 
#c 0 1 4 3 4 5 5 2 0 1 2 3 4 5 4 4 0 1 2 3 4 5 6 2 0 1 2 3 4 5 5 7 0 1 2 2 4 5 4 4 6 4 2 3 4 5 6 5 6 4 4 3 4 5 4 7 0 3 2 2 4 5 6 7 0 1 2 3 4 5 4 
#905210(div: 0) 876331(div: 1) 860099(div: 2) 886295(div: 3) 776519(div: 4) 907362(div: 5) 876568(div: 6) 855232(div: 7) 
1 1 16 64 
#c 0 1 4 3 4 5 5 2 0 1 2 3 4 5 4 4 0 1 2 3 4 5 6 2 0 1 2 3 4 5 5 7 0 1 2 2 4 5 4 4 6 4 2 3 4 5 6 5 6 4 4 3 4 5 4 7 0 3 2 2 4 5 6 7 0 1 2 3 4 5 4 
#905210(div: 0) 876331(div: 1) 860099(div: 2) 886295(div: 3) 776519(div: 4) 907362(div: 5) 876568(div: 6) 855232(div: 7) 
1 1 8 16 
#c 0 1 4 3 4 5 5 2 0 1 2 3 4 5 4 4 4 1 2 3 4 5 6 2 0 1 2 3 4 5 5 7 0 1 2 2 4 5 4 4 6 4 2 3 4 5 6 5 6 4 4 3 4 5 4 7 0 3 2 2 4 5 6 7 0 1 2 3 4 5 4 
#895976(div: 0) 876331(div: 1) 860099(div: 2) 886295(div: 3) 785753(div: 4) 907362(div: 5) 876568(div: 6) 855232(div: 7) 
6 20 0 8 24 32 56 64 2 4 12 14 15 16 20 28 36 38 39 41 44 49 50 52 54 60 68 70 
#c 0 1 4 3 4 5 5 2 0 1 2 3 4 5 4 4 4 1 2 3 4 5 6 2 0 1 2 3 4 5 5 7 0 1 2 2 4 5 4 4 6 4 2 3 4 5 6 5 6 4 4 3 4 5 4 7 0 3 2 2 4 5 6 7 0 1 2 3 4 5 4 
#895976(div: 0) 876331(div: 1) 860099(div: 2) 886295(div: 3) 785753(div: 4) 907362(div: 5) 876568(div: 6) 855232(div: 7) 
1 1 8 32 
#c 0 1 4 3 4 5 5 2 0 1 2 3 4 5 4 4 4 1 2 3 4 5 6 2 0 1 2 3 4 5 5 7 0 1 2 2 4 5 4 4 6 4 2 3 4 5 6 5 6 4 4 3 4 5 4 7 0 3 2 2 4 5 6 7 0 1 2 3 4 5 4 
#895976(div: 0) 876331(div: 1) 860099(div: 2) 886295(div: 3) 785753(div: 4) 907362(div: 5) 876568(div: 6) 855232(div: 7) 
1 1 32 64 
#c 0 1 4 3 4 5 5 2 0 1 2 3 4 5 4 4 4 1 2 3 4 5 6 2 0 1 2 3 4 5 5 7 0 1 2 2 4 5 4 4 6 4 2 3 4 5 6 5 6 4 4 3 4 5 4 7 0 3 2 2 4 5 6 7 0 1 2 3 4 5 4 
#895976(div: 0) 876331(div: 1) 860099(div: 2) 886295(div: 3) 785753(div: 4) 907362(div: 5) 876568(div: 6) 855232(div: 7) 
1 1 56 64 
#c 0 1 4 3 4 5 5 2 0 1 2 3 4 5 4 4 4 1 2 3 4 5 6 2 0 1 2 3 4 5 5 7 0 1 2 2 4 5 4 4 6 4 2 3 4 5 6 5 6 4 4 3 4 5 4 7 0 3 2 2 4 5 6 7 4 1 2 3 4 5 4 
#886695(div: 0) 876331(div: 1) 860099(div: 2) 886295(div: 3) 795034(div: 4) 907362(div: 5) 876568(div: 6) 855232(div: 7) 
12 21 5 6 13 21 29 30 37 45 47 53 61 69 2 4 12 14 15 16 20 28 36 38 39 41 44 49 50 52 54 60 64 68 70 
#c 0 1 4 3 4 5 5 2 0 1 2 3 4 5 4 4 4 1 2 3 4 5 6 2 0 1 2 3 4 5 5 7 0 1 2 2 4 5 4 4 6 4 2 3 4 5 6 5 6 4 4 3 4 5 4 7 0 3 2 2 4 5 6 7 4 1 2 3 4 5 4 
#886695(div: 0) 876331(div: 1) 860099(div: 2) 886295(div: 3) 795034(div: 4) 907362(div: 5) 876568(div: 6) 855232(div: 7) 
21 5 2 4 12 14 15 16 20 28 36 38 39 41 44 49 50 52 54 60 64 68 70 0 8 24 32 56 
#c 0 1 4 3 4 5 5 2 0 1 2 3 4 5 4 4 4 1 2 3 4 5 6 2 0 1 2 3 4 5 5 7 0 1 2 2 4 5 4 4 6 4 2 3 4 5 6 5 6 4 4 3 4 5 4 7 0 3 2 2 4 5 6 7 4 1 2 3 4 5 4 
#886695(div: 0) 876331(div: 1) 860099(div: 2) 886295(div: 3) 795034(div: 4) 907362(div: 5) 876568(div: 6) 855232(div: 7) 
12 5 5 6 13 21 29 30 37 45 47 53 61 69 0 8 24 32 56 
#c 0 1 4 3 4 5 5 2 0 1 2 3 4 5 4 4 4 1 2 3 4 5 6 2 0 1 2 3 4 5 5 7 0 1 2 2 4 5 4 4 6 4 2 3 4 5 6 5 6 4 4 3 4 5 4 7 0 3 2 2 4 5 6 7 4 1 2 3 4 5 4 
#886695(div: 0) 876331(div: 1) 860099(div: 2) 886295(div: 3) 795034(div: 4) 907362(div: 5) 876568(div: 6) 855232(div: 7) 
21 6 2 4 12 14 15 16 20 28 36 38 39 41 44 49 50 52 54 60 64 68 70 1 9 17 25 33 65 
#c 0 1 4 3 4 5 5 2 0 1 2 3 4 5 4 4 4 1 2 3 4 5 6 2 0 1 2 3 4 5 5 7 0 1 2 2 4 5 4 4 6 4 2 3 4 5 6 5 6 4 4 3 4 5 4 7 0 3 2 2 4 5 6 7 4 1 2 3 4 5 4 
#886695(div: 0) 876331(div: 1) 860099(div: 2) 886295(div: 3) 795034(div: 4) 907362(div: 5) 876568(div: 6) 855232(div: 7) 
12 6 5 6 13 21 29 30 37 45 47 53 61 69 1 9 17 25 33 65 
#c 0 1 4 3 4 5 5 2 0 1 2 3 4 5 4 4 4 1 2 3 4 5 6 2 0 1 2 3 4 5 5 7 0 1 2 2 4 5 4 4 6 4 2 3 4 5 6 5 6 4 4 3 4 5 4 7 0 3 2 2 4 5 6 7 4 1 2 3 4 5 4 
#886695(div: 0) 876331(div: 1) 860099(div: 2) 886295(div: 3) 795034(div: 4) 907362(div: 5) 876568(div: 6) 855232(div: 7) 
21 8 2 4 12 14 15 16 20 28 36 38 39 41 44 49 50 52 54 60 64 68 70 3 11 19 27 43 51 57 67 
#c 0 1 4 3 4 5 5 2 0 1 2 3 4 5 4 4 4 1 2 3 4 5 6 2 0 1 2 3 4 5 5 7 0 1 2 2 4 5 4 4 6 4 2 3 4 5 6 5 6 4 4 3 4 5 4 7 0 3 2 2 4 5 6 7 4 1 2 3 4 5 4 
#886695(div: 0) 876331(div: 1) 860099(div: 2) 886295(div: 3) 795034(div: 4) 907362(div: 5) 876568(div: 6) 855232(div: 7) 
12 8 5 6 13 21 29 30 37 45 47 53 61 69 3 11 19 27 43 51 57 67 
#c 0 1 4 3 4 5 5 2 0 1 2 3 4 5 4 4 4 1 2 3 4 5 6 2 0 1 2 3 4 5 5 7 0 1 2 2 4 5 4 4 6 4 2 3 4 5 6 5 6 4 4 3 4 5 4 7 0 3 2 2 4 5 6 7 4 1 2 3 4 5 4 
#886695(div: 0) 876331(div: 1) 860099(div: 2) 886295(div: 3) 795034(div: 4) 907362(div: 5) 876568(div: 6) 855232(div: 7) 
21 3 2 4 12 14 15 16 20 28 36 38 39 41 44 49 50 52 54 60 64 68 70 31 55 63 
#c 0 1 4 3 4 5 5 2 0 1 2 3 4 5 4 4 4 1 2 3 4 5 6 2 0 1 2 3 4 5 5 7 0 1 2 2 4 5 4 4 6 4 2 3 4 5 6 5 6 4 4 3 4 5 4 7 0 3 2 2 4 5 6 7 4 1 2 3 4 5 4 
#886695(div: 0) 876331(div: 1) 860099(div: 2) 886295(div: 3) 795034(div: 4) 907362(div: 5) 876568(div: 6) 855232(div: 7) 
12 3 5 6 13 21 29 30 37 45 47 53 61 69 31 55 63 
#c 0 1 4 3 4 5 5 2 0 1 2 3 4 5 4 4 4 1 2 3 4 5 6 2 0 1 2 3 4 5 5 7 0 1 2 2 4 5 4 4 6 4 2 3 4 5 6 5 6 4 4 3 4 5 4 7 0 3 2 2 4 5 6 7 4 1 2 3 4 5 4 
#886695(div: 0) 876331(div: 1) 860099(div: 2) 886295(div: 3) 795034(div: 4) 907362(div: 5) 876568(div: 6) 855232(div: 7) 
1 1 21 47 
#c 0 1 4 3 4 5 5 2 0 1 2 3 4 5 4 4 4 1 2 3 4 5 6 2 0 1 2 3 4 5 5 7 0 1 2 2 4 5 4 4 6 4 2 3 4 5 6 5 6 4 4 3 4 5 4 7 0 3 2 2 4 5 6 7 4 1 2 3 4 5 4 
#886695(div: 0) 876331(div: 1) 860099(div: 2) 886295(div: 3) 795034(div: 4) 907362(div: 5) 876568(div: 6) 855232(div: 7) 
1 1 21 69 
#c 0 1 4 3 4 5 5 2 0 1 2 3 4 5 4 4 4 1 2 3 4 5 6 2 0 1 2 3 4 5 5 7 0 1 2 2 4 5 4 4 6 4 2 3 4 5 6 5 6 4 4 3 4 5 4 7 0 3 2 2 4 5 6 7 4 1 2 3 4 5 4 
#886695(div: 0) 876331(div: 1) 860099(div: 2) 886295(div: 3) 795034(div: 4) 907362(div: 5) 876568(div: 6) 855232(div: 7) 
1 1 45 69 
#c 0 1 4 3 4 5 5 2 0 1 2 3 4 5 4 4 4 1 2 3 4 5 6 2 0 1 2 3 4 5 5 7 0 1 2 2 4 5 4 4 6 4 2 3 4 5 6 5 6 4 4 3 4 5 4 7 0 3 2 2 4 5 6 7 4 1 2 3 4 4 4 
#886695(div: 0) 876331(div: 1) 860099(div: 2) 886295(div: 3) 805639(div: 4) 896757(div: 5) 876568(div: 6) 855232(div: 7) 
11 22 5 6 13 21 29 30 37 45 47 53 61 2 4 12 14 15 16 20 28 36 38 39 41 44 49 50 52 54 60 64 68 69 70 
#c 0 1 4 3 4 5 5 2 0 1 2 3 4 5 4 4 4 1 2 3 4 5 6 2 0 1 2 3 4 5 5 7 0 1 2 2 4 5 4 4 6 4 2 3 4 5 6 5 6 4 4 3 4 5 4 7 0 3 2 2 4 5 6 7 4 1 2 3 4 4 4 
#886695(div: 0) 876331(div: 1) 860099(div: 2) 886295(div: 3) 805639(div: 4) 896757(div: 5) 876568(div: 6) 855232(div: 7) 
1 1 5 61 
#c 0 1 4 3 4 5 5 2 0 1 2 3 4 5 4 4 4 1 2 3 4 5 6 2 0 1 2 3 4 5 5 7 0 1 2 2 4 5 4 4 6 4 2 3 4 5 6 5 6 4 4 3 4 5 4 7 0 3 2 2 4 5 6 7 4 1 2 3 4 4 4 
#886695(div: 0) 876331(div: 1) 860099(div: 2) 886295(div: 3) 805639(div: 4) 896757(div: 5) 876568(div: 6) 855232(div: 7) 
1 1 45 61 
#c 0 1 4 3 4 5 5 2 0 1 2 3 4 5 4 4 4 1 2 3 4 5 6 2 0 1 2 3 4 5 5 7 0 1 2 2 4 5 4 4 6 4 2 3 4 5 6 5 6 4 4 3 4 5 4 7 0 3 2 2 4 5 6 7 4 1 2 3 4 4 4 
#886695(div: 0) 876331(div: 1) 860099(div: 2) 886295(div: 3) 805639(div: 4) 896757(div: 5) 876568(div: 6) 855232(div: 7) 
1 1 53 61 
#c 0 1 4 3 4 5 5 2 0 1 2 3 4 5 4 4 4 1 2 3 4 5 6 2 0 1 2 3 4 5 5 7 0 1 2 2 4 5 4 4 6 4 2 3 4 5 6 5 6 4 4 3 4 4 4 7 0 3 2 2 4 5 6 7 4 1 2 3 4 4 4 
#886695(div: 0) 876331(div: 1) 860099(div: 2) 886295(div: 3) 834631(div: 4) 867765(div: 5) 876568(div: 6) 855232(div: 7) 
6 5 1 9 17 25 33 65 22 40 46 48 62 
#c 0 1 4 3 4 5 5 2 0 1 2 3 4 5 4 4 4 1 2 3 4 5 6 2 0 1 2 3 4 5 5 7 0 1 2 2 4 5 4 4 6 4 2 3 4 5 6 5 6 4 4 3 4 4 4 7 0 3 2 2 4 5 6 7 4 1 2 3 4 4 4 
#886695(div: 0) 876331(div: 1) 860099(div: 2) 886295(div: 3) 834631(div: 4) 867765(div: 5) 876568(div: 6) 855232(div: 7) 
6 8 1 9 17 25 33 65 3 11 19 27 43 51 57 67 
#c 0 1 4 3 4 5 5 2 0 1 2 3 4 5 4 4 4 1 2 3 4 5 6 2 0 1 2 3 4 5 5 7 0 1 2 2 4 5 4 4 6 4 2 3 4 5 6 5 6 4 4 3 4 4 4 7 0 3 2 2 4 5 6 7 4 1 2 3 4 4 4 
#886695(div: 0) 876331(div: 1) 860099(div: 2) 886295(div: 3) 834631(div: 4) 867765(div: 5) 876568(div: 6) 855232(div: 7) 
5 8 22 40 46 48 62 3 11 19 27 43 51 57 67 
#c 0 1 4 3 4 5 5 2 0 1 2 3 4 5 4 4 4 1 2 3 4 5 6 2 0 1 2 3 4 5 5 7 0 1 2 2 4 5 4 4 6 4 2 3 4 5 6 5 6 4 4 3 4 4 4 7 0 3 2 2 4 5 6 7 4 1 2 3 4 4 4 
#886695(div: 0) 876331(div: 1) 860099(div: 2) 886295(div: 3) 834631(div: 4) 867765(div: 5) 876568(div: 6) 855232(div: 7) 
6 10 1 9 17 25 33 65 5 6 13 21 29 30 37 45 47 61 
#c 0 1 4 3 4 5 5 2 0 1 2 3 4 5 4 4 4 1 2 3 4 5 6 2 0 1 2 3 4 5 5 7 0 1 2 2 4 5 4 4 6 4 2 3 4 5 6 5 6 4 4 3 4 4 4 7 0 3 2 2 4 5 6 7 4 1 2 3 4 4 4 
#886695(div: 0) 876331(div: 1) 860099(div: 2) 886295(div: 3) 834631(div: 4) 867765(div: 5) 876568(div: 6) 855232(div: 7) 
10 11 5 6 13 21 29 30 37 45 47 61 7 10 18 23 26 34 35 42 58 59 66 
#c 0 1 4 3 4 5 5 2 0 1 2 3 4 5 4 4 4 1 2 3 4 5 6 2 0 1 2 3 4 5 5 7 0 1 2 2 4 5 4 4 6 4 2 3 4 5 6 5 6 4 4 3 4 4 4 7 0 3 2 2 4 5 6 7 4 1 2 3 4 4 4 
#886695(div: 0) 876331(div: 1) 860099(div: 2) 886295(div: 3) 834631(div: 4) 867765(div: 5) 876568(div: 6) 855232(div: 7) 
11 23 7 10 18 23 26 34 35 42 58 59 66 2 4 12 14 15 16 20 28 36 38 39 41 44 49 50 52 53 54 60 64 68 69 70 
#c 0 1 4 3 4 5 5 2 0 1 2 3 4 5 4 4 4 1 2 3 4 5 6 2 0 1 2 3 4 5 5 7 0 1 2 2 4 5 4 4 6 4 2 3 4 5 6 5 6 4 4 3 4 4 4 7 0 3 2 2 4 5 6 7 4 1 2 3 4 4 4 
#886695(div: 0) 876331(div: 1) 860099(div: 2) 886295(div: 3) 834631(div: 4) 867765(div: 5) 876568(div: 6) 855232(div: 7) 
1 1 19 57 
#c 0 1 4 3 4 5 5 2 0 1 2 3 4 5 4 4 4 1 2 3 4 5 6 2 0 1 2 3 4 5 5 7 0 1 2 2 4 5 4 4 6 4 2 3 4 5 6 5 6 4 4 3 4 4 4 7 0 3 2 2 4 5 6 7 4 1 2 3 4 4 4 
#886695(div: 0) 876331(div: 1) 860099(div: 2) 886295(div: 3) 834631(div: 4) 867765(div: 5) 876568(div: 6) 855232(div: 7) 
1 1 57 67 
#c 0 1 4 3 4 5 5 2 0 1 2 3 4 5 4 4 4 1 2 3 4 5 6 2 0 1 2 3 4 5 5 7 0 1 2 2 4 5 4 4 6 4 2 3 4 5 6 5 6 4 4 3 4 4 4 7 0 3 2 2 4 5 6 7 4 1 2 3 4 4 4 
#886695(div: 0) 876331(div: 1) 860099(div: 2) 886295(div: 3) 834631(div: 4) 867765(div: 5) 876568(div: 6) 855232(div: 7) 
1 1 43 57 
#c 0 1 4 3 4 5 5 2 0 1 2 3 4 5 4 4 4 1 2 3 4 5 6 2 0 1 2 3 4 5 5 7 0 1 2 2 4 5 4 4 6 4 2 3 4 5 6 5 6 4 4 3 4 4 4 7 0 4 2 2 4 5 6 7 4 1 2 3 4 4 4 
#886695(div: 0) 876331(div: 1) 860099(div: 2) 847579(div: 3) 873347(div: 4) 867765(div: 5) 876568(div: 6) 855232(div: 7) 
7 24 3 11 19 27 43 51 67 2 4 12 14 15 16 20 28 36 38 39 41 44 49 50 52 53 54 57 60 64 68 69 70 
#c 0 1 4 3 4 5 5 2 0 1 2 3 4 5 4 4 4 1 2 3 4 5 6 2 0 1 2 3 4 5 5 7 0 1 2 2 4 5 4 4 6 4 2 3 4 5 6 5 6 4 4 3 4 4 4 7 0 4 2 2 4 5 6 7 4 1 2 3 4 4 4 
#886695(div: 0) 876331(div: 1) 860099(div: 2) 847579(div: 3) 873347(div: 4) 867765(div: 5) 876568(div: 6) 855232(div: 7) 
5 7 0 8 24 32 56 3 11 19 27 43 51 67 
#c 0 1 4 3 4 5 5 2 0 1 2 3 4 5 4 4 4 1 2 3 4 5 6 2 0 1 2 3 4 5 5 7 0 1 2 2 4 5 4 4 6 4 2 3 4 5 6 5 6 4 4 3 4 4 4 7 0 4 2 2 4 5 6 7 4 1 2 3 4 4 4 
#886695(div: 0) 876331(div: 1) 860099(div: 2) 847579(div: 3) 873347(div: 4) 867765(div: 5) 876568(div: 6) 855232(div: 7) 
7 24 3 11 19 27 43 51 67 2 4 12 14 15 16 20 28 36 38 39 41 44 49 50 52 53 54 57 60 64 68 69 70 
#c 0 1 4 3 4 5 5 2 0 1 2 3 4 5 4 4 4 1 2 3 4 5 6 2 0 1 2 3 4 5 5 7 0 1 2 2 4 5 4 4 6 4 2 3 4 5 6 5 6 4 4 3 4 4 4 7 0 4 2 2 4 5 6 7 4 1 2 3 4 4 4 
#886695(div: 0) 876331(div: 1) 860099(div: 2) 847579(div: 3) 873347(div: 4) 867765(div: 5) 876568(div: 6) 855232(div: 7) 
5 24 0 8 24 32 56 2 4 12 14 15 16 20 28 36 38 39 41 44 49 50 52 53 54 57 60 64 68 69 70 
#c 0 1 4 3 4 5 5 2 0 1 2 3 4 5 4 4 4 1 2 3 4 5 6 2 0 1 2 3 4 5 5 7 0 1 2 2 4 5 4 4 6 4 2 3 4 5 6 5 6 4 4 3 4 4 4 7 0 4 2 2 4 5 6 7 4 1 2 3 4 4 4 
#886695(div: 0) 876331(div: 1) 860099(div: 2) 847579(div: 3) 873347(div: 4) 867765(div: 5) 876568(div: 6) 855232(div: 7) 
7 6 3 11 19 27 43 51 67 1 9 17 25 33 65 
#c 0 1 4 3 4 5 5 2 0 1 2 3 4 5 4 4 4 1 2 3 4 5 6 2 0 1 2 3 4 5 5 7 0 1 2 2 4 5 4 4 6 4 2 3 4 5 6 5 6 4 4 3 4 4 4 7 0 4 2 2 4 5 6 7 4 1 2 3 4 4 4 
#886695(div: 0) 876331(div: 1) 860099(div: 2) 847579(div: 3) 873347(div: 4) 867765(div: 5) 876568(div: 6) 855232(div: 7) 
5 6 0 8 24 32 56 1 9 17 25 33 65 
#c 0 1 4 3 4 5 5 2 0 1 2 3 4 5 4 4 4 1 2 3 4 5 6 2 0 1 2 3 4 5 5 7 0 1 2 2 4 5 4 4 6 4 2 3 4 5 6 5 6 4 4 3 4 4 4 7 0 4 2 2 4 5 6 7 4 1 2 3 4 4 4 
#886695(div: 0) 876331(div: 1) 860099(div: 2) 847579(div: 3) 873347(div: 4) 867765(div: 5) 876568(div: 6) 855232(div: 7) 
7 11 3 11 19 27 43 51 67 7 10 18 23 26 34 35 42 58 59 66 
#c 0 1 4 3 4 5 5 2 0 1 2 3 4 5 4 4 4 1 2 3 4 5 6 2 0 1 2 3 4 5 5 7 0 1 2 2 4 5 4 4 6 4 2 3 4 5 6 5 6 4 4 3 4 4 4 7 0 4 2 2 4 5 6 7 4 1 2 3 4 4 4 
#886695(div: 0) 876331(div: 1) 860099(div: 2) 847579(div: 3) 873347(div: 4) 867765(div: 5) 876568(div: 6) 855232(div: 7) 
5 11 0 8 24 32 56 7 10 18 23 26 34 35 42 58 59 66 
#c 0 1 4 3 4 5 5 2 0 1 2 3 4 5 4 4 4 1 2 3 4 5 6 2 0 1 2 3 4 5 5 7 0 1 2 2 4 5 4 4 6 4 2 3 4 5 6 5 6 4 4 3 4 4 4 7 0 4 2 2 4 5 6 7 4 1 2 3 4 4 4 
#886695(div: 0) 876331(div: 1) 860099(div: 2) 847579(div: 3) 873347(div: 4) 867765(div: 5) 876568(div: 6) 855232(div: 7) 
7 3 3 11 19 27 43 51 67 31 55 63 
#c 0 1 4 3 4 5 5 2 0 1 2 3 4 5 4 4 4 1 2 3 4 5 6 2 0 1 2 3 4 5 5 7 0 1 2 2 4 5 4 4 6 4 2 3 4 5 6 5 6 4 4 3 4 4 4 7 0 4 2 2 4 5 6 7 4 1 2 3 4 4 4 
#886695(div: 0) 876331(div: 1) 860099(div: 2) 847579(div: 3) 873347(div: 4) 867765(div: 5) 876568(div: 6) 855232(div: 7) 
5 3 0 8 24 32 56 31 55 63 
#c 0 1 4 3 4 5 5 2 0 1 2 3 4 5 4 4 4 1 2 3 4 5 6 2 0 1 2 3 4 5 5 7 0 1 2 2 4 5 4 4 6 4 2 3 4 5 6 5 6 4 4 3 4 4 4 7 0 4 2 2 4 5 6 7 4 1 2 3 4 4 4 
#886695(div: 0) 876331(div: 1) 860099(div: 2) 847579(div: 3) 873347(div: 4) 867765(div: 5) 876568(div: 6) 855232(div: 7) 
1 1 24 32 
#c 0 1 4 3 4 5 5 2 0 1 2 3 4 5 4 4 4 1 2 3 4 5 6 2 0 1 2 3 4 5 5 7 0 1 2 2 4 5 4 4 6 4 2 3 4 5 6 5 6 4 4 3 4 4 4 7 0 4 2 2 4 5 6 7 4 1 2 3 4 4 4 
#886695(div: 0) 876331(div: 1) 860099(div: 2) 847579(div: 3) 873347(div: 4) 867765(div: 5) 876568(div: 6) 855232(div: 7) 
1 1 0 32 
#c 0 1 4 3 4 5 5 2 0 1 2 3 4 5 4 4 4 1 2 3 4 5 6 2 0 1 2 3 4 5 5 7 0 1 2 2 4 5 4 4 6 4 2 3 4 5 6 5 6 4 4 3 4 4 4 7 0 4 2 2 4 5 6 7 4 1 2 3 4 4 4 
#886695(div: 0) 876331(div: 1) 860099(div: 2) 847579(div: 3) 873347(div: 4) 867765(div: 5) 876568(div: 6) 855232(div: 7) 
1 1 32 56 
#c 0 1 4 3 4 5 5 2 0 1 2 3 4 5 4 4 4 1 2 3 4 5 6 2 0 1 2 3 4 5 5 7 3 1 2 2 4 5 4 4 6 4 2 3 4 5 6 5 6 4 4 3 4 4 4 7 0 4 2 2 4 5 6 7 4 1 2 3 4 4 4 
#815647(div: 0) 876331(div: 1) 860099(div: 2) 918627(div: 3) 873347(div: 4) 867765(div: 5) 876568(div: 6) 855232(div: 7) 
4 8 0 8 24 56 3 11 19 27 32 43 51 67 
#c 0 1 4 3 4 5 5 2 0 1 2 3 4 5 4 4 4 1 2 3 4 5 6 2 0 1 2 3 4 5 5 7 3 1 2 2 4 5 4 4 6 4 2 3 4 5 6 5 6 4 4 3 4 4 4 7 0 4 2 2 4 5 6 7 4 1 2 3 4 4 4 
#815647(div: 0) 876331(div: 1) 860099(div: 2) 918627(div: 3) 873347(div: 4) 867765(div: 5) 876568(div: 6) 855232(div: 7) 
10 5 5 6 13 21 29 30 37 45 47 61 22 40 46 48 62 
#c 0 1 4 3 4 5 5 2 0 1 2 3 4 5 4 4 4 1 2 3 4 5 6 2 0 1 2 3 4 5 5 7 3 1 2 2 4 5 4 4 6 4 2 3 4 5 6 5 6 4 4 3 4 4 4 7 0 4 2 2 4 5 6 7 4 1 2 3 4 4 4 
#815647(div: 0) 876331(div: 1) 860099(div: 2) 918627(div: 3) 873347(div: 4) 867765(div: 5) 876568(div: 6) 855232(div: 7) 
10 11 5 6 13 21 29 30 37 45 47 61 7 10 18 23 26 34 35 42 58 59 66 
#c 0 1 4 3 4 5 5 2 0 1 2 3 4 5 4 4 4 1 2 3 4 5 6 2 0 1 2 3 4 5 5 7 3 1 2 2 4 5 4 4 6 4 2 3 4 5 6 5 6 4 4 3 4 4 4 7 0 4 2 2 4 5 6 7 4 1 2 3 4 4 4 
#815647(div: 0) 876331(div: 1) 860099(div: 2) 918627(div: 3) 873347(div: 4) 867765(div: 5) 876568(div: 6) 855232(div: 7) 
11 6 7 10 18 23 26 34 35 42 58 59 66 1 9 17 25 33 65 
#c 0 1 4 3 4 5 5 2 0 1 2 3 4 5 4 4 4 1 2 3 4 5 6 2 0 1 2 3 4 5 5 7 3 1 2 2 4 5 4 4 6 4 2 3 4 5 6 5 6 4 4 3 4 4 4 7 0 4 2 2 4 5 6 7 4 1 2 3 4 4 4 
#815647(div: 0) 876331(div: 1) 860099(div: 2) 918627(div: 3) 873347(div: 4) 867765(div: 5) 876568(div: 6) 855232(div: 7) 
5 6 22 40 46 48 62 1 9 17 25 33 65 
#c 0 1 4 3 4 5 5 2 0 1 2 3 4 5 4 4 4 1 2 3 4 5 6 2 0 1 2 3 4 5 5 7 3 1 2 2 4 5 4 4 6 4 2 3 4 5 6 5 6 4 4 3 4 4 4 7 0 4 2 2 4 5 6 7 4 1 2 3 4 4 4 
#815647(div: 0) 876331(div: 1) 860099(div: 2) 918627(div: 3) 873347(div: 4) 867765(div: 5) 876568(div: 6) 855232(div: 7) 
11 24 7 10 18 23 26 34 35 42 58 59 66 2 4 12 14 15 16 20 28 36 38 39 41 44 49 50 52 53 54 57 60 64 68 69 70 
#c 0 1 4 3 4 5 5 2 0 1 2 3 4 5 4 4 4 1 2 3 4 5 6 2 0 1 2 3 4 5 5 7 3 1 2 2 4 5 4 4 6 4 2 3 4 5 6 5 6 4 4 3 4 4 4 7 0 4 2 2 4 5 6 7 4 1 2 3 4 4 4 
#815647(div: 0) 876331(div: 1) 860099(div: 2) 918627(div: 3) 873347(div: 4) 867765(div: 5) 876568(div: 6) 855232(div: 7) 
5 24 22 40 46 48 62 2 4 12 14 15 16 20 28 36 38 39 41 44 49 50 52 53 54 57 60 64 68 69 70 
#c 0 1 4 3 4 5 5 2 0 1 2 3 4 5 4 4 4 1 2 3 4 5 6 2 0 1 2 3 4 5 5 7 3 1 2 2 4 5 4 4 6 4 2 3 4 5 6 5 6 4 4 3 4 4 4 7 0 4 2 2 4 5 6 7 4 1 2 3 4 4 4 
#815647(div: 0) 876331(div: 1) 860099(div: 2) 918627(div: 3) 873347(div: 4) 867765(div: 5) 876568(div: 6) 855232(div: 7) 
11 3 7 10 18 23 26 34 35 42 58 59 66 31 55 63 
#c 0 1 4 3 4 5 5 2 0 1 2 3 4 5 4 4 4 1 2 3 4 5 6 2 0 1 2 3 4 5 5 7 3 1 2 2 4 5 4 4 6 4 2 3 4 5 6 5 6 4 4 3 4 4 4 7 0 4 2 2 4 5 6 7 4 1 2 3 4 4 4 
#815647(div: 0) 876331(div: 1) 860099(div: 2) 918627(div: 3) 873347(div: 4) 867765(div: 5) 876568(div: 6) 855232(div: 7) 
1 1 46 62 
#c 0 1 4 3 4 5 5 2 0 1 2 3 4 5 4 4 4 1 2 3 4 5 6 2 0 1 2 3 4 5 5 7 3 1 2 2 4 5 4 4 6 4 2 3 4 5 6 5 6 4 4 3 4 4 4 7 0 4 2 2 4 5 6 7 4 1 2 3 4 4 4 
#815647(div: 0) 876331(div: 1) 860099(div: 2) 918627(div: 3) 873347(div: 4) 867765(div: 5) 876568(div: 6) 855232(div: 7) 
1 1 40 46 
#c 0 1 4 3 4 5 5 2 0 1 2 3 4 5 4 4 4 1 2 3 4 5 6 2 0 1 2 3 4 5 5 7 3 1 2 2 4 5 4 4 6 4 2 3 4 5 6 5 6 4 4 3 4 4 4 7 0 4 2 2 4 5 6 7 4 1 2 3 4 4 4 
#815647(div: 0) 876331(div: 1) 860099(div: 2) 918627(div: 3) 873347(div: 4) 867765(div: 5) 876568(div: 6) 855232(div: 7) 
1 1 40 48 
#c 0 1 4 3 4 5 5 2 0 1 2 3 4 5 4 4 4 1 2 3 4 5 6 2 0 1 2 3 4 5 5 7 3 1 2 2 4 5 4 4 6 4 2 3 4 5 6 5 7 4 4 3 4 4 4 7 0 4 2 2 4 5 6 7 4 1 2 3 4 4 4 
#815647(div: 0) 876331(div: 1) 860099(div: 2) 918627(div: 3) 873347(div: 4) 867765(div: 5) 854949(div: 6) 876851(div: 7) 
4 4 22 40 46 62 31 48 55 63 
#c 0 1 4 3 4 5 5 2 0 1 2 3 4 5 4 4 4 1 2 3 4 5 6 2 0 1 2 3 4 5 5 7 3 1 2 2 4 5 4 4 6 4 2 3 4 5 6 5 7 4 4 3 4 4 4 7 0 4 2 2 4 5 6 7 4 1 2 3 4 4 4 
#815647(div: 0) 876331(div: 1) 860099(div: 2) 918627(div: 3) 873347(div: 4) 867765(div: 5) 854949(div: 6) 876851(div: 7) 
10 24 5 6 13 21 29 30 37 45 47 61 2 4 12 14 15 16 20 28 36 38 39 41 44 49 50 52 53 54 57 60 64 68 69 70 
#c 0 1 4 3 4 5 5 2 0 1 2 3 4 5 4 4 4 1 2 3 4 5 6 2 0 1 2 3 4 5 5 7 3 1 2 2 4 5 4 4 6 4 2 3 4 5 6 5 7 4 4 3 4 4 4 7 0 4 2 2 4 5 6 7 4 1 2 3 4 4 4 
#815647(div: 0) 876331(div: 1) 860099(div: 2) 918627(div: 3) 873347(div: 4) 867765(div: 5) 854949(div: 6) 876851(div: 7) 
10 4 5 6 13 21 29 30 37 45 47 61 31 48 55 63 
#c 0 1 4 3 4 5 5 2 0 1 2 3 4 5 4 4 4 1 2 3 4 5 6 2 0 1 2 3 4 5 5 7 3 1 2 2 4 5 4 4 6 4 2 3 4 5 6 5 7 4 4 3 4 4 4 7 0 4 2 2 4 5 6 7 4 1 2 3 4 4 4 
#815647(div: 0) 876331(div: 1) 860099(div: 2) 918627(div: 3) 873347(div: 4) 867765(div: 5) 854949(div: 6) 876851(div: 7) 
24 4 2 4 12 14 15 16 20 28 36 38 39 41 44 49 50 52 53 54 57 60 64 68 69 70 31 48 55 63 
#c 0 1 4 3 4 5 5 2 0 1 2 3 4 5 4 4 4 1 2 3 4 5 6 2 0 1 2 3 4 5 5 7 3 1 2 2 4 5 4 4 6 4 2 3 4 5 6 5 7 4 4 3 4 4 4 7 0 4 2 2 4 5 6 7 4 1 2 3 4 4 4 
#815647(div: 0) 876331(div: 1) 860099(div: 2) 918627(div: 3) 873347(div: 4) 867765(div: 5) 854949(div: 6) 876851(div: 7) 
10 4 5 6 13 21 29 30 37 45 47 61 22 40 46 62 
#c 0 1 4 3 4 5 5 2 0 1 2 3 4 5 4 4 4 1 2 3 4 5 6 2 0 1 2 3 4 5 5 7 3 1 2 2 4 5 4 4 6 4 2 3 4 5 6 5 7 4 4 3 4 4 4 7 0 4 2 2 4 5 6 7 4 1 2 3 4 4 4 
#815647(div: 0) 876331(div: 1) 860099(div: 2) 918627(div: 3) 873347(div: 4) 867765(div: 5) 854949(div: 6) 876851(div: 7) 
4 11 22 40 46 62 7 10 18 23 26 34 35 42 58 59 66 
#c 0 1 4 3 4 5 5 2 0 1 2 3 4 5 4 4 4 1 2 3 4 5 6 2 0 1 2 3 4 5 5 7 3 1 2 2 4 5 4 4 6 4 2 3 4 5 6 5 7 4 4 3 4 4 4 7 0 4 2 2 4 5 6 7 4 1 2 3 4 4 4 
#815647(div: 0) 876331(div: 1) 860099(div: 2) 918627(div: 3) 873347(div: 4) 867765(div: 5) 854949(div: 6) 876851(div: 7) 
4 11 31 48 55 63 7 10 18 23 26 34 35 42 58 59 66 
#c 0 1 4 3 4 5 5 2 0 1 2 3 4 5 4 4 4 1 2 3 4 5 6 2 0 1 2 3 4 5 5 7 3 1 2 2 4 5 4 4 6 4 2 3 4 5 6 5 7 4 4 3 4 4 4 7 0 4 2 2 4 5 6 7 4 1 2 3 4 4 4 
#815647(div: 0) 876331(div: 1) 860099(div: 2) 918627(div: 3) 873347(div: 4) 867765(div: 5) 854949(div: 6) 876851(div: 7) 
4 6 22 40 46 62 1 9 17 25 33 65 
#c 0 1 4 3 4 5 5 2 0 1 2 3 4 5 4 4 4 1 2 3 4 5 6 2 0 1 2 3 4 5 5 7 3 1 2 2 4 5 4 4 6 4 2 3 4 5 6 5 7 4 4 3 4 4 4 7 0 4 2 2 4 5 6 7 4 1 2 3 4 4 4 
#815647(div: 0) 876331(div: 1) 860099(div: 2) 918627(div: 3) 873347(div: 4) 867765(div: 5) 854949(div: 6) 876851(div: 7) 
4 6 31 48 55 63 1 9 17 25 33 65 
#c 0 1 4 3 4 5 5 2 0 1 2 3 4 5 4 4 4 1 2 3 4 5 6 2 0 1 2 3 4 5 5 7 3 1 2 2 4 5 4 4 6 4 2 3 4 5 6 5 7 4 4 3 4 4 4 7 0 4 2 2 4 5 6 7 4 1 2 3 4 4 4 
#815647(div: 0) 876331(div: 1) 860099(div: 2) 918627(div: 3) 873347(div: 4) 867765(div: 5) 854949(div: 6) 876851(div: 7) 
1 1 55 63 
#c 0 1 4 3 4 5 5 2 0 1 2 3 4 5 4 4 4 1 2 3 4 5 6 2 0 1 2 3 4 5 5 7 3 1 2 2 4 5 4 4 6 4 2 3 4 5 6 5 7 4 4 3 4 4 4 7 0 4 2 2 4 5 6 7 4 1 2 3 4 4 4 
#815647(div: 0) 876331(div: 1) 860099(div: 2) 918627(div: 3) 873347(div: 4) 867765(div: 5) 854949(div: 6) 876851(div: 7) 
1 1 31 55 
#c 0 1 4 3 4 5 5 2 0 1 2 3 4 5 4 4 4 1 2 3 4 5 6 2 0 1 2 3 4 5 5 7 3 1 2 2 4 5 4 4 6 4 2 3 4 5 6 5 7 4 4 3 4 4 4 7 0 4 2 2 4 5 6 7 4 1 2 3 4 4 4 
#815647(div: 0) 876331(div: 1) 860099(div: 2) 918627(div: 3) 873347(div: 4) 867765(div: 5) 854949(div: 6) 876851(div: 7) 
1 1 31 48 
#c 0 1 4 3 4 5 5 2 0 1 2 3 4 5 4 4 4 1 2 3 4 5 6 2 0 1 2 3 4 5 5 7 3 1 2 2 4 5 4 4 6 4 2 3 4 5 6 5 6 4 4 3 4 4 4 7 0 4 2 2 4 5 6 7 4 1 2 3 4 4 4 
#815647(div: 0) 876331(div: 1) 860099(div: 2) 918627(div: 3) 873347(div: 4) 867765(div: 5) 876568(div: 6) 855232(div: 7) 
3 5 31 55 63 22 40 46 48 62 
#c 0 1 4 3 4 5 5 2 0 1 2 3 4 5 4 4 4 1 2 3 4 5 6 2 0 1 2 3 4 5 5 7 3 1 2 2 4 5 4 4 6 4 2 3 4 5 6 5 6 4 4 3 4 4 4 7 0 4 2 2 4 5 6 7 4 1 2 3 4 4 4 
#815647(div: 0) 876331(div: 1) 860099(div: 2) 918627(div: 3) 873347(div: 4) 867765(div: 5) 876568(div: 6) 855232(div: 7) 
10 8 5 6 13 21 29 30 37 45 47 61 3 11 19 27 32 43 51 67 
#c 0 1 4 3 4 5 5 2 0 1 2 3 4 5 4 4 4 1 2 3 4 5 6 2 0 1 2 3 4 5 5 7 3 1 2 2 4 5 4 4 6 4 2 3 4 5 6 5 6 4 4 3 4 4 4 7 0 4 2 2 4 5 6 7 4 1 2 3 4 4 4 
#815647(div: 0) 876331(div: 1) 860099(div: 2) 918627(div: 3) 873347(div: 4) 867765(div: 5) 876568(div: 6) 855232(div: 7) 
10 5 5 6 13 21 29 30 37 45 47 61 22 40 46 48 62 
#c 0 1 4 3 4 5 5 2 0 1 2 3 4 5 4 4 4 1 2 3 4 5 6 2 0 1 2 3 4 5 5 7 3 1 2 2 4 5 4 4 6 4 2 3 4 5 6 5 6 4 4 3 4 4 4 7 0 4 2 2 4 5 6 7 4 1 2 3 4 4 4 
#815647(div: 0) 876331(div: 1) 860099(div: 2) 918627(div: 3) 873347(div: 4) 867765(div: 5) 876568(div: 6) 855232(div: 7) 
8 5 3 11 19 27 32 43 51 67 22 40 46 48 62 
#c 0 1 4 3 4 5 5 2 0 1 2 3 4 5 4 4 4 1 2 3 4 5 6 2 0 1 2 3 4 5 5 7 3 1 2 2 4 5 4 4 6 4 2 3 4 5 6 5 6 4 4 3 4 4 4 7 0 4 2 2 4 5 6 7 4 1 2 3 4 4 4 
#815647(div: 0) 876331(div: 1) 860099(div: 2) 918627(div: 3) 873347(div: 4) 867765(div: 5) 876568(div: 6) 855232(div: 7) 
10 4 5 6 13 21 29 30 37 45 47 61 0 8 24 56 
#c 0 1 4 3 4 5 5 2 0 1 2 3 4 5 4 4 4 1 2 3 4 5 6 2 0 1 2 3 4 5 5 7 3 1 2 2 4 5 4 4 6 4 2 3 4 5 6 5 6 4 4 3 4 4 4 7 0 4 2 2 4 5 6 7 4 1 2 3 4 4 4 
#815647(div: 0) 876331(div: 1) 860099(div: 2) 918627(div: 3) 873347(div: 4) 867765(div: 5) 876568(div: 6) 855232(div: 7) 
4 24 0 8 24 56 2 4 12 14 15 16 20 28 36 38 39 41 44 49 50 52 53 54 57 60 64 68 69 70 
#c 0 1 4 3 4 5 5 2 0 1 2 3 4 5 4 4 4 1 2 3 4 5 6 2 0 1 2 3 4 5 5 7 3 1 2 2 4 5 4 4 6 4 2 3 4 5 6 5 6 4 4 3 4 4 4 7 0 4 2 2 4 5 6 7 4 1 2 3 4 4 4 
#815647(div: 0) 876331(div: 1) 860099(div: 2) 918627(div: 3) 873347(div: 4) 867765(div: 5) 876568(div: 6) 855232(div: 7) 
8 24 3 11 19 27 32 43 51 67 2 4 12 14 15 16 20 28 36 38 39 41 44 49 50 52 53 54 57 60 64 68 69 70 
#c 0 1 4 3 4 5 5 2 0 1 2 3 4 5 4 4 4 1 2 3 4 5 6 2 0 1 2 3 4 5 5 7 3 1 2 2 4 5 4 4 6 4 2 3 4 5 6 5 6 4 4 3 4 4 4 7 0 4 2 2 4 5 6 7 4 1 2 3 4 4 4 
#815647(div: 0) 876331(div: 1) 860099(div: 2) 918627(div: 3) 873347(div: 4) 867765(div: 5) 876568(div: 6) 855232(div: 7) 
4 6 0 8 24 56 1 9 17 25 33 65 
#c 0 1 4 3 4 5 5 2 0 1 2 3 4 5 4 4 4 1 2 3 4 5 6 2 0 1 2 3 4 5 5 7 3 1 2 2 4 5 4 4 6 4 2 3 4 5 6 5 6 4 4 3 4 4 4 7 0 4 2 2 4 5 6 7 4 1 2 3 4 4 4 
#815647(div: 0) 876331(div: 1) 860099(div: 2) 918627(div: 3) 873347(div: 4) 867765(div: 5) 876568(div: 6) 855232(div: 7) 
8 6 3 11 19 27 32 43 51 67 1 9 17 25 33 65 
#c 0 1 4 3 4 5 5 2 0 1 2 3 4 5 4 4 4 1 2 3 4 5 6 2 0 1 2 3 4 5 5 7 3 1 2 2 4 5 4 4 6 4 2 3 4 5 6 5 6 4 4 3 4 4 4 7 0 4 2 2 4 5 6 7 4 1 2 3 4 4 4 
#815647(div: 0) 876331(div: 1) 860099(div: 2) 918627(div: 3) 873347(div: 4) 867765(div: 5) 876568(div: 6) 855232(div: 7) 
1 1 11 27 
#c 0 1 4 3 4 5 5 2 0 1 2 3 4 5 4 4 4 1 2 3 4 5 6 2 0 1 2 3 4 5 5 7 3 1 2 2 4 5 4 4 6 4 2 3 4 5 6 5 6 4 4 3 4 4 4 7 0 4 2 2 4 5 6 7 4 1 2 3 4 4 4 
#815647(div: 0) 876331(div: 1) 860099(div: 2) 918627(div: 3) 873347(div: 4) 867765(div: 5) 876568(div: 6) 855232(div: 7) 
1 1 11 19 
#c 0 1 4 3 4 5 5 2 0 1 2 3 4 5 4 4 4 1 2 3 4 5 6 2 0 1 2 3 4 5 5 7 3 1 2 2 4 5 4 4 6 4 2 3 4 5 6 5 6 4 4 3 4 4 4 7 0 4 2 2 4 5 6 7 4 1 2 3 4 4 4 
#815647(div: 0) 876331(div: 1) 860099(div: 2) 918627(div: 3) 873347(div: 4) 867765(div: 5) 876568(div: 6) 855232(div: 7) 
1 1 11 32 
#c 0 1 4 3 4 5 5 2 0 1 2 0 4 5 4 4 4 1 2 3 4 5 6 2 0 1 2 3 4 5 5 7 3 1 2 2 4 5 4 4 6 4 2 3 4 5 6 5 6 4 4 3 4 4 4 7 0 4 2 2 4 5 6 7 4 1 2 3 4 4 4 
#827099(div: 0) 876331(div: 1) 860099(div: 2) 907175(div: 3) 873347(div: 4) 867765(div: 5) 876568(div: 6) 855232(div: 7) 
7 5 3 19 27 32 43 51 67 0 8 11 24 56 
#c 0 1 4 3 4 5 5 2 0 1 2 0 4 5 4 4 4 1 2 3 4 5 6 2 0 1 2 3 4 5 5 7 3 1 2 2 4 5 4 4 6 4 2 3 4 5 6 5 6 4 4 3 4 4 4 7 0 4 2 2 4 5 6 7 4 1 2 3 4 4 4 
#827099(div: 0) 876331(div: 1) 860099(div: 2) 907175(div: 3) 873347(div: 4) 867765(div: 5) 876568(div: 6) 855232(div: 7) 
1 1 19 51 
#c 0 1 4 3 4 5 5 2 0 1 2 0 4 5 4 4 4 1 2 3 4 5 6 2 0 1 2 3 4 5 5 7 3 1 2 2 4 5 4 4 6 4 2 3 4 5 6 5 6 4 4 3 4 4 4 7 0 4 2 2 4 5 6 7 4 1 2 3 4 4 4 
#827099(div: 0) 876331(div: 1) 860099(div: 2) 907175(div: 3) 873347(div: 4) 867765(div: 5) 876568(div: 6) 855232(div: 7) 
1 1 19 27 
#c 0 1 4 3 4 5 5 2 0 1 2 0 4 5 4 4 4 1 2 3 4 5 6 2 0 1 2 3 4 5 5 7 3 1 2 2 4 5 4 4 6 4 2 3 4 5 6 5 6 4 4 3 4 4 4 7 0 4 2 2 4 5 6 7 4 1 2 3 4 4 4 
#827099(div: 0) 876331(div: 1) 860099(div: 2) 907175(div: 3) 873347(div: 4) 867765(div: 5) 876568(div: 6) 855232(div: 7) 
1 1 27 43 
#c 0 1 4 3 4 5 5 2 0 1 2 0 4 5 4 4 4 1 2 3 4 5 6 2 0 1 2 3 4 5 5 7 3 1 2 2 4 5 4 4 6 4 2 0 4 5 6 5 6 4 4 3 4 4 4 7 0 4 2 2 4 5 6 7 4 1 2 3 4 4 4 
#903836(div: 0) 876331(div: 1) 860099(div: 2) 830438(div: 3) 873347(div: 4) 867765(div: 5) 876568(div: 6) 855232(div: 7) 
6 10 1 9 17 25 33 65 5 6 13 21 29 30 37 45 47 61 
#c 0 1 4 3 4 5 5 2 0 1 2 0 4 5 4 4 4 1 2 3 4 5 6 2 0 1 2 3 4 5 5 7 3 1 2 2 4 5 4 4 6 4 2 0 4 5 6 5 6 4 4 3 4 4 4 7 0 4 2 2 4 5 6 7 4 1 2 3 4 4 4 
#903836(div: 0) 876331(div: 1) 860099(div: 2) 830438(div: 3) 873347(div: 4) 867765(div: 5) 876568(div: 6) 855232(div: 7) 
10 3 5 6 13 21 29 30 37 45 47 61 31 55 63 
#c 0 1 4 3 4 5 5 2 0 1 2 0 4 5 4 4 4 1 2 3 4 5 6 2 0 1 2 3 4 5 5 7 3 1 2 2 4 5 4 4 6 4 2 0 4 5 6 5 6 4 4 3 4 4 4 7 0 4 2 2 4 5 6 7 4 1 2 3 4 4 4 
#903836(div: 0) 876331(div: 1) 860099(div: 2) 830438(div: 3) 873347(div: 4) 867765(div: 5) 876568(div: 6) 855232(div: 7) 
3 6 31 55 63 3 19 27 32 51 67 
#c 0 1 4 3 4 5 5 2 0 1 2 0 4 5 4 4 4 1 2 3 4 5 6 2 0 1 2 3 4 5 5 7 3 1 2 2 4 5 4 4 6 4 2 0 4 5 6 5 6 4 4 3 4 4 4 7 0 4 2 2 4 5 6 7 4 1 2 3 4 4 4 
#903836(div: 0) 876331(div: 1) 860099(div: 2) 830438(div: 3) 873347(div: 4) 867765(div: 5) 876568(div: 6) 855232(div: 7) 
6 24 3 19 27 32 51 67 2 4 12 14 15 16 20 28 36 38 39 41 44 49 50 52 53 54 57 60 64 68 69 70 
#c 0 1 4 3 4 5 5 2 0 1 2 0 4 5 4 4 4 1 2 3 4 5 6 2 0 1 2 3 4 5 5 7 3 1 2 2 4 5 4 4 6 4 2 0 4 5 6 5 6 4 4 3 4 4 4 7 0 4 2 2 4 5 6 7 4 1 2 3 4 4 4 
#903836(div: 0) 876331(div: 1) 860099(div: 2) 830438(div: 3) 873347(div: 4) 867765(div: 5) 876568(div: 6) 855232(div: 7) 
6 24 1 9 17 25 33 65 2 4 12 14 15 16 20 28 36 38 39 41 44 49 50 52 53 54 57 60 64 68 69 70 
#c 0 1 4 3 4 5 5 2 0 1 2 0 4 5 4 4 4 1 2 3 4 5 6 2 0 1 2 3 4 5 5 7 3 1 2 2 4 5 4 4 6 4 2 0 4 5 6 5 6 4 4 3 4 4 4 7 0 4 2 2 4 5 6 7 4 1 2 3 4 4 4 
#903836(div: 0) 876331(div: 1) 860099(div: 2) 830438(div: 3) 873347(div: 4) 867765(div: 5) 876568(div: 6) 855232(div: 7) 
6 5 3 19 27 32 51 67 22 40 46 48 62 
#c 0 1 4 3 4 5 5 2 0 1 2 0 4 5 4 4 4 1 2 3 4 5 6 2 0 1 2 3 4 5 5 7 3 1 2 2 4 5 4 4 6 4 2 0 4 5 6 5 6 4 4 3 4 4 4 7 0 4 2 2 4 5 6 7 4 1 2 3 4 4 4 
#903836(div: 0) 876331(div: 1) 860099(div: 2) 830438(div: 3) 873347(div: 4) 867765(div: 5) 876568(div: 6) 855232(div: 7) 
6 5 1 9 17 25 33 65 22 40 46 48 62 
#c 0 1 4 3 4 5 5 2 0 1 2 0 4 5 4 4 4 1 2 3 4 5 6 2 0 1 2 3 4 5 5 7 3 1 2 2 4 5 4 4 6 4 2 0 4 5 6 5 6 4 4 3 4 4 4 7 0 4 2 2 4 5 6 7 4 1 2 3 4 4 4 
#903836(div: 0) 876331(div: 1) 860099(div: 2) 830438(div: 3) 873347(div: 4) 867765(div: 5) 876568(div: 6) 855232(div: 7) 
1 1 40 62 
#c 0 1 4 3 4 5 5 2 0 1 2 0 4 5 4 4 4 1 2 3 4 5 6 2 0 1 2 3 4 5 5 7 3 1 2 2 4 5 4 4 6 4 2 0 4 5 6 5 6 4 4 3 4 4 4 7 0 4 2 2 4 5 6 7 4 1 2 3 4 4 4 
#903836(div: 0) 876331(div: 1) 860099(div: 2) 830438(div: 3) 873347(div: 4) 867765(div: 5) 876568(div: 6) 855232(div: 7) 
1 1 40 46 
#c 0 1 4 3 4 5 5 2 0 1 2 0 4 5 4 4 4 1 2 3 4 5 6 2 0 1 2 3 4 5 5 7 3 1 2 2 4 5 4 4 6 4 2 0 4 5 6 5 6 4 4 3 4 4 4 7 0 4 2 2 4 5 6 7 4 1 2 3 4 4 4 
#903836(div: 0) 876331(div: 1) 860099(div: 2) 830438(div: 3) 873347(div: 4) 867765(div: 5) 876568(div: 6) 855232(div: 7) 
1 1 40 48 
#c 0 1 4 3 4 5 5 2 0 1 2 0 4 5 4 4 4 1 2 3 4 5 6 2 0 1 2 3 4 5 5 7 3 1 2 2 4 5 4 4 6 4 2 0 4 5 6 5 3 4 4 3 4 4 4 7 0 4 2 2 4 5 6 7 4 1 2 3 4 4 4 
#903836(div: 0) 876331(div: 1) 860099(div: 2) 852057(div: 3) 873347(div: 4) 867765(div: 5) 854949(div: 6) 855232(div: 7) 
4 7 22 40 46 62 3 19 27 32 48 51 67 
#c 0 1 4 3 4 5 5 2 0 1 2 0 4 5 4 4 4 1 2 3 4 5 6 2 0 1 2 3 4 5 5 7 3 1 2 2 4 5 4 4 6 4 2 0 4 5 6 5 3 4 4 3 4 4 4 7 0 4 2 2 4 5 6 7 4 1 2 3 4 4 4 
#903836(div: 0) 876331(div: 1) 860099(div: 2) 852057(div: 3) 873347(div: 4) 867765(div: 5) 854949(div: 6) 855232(div: 7) 
1 1 22 46 
#c 0 1 4 3 4 5 5 2 0 1 2 0 4 5 4 4 4 1 2 3 4 5 6 2 0 1 2 3 4 5 5 7 3 1 2 2 4 5 4 4 6 4 2 0 4 5 6 5 3 4 4 3 4 4 4 7 0 4 2 2 4 5 6 7 4 1 2 3 4 4 4 
#903836(div: 0) 876331(div: 1) 860099(div: 2) 852057(div: 3) 873347(div: 4) 867765(div: 5) 854949(div: 6) 855232(div: 7) 
1 1 22 40 
#c 0 1 4 3 4 5 5 2 0 1 2 0 4 5 4 4 4 1 2 3 4 5 6 2 0 1 2 3 4 5 5 7 3 1 2 2 4 5 4 4 6 4 2 0 4 5 6 5 3 4 4 3 4 4 4 7 0 4 2 2 4 5 6 7 4 1 2 3 4 4 4 
#903836(div: 0) 876331(div: 1) 860099(div: 2) 852057(div: 3) 873347(div: 4) 867765(div: 5) 854949(div: 6) 855232(div: 7) 
1 1 40 62 
#c 0 1 4 3 4 5 5 2 0 1 2 0 4 5 4 4 4 1 2 3 4 5 6 2 0 1 2 3 4 5 5 7 3 1 2 2 4 5 4 4 3 4 2 0 4 5 6 5 3 4 4 3 4 4 4 7 0 4 2 2 4 5 6 7 4 1 2 3 4 4 4 
#903836(div: 0) 876331(div: 1) 860099(div: 2) 905965(div: 3) 873347(div: 4) 867765(div: 5) 801041(div: 6) 855232(div: 7) 
6 3 0 8 11 24 43 56 22 46 62 
#c 0 1 4 3 4 5 5 2 0 1 2 0 4 5 4 4 4 1 2 3 4 5 6 2 0 1 2 3 4 5 5 7 3 1 2 2 4 5 4 4 3 4 2 0 4 5 6 5 3 4 4 3 4 4 4 7 0 4 2 2 4 5 6 7 4 1 2 3 4 4 4 
#903836(div: 0) 876331(div: 1) 860099(div: 2) 905965(div: 3) 873347(div: 4) 867765(div: 5) 801041(div: 6) 855232(div: 7) 
3 3 22 46 62 31 55 63 
#c 0 1 4 3 4 5 5 2 0 1 2 0 4 5 4 4 4 1 2 3 4 5 6 2 0 1 2 3 4 5 5 7 3 1 2 2 4 5 4 4 3 4 2 0 4 5 6 5 3 4 4 3 4 4 4 7 0 4 2 2 4 5 6 7 4 1 2 3 4 4 4 
#903836(div: 0) 876331(div: 1) 860099(div: 2) 905965(div: 3) 873347(div: 4) 867765(div: 5) 801041(div: 6) 855232(div: 7) 
6 3 0 8 11 24 43 56 31 55 63 
#c 0 1 4 3 4 5 5 2 0 1 2 0 4 5 4 4 4 1 2 3 4 5 6 2 0 1 2 3 4 5 5 7 3 1 2 2 4 5 4 4 3 4 2 0 4 5 6 5 3 4 4 3 4 4 4 7 0 4 2 2 4 5 6 7 4 1 2 3 4 4 4 
#903836(div: 0) 876331(div: 1) 860099(div: 2) 905965(div: 3) 873347(div: 4) 867765(div: 5) 801041(div: 6) 855232(div: 7) 
3 10 22 46 62 5 6 13 21 29 30 37 45 47 61 
#c 0 1 4 3 4 5 5 2 0 1 2 0 4 5 4 4 4 1 2 3 4 5 6 2 0 1 2 3 4 5 5 7 3 1 2 2 4 5 4 4 3 4 2 0 4 5 6 5 3 4 4 3 4 4 4 7 0 4 2 2 4 5 6 7 4 1 2 3 4 4 4 
#903836(div: 0) 876331(div: 1) 860099(div: 2) 905965(div: 3) 873347(div: 4) 867765(div: 5) 801041(div: 6) 855232(div: 7) 
6 10 0 8 11 24 43 56 5 6 13 21 29 30 37 45 47 61 
#c 0 1 4 3 4 5 5 2 0 1 2 0 4 5 4 4 4 1 2 3 4 5 6 2 0 1 2 3 4 5 5 7 3 1 2 2 4 5 4 4 3 4 2 0 4 5 6 5 3 4 4 3 4 4 4 7 0 4 2 2 4 5 6 7 4 1 2 3 4 4 4 
#903836(div: 0) 876331(div: 1) 860099(div: 2) 905965(div: 3) 873347(div: 4) 867765(div: 5) 801041(div: 6) 855232(div: 7) 
3 6 22 46 62 1 9 17 25 33 65 
#c 0 1 4 3 4 5 5 2 0 1 2 0 4 5 4 4 4 1 2 3 4 5 6 2 0 1 2 3 4 5 5 7 3 1 2 2 4 5 4 4 3 4 2 0 4 5 6 5 3 4 4 3 4 4 4 7 0 4 2 2 4 5 6 7 4 1 2 3 4 4 4 
#903836(div: 0) 876331(div: 1) 860099(div: 2) 905965(div: 3) 873347(div: 4) 867765(div: 5) 801041(div: 6) 855232(div: 7) 
6 6 0 8 11 24 43 56 1 9 17 25 33 65 
#c 0 1 4 3 4 5 5 2 0 1 2 0 4 5 4 4 4 1 2 3 4 5 6 2 0 1 2 3 4 5 5 7 3 1 2 2 4 5 4 4 3 4 2 0 4 5 6 5 3 4 4 3 4 4 4 7 0 4 2 2 4 5 6 7 4 1 2 3 4 4 4 
#903836(div: 0) 876331(div: 1) 860099(div: 2) 905965(div: 3) 873347(div: 4) 867765(div: 5) 801041(div: 6) 855232(div: 7) 
3 24 22 46 62 2 4 12 14 15 16 20 28 36 38 39 41 44 49 50 52 53 54 57 60 64 68 69 70 
#c 0 1 4 3 4 5 5 2 0 1 2 0 4 5 4 4 4 1 2 3 4 5 6 2 0 1 2 3 4 5 5 7 3 1 2 2 4 5 4 4 3 4 2 0 4 5 6 5 3 4 4 3 4 4 4 7 0 4 2 2 4 5 6 7 4 1 2 3 4 4 4 
#903836(div: 0) 876331(div: 1) 860099(div: 2) 905965(div: 3) 873347(div: 4) 867765(div: 5) 801041(div: 6) 855232(div: 7) 
6 24 0 8 11 24 43 56 2 4 12 14 15 16 20 28 36 38 39 41 44 49 50 52 53 54 57 60 64 68 69 70 
#c 0 1 4 3 4 5 5 2 0 1 2 0 4 5 4 4 4 1 2 3 4 5 6 2 0 1 2 3 4 5 5 7 3 1 2 2 4 5 4 4 3 4 2 0 4 5 6 5 3 4 4 3 4 4 4 7 0 4 2 2 4 5 6 7 4 1 2 3 4 4 4 
#903836(div: 0) 876331(div: 1) 860099(div: 2) 905965(div: 3) 873347(div: 4) 867765(div: 5) 801041(div: 6) 855232(div: 7) 
1 1 11 56 
#c 0 1 4 3 4 5 5 2 0 1 2 0 4 5 4 4 4 1 2 3 4 5 6 2 0 1 2 3 4 5 5 7 3 1 2 2 4 5 4 4 3 4 2 0 4 5 6 5 3 4 4 3 4 4 4 7 0 4 2 2 4 5 6 7 4 1 2 3 4 4 4 
#903836(div: 0) 876331(div: 1) 860099(div: 2) 905965(div: 3) 873347(div: 4) 867765(div: 5) 801041(div: 6) 855232(div: 7) 
1 1 8 11 
#c 0 1 4 3 4 5 5 2 0 1 2 0 4 5 4 4 4 1 2 3 4 5 6 2 0 1 2 3 4 5 5 7 3 1 2 2 4 5 4 4 3 4 2 0 4 5 6 5 3 4 4 3 4 4 4 7 0 4 2 2 4 5 6 7 4 1 2 3 4 4 4 
#903836(div: 0) 876331(div: 1) 860099(div: 2) 905965(div: 3) 873347(div: 4) 867765(div: 5) 801041(div: 6) 855232(div: 7) 
1 1 11 24 
#c 0 1 4 3 4 5 5 2 0 1 2 0 4 5 4 4 4 1 2 3 4 5 6 2 0 1 2 3 4 5 5 7 3 1 2 2 4 5 4 4 3 4 2 0 4 5 6 5 3 4 4 3 4 4 4 7 0 4 2 2 4 5 6 7 4 1 2 3 4 4 4 
#903836(div: 0) 876331(div: 1) 860099(div: 2) 905965(div: 3) 873347(div: 4) 867765(div: 5) 801041(div: 6) 855232(div: 7) 
1 1 0 11 
#c 0 1 4 3 4 5 5 2 0 1 2 0 4 5 4 4 4 1 2 3 4 5 6 2 0 1 2 3 4 5 5 7 3 1 2 2 4 5 4 4 3 4 2 0 4 5 6 5 3 4 4 3 4 4 4 7 0 4 2 2 4 5 6 7 4 1 2 3 4 4 4 
#903836(div: 0) 876331(div: 1) 860099(div: 2) 905965(div: 3) 873347(div: 4) 867765(div: 5) 801041(div: 6) 855232(div: 7) 
1 1 11 43 
#c 0 1 4 3 4 5 5 2 0 1 2 6 4 5 4 4 4 1 2 3 4 5 6 2 0 1 2 3 4 5 5 7 3 1 2 2 4 5 4 4 3 4 2 0 4 5 6 5 3 4 4 3 4 4 4 7 0 4 2 2 4 5 6 7 4 1 2 3 4 4 4 
#892384(div: 0) 876331(div: 1) 860099(div: 2) 905965(div: 3) 873347(div: 4) 867765(div: 5) 812493(div: 6) 855232(div: 7) 
5 4 0 8 24 43 56 11 22 46 62 
#c 0 1 4 3 4 5 5 2 0 1 2 6 4 5 4 4 4 1 2 3 4 5 6 2 0 1 2 3 4 5 5 7 3 1 2 2 4 5 4 4 3 4 2 0 4 5 6 5 3 4 4 3 4 4 4 7 0 4 2 2 4 5 6 7 4 1 2 3 4 4 4 
#892384(div: 0) 876331(div: 1) 860099(div: 2) 905965(div: 3) 873347(div: 4) 867765(div: 5) 812493(div: 6) 855232(div: 7) 
1 1 8 24 
#c 0 1 4 3 4 5 5 2 0 1 2 6 4 5 4 4 4 1 2 3 4 5 6 2 0 1 2 3 4 5 5 7 3 1 2 2 4 5 4 4 3 4 2 0 4 5 6 5 3 4 4 3 4 4 4 7 0 4 2 2 4 5 6 7 4 1 2 3 4 4 4 
#892384(div: 0) 876331(div: 1) 860099(div: 2) 905965(div: 3) 873347(div: 4) 867765(div: 5) 812493(div: 6) 855232(div: 7) 
1 1 0 24 
#c 0 1 4 3 4 5 5 2 0 1 2 6 4 5 4 4 4 1 2 3 4 5 6 2 0 1 2 3 4 5 5 7 3 1 2 2 4 5 4 4 3 4 2 0 4 5 6 5 3 4 4 3 4 4 4 7 0 4 2 2 4 5 6 7 4 1 2 3 4 4 4 
#892384(div: 0) 876331(div: 1) 860099(div: 2) 905965(div: 3) 873347(div: 4) 867765(div: 5) 812493(div: 6) 855232(div: 7) 
1 1 0 56 
#c 0 1 4 3 4 5 5 2 0 1 2 6 4 5 4 4 4 1 2 3 4 5 6 2 0 1 2 3 4 5 5 7 3 1 2 2 4 5 4 4 3 4 2 0 4 5 6 5 3 4 4 3 4 4 4 7 0 4 2 2 4 5 6 7 4 1 2 3 4 4 4 
#892384(div: 0) 876331(div: 1) 860099(div: 2) 905965(div: 3) 873347(div: 4) 867765(div: 5) 812493(div: 6) 855232(div: 7) 
1 1 0 43 
#c 6 1 4 3 4 5 5 2 0 1 2 6 4 5 4 4 4 1 2 3 4 5 6 2 0 1 2 3 4 5 5 7 3 1 2 2 4 5 4 4 3 4 2 0 4 5 6 5 3 4 4 3 4 4 4 7 0 4 2 2 4 5 6 7 4 1 2 3 4 4 4 
#817169(div: 0) 876331(div: 1) 860099(div: 2) 905965(div: 3) 873347(div: 4) 867765(div: 5) 887708(div: 6) 855232(div: 7) 
10 11 5 6 13 21 29 30 37 45 47 61 7 10 18 23 26 34 35 42 58 59 66 
#c 6 1 4 3 4 5 5 2 0 1 2 6 4 5 4 4 4 1 2 3 4 5 6 2 0 1 2 3 4 5 5 7 3 1 2 2 4 5 4 4 3 4 2 0 4 5 6 5 3 4 4 3 4 4 4 7 0 4 2 2 4 5 6 7 4 1 2 3 4 4 4 
#817169(div: 0) 876331(div: 1) 860099(div: 2) 905965(div: 3) 873347(div: 4) 867765(div: 5) 887708(div: 6) 855232(div: 7) 
11 8 7 10 18 23 26 34 35 42 58 59 66 3 19 27 32 40 48 51 67 
#c 6 1 4 3 4 5 5 2 0 1 2 6 4 5 4 4 4 1 2 3 4 5 6 2 0 1 2 3 4 5 5 7 3 1 2 2 4 5 4 4 3 4 2 0 4 5 6 5 3 4 4 3 4 4 4 7 0 4 2 2 4 5 6 7 4 1 2 3 4 4 4 
#817169(div: 0) 876331(div: 1) 860099(div: 2) 905965(div: 3) 873347(div: 4) 867765(div: 5) 887708(div: 6) 855232(div: 7) 
10 8 5 6 13 21 29 30 37 45 47 61 3 19 27 32 40 48 51 67 
#c 6 1 4 3 4 5 5 2 0 1 2 6 4 5 4 4 4 1 2 3 4 5 6 2 0 1 2 3 4 5 5 7 3 1 2 2 4 5 4 4 3 4 2 0 4 5 6 5 3 4 4 3 4 4 4 7 0 4 2 2 4 5 6 7 4 1 2 3 4 4 4 
#817169(div: 0) 876331(div: 1) 860099(div: 2) 905965(div: 3) 873347(div: 4) 867765(div: 5) 887708(div: 6) 855232(div: 7) 
11 3 7 10 18 23 26 34 35 42 58 59 66 31 55 63 
#c 6 1 4 3 4 5 5 2 0 1 2 6 4 5 4 4 4 1 2 3 4 5 6 2 0 1 2 3 4 5 5 7 3 1 2 2 4 5 4 4 3 4 2 0 4 5 6 5 3 4 4 3 4 4 4 7 0 4 2 2 4 5 6 7 4 1 2 3 4 4 4 
#817169(div: 0) 876331(div: 1) 860099(div: 2) 905965(div: 3) 873347(div: 4) 867765(div: 5) 887708(div: 6) 855232(div: 7) 
3 6 31 55 63 1 9 17 25 33 65 
#c 6 1 4 3 4 5 5 2 0 1 2 6 4 5 4 4 4 1 2 3 4 5 6 2 0 1 2 3 4 5 5 7 3 1 2 2 4 5 4 4 3 4 2 0 4 5 6 5 3 4 4 3 4 4 4 7 0 4 2 2 4 5 6 7 4 1 2 3 4 4 4 
#817169(div: 0) 876331(div: 1) 860099(div: 2) 905965(div: 3) 873347(div: 4) 867765(div: 5) 887708(div: 6) 855232(div: 7) 
8 6 3 19 27 32 40 48 51 67 1 9 17 25 33 65 
#c 6 1 4 3 4 5 5 2 0 1 2 6 4 5 4 4 4 1 2 3 4 5 6 2 0 1 2 3 4 5 5 7 3 1 2 2 4 5 4 4 3 4 2 0 4 5 6 5 3 4 4 3 4 4 4 7 0 4 2 2 4 5 6 7 4 1 2 3 4 4 4 
#817169(div: 0) 876331(div: 1) 860099(div: 2) 905965(div: 3) 873347(div: 4) 867765(div: 5) 887708(div: 6) 855232(div: 7) 
3 5 31 55 63 0 11 22 46 62 
#c 6 1 4 3 4 5 5 2 0 1 2 6 4 5 4 4 4 1 2 3 4 5 6 2 0 1 2 3 4 5 5 7 3 1 2 2 4 5 4 4 3 4 2 0 4 5 6 5 3 4 4 3 4 4 4 7 0 4 2 2 4 5 6 7 4 1 2 3 4 4 4 
#817169(div: 0) 876331(div: 1) 860099(div: 2) 905965(div: 3) 873347(div: 4) 867765(div: 5) 887708(div: 6) 855232(div: 7) 
8 5 3 19 27 32 40 48 51 67 0 11 22 46 62 
#c 6 1 4 3 4 5 5 2 0 1 2 6 4 5 4 4 4 1 2 3 4 5 6 2 0 1 2 3 4 5 5 7 3 1 2 2 4 5 4 4 3 4 2 0 4 5 6 5 3 4 4 3 4 4 4 7 0 4 2 2 4 5 6 7 4 1 2 3 4 4 4 
#817169(div: 0) 876331(div: 1) 860099(div: 2) 905965(div: 3) 873347(div: 4) 867765(div: 5) 887708(div: 6) 855232(div: 7) 
1 1 3 32 
#c 6 1 4 3 4 5 5 2 0 1 2 6 4 5 4 4 4 1 2 3 4 5 6 2 0 1 2 3 4 5 5 7 3 1 2 2 4 5 4 4 3 4 2 0 4 5 6 5 3 4 4 3 4 4 4 7 0 4 2 2 4 5 6 7 4 1 2 3 4 4 4 
#817169(div: 0) 876331(div: 1) 860099(div: 2) 905965(div: 3) 873347(div: 4) 867765(div: 5) 887708(div: 6) 855232(div: 7) 
1 1 19 32 
#c 6 1 4 3 4 5 5 2 0 1 2 6 4 5 4 4 4 1 2 3 4 5 6 2 0 1 2 3 4 5 5 7 3 1 2 2 4 5 4 4 3 4 2 0 4 5 6 5 3 4 4 3 4 4 4 7 0 4 2 2 4 5 6 7 4 1 2 3 4 4 4 
#817169(div: 0) 876331(div: 1) 860099(div: 2) 905965(div: 3) 873347(div: 4) 867765(div: 5) 887708(div: 6) 855232(div: 7) 
1 1 32 40 
#c 6 1 4 3 4 5 5 2 0 1 2 6 4 5 4 4 4 1 2 3 4 5 6 2 0 1 2 3 4 5 5 7 3 1 2 2 4 5 4 4 3 4 2 0 4 5 6 5 3 4 4 3 4 4 4 7 0 4 2 2 4 5 6 7 4 1 2 3 4 4 4 
#817169(div: 0) 876331(div: 1) 860099(div: 2) 905965(div: 3) 873347(div: 4) 867765(div: 5) 887708(div: 6) 855232(div: 7) 
1 1 40 48 
#c 6 1 4 3 4 5 5 2 0 1 2 6 4 5 4 4 4 1 2 3 4 5 6 2 0 1 2 3 4 5 5 7 3 1 2 2 4 5 4 4 3 4 2 0 4 5 6 5 3 4 4 3 4 4 4 7 0 4 2 2 4 5 6 7 4 1 2 3 4 4 4 
#817169(div: 0) 876331(div: 1) 860099(div: 2) 905965(div: 3) 873347(div: 4) 867765(div: 5) 887708(div: 6) 855232(div: 7) 
1 1 48 67 
#c 6 1 4 3 4 5 5 2 0 1 2 6 4 5 4 4 4 1 2 3 4 5 6 2 0 1 2 3 4 5 5 7 3 1 2 2 4 5 4 4 3 4 2 0 4 5 6 5 3 4 4 3 4 4 4 7 0 4 2 2 4 5 6 7 4 1 2 3 4 4 4 
#817169(div: 0) 876331(div: 1) 860099(div: 2) 905965(div: 3) 873347(div: 4) 867765(div: 5) 887708(div: 6) 855232(div: 7) 
1 1 48 51 
#c 6 1 4 3 4 5 5 2 0 1 2 6 4 5 4 4 4 1 2 3 4 5 6 2 0 1 2 3 4 5 5 7 3 1 2 2 4 5 4 4 3 4 2 0 4 5 6 5 3 4 4 3 4 4 4 7 0 4 2 2 4 5 6 7 4 1 2 3 4 4 4 
#817169(div: 0) 876331(div: 1) 860099(div: 2) 905965(div: 3) 873347(div: 4) 867765(div: 5) 887708(div: 6) 855232(div: 7) 
1 1 27 48 
#c 6 1 4 3 4 5 5 2 0 1 2 6 4 5 4 4 4 1 2 3 4 5 6 2 0 1 2 3 4 5 5 7 3 1 2 2 4 5 4 4 3 4 2 0 4 5 6 5 7 4 4 3 4 4 4 7 0 4 2 2 4 5 6 7 4 1 2 3 4 4 4 
#817169(div: 0) 876331(div: 1) 860099(div: 2) 884346(div: 3) 873347(div: 4) 867765(div: 5) 887708(div: 6) 876851(div: 7) 
10 24 5 6 13 21 29 30 37 45 47 61 2 4 12 14 15 16 20 28 36 38 39 41 44 49 50 52 53 54 57 60 64 68 69 70 
#c 6 1 4 3 4 5 5 2 0 1 2 6 4 5 4 4 4 1 2 3 4 5 6 2 0 1 2 3 4 5 5 7 3 1 2 2 4 5 4 4 3 4 2 0 4 5 6 5 7 4 4 3 4 4 4 7 0 4 2 2 4 5 6 7 4 1 2 3 4 4 4 
#817169(div: 0) 876331(div: 1) 860099(div: 2) 884346(div: 3) 873347(div: 4) 867765(div: 5) 887708(div: 6) 876851(div: 7) 
10 7 5 6 13 21 29 30 37 45 47 61 3 19 27 32 40 51 67 
#c 6 1 4 3 4 5 5 2 0 1 2 6 4 5 4 4 4 1 2 3 4 5 6 2 0 1 2 3 4 5 5 7 3 1 2 2 4 5 4 4 3 4 2 0 4 5 6 5 7 4 4 3 4 4 4 7 0 4 2 2 4 5 6 7 4 1 2 3 4 4 4 
#817169(div: 0) 876331(div: 1) 860099(div: 2) 884346(div: 3) 873347(div: 4) 867765(div: 5) 887708(div: 6) 876851(div: 7) 
24 7 2 4 12 14 15 16 20 28 36 38 39 41 44 49 50 52 53 54 57 60 64 68 69 70 3 19 27 32 40 51 67 
#c 6 1 4 3 4 5 5 2 0 1 2 6 4 5 4 4 4 1 2 3 4 5 6 2 0 1 2 3 4 5 5 7 3 1 2 2 4 5 4 4 3 4 2 0 4 5 6 5 7 4 4 3 4 4 4 7 0 4 2 2 4 5 6 7 4 1 2 3 4 4 4 
#817169(div: 0) 876331(div: 1) 860099(div: 2) 884346(div: 3) 873347(div: 4) 867765(div: 5) 887708(div: 6) 876851(div: 7) 
10 5 5 6 13 21 29 30 37 45 47 61 0 11 22 46 62 
6 1 4 3 4 5 5 2 0 1 2 6 4 5 4 4 4 1 2 3 4 5 6 2 0 1 2 3 4 5 5 7 3 1 2 2 4 5 4 4 3 4 2 0 4 5 6 5 7 4 4 3 4 4 4 7 0 4 2 2 4 5 6 7 4 1 2 3 4 4 4 
#2085123
