#c 0 1 2 0 1 2 0 1 2 0 1 2 0 1 2 0 1 2 0 1 2 0 1 2 0 1 2 0 1 2 0 1 2 0 1 2 0 1 2 0 1 2 0 1 2 0 1 2 0 1 2 0 1 2 0 1 2 0 1 2 0 1 2 0 1 2 0 1 2 0 1 2 0 1 2 0 1 2 0 1 2 0 1 2 0 1 2 0 1 2 0 1 2 0 1 2 
#3295981(div: 0) 2680457(div: 1) 2200832(div: 2) 
32 32 0 3 6 9 12 15 18 21 24 27 30 33 36 39 42 45 48 51 54 57 60 63 66 69 72 75 78 81 84 87 90 93 1 4 7 10 13 16 19 22 25 28 31 34 37 40 43 46 49 52 55 58 61 64 67 70 73 76 79 82 85 88 91 94 
#c 0 1 2 0 1 2 0 1 2 0 1 2 0 1 2 0 1 2 0 1 2 0 1 2 0 1 2 0 1 2 0 1 2 0 1 2 0 1 2 0 1 2 0 1 2 0 1 2 0 1 2 0 1 2 0 1 2 0 1 2 0 1 2 0 1 2 0 1 2 0 1 2 0 1 2 0 1 2 0 1 2 0 1 2 0 1 2 0 1 2 0 1 2 0 1 2 
#3295981(div: 0) 2680457(div: 1) 2200832(div: 2) 
1 1 3 93 
#c 0 1 2 0 1 2 0 1 2 0 1 2 0 1 2 0 1 2 0 1 2 0 1 2 0 1 2 0 1 2 0 1 2 0 1 2 0 1 2 0 1 2 0 1 2 0 1 2 0 1 2 0 1 2 0 1 2 0 1 2 0 1 2 0 1 2 0 1 2 0 1 2 0 1 2 0 1 2 0 1 2 0 1 2 0 1 2 0 1 2 0 1 2 0 1 2 
#3295981(div: 0) 2680457(div: 1) 2200832(div: 2) 
1 1 36 93 
#c 0 1 2 0 1 2 0 1 2 0 1 2 0 1 2 0 1 2 0 1 2 0 1 2 0 1 2 0 1 2 0 1 2 0 1 2 0 1 2 0 1 2 0 1 2 0 1 2 0 1 2 0 1 2 0 1 2 0 1 2 0 1 2 0 1 2 0 1 2 0 1 2 0 1 2 0 1 2 0 1 2 0 1 2 0 1 2 0 1 2 0 1 2 0 1 2 
#3295981(div: 0) 2680457(div: 1) 2200832(div: 2) 
1 1 18 93 
#c 0 1 2 0 1 2 0 1 2 0 1 2 0 1 2 0 1 2 0 1 2 0 1 2 0 1 2 0 1 2 0 1 2 0 1 2 0 1 2 0 1 2 0 1 2 0 1 2 0 1 2 0 1 2 0 1 2 0 1 2 0 1 2 0 1 2 0 1 2 0 1 2 0 1 2 0 1 2 0 1 2 0 1 2 0 1 2 0 1 2 0 1 2 1 1 2 
#3271315(div: 0) 2705123(div: 1) 2200832(div: 2) 
32 31 2 5 8 11 14 17 20 23 26 29 32 35 38 41 44 47 50 53 56 59 62 65 68 71 74 77 80 83 86 89 92 95 0 3 6 9 12 15 18 21 24 27 30 33 36 39 42 45 48 51 54 57 60 63 66 69 72 75 78 81 84 87 90 
#c 0 1 2 0 1 2 0 1 2 0 1 2 0 1 2 0 1 2 0 1 2 0 1 2 0 1 2 0 1 2 0 1 2 0 1 2 0 1 2 0 1 2 0 1 2 0 1 2 0 1 2 0 1 2 0 1 2 0 1 2 0 1 2 0 1 2 0 1 2 0 1 2 0 1 2 0 1 2 0 1 2 0 1 2 0 1 2 0 1 2 0 1 2 1 1 2 
#3271315(div: 0) 2705123(div: 1) 2200832(div: 2) 
1 1 18 84 
#c 0 1 2 0 1 2 0 1 2 0 1 2 0 1 2 0 1 2 0 1 2 0 1 2 0 1 2 0 1 2 0 1 2 0 1 2 0 1 2 0 1 2 0 1 2 0 1 2 0 1 2 0 1 2 0 1 2 0 1 2 0 1 2 0 1 2 0 1 2 0 1 2 0 1 2 0 1 2 0 1 2 0 1 2 0 1 2 0 1 2 0 1 2 1 1 2 
#3271315(div: 0) 2705123(div: 1) 2200832(div: 2) 
1 1 18 90 
#c 0 1 2 0 1 2 0 1 2 0 1 2 0 1 2 0 1 2 0 1 2 0 1 2 0 1 2 0 1 2 0 1 2 0 1 2 0 1 2 0 1 2 0 1 2 0 1 2 0 1 2 0 1 2 0 1 2 0 1 2 0 1 2 0 1 2 0 1 2 0 1 2 0 1 2 0 1 2 0 1 2 0 1 2 0 1 2 0 1 2 0 1 2 1 1 2 
#3271315(div: 0) 2705123(div: 1) 2200832(div: 2) 
1 1 54 90 
#c 0 1 2 0 1 2 0 1 2 0 1 2 0 1 2 0 1 2 0 1 2 0 1 2 0 1 2 0 1 2 0 1 2 0 1 2 0 1 2 0 1 2 0 1 2 0 1 2 0 1 2 0 1 2 0 1 2 0 1 2 0 1 2 0 1 2 0 1 2 0 1 2 0 1 2 0 1 2 0 1 2 0 1 2 0 1 2 0 1 2 2 1 2 1 1 2 
#3254715(div: 0) 2705123(div: 1) 2217432(div: 2) 
33 30 1 4 7 10 13 16 19 22 25 28 31 34 37 40 43 46 49 52 55 58 61 64 67 70 73 76 79 82 85 88 91 93 94 0 3 6 9 12 15 18 21 24 27 30 33 36 39 42 45 48 51 54 57 60 63 66 69 72 75 78 81 84 87 
#c 0 1 2 0 1 2 0 1 2 0 1 2 0 1 2 0 1 2 0 1 2 0 1 2 0 1 2 0 1 2 0 1 2 0 1 2 0 1 2 0 1 2 0 1 2 0 1 2 0 1 2 0 1 2 0 1 2 0 1 2 0 1 2 0 1 2 0 1 2 0 1 2 0 1 2 0 1 2 0 1 2 0 1 2 0 1 2 0 1 2 2 1 2 1 1 2 
#3254715(div: 0) 2705123(div: 1) 2217432(div: 2) 
1 1 51 69 
#c 0 1 2 0 1 2 0 1 2 0 1 2 0 1 2 0 1 2 0 1 2 0 1 2 0 1 2 0 1 2 0 1 2 0 1 2 0 1 2 0 1 2 0 1 2 0 1 2 0 1 2 0 1 2 0 1 2 0 1 2 0 1 2 0 1 2 0 1 2 0 1 2 0 1 2 0 1 2 0 1 2 0 1 2 0 1 2 0 1 2 2 1 2 1 1 2 
#3254715(div: 0) 2705123(div: 1) 2217432(div: 2) 
1 1 21 51 
#c 0 1 2 0 1 2 0 1 2 0 1 2 0 1 2 0 1 2 0 1 2 0 1 2 0 1 2 0 1 2 0 1 2 0 1 2 0 1 2 0 1 2 0 1 2 0 1 2 0 1 2 0 1 2 0 1 2 0 1 2 0 1 2 0 1 2 0 1 2 0 1 2 0 1 2 0 1 2 0 1 2 0 1 2 0 1 2 0 1 2 2 1 2 1 1 2 
#3254715(div: 0) 2705123(div: 1) 2217432(div: 2) 
1 1 0 51 
#c 0 1 2 0 1 2 0 1 2 0 1 2 0 1 2 0 1 2 0 1 2 0 1 2 0 1 2 0 1 2 0 1 2 0 1 2 0 1 2 0 1 2 0 1 2 0 1 2 0 1 2 1 1 2 0 1 2 0 1 2 0 1 2 0 1 2 0 1 2 0 1 2 0 1 2 0 1 2 0 1 2 0 1 2 0 1 2 0 1 2 2 1 2 1 1 2 
#3223310(div: 0) 2736528(div: 1) 2217432(div: 2) 
33 34 2 5 8 11 14 17 20 23 26 29 32 35 38 41 44 47 50 53 56 59 62 65 68 71 74 77 80 83 86 89 90 92 95 1 4 7 10 13 16 19 22 25 28 31 34 37 40 43 46 49 51 52 55 58 61 64 67 70 73 76 79 82 85 88 91 93 94 
#c 0 1 2 0 1 2 0 1 2 0 1 2 0 1 2 0 1 2 0 1 2 0 1 2 0 1 2 0 1 2 0 1 2 0 1 2 0 1 2 0 1 2 0 1 2 0 1 2 0 1 2 1 1 2 0 1 2 0 1 2 0 1 2 0 1 2 0 1 2 0 1 2 0 1 2 0 1 2 0 1 2 0 1 2 0 1 2 0 1 2 2 1 2 1 1 2 
#3223310(div: 0) 2736528(div: 1) 2217432(div: 2) 
1 1 46 51 
#c 0 1 2 0 1 2 0 1 2 0 1 2 0 1 2 0 1 2 0 1 2 0 1 2 0 1 2 0 1 2 0 1 2 0 1 2 0 1 2 0 1 2 0 1 2 0 1 2 0 1 2 1 1 2 0 1 2 0 1 2 0 1 2 0 1 2 0 1 2 0 1 2 0 1 2 0 1 2 0 1 2 0 1 2 0 1 2 0 1 2 2 1 2 1 1 2 
#3223310(div: 0) 2736528(div: 1) 2217432(div: 2) 
1 1 46 76 
#c 0 1 2 0 1 2 0 1 2 0 1 2 0 1 2 0 1 2 0 1 2 0 1 2 0 1 2 0 1 2 0 1 2 0 1 2 0 1 2 0 1 2 0 1 2 0 1 2 0 1 2 1 1 2 0 1 2 0 1 2 0 1 2 0 1 2 0 1 2 0 1 2 0 1 2 0 1 2 0 1 2 0 1 2 0 1 2 0 1 2 2 1 2 1 1 2 
#3223310(div: 0) 2736528(div: 1) 2217432(div: 2) 
1 1 76 85 
#c 0 1 2 0 1 2 0 1 2 0 1 2 0 1 2 0 1 2 0 1 2 0 1 2 0 1 2 0 1 2 0 1 2 0 1 2 0 1 2 0 1 2 0 1 2 0 1 2 0 1 2 1 1 2 0 1 2 0 1 2 0 1 2 0 1 2 0 1 2 0 1 2 0 1 2 0 2 2 0 1 2 0 1 2 0 1 2 0 1 2 2 1 2 1 1 2 
#3223310(div: 0) 2716684(div: 1) 2237276(div: 2) 
34 29 2 5 8 11 14 17 20 23 26 29 32 35 38 41 44 47 50 53 56 59 62 65 68 71 74 76 77 80 83 86 89 90 92 95 0 3 6 9 12 15 18 21 24 27 30 33 36 39 42 45 48 54 57 60 63 66 69 72 75 78 81 84 87 
#c 0 1 2 0 1 2 0 1 2 0 1 2 0 1 2 0 1 2 0 1 2 0 1 2 0 1 2 0 1 2 0 1 2 0 1 2 0 1 2 0 1 2 0 1 2 0 1 2 0 1 2 1 1 2 0 1 2 0 1 2 0 1 2 0 1 2 0 1 2 0 1 2 0 1 2 0 2 2 0 1 2 0 1 2 0 1 2 0 1 2 2 1 2 1 1 2 
#3223310(div: 0) 2716684(div: 1) 2237276(div: 2) 
1 1 30 84 
#c 0 1 2 0 1 2 0 1 2 0 1 2 0 1 2 0 1 2 0 1 2 0 1 2 0 1 2 0 1 2 0 1 2 0 1 2 0 1 2 0 1 2 0 1 2 0 1 2 0 1 2 1 1 2 0 1 2 0 1 2 0 1 2 0 1 2 0 1 2 0 1 2 0 1 2 0 2 2 0 1 2 0 1 2 0 1 2 0 1 2 2 1 2 1 1 2 
#3223310(div: 0) 2716684(div: 1) 2237276(div: 2) 
1 1 66 84 
#c 0 1 2 0 1 2 0 1 2 0 1 2 0 1 2 0 1 2 0 1 2 0 1 2 0 1 2 0 1 2 0 1 2 0 1 2 0 1 2 0 1 2 0 1 2 0 1 2 0 1 2 1 1 2 0 1 2 0 1 2 0 1 2 0 1 2 0 1 2 0 1 2 0 1 2 0 2 2 0 1 2 0 1 2 0 1 2 0 1 2 2 1 2 1 1 2 
#3223310(div: 0) 2716684(div: 1) 2237276(div: 2) 
1 1 66 69 
#c 0 1 2 0 1 2 0 1 2 0 1 2 0 1 2 0 1 2 0 1 2 0 1 2 0 1 2 0 1 2 0 1 2 0 1 2 0 1 2 0 1 2 0 1 2 0 1 2 0 1 2 1 1 2 0 1 2 0 1 2 0 1 2 0 1 2 0 1 2 2 1 2 0 1 2 0 2 2 0 1 2 0 1 2 0 1 2 0 1 2 2 1 2 1 1 2 
#3181264(div: 0) 2716684(div: 1) 2279322(div: 2) 
33 28 1 4 7 10 13 16 19 22 25 28 31 34 37 40 43 46 49 51 52 55 58 61 64 67 70 73 79 82 85 88 91 93 94 0 3 6 9 12 15 18 21 24 27 30 33 36 39 42 45 48 54 57 60 63 66 72 75 78 81 84 87 
#c 0 1 2 0 1 2 0 1 2 0 1 2 0 1 2 0 1 2 0 1 2 0 1 2 0 1 2 0 1 2 0 1 2 0 1 2 0 1 2 0 1 2 0 1 2 0 1 2 0 1 2 1 1 2 0 1 2 0 1 2 0 1 2 0 1 2 0 1 2 2 1 2 0 1 2 0 2 2 0 1 2 0 1 2 0 1 2 0 1 2 2 1 2 1 1 2 
#3181264(div: 0) 2716684(div: 1) 2279322(div: 2) 
1 1 3 81 
#c 0 1 2 0 1 2 0 1 2 0 1 2 0 1 2 0 1 2 0 1 2 0 1 2 0 1 2 0 1 2 0 1 2 0 1 2 0 1 2 0 1 2 0 1 2 0 1 2 0 1 2 1 1 2 0 1 2 0 1 2 0 1 2 0 1 2 0 1 2 2 1 2 0 1 2 0 2 2 0 1 2 0 1 2 0 1 2 0 1 2 2 1 2 1 1 2 
#3181264(div: 0) 2716684(div: 1) 2279322(div: 2) 
1 1 3 6 
#c 0 1 2 0 1 2 0 1 2 0 1 2 0 1 2 0 1 2 0 1 2 0 1 2 0 1 2 0 1 2 0 1 2 0 1 2 0 1 2 0 1 2 0 1 2 0 1 2 0 1 2 1 1 2 0 1 2 0 1 2 0 1 2 0 1 2 0 1 2 2 1 2 0 1 2 0 2 2 0 1 2 0 1 2 0 1 2 0 1 2 2 1 2 1 1 2 
#3181264(div: 0) 2716684(div: 1) 2279322(div: 2) 
1 1 6 9 
#c 0 1 2 0 1 2 0 1 2 1 1 2 0 1 2 0 1 2 0 1 2 0 1 2 0 1 2 0 1 2 0 1 2 0 1 2 0 1 2 0 1 2 0 1 2 0 1 2 0 1 2 1 1 2 0 1 2 0 1 2 0 1 2 0 1 2 0 1 2 2 1 2 0 1 2 0 2 2 0 1 2 0 1 2 0 1 2 0 1 2 2 1 2 1 1 2 
#3171734(div: 0) 2726214(div: 1) 2279322(div: 2) 
35 34 2 5 8 11 14 17 20 23 26 29 32 35 38 41 44 47 50 53 56 59 62 65 68 69 71 74 76 77 80 83 86 89 90 92 95 1 4 7 9 10 13 16 19 22 25 28 31 34 37 40 43 46 49 51 52 55 58 61 64 67 70 73 79 82 85 88 91 93 94 
#c 0 1 2 0 1 2 0 1 2 1 1 2 0 1 2 0 1 2 0 1 2 0 1 2 0 1 2 0 1 2 0 1 2 0 1 2 0 1 2 0 1 2 0 1 2 0 1 2 0 1 2 1 1 2 0 1 2 0 1 2 0 1 2 0 1 2 0 1 2 2 1 2 0 1 2 0 2 2 0 1 2 0 1 2 0 1 2 0 1 2 2 1 2 1 1 2 
#3171734(div: 0) 2726214(div: 1) 2279322(div: 2) 
1 1 67 91 
#c 0 1 2 0 1 2 0 1 2 1 1 2 0 1 2 0 1 2 0 1 2 0 1 2 0 1 2 0 1 2 0 1 2 0 1 2 0 1 2 0 1 2 0 1 2 0 1 2 0 1 2 1 1 2 0 1 2 0 1 2 0 1 2 0 1 2 0 1 2 2 1 2 0 1 2 0 2 2 0 1 2 0 1 2 0 1 2 0 1 2 2 1 2 1 1 2 
#3171734(div: 0) 2726214(div: 1) 2279322(div: 2) 
1 1 19 67 
#c 0 1 2 0 1 2 0 1 2 1 1 2 0 1 2 0 1 2 0 1 2 0 1 2 0 1 2 0 1 2 0 1 2 0 1 2 0 1 2 0 1 2 0 1 2 0 1 2 0 1 2 1 1 2 0 1 2 0 1 2 0 1 2 0 1 2 0 1 2 2 1 2 0 1 2 0 2 2 0 1 2 0 1 2 0 1 2 0 1 2 2 1 2 1 1 2 
#3171734(div: 0) 2726214(div: 1) 2279322(div: 2) 
1 1 28 67 
#c 0 1 2 0 1 2 0 1 2 1 1 2 0 1 2 0 1 2 0 1 2 0 1 2 0 1 2 0 1 2 0 1 2 0 1 2 0 1 2 0 1 2 0 1 2 0 1 2 0 1 2 1 1 2 0 1 2 0 1 2 0 1 2 0 1 2 0 2 2 2 1 2 0 1 2 0 2 2 0 1 2 0 1 2 0 1 2 0 1 2 2 1 2 1 1 2 
#3171734(div: 0) 2703478(div: 1) 2302058(div: 2) 
36 27 2 5 8 11 14 17 20 23 26 29 32 35 38 41 44 47 50 53 56 59 62 65 67 68 69 71 74 76 77 80 83 86 89 90 92 95 0 3 6 12 15 18 21 24 27 30 33 36 39 42 45 48 54 57 60 63 66 72 75 78 81 84 87 
#c 0 1 2 0 1 2 0 1 2 1 1 2 0 1 2 0 1 2 0 1 2 0 1 2 0 1 2 0 1 2 0 1 2 0 1 2 0 1 2 0 1 2 0 1 2 0 1 2 0 1 2 1 1 2 0 1 2 0 1 2 0 1 2 0 1 2 0 2 2 2 1 2 0 1 2 0 2 2 0 1 2 0 1 2 0 1 2 0 1 2 2 1 2 1 1 2 
#3171734(div: 0) 2703478(div: 1) 2302058(div: 2) 
1 1 30 66 
#c 0 1 2 0 1 2 0 1 2 1 1 2 0 1 2 0 1 2 0 1 2 0 1 2 0 1 2 0 1 2 0 1 2 0 1 2 0 1 2 0 1 2 0 1 2 0 1 2 0 1 2 1 1 2 0 1 2 0 1 2 0 1 2 0 1 2 0 2 2 2 1 2 0 1 2 0 2 2 0 1 2 0 1 2 0 1 2 0 1 2 2 1 2 1 1 2 
#3171734(div: 0) 2703478(div: 1) 2302058(div: 2) 
1 1 39 66 
#c 0 1 2 0 1 2 0 1 2 1 1 2 0 1 2 0 1 2 0 1 2 0 1 2 0 1 2 0 1 2 0 1 2 0 1 2 0 1 2 0 1 2 0 1 2 0 1 2 0 1 2 1 1 2 0 1 2 0 1 2 0 1 2 0 1 2 0 2 2 2 1 2 0 1 2 0 2 2 0 1 2 0 1 2 0 1 2 0 1 2 2 1 2 1 1 2 
#3171734(div: 0) 2703478(div: 1) 2302058(div: 2) 
1 1 12 39 
#c 0 1 2 0 1 2 0 1 2 1 1 2 2 1 2 0 1 2 0 1 2 0 1 2 0 1 2 0 1 2 0 1 2 0 1 2 0 1 2 0 1 2 0 1 2 0 1 2 0 1 2 1 1 2 0 1 2 0 1 2 0 1 2 0 1 2 0 2 2 2 1 2 0 1 2 0 2 2 0 1 2 0 1 2 0 1 2 0 1 2 2 1 2 1 1 2 
#3150667(div: 0) 2703478(div: 1) 2323125(div: 2) 
33 37 1 4 7 9 10 13 16 19 22 25 28 31 34 37 40 43 46 49 51 52 55 58 61 64 70 73 79 82 85 88 91 93 94 2 5 8 11 12 14 17 20 23 26 29 32 35 38 41 44 47 50 53 56 59 62 65 67 68 69 71 74 76 77 80 83 86 89 90 92 95 
#c 0 1 2 0 1 2 0 1 2 1 1 2 2 1 2 0 1 2 0 1 2 0 1 2 0 1 2 0 1 2 0 1 2 0 1 2 0 1 2 0 1 2 0 1 2 0 1 2 0 1 2 1 1 2 0 1 2 0 1 2 0 1 2 0 1 2 0 2 2 2 1 2 0 1 2 0 2 2 0 1 2 0 1 2 0 1 2 0 1 2 2 1 2 1 1 2 
#3150667(div: 0) 2703478(div: 1) 2323125(div: 2) 
1 1 34 79 
#c 0 1 2 0 1 2 0 1 2 1 1 2 2 1 2 0 1 2 0 1 2 0 1 2 0 1 2 0 1 2 0 1 2 0 1 2 0 1 2 0 1 2 0 1 2 0 1 2 0 1 2 1 1 2 0 1 2 0 1 2 0 1 2 0 1 2 0 2 2 2 1 2 0 1 2 0 2 2 0 1 2 0 1 2 0 1 2 0 1 2 2 1 2 1 1 2 
#3150667(div: 0) 2703478(div: 1) 2323125(div: 2) 
1 1 51 79 
#c 0 1 2 0 1 2 0 1 2 1 1 2 2 1 2 0 1 2 0 1 2 0 1 2 0 1 2 0 1 2 0 1 2 0 1 2 0 1 2 0 1 2 0 1 2 0 1 2 0 1 2 1 1 2 0 1 2 0 1 2 0 1 2 0 1 2 0 2 2 2 1 2 0 1 2 0 2 2 0 1 2 0 1 2 0 1 2 0 1 2 2 1 2 1 1 2 
#3150667(div: 0) 2703478(div: 1) 2323125(div: 2) 
1 1 19 79 
#c 0 1 2 0 1 2 0 1 2 1 1 2 2 1 2 0 1 2 0 1 2 0 1 2 0 1 2 0 1 2 0 1 2 0 1 2 0 1 2 0 1 2 0 1 2 0 1 2 0 1 2 1 1 2 0 1 2 0 1 2 0 1 2 0 1 2 0 2 2 2 1 2 0 1 2 0 2 2 0 2 2 0 1 2 0 1 2 0 1 2 2 1 2 1 1 2 
#3150667(div: 0) 2686860(div: 1) 2339743(div: 2) 
26 38 0 3 6 15 18 21 24 27 30 33 36 39 42 45 48 54 57 60 63 66 72 75 78 81 84 87 2 5 8 11 12 14 17 20 23 26 29 32 35 38 41 44 47 50 53 56 59 62 65 67 68 69 71 74 76 77 79 80 83 86 89 90 92 95 
#c 0 1 2 0 1 2 0 1 2 1 1 2 2 1 2 0 1 2 0 1 2 0 1 2 0 1 2 0 1 2 0 1 2 0 1 2 0 1 2 0 1 2 0 1 2 0 1 2 0 1 2 1 1 2 0 1 2 0 1 2 0 1 2 0 1 2 0 2 2 2 1 2 0 1 2 0 2 2 0 2 2 0 1 2 0 1 2 0 1 2 2 1 2 1 1 2 
#3150667(div: 0) 2686860(div: 1) 2339743(div: 2) 
1 1 36 42 
#c 0 1 2 0 1 2 0 1 2 1 1 2 2 1 2 0 1 2 0 1 2 0 1 2 0 1 2 0 1 2 0 1 2 0 1 2 0 1 2 0 1 2 0 1 2 0 1 2 0 1 2 1 1 2 0 1 2 0 1 2 0 1 2 0 1 2 0 2 2 2 1 2 0 1 2 0 2 2 0 2 2 0 1 2 0 1 2 0 1 2 2 1 2 1 1 2 
#3150667(div: 0) 2686860(div: 1) 2339743(div: 2) 
1 1 36 87 
#c 0 1 2 0 1 2 0 1 2 1 1 2 2 1 2 0 1 2 0 1 2 0 1 2 0 1 2 0 1 2 0 1 2 0 1 2 0 1 2 0 1 2 0 1 2 0 1 2 0 1 2 1 1 2 0 1 2 0 1 2 0 1 2 0 1 2 0 2 2 2 1 2 0 1 2 0 2 2 0 2 2 0 1 2 0 1 2 0 1 2 2 1 2 1 1 2 
#3150667(div: 0) 2686860(div: 1) 2339743(div: 2) 
1 1 18 36 
#c 0 1 2 0 1 2 0 1 2 1 1 2 2 1 2 0 1 2 2 1 2 0 1 2 0 1 2 0 1 2 0 1 2 0 1 2 0 1 2 0 1 2 0 1 2 0 1 2 0 1 2 1 1 2 0 1 2 0 1 2 0 1 2 0 1 2 0 2 2 2 1 2 0 1 2 0 2 2 0 2 2 0 1 2 0 1 2 0 1 2 2 1 2 1 1 2 
#3117847(div: 0) 2686860(div: 1) 2372563(div: 2) 
32 25 1 4 7 9 10 13 16 19 22 25 28 31 34 37 40 43 46 49 51 52 55 58 61 64 70 73 82 85 88 91 93 94 0 3 6 15 21 24 27 30 33 36 39 42 45 48 54 57 60 63 66 72 75 78 81 84 87 
#c 0 1 2 0 1 2 0 1 2 1 1 2 2 1 2 0 1 2 2 1 2 0 1 2 0 1 2 0 1 2 0 1 2 0 1 2 0 1 2 0 1 2 0 1 2 0 1 2 0 1 2 1 1 2 0 1 2 0 1 2 0 1 2 0 1 2 0 2 2 2 1 2 0 1 2 0 2 2 0 2 2 0 1 2 0 1 2 0 1 2 2 1 2 1 1 2 
#3117847(div: 0) 2686860(div: 1) 2372563(div: 2) 
1 1 45 54 
#c 0 1 2 0 1 2 0 1 2 1 1 2 2 1 2 0 1 2 2 1 2 0 1 2 0 1 2 0 1 2 0 1 2 0 1 2 0 1 2 0 1 2 0 1 2 0 1 2 0 1 2 1 1 2 0 1 2 0 1 2 0 1 2 0 1 2 0 2 2 2 1 2 0 1 2 0 2 2 0 2 2 0 1 2 0 1 2 0 1 2 2 1 2 1 1 2 
#3117847(div: 0) 2686860(div: 1) 2372563(div: 2) 
1 1 3 45 
#c 0 1 2 0 1 2 0 1 2 1 1 2 2 1 2 0 1 2 2 1 2 0 1 2 0 1 2 0 1 2 0 1 2 0 1 2 0 1 2 0 1 2 0 1 2 0 1 2 0 1 2 1 1 2 0 1 2 0 1 2 0 1 2 0 1 2 0 2 2 2 1 2 0 1 2 0 2 2 0 2 2 0 1 2 0 1 2 0 1 2 2 1 2 1 1 2 
#3117847(div: 0) 2686860(div: 1) 2372563(div: 2) 
1 1 45 75 
#c 0 1 2 0 1 2 0 1 2 1 1 2 2 1 2 0 1 2 2 1 2 0 1 2 0 1 2 0 1 2 0 1 2 0 1 2 0 1 2 0 1 2 0 1 2 1 1 2 0 1 2 1 1 2 0 1 2 0 1 2 0 1 2 0 1 2 0 2 2 2 1 2 0 1 2 0 2 2 0 2 2 0 1 2 0 1 2 0 1 2 2 1 2 1 1 2 
#3066348(div: 0) 2738359(div: 1) 2372563(div: 2) 
33 39 1 4 7 9 10 13 16 19 22 25 28 31 34 37 40 43 45 46 49 51 52 55 58 61 64 70 73 82 85 88 91 93 94 2 5 8 11 12 14 17 18 20 23 26 29 32 35 38 41 44 47 50 53 56 59 62 65 67 68 69 71 74 76 77 79 80 83 86 89 90 92 95 
#c 0 1 2 0 1 2 0 1 2 1 1 2 2 1 2 0 1 2 2 1 2 0 1 2 0 1 2 0 1 2 0 1 2 0 1 2 0 1 2 0 1 2 0 1 2 1 1 2 0 1 2 1 1 2 0 1 2 0 1 2 0 1 2 0 1 2 0 2 2 2 1 2 0 1 2 0 2 2 0 2 2 0 1 2 0 1 2 0 1 2 2 1 2 1 1 2 
#3066348(div: 0) 2738359(div: 1) 2372563(div: 2) 
1 1 85 88 
#c 0 1 2 0 1 2 0 1 2 1 1 2 2 1 2 0 1 2 2 1 2 0 1 2 0 1 2 0 1 2 0 1 2 0 1 2 0 1 2 0 1 2 0 1 2 1 1 2 0 1 2 1 1 2 0 1 2 0 1 2 0 1 2 0 1 2 0 2 2 2 1 2 0 1 2 0 2 2 0 2 2 0 1 2 0 1 2 0 1 2 2 1 2 1 1 2 
#3066348(div: 0) 2738359(div: 1) 2372563(div: 2) 
1 1 40 88 
#c 0 1 2 0 1 2 0 1 2 1 1 2 2 1 2 0 1 2 2 1 2 0 1 2 0 1 2 0 1 2 0 1 2 0 1 2 0 1 2 0 1 2 0 1 2 1 1 2 0 1 2 1 1 2 0 1 2 0 1 2 0 1 2 0 1 2 0 2 2 2 1 2 0 1 2 0 2 2 0 2 2 0 1 2 0 1 2 0 1 2 2 1 2 1 1 2 
#3066348(div: 0) 2738359(div: 1) 2372563(div: 2) 
1 1 73 88 
#c 0 1 2 0 1 2 0 1 2 1 1 2 2 1 2 0 1 2 2 1 2 0 1 2 0 1 2 0 1 2 0 1 2 0 1 2 0 1 2 0 1 2 0 1 2 1 1 2 0 1 2 1 1 2 0 1 2 0 1 2 0 1 2 0 1 2 0 2 2 2 1 2 0 1 2 0 2 2 0 2 2 0 1 2 0 1 2 0 2 2 2 1 2 1 1 2 
#3066348(div: 0) 2656724(div: 1) 2454198(div: 2) 
24 40 0 3 6 15 21 24 27 30 33 36 39 42 48 54 57 60 63 66 72 75 78 81 84 87 2 5 8 11 12 14 17 18 20 23 26 29 32 35 38 41 44 47 50 53 56 59 62 65 67 68 69 71 74 76 77 79 80 83 86 88 89 90 92 95 
#c 0 1 2 0 1 2 0 1 2 1 1 2 2 1 2 0 1 2 2 1 2 0 1 2 0 1 2 0 1 2 0 1 2 0 1 2 0 1 2 0 1 2 0 1 2 1 1 2 0 1 2 1 1 2 0 1 2 0 1 2 0 1 2 0 1 2 0 2 2 2 1 2 0 1 2 0 2 2 0 2 2 0 1 2 0 1 2 0 2 2 2 1 2 1 1 2 
#3066348(div: 0) 2656724(div: 1) 2454198(div: 2) 
1 1 39 78 
#c 0 1 2 0 1 2 0 1 2 1 1 2 2 1 2 0 1 2 2 1 2 0 1 2 0 1 2 0 1 2 0 1 2 0 1 2 0 1 2 0 1 2 0 1 2 1 1 2 0 1 2 1 1 2 0 1 2 0 1 2 0 1 2 0 1 2 0 2 2 2 1 2 0 1 2 0 2 2 0 2 2 0 1 2 0 1 2 0 2 2 2 1 2 1 1 2 
#3066348(div: 0) 2656724(div: 1) 2454198(div: 2) 
1 1 3 78 
#c 0 1 2 0 1 2 0 1 2 1 1 2 2 1 2 0 1 2 2 1 2 0 1 2 0 1 2 0 1 2 0 1 2 0 1 2 0 1 2 0 1 2 0 1 2 1 1 2 0 1 2 1 1 2 0 1 2 0 1 2 0 1 2 0 1 2 0 2 2 2 1 2 0 1 2 0 2 2 0 2 2 0 1 2 0 1 2 0 2 2 2 1 2 1 1 2 
#3066348(div: 0) 2656724(div: 1) 2454198(div: 2) 
1 1 78 87 
#c 0 1 2 0 1 2 0 1 2 1 1 2 2 1 2 0 1 2 2 1 2 0 1 2 0 1 2 0 1 2 0 1 2 0 1 2 0 1 2 0 1 2 0 1 2 1 1 2 0 1 2 1 1 2 0 1 2 0 1 2 0 1 2 0 1 2 0 2 2 2 1 2 0 1 2 0 2 2 2 2 2 0 1 2 0 1 2 0 2 2 2 1 2 1 1 2 
#3029036(div: 0) 2656724(div: 1) 2491510(div: 2) 
32 23 1 4 7 9 10 13 16 19 22 25 28 31 34 37 40 43 45 46 49 51 52 55 58 61 64 70 73 82 85 91 93 94 0 3 6 15 21 24 27 30 33 36 39 42 48 54 57 60 63 66 72 75 81 84 87 
#c 0 1 2 0 1 2 0 1 2 1 1 2 2 1 2 0 1 2 2 1 2 0 1 2 0 1 2 0 1 2 0 1 2 0 1 2 0 1 2 0 1 2 0 1 2 1 1 2 0 1 2 1 1 2 0 1 2 0 1 2 0 1 2 0 1 2 0 2 2 2 1 2 0 1 2 0 2 2 2 2 2 0 1 2 0 1 2 0 2 2 2 1 2 1 1 2 
#3029036(div: 0) 2656724(div: 1) 2491510(div: 2) 
1 1 0 84 
#c 0 1 2 0 1 2 0 1 2 1 1 2 2 1 2 0 1 2 2 1 2 0 1 2 0 1 2 0 1 2 0 1 2 0 1 2 0 1 2 0 1 2 0 1 2 1 1 2 0 1 2 1 1 2 0 1 2 0 1 2 0 1 2 0 1 2 0 2 2 2 1 2 0 1 2 0 2 2 2 2 2 0 1 2 0 1 2 0 2 2 2 1 2 1 1 2 
#3029036(div: 0) 2656724(div: 1) 2491510(div: 2) 
1 1 0 66 
#c 0 1 2 0 1 2 0 1 2 1 1 2 2 1 2 0 1 2 2 1 2 0 1 2 0 1 2 0 1 2 0 1 2 0 1 2 0 1 2 0 1 2 0 1 2 1 1 2 0 1 2 1 1 2 0 1 2 0 1 2 0 1 2 0 1 2 0 2 2 2 1 2 0 1 2 0 2 2 2 2 2 0 1 2 0 1 2 0 2 2 2 1 2 1 1 2 
#3029036(div: 0) 2656724(div: 1) 2491510(div: 2) 
1 1 21 66 
#c 0 1 2 0 1 2 0 1 2 1 1 2 2 1 2 0 1 2 2 1 2 0 1 2 0 1 2 0 1 2 0 1 2 0 1 2 0 1 2 0 1 2 0 1 2 1 1 2 0 1 2 1 1 2 0 1 2 0 1 2 0 1 2 0 1 2 1 2 2 2 1 2 0 1 2 0 2 2 2 2 2 0 1 2 0 1 2 0 2 2 2 1 2 1 1 2 
#2871320(div: 0) 2814440(div: 1) 2491510(div: 2) 
33 22 1 4 7 9 10 13 16 19 22 25 28 31 34 37 40 43 45 46 49 51 52 55 58 61 64 66 70 73 82 85 91 93 94 0 3 6 15 21 24 27 30 33 36 39 42 48 54 57 60 63 72 75 81 84 87 
#c 0 1 2 0 1 2 0 1 2 1 1 2 2 1 2 0 1 2 2 1 2 0 1 2 0 1 2 0 1 2 0 1 2 0 1 2 0 1 2 0 1 2 0 1 2 1 1 2 0 1 2 1 1 2 0 1 2 0 1 2 0 1 2 0 1 2 1 2 2 2 1 2 0 1 2 0 2 2 2 2 2 0 1 2 0 1 2 0 2 2 2 1 2 1 1 2 
#2871320(div: 0) 2814440(div: 1) 2491510(div: 2) 
1 1 42 84 
#c 0 1 2 0 1 2 0 1 2 1 1 2 2 1 2 0 1 2 2 1 2 0 1 2 0 1 2 0 1 2 0 1 2 0 1 2 0 1 2 0 1 2 0 1 2 1 1 2 0 1 2 1 1 2 0 1 2 0 1 2 0 1 2 0 1 2 1 2 2 2 1 2 0 1 2 0 2 2 2 2 2 0 1 2 0 1 2 0 2 2 2 1 2 1 1 2 
#2871320(div: 0) 2814440(div: 1) 2491510(div: 2) 
1 1 42 60 
#c 0 1 2 0 1 2 0 1 2 1 1 2 2 1 2 0 1 2 2 1 2 0 1 2 0 1 2 0 1 2 0 1 2 0 1 2 0 1 2 0 1 2 0 1 2 1 1 2 0 1 2 1 1 2 0 1 2 0 1 2 0 1 2 0 1 2 1 2 2 2 1 2 0 1 2 0 2 2 2 2 2 0 1 2 0 1 2 0 2 2 2 1 2 1 1 2 
#2871320(div: 0) 2814440(div: 1) 2491510(div: 2) 
1 1 60 81 
#c 0 1 2 0 1 2 0 1 2 1 1 2 2 1 2 0 1 2 2 1 2 0 1 2 0 1 2 0 1 2 0 1 2 0 1 2 0 1 2 0 1 2 0 1 2 1 1 2 0 1 2 1 1 2 0 1 2 0 1 2 1 1 2 0 1 2 1 2 2 2 1 2 0 1 2 0 2 2 2 2 2 0 1 2 0 1 2 0 2 2 2 1 2 1 1 2 
#2867767(div: 0) 2817993(div: 1) 2491510(div: 2) 
41 21 2 5 8 11 12 14 17 18 20 23 26 29 32 35 38 41 44 47 50 53 56 59 62 65 67 68 69 71 74 76 77 78 79 80 83 86 88 89 90 92 95 0 3 6 15 21 24 27 30 33 36 39 42 48 54 57 63 72 75 81 84 87 
#c 0 1 2 0 1 2 0 1 2 1 1 2 2 1 2 0 1 2 2 1 2 0 1 2 0 1 2 0 1 2 0 1 2 0 1 2 0 1 2 0 1 2 0 1 2 1 1 2 0 1 2 1 1 2 0 1 2 0 1 2 1 1 2 0 1 2 1 2 2 2 1 2 0 1 2 0 2 2 2 2 2 0 1 2 0 1 2 0 2 2 2 1 2 1 1 2 
#2867767(div: 0) 2817993(div: 1) 2491510(div: 2) 
1 1 30 54 
#c 0 1 2 0 1 2 0 1 2 1 1 2 2 1 2 0 1 2 2 1 2 0 1 2 0 1 2 0 1 2 0 1 2 0 1 2 0 1 2 0 1 2 0 1 2 1 1 2 0 1 2 1 1 2 0 1 2 0 1 2 1 1 2 0 1 2 1 2 2 2 1 2 0 1 2 0 2 2 2 2 2 0 1 2 0 1 2 0 2 2 2 1 2 1 1 2 
#2867767(div: 0) 2817993(div: 1) 2491510(div: 2) 
1 1 3 30 
#c 0 1 2 0 1 2 0 1 2 1 1 2 2 1 2 0 1 2 2 1 2 0 1 2 0 1 2 0 1 2 0 1 2 0 1 2 0 1 2 0 1 2 0 1 2 1 1 2 0 1 2 1 1 2 0 1 2 0 1 2 1 1 2 0 1 2 1 2 2 2 1 2 0 1 2 0 2 2 2 2 2 0 1 2 0 1 2 0 2 2 2 1 2 1 1 2 
#2867767(div: 0) 2817993(div: 1) 2491510(div: 2) 
1 1 3 84 
#c 0 1 2 2 1 2 0 1 2 1 1 2 2 1 2 0 1 2 2 1 2 0 1 2 0 1 2 0 1 2 0 1 2 0 1 2 0 1 2 0 1 2 0 1 2 1 1 2 0 1 2 1 1 2 0 1 2 0 1 2 1 1 2 0 1 2 1 2 2 2 1 2 0 1 2 0 2 2 2 2 2 0 1 2 0 1 2 0 2 2 2 1 2 1 1 2 
#2769351(div: 0) 2817993(div: 1) 2589926(div: 2) 
34 42 1 4 7 9 10 13 16 19 22 25 28 31 34 37 40 43 45 46 49 51 52 55 58 60 61 64 66 70 73 82 85 91 93 94 2 3 5 8 11 12 14 17 18 20 23 26 29 32 35 38 41 44 47 50 53 56 59 62 65 67 68 69 71 74 76 77 78 79 80 83 86 88 89 90 92 95 
#c 0 1 2 2 1 2 0 1 2 1 1 2 2 1 2 0 1 2 2 1 2 0 1 2 0 1 2 0 1 2 0 1 2 0 1 2 0 1 2 0 1 2 0 1 2 1 1 2 0 1 2 1 1 2 0 1 2 0 1 2 1 1 2 0 1 2 1 2 2 2 1 2 0 1 2 0 2 2 2 2 2 0 1 2 0 1 2 0 2 2 2 1 2 1 1 2 
#2769351(div: 0) 2817993(div: 1) 2589926(div: 2) 
1 1 34 94 
#c 0 1 2 2 1 2 0 1 2 1 1 2 2 1 2 0 1 2 2 1 2 0 1 2 0 1 2 0 1 2 0 1 2 0 1 2 0 1 2 0 1 2 0 1 2 1 1 2 0 1 2 1 1 2 0 1 2 0 1 2 1 1 2 0 1 2 1 2 2 2 1 2 0 1 2 0 2 2 2 2 2 0 1 2 0 1 2 0 2 2 2 1 2 1 1 2 
#2769351(div: 0) 2817993(div: 1) 2589926(div: 2) 
1 1 66 94 
#c 0 1 2 2 1 2 0 1 2 1 1 2 2 1 2 0 1 2 2 1 2 0 1 2 0 1 2 0 1 2 0 1 2 0 1 2 0 1 2 0 1 2 0 1 2 1 1 2 0 1 2 1 1 2 0 1 2 0 1 2 1 1 2 0 1 2 1 2 2 2 1 2 0 1 2 0 2 2 2 2 2 0 1 2 0 1 2 0 2 2 2 1 2 1 1 2 
#2769351(div: 0) 2817993(div: 1) 2589926(div: 2) 
1 1 82 94 
#c 0 1 2 2 1 2 0 1 2 1 1 2 2 1 2 0 1 2 2 1 2 0 1 2 0 1 2 0 1 2 0 1 2 0 1 2 0 1 2 0 1 2 0 1 2 1 1 2 0 1 2 1 1 2 0 1 2 0 1 2 1 1 2 0 1 2 1 2 2 2 1 2 0 1 2 0 2 2 2 2 2 0 2 2 0 1 2 0 2 2 2 1 2 1 1 2 
#2769351(div: 0) 2791455(div: 1) 2616464(div: 2) 
33 20 1 4 7 9 10 13 16 19 22 25 28 31 34 37 40 43 45 46 49 51 52 55 58 60 61 64 66 70 73 85 91 93 94 0 6 15 21 24 27 30 33 36 39 42 48 54 57 63 72 75 81 84 87 
#c 0 1 2 2 1 2 0 1 2 1 1 2 2 1 2 0 1 2 2 1 2 0 1 2 0 1 2 0 1 2 0 1 2 0 1 2 0 1 2 0 1 2 0 1 2 1 1 2 0 1 2 1 1 2 0 1 2 0 1 2 1 1 2 0 1 2 1 2 2 2 1 2 0 1 2 0 2 2 2 2 2 0 2 2 0 1 2 0 2 2 2 1 2 1 1 2 
#2769351(div: 0) 2791455(div: 1) 2616464(div: 2) 
1 1 13 61 
#c 0 1 2 2 1 2 0 1 2 1 1 2 2 1 2 0 1 2 2 1 2 0 1 2 0 1 2 0 1 2 0 1 2 0 1 2 0 1 2 0 1 2 0 1 2 1 1 2 0 1 2 1 1 2 0 1 2 0 1 2 1 1 2 0 1 2 1 2 2 2 1 2 0 1 2 0 2 2 2 2 2 0 2 2 0 1 2 0 2 2 2 1 2 1 1 2 
#2769351(div: 0) 2791455(div: 1) 2616464(div: 2) 
1 1 61 73 
#c 0 1 2 2 1 2 0 1 2 1 1 2 2 1 2 0 1 2 2 1 2 0 1 2 0 1 2 0 1 2 0 1 2 0 1 2 0 1 2 0 1 2 0 1 2 1 1 2 0 1 2 1 1 2 0 1 2 0 1 2 1 1 2 0 1 2 1 2 2 2 1 2 0 1 2 0 2 2 2 2 2 0 2 2 0 1 2 0 2 2 2 1 2 1 1 2 
#2769351(div: 0) 2791455(div: 1) 2616464(div: 2) 
1 1 49 61 
#c 0 1 2 2 1 2 0 1 2 1 1 2 2 1 2 0 1 2 2 1 2 0 1 2 0 1 2 0 1 2 0 1 2 0 1 2 0 1 2 0 1 2 0 1 2 1 1 2 0 1 2 1 1 2 0 1 2 0 1 2 1 0 2 0 1 2 1 2 2 2 1 2 0 1 2 0 2 2 2 2 2 0 2 2 0 1 2 0 2 2 2 1 2 1 1 2 
#2821735(div: 0) 2739071(div: 1) 2616464(div: 2) 
43 21 2 3 5 8 11 12 14 17 18 20 23 26 29 32 35 38 41 44 47 50 53 56 59 62 65 67 68 69 71 74 76 77 78 79 80 82 83 86 88 89 90 92 95 0 6 15 21 24 27 30 33 36 39 42 48 54 57 61 63 72 75 81 84 87 
#c 0 1 2 2 1 2 0 1 2 1 1 2 2 1 2 0 1 2 2 1 2 0 1 2 0 1 2 0 1 2 0 1 2 0 1 2 0 1 2 0 1 2 0 1 2 1 1 2 0 1 2 1 1 2 0 1 2 0 1 2 1 0 2 0 1 2 1 2 2 2 1 2 0 1 2 0 2 2 2 2 2 0 2 2 0 1 2 0 2 2 2 1 2 1 1 2 
#2821735(div: 0) 2739071(div: 1) 2616464(div: 2) 
1 1 15 42 
#c 0 1 2 2 1 2 0 1 2 1 1 2 2 1 2 0 1 2 2 1 2 0 1 2 0 1 2 0 1 2 0 1 2 0 1 2 0 1 2 0 1 2 0 1 2 1 1 2 0 1 2 1 1 2 0 1 2 0 1 2 1 0 2 0 1 2 1 2 2 2 1 2 0 1 2 0 2 2 2 2 2 0 2 2 0 1 2 0 2 2 2 1 2 1 1 2 
#2821735(div: 0) 2739071(div: 1) 2616464(div: 2) 
1 1 24 42 
#c 0 1 2 2 1 2 0 1 2 1 1 2 2 1 2 0 1 2 2 1 2 0 1 2 0 1 2 0 1 2 0 1 2 0 1 2 0 1 2 0 1 2 0 1 2 1 1 2 0 1 2 1 1 2 0 1 2 0 1 2 1 0 2 0 1 2 1 2 2 2 1 2 0 1 2 0 2 2 2 2 2 0 2 2 0 1 2 0 2 2 2 1 2 1 1 2 
#2821735(div: 0) 2739071(div: 1) 2616464(div: 2) 
1 1 24 33 
#c 0 1 2 2 1 2 0 1 2 1 1 2 2 1 2 0 1 2 2 1 2 0 1 2 2 1 2 0 1 2 0 1 2 0 1 2 0 1 2 0 1 2 0 1 2 1 1 2 0 1 2 1 1 2 0 1 2 0 1 2 1 0 2 0 1 2 1 2 2 2 1 2 0 1 2 0 2 2 2 2 2 0 2 2 0 1 2 0 2 2 2 1 2 1 1 2 
#2770369(div: 0) 2739071(div: 1) 2667830(div: 2) 
32 44 1 4 7 9 10 13 16 19 22 25 28 31 34 37 40 43 45 46 49 51 52 55 58 60 64 66 70 73 85 91 93 94 2 3 5 8 11 12 14 17 18 20 23 24 26 29 32 35 38 41 44 47 50 53 56 59 62 65 67 68 69 71 74 76 77 78 79 80 82 83 86 88 89 90 92 95 
#c 0 1 2 2 1 2 0 1 2 1 1 2 2 1 2 0 1 2 2 1 2 0 1 2 2 1 2 0 1 2 0 1 2 0 1 2 0 1 2 0 1 2 0 1 2 1 1 2 0 1 2 1 1 2 0 1 2 0 1 2 1 0 2 0 1 2 1 2 2 2 1 2 0 1 2 0 2 2 2 2 2 0 2 2 0 1 2 0 2 2 2 1 2 1 1 2 
#2770369(div: 0) 2739071(div: 1) 2667830(div: 2) 
1 1 73 91 
#c 0 1 2 2 1 2 0 1 2 1 1 2 2 1 2 0 1 2 2 1 2 0 1 2 2 1 2 0 1 2 0 1 2 0 1 2 0 1 2 0 1 2 0 1 2 1 1 2 0 1 2 1 1 2 0 1 2 0 1 2 1 0 2 0 1 2 1 2 2 2 1 2 0 1 2 0 2 2 2 2 2 0 2 2 0 1 2 0 2 2 2 1 2 1 1 2 
#2770369(div: 0) 2739071(div: 1) 2667830(div: 2) 
1 1 19 91 
#c 0 1 2 2 1 2 0 1 2 1 1 2 2 1 2 0 1 2 2 1 2 0 1 2 2 1 2 0 1 2 0 1 2 0 1 2 0 1 2 0 1 2 0 1 2 1 1 2 0 1 2 1 1 2 0 1 2 0 1 2 1 0 2 0 1 2 1 2 2 2 1 2 0 1 2 0 2 2 2 2 2 0 2 2 0 1 2 0 2 2 2 1 2 1 1 2 
#2770369(div: 0) 2739071(div: 1) 2667830(div: 2) 
1 1 91 93 
#c 0 1 2 2 1 2 0 1 2 1 1 2 2 1 2 0 1 2 2 1 2 0 1 2 2 1 2 0 1 2 0 1 2 0 1 2 0 1 2 0 1 2 0 1 2 1 1 2 0 1 2 1 1 2 0 1 2 0 1 2 1 0 2 0 1 2 1 2 2 2 1 2 0 1 2 0 2 2 2 2 2 0 2 2 0 1 2 0 2 2 2 2 2 1 1 2 
#2770369(div: 0) 2715983(div: 1) 2690918(div: 2) 
31 45 1 4 7 9 10 13 16 19 22 25 28 31 34 37 40 43 45 46 49 51 52 55 58 60 64 66 70 73 85 93 94 2 3 5 8 11 12 14 17 18 20 23 24 26 29 32 35 38 41 44 47 50 53 56 59 62 65 67 68 69 71 74 76 77 78 79 80 82 83 86 88 89 90 91 92 95 
#c 0 1 2 2 1 2 0 1 2 1 1 2 2 1 2 0 1 2 2 1 2 0 1 2 2 1 2 0 1 2 0 1 2 0 1 2 0 1 2 0 1 2 0 1 2 1 1 2 0 1 2 1 1 2 0 1 2 0 1 2 1 0 2 0 1 2 1 2 2 2 1 2 0 1 2 0 2 2 2 2 2 0 2 2 0 1 2 0 2 2 2 2 2 1 1 2 
#2770369(div: 0) 2715983(div: 1) 2690918(div: 2) 
1 1 37 58 
#c 0 1 2 2 1 2 0 1 2 1 1 2 2 1 2 0 1 2 2 1 2 0 1 2 2 1 2 0 1 2 0 1 2 0 1 2 0 1 2 0 1 2 0 1 2 1 1 2 0 1 2 1 1 2 0 1 2 0 1 2 1 0 2 0 1 2 1 2 2 2 1 2 0 1 2 0 2 2 2 2 2 0 2 2 0 1 2 0 2 2 2 2 2 1 1 2 
#2770369(div: 0) 2715983(div: 1) 2690918(div: 2) 
1 1 58 93 
#c 0 1 2 2 1 2 0 1 2 1 1 2 2 1 2 0 1 2 2 1 2 0 1 2 2 1 2 0 1 2 0 1 2 0 1 2 0 1 2 0 1 2 0 1 2 1 1 2 0 1 2 1 1 2 0 1 2 0 1 2 1 0 2 0 1 2 1 2 2 2 1 2 0 1 2 0 2 2 2 2 2 0 2 2 0 1 2 0 2 2 2 2 2 1 1 2 
#2770369(div: 0) 2715983(div: 1) 2690918(div: 2) 
1 1 55 58 
#c 0 1 2 2 1 2 0 1 2 1 1 2 2 1 2 0 1 2 2 1 2 0 1 2 2 1 2 0 1 2 0 1 2 0 1 2 0 1 2 0 1 2 0 1 2 1 1 2 0 1 2 1 1 2 0 1 2 0 2 2 1 0 2 0 1 2 1 2 2 2 1 2 0 1 2 0 2 2 2 2 2 0 2 2 0 1 2 0 2 2 2 2 2 1 1 2 
#2770369(div: 0) 2704379(div: 1) 2702522(div: 2) 
20 46 0 6 15 21 27 30 33 36 39 42 48 54 57 61 63 72 75 81 84 87 2 3 5 8 11 12 14 17 18 20 23 24 26 29 32 35 38 41 44 47 50 53 56 58 59 62 65 67 68 69 71 74 76 77 78 79 80 82 83 86 88 89 90 91 92 95 
#c 0 1 2 2 1 2 0 1 2 1 1 2 2 1 2 0 1 2 2 1 2 0 1 2 2 1 2 0 1 2 0 1 2 0 1 2 0 1 2 0 1 2 0 1 2 1 1 2 0 1 2 1 1 2 0 1 2 0 2 2 1 0 2 0 1 2 1 2 2 2 1 2 0 1 2 0 2 2 2 2 2 0 2 2 0 1 2 0 2 2 2 2 2 1 1 2 
#2770369(div: 0) 2704379(div: 1) 2702522(div: 2) 
1 1 33 75 
#c 0 1 2 2 1 2 0 1 2 1 1 2 2 1 2 0 1 2 2 1 2 0 1 2 2 1 2 0 1 2 0 1 2 0 1 2 0 1 2 0 1 2 0 1 2 1 1 2 0 1 2 1 1 2 0 1 2 0 2 2 1 0 2 0 1 2 1 2 2 2 1 2 0 1 2 0 2 2 2 2 2 0 2 2 0 1 2 0 2 2 2 2 2 1 1 2 
#2770369(div: 0) 2704379(div: 1) 2702522(div: 2) 
1 1 33 39 
#c 0 1 2 2 1 2 0 1 2 1 1 2 2 1 2 0 1 2 2 1 2 0 1 2 2 1 2 0 1 2 0 1 2 0 1 2 0 1 2 0 1 2 0 1 2 1 1 2 0 1 2 1 1 2 0 1 2 0 2 2 1 0 2 0 1 2 1 2 2 2 1 2 0 1 2 0 2 2 2 2 2 0 2 2 0 1 2 0 2 2 2 2 2 1 1 2 
#2770369(div: 0) 2704379(div: 1) 2702522(div: 2) 
1 1 21 33 
#c 0 1 2 2 1 2 0 1 2 1 1 2 2 1 2 0 1 2 2 1 2 0 1 2 2 1 2 0 1 2 0 1 2 2 1 2 0 1 2 0 1 2 0 1 2 1 1 2 0 1 2 1 1 2 0 1 2 0 2 2 1 0 2 0 1 2 1 2 2 2 1 2 0 1 2 0 2 2 2 2 2 0 2 2 0 1 2 0 2 2 2 2 2 1 1 2 
#2706684(div: 0) 2704379(div: 1) 2766207(div: 2) 
30 47 1 4 7 9 10 13 16 19 22 25 28 31 34 37 40 43 45 46 49 51 52 55 60 64 66 70 73 85 93 94 2 3 5 8 11 12 14 17 18 20 23 24 26 29 32 33 35 38 41 44 47 50 53 56 58 59 62 65 67 68 69 71 74 76 77 78 79 80 82 83 86 88 89 90 91 92 95 
#c 0 1 2 2 1 2 0 1 2 1 1 2 2 1 2 0 1 2 2 1 2 0 1 2 2 1 2 0 1 2 0 1 2 2 1 2 0 1 2 0 1 2 0 1 2 1 1 2 0 1 2 1 1 2 0 1 2 0 2 2 1 0 2 0 1 2 1 2 2 2 1 2 0 1 2 0 2 2 2 2 2 0 2 2 0 1 2 0 2 2 2 2 2 1 1 2 
#2706684(div: 0) 2704379(div: 1) 2766207(div: 2) 
1 1 20 76 
#c 0 1 2 2 1 2 0 1 2 1 1 2 2 1 2 0 1 2 2 1 2 0 1 2 2 1 2 0 1 2 0 1 2 2 1 2 0 1 2 0 1 2 0 1 2 1 1 2 0 1 2 1 1 2 0 1 2 0 2 2 1 0 2 0 1 2 1 2 2 2 1 2 0 1 2 0 2 2 2 2 2 0 2 2 0 1 2 0 2 2 2 2 2 1 1 2 
#2706684(div: 0) 2704379(div: 1) 2766207(div: 2) 
1 1 56 76 
#c 0 1 2 2 1 2 0 1 2 1 1 2 2 1 2 0 1 2 2 1 2 0 1 2 2 1 2 0 1 2 0 1 2 2 1 2 0 1 2 0 1 2 0 1 2 1 1 2 0 1 2 1 1 2 0 1 2 0 2 2 1 0 2 0 1 2 1 2 2 2 1 2 0 1 2 0 2 2 2 2 2 0 2 2 0 1 2 0 2 2 2 2 2 1 1 2 
#2706684(div: 0) 2704379(div: 1) 2766207(div: 2) 
1 1 47 76 
#c 0 1 2 2 1 2 0 1 2 1 1 2 2 1 2 0 1 2 2 1 2 0 1 2 2 1 2 0 1 2 0 1 2 2 1 2 0 1 2 0 1 2 0 1 2 1 1 2 0 1 2 1 1 2 0 1 2 0 2 2 1 0 2 0 1 2 1 2 2 2 1 2 0 1 2 0 1 2 2 2 2 0 2 2 0 1 2 0 2 2 2 2 2 1 1 2 
#2706684(div: 0) 2724223(div: 1) 2746363(div: 2) 
19 31 0 6 15 21 27 30 36 39 42 48 54 57 61 63 72 75 81 84 87 1 4 7 9 10 13 16 19 22 25 28 31 34 37 40 43 45 46 49 51 52 55 60 64 66 70 73 76 85 93 94 
#c 0 1 2 2 1 2 0 1 2 1 1 2 2 1 2 0 1 2 2 1 2 0 1 2 2 1 2 0 1 2 0 1 2 2 1 2 0 1 2 0 1 2 0 1 2 1 1 2 0 1 2 1 1 2 0 1 2 0 2 2 1 0 2 0 1 2 1 2 2 2 1 2 0 1 2 0 1 2 2 2 2 0 2 2 0 1 2 0 2 2 2 2 2 1 1 2 
#2706684(div: 0) 2724223(div: 1) 2746363(div: 2) 
1 1 7 93 
#c 0 1 2 2 1 2 0 1 2 1 1 2 2 1 2 0 1 2 2 1 2 0 1 2 2 1 2 0 1 2 0 1 2 2 1 2 0 1 2 0 1 2 0 1 2 1 1 2 0 1 2 1 1 2 0 1 2 0 2 2 1 0 2 0 1 2 1 2 2 2 1 2 0 1 2 0 1 2 2 2 2 0 2 2 0 1 2 0 2 2 2 2 2 1 1 2 
#2706684(div: 0) 2724223(div: 1) 2746363(div: 2) 
1 1 7 19 
#c 0 1 2 2 1 2 0 1 2 1 1 2 2 1 2 0 1 2 2 1 2 0 1 2 2 1 2 0 1 2 0 1 2 2 1 2 0 1 2 0 1 2 0 1 2 1 1 2 0 1 2 1 1 2 0 1 2 0 2 2 1 0 2 0 1 2 1 2 2 2 1 2 0 1 2 0 1 2 2 2 2 0 2 2 0 1 2 0 2 2 2 2 2 1 1 2 
#2706684(div: 0) 2724223(div: 1) 2746363(div: 2) 
1 1 7 43 
#c 0 1 2 2 1 2 0 0 2 1 1 2 2 1 2 0 1 2 2 1 2 0 1 2 2 1 2 0 1 2 0 1 2 2 1 2 0 1 2 0 1 2 0 1 2 1 1 2 0 1 2 1 1 2 0 1 2 0 2 2 1 0 2 0 1 2 1 2 2 2 1 2 0 1 2 0 1 2 2 2 2 0 2 2 0 1 2 0 2 2 2 2 2 1 1 2 
#2721509(div: 0) 2709398(div: 1) 2746363(div: 2) 
20 30 0 6 7 15 21 27 30 36 39 42 48 54 57 61 63 72 75 81 84 87 1 4 9 10 13 16 19 22 25 28 31 34 37 40 43 45 46 49 51 52 55 60 64 66 70 73 76 85 93 94 
#c 0 1 2 2 1 2 0 0 2 1 1 2 2 1 2 0 1 2 2 1 2 0 1 2 2 1 2 0 1 2 0 1 2 2 1 2 0 1 2 0 1 2 0 1 2 1 1 2 0 1 2 1 1 2 0 1 2 0 2 2 1 0 2 0 1 2 1 2 2 2 1 2 0 1 2 0 1 2 2 2 2 0 2 2 0 1 2 0 2 2 2 2 2 1 1 2 
#2721509(div: 0) 2709398(div: 1) 2746363(div: 2) 
1 1 15 87 
#c 0 1 2 2 1 2 0 0 2 1 1 2 2 1 2 0 1 2 2 1 2 0 1 2 2 1 2 0 1 2 0 1 2 2 1 2 0 1 2 0 1 2 0 1 2 1 1 2 0 1 2 1 1 2 0 1 2 0 2 2 1 0 2 0 1 2 1 2 2 2 1 2 0 1 2 0 1 2 2 2 2 0 2 2 0 1 2 0 2 2 2 2 2 1 1 2 
#2721509(div: 0) 2709398(div: 1) 2746363(div: 2) 
1 1 15 39 
#c 0 1 2 2 1 2 0 0 2 1 1 2 2 1 2 0 1 2 2 1 2 0 1 2 2 1 2 0 1 2 0 1 2 2 1 2 0 1 2 0 1 2 0 1 2 1 1 2 0 1 2 1 1 2 0 1 2 0 2 2 1 0 2 0 1 2 1 2 2 2 1 2 0 1 2 0 1 2 2 2 2 0 2 2 0 1 2 0 2 2 2 2 2 1 1 2 
#2721509(div: 0) 2709398(div: 1) 2746363(div: 2) 
1 1 21 39 
#c 0 1 2 2 1 2 0 0 2 1 1 2 2 1 2 0 1 2 2 1 2 0 1 2 2 1 2 0 1 2 0 1 2 2 1 2 0 1 2 1 1 2 0 1 2 1 1 2 0 1 2 1 1 2 0 1 2 0 2 2 1 0 2 0 1 2 1 2 2 2 1 2 0 1 2 0 1 2 2 2 2 0 2 2 0 1 2 0 2 2 2 2 2 1 1 2 
#2641831(div: 0) 2789076(div: 1) 2746363(div: 2) 
46 19 2 3 5 8 11 12 14 17 18 20 23 24 26 29 32 33 35 38 41 44 47 50 53 56 58 59 62 65 67 68 69 71 74 77 78 79 80 82 83 86 88 89 90 91 92 95 0 6 7 15 21 27 30 36 42 48 54 57 61 63 72 75 81 84 87 
#c 0 1 2 2 1 2 0 0 2 1 1 2 2 1 2 0 1 2 2 1 2 0 1 2 2 1 2 0 1 2 0 1 2 2 1 2 0 1 2 1 1 2 0 1 2 1 1 2 0 1 2 1 1 2 0 1 2 0 2 2 1 0 2 0 1 2 1 2 2 2 1 2 0 1 2 0 1 2 2 2 2 0 2 2 0 1 2 0 2 2 2 2 2 1 1 2 
#2641831(div: 0) 2789076(div: 1) 2746363(div: 2) 
1 1 56 88 
#c 0 1 2 2 1 2 0 0 2 1 1 2 2 1 2 0 1 2 2 1 2 0 1 2 2 1 2 0 1 2 0 1 2 2 1 2 0 1 2 1 1 2 0 1 2 1 1 2 0 1 2 1 1 2 0 1 2 0 2 2 1 0 2 0 1 2 1 2 2 2 1 2 0 1 2 0 1 2 2 2 2 0 2 2 0 1 2 0 2 2 2 2 2 1 1 2 
#2641831(div: 0) 2789076(div: 1) 2746363(div: 2) 
1 1 35 88 
#c 0 1 2 2 1 2 0 0 2 1 1 2 2 1 2 0 1 2 2 1 2 0 1 2 2 1 2 0 1 2 0 1 2 2 1 2 0 1 2 1 1 2 0 1 2 1 1 2 0 1 2 1 1 2 0 1 2 0 2 2 1 0 2 0 1 2 1 2 2 2 1 2 0 1 2 0 1 2 2 2 2 0 2 2 0 1 2 0 2 2 2 2 2 1 1 2 
#2641831(div: 0) 2789076(div: 1) 2746363(div: 2) 
1 1 35 69 
#c 0 1 2 2 1 2 0 0 2 1 1 2 2 1 2 0 1 2 2 1 2 0 1 2 2 1 2 0 1 2 0 1 2 2 1 0 0 1 2 1 1 2 0 1 2 1 1 2 0 1 2 1 1 2 0 1 2 0 2 2 1 0 2 0 1 2 1 2 2 2 1 2 0 1 2 0 1 2 2 2 2 0 2 2 0 1 2 0 2 2 2 2 2 1 1 2 
#2667297(div: 0) 2789076(div: 1) 2720897(div: 2) 
31 45 1 4 9 10 13 16 19 22 25 28 31 34 37 39 40 43 45 46 49 51 52 55 60 64 66 70 73 76 85 93 94 2 3 5 8 11 12 14 17 18 20 23 24 26 29 32 33 38 41 44 47 50 53 56 58 59 62 65 67 68 69 71 74 77 78 79 80 82 83 86 88 89 90 91 92 95 
#c 0 1 2 2 1 2 0 0 2 1 1 2 2 1 2 0 1 2 2 1 2 0 1 2 2 1 2 0 1 2 0 1 2 2 1 0 0 1 2 1 1 2 0 1 2 1 1 2 0 1 2 1 1 2 0 1 2 0 2 2 1 0 2 0 1 2 1 2 2 2 1 2 0 1 2 0 1 2 2 2 2 0 2 2 0 1 2 0 2 2 2 2 2 1 1 2 
#2667297(div: 0) 2789076(div: 1) 2720897(div: 2) 
1 1 46 64 
#c 0 1 2 2 1 2 0 0 2 1 1 2 2 1 2 0 1 2 2 1 2 0 1 2 2 1 2 0 1 2 0 1 2 2 1 0 0 1 2 1 1 2 0 1 2 1 1 2 0 1 2 1 1 2 0 1 2 0 2 2 1 0 2 0 1 2 1 2 2 2 1 2 0 1 2 0 1 2 2 2 2 0 2 2 0 1 2 0 2 2 2 2 2 1 1 2 
#2667297(div: 0) 2789076(div: 1) 2720897(div: 2) 
1 1 19 64 
#c 0 1 2 2 1 2 0 0 2 1 1 2 2 1 2 0 1 2 2 1 2 0 1 2 2 1 2 0 1 2 0 1 2 2 1 0 0 1 2 1 1 2 0 1 2 1 1 2 0 1 2 1 1 2 0 1 2 0 2 2 1 0 2 0 1 2 1 2 2 2 1 2 0 1 2 0 1 2 2 2 2 0 2 2 0 1 2 0 2 2 2 2 2 1 1 2 
#2667297(div: 0) 2789076(div: 1) 2720897(div: 2) 
1 1 40 64 
#c 0 1 2 2 1 2 0 0 2 1 1 2 2 1 2 0 1 2 2 1 2 0 1 2 2 1 2 0 1 2 0 1 2 2 1 0 0 1 2 1 1 2 0 1 2 1 1 2 0 1 2 1 1 2 0 1 2 0 2 2 1 0 2 0 2 2 1 2 2 2 1 2 0 1 2 0 1 2 2 2 2 0 2 2 0 1 2 0 2 2 2 2 2 1 1 2 
#2667297(div: 0) 2760503(div: 1) 2749470(div: 2) 
20 30 0 6 7 15 21 27 30 35 36 42 48 54 57 61 63 72 75 81 84 87 1 4 9 10 13 16 19 22 25 28 31 34 37 39 40 43 45 46 49 51 52 55 60 66 70 73 76 85 93 94 
#c 0 1 2 2 1 2 0 0 2 1 1 2 2 1 2 0 1 2 2 1 2 0 1 2 2 1 2 0 1 2 0 1 2 2 1 0 0 1 2 1 1 2 0 1 2 1 1 2 0 1 2 1 1 2 0 1 2 0 2 2 1 0 2 0 2 2 1 2 2 2 1 2 0 1 2 0 1 2 2 2 2 0 2 2 0 1 2 0 2 2 2 2 2 1 1 2 
#2667297(div: 0) 2760503(div: 1) 2749470(div: 2) 
1 1 37 94 
#c 0 1 2 2 1 2 0 0 2 1 1 2 2 1 2 0 1 2 2 1 2 0 1 2 2 1 2 0 1 2 0 1 2 2 1 0 0 1 2 1 1 2 0 1 2 1 1 2 0 1 2 1 1 2 0 1 2 0 2 2 1 0 2 0 2 2 1 2 2 2 1 2 0 1 2 0 1 2 2 2 2 0 2 2 0 1 2 0 2 2 2 2 2 1 1 2 
#2667297(div: 0) 2760503(div: 1) 2749470(div: 2) 
1 1 85 94 
#c 0 1 2 2 1 2 0 0 2 1 1 2 2 1 2 0 1 2 2 1 2 0 1 2 2 1 2 0 1 2 0 1 2 2 1 0 0 1 2 1 1 2 0 1 2 1 1 2 0 1 2 1 1 2 0 1 2 0 2 2 1 0 2 0 2 2 1 2 2 2 1 2 0 1 2 0 1 2 2 2 2 0 2 2 0 1 2 0 2 2 2 2 2 1 1 2 
#2667297(div: 0) 2760503(div: 1) 2749470(div: 2) 
1 1 13 94 
#c 0 1 2 2 1 2 0 0 2 1 1 2 2 1 2 0 1 2 2 1 2 0 1 2 2 1 2 0 1 2 0 1 2 2 1 0 0 1 2 1 1 2 0 1 2 1 1 2 0 1 2 1 1 2 0 1 2 0 2 2 1 0 2 0 2 2 1 2 2 2 1 2 0 1 2 0 1 2 2 2 2 0 2 2 0 1 2 0 2 2 2 2 2 1 0 2 
#2707200(div: 0) 2720600(div: 1) 2749470(div: 2) 
46 21 2 3 5 8 11 12 14 17 18 20 23 24 26 29 32 33 38 41 44 47 50 53 56 58 59 62 64 65 67 68 69 71 74 77 78 79 80 82 83 86 88 89 90 91 92 95 0 6 7 15 21 27 30 35 36 42 48 54 57 61 63 72 75 81 84 87 94 
#c 0 1 2 2 1 2 0 0 2 1 1 2 2 1 2 0 1 2 2 1 2 0 1 2 2 1 2 0 1 2 0 1 2 2 1 0 0 1 2 1 1 2 0 1 2 1 1 2 0 1 2 1 1 2 0 1 2 0 2 2 1 0 2 0 2 2 1 2 2 2 1 2 0 1 2 0 1 2 2 2 2 0 2 2 0 1 2 0 2 2 2 2 2 1 0 2 
#2707200(div: 0) 2720600(div: 1) 2749470(div: 2) 
1 1 12 80 
#c 0 1 2 2 1 2 0 0 2 1 1 2 2 1 2 0 1 2 2 1 2 0 1 2 2 1 2 0 1 2 0 1 2 2 1 0 0 1 2 1 1 2 0 1 2 1 1 2 0 1 2 1 1 2 0 1 2 0 2 2 1 0 2 0 2 2 1 2 2 2 1 2 0 1 2 0 1 2 2 2 2 0 2 2 0 1 2 0 2 2 2 2 2 1 0 2 
#2707200(div: 0) 2720600(div: 1) 2749470(div: 2) 
1 1 80 89 
#c 0 1 2 2 1 2 0 0 2 1 1 2 2 1 2 0 1 2 2 1 2 0 1 2 2 1 2 0 1 2 0 1 2 2 1 0 0 1 2 1 1 2 0 1 2 1 1 2 0 1 2 1 1 2 0 1 2 0 2 2 1 0 2 0 2 2 1 2 2 2 1 2 0 1 2 0 1 2 2 2 2 0 2 2 0 1 2 0 2 2 2 2 2 1 0 2 
#2707200(div: 0) 2720600(div: 1) 2749470(div: 2) 
1 1 50 80 
#c 0 1 2 2 1 2 0 0 2 1 1 2 2 1 2 0 1 2 2 1 2 0 1 2 2 1 2 0 1 2 0 1 2 2 1 0 0 1 2 1 1 2 0 1 2 1 1 2 0 1 2 1 1 2 0 1 2 0 2 2 1 0 2 0 2 2 1 2 2 2 1 2 0 1 2 0 1 2 2 2 0 0 2 2 0 1 2 0 2 2 2 2 2 1 0 2 
#2719573(div: 0) 2720600(div: 1) 2737097(div: 2) 
29 45 1 4 9 10 13 16 19 22 25 28 31 34 37 39 40 43 45 46 49 51 52 55 60 66 70 73 76 85 93 2 3 5 8 11 12 14 17 18 20 23 24 26 29 32 33 38 41 44 47 50 53 56 58 59 62 64 65 67 68 69 71 74 77 78 79 82 83 86 88 89 90 91 92 95 
#c 0 1 2 2 1 2 0 0 2 1 1 2 2 1 2 0 1 2 2 1 2 0 1 2 2 1 2 0 1 2 0 1 2 2 1 0 0 1 2 1 1 2 0 1 2 1 1 2 0 1 2 1 1 2 0 1 2 0 2 2 1 0 2 0 2 2 1 2 2 2 1 2 0 1 2 0 1 2 2 2 0 0 2 2 0 1 2 0 2 2 2 2 2 1 0 2 
#2719573(div: 0) 2720600(div: 1) 2737097(div: 2) 
1 1 44 53 
#c 0 1 2 2 1 2 0 0 2 1 1 2 2 1 2 0 1 2 2 1 2 0 1 2 2 1 2 0 1 2 0 1 2 2 1 0 0 1 2 1 1 2 0 1 2 1 1 2 0 1 2 1 1 2 0 1 2 0 2 2 1 0 2 0 2 2 1 2 2 2 1 2 0 1 2 0 1 2 2 2 0 0 2 2 0 1 2 0 2 2 2 2 2 1 0 2 
#2719573(div: 0) 2720600(div: 1) 2737097(div: 2) 
1 1 44 92 
#c 0 1 2 2 1 2 0 0 2 1 1 2 2 1 2 0 1 2 2 1 2 0 1 2 2 1 2 0 1 2 0 1 2 2 1 0 0 1 2 1 1 2 0 1 2 1 1 2 0 1 2 1 1 2 0 1 2 0 2 2 1 0 2 0 2 2 1 2 2 2 1 2 0 1 2 0 1 2 2 2 0 0 2 2 0 1 2 0 2 2 2 2 2 1 0 2 
#2719573(div: 0) 2720600(div: 1) 2737097(div: 2) 
1 1 79 92 
#c 0 1 2 2 1 2 0 0 2 1 1 2 2 1 2 0 1 2 2 1 2 0 1 2 2 1 2 0 1 2 0 1 2 2 1 0 0 1 2 1 1 2 0 1 2 1 1 2 0 1 2 1 1 2 0 1 2 0 2 2 1 0 2 0 2 2 1 2 2 2 1 2 0 1 2 0 1 2 2 2 0 0 2 2 0 1 2 0 2 2 2 2 1 1 0 2 
#2719573(div: 0) 2735430(div: 1) 2722267(div: 2) 
22 30 0 6 7 15 21 27 30 35 36 42 48 54 57 61 63 72 75 80 81 84 87 94 1 4 9 10 13 16 19 22 25 28 31 34 37 39 40 43 45 46 49 51 52 55 60 66 70 73 76 85 92 93 
#c 0 1 2 2 1 2 0 0 2 1 1 2 2 1 2 0 1 2 2 1 2 0 1 2 2 1 2 0 1 2 0 1 2 2 1 0 0 1 2 1 1 2 0 1 2 1 1 2 0 1 2 1 1 2 0 1 2 0 2 2 1 0 2 0 2 2 1 2 2 2 1 2 0 1 2 0 1 2 2 2 0 0 2 2 0 1 2 0 2 2 2 2 1 1 0 2 
#2719573(div: 0) 2735430(div: 1) 2722267(div: 2) 
1 1 19 52 
#c 0 1 2 2 1 2 0 0 2 1 1 2 2 1 2 0 1 2 2 1 2 0 1 2 2 1 2 0 1 2 0 1 2 2 1 0 0 1 2 1 1 2 0 1 2 1 1 2 0 1 2 1 1 2 0 1 2 0 2 2 1 0 2 0 2 2 1 2 2 2 1 2 0 1 2 0 1 2 2 2 0 0 2 2 0 1 2 0 2 2 2 2 1 1 0 2 
#2719573(div: 0) 2735430(div: 1) 2722267(div: 2) 
1 1 4 19 
#c 0 1 2 2 1 2 0 0 2 1 1 2 2 1 2 0 1 2 2 1 2 0 1 2 2 1 2 0 1 2 0 1 2 2 1 0 0 1 2 1 1 2 0 1 2 1 1 2 0 1 2 1 1 2 0 1 2 0 2 2 1 0 2 0 2 2 1 2 2 2 1 2 0 1 2 0 1 2 2 2 0 0 2 2 0 1 2 0 2 2 2 2 1 1 0 2 
#2719573(div: 0) 2735430(div: 1) 2722267(div: 2) 
1 1 19 73 
#c 0 1 2 2 1 2 0 0 2 1 1 2 2 1 2 0 1 2 2 0 2 0 1 2 2 1 2 0 1 2 0 1 2 2 1 0 0 1 2 1 1 2 0 1 2 1 1 2 0 1 2 1 1 2 0 1 2 0 2 2 1 0 2 0 2 2 1 2 2 2 1 2 0 1 2 0 1 2 2 2 0 0 2 2 0 1 2 0 2 2 2 2 1 1 0 2 
#2751400(div: 0) 2703603(div: 1) 2722267(div: 2) 
44 29 2 3 5 8 11 12 14 17 18 20 23 24 26 29 32 33 38 41 44 47 50 53 56 58 59 62 64 65 67 68 69 71 74 77 78 79 82 83 86 88 89 90 91 95 1 4 9 10 13 16 22 25 28 31 34 37 39 40 43 45 46 49 51 52 55 60 66 70 73 76 85 92 93 
#c 0 1 2 2 1 2 0 0 2 1 1 2 2 1 2 0 1 2 2 0 2 0 1 2 2 1 2 0 1 2 0 1 2 2 1 0 0 1 2 1 1 2 0 1 2 1 1 2 0 1 2 1 1 2 0 1 2 0 2 2 1 0 2 0 2 2 1 2 2 2 1 2 0 1 2 0 1 2 2 2 0 0 2 2 0 1 2 0 2 2 2 2 1 1 0 2 
#2751400(div: 0) 2703603(div: 1) 2722267(div: 2) 
1 1 62 88 
#c 0 1 2 2 1 2 0 0 2 1 1 2 2 1 2 0 1 2 2 0 2 0 1 2 2 1 2 0 1 2 0 1 2 2 1 0 0 1 2 1 1 2 0 1 2 1 1 2 0 1 2 1 1 2 0 1 2 0 2 2 1 0 2 0 2 2 1 2 2 2 1 2 0 1 2 0 1 2 2 2 0 0 2 2 0 1 2 0 2 2 2 2 1 1 0 2 
#2751400(div: 0) 2703603(div: 1) 2722267(div: 2) 
1 1 68 88 
#c 0 1 2 2 1 2 0 0 2 1 1 2 2 1 2 0 1 2 2 0 2 0 1 2 2 1 2 0 1 2 0 1 2 2 1 0 0 1 2 1 1 2 0 1 2 1 1 2 0 1 2 1 1 2 0 1 2 0 2 2 1 0 2 0 2 2 1 2 2 2 1 2 0 1 2 0 1 2 2 2 0 0 2 2 0 1 2 0 2 2 2 2 1 1 0 2 
#2751400(div: 0) 2703603(div: 1) 2722267(div: 2) 
1 1 68 79 
#c 0 1 2 2 1 2 0 0 2 1 1 2 2 1 2 0 1 2 2 0 2 0 1 2 2 1 2 0 1 2 0 1 2 2 1 0 0 1 2 1 1 2 0 1 2 1 1 2 0 1 2 1 1 2 0 1 2 0 2 2 1 0 2 0 2 2 1 2 2 2 1 2 0 1 2 0 1 2 2 1 0 0 2 2 0 1 2 0 2 2 2 2 1 1 0 2 
#2751400(div: 0) 2720221(div: 1) 2705649(div: 2) 
23 30 0 6 7 15 19 21 27 30 35 36 42 48 54 57 61 63 72 75 80 81 84 87 94 1 4 9 10 13 16 22 25 28 31 34 37 39 40 43 45 46 49 51 52 55 60 66 70 73 76 79 85 92 93 
#c 0 1 2 2 1 2 0 0 2 1 1 2 2 1 2 0 1 2 2 0 2 0 1 2 2 1 2 0 1 2 0 1 2 2 1 0 0 1 2 1 1 2 0 1 2 1 1 2 0 1 2 1 1 2 0 1 2 0 2 2 1 0 2 0 2 2 1 2 2 2 1 2 0 1 2 0 1 2 2 1 0 0 2 2 0 1 2 0 2 2 2 2 1 1 0 2 
#2751400(div: 0) 2720221(div: 1) 2705649(div: 2) 
1 1 19 84 
#c 0 1 2 2 1 2 0 0 2 1 1 2 2 1 2 0 1 2 2 0 2 0 1 2 2 1 2 0 1 2 0 1 2 2 1 0 0 1 2 1 1 2 0 1 2 1 1 2 0 1 2 1 1 2 0 1 2 0 2 2 1 0 2 0 2 2 1 2 2 2 1 2 0 1 2 0 1 2 2 1 0 0 2 2 0 1 2 0 2 2 2 2 1 1 0 2 
#2751400(div: 0) 2720221(div: 1) 2705649(div: 2) 
1 1 19 57 
#c 0 1 2 2 1 2 0 0 2 1 1 2 2 1 2 0 1 2 2 0 2 0 1 2 2 1 2 0 1 2 0 1 2 2 1 0 0 1 2 1 1 2 0 1 2 1 1 2 0 1 2 1 1 2 0 1 2 0 2 2 1 0 2 0 2 2 1 2 2 2 1 2 0 1 2 0 1 2 2 1 0 0 2 2 0 1 2 0 2 2 2 2 1 1 0 2 
#2751400(div: 0) 2720221(div: 1) 2705649(div: 2) 
1 1 19 54 
#c 0 1 2 2 1 2 0 0 2 1 1 2 2 1 2 0 1 2 2 1 2 0 1 2 2 1 2 0 1 2 0 1 2 2 1 0 0 1 2 1 1 2 0 1 2 1 1 2 0 1 2 1 1 2 0 1 2 0 2 2 1 0 2 0 2 2 1 2 2 2 1 2 0 1 2 0 1 2 2 1 0 0 2 2 0 1 2 0 2 2 2 2 1 1 0 2 
#2719573(div: 0) 2752048(div: 1) 2705649(div: 2) 
43 22 2 3 5 8 11 12 14 17 18 20 23 24 26 29 32 33 38 41 44 47 50 53 56 58 59 62 64 65 67 68 69 71 74 77 78 82 83 86 88 89 90 91 95 0 6 7 15 21 27 30 35 36 42 48 54 57 61 63 72 75 80 81 84 87 94 
#c 0 1 2 2 1 2 0 0 2 1 1 2 2 1 2 0 1 2 2 1 2 0 1 2 2 1 2 0 1 2 0 1 2 2 1 0 0 1 2 1 1 2 0 1 2 1 1 2 0 1 2 1 1 2 0 1 2 0 2 2 1 0 2 0 2 2 1 2 2 2 1 2 0 1 2 0 1 2 2 1 0 0 2 2 0 1 2 0 2 2 2 2 1 1 0 2 
#2719573(div: 0) 2752048(div: 1) 2705649(div: 2) 
1 1 35 80 
#c 0 1 2 2 1 2 0 0 2 1 1 2 2 1 2 0 1 2 2 1 2 0 1 2 2 1 2 0 1 2 0 1 2 2 1 0 0 1 2 1 1 2 0 1 2 1 1 2 0 1 2 1 1 2 0 1 2 0 2 2 1 0 2 0 2 2 1 2 2 2 1 2 0 1 2 0 1 2 2 1 0 0 2 2 0 1 2 0 2 2 2 2 1 1 0 2 
#2719573(div: 0) 2752048(div: 1) 2705649(div: 2) 
1 1 80 87 
#c 0 1 2 2 1 2 0 0 2 1 1 2 2 1 2 0 1 2 2 1 2 0 1 2 2 1 2 0 1 2 0 1 2 2 1 0 0 1 2 1 1 2 0 1 2 1 1 2 0 1 2 1 1 2 0 1 2 0 2 2 1 0 2 0 2 2 1 2 2 2 1 2 0 1 2 0 1 2 2 1 0 0 2 2 0 1 2 0 2 2 2 2 1 1 0 2 
#2719573(div: 0) 2752048(div: 1) 2705649(div: 2) 
1 1 57 80 
#c 0 1 2 2 1 2 0 0 2 1 1 2 2 1 2 0 1 2 2 1 2 0 1 2 2 1 2 0 1 2 0 1 2 2 1 0 0 1 2 1 1 2 0 1 2 1 1 2 0 1 2 1 1 2 0 1 2 0 2 2 1 0 2 0 2 2 1 2 2 2 1 2 0 1 2 0 1 2 2 1 2 0 2 2 0 1 2 0 2 2 2 2 1 1 0 2 
#2707200(div: 0) 2752048(div: 1) 2718022(div: 2) 
44 21 2 3 5 8 11 12 14 17 18 20 23 24 26 29 32 33 38 41 44 47 50 53 56 58 59 62 64 65 67 68 69 71 74 77 78 80 82 83 86 88 89 90 91 95 0 6 7 15 21 27 30 35 36 42 48 54 57 61 63 72 75 81 84 87 94 
#c 0 1 2 2 1 2 0 0 2 1 1 2 2 1 2 0 1 2 2 1 2 0 1 2 2 1 2 0 1 2 0 1 2 2 1 0 0 1 2 1 1 2 0 1 2 1 1 2 0 1 2 1 1 2 0 1 2 0 2 2 1 0 2 0 2 2 1 2 2 2 1 2 0 1 2 0 1 2 2 1 2 0 2 2 0 1 2 0 2 2 2 2 1 1 0 2 
#2707200(div: 0) 2752048(div: 1) 2718022(div: 2) 
1 1 14 56 
#c 0 1 2 2 1 2 0 0 2 1 1 2 2 1 2 0 1 2 2 1 2 0 1 2 2 1 2 0 1 2 0 1 2 2 1 0 0 1 2 1 1 2 0 1 2 1 1 2 0 1 2 1 1 2 0 1 2 0 2 2 1 0 2 0 2 2 1 2 2 2 1 2 0 1 2 0 1 2 2 1 2 0 2 2 0 1 2 0 2 2 2 2 1 1 0 2 
#2707200(div: 0) 2752048(div: 1) 2718022(div: 2) 
1 1 2 14 
#c 0 1 2 2 1 2 0 0 2 1 1 2 2 1 2 0 1 2 2 1 2 0 1 2 2 1 2 0 1 2 0 1 2 2 1 0 0 1 2 1 1 2 0 1 2 1 1 2 0 1 2 1 1 2 0 1 2 0 2 2 1 0 2 0 2 2 1 2 2 2 1 2 0 1 2 0 1 2 2 1 2 0 2 2 0 1 2 0 2 2 2 2 1 1 0 2 
#2707200(div: 0) 2752048(div: 1) 2718022(div: 2) 
1 1 14 69 
#c 0 1 2 2 1 2 0 0 2 1 1 2 2 1 0 0 1 2 2 1 2 0 1 2 2 1 2 0 1 2 0 1 2 2 1 0 0 1 2 1 1 2 0 1 2 1 1 2 0 1 2 1 1 2 0 1 2 0 2 2 1 0 2 0 2 2 1 2 2 2 1 2 0 1 2 0 1 2 2 1 2 0 2 2 0 1 2 0 2 2 2 2 1 1 0 2 
#2716025(div: 0) 2752048(div: 1) 2709197(div: 2) 
31 43 1 4 9 10 13 16 19 22 25 28 31 34 37 39 40 43 45 46 49 51 52 55 60 66 70 73 76 79 85 92 93 2 3 5 8 11 12 17 18 20 23 24 26 29 32 33 38 41 44 47 50 53 56 58 59 62 64 65 67 68 69 71 74 77 78 80 82 83 86 88 89 90 91 95 
#c 0 1 2 2 1 2 0 0 2 1 1 2 2 1 0 0 1 2 2 1 2 0 1 2 2 1 2 0 1 2 0 1 2 2 1 0 0 1 2 1 1 2 0 1 2 1 1 2 0 1 2 1 1 2 0 1 2 0 2 2 1 0 2 0 2 2 1 2 2 2 1 2 0 1 2 0 1 2 2 1 2 0 2 2 0 1 2 0 2 2 2 2 1 1 0 2 
#2716025(div: 0) 2752048(div: 1) 2709197(div: 2) 
1 1 66 76 
#c 0 1 2 2 1 2 0 0 2 1 1 2 2 1 0 0 1 2 2 1 2 0 1 2 2 1 2 0 1 2 0 1 2 2 1 0 0 1 2 1 1 2 0 1 2 1 1 2 0 1 2 1 1 2 0 1 2 0 2 2 1 0 2 0 2 2 1 2 2 2 1 2 0 1 2 0 1 2 2 1 2 0 2 2 0 1 2 0 2 2 2 2 1 1 0 2 
#2716025(div: 0) 2752048(div: 1) 2709197(div: 2) 
1 1 28 76 
#c 0 1 2 2 1 2 0 0 2 1 1 2 2 1 0 0 1 2 2 1 2 0 1 2 2 1 2 0 1 2 0 1 2 2 1 0 0 1 2 1 1 2 0 1 2 1 1 2 0 1 2 1 1 2 0 1 2 0 2 2 1 0 2 0 2 2 1 2 2 2 1 2 0 1 2 0 1 2 2 1 2 0 2 2 0 1 2 0 2 2 2 2 1 1 0 2 
#2716025(div: 0) 2752048(div: 1) 2709197(div: 2) 
1 1 60 76 
#c 0 1 2 2 1 2 0 0 2 1 1 2 2 1 0 0 1 2 2 1 2 0 1 2 2 1 2 0 1 2 0 1 2 2 1 0 0 1 2 1 1 2 0 1 2 1 1 2 0 1 2 1 1 2 0 1 2 0 2 2 2 0 2 0 2 2 1 2 2 2 1 2 0 1 2 0 1 2 2 1 2 0 2 2 0 1 2 0 2 2 2 2 1 1 0 2 
#2716025(div: 0) 2748495(div: 1) 2712750(div: 2) 
22 30 0 6 7 14 15 21 27 30 35 36 42 48 54 57 61 63 72 75 81 84 87 94 1 4 9 10 13 16 19 22 25 28 31 34 37 39 40 43 45 46 49 51 52 55 66 70 73 76 79 85 92 93 
#c 0 1 2 2 1 2 0 0 2 1 1 2 2 1 0 0 1 2 2 1 2 0 1 2 2 1 2 0 1 2 0 1 2 2 1 0 0 1 2 1 1 2 0 1 2 1 1 2 0 1 2 1 1 2 0 1 2 0 2 2 2 0 2 0 2 2 1 2 2 2 1 2 0 1 2 0 1 2 2 1 2 0 2 2 0 1 2 0 2 2 2 2 1 1 0 2 
#2716025(div: 0) 2748495(div: 1) 2712750(div: 2) 
1 1 16 25 
#c 0 1 2 2 1 2 0 0 2 1 1 2 2 1 0 0 1 2 2 1 2 0 1 2 2 1 2 0 1 2 0 1 2 2 1 0 0 1 2 1 1 2 0 1 2 1 1 2 0 1 2 1 1 2 0 1 2 0 2 2 2 0 2 0 2 2 1 2 2 2 1 2 0 1 2 0 1 2 2 1 2 0 2 2 0 1 2 0 2 2 2 2 1 1 0 2 
#2716025(div: 0) 2748495(div: 1) 2712750(div: 2) 
1 1 25 40 
#c 0 1 2 2 1 2 0 0 2 1 1 2 2 1 0 0 1 2 2 1 2 0 1 2 2 1 2 0 1 2 0 1 2 2 1 0 0 1 2 1 1 2 0 1 2 1 1 2 0 1 2 1 1 2 0 1 2 0 2 2 2 0 2 0 2 2 1 2 2 2 1 2 0 1 2 0 1 2 2 1 2 0 2 2 0 1 2 0 2 2 2 2 1 1 0 2 
#2716025(div: 0) 2748495(div: 1) 2712750(div: 2) 
1 1 25 73 
#c 0 1 2 2 1 2 0 0 2 1 1 2 2 1 0 0 1 2 2 1 2 0 1 2 2 0 2 0 1 2 0 1 2 2 1 0 0 1 2 1 1 2 0 1 2 1 1 2 0 1 2 1 1 2 0 1 2 0 2 2 2 0 2 0 2 2 1 2 2 2 1 2 0 1 2 0 1 2 2 1 2 0 2 2 0 1 2 0 2 2 2 2 1 1 0 2 
#2730924(div: 0) 2733596(div: 1) 2712750(div: 2) 
44 23 2 3 5 8 11 12 17 18 20 23 24 26 29 32 33 38 41 44 47 50 53 56 58 59 60 62 64 65 67 68 69 71 74 77 78 80 82 83 86 88 89 90 91 95 0 6 7 14 15 21 25 27 30 35 36 42 48 54 57 61 63 72 75 81 84 87 94 
#c 0 1 2 2 1 2 0 0 2 1 1 2 2 1 0 0 1 2 2 1 2 0 1 2 2 0 2 0 1 2 0 1 2 2 1 0 0 1 2 1 1 2 0 1 2 1 1 2 0 1 2 1 1 2 0 1 2 0 2 2 2 0 2 0 2 2 1 2 2 2 1 2 0 1 2 0 1 2 2 1 2 0 2 2 0 1 2 0 2 2 2 2 1 1 0 2 
#2730924(div: 0) 2733596(div: 1) 2712750(div: 2) 
1 1 0 84 
#c 0 1 2 2 1 2 0 0 2 1 1 2 2 1 0 0 1 2 2 1 2 0 1 2 2 0 2 0 1 2 0 1 2 2 1 0 0 1 2 1 1 2 0 1 2 1 1 2 0 1 2 1 1 2 0 1 2 0 2 2 2 0 2 0 2 2 1 2 2 2 1 2 0 1 2 0 1 2 2 1 2 0 2 2 0 1 2 0 2 2 2 2 1 1 0 2 
#2730924(div: 0) 2733596(div: 1) 2712750(div: 2) 
1 1 0 57 
#c 0 1 2 2 1 2 0 0 2 1 1 2 2 1 0 0 1 2 2 1 2 0 1 2 2 0 2 0 1 2 0 1 2 2 1 0 0 1 2 1 1 2 0 1 2 1 1 2 0 1 2 1 1 2 0 1 2 0 2 2 2 0 2 0 2 2 1 2 2 2 1 2 0 1 2 0 1 2 2 1 2 0 2 2 0 1 2 0 2 2 2 2 1 1 0 2 
#2730924(div: 0) 2733596(div: 1) 2712750(div: 2) 
1 1 35 57 
#c 0 1 2 2 1 2 0 0 2 1 1 2 2 1 0 0 1 2 2 1 2 0 1 2 2 0 2 0 1 2 0 1 2 2 1 2 0 1 2 1 1 2 0 1 2 1 1 2 0 1 2 1 1 2 0 1 2 0 2 2 2 0 2 0 2 2 1 2 2 2 1 2 0 1 2 0 1 2 2 1 2 0 2 2 0 1 2 0 2 2 2 2 1 1 0 2 
#2705458(div: 0) 2733596(div: 1) 2738216(div: 2) 
29 22 1 4 9 10 13 16 19 22 28 31 34 37 39 40 43 45 46 49 51 52 55 66 70 73 76 79 85 92 93 0 6 7 14 15 21 25 27 30 36 42 48 54 57 61 63 72 75 81 84 87 94 
#c 0 1 2 2 1 2 0 0 2 1 1 2 2 1 0 0 1 2 2 1 2 0 1 2 2 0 2 0 1 2 0 1 2 2 1 2 0 1 2 1 1 2 0 1 2 1 1 2 0 1 2 1 1 2 0 1 2 0 2 2 2 0 2 0 2 2 1 2 2 2 1 2 0 1 2 0 1 2 2 1 2 0 2 2 0 1 2 0 2 2 2 2 1 1 0 2 
#2705458(div: 0) 2733596(div: 1) 2738216(div: 2) 
1 1 10 93 
#c 0 1 2 2 1 2 0 0 2 1 1 2 2 1 0 0 1 2 2 1 2 0 1 2 2 0 2 0 1 2 0 1 2 2 1 2 0 1 2 1 1 2 0 1 2 1 1 2 0 1 2 1 1 2 0 1 2 0 2 2 2 0 2 0 2 2 1 2 2 2 1 2 0 1 2 0 1 2 2 1 2 0 2 2 0 1 2 0 2 2 2 2 1 1 0 2 
#2705458(div: 0) 2733596(div: 1) 2738216(div: 2) 
1 1 55 93 
#c 0 1 2 2 1 2 0 0 2 1 1 2 2 1 0 0 1 2 2 1 2 0 1 2 2 0 2 0 1 2 0 1 2 2 1 2 0 1 2 1 1 2 0 1 2 1 1 2 0 1 2 1 1 2 0 1 2 0 2 2 2 0 2 0 2 2 1 2 2 2 1 2 0 1 2 0 1 2 2 1 2 0 2 2 0 1 2 0 2 2 2 2 1 1 0 2 
#2705458(div: 0) 2733596(div: 1) 2738216(div: 2) 
1 1 13 93 
#c 0 1 2 2 1 2 0 0 2 1 1 2 2 1 0 0 1 2 2 1 2 0 1 2 2 0 2 0 1 2 0 1 2 2 1 2 0 1 2 1 1 2 0 1 2 1 1 2 0 1 2 1 1 2 0 1 2 0 2 2 2 0 2 0 2 2 1 2 2 2 1 2 0 1 2 0 1 2 2 1 2 0 2 2 0 1 2 0 2 2 2 2 1 0 0 2 
#2730124(div: 0) 2708930(div: 1) 2738216(div: 2) 
45 28 2 3 5 8 11 12 17 18 20 23 24 26 29 32 33 35 38 41 44 47 50 53 56 58 59 60 62 64 65 67 68 69 71 74 77 78 80 82 83 86 88 89 90 91 95 1 4 9 10 13 16 19 22 28 31 34 37 39 40 43 45 46 49 51 52 55 66 70 73 76 79 85 92 
#c 0 1 2 2 1 2 0 0 2 1 1 2 2 1 0 0 1 2 2 1 2 0 1 2 2 0 2 0 1 2 0 1 2 2 1 2 0 1 2 1 1 2 0 1 2 1 1 2 0 1 2 1 1 2 0 1 2 0 2 2 2 0 2 0 2 2 1 2 2 2 1 2 0 1 2 0 1 2 2 1 2 0 2 2 0 1 2 0 2 2 2 2 1 0 0 2 
#2730124(div: 0) 2708930(div: 1) 2738216(div: 2) 
1 1 80 83 
#c 0 1 2 2 1 2 0 0 2 1 1 2 2 1 0 0 1 2 2 1 2 0 1 2 2 0 2 0 1 2 0 1 2 2 1 2 0 1 2 1 1 2 0 1 2 1 1 2 0 1 2 1 1 2 0 1 2 0 2 2 2 0 2 0 2 2 1 2 2 2 1 2 0 1 2 0 1 2 2 1 2 0 2 2 0 1 2 0 2 2 2 2 1 0 0 2 
#2730124(div: 0) 2708930(div: 1) 2738216(div: 2) 
1 1 41 83 
#c 0 1 2 2 1 2 0 0 2 1 1 2 2 1 0 0 1 2 2 1 2 0 1 2 2 0 2 0 1 2 0 1 2 2 1 2 0 1 2 1 1 2 0 1 2 1 1 2 0 1 2 1 1 2 0 1 2 0 2 2 2 0 2 0 2 2 1 2 2 2 1 2 0 1 2 0 1 2 2 1 2 0 2 2 0 1 2 0 2 2 2 2 1 0 0 2 
#2730124(div: 0) 2708930(div: 1) 2738216(div: 2) 
1 1 82 83 
#c 0 1 2 2 1 2 0 0 2 1 1 2 2 1 0 0 1 2 2 1 2 0 1 2 2 0 2 0 1 2 0 1 2 2 1 2 0 1 2 1 1 2 0 1 2 1 1 2 0 1 2 1 1 2 0 1 2 0 2 2 2 0 2 0 2 2 1 2 2 2 1 2 0 1 2 0 1 2 2 1 2 0 2 1 0 1 2 0 2 2 2 2 1 0 0 2 
#2730124(div: 0) 2711029(div: 1) 2736117(div: 2) 
44 23 2 3 5 8 11 12 17 18 20 23 24 26 29 32 33 35 38 41 44 47 50 53 56 58 59 60 62 64 65 67 68 69 71 74 77 78 80 82 86 88 89 90 91 95 0 6 7 14 15 21 25 27 30 36 42 48 54 57 61 63 72 75 81 84 87 93 94 
#c 0 1 2 2 1 2 0 0 2 1 1 2 2 1 0 0 1 2 2 1 2 0 1 2 2 0 2 0 1 2 0 1 2 2 1 2 0 1 2 1 1 2 0 1 2 1 1 2 0 1 2 1 1 2 0 1 2 0 2 2 2 0 2 0 2 2 1 2 2 2 1 2 0 1 2 0 1 2 2 1 2 0 2 1 0 1 2 0 2 2 2 2 1 0 0 2 
#2730124(div: 0) 2711029(div: 1) 2736117(div: 2) 
1 1 24 82 
#c 0 1 2 2 1 2 0 0 2 1 1 2 2 1 0 0 1 2 2 1 2 0 1 2 2 0 2 0 1 2 0 1 2 2 1 2 0 1 2 1 1 2 0 1 2 1 1 2 0 1 2 1 1 2 0 1 2 0 2 2 2 0 2 0 2 2 1 2 2 2 1 2 0 1 2 0 1 2 2 1 2 0 2 1 0 1 2 0 2 2 2 2 1 0 0 2 
#2730124(div: 0) 2711029(div: 1) 2736117(div: 2) 
1 1 65 82 
#c 0 1 2 2 1 2 0 0 2 1 1 2 2 1 0 0 1 2 2 1 2 0 1 2 2 0 2 0 1 2 0 1 2 2 1 2 0 1 2 1 1 2 0 1 2 1 1 2 0 1 2 1 1 2 0 1 2 0 2 2 2 0 2 0 2 2 1 2 2 2 1 2 0 1 2 0 1 2 2 1 2 0 2 1 0 1 2 0 2 2 2 2 1 0 0 2 
#2730124(div: 0) 2711029(div: 1) 2736117(div: 2) 
1 1 82 88 
#c 0 1 2 2 1 2 0 0 2 1 1 2 2 1 0 0 1 2 2 1 2 0 1 2 2 0 2 0 1 2 0 1 2 2 1 2 0 1 2 1 1 2 0 1 2 1 1 2 0 1 2 1 1 2 0 1 2 0 2 2 2 0 2 0 2 2 1 2 2 2 1 2 0 1 2 0 1 2 2 1 2 0 0 1 0 1 2 0 2 2 2 2 1 0 0 2 
#2756662(div: 0) 2711029(div: 1) 2709579(div: 2) 
29 43 1 4 9 10 13 16 19 22 28 31 34 37 39 40 43 45 46 49 51 52 55 66 70 73 76 79 83 85 92 2 3 5 8 11 12 17 18 20 23 24 26 29 32 33 35 38 41 44 47 50 53 56 58 59 60 62 64 65 67 68 69 71 74 77 78 80 86 88 89 90 91 95 
#c 0 1 2 2 1 2 0 0 2 1 1 2 2 1 0 0 1 2 2 1 2 0 1 2 2 0 2 0 1 2 0 1 2 2 1 2 0 1 2 1 1 2 0 1 2 1 1 2 0 1 2 1 1 2 0 1 2 0 2 2 2 0 2 0 2 2 1 2 2 2 1 2 0 1 2 0 1 2 2 1 2 0 0 1 0 1 2 0 2 2 2 2 1 0 0 2 
#2756662(div: 0) 2711029(div: 1) 2709579(div: 2) 
1 1 43 51 
#c 0 1 2 2 1 2 0 0 2 1 1 2 2 1 0 0 1 2 2 1 2 0 1 2 2 0 2 0 1 2 0 1 2 2 1 2 0 1 2 1 1 2 0 1 2 1 1 2 0 1 2 1 1 2 0 1 2 0 2 2 2 0 2 0 2 2 1 2 2 2 1 2 0 1 2 0 1 2 2 1 2 0 0 1 0 1 2 0 2 2 2 2 1 0 0 2 
#2756662(div: 0) 2711029(div: 1) 2709579(div: 2) 
1 1 46 51 
#c 0 1 2 2 1 2 0 0 2 1 1 2 2 1 0 0 1 2 2 1 2 0 1 2 2 0 2 0 1 2 0 1 2 2 1 2 0 1 2 1 1 2 0 1 2 1 1 2 0 1 2 1 1 2 0 1 2 0 2 2 2 0 2 0 2 2 1 2 2 2 1 2 0 1 2 0 1 2 2 1 2 0 0 1 0 1 2 0 2 2 2 2 1 0 0 2 
#2756662(div: 0) 2711029(div: 1) 2709579(div: 2) 
1 1 22 46 
#c 0 1 2 2 1 2 0 0 2 1 1 2 2 1 0 0 1 2 2 1 2 0 1 2 2 0 2 0 1 2 0 1 2 2 1 2 0 1 2 1 1 2 0 1 2 1 2 2 0 1 2 1 1 2 0 1 2 0 2 2 2 0 2 0 2 2 1 2 2 2 1 2 0 1 2 0 1 2 2 1 2 0 0 1 0 1 2 0 2 2 2 2 1 0 0 2 
#2756662(div: 0) 2680191(div: 1) 2740417(div: 2) 
24 28 0 6 7 14 15 21 25 27 30 36 42 48 54 57 61 63 72 75 81 82 84 87 93 94 1 4 9 10 13 16 19 22 28 31 34 37 39 40 43 45 49 51 52 55 66 70 73 76 79 83 85 92 
#c 0 1 2 2 1 2 0 0 2 1 1 2 2 1 0 0 1 2 2 1 2 0 1 2 2 0 2 0 1 2 0 1 2 2 1 2 0 1 2 1 1 2 0 1 2 1 2 2 0 1 2 1 1 2 0 1 2 0 2 2 2 0 2 0 2 2 1 2 2 2 1 2 0 1 2 0 1 2 2 1 2 0 0 1 0 1 2 0 2 2 2 2 1 0 0 2 
#2756662(div: 0) 2680191(div: 1) 2740417(div: 2) 
1 1 36 94 
#c 0 1 2 2 1 2 0 0 2 1 1 2 2 1 0 0 1 2 2 1 2 0 1 2 2 0 2 0 1 2 0 1 2 2 1 2 0 1 2 1 1 2 0 1 2 1 2 2 0 1 2 1 1 2 0 1 2 0 2 2 2 0 2 0 2 2 1 2 2 2 1 2 0 1 2 0 1 2 2 1 2 0 0 1 0 1 2 0 2 2 2 2 1 0 0 2 
#2756662(div: 0) 2680191(div: 1) 2740417(div: 2) 
1 1 27 94 
#c 0 1 2 2 1 2 0 0 2 1 1 2 2 1 0 0 1 2 2 1 2 0 1 2 2 0 2 0 1 2 0 1 2 2 1 2 0 1 2 1 1 2 0 1 2 1 2 2 0 1 2 1 1 2 0 1 2 0 2 2 2 0 2 0 2 2 1 2 2 2 1 2 0 1 2 0 1 2 2 1 2 0 0 1 0 1 2 0 2 2 2 2 1 0 0 2 
#2756662(div: 0) 2680191(div: 1) 2740417(div: 2) 
1 1 57 94 
#c 0 1 2 2 1 2 0 0 2 1 1 2 2 1 0 0 1 2 2 1 2 0 1 2 2 0 2 0 1 2 0 1 2 2 1 2 0 1 2 1 1 2 0 1 2 1 2 2 0 1 2 1 1 2 0 1 2 0 2 2 2 0 2 0 2 2 1 2 2 2 1 2 0 1 2 0 1 2 2 1 2 0 0 1 0 1 2 0 2 2 2 2 1 0 1 2 
#2716759(div: 0) 2720094(div: 1) 2740417(div: 2) 
44 23 2 3 5 8 11 12 17 18 20 23 24 26 29 32 33 35 38 41 44 46 47 50 53 56 58 59 60 62 64 65 67 68 69 71 74 77 78 80 86 88 89 90 91 95 0 6 7 14 15 21 25 27 30 36 42 48 54 57 61 63 72 75 81 82 84 87 93 
#c 0 1 2 2 1 2 0 0 2 1 1 2 2 1 0 0 1 2 2 1 2 0 1 2 2 0 2 0 1 2 0 1 2 2 1 2 0 1 2 1 1 2 0 1 2 1 2 2 0 1 2 1 1 2 0 1 2 0 2 2 2 0 2 0 2 2 1 2 2 2 1 2 0 1 2 0 1 2 2 1 2 0 0 1 0 1 2 0 2 2 2 2 1 0 1 2 
#2716759(div: 0) 2720094(div: 1) 2740417(div: 2) 
1 1 23 29 
#c 0 1 2 2 1 2 0 0 2 1 1 2 2 1 0 0 1 2 2 1 2 0 1 2 2 0 2 0 1 2 0 1 2 2 1 2 0 1 2 1 1 2 0 1 2 1 2 2 0 1 2 1 1 2 0 1 2 0 2 2 2 0 2 0 2 2 1 2 2 2 1 2 0 1 2 0 1 2 2 1 2 0 0 1 0 1 2 0 2 2 2 2 1 0 1 2 
#2716759(div: 0) 2720094(div: 1) 2740417(div: 2) 
1 1 29 58 
#c 0 1 2 2 1 2 0 0 2 1 1 2 2 1 0 0 1 2 2 1 2 0 1 2 2 0 2 0 1 2 0 1 2 2 1 2 0 1 2 1 1 2 0 1 2 1 2 2 0 1 2 1 1 2 0 1 2 0 2 2 2 0 2 0 2 2 1 2 2 2 1 2 0 1 2 0 1 2 2 1 2 0 0 1 0 1 2 0 2 2 2 2 1 0 1 2 
#2716759(div: 0) 2720094(div: 1) 2740417(div: 2) 
1 1 2 29 
#c 0 1 2 2 1 2 0 0 2 1 1 2 2 1 0 0 1 2 2 1 2 0 1 2 2 0 2 0 1 0 0 1 2 2 1 2 0 1 2 1 1 2 0 1 2 1 2 2 0 1 2 1 1 2 0 1 2 0 2 2 2 0 2 0 2 2 1 2 2 2 1 2 0 1 2 0 1 2 2 1 2 0 0 1 0 1 2 0 2 2 2 2 1 0 1 2 
#2722805(div: 0) 2720094(div: 1) 2734371(div: 2) 
29 24 1 4 9 10 13 16 19 22 28 31 34 37 39 40 43 45 49 51 52 55 66 70 73 76 79 83 85 92 94 0 6 7 14 15 21 25 27 29 30 36 42 48 54 57 61 63 72 75 81 82 84 87 93 
#c 0 1 2 2 1 2 0 0 2 1 1 2 2 1 0 0 1 2 2 1 2 0 1 2 2 0 2 0 1 0 0 1 2 2 1 2 0 1 2 1 1 2 0 1 2 1 2 2 0 1 2 1 1 2 0 1 2 0 2 2 2 0 2 0 2 2 1 2 2 2 1 2 0 1 2 0 1 2 2 1 2 0 0 1 0 1 2 0 2 2 2 2 1 0 1 2 
#2722805(div: 0) 2720094(div: 1) 2734371(div: 2) 
1 1 7 30 
#c 0 1 2 2 1 2 0 0 2 1 1 2 2 1 0 0 1 2 2 1 2 0 1 2 2 0 2 0 1 0 0 1 2 2 1 2 0 1 2 1 1 2 0 1 2 1 2 2 0 1 2 1 1 2 0 1 2 0 2 2 2 0 2 0 2 2 1 2 2 2 1 2 0 1 2 0 1 2 2 1 2 0 0 1 0 1 2 0 2 2 2 2 1 0 1 2 
#2722805(div: 0) 2720094(div: 1) 2734371(div: 2) 
1 1 6 7 
#c 0 1 2 2 1 2 0 0 2 1 1 2 2 1 0 0 1 2 2 1 2 0 1 2 2 0 2 0 1 0 0 1 2 2 1 2 0 1 2 1 1 2 0 1 2 1 2 2 0 1 2 1 1 2 0 1 2 0 2 2 2 0 2 0 2 2 1 2 2 2 1 2 0 1 2 0 1 2 2 1 2 0 0 1 0 1 2 0 2 2 2 2 1 0 1 2 
#2722805(div: 0) 2720094(div: 1) 2734371(div: 2) 
1 1 7 75 
#c 0 1 2 2 1 2 0 1 2 1 1 2 2 1 0 0 1 2 2 1 2 0 1 2 2 0 2 0 1 0 0 1 2 2 1 2 0 1 2 1 1 2 0 1 2 1 2 2 0 1 2 1 1 2 0 1 2 0 2 2 2 0 2 0 2 2 1 2 2 2 1 2 0 1 2 0 1 2 2 1 2 0 0 1 0 1 2 0 2 2 2 2 1 0 1 2 
#2707980(div: 0) 2734919(div: 1) 2734371(div: 2) 
43 30 2 3 5 8 11 12 17 18 20 23 24 26 32 33 35 38 41 44 46 47 50 53 56 58 59 60 62 64 65 67 68 69 71 74 77 78 80 86 88 89 90 91 95 1 4 7 9 10 13 16 19 22 28 31 34 37 39 40 43 45 49 51 52 55 66 70 73 76 79 83 85 92 94 
#c 0 1 2 2 1 2 0 1 2 1 1 2 2 1 0 0 1 2 2 1 2 0 1 2 2 0 2 0 1 0 0 1 2 2 1 2 0 1 2 1 1 2 0 1 2 1 2 2 0 1 2 1 1 2 0 1 2 0 2 2 2 0 2 0 2 2 1 2 2 2 1 2 0 1 2 0 1 2 2 1 2 0 0 1 0 1 2 0 2 2 2 2 1 0 1 2 
#2707980(div: 0) 2734919(div: 1) 2734371(div: 2) 
1 1 1 83 
#c 0 1 2 2 1 2 0 1 2 1 1 2 2 1 0 0 1 2 2 1 2 0 1 2 2 0 2 0 1 0 0 1 2 2 1 2 0 1 2 1 1 2 0 1 2 1 2 2 0 1 2 1 1 2 0 1 2 0 2 2 2 0 2 0 2 2 1 2 2 2 1 2 0 1 2 0 1 2 2 1 2 0 0 1 0 1 2 0 2 2 2 2 1 0 1 2 
#2707980(div: 0) 2734919(div: 1) 2734371(div: 2) 
1 1 10 83 
#c 0 1 2 2 1 2 0 1 2 1 1 2 2 1 0 0 1 2 2 1 2 0 1 2 2 0 2 0 1 0 0 1 2 2 1 2 0 1 2 1 1 2 0 1 2 1 2 2 0 1 2 1 1 2 0 1 2 0 2 2 2 0 2 0 2 2 1 2 2 2 1 2 0 1 2 0 1 2 2 1 2 0 0 1 0 1 2 0 2 2 2 2 1 0 1 2 
#2707980(div: 0) 2734919(div: 1) 2734371(div: 2) 
1 1 9 83 
#c 0 1 2 2 1 2 0 1 2 1 1 2 2 1 0 0 1 2 2 1 2 0 1 2 2 0 2 0 1 0 0 1 2 2 1 2 0 1 2 1 1 2 0 1 2 1 2 2 0 1 2 1 1 2 0 1 2 0 2 2 2 0 2 0 2 2 1 2 2 2 1 2 0 1 2 0 1 2 2 1 2 0 0 1 0 1 2 0 2 2 2 2 1 0 1 2 
#2707980(div: 0) 2734919(div: 1) 2734371(div: 2) 
1 1 31 83 
#c 0 1 2 2 1 2 0 1 2 1 1 2 2 1 0 0 1 2 2 1 2 0 1 2 2 0 2 0 1 0 0 1 2 2 1 2 0 1 2 1 1 2 0 1 2 1 2 2 0 1 2 1 1 2 0 1 2 0 2 2 2 0 2 0 2 2 1 2 2 2 1 2 0 1 2 0 1 2 2 1 2 0 0 1 0 1 2 0 2 2 2 2 1 0 1 2 
#2707980(div: 0) 2734919(div: 1) 2734371(div: 2) 
1 1 70 83 
#c 0 1 2 2 1 2 0 1 2 1 1 2 2 1 0 0 1 2 2 1 2 0 1 2 2 0 2 0 1 0 0 1 2 2 1 2 0 1 2 1 1 2 0 1 2 1 2 2 0 1 2 1 1 2 0 1 2 0 2 2 2 0 2 0 2 2 1 2 2 2 1 2 0 1 2 0 1 2 2 1 2 0 0 1 0 1 2 0 2 2 2 2 1 0 1 2 
#2707980(div: 0) 2734919(div: 1) 2734371(div: 2) 
1 1 76 83 
#c 0 1 2 2 1 2 0 1 2 1 1 2 2 1 0 0 1 2 2 1 2 0 1 2 2 0 2 0 1 0 0 1 2 2 1 2 0 1 2 1 1 2 0 1 2 1 2 2 0 1 2 1 1 2 0 1 2 0 2 2 2 0 2 0 2 2 1 2 2 2 1 2 0 1 2 0 1 2 2 1 2 0 0 1 0 1 2 0 2 2 2 2 1 0 1 2 
#2707980(div: 0) 2734919(div: 1) 2734371(div: 2) 
1 1 83 94 
#c 0 1 2 2 1 2 0 1 2 1 1 2 2 1 0 0 1 2 2 1 2 0 1 2 2 0 2 0 1 0 0 1 2 2 1 2 0 1 2 1 1 2 0 1 2 1 2 2 0 1 2 1 1 2 0 1 2 0 2 2 2 0 2 0 2 2 1 2 2 2 1 2 0 1 2 0 1 2 2 1 2 0 0 1 0 1 2 0 2 2 2 2 1 0 1 2 
#2707980(div: 0) 2734919(div: 1) 2734371(div: 2) 
1 1 79 83 
#c 0 1 2 2 1 2 0 1 2 1 1 2 2 1 0 0 1 2 2 1 2 0 1 2 2 0 2 0 1 0 0 1 2 2 1 2 0 1 2 1 1 2 0 1 2 1 2 2 0 1 2 1 1 2 0 1 2 0 2 2 2 0 2 0 2 2 1 2 2 2 1 2 0 1 2 0 1 2 2 1 2 0 0 1 0 1 2 0 2 2 2 2 1 0 1 2 
#2707980(div: 0) 2734919(div: 1) 2734371(div: 2) 
1 1 73 83 
#c 0 1 2 2 1 2 0 1 2 1 1 2 2 1 0 0 1 2 2 1 2 0 1 2 2 0 2 0 1 0 0 1 2 2 1 2 0 1 2 1 1 2 0 1 2 1 2 2 0 1 2 1 1 2 0 1 2 0 2 2 2 0 2 0 2 2 1 2 2 2 1 2 0 1 2 0 1 2 2 1 2 0 0 1 0 1 2 0 2 2 2 2 1 0 1 2 
#2707980(div: 0) 2734919(div: 1) 2734371(div: 2) 
1 1 16 83 
#c 0 1 2 2 1 2 0 1 2 1 1 2 2 1 0 0 1 2 2 1 2 0 1 2 2 0 2 0 1 0 0 1 2 2 1 2 0 1 2 1 1 2 0 1 2 1 2 2 0 1 2 1 1 2 0 1 2 0 2 2 2 0 2 0 2 2 1 2 2 2 1 2 0 1 2 0 1 2 2 1 2 0 0 2 0 1 2 0 2 2 2 2 1 0 1 2 
#2707980(div: 0) 2732820(div: 1) 2736470(div: 2) 
44 23 2 3 5 8 11 12 17 18 20 23 24 26 32 33 35 38 41 44 46 47 50 53 56 58 59 60 62 64 65 67 68 69 71 74 77 78 80 83 86 88 89 90 91 95 0 6 14 15 21 25 27 29 30 36 42 48 54 57 61 63 72 75 81 82 84 87 93 
#c 0 1 2 2 1 2 0 1 2 1 1 2 2 1 0 0 1 2 2 1 2 0 1 2 2 0 2 0 1 0 0 1 2 2 1 2 0 1 2 1 1 2 0 1 2 1 2 2 0 1 2 1 1 2 0 1 2 0 2 2 2 0 2 0 2 2 1 2 2 2 1 2 0 1 2 0 1 2 2 1 2 0 0 2 0 1 2 0 2 2 2 2 1 0 1 2 
#2707980(div: 0) 2732820(div: 1) 2736470(div: 2) 
1 1 35 95 
#c 0 1 2 2 1 2 0 1 2 1 1 2 2 1 0 0 1 2 2 1 2 0 1 2 2 0 2 0 1 0 0 1 2 2 1 2 0 1 2 1 1 2 0 1 2 1 2 2 0 1 2 1 1 2 0 1 2 0 2 2 2 0 2 0 2 2 1 2 2 2 1 2 0 1 2 0 1 2 2 1 2 0 0 2 0 1 2 0 2 2 2 2 1 0 1 2 
#2707980(div: 0) 2732820(div: 1) 2736470(div: 2) 
1 1 18 35 
#c 0 1 2 2 1 2 0 1 2 1 1 2 2 1 0 0 1 2 2 1 2 0 1 2 2 0 2 0 1 0 0 1 2 2 1 2 0 1 2 1 1 2 0 1 2 1 2 2 0 1 2 1 1 2 0 1 2 0 2 2 2 0 2 0 2 2 1 2 2 2 1 2 0 1 2 0 1 2 2 1 2 0 0 2 0 1 2 0 2 2 2 2 1 0 1 2 
#2707980(div: 0) 2732820(div: 1) 2736470(div: 2) 
1 1 33 35 
#c 0 1 2 2 1 2 0 1 2 1 1 2 2 1 0 0 1 2 2 1 2 0 1 2 2 0 2 0 1 0 0 1 2 2 1 2 0 1 2 1 1 2 0 1 2 1 2 2 0 1 2 1 1 2 0 1 2 0 2 2 2 0 2 0 2 2 1 2 2 2 1 2 0 1 2 0 1 2 2 1 2 0 0 2 0 1 2 0 2 2 2 2 1 0 1 2 
#2707980(div: 0) 2732820(div: 1) 2736470(div: 2) 
1 1 35 91 
#c 0 1 2 2 1 2 0 1 2 1 1 2 2 1 0 0 1 2 2 1 2 0 1 2 2 0 2 0 1 0 0 1 2 2 1 2 0 1 2 1 1 2 0 1 2 1 2 2 0 1 2 1 1 2 0 1 2 0 2 2 2 0 2 0 2 2 1 2 2 2 1 2 0 1 2 0 1 2 2 1 2 0 0 2 0 1 2 0 2 2 2 2 1 0 1 2 
#2707980(div: 0) 2732820(div: 1) 2736470(div: 2) 
1 1 32 91 
#c 0 1 2 2 1 2 0 1 2 1 1 2 2 1 0 0 1 2 2 1 2 0 1 2 2 0 2 0 1 0 0 1 2 2 1 2 0 1 2 1 1 2 0 1 2 1 2 2 0 1 2 1 1 2 0 1 2 0 2 2 2 0 2 0 2 2 1 2 2 2 1 2 0 1 2 0 1 2 2 1 2 0 0 2 0 1 2 0 2 2 2 2 1 0 1 2 
#2707980(div: 0) 2732820(div: 1) 2736470(div: 2) 
1 1 32 88 
#c 0 1 2 2 1 2 0 1 2 1 1 2 2 1 0 0 1 2 2 1 2 0 1 2 2 0 2 0 1 0 0 1 2 2 1 2 0 1 2 1 1 2 0 1 2 1 2 2 0 1 2 1 1 2 0 1 2 0 2 2 2 0 2 0 2 2 1 2 2 2 1 2 0 1 2 0 1 2 2 1 2 0 0 2 0 1 2 0 2 2 2 2 1 0 1 2 
#2707980(div: 0) 2732820(div: 1) 2736470(div: 2) 
1 1 32 64 
#c 0 1 2 2 1 2 0 1 2 1 1 2 2 1 0 0 1 2 2 1 2 0 1 2 2 0 2 0 1 0 0 1 2 2 1 2 0 1 2 1 1 2 0 1 2 1 2 2 0 1 2 1 1 2 0 1 2 0 2 2 2 0 2 0 2 2 1 2 2 2 1 2 0 1 2 0 1 2 2 1 2 0 0 2 0 1 2 0 2 2 2 2 1 0 1 2 
#2707980(div: 0) 2732820(div: 1) 2736470(div: 2) 
1 1 32 90 
0 1 2 2 1 2 0 1 2 1 1 2 2 1 0 0 1 2 2 1 2 0 1 2 2 0 2 0 1 0 0 1 0 2 1 2 0 1 2 1 1 2 0 1 2 1 2 2 0 1 2 1 1 2 0 1 2 0 2 2 2 0 2 0 2 2 1 2 2 2 1 2 0 1 2 0 1 2 2 1 2 0 0 2 0 1 2 0 2 2 2 2 1 0 1 2 
#1011307
