#c 0 1 2 3 4 5 6 7 0 1 2 3 4 5 6 7 0 1 2 3 4 5 6 7 0 1 2 3 4 5 6 7 0 1 
#634258(div: 0) 516691(div: 1) 896784(div: 2) 391739(div: 3) 420812(div: 4) 593401(div: 5) 566438(div: 6) 470547(div: 7) 
5 4 0 8 16 24 32 6 14 22 30 
#c 0 1 2 3 4 5 6 7 0 1 2 3 4 5 6 7 0 1 2 3 4 5 6 7 0 1 2 3 4 5 6 7 0 1 
#634258(div: 0) 516691(div: 1) 896784(div: 2) 391739(div: 3) 420812(div: 4) 593401(div: 5) 566438(div: 6) 470547(div: 7) 
4 4 6 14 22 30 5 13 21 29 
#c 0 1 2 3 4 5 6 7 0 1 2 3 4 5 6 7 0 1 2 3 4 5 6 7 0 1 2 3 4 5 6 7 0 1 
#634258(div: 0) 516691(div: 1) 896784(div: 2) 391739(div: 3) 420812(div: 4) 593401(div: 5) 566438(div: 6) 470547(div: 7) 
5 4 0 8 16 24 32 5 13 21 29 
#c 0 1 2 3 4 5 6 7 0 1 2 3 4 5 6 7 0 1 2 3 4 5 6 7 0 1 2 3 4 5 6 7 0 1 
#634258(div: 0) 516691(div: 1) 896784(div: 2) 391739(div: 3) 420812(div: 4) 593401(div: 5) 566438(div: 6) 470547(div: 7) 
4 4 6 14 22 30 7 15 23 31 
#c 0 1 2 3 4 5 6 7 0 1 2 3 4 5 6 7 0 1 2 3 4 5 6 7 0 1 2 3 4 5 6 7 0 1 
#634258(div: 0) 516691(div: 1) 896784(div: 2) 391739(div: 3) 420812(div: 4) 593401(div: 5) 566438(div: 6) 470547(div: 7) 
4 5 7 15 23 31 1 9 17 25 33 
#c 0 1 2 3 4 5 6 7 0 1 2 3 4 5 6 7 0 1 2 3 4 5 6 7 0 1 2 3 4 5 6 7 0 1 
#634258(div: 0) 516691(div: 1) 896784(div: 2) 391739(div: 3) 420812(div: 4) 593401(div: 5) 566438(div: 6) 470547(div: 7) 
5 5 0 8 16 24 32 1 9 17 25 33 
#c 0 1 2 3 4 5 6 7 0 1 2 3 4 5 6 7 0 1 2 3 4 5 6 7 0 1 2 3 4 5 6 7 0 1 
#634258(div: 0) 516691(div: 1) 896784(div: 2) 391739(div: 3) 420812(div: 4) 593401(div: 5) 566438(div: 6) 470547(div: 7) 
4 4 7 15 23 31 4 12 20 28 
#c 0 1 2 3 4 5 6 7 0 1 2 3 4 5 6 7 0 1 2 3 4 5 6 7 0 1 2 3 4 5 6 7 0 1 
#634258(div: 0) 516691(div: 1) 896784(div: 2) 391739(div: 3) 420812(div: 4) 593401(div: 5) 566438(div: 6) 470547(div: 7) 
1 1 0 16 
#c 0 1 2 3 4 5 6 7 0 1 2 3 4 5 6 7 0 1 2 3 4 5 6 7 0 1 2 3 4 5 6 7 0 1 
#634258(div: 0) 516691(div: 1) 896784(div: 2) 391739(div: 3) 420812(div: 4) 593401(div: 5) 566438(div: 6) 470547(div: 7) 
1 1 0 32 
#c 0 1 2 3 4 5 6 7 0 1 2 3 4 5 6 7 0 1 2 3 4 5 6 7 0 1 2 3 4 5 6 7 0 1 
#634258(div: 0) 516691(div: 1) 896784(div: 2) 391739(div: 3) 420812(div: 4) 593401(div: 5) 566438(div: 6) 470547(div: 7) 
1 1 0 8 
#c 4 1 2 3 4 5 6 7 0 1 2 3 4 5 6 7 0 1 2 3 4 5 6 7 0 1 2 3 4 5 6 7 0 1 
#628164(div: 0) 516691(div: 1) 896784(div: 2) 391739(div: 3) 426906(div: 4) 593401(div: 5) 566438(div: 6) 470547(div: 7) 
4 5 8 16 24 32 0 4 12 20 28 
#c 4 1 2 3 4 5 6 7 0 1 2 3 4 5 6 7 0 1 2 3 4 5 6 7 0 1 2 3 4 5 6 7 0 1 
#628164(div: 0) 516691(div: 1) 896784(div: 2) 391739(div: 3) 426906(div: 4) 593401(div: 5) 566438(div: 6) 470547(div: 7) 
1 1 16 32 
#c 4 1 2 3 4 5 6 7 0 1 2 3 4 5 6 7 0 1 2 3 4 5 6 7 0 1 2 3 4 5 6 7 0 1 
#628164(div: 0) 516691(div: 1) 896784(div: 2) 391739(div: 3) 426906(div: 4) 593401(div: 5) 566438(div: 6) 470547(div: 7) 
1 1 16 24 
#c 4 1 2 3 4 5 6 7 0 1 2 3 4 5 6 7 0 1 2 3 4 5 6 7 0 1 2 3 4 5 6 7 0 1 
#628164(div: 0) 516691(div: 1) 896784(div: 2) 391739(div: 3) 426906(div: 4) 593401(div: 5) 566438(div: 6) 470547(div: 7) 
1 1 8 16 
#c 4 1 2 3 4 5 6 7 0 1 2 3 4 5 6 7 4 1 2 3 4 5 6 7 0 1 2 3 4 5 6 7 0 1 
#617324(div: 0) 516691(div: 1) 896784(div: 2) 391739(div: 3) 437746(div: 4) 593401(div: 5) 566438(div: 6) 470547(div: 7) 
4 5 2 10 18 26 1 9 17 25 33 
#c 4 1 2 3 4 5 6 7 0 1 2 3 4 5 6 7 4 1 2 3 4 5 6 7 0 1 2 3 4 5 6 7 0 1 
#617324(div: 0) 516691(div: 1) 896784(div: 2) 391739(div: 3) 437746(div: 4) 593401(div: 5) 566438(div: 6) 470547(div: 7) 
5 4 1 9 17 25 33 3 11 19 27 
#c 4 1 2 3 4 5 6 7 0 1 2 3 4 5 6 7 4 1 2 3 4 5 6 7 0 1 2 3 4 5 6 7 0 1 
#617324(div: 0) 516691(div: 1) 896784(div: 2) 391739(div: 3) 437746(div: 4) 593401(div: 5) 566438(div: 6) 470547(div: 7) 
4 3 3 11 19 27 8 24 32 
#c 4 1 2 3 4 5 6 7 0 1 2 3 4 5 6 7 4 1 2 3 4 5 6 7 0 1 2 3 4 5 6 7 0 1 
#617324(div: 0) 516691(div: 1) 896784(div: 2) 391739(div: 3) 437746(div: 4) 593401(div: 5) 566438(div: 6) 470547(div: 7) 
4 3 2 10 18 26 8 24 32 
#c 4 1 2 3 4 5 6 7 0 1 2 3 4 5 6 7 4 1 2 3 4 5 6 7 0 1 2 3 4 5 6 7 0 1 
#617324(div: 0) 516691(div: 1) 896784(div: 2) 391739(div: 3) 437746(div: 4) 593401(div: 5) 566438(div: 6) 470547(div: 7) 
4 4 3 11 19 27 7 15 23 31 
#c 4 1 2 3 4 5 6 7 0 1 2 3 4 5 6 7 4 1 2 3 4 5 6 7 0 1 2 3 4 5 6 7 0 1 
#617324(div: 0) 516691(div: 1) 896784(div: 2) 391739(div: 3) 437746(div: 4) 593401(div: 5) 566438(div: 6) 470547(div: 7) 
4 4 2 10 18 26 7 15 23 31 
#c 4 1 2 3 4 5 6 7 0 1 2 3 4 5 6 7 4 1 2 3 4 5 6 7 0 1 2 3 4 5 6 7 0 1 
#617324(div: 0) 516691(div: 1) 896784(div: 2) 391739(div: 3) 437746(div: 4) 593401(div: 5) 566438(div: 6) 470547(div: 7) 
4 4 3 11 19 27 6 14 22 30 
#c 4 1 2 3 4 5 6 7 0 1 2 3 4 5 6 7 4 1 2 3 4 5 6 7 0 1 2 3 4 5 6 7 0 1 
#617324(div: 0) 516691(div: 1) 896784(div: 2) 391739(div: 3) 437746(div: 4) 593401(div: 5) 566438(div: 6) 470547(div: 7) 
4 4 2 10 18 26 6 14 22 30 
#c 4 1 2 3 4 5 6 7 0 1 2 3 4 5 6 7 4 1 2 3 4 5 6 7 0 1 2 3 4 5 6 7 0 1 
#617324(div: 0) 516691(div: 1) 896784(div: 2) 391739(div: 3) 437746(div: 4) 593401(div: 5) 566438(div: 6) 470547(div: 7) 
1 1 10 26 
#c 4 1 2 3 4 5 6 7 0 1 2 3 4 5 6 7 4 1 2 3 4 5 6 7 0 1 2 3 4 5 6 7 0 1 
#617324(div: 0) 516691(div: 1) 896784(div: 2) 391739(div: 3) 437746(div: 4) 593401(div: 5) 566438(div: 6) 470547(div: 7) 
1 1 18 26 
#c 4 1 2 3 4 5 6 7 0 1 2 3 4 5 6 7 4 1 2 3 4 5 6 7 0 1 2 3 4 5 6 7 0 1 
#617324(div: 0) 516691(div: 1) 896784(div: 2) 391739(div: 3) 437746(div: 4) 593401(div: 5) 566438(div: 6) 470547(div: 7) 
1 1 2 18 
#c 4 1 3 3 4 5 6 7 0 1 2 3 4 5 6 7 4 1 2 3 4 5 6 7 0 1 2 3 4 5 6 7 0 1 
#617324(div: 0) 516691(div: 1) 772150(div: 2) 516373(div: 3) 437746(div: 4) 593401(div: 5) 566438(div: 6) 470547(div: 7) 
3 5 10 18 26 2 3 11 19 27 
#c 4 1 3 3 4 5 6 7 0 1 2 3 4 5 6 7 4 1 2 3 4 5 6 7 0 1 2 3 4 5 6 7 0 1 
#617324(div: 0) 516691(div: 1) 772150(div: 2) 516373(div: 3) 437746(div: 4) 593401(div: 5) 566438(div: 6) 470547(div: 7) 
1 1 10 26 
#c 4 1 3 3 4 5 6 7 0 1 2 3 4 5 6 7 4 1 2 3 4 5 6 7 0 1 2 3 4 5 6 7 0 1 
#617324(div: 0) 516691(div: 1) 772150(div: 2) 516373(div: 3) 437746(div: 4) 593401(div: 5) 566438(div: 6) 470547(div: 7) 
1 1 18 26 
#c 4 1 3 3 4 5 6 7 0 1 2 3 4 5 6 7 4 1 3 3 4 5 6 7 0 1 2 3 4 5 6 7 0 1 
#617324(div: 0) 516691(div: 1) 576489(div: 2) 712034(div: 3) 437746(div: 4) 593401(div: 5) 566438(div: 6) 470547(div: 7) 
6 6 0 4 12 16 20 28 2 3 11 18 19 27 
#c 4 1 3 3 4 5 6 7 0 1 2 3 4 5 6 7 4 1 3 3 4 5 6 7 0 1 2 3 4 5 6 7 0 1 
#617324(div: 0) 516691(div: 1) 576489(div: 2) 712034(div: 3) 437746(div: 4) 593401(div: 5) 566438(div: 6) 470547(div: 7) 
6 4 0 4 12 16 20 28 6 14 22 30 
#c 4 1 3 3 4 5 6 7 0 1 2 3 4 5 6 7 4 1 3 3 4 5 6 7 0 1 2 3 4 5 6 7 0 1 
#617324(div: 0) 516691(div: 1) 576489(div: 2) 712034(div: 3) 437746(div: 4) 593401(div: 5) 566438(div: 6) 470547(div: 7) 
6 4 2 3 11 18 19 27 6 14 22 30 
#c 4 1 3 3 4 5 6 7 0 1 2 3 4 5 6 7 4 1 3 3 4 5 6 7 0 1 2 3 4 5 6 7 0 1 
#617324(div: 0) 516691(div: 1) 576489(div: 2) 712034(div: 3) 437746(div: 4) 593401(div: 5) 566438(div: 6) 470547(div: 7) 
6 5 0 4 12 16 20 28 1 9 17 25 33 
#c 4 1 3 3 4 5 6 7 0 1 2 3 4 5 6 7 4 1 3 3 4 5 6 7 0 1 2 3 4 5 6 7 0 1 
#617324(div: 0) 516691(div: 1) 576489(div: 2) 712034(div: 3) 437746(div: 4) 593401(div: 5) 566438(div: 6) 470547(div: 7) 
6 5 2 3 11 18 19 27 1 9 17 25 33 
#c 4 1 3 3 4 5 6 7 0 1 2 3 4 5 6 7 4 1 3 3 4 5 6 7 0 1 2 3 4 5 6 7 0 1 
#617324(div: 0) 516691(div: 1) 576489(div: 2) 712034(div: 3) 437746(div: 4) 593401(div: 5) 566438(div: 6) 470547(div: 7) 
6 3 0 4 12 16 20 28 8 24 32 
#c 4 1 3 3 4 5 6 7 0 1 2 3 4 5 6 7 4 1 3 3 4 5 6 7 0 1 2 3 4 5 6 7 0 1 
#617324(div: 0) 516691(div: 1) 576489(div: 2) 712034(div: 3) 437746(div: 4) 593401(div: 5) 566438(div: 6) 470547(div: 7) 
6 3 2 3 11 18 19 27 8 24 32 
#c 4 1 3 3 4 5 6 7 0 1 2 3 4 5 6 7 4 1 3 3 4 5 6 7 0 1 2 3 4 5 6 7 0 1 
#617324(div: 0) 516691(div: 1) 576489(div: 2) 712034(div: 3) 437746(div: 4) 593401(div: 5) 566438(div: 6) 470547(div: 7) 
6 2 0 4 12 16 20 28 10 26 
#c 4 1 3 3 4 5 6 7 0 1 2 3 4 5 6 7 4 1 3 3 4 5 6 7 0 1 2 3 4 5 6 7 0 1 
#617324(div: 0) 516691(div: 1) 576489(div: 2) 712034(div: 3) 437746(div: 4) 593401(div: 5) 566438(div: 6) 470547(div: 7) 
6 2 2 3 11 18 19 27 10 26 
#c 4 1 3 3 4 5 6 7 0 1 2 3 4 5 6 7 4 1 3 3 4 5 6 7 0 1 2 3 4 5 6 7 0 1 
#617324(div: 0) 516691(div: 1) 576489(div: 2) 712034(div: 3) 437746(div: 4) 593401(div: 5) 566438(div: 6) 470547(div: 7) 
1 1 3 18 
#c 4 1 3 3 4 5 6 7 0 1 2 3 4 5 6 7 4 1 3 3 4 5 6 7 0 1 2 3 4 5 6 7 0 1 
#617324(div: 0) 516691(div: 1) 576489(div: 2) 712034(div: 3) 437746(div: 4) 593401(div: 5) 566438(div: 6) 470547(div: 7) 
1 1 2 18 
#c 4 1 3 3 4 5 6 7 0 1 2 3 4 5 6 7 4 1 3 3 4 5 6 7 0 1 2 3 4 5 6 7 0 1 
#617324(div: 0) 516691(div: 1) 576489(div: 2) 712034(div: 3) 437746(div: 4) 593401(div: 5) 566438(div: 6) 470547(div: 7) 
1 1 2 19 
#c 4 1 3 3 4 5 6 7 0 1 2 3 4 5 6 7 4 1 3 4 4 5 6 7 0 1 2 3 4 5 6 7 0 1 
#617324(div: 0) 516691(div: 1) 576489(div: 2) 681646(div: 3) 468134(div: 4) 593401(div: 5) 566438(div: 6) 470547(div: 7) 
5 7 2 3 11 18 27 0 4 12 16 19 20 28 
#c 4 1 3 3 4 5 6 7 0 1 2 3 4 5 6 7 4 1 3 4 4 5 6 7 0 1 2 3 4 5 6 7 0 1 
#617324(div: 0) 516691(div: 1) 576489(div: 2) 681646(div: 3) 468134(div: 4) 593401(div: 5) 566438(div: 6) 470547(div: 7) 
1 1 2 11 
#c 4 1 3 3 4 5 6 7 0 1 2 3 4 5 6 7 4 1 3 4 4 5 6 7 0 1 2 3 4 5 6 7 0 1 
#617324(div: 0) 516691(div: 1) 576489(div: 2) 681646(div: 3) 468134(div: 4) 593401(div: 5) 566438(div: 6) 470547(div: 7) 
1 1 3 11 
#c 4 1 3 3 4 5 6 7 0 1 2 3 4 5 6 7 4 1 3 4 4 5 6 7 0 1 2 3 4 5 6 7 0 1 
#617324(div: 0) 516691(div: 1) 576489(div: 2) 681646(div: 3) 468134(div: 4) 593401(div: 5) 566438(div: 6) 470547(div: 7) 
1 1 11 18 
#c 4 1 3 3 4 5 6 7 0 1 2 4 4 5 6 7 4 1 3 4 4 5 6 7 0 1 2 3 4 5 6 7 0 1 
#617324(div: 0) 516691(div: 1) 576489(div: 2) 627402(div: 3) 522378(div: 4) 593401(div: 5) 566438(div: 6) 470547(div: 7) 
4 5 5 13 21 29 1 9 17 25 33 
#c 4 1 3 3 4 5 6 7 0 1 2 4 4 5 6 7 4 1 3 4 4 5 6 7 0 1 2 3 4 5 6 7 0 1 
#617324(div: 0) 516691(div: 1) 576489(div: 2) 627402(div: 3) 522378(div: 4) 593401(div: 5) 566438(div: 6) 470547(div: 7) 
5 2 1 9 17 25 33 10 26 
#c 4 1 3 3 4 5 6 7 0 1 2 4 4 5 6 7 4 1 3 4 4 5 6 7 0 1 2 3 4 5 6 7 0 1 
#617324(div: 0) 516691(div: 1) 576489(div: 2) 627402(div: 3) 522378(div: 4) 593401(div: 5) 566438(div: 6) 470547(div: 7) 
4 2 5 13 21 29 10 26 
#c 4 1 3 3 4 5 6 7 0 1 2 4 4 5 6 7 4 1 3 4 4 5 6 7 0 1 2 3 4 5 6 7 0 1 
#617324(div: 0) 516691(div: 1) 576489(div: 2) 627402(div: 3) 522378(div: 4) 593401(div: 5) 566438(div: 6) 470547(div: 7) 
5 3 1 9 17 25 33 8 24 32 
#c 4 1 3 3 4 5 6 7 0 1 2 4 4 5 6 7 4 1 3 4 4 5 6 7 0 1 2 3 4 5 6 7 0 1 
#617324(div: 0) 516691(div: 1) 576489(div: 2) 627402(div: 3) 522378(div: 4) 593401(div: 5) 566438(div: 6) 470547(div: 7) 
4 3 5 13 21 29 8 24 32 
#c 4 1 3 3 4 5 6 7 0 1 2 4 4 5 6 7 4 1 3 4 4 5 6 7 0 1 2 3 4 5 6 7 0 1 
#617324(div: 0) 516691(div: 1) 576489(div: 2) 627402(div: 3) 522378(div: 4) 593401(div: 5) 566438(div: 6) 470547(div: 7) 
5 4 1 9 17 25 33 7 15 23 31 
#c 4 1 3 3 4 5 6 7 0 1 2 4 4 5 6 7 4 1 3 4 4 5 6 7 0 1 2 3 4 5 6 7 0 1 
#617324(div: 0) 516691(div: 1) 576489(div: 2) 627402(div: 3) 522378(div: 4) 593401(div: 5) 566438(div: 6) 470547(div: 7) 
4 4 7 15 23 31 6 14 22 30 
#c 4 1 3 3 4 5 6 7 0 1 2 4 4 5 6 7 4 1 3 4 4 5 6 7 0 1 2 3 4 5 6 7 0 1 
#617324(div: 0) 516691(div: 1) 576489(div: 2) 627402(div: 3) 522378(div: 4) 593401(div: 5) 566438(div: 6) 470547(div: 7) 
3 4 8 24 32 6 14 22 30 
#c 4 1 3 3 4 5 6 7 0 1 2 4 4 5 6 7 4 1 3 4 4 5 6 7 0 1 2 3 4 5 6 7 0 1 
#617324(div: 0) 516691(div: 1) 576489(div: 2) 627402(div: 3) 522378(div: 4) 593401(div: 5) 566438(div: 6) 470547(div: 7) 
1 1 8 32 
#c 4 1 3 3 4 5 6 7 0 1 2 4 4 5 6 7 4 1 3 4 4 5 6 7 0 1 2 3 4 5 6 7 0 1 
#617324(div: 0) 516691(div: 1) 576489(div: 2) 627402(div: 3) 522378(div: 4) 593401(div: 5) 566438(div: 6) 470547(div: 7) 
1 1 8 24 
#c 4 1 3 3 4 5 6 7 7 1 2 4 4 5 6 7 4 1 3 4 4 5 6 7 0 1 2 3 4 5 6 7 0 1 
#520070(div: 0) 516691(div: 1) 576489(div: 2) 627402(div: 3) 522378(div: 4) 593401(div: 5) 566438(div: 6) 567801(div: 7) 
2 5 24 32 7 8 15 23 31 
#c 4 1 3 3 4 5 6 7 7 1 2 4 4 5 6 7 4 1 3 4 4 5 6 7 0 1 2 3 4 5 6 7 0 1 
#520070(div: 0) 516691(div: 1) 576489(div: 2) 627402(div: 3) 522378(div: 4) 593401(div: 5) 566438(div: 6) 567801(div: 7) 
4 2 5 13 21 29 24 32 
#c 4 1 3 3 4 5 6 7 7 1 2 4 4 5 6 7 4 1 3 4 4 5 6 7 0 1 2 3 4 5 6 7 0 1 
#520070(div: 0) 516691(div: 1) 576489(div: 2) 627402(div: 3) 522378(div: 4) 593401(div: 5) 566438(div: 6) 567801(div: 7) 
2 5 24 32 7 8 15 23 31 
#c 4 1 3 3 4 5 6 7 7 1 2 4 4 5 6 7 4 1 3 4 4 5 6 7 0 1 2 3 4 5 6 7 0 1 
#520070(div: 0) 516691(div: 1) 576489(div: 2) 627402(div: 3) 522378(div: 4) 593401(div: 5) 566438(div: 6) 567801(div: 7) 
4 5 5 13 21 29 7 8 15 23 31 
#c 4 1 3 3 4 5 6 7 7 1 2 4 4 5 6 7 4 1 3 4 4 5 6 7 0 1 2 3 4 5 6 7 0 1 
#520070(div: 0) 516691(div: 1) 576489(div: 2) 627402(div: 3) 522378(div: 4) 593401(div: 5) 566438(div: 6) 567801(div: 7) 
2 5 24 32 1 9 17 25 33 
#c 4 1 3 3 4 5 6 7 7 1 2 4 4 5 6 7 4 1 3 4 4 5 6 7 0 1 2 3 4 5 6 7 0 1 
#520070(div: 0) 516691(div: 1) 576489(div: 2) 627402(div: 3) 522378(div: 4) 593401(div: 5) 566438(div: 6) 567801(div: 7) 
5 4 1 9 17 25 33 6 14 22 30 
#c 4 1 3 3 4 5 6 7 7 1 2 4 4 5 6 7 4 1 3 4 4 5 6 7 0 1 2 3 4 5 6 7 0 1 
#520070(div: 0) 516691(div: 1) 576489(div: 2) 627402(div: 3) 522378(div: 4) 593401(div: 5) 566438(div: 6) 567801(div: 7) 
4 4 5 13 21 29 6 14 22 30 
#c 4 1 3 3 4 5 6 7 7 1 2 4 4 5 6 7 4 1 3 4 4 5 6 7 0 1 2 3 4 5 6 7 0 1 
#520070(div: 0) 516691(div: 1) 576489(div: 2) 627402(div: 3) 522378(div: 4) 593401(div: 5) 566438(div: 6) 567801(div: 7) 
5 8 1 9 17 25 33 0 4 11 12 16 19 20 28 
#c 4 1 3 3 4 5 6 7 7 1 2 4 4 5 6 7 4 1 3 4 4 5 6 7 0 1 2 3 4 5 6 7 0 1 
#520070(div: 0) 516691(div: 1) 576489(div: 2) 627402(div: 3) 522378(div: 4) 593401(div: 5) 566438(div: 6) 567801(div: 7) 
4 8 5 13 21 29 0 4 11 12 16 19 20 28 
#c 4 1 3 3 4 5 6 7 7 1 2 4 4 5 6 7 4 1 3 4 4 5 6 7 0 1 2 3 4 5 6 7 0 1 
#520070(div: 0) 516691(div: 1) 576489(div: 2) 627402(div: 3) 522378(div: 4) 593401(div: 5) 566438(div: 6) 567801(div: 7) 
1 1 13 21 
#c 4 1 3 3 4 5 6 7 7 1 2 4 4 5 6 7 4 1 3 4 4 5 6 7 0 1 2 3 4 5 6 7 0 1 
#520070(div: 0) 516691(div: 1) 576489(div: 2) 627402(div: 3) 522378(div: 4) 593401(div: 5) 566438(div: 6) 567801(div: 7) 
1 1 21 29 
#c 4 1 3 3 4 5 6 7 7 1 2 4 4 5 6 7 4 1 3 4 4 5 6 7 0 1 2 3 4 5 6 7 0 1 
#520070(div: 0) 516691(div: 1) 576489(div: 2) 627402(div: 3) 522378(div: 4) 593401(div: 5) 566438(div: 6) 567801(div: 7) 
1 1 5 21 
#c 4 1 3 3 4 5 6 7 7 1 2 4 4 5 6 7 4 1 3 4 4 1 6 7 0 1 2 3 4 5 6 7 0 1 
#520070(div: 0) 545155(div: 1) 576489(div: 2) 627402(div: 3) 522378(div: 4) 564937(div: 5) 566438(div: 6) 567801(div: 7) 
3 6 5 13 29 1 9 17 21 25 33 
#c 4 1 3 3 4 5 6 7 7 1 2 4 4 5 6 7 4 1 3 4 4 1 6 7 0 1 2 3 4 5 6 7 0 1 
#520070(div: 0) 545155(div: 1) 576489(div: 2) 627402(div: 3) 522378(div: 4) 564937(div: 5) 566438(div: 6) 567801(div: 7) 
1 1 5 29 
#c 4 1 3 3 4 5 6 7 7 1 2 4 4 5 6 7 4 1 3 4 4 1 6 7 0 1 2 3 4 5 6 7 0 1 
#520070(div: 0) 545155(div: 1) 576489(div: 2) 627402(div: 3) 522378(div: 4) 564937(div: 5) 566438(div: 6) 567801(div: 7) 
1 1 13 29 
#c 4 1 3 3 4 5 6 7 7 1 2 4 4 1 6 7 4 1 3 4 4 1 6 7 0 1 2 3 4 5 6 7 0 1 
#520070(div: 0) 643711(div: 1) 576489(div: 2) 627402(div: 3) 522378(div: 4) 466381(div: 5) 566438(div: 6) 567801(div: 7) 
2 4 10 26 6 14 22 30 
#c 4 1 3 3 4 5 6 7 7 1 2 4 4 1 6 7 4 1 3 4 4 1 6 7 0 1 2 3 4 5 6 7 0 1 
#520070(div: 0) 643711(div: 1) 576489(div: 2) 627402(div: 3) 522378(div: 4) 466381(div: 5) 566438(div: 6) 567801(div: 7) 
4 5 6 14 22 30 7 8 15 23 31 
#c 4 1 3 3 4 5 6 7 7 1 2 4 4 1 6 7 4 1 3 4 4 1 6 7 0 1 2 3 4 5 6 7 0 1 
#520070(div: 0) 643711(div: 1) 576489(div: 2) 627402(div: 3) 522378(div: 4) 466381(div: 5) 566438(div: 6) 567801(div: 7) 
2 5 10 26 7 8 15 23 31 
#c 4 1 3 3 4 5 6 7 7 1 2 4 4 1 6 7 4 1 3 4 4 1 6 7 0 1 2 3 4 5 6 7 0 1 
#520070(div: 0) 643711(div: 1) 576489(div: 2) 627402(div: 3) 522378(div: 4) 466381(div: 5) 566438(div: 6) 567801(div: 7) 
4 2 6 14 22 30 5 29 
#c 4 1 3 3 4 5 6 7 7 1 2 4 4 1 6 7 4 1 3 4 4 1 6 7 0 1 2 3 4 5 6 7 0 1 
#520070(div: 0) 643711(div: 1) 576489(div: 2) 627402(div: 3) 522378(div: 4) 466381(div: 5) 566438(div: 6) 567801(div: 7) 
2 2 5 29 24 32 
#c 4 1 3 3 4 5 6 7 7 1 2 4 4 1 6 7 4 1 3 4 4 1 6 7 0 1 2 3 4 5 6 7 0 1 
#520070(div: 0) 643711(div: 1) 576489(div: 2) 627402(div: 3) 522378(div: 4) 466381(div: 5) 566438(div: 6) 567801(div: 7) 
2 2 10 26 24 32 
#c 4 1 3 3 4 5 6 7 7 1 2 4 4 1 6 7 4 1 3 4 4 1 6 7 0 1 2 3 4 5 6 7 0 1 
#520070(div: 0) 643711(div: 1) 576489(div: 2) 627402(div: 3) 522378(div: 4) 466381(div: 5) 566438(div: 6) 567801(div: 7) 
2 4 5 29 2 3 18 27 
#c 4 1 3 3 4 5 6 7 7 1 2 4 4 1 6 7 4 1 3 4 4 1 6 7 0 1 2 3 4 5 6 7 0 1 
#520070(div: 0) 643711(div: 1) 576489(div: 2) 627402(div: 3) 522378(div: 4) 466381(div: 5) 566438(div: 6) 567801(div: 7) 
2 4 10 26 2 3 18 27 
#c 4 1 3 3 4 5 6 7 7 1 2 4 4 1 6 7 4 1 3 4 4 1 6 7 0 1 2 3 4 5 6 7 0 1 
#520070(div: 0) 643711(div: 1) 576489(div: 2) 627402(div: 3) 522378(div: 4) 466381(div: 5) 566438(div: 6) 567801(div: 7) 
1 1 2 3 
#c 4 1 3 3 4 5 6 7 7 1 2 4 4 1 6 7 4 1 3 4 4 1 6 7 0 1 2 3 4 5 6 7 0 1 
#520070(div: 0) 643711(div: 1) 576489(div: 2) 627402(div: 3) 522378(div: 4) 466381(div: 5) 566438(div: 6) 567801(div: 7) 
1 1 2 27 
#c 4 1 3 3 4 5 6 7 7 1 2 4 4 1 6 7 4 1 3 4 4 1 6 7 0 1 2 3 4 5 6 7 0 1 
#520070(div: 0) 643711(div: 1) 576489(div: 2) 627402(div: 3) 522378(div: 4) 466381(div: 5) 566438(div: 6) 567801(div: 7) 
1 1 18 27 
#c 4 1 3 3 4 5 6 7 7 1 2 4 4 1 6 7 4 1 3 4 4 1 6 7 0 1 2 5 4 5 6 7 0 1 
#520070(div: 0) 643711(div: 1) 576489(div: 2) 516636(div: 3) 522378(div: 4) 577147(div: 5) 566438(div: 6) 567801(div: 7) 
3 3 2 3 18 5 27 29 
#c 4 1 3 3 4 5 6 7 7 1 2 4 4 1 6 7 4 1 3 4 4 1 6 7 0 1 2 5 4 5 6 7 0 1 
#520070(div: 0) 643711(div: 1) 576489(div: 2) 516636(div: 3) 522378(div: 4) 577147(div: 5) 566438(div: 6) 567801(div: 7) 
8 2 0 4 11 12 16 19 20 28 24 32 
#c 4 1 3 3 4 5 6 7 7 1 2 4 4 1 6 7 4 1 3 4 4 1 6 7 0 1 2 5 4 5 6 7 0 1 
#520070(div: 0) 643711(div: 1) 576489(div: 2) 516636(div: 3) 522378(div: 4) 577147(div: 5) 566438(div: 6) 567801(div: 7) 
2 7 24 32 1 9 13 17 21 25 33 
#c 4 1 3 3 4 5 6 7 7 1 2 4 4 1 6 7 4 1 3 4 4 1 6 7 0 1 2 5 4 5 6 7 0 1 
#520070(div: 0) 643711(div: 1) 576489(div: 2) 516636(div: 3) 522378(div: 4) 577147(div: 5) 566438(div: 6) 567801(div: 7) 
8 7 0 4 11 12 16 19 20 28 1 9 13 17 21 25 33 
#c 4 1 3 3 4 5 6 7 7 1 2 4 4 1 6 7 4 1 3 4 4 1 6 7 0 1 2 5 4 5 6 7 0 1 
#520070(div: 0) 643711(div: 1) 576489(div: 2) 516636(div: 3) 522378(div: 4) 577147(div: 5) 566438(div: 6) 567801(div: 7) 
2 3 24 32 5 27 29 
#c 4 1 3 3 4 5 6 7 7 1 2 4 4 1 6 7 4 1 3 4 4 1 6 7 0 1 2 5 4 5 6 7 0 1 
#520070(div: 0) 643711(div: 1) 576489(div: 2) 516636(div: 3) 522378(div: 4) 577147(div: 5) 566438(div: 6) 567801(div: 7) 
7 3 1 9 13 17 21 25 33 5 27 29 
#c 4 1 3 3 4 5 6 7 7 1 2 4 4 1 6 7 4 1 3 4 4 1 6 7 0 1 2 5 4 5 6 7 0 1 
#520070(div: 0) 643711(div: 1) 576489(div: 2) 516636(div: 3) 522378(div: 4) 577147(div: 5) 566438(div: 6) 567801(div: 7) 
2 2 24 32 10 26 
#c 4 1 3 3 4 5 6 7 7 1 2 4 4 1 6 7 4 1 3 4 4 1 6 7 0 1 2 5 4 5 6 7 0 1 
#520070(div: 0) 643711(div: 1) 576489(div: 2) 516636(div: 3) 522378(div: 4) 577147(div: 5) 566438(div: 6) 567801(div: 7) 
7 2 1 9 13 17 21 25 33 10 26 
#c 4 1 3 3 4 5 6 7 7 1 2 4 4 1 6 7 4 1 3 4 4 1 6 7 0 1 2 5 4 5 6 7 0 1 
#520070(div: 0) 643711(div: 1) 576489(div: 2) 516636(div: 3) 522378(div: 4) 577147(div: 5) 566438(div: 6) 567801(div: 7) 
2 5 24 32 7 8 15 23 31 
#c 4 1 3 3 4 5 6 7 7 1 2 4 4 1 6 7 4 1 3 4 4 1 6 7 0 1 2 5 4 5 6 7 0 1 
#520070(div: 0) 643711(div: 1) 576489(div: 2) 516636(div: 3) 522378(div: 4) 577147(div: 5) 566438(div: 6) 567801(div: 7) 
7 5 1 9 13 17 21 25 33 7 8 15 23 31 
#c 4 1 3 3 4 5 6 7 7 1 2 4 4 1 6 7 4 1 3 4 4 1 6 7 0 1 2 5 4 5 6 7 0 1 
#520070(div: 0) 643711(div: 1) 576489(div: 2) 516636(div: 3) 522378(div: 4) 577147(div: 5) 566438(div: 6) 567801(div: 7) 
1 1 1 13 
#c 4 1 3 3 4 5 6 7 7 1 2 4 4 1 6 7 4 1 3 4 4 1 6 7 0 1 2 5 4 5 6 7 0 1 
#520070(div: 0) 643711(div: 1) 576489(div: 2) 516636(div: 3) 522378(div: 4) 577147(div: 5) 566438(div: 6) 567801(div: 7) 
1 1 1 25 
#c 4 1 3 3 4 5 6 7 7 1 2 4 4 1 6 7 4 1 3 4 4 1 6 7 0 1 2 5 4 5 6 7 0 1 
#520070(div: 0) 643711(div: 1) 576489(div: 2) 516636(div: 3) 522378(div: 4) 577147(div: 5) 566438(div: 6) 567801(div: 7) 
1 1 1 21 
#c 4 0 3 3 4 5 6 7 7 1 2 4 4 1 6 7 4 1 3 4 4 1 6 7 0 1 2 5 4 5 6 7 0 1 
#527844(div: 0) 635937(div: 1) 576489(div: 2) 516636(div: 3) 522378(div: 4) 577147(div: 5) 566438(div: 6) 567801(div: 7) 
6 3 9 13 17 21 25 33 1 24 32 
#c 4 0 3 3 4 5 6 7 7 1 2 4 4 1 6 7 4 1 3 4 4 1 6 7 0 1 2 5 4 5 6 7 0 1 
#527844(div: 0) 635937(div: 1) 576489(div: 2) 516636(div: 3) 522378(div: 4) 577147(div: 5) 566438(div: 6) 567801(div: 7) 
1 1 17 25 
#c 4 0 3 3 4 5 6 7 7 1 2 4 4 1 6 7 4 1 3 4 4 1 6 7 0 1 2 5 4 5 6 7 0 1 
#527844(div: 0) 635937(div: 1) 576489(div: 2) 516636(div: 3) 522378(div: 4) 577147(div: 5) 566438(div: 6) 567801(div: 7) 
1 1 13 17 
#c 4 0 3 3 4 5 6 7 7 1 2 4 4 1 6 7 4 1 3 4 4 1 6 7 0 1 2 5 4 5 6 7 0 1 
#527844(div: 0) 635937(div: 1) 576489(div: 2) 516636(div: 3) 522378(div: 4) 577147(div: 5) 566438(div: 6) 567801(div: 7) 
1 1 17 21 
#c 4 0 3 3 4 5 6 7 7 1 2 4 4 1 6 7 4 1 3 4 4 0 6 7 0 1 2 5 4 5 6 7 0 1 
#556308(div: 0) 607473(div: 1) 576489(div: 2) 516636(div: 3) 522378(div: 4) 577147(div: 5) 566438(div: 6) 567801(div: 7) 
8 4 0 4 11 12 16 19 20 28 1 21 24 32 
#c 4 0 3 3 4 5 6 7 7 1 2 4 4 1 6 7 4 1 3 4 4 0 6 7 0 1 2 5 4 5 6 7 0 1 
#556308(div: 0) 607473(div: 1) 576489(div: 2) 516636(div: 3) 522378(div: 4) 577147(div: 5) 566438(div: 6) 567801(div: 7) 
8 3 0 4 11 12 16 19 20 28 5 27 29 
#c 4 0 3 3 4 5 6 7 7 1 2 4 4 1 6 7 4 1 3 4 4 0 6 7 0 1 2 5 4 5 6 7 0 1 
#556308(div: 0) 607473(div: 1) 576489(div: 2) 516636(div: 3) 522378(div: 4) 577147(div: 5) 566438(div: 6) 567801(div: 7) 
4 3 1 21 24 32 5 27 29 
#c 4 0 3 3 4 5 6 7 7 1 2 4 4 1 6 7 4 1 3 4 4 0 6 7 0 1 2 5 4 5 6 7 0 1 
#556308(div: 0) 607473(div: 1) 576489(div: 2) 516636(div: 3) 522378(div: 4) 577147(div: 5) 566438(div: 6) 567801(div: 7) 
8 5 0 4 11 12 16 19 20 28 9 13 17 25 33 
#c 4 0 3 3 4 5 6 7 7 1 2 4 4 1 6 7 4 1 3 4 4 0 6 7 0 1 2 5 4 5 6 7 0 1 
#556308(div: 0) 607473(div: 1) 576489(div: 2) 516636(div: 3) 522378(div: 4) 577147(div: 5) 566438(div: 6) 567801(div: 7) 
3 5 5 27 29 9 13 17 25 33 
#c 4 0 3 3 4 5 6 7 7 1 2 4 4 1 6 7 4 1 3 4 4 0 6 7 0 1 2 5 4 5 6 7 0 1 
#556308(div: 0) 607473(div: 1) 576489(div: 2) 516636(div: 3) 522378(div: 4) 577147(div: 5) 566438(div: 6) 567801(div: 7) 
8 5 0 4 11 12 16 19 20 28 7 8 15 23 31 
#c 4 0 3 3 4 5 6 7 7 1 2 4 4 1 6 7 4 1 3 4 4 0 6 7 0 1 2 5 4 5 6 7 0 1 
#556308(div: 0) 607473(div: 1) 576489(div: 2) 516636(div: 3) 522378(div: 4) 577147(div: 5) 566438(div: 6) 567801(div: 7) 
5 5 9 13 17 25 33 7 8 15 23 31 
#c 4 0 3 3 4 5 6 7 7 1 2 4 4 1 6 7 4 1 3 4 4 0 6 7 0 1 2 5 4 5 6 7 0 1 
#556308(div: 0) 607473(div: 1) 576489(div: 2) 516636(div: 3) 522378(div: 4) 577147(div: 5) 566438(div: 6) 567801(div: 7) 
8 2 0 4 11 12 16 19 20 28 10 26 
#c 4 0 3 3 4 5 6 7 7 1 2 4 4 1 6 7 4 1 3 4 4 0 6 7 0 1 2 5 4 5 6 7 0 1 
#556308(div: 0) 607473(div: 1) 576489(div: 2) 516636(div: 3) 522378(div: 4) 577147(div: 5) 566438(div: 6) 567801(div: 7) 
5 2 9 13 17 25 33 10 26 
#c 4 0 3 3 4 5 6 7 7 1 2 4 4 1 6 7 4 1 3 4 4 0 6 7 0 1 2 5 4 5 6 7 0 1 
#556308(div: 0) 607473(div: 1) 576489(div: 2) 516636(div: 3) 522378(div: 4) 577147(div: 5) 566438(div: 6) 567801(div: 7) 
1 1 13 17 
4 0 3 3 4 5 6 7 7 1 2 4 4 1 6 7 4 4 3 4 4 0 6 7 0 1 2 5 4 5 6 7 0 1 
#2594369
