#c 0 1 2 3 4 5 6 0 1 2 3 4 5 6 0 1 2 3 4 5 6 0 1 2 3 4 5 6 0 1 2 3 
#621011(div: 0) 779999(div: 1) 124890(div: 2) 325660(div: 3) 530580(div: 4) 883166(div: 5) 412023(div: 6) 
5 4 0 7 14 21 28 5 12 19 26 
#c 0 1 2 3 4 5 6 0 1 2 3 4 5 6 0 1 2 3 4 5 6 0 1 2 3 4 5 6 0 1 2 3 
#621011(div: 0) 779999(div: 1) 124890(div: 2) 325660(div: 3) 530580(div: 4) 883166(div: 5) 412023(div: 6) 
5 5 0 7 14 21 28 3 10 17 24 31 
#c 0 1 2 3 4 5 6 0 1 2 3 4 5 6 0 1 2 3 4 5 6 0 1 2 3 4 5 6 0 1 2 3 
#621011(div: 0) 779999(div: 1) 124890(div: 2) 325660(div: 3) 530580(div: 4) 883166(div: 5) 412023(div: 6) 
5 5 3 10 17 24 31 1 8 15 22 29 
#c 0 1 2 3 4 5 6 0 1 2 3 4 5 6 0 1 2 3 4 5 6 0 1 2 3 4 5 6 0 1 2 3 
#621011(div: 0) 779999(div: 1) 124890(div: 2) 325660(div: 3) 530580(div: 4) 883166(div: 5) 412023(div: 6) 
4 5 5 12 19 26 1 8 15 22 29 
#c 0 1 2 3 4 5 6 0 1 2 3 4 5 6 0 1 2 3 4 5 6 0 1 2 3 4 5 6 0 1 2 3 
#621011(div: 0) 779999(div: 1) 124890(div: 2) 325660(div: 3) 530580(div: 4) 883166(div: 5) 412023(div: 6) 
5 5 3 10 17 24 31 2 9 16 23 30 
#c 0 1 2 3 4 5 6 0 1 2 3 4 5 6 0 1 2 3 4 5 6 0 1 2 3 4 5 6 0 1 2 3 
#621011(div: 0) 779999(div: 1) 124890(div: 2) 325660(div: 3) 530580(div: 4) 883166(div: 5) 412023(div: 6) 
1 1 5 19 
#c 0 1 2 3 4 5 6 0 1 2 3 4 5 6 0 1 2 3 4 5 6 0 1 2 3 4 5 6 0 1 2 3 
#621011(div: 0) 779999(div: 1) 124890(div: 2) 325660(div: 3) 530580(div: 4) 883166(div: 5) 412023(div: 6) 
1 1 5 12 
#c 0 1 2 3 4 5 6 0 1 2 3 4 5 6 0 1 2 3 4 5 6 0 1 2 3 4 5 6 0 1 2 3 
#621011(div: 0) 779999(div: 1) 124890(div: 2) 325660(div: 3) 530580(div: 4) 883166(div: 5) 412023(div: 6) 
1 1 5 26 
#c 0 1 2 3 4 5 6 0 1 2 3 4 5 6 0 1 2 3 4 5 6 0 1 2 3 4 2 6 0 1 2 3 
#621011(div: 0) 779999(div: 1) 133101(div: 2) 325660(div: 3) 530580(div: 4) 874955(div: 5) 412023(div: 6) 
3 6 5 12 19 2 9 16 23 26 30 
#c 0 1 2 3 4 5 6 0 1 2 3 4 5 6 0 1 2 3 4 5 6 0 1 2 3 4 2 6 0 1 2 3 
#621011(div: 0) 779999(div: 1) 133101(div: 2) 325660(div: 3) 530580(div: 4) 874955(div: 5) 412023(div: 6) 
1 1 5 12 
#c 0 1 2 3 4 5 6 0 1 2 3 4 5 6 0 1 2 3 4 5 6 0 1 2 3 4 2 6 0 1 2 3 
#621011(div: 0) 779999(div: 1) 133101(div: 2) 325660(div: 3) 530580(div: 4) 874955(div: 5) 412023(div: 6) 
1 1 5 19 
#c 0 1 2 3 4 2 6 0 1 2 3 4 5 6 0 1 2 3 4 5 6 0 1 2 3 4 2 6 0 1 2 3 
#621011(div: 0) 779999(div: 1) 279696(div: 2) 325660(div: 3) 530580(div: 4) 728360(div: 5) 412023(div: 6) 
4 5 4 11 18 25 1 8 15 22 29 
#c 0 1 2 3 4 2 6 0 1 2 3 4 5 6 0 1 2 3 4 5 6 0 1 2 3 4 2 6 0 1 2 3 
#621011(div: 0) 779999(div: 1) 279696(div: 2) 325660(div: 3) 530580(div: 4) 728360(div: 5) 412023(div: 6) 
4 5 4 11 18 25 0 7 14 21 28 
#c 0 1 2 3 4 2 6 0 1 2 3 4 5 6 0 1 2 3 4 5 6 0 1 2 3 4 2 6 0 1 2 3 
#621011(div: 0) 779999(div: 1) 279696(div: 2) 325660(div: 3) 530580(div: 4) 728360(div: 5) 412023(div: 6) 
5 5 1 8 15 22 29 0 7 14 21 28 
#c 0 1 2 3 4 2 6 0 1 2 3 4 5 6 0 1 2 3 4 5 6 0 1 2 3 4 2 6 0 1 2 3 
#621011(div: 0) 779999(div: 1) 279696(div: 2) 325660(div: 3) 530580(div: 4) 728360(div: 5) 412023(div: 6) 
4 2 4 11 18 25 12 19 
#c 0 1 2 3 4 2 6 0 1 2 3 4 5 6 0 1 2 3 4 5 6 0 1 2 3 4 2 6 0 1 2 3 
#621011(div: 0) 779999(div: 1) 279696(div: 2) 325660(div: 3) 530580(div: 4) 728360(div: 5) 412023(div: 6) 
5 2 1 8 15 22 29 12 19 
#c 0 1 2 3 4 2 6 0 1 2 3 4 5 6 0 1 2 3 4 5 6 0 1 2 3 4 2 6 0 1 2 3 
#621011(div: 0) 779999(div: 1) 279696(div: 2) 325660(div: 3) 530580(div: 4) 728360(div: 5) 412023(div: 6) 
4 7 4 11 18 25 2 5 9 16 23 26 30 
#c 0 1 2 3 4 2 6 0 1 2 3 4 5 6 0 1 2 3 4 5 6 0 1 2 3 4 2 6 0 1 2 3 
#621011(div: 0) 779999(div: 1) 279696(div: 2) 325660(div: 3) 530580(div: 4) 728360(div: 5) 412023(div: 6) 
1 1 8 29 
#c 0 1 2 3 4 2 6 0 1 2 3 4 5 6 0 1 2 3 4 5 6 0 1 2 3 4 2 6 0 1 2 3 
#621011(div: 0) 779999(div: 1) 279696(div: 2) 325660(div: 3) 530580(div: 4) 728360(div: 5) 412023(div: 6) 
1 1 1 8 
#c 0 1 2 3 4 2 6 0 1 2 3 4 5 6 0 1 2 3 4 5 6 0 1 2 3 4 2 6 0 1 2 3 
#621011(div: 0) 779999(div: 1) 279696(div: 2) 325660(div: 3) 530580(div: 4) 728360(div: 5) 412023(div: 6) 
1 1 8 22 
#c 0 1 2 3 4 2 6 0 2 2 3 4 5 6 0 1 2 3 4 5 6 0 1 2 3 4 2 6 0 1 2 3 
#621011(div: 0) 749024(div: 1) 310671(div: 2) 325660(div: 3) 530580(div: 4) 728360(div: 5) 412023(div: 6) 
4 8 1 15 22 29 2 5 8 9 16 23 26 30 
#c 0 1 2 3 4 2 6 0 2 2 3 4 5 6 0 1 2 3 4 5 6 0 1 2 3 4 2 6 0 1 2 3 
#621011(div: 0) 749024(div: 1) 310671(div: 2) 325660(div: 3) 530580(div: 4) 728360(div: 5) 412023(div: 6) 
1 1 15 22 
#c 0 1 2 3 4 2 6 0 2 2 3 4 5 6 0 1 2 3 4 5 6 0 1 2 3 4 2 6 0 1 2 3 
#621011(div: 0) 749024(div: 1) 310671(div: 2) 325660(div: 3) 530580(div: 4) 728360(div: 5) 412023(div: 6) 
1 1 15 29 
#c 0 1 2 3 4 2 6 0 2 2 3 4 5 6 0 1 2 3 4 5 6 0 1 2 3 4 2 6 0 1 2 3 
#621011(div: 0) 749024(div: 1) 310671(div: 2) 325660(div: 3) 530580(div: 4) 728360(div: 5) 412023(div: 6) 
1 1 1 15 
#c 0 1 2 3 4 2 6 0 2 2 3 4 5 6 0 2 2 3 4 5 6 0 1 2 3 4 2 6 0 1 2 3 
#621011(div: 0) 676705(div: 1) 382990(div: 2) 325660(div: 3) 530580(div: 4) 728360(div: 5) 412023(div: 6) 
4 4 6 13 20 27 4 11 18 25 
#c 0 1 2 3 4 2 6 0 2 2 3 4 5 6 0 2 2 3 4 5 6 0 1 2 3 4 2 6 0 1 2 3 
#621011(div: 0) 676705(div: 1) 382990(div: 2) 325660(div: 3) 530580(div: 4) 728360(div: 5) 412023(div: 6) 
4 5 6 13 20 27 0 7 14 21 28 
#c 0 1 2 3 4 2 6 0 2 2 3 4 5 6 0 2 2 3 4 5 6 0 1 2 3 4 2 6 0 1 2 3 
#621011(div: 0) 676705(div: 1) 382990(div: 2) 325660(div: 3) 530580(div: 4) 728360(div: 5) 412023(div: 6) 
4 5 4 11 18 25 0 7 14 21 28 
#c 0 1 2 3 4 2 6 0 2 2 3 4 5 6 0 2 2 3 4 5 6 0 1 2 3 4 2 6 0 1 2 3 
#621011(div: 0) 676705(div: 1) 382990(div: 2) 325660(div: 3) 530580(div: 4) 728360(div: 5) 412023(div: 6) 
4 9 6 13 20 27 2 5 8 9 15 16 23 26 30 
#c 0 1 2 3 4 2 6 0 2 2 3 4 5 6 0 2 2 3 4 5 6 0 1 2 3 4 2 6 0 1 2 3 
#621011(div: 0) 676705(div: 1) 382990(div: 2) 325660(div: 3) 530580(div: 4) 728360(div: 5) 412023(div: 6) 
9 3 2 5 8 9 15 16 23 26 30 1 22 29 
#c 0 1 2 3 4 2 6 0 2 2 3 4 5 6 0 2 2 3 4 5 6 0 1 2 3 4 2 6 0 1 2 3 
#621011(div: 0) 676705(div: 1) 382990(div: 2) 325660(div: 3) 530580(div: 4) 728360(div: 5) 412023(div: 6) 
5 3 0 7 14 21 28 1 22 29 
#c 0 1 2 3 4 2 6 0 2 2 3 4 5 6 0 2 2 3 4 5 6 0 1 2 3 4 2 6 0 1 2 3 
#621011(div: 0) 676705(div: 1) 382990(div: 2) 325660(div: 3) 530580(div: 4) 728360(div: 5) 412023(div: 6) 
1 1 22 29 
#c 0 1 2 3 4 2 6 0 2 2 3 4 5 6 0 2 2 3 4 5 6 0 1 2 3 4 2 6 0 1 2 3 
#621011(div: 0) 676705(div: 1) 382990(div: 2) 325660(div: 3) 530580(div: 4) 728360(div: 5) 412023(div: 6) 
1 1 1 29 
#c 0 2 2 3 4 2 6 0 2 2 3 4 5 6 0 2 2 3 4 5 6 0 1 2 3 4 2 6 0 1 2 3 
#621011(div: 0) 493007(div: 1) 566688(div: 2) 325660(div: 3) 530580(div: 4) 728360(div: 5) 412023(div: 6) 
2 10 22 29 1 2 5 8 9 15 16 23 26 30 
#c 0 2 2 3 4 2 6 0 2 2 3 4 5 6 0 2 2 3 4 5 6 0 1 2 3 4 2 6 0 1 2 3 
#621011(div: 0) 493007(div: 1) 566688(div: 2) 325660(div: 3) 530580(div: 4) 728360(div: 5) 412023(div: 6) 
5 4 3 10 17 24 31 6 13 20 27 
#c 0 2 2 3 4 2 6 0 2 2 3 4 5 6 0 2 2 3 4 5 6 0 1 2 3 4 2 6 0 1 2 3 
#621011(div: 0) 493007(div: 1) 566688(div: 2) 325660(div: 3) 530580(div: 4) 728360(div: 5) 412023(div: 6) 
5 2 3 10 17 24 31 22 29 
#c 0 2 2 3 4 2 6 0 2 2 3 4 5 6 0 2 2 3 4 5 6 0 1 2 3 4 2 6 0 1 2 3 
#621011(div: 0) 493007(div: 1) 566688(div: 2) 325660(div: 3) 530580(div: 4) 728360(div: 5) 412023(div: 6) 
4 2 6 13 20 27 22 29 
#c 0 2 2 3 4 2 6 0 2 2 3 4 5 6 0 2 2 3 4 5 6 0 1 2 3 4 2 6 0 1 2 3 
#621011(div: 0) 493007(div: 1) 566688(div: 2) 325660(div: 3) 530580(div: 4) 728360(div: 5) 412023(div: 6) 
5 10 3 10 17 24 31 1 2 5 8 9 15 16 23 26 30 
#c 0 2 2 3 4 2 6 0 2 2 3 4 5 6 0 2 2 3 4 5 6 0 1 2 3 4 2 6 0 1 2 3 
#621011(div: 0) 493007(div: 1) 566688(div: 2) 325660(div: 3) 530580(div: 4) 728360(div: 5) 412023(div: 6) 
2 10 22 29 1 2 5 8 9 15 16 23 26 30 
#c 0 2 2 3 4 2 6 0 2 2 3 4 5 6 0 2 2 3 4 5 6 0 1 2 3 4 2 6 0 1 2 3 
#621011(div: 0) 493007(div: 1) 566688(div: 2) 325660(div: 3) 530580(div: 4) 728360(div: 5) 412023(div: 6) 
5 4 3 10 17 24 31 4 11 18 25 
#c 0 2 2 3 4 2 6 0 2 2 3 4 5 6 0 2 2 3 4 5 6 0 1 2 3 4 2 6 0 1 2 3 
#621011(div: 0) 493007(div: 1) 566688(div: 2) 325660(div: 3) 530580(div: 4) 728360(div: 5) 412023(div: 6) 
10 4 1 2 5 8 9 15 16 23 26 30 4 11 18 25 
#c 0 2 2 3 4 2 6 0 2 2 3 4 5 6 0 2 2 3 4 5 6 0 1 2 3 4 2 6 0 1 2 3 
#621011(div: 0) 493007(div: 1) 566688(div: 2) 325660(div: 3) 530580(div: 4) 728360(div: 5) 412023(div: 6) 
1 1 8 9 
#c 0 2 2 3 4 2 6 0 2 2 3 4 5 6 0 2 2 3 4 5 6 0 1 2 3 4 2 6 0 1 2 3 
#621011(div: 0) 493007(div: 1) 566688(div: 2) 325660(div: 3) 530580(div: 4) 728360(div: 5) 412023(div: 6) 
1 1 2 9 
#c 0 2 2 3 4 2 6 0 2 2 3 4 5 6 0 2 2 3 4 5 6 0 1 2 3 4 2 6 0 1 2 3 
#621011(div: 0) 493007(div: 1) 566688(div: 2) 325660(div: 3) 530580(div: 4) 728360(div: 5) 412023(div: 6) 
1 1 9 16 
#c 0 2 2 3 4 2 6 0 2 3 3 4 5 6 0 2 2 3 4 5 6 0 1 2 3 4 2 6 0 1 2 3 
#621011(div: 0) 493007(div: 1) 557225(div: 2) 335123(div: 3) 530580(div: 4) 728360(div: 5) 412023(div: 6) 
9 6 1 2 5 8 15 16 23 26 30 3 9 10 17 24 31 
#c 0 2 2 3 4 2 6 0 2 3 3 4 5 6 0 2 2 3 4 5 6 0 1 2 3 4 2 6 0 1 2 3 
#621011(div: 0) 493007(div: 1) 557225(div: 2) 335123(div: 3) 530580(div: 4) 728360(div: 5) 412023(div: 6) 
1 1 5 26 
#c 0 2 2 3 4 2 6 0 2 3 3 4 5 6 0 2 2 3 4 5 6 0 1 2 3 4 2 6 0 1 2 3 
#621011(div: 0) 493007(div: 1) 557225(div: 2) 335123(div: 3) 530580(div: 4) 728360(div: 5) 412023(div: 6) 
1 1 8 26 
#c 0 2 2 3 4 2 6 0 2 3 3 4 5 6 0 2 2 3 4 5 6 0 1 2 3 4 2 6 0 1 2 3 
#621011(div: 0) 493007(div: 1) 557225(div: 2) 335123(div: 3) 530580(div: 4) 728360(div: 5) 412023(div: 6) 
1 1 26 30 
#c 0 2 2 3 4 2 6 0 2 3 3 4 5 6 0 2 2 3 4 5 6 0 1 2 3 4 2 6 0 1 3 3 
#621011(div: 0) 493007(div: 1) 555202(div: 2) 337146(div: 3) 530580(div: 4) 728360(div: 5) 412023(div: 6) 
2 4 12 19 4 11 18 25 
#c 0 2 2 3 4 2 6 0 2 3 3 4 5 6 0 2 2 3 4 5 6 0 1 2 3 4 2 6 0 1 3 3 
#621011(div: 0) 493007(div: 1) 555202(div: 2) 337146(div: 3) 530580(div: 4) 728360(div: 5) 412023(div: 6) 
4 4 4 11 18 25 6 13 20 27 
#c 0 2 2 3 4 2 6 0 2 3 3 4 5 6 0 2 2 3 4 5 6 0 1 2 3 4 2 6 0 1 3 3 
#621011(div: 0) 493007(div: 1) 555202(div: 2) 337146(div: 3) 530580(div: 4) 728360(div: 5) 412023(div: 6) 
4 5 6 13 20 27 0 7 14 21 28 
#c 0 2 2 3 4 2 6 0 2 3 3 4 5 6 0 2 2 3 4 5 6 0 1 2 3 4 2 6 0 1 3 3 
#621011(div: 0) 493007(div: 1) 555202(div: 2) 337146(div: 3) 530580(div: 4) 728360(div: 5) 412023(div: 6) 
2 5 12 19 0 7 14 21 28 
#c 0 2 2 3 4 2 6 0 2 3 3 4 5 6 0 2 2 3 4 5 6 0 1 2 3 4 2 6 0 1 3 3 
#621011(div: 0) 493007(div: 1) 555202(div: 2) 337146(div: 3) 530580(div: 4) 728360(div: 5) 412023(div: 6) 
4 8 6 13 20 27 1 2 5 8 15 16 23 26 
#c 0 2 2 3 4 2 6 0 2 3 3 4 5 6 0 2 2 3 4 5 6 0 1 2 3 4 2 6 0 1 3 3 
#621011(div: 0) 493007(div: 1) 555202(div: 2) 337146(div: 3) 530580(div: 4) 728360(div: 5) 412023(div: 6) 
2 8 12 19 1 2 5 8 15 16 23 26 
#c 0 2 2 3 4 2 6 0 2 3 3 4 5 6 0 2 2 3 4 5 6 0 1 2 3 4 2 6 0 1 3 3 
#621011(div: 0) 493007(div: 1) 555202(div: 2) 337146(div: 3) 530580(div: 4) 728360(div: 5) 412023(div: 6) 
1 1 12 19 
#c 0 2 2 3 4 2 6 0 2 3 3 4 5 6 0 2 2 3 4 6 6 0 1 2 3 4 2 6 0 1 3 3 
#621011(div: 0) 493007(div: 1) 555202(div: 2) 337146(div: 3) 530580(div: 4) 400921(div: 5) 739462(div: 6) 
1 5 12 6 13 19 20 27 
#c 0 2 2 3 4 2 6 0 2 3 3 4 5 6 0 2 2 3 4 6 6 0 1 2 3 4 2 6 0 1 3 3 
#621011(div: 0) 493007(div: 1) 555202(div: 2) 337146(div: 3) 530580(div: 4) 400921(div: 5) 739462(div: 6) 
7 5 3 9 10 17 24 30 31 6 13 19 20 27 
#c 0 2 2 3 4 2 6 0 2 3 3 4 5 6 0 2 2 3 4 6 6 0 1 2 3 4 2 6 0 1 3 3 
#621011(div: 0) 493007(div: 1) 555202(div: 2) 337146(div: 3) 530580(div: 4) 400921(div: 5) 739462(div: 6) 
7 8 3 9 10 17 24 30 31 1 2 5 8 15 16 23 26 
#c 0 2 2 3 4 2 6 0 2 3 3 4 5 6 0 2 2 3 4 6 6 0 1 2 3 4 2 6 0 1 3 3 
#621011(div: 0) 493007(div: 1) 555202(div: 2) 337146(div: 3) 530580(div: 4) 400921(div: 5) 739462(div: 6) 
5 8 6 13 19 20 27 1 2 5 8 15 16 23 26 
#c 0 2 2 3 4 2 6 0 2 3 3 4 5 6 0 2 2 3 4 6 6 0 1 2 3 4 2 6 0 1 3 3 
#621011(div: 0) 493007(div: 1) 555202(div: 2) 337146(div: 3) 530580(div: 4) 400921(div: 5) 739462(div: 6) 
7 2 3 9 10 17 24 30 31 22 29 
#c 0 2 2 3 4 2 6 0 2 3 3 4 5 6 0 2 2 3 4 6 6 0 1 2 3 4 2 6 0 1 3 3 
#621011(div: 0) 493007(div: 1) 555202(div: 2) 337146(div: 3) 530580(div: 4) 400921(div: 5) 739462(div: 6) 
5 2 6 13 19 20 27 22 29 
#c 0 2 2 3 4 2 6 0 2 3 3 4 5 6 0 2 2 3 4 6 6 0 1 2 3 4 2 6 0 1 3 3 
#621011(div: 0) 493007(div: 1) 555202(div: 2) 337146(div: 3) 530580(div: 4) 400921(div: 5) 739462(div: 6) 
7 5 3 9 10 17 24 30 31 0 7 14 21 28 
#c 0 2 2 3 4 2 6 0 2 3 3 4 5 6 0 2 2 3 4 6 6 0 1 2 3 4 2 6 0 1 3 3 
#621011(div: 0) 493007(div: 1) 555202(div: 2) 337146(div: 3) 530580(div: 4) 400921(div: 5) 739462(div: 6) 
5 5 6 13 19 20 27 0 7 14 21 28 
#c 0 2 2 3 4 2 6 0 2 3 3 4 5 6 0 2 2 3 4 6 6 0 1 2 3 4 2 6 0 1 3 3 
#621011(div: 0) 493007(div: 1) 555202(div: 2) 337146(div: 3) 530580(div: 4) 400921(div: 5) 739462(div: 6) 
1 1 6 27 
#c 0 2 2 3 4 2 6 0 2 3 3 4 5 6 0 2 2 3 4 6 6 0 1 2 3 4 2 6 0 1 3 3 
#621011(div: 0) 493007(div: 1) 555202(div: 2) 337146(div: 3) 530580(div: 4) 400921(div: 5) 739462(div: 6) 
1 1 6 19 
#c 0 2 2 3 4 2 6 0 2 3 3 4 5 6 0 2 2 3 4 6 6 0 1 2 3 4 2 6 0 1 3 3 
#621011(div: 0) 493007(div: 1) 555202(div: 2) 337146(div: 3) 530580(div: 4) 400921(div: 5) 739462(div: 6) 
1 1 6 13 
#c 0 2 2 3 4 2 3 0 2 3 3 4 5 6 0 2 2 3 4 6 6 0 1 2 3 4 2 6 0 1 3 3 
#621011(div: 0) 493007(div: 1) 555202(div: 2) 368997(div: 3) 530580(div: 4) 400921(div: 5) 707611(div: 6) 
4 8 13 19 20 27 3 6 9 10 17 24 30 31 
#c 0 2 2 3 4 2 3 0 2 3 3 4 5 6 0 2 2 3 4 6 6 0 1 2 3 4 2 6 0 1 3 3 
#621011(div: 0) 493007(div: 1) 555202(div: 2) 368997(div: 3) 530580(div: 4) 400921(div: 5) 707611(div: 6) 
1 1 13 20 
#c 0 2 2 3 4 2 3 0 2 3 3 4 5 6 0 2 2 3 4 6 6 0 1 2 3 4 2 6 0 1 3 3 
#621011(div: 0) 493007(div: 1) 555202(div: 2) 368997(div: 3) 530580(div: 4) 400921(div: 5) 707611(div: 6) 
1 1 20 27 
#c 0 2 2 3 4 2 3 0 2 3 3 4 5 6 0 2 2 3 4 6 6 0 1 2 3 4 2 6 0 1 3 3 
#621011(div: 0) 493007(div: 1) 555202(div: 2) 368997(div: 3) 530580(div: 4) 400921(div: 5) 707611(div: 6) 
1 1 19 20 
#c 0 2 2 3 4 2 3 0 2 3 3 4 5 6 0 2 2 3 4 6 3 0 1 2 3 4 2 6 0 1 3 3 
#621011(div: 0) 493007(div: 1) 555202(div: 2) 389270(div: 3) 530580(div: 4) 400921(div: 5) 687338(div: 6) 
1 9 12 3 6 9 10 17 20 24 30 31 
#c 0 2 2 3 4 2 3 0 2 3 3 4 5 6 0 2 2 3 4 6 3 0 1 2 3 4 2 6 0 1 3 3 
#621011(div: 0) 493007(div: 1) 555202(div: 2) 389270(div: 3) 530580(div: 4) 400921(div: 5) 687338(div: 6) 
9 4 3 6 9 10 17 20 24 30 31 4 11 18 25 
#c 0 2 2 3 4 2 3 0 2 3 3 4 5 6 0 2 2 3 4 6 3 0 1 2 3 4 2 6 0 1 3 3 
#621011(div: 0) 493007(div: 1) 555202(div: 2) 389270(div: 3) 530580(div: 4) 400921(div: 5) 687338(div: 6) 
1 4 12 4 11 18 25 
#c 0 2 2 3 4 2 3 0 2 3 3 4 5 6 0 2 2 3 4 6 3 0 1 2 3 4 2 6 0 1 3 3 
#621011(div: 0) 493007(div: 1) 555202(div: 2) 389270(div: 3) 530580(div: 4) 400921(div: 5) 687338(div: 6) 
9 2 3 6 9 10 17 20 24 30 31 22 29 
#c 0 2 2 3 4 2 3 0 2 3 3 4 5 6 0 2 2 3 4 6 3 0 1 2 3 4 2 6 0 1 3 3 
#621011(div: 0) 493007(div: 1) 555202(div: 2) 389270(div: 3) 530580(div: 4) 400921(div: 5) 687338(div: 6) 
4 2 4 11 18 25 22 29 
#c 0 2 2 3 4 2 3 0 2 3 3 4 5 6 0 2 2 3 4 6 3 0 1 2 3 4 2 6 0 1 3 3 
#621011(div: 0) 493007(div: 1) 555202(div: 2) 389270(div: 3) 530580(div: 4) 400921(div: 5) 687338(div: 6) 
9 5 3 6 9 10 17 20 24 30 31 0 7 14 21 28 
#c 0 2 2 3 4 2 3 0 2 3 3 4 5 6 0 2 2 3 4 6 3 0 1 2 3 4 2 6 0 1 3 3 
#621011(div: 0) 493007(div: 1) 555202(div: 2) 389270(div: 3) 530580(div: 4) 400921(div: 5) 687338(div: 6) 
4 5 4 11 18 25 0 7 14 21 28 
#c 0 2 2 3 4 2 3 0 2 3 3 4 5 6 0 2 2 3 4 6 3 0 1 2 3 4 2 6 0 1 3 3 
#621011(div: 0) 493007(div: 1) 555202(div: 2) 389270(div: 3) 530580(div: 4) 400921(div: 5) 687338(div: 6) 
1 1 0 21 
#c 0 2 2 3 4 2 3 0 2 3 3 4 5 6 0 2 2 3 4 6 3 0 1 2 3 4 2 6 0 1 3 3 
#621011(div: 0) 493007(div: 1) 555202(div: 2) 389270(div: 3) 530580(div: 4) 400921(div: 5) 687338(div: 6) 
1 1 0 28 
#c 0 2 2 3 4 2 3 0 2 3 3 4 5 6 0 2 2 3 4 6 3 0 1 2 3 4 2 6 0 1 3 3 
#621011(div: 0) 493007(div: 1) 555202(div: 2) 389270(div: 3) 530580(div: 4) 400921(div: 5) 687338(div: 6) 
1 1 7 28 
#c 0 2 2 3 4 2 3 0 2 3 3 4 5 6 0 2 2 3 4 6 3 0 1 2 3 4 2 6 3 1 3 3 
#563350(div: 0) 493007(div: 1) 555202(div: 2) 446931(div: 3) 530580(div: 4) 400921(div: 5) 687338(div: 6) 
4 10 0 7 14 21 3 6 9 10 17 20 24 28 30 31 
#c 0 2 2 3 4 2 3 0 2 3 3 4 5 6 0 2 2 3 4 6 3 0 1 2 3 4 2 6 3 1 3 3 
#563350(div: 0) 493007(div: 1) 555202(div: 2) 446931(div: 3) 530580(div: 4) 400921(div: 5) 687338(div: 6) 
1 1 0 21 
#c 0 2 2 3 4 2 3 0 2 3 3 4 5 6 0 2 2 3 4 6 3 0 1 2 3 4 2 6 3 1 3 3 
#563350(div: 0) 493007(div: 1) 555202(div: 2) 446931(div: 3) 530580(div: 4) 400921(div: 5) 687338(div: 6) 
1 1 0 14 
#c 0 2 2 3 4 2 3 0 2 3 3 4 5 6 0 2 2 3 4 6 3 0 1 2 3 4 2 6 3 1 3 3 
#563350(div: 0) 493007(div: 1) 555202(div: 2) 446931(div: 3) 530580(div: 4) 400921(div: 5) 687338(div: 6) 
1 1 7 14 
#c 0 2 2 3 4 2 3 0 2 3 3 4 5 6 3 2 2 3 4 6 3 0 1 2 3 4 2 6 3 1 3 3 
#510718(div: 0) 493007(div: 1) 555202(div: 2) 499563(div: 3) 530580(div: 4) 400921(div: 5) 687338(div: 6) 
1 3 12 13 19 27 
#c 0 2 2 3 4 2 3 0 2 3 3 4 5 6 3 2 2 3 4 6 3 0 1 2 3 4 2 6 3 1 3 3 
#510718(div: 0) 493007(div: 1) 555202(div: 2) 499563(div: 3) 530580(div: 4) 400921(div: 5) 687338(div: 6) 
1 4 12 4 11 18 25 
#c 0 2 2 3 4 2 3 0 2 3 3 4 5 6 3 2 2 3 4 6 3 0 1 2 3 4 2 6 3 1 3 3 
#510718(div: 0) 493007(div: 1) 555202(div: 2) 499563(div: 3) 530580(div: 4) 400921(div: 5) 687338(div: 6) 
3 4 13 19 27 4 11 18 25 
#c 0 2 2 3 4 2 3 0 2 3 3 4 5 6 3 2 2 3 4 6 3 0 1 2 3 4 2 6 3 1 3 3 
#510718(div: 0) 493007(div: 1) 555202(div: 2) 499563(div: 3) 530580(div: 4) 400921(div: 5) 687338(div: 6) 
1 3 12 0 7 21 
#c 0 2 2 3 4 2 3 0 2 3 3 4 5 6 3 2 2 3 4 6 3 0 1 2 3 4 2 6 3 1 3 3 
#510718(div: 0) 493007(div: 1) 555202(div: 2) 499563(div: 3) 530580(div: 4) 400921(div: 5) 687338(div: 6) 
3 3 13 19 27 0 7 21 
#c 0 2 2 3 4 2 3 0 2 3 3 4 5 6 3 2 2 3 4 6 3 0 1 2 3 4 2 6 3 1 3 3 
#510718(div: 0) 493007(div: 1) 555202(div: 2) 499563(div: 3) 530580(div: 4) 400921(div: 5) 687338(div: 6) 
1 2 12 22 29 
#c 0 2 2 3 4 2 3 0 2 3 3 4 5 6 3 2 2 3 4 6 3 0 1 2 3 4 2 6 3 1 3 3 
#510718(div: 0) 493007(div: 1) 555202(div: 2) 499563(div: 3) 530580(div: 4) 400921(div: 5) 687338(div: 6) 
3 2 13 19 27 22 29 
#c 0 2 2 3 4 2 3 0 2 3 3 4 5 6 3 2 2 3 4 6 3 0 1 2 3 4 2 6 3 1 3 3 
#510718(div: 0) 493007(div: 1) 555202(div: 2) 499563(div: 3) 530580(div: 4) 400921(div: 5) 687338(div: 6) 
1 1 19 27 
#c 0 2 2 3 4 2 3 0 2 3 3 4 5 6 3 2 2 3 4 6 3 0 1 2 3 4 2 6 3 1 3 3 
#510718(div: 0) 493007(div: 1) 555202(div: 2) 499563(div: 3) 530580(div: 4) 400921(div: 5) 687338(div: 6) 
1 1 13 27 
#c 0 2 2 3 4 2 3 0 2 3 3 4 5 5 3 2 2 3 4 6 3 0 1 2 3 4 2 6 3 1 3 3 
#510718(div: 0) 493007(div: 1) 555202(div: 2) 499563(div: 3) 530580(div: 4) 434258(div: 5) 654001(div: 6) 
2 2 19 27 12 13 
#c 0 2 2 3 4 2 3 0 2 3 3 4 5 5 3 2 2 3 4 6 3 0 1 2 3 4 2 6 3 1 3 3 
#510718(div: 0) 493007(div: 1) 555202(div: 2) 499563(div: 3) 530580(div: 4) 434258(div: 5) 654001(div: 6) 
1 1 19 27 
#c 0 2 2 3 4 2 3 0 2 3 3 4 5 5 3 2 2 3 4 6 3 0 1 2 3 4 2 5 3 1 3 3 
#510718(div: 0) 493007(div: 1) 555202(div: 2) 499563(div: 3) 530580(div: 4) 760820(div: 5) 327439(div: 6) 
8 3 1 2 5 8 15 16 23 26 0 7 21 
#c 0 2 2 3 4 2 3 0 2 3 3 4 5 5 3 2 2 3 4 6 3 0 1 2 3 4 2 5 3 1 3 3 
#510718(div: 0) 493007(div: 1) 555202(div: 2) 499563(div: 3) 530580(div: 4) 760820(div: 5) 327439(div: 6) 
3 2 0 7 21 22 29 
#c 0 2 2 3 4 2 3 0 2 3 3 4 5 5 3 2 2 3 4 6 3 0 1 2 3 4 2 5 3 1 3 3 
#510718(div: 0) 493007(div: 1) 555202(div: 2) 499563(div: 3) 530580(div: 4) 760820(div: 5) 327439(div: 6) 
2 11 22 29 3 6 9 10 14 17 20 24 28 30 31 
#c 0 2 2 3 4 2 3 0 2 3 3 4 5 5 3 2 2 3 4 6 3 0 1 2 3 4 2 5 3 1 3 3 
#510718(div: 0) 493007(div: 1) 555202(div: 2) 499563(div: 3) 530580(div: 4) 760820(div: 5) 327439(div: 6) 
8 11 1 2 5 8 15 16 23 26 3 6 9 10 14 17 20 24 28 30 31 
#c 0 2 2 3 4 2 3 0 2 3 3 4 5 5 3 2 2 3 4 6 3 0 1 2 3 4 2 5 3 1 3 3 
#510718(div: 0) 493007(div: 1) 555202(div: 2) 499563(div: 3) 530580(div: 4) 760820(div: 5) 327439(div: 6) 
2 1 22 29 19 
#c 0 2 2 3 4 2 3 0 2 3 3 4 5 5 3 2 2 3 4 6 3 0 1 2 3 4 2 5 3 1 3 3 
#510718(div: 0) 493007(div: 1) 555202(div: 2) 499563(div: 3) 530580(div: 4) 760820(div: 5) 327439(div: 6) 
1 1 2 8 
#c 0 2 2 3 4 2 3 0 2 3 3 4 5 5 3 2 2 3 4 6 3 0 1 2 3 4 2 5 3 1 3 3 
#510718(div: 0) 493007(div: 1) 555202(div: 2) 499563(div: 3) 530580(div: 4) 760820(div: 5) 327439(div: 6) 
1 1 8 26 
#c 0 2 2 3 4 2 3 0 2 3 3 4 5 5 3 2 2 3 4 6 3 0 1 2 3 4 2 5 3 1 3 3 
#510718(div: 0) 493007(div: 1) 555202(div: 2) 499563(div: 3) 530580(div: 4) 760820(div: 5) 327439(div: 6) 
1 1 16 26 
#c 0 2 2 3 4 2 3 0 2 3 3 4 5 5 3 2 2 3 4 6 3 0 1 2 3 4 6 5 3 1 3 3 
#510718(div: 0) 493007(div: 1) 546991(div: 2) 499563(div: 3) 530580(div: 4) 760820(div: 5) 335650(div: 6) 
7 2 1 2 5 8 15 16 23 19 26 
#c 0 2 2 3 4 2 3 0 2 3 3 4 5 5 3 2 2 3 4 6 3 0 1 2 3 4 6 5 3 1 3 3 
#510718(div: 0) 493007(div: 1) 546991(div: 2) 499563(div: 3) 530580(div: 4) 760820(div: 5) 335650(div: 6) 
1 1 5 23 
#c 0 2 2 3 4 2 3 0 2 3 3 4 5 5 3 2 2 3 4 6 3 0 1 2 3 4 6 5 3 1 3 3 
#510718(div: 0) 493007(div: 1) 546991(div: 2) 499563(div: 3) 530580(div: 4) 760820(div: 5) 335650(div: 6) 
1 1 1 23 
#c 0 2 2 3 4 2 3 0 2 3 3 4 5 5 3 2 2 3 4 6 3 0 1 2 3 4 6 5 3 1 3 3 
#510718(div: 0) 493007(div: 1) 546991(div: 2) 499563(div: 3) 530580(div: 4) 760820(div: 5) 335650(div: 6) 
1 1 16 23 
#c 0 2 2 3 4 2 3 0 2 3 3 4 5 5 3 2 2 3 4 6 3 0 1 6 3 4 6 5 3 1 3 3 
#510718(div: 0) 493007(div: 1) 514734(div: 2) 499563(div: 3) 530580(div: 4) 760820(div: 5) 367907(div: 6) 
4 3 4 11 18 25 12 13 27 
#c 0 2 2 3 4 2 3 0 2 3 3 4 5 5 3 2 2 3 4 6 3 0 1 6 3 4 6 5 3 1 3 3 
#510718(div: 0) 493007(div: 1) 514734(div: 2) 499563(div: 3) 530580(div: 4) 760820(div: 5) 367907(div: 6) 
4 11 4 11 18 25 3 6 9 10 14 17 20 24 28 30 31 
#c 0 2 2 3 4 2 3 0 2 3 3 4 5 5 3 2 2 3 4 6 3 0 1 6 3 4 6 5 3 1 3 3 
#510718(div: 0) 493007(div: 1) 514734(div: 2) 499563(div: 3) 530580(div: 4) 760820(div: 5) 367907(div: 6) 
11 3 3 6 9 10 14 17 20 24 28 30 31 19 23 26 
#c 0 2 2 3 4 2 3 0 2 3 3 4 5 5 3 2 2 3 4 6 3 0 1 6 3 4 6 5 3 1 3 3 
#510718(div: 0) 493007(div: 1) 514734(div: 2) 499563(div: 3) 530580(div: 4) 760820(div: 5) 367907(div: 6) 
3 3 19 23 26 0 7 21 
#c 0 2 2 3 4 2 3 0 2 3 3 4 5 5 3 2 2 3 4 6 3 0 1 6 3 4 6 5 3 1 3 3 
#510718(div: 0) 493007(div: 1) 514734(div: 2) 499563(div: 3) 530580(div: 4) 760820(div: 5) 367907(div: 6) 
3 3 12 13 27 0 7 21 
#c 0 2 2 3 4 2 3 0 2 3 3 4 5 5 3 2 2 3 4 6 3 0 1 6 3 4 6 5 3 1 3 3 
#510718(div: 0) 493007(div: 1) 514734(div: 2) 499563(div: 3) 530580(div: 4) 760820(div: 5) 367907(div: 6) 
6 4 1 2 5 8 15 16 4 11 18 25 
#c 0 2 2 3 4 2 3 0 2 3 3 4 5 5 3 2 2 3 4 6 3 0 1 6 3 4 6 5 3 1 3 3 
#510718(div: 0) 493007(div: 1) 514734(div: 2) 499563(div: 3) 530580(div: 4) 760820(div: 5) 367907(div: 6) 
6 2 1 2 5 8 15 16 22 29 
#c 0 2 2 3 4 2 3 0 2 3 3 4 5 5 3 2 2 3 4 6 3 0 1 6 3 4 6 5 3 1 3 3 
#510718(div: 0) 493007(div: 1) 514734(div: 2) 499563(div: 3) 530580(div: 4) 760820(div: 5) 367907(div: 6) 
2 3 22 29 12 13 27 
#c 0 2 2 3 4 2 3 0 2 3 3 4 5 5 3 2 2 3 4 6 3 0 1 6 3 4 6 5 3 1 3 3 
#510718(div: 0) 493007(div: 1) 514734(div: 2) 499563(div: 3) 530580(div: 4) 760820(div: 5) 367907(div: 6) 
4 3 4 11 18 25 12 13 27 
#c 0 2 2 3 4 2 3 0 2 3 3 4 5 5 3 2 2 3 4 6 3 0 1 6 3 4 6 5 3 1 3 3 
#510718(div: 0) 493007(div: 1) 514734(div: 2) 499563(div: 3) 530580(div: 4) 760820(div: 5) 367907(div: 6) 
2 3 22 29 0 7 21 
#c 0 2 2 3 4 2 3 0 2 3 3 4 5 5 3 2 2 3 4 6 3 0 1 6 3 4 6 5 3 1 3 3 
#510718(div: 0) 493007(div: 1) 514734(div: 2) 499563(div: 3) 530580(div: 4) 760820(div: 5) 367907(div: 6) 
3 3 12 13 27 0 7 21 
0 2 2 3 4 2 3 0 2 3 3 4 5 5 3 2 2 3 4 6 3 0 1 6 3 4 6 5 3 1 3 3 
#10843011
