#c 0 1 2 3 4 0 1 2 3 4 0 1 2 3 4 0 1 2 3 4 0 1 2 3 4 0 1 2 3 4 0 1 2 3 4 0 1 2 3 4 0 1 2 3 4 0 1 2 3 4 0 1 2 3 4 0 1 2 3 4 0 1 2 3 4 0 1 2 3 4 0 
#913933(div: 0) 1319214(div: 1) 2082830(div: 2) 1681181(div: 3) 1604292(div: 4) 
15 14 0 5 10 15 20 25 30 35 40 45 50 55 60 65 70 4 9 14 19 24 29 34 39 44 49 54 59 64 69 
#c 0 1 2 3 4 0 1 2 3 4 0 1 2 3 4 0 1 2 3 4 0 1 2 3 4 0 1 2 3 4 0 1 2 3 4 0 1 2 3 4 0 1 2 3 4 0 1 2 3 4 0 1 2 3 4 0 1 2 3 4 0 1 2 3 4 0 1 2 3 4 0 
#913933(div: 0) 1319214(div: 1) 2082830(div: 2) 1681181(div: 3) 1604292(div: 4) 
15 14 0 5 10 15 20 25 30 35 40 45 50 55 60 65 70 3 8 13 18 23 28 33 38 43 48 53 58 63 68 
#c 0 1 2 3 4 0 1 2 3 4 0 1 2 3 4 0 1 2 3 4 0 1 2 3 4 0 1 2 3 4 0 1 2 3 4 0 1 2 3 4 0 1 2 3 4 0 1 2 3 4 0 1 2 3 4 0 1 2 3 4 0 1 2 3 4 0 1 2 3 4 0 
#913933(div: 0) 1319214(div: 1) 2082830(div: 2) 1681181(div: 3) 1604292(div: 4) 
14 14 4 9 14 19 24 29 34 39 44 49 54 59 64 69 3 8 13 18 23 28 33 38 43 48 53 58 63 68 
#c 0 1 2 3 4 0 1 2 3 4 0 1 2 3 4 0 1 2 3 4 0 1 2 3 4 0 1 2 3 4 0 1 2 3 4 0 1 2 3 4 0 1 2 3 4 0 1 2 3 4 0 1 2 3 4 0 1 2 3 4 0 1 2 3 4 0 1 2 3 4 0 
#913933(div: 0) 1319214(div: 1) 2082830(div: 2) 1681181(div: 3) 1604292(div: 4) 
15 14 0 5 10 15 20 25 30 35 40 45 50 55 60 65 70 2 7 12 17 22 27 32 37 42 47 52 57 62 67 
#c 0 1 2 3 4 0 1 2 3 4 0 1 2 3 4 0 1 2 3 4 0 1 2 3 4 0 1 2 3 4 0 1 2 3 4 0 1 2 3 4 0 1 2 3 4 0 1 2 3 4 0 1 2 3 4 0 1 2 3 4 0 1 2 3 4 0 1 2 3 4 0 
#913933(div: 0) 1319214(div: 1) 2082830(div: 2) 1681181(div: 3) 1604292(div: 4) 
14 14 3 8 13 18 23 28 33 38 43 48 53 58 63 68 2 7 12 17 22 27 32 37 42 47 52 57 62 67 
#c 0 1 2 3 4 0 1 2 3 4 0 1 2 3 4 0 1 2 3 4 0 1 2 3 4 0 1 2 3 4 0 1 2 3 4 0 1 2 3 4 0 1 2 3 4 0 1 2 3 4 0 1 2 3 4 0 1 2 3 4 0 1 2 3 4 0 1 2 3 4 0 
#913933(div: 0) 1319214(div: 1) 2082830(div: 2) 1681181(div: 3) 1604292(div: 4) 
1 1 22 47 
#c 0 1 2 3 4 0 1 2 3 4 0 1 2 3 4 0 1 2 3 4 0 1 2 3 4 0 1 2 3 4 0 1 2 3 4 0 1 2 3 4 0 1 2 3 4 0 1 2 3 4 0 1 2 3 4 0 1 2 3 4 0 1 2 3 4 0 1 2 3 4 0 
#913933(div: 0) 1319214(div: 1) 2082830(div: 2) 1681181(div: 3) 1604292(div: 4) 
1 1 22 32 
#c 0 1 2 3 4 0 1 2 3 4 0 1 2 3 4 0 1 2 3 4 0 1 2 3 4 0 1 2 3 4 0 1 2 3 4 0 1 2 3 4 0 1 2 3 4 0 1 2 3 4 0 1 2 3 4 0 1 2 3 4 0 1 2 3 4 0 1 2 3 4 0 
#913933(div: 0) 1319214(div: 1) 2082830(div: 2) 1681181(div: 3) 1604292(div: 4) 
1 1 22 67 
#c 0 1 2 3 4 0 1 2 3 4 0 1 2 3 4 0 1 2 3 4 0 1 2 3 4 0 1 2 3 4 0 1 2 3 4 0 1 2 3 4 0 1 2 3 4 0 1 2 3 4 0 1 2 3 4 0 1 2 3 4 0 1 2 3 4 0 1 0 3 4 0 
#935362(div: 0) 1319214(div: 1) 2061401(div: 2) 1681181(div: 3) 1604292(div: 4) 
13 16 2 7 12 17 22 27 32 37 42 47 52 57 62 0 5 10 15 20 25 30 35 40 45 50 55 60 65 67 70 
#c 0 1 2 3 4 0 1 2 3 4 0 1 2 3 4 0 1 2 3 4 0 1 2 3 4 0 1 2 3 4 0 1 2 3 4 0 1 2 3 4 0 1 2 3 4 0 1 2 3 4 0 1 2 3 4 0 1 2 3 4 0 1 2 3 4 0 1 0 3 4 0 
#935362(div: 0) 1319214(div: 1) 2061401(div: 2) 1681181(div: 3) 1604292(div: 4) 
1 1 22 52 
#c 0 1 2 3 4 0 1 2 3 4 0 1 2 3 4 0 1 2 3 4 0 1 2 3 4 0 1 2 3 4 0 1 2 3 4 0 1 2 3 4 0 1 2 3 4 0 1 2 3 4 0 1 2 3 4 0 1 2 3 4 0 1 2 3 4 0 1 0 3 4 0 
#935362(div: 0) 1319214(div: 1) 2061401(div: 2) 1681181(div: 3) 1604292(div: 4) 
1 1 17 22 
#c 0 1 2 3 4 0 1 2 3 4 0 1 2 3 4 0 1 2 3 4 0 1 2 3 4 0 1 2 3 4 0 1 2 3 4 0 1 2 3 4 0 1 2 3 4 0 1 2 3 4 0 1 2 3 4 0 1 2 3 4 0 1 2 3 4 0 1 0 3 4 0 
#935362(div: 0) 1319214(div: 1) 2061401(div: 2) 1681181(div: 3) 1604292(div: 4) 
1 1 22 47 
#c 0 1 2 3 4 0 1 2 3 4 0 1 2 3 4 0 1 2 3 4 0 1 0 3 4 0 1 2 3 4 0 1 2 3 4 0 1 2 3 4 0 1 2 3 4 0 1 2 3 4 0 1 2 3 4 0 1 2 3 4 0 1 2 3 4 0 1 0 3 4 0 
#1021578(div: 0) 1319214(div: 1) 1975185(div: 2) 1681181(div: 3) 1604292(div: 4) 
14 12 1 6 11 16 21 26 31 36 41 46 51 56 61 66 2 7 12 17 27 32 37 42 47 52 57 62 
#c 0 1 2 3 4 0 1 2 3 4 0 1 2 3 4 0 1 2 3 4 0 1 0 3 4 0 1 2 3 4 0 1 2 3 4 0 1 2 3 4 0 1 2 3 4 0 1 2 3 4 0 1 2 3 4 0 1 2 3 4 0 1 2 3 4 0 1 0 3 4 0 
#1021578(div: 0) 1319214(div: 1) 1975185(div: 2) 1681181(div: 3) 1604292(div: 4) 
14 14 1 6 11 16 21 26 31 36 41 46 51 56 61 66 3 8 13 18 23 28 33 38 43 48 53 58 63 68 
#c 0 1 2 3 4 0 1 2 3 4 0 1 2 3 4 0 1 2 3 4 0 1 0 3 4 0 1 2 3 4 0 1 2 3 4 0 1 2 3 4 0 1 2 3 4 0 1 2 3 4 0 1 2 3 4 0 1 2 3 4 0 1 2 3 4 0 1 0 3 4 0 
#1021578(div: 0) 1319214(div: 1) 1975185(div: 2) 1681181(div: 3) 1604292(div: 4) 
12 14 2 7 12 17 27 32 37 42 47 52 57 62 3 8 13 18 23 28 33 38 43 48 53 58 63 68 
#c 0 1 2 3 4 0 1 2 3 4 0 1 2 3 4 0 1 2 3 4 0 1 0 3 4 0 1 2 3 4 0 1 2 3 4 0 1 2 3 4 0 1 2 3 4 0 1 2 3 4 0 1 2 3 4 0 1 2 3 4 0 1 2 3 4 0 1 0 3 4 0 
#1021578(div: 0) 1319214(div: 1) 1975185(div: 2) 1681181(div: 3) 1604292(div: 4) 
14 14 1 6 11 16 21 26 31 36 41 46 51 56 61 66 4 9 14 19 24 29 34 39 44 49 54 59 64 69 
#c 0 1 2 3 4 0 1 2 3 4 0 1 2 3 4 0 1 2 3 4 0 1 0 3 4 0 1 2 3 4 0 1 2 3 4 0 1 2 3 4 0 1 2 3 4 0 1 2 3 4 0 1 2 3 4 0 1 2 3 4 0 1 2 3 4 0 1 0 3 4 0 
#1021578(div: 0) 1319214(div: 1) 1975185(div: 2) 1681181(div: 3) 1604292(div: 4) 
12 14 2 7 12 17 27 32 37 42 47 52 57 62 4 9 14 19 24 29 34 39 44 49 54 59 64 69 
#c 0 1 2 3 4 0 1 2 3 4 0 1 2 3 4 0 1 2 3 4 0 1 0 3 4 0 1 2 3 4 0 1 2 3 4 0 1 2 3 4 0 1 2 3 4 0 1 2 3 4 0 1 2 3 4 0 1 2 3 4 0 1 2 3 4 0 1 0 3 4 0 
#1021578(div: 0) 1319214(div: 1) 1975185(div: 2) 1681181(div: 3) 1604292(div: 4) 
1 1 17 42 
#c 0 1 2 3 4 0 1 2 3 4 0 1 2 3 4 0 1 2 3 4 0 1 0 3 4 0 1 2 3 4 0 1 2 3 4 0 1 2 3 4 0 1 2 3 4 0 1 2 3 4 0 1 2 3 4 0 1 2 3 4 0 1 2 3 4 0 1 0 3 4 0 
#1021578(div: 0) 1319214(div: 1) 1975185(div: 2) 1681181(div: 3) 1604292(div: 4) 
1 1 32 42 
#c 0 1 2 3 4 0 1 2 3 4 0 1 2 3 4 0 1 2 3 4 0 1 0 3 4 0 1 2 3 4 0 1 2 3 4 0 1 2 3 4 0 1 2 3 4 0 1 2 3 4 0 1 2 3 4 0 1 2 3 4 0 1 2 3 4 0 1 0 3 4 0 
#1021578(div: 0) 1319214(div: 1) 1975185(div: 2) 1681181(div: 3) 1604292(div: 4) 
1 1 42 57 
#c 0 1 2 3 4 0 1 2 3 4 0 1 2 3 4 0 1 2 3 4 0 1 0 3 4 0 1 2 3 4 0 1 2 3 4 0 1 2 3 4 0 1 1 3 4 0 1 2 3 4 0 1 2 3 4 0 1 2 3 4 0 1 2 3 4 0 1 0 3 4 0 
#1021578(div: 0) 1411671(div: 1) 1882728(div: 2) 1681181(div: 3) 1604292(div: 4) 
11 15 2 7 12 17 27 32 37 47 52 57 62 1 6 11 16 21 26 31 36 41 42 46 51 56 61 66 
#c 0 1 2 3 4 0 1 2 3 4 0 1 2 3 4 0 1 2 3 4 0 1 0 3 4 0 1 2 3 4 0 1 2 3 4 0 1 2 3 4 0 1 1 3 4 0 1 2 3 4 0 1 2 3 4 0 1 2 3 4 0 1 2 3 4 0 1 0 3 4 0 
#1021578(div: 0) 1411671(div: 1) 1882728(div: 2) 1681181(div: 3) 1604292(div: 4) 
1 1 27 47 
#c 0 1 2 3 4 0 1 2 3 4 0 1 2 3 4 0 1 2 3 4 0 1 0 3 4 0 1 2 3 4 0 1 2 3 4 0 1 2 3 4 0 1 1 3 4 0 1 2 3 4 0 1 2 3 4 0 1 2 3 4 0 1 2 3 4 0 1 0 3 4 0 
#1021578(div: 0) 1411671(div: 1) 1882728(div: 2) 1681181(div: 3) 1604292(div: 4) 
1 1 32 47 
#c 0 1 2 3 4 0 1 2 3 4 0 1 2 3 4 0 1 2 3 4 0 1 0 3 4 0 1 2 3 4 0 1 2 3 4 0 1 2 3 4 0 1 1 3 4 0 1 2 3 4 0 1 2 3 4 0 1 2 3 4 0 1 2 3 4 0 1 0 3 4 0 
#1021578(div: 0) 1411671(div: 1) 1882728(div: 2) 1681181(div: 3) 1604292(div: 4) 
1 1 32 62 
#c 0 1 2 3 4 0 1 2 3 4 0 1 2 3 4 0 1 2 3 4 0 1 0 3 4 0 1 2 3 4 0 1 2 3 4 0 1 2 3 4 0 1 1 3 4 0 1 2 3 4 0 1 2 3 4 0 1 2 3 4 0 1 1 3 4 0 1 0 3 4 0 
#1021578(div: 0) 1426677(div: 1) 1867722(div: 2) 1681181(div: 3) 1604292(div: 4) 
17 10 0 5 10 15 20 22 25 30 35 40 45 50 55 60 65 67 70 2 7 12 17 27 32 37 47 52 57 
#c 0 1 2 3 4 0 1 2 3 4 0 1 2 3 4 0 1 2 3 4 0 1 0 3 4 0 1 2 3 4 0 1 2 3 4 0 1 2 3 4 0 1 1 3 4 0 1 2 3 4 0 1 2 3 4 0 1 2 3 4 0 1 1 3 4 0 1 0 3 4 0 
#1021578(div: 0) 1426677(div: 1) 1867722(div: 2) 1681181(div: 3) 1604292(div: 4) 
17 14 0 5 10 15 20 22 25 30 35 40 45 50 55 60 65 67 70 3 8 13 18 23 28 33 38 43 48 53 58 63 68 
#c 0 1 2 3 4 0 1 2 3 4 0 1 2 3 4 0 1 2 3 4 0 1 0 3 4 0 1 2 3 4 0 1 2 3 4 0 1 2 3 4 0 1 1 3 4 0 1 2 3 4 0 1 2 3 4 0 1 2 3 4 0 1 1 3 4 0 1 0 3 4 0 
#1021578(div: 0) 1426677(div: 1) 1867722(div: 2) 1681181(div: 3) 1604292(div: 4) 
10 14 2 7 12 17 27 32 37 47 52 57 3 8 13 18 23 28 33 38 43 48 53 58 63 68 
#c 0 1 2 3 4 0 1 2 3 4 0 1 2 3 4 0 1 2 3 4 0 1 0 3 4 0 1 2 3 4 0 1 2 3 4 0 1 2 3 4 0 1 1 3 4 0 1 2 3 4 0 1 2 3 4 0 1 2 3 4 0 1 1 3 4 0 1 0 3 4 0 
#1021578(div: 0) 1426677(div: 1) 1867722(div: 2) 1681181(div: 3) 1604292(div: 4) 
17 14 0 5 10 15 20 22 25 30 35 40 45 50 55 60 65 67 70 4 9 14 19 24 29 34 39 44 49 54 59 64 69 
#c 0 1 2 3 4 0 1 2 3 4 0 1 2 3 4 0 1 2 3 4 0 1 0 3 4 0 1 2 3 4 0 1 2 3 4 0 1 2 3 4 0 1 1 3 4 0 1 2 3 4 0 1 2 3 4 0 1 2 3 4 0 1 1 3 4 0 1 0 3 4 0 
#1021578(div: 0) 1426677(div: 1) 1867722(div: 2) 1681181(div: 3) 1604292(div: 4) 
10 14 2 7 12 17 27 32 37 47 52 57 4 9 14 19 24 29 34 39 44 49 54 59 64 69 
#c 0 1 2 3 4 0 1 2 3 4 0 1 2 3 4 0 1 2 3 4 0 1 0 3 4 0 1 2 3 4 0 1 2 3 4 0 1 2 3 4 0 1 1 3 4 0 1 2 3 4 0 1 2 3 4 0 1 2 3 4 0 1 1 3 4 0 1 0 3 4 0 
#1021578(div: 0) 1426677(div: 1) 1867722(div: 2) 1681181(div: 3) 1604292(div: 4) 
1 1 32 52 
#c 0 1 2 3 4 0 1 2 3 4 0 1 2 3 4 0 1 2 3 4 0 1 0 3 4 0 1 2 3 4 0 1 2 3 4 0 1 2 3 4 0 1 1 3 4 0 1 2 3 4 0 1 2 3 4 0 1 2 3 4 0 1 1 3 4 0 1 0 3 4 0 
#1021578(div: 0) 1426677(div: 1) 1867722(div: 2) 1681181(div: 3) 1604292(div: 4) 
1 1 27 52 
#c 0 1 2 3 4 0 1 2 3 4 0 1 2 3 4 0 1 2 3 4 0 1 0 3 4 0 1 2 3 4 0 1 2 3 4 0 1 2 3 4 0 1 1 3 4 0 1 2 3 4 0 1 2 3 4 0 1 2 3 4 0 1 1 3 4 0 1 0 3 4 0 
#1021578(div: 0) 1426677(div: 1) 1867722(div: 2) 1681181(div: 3) 1604292(div: 4) 
1 1 47 52 
#c 0 1 2 3 4 0 1 2 3 4 0 1 2 3 4 0 1 2 3 4 0 1 0 3 4 0 1 2 3 4 0 1 2 3 4 0 1 2 3 4 0 1 1 3 4 0 1 2 3 4 0 1 0 3 4 0 1 2 3 4 0 1 1 3 4 0 1 0 3 4 0 
#1213824(div: 0) 1426677(div: 1) 1675476(div: 2) 1681181(div: 3) 1604292(div: 4) 
9 18 2 7 12 17 27 32 37 47 57 0 5 10 15 20 22 25 30 35 40 45 50 52 55 60 65 67 70 
#c 0 1 2 3 4 0 1 2 3 4 0 1 2 3 4 0 1 2 3 4 0 1 0 3 4 0 1 2 3 4 0 1 2 3 4 0 1 2 3 4 0 1 1 3 4 0 1 2 3 4 0 1 0 3 4 0 1 2 3 4 0 1 1 3 4 0 1 0 3 4 0 
#1213824(div: 0) 1426677(div: 1) 1675476(div: 2) 1681181(div: 3) 1604292(div: 4) 
1 1 7 47 
#c 0 1 2 3 4 0 1 2 3 4 0 1 2 3 4 0 1 2 3 4 0 1 0 3 4 0 1 2 3 4 0 1 2 3 4 0 1 2 3 4 0 1 1 3 4 0 1 2 3 4 0 1 0 3 4 0 1 2 3 4 0 1 1 3 4 0 1 0 3 4 0 
#1213824(div: 0) 1426677(div: 1) 1675476(div: 2) 1681181(div: 3) 1604292(div: 4) 
1 1 7 32 
#c 0 1 2 3 4 0 1 2 3 4 0 1 2 3 4 0 1 2 3 4 0 1 0 3 4 0 1 2 3 4 0 1 2 3 4 0 1 2 3 4 0 1 1 3 4 0 1 2 3 4 0 1 0 3 4 0 1 2 3 4 0 1 1 3 4 0 1 0 3 4 0 
#1213824(div: 0) 1426677(div: 1) 1675476(div: 2) 1681181(div: 3) 1604292(div: 4) 
1 1 7 12 
#c 0 1 2 3 4 0 1 2 3 4 0 1 0 3 4 0 1 2 3 4 0 1 0 3 4 0 1 2 3 4 0 1 2 3 4 0 1 2 3 4 0 1 1 3 4 0 1 2 3 4 0 1 0 3 4 0 1 2 3 4 0 1 1 3 4 0 1 0 3 4 0 
#1233308(div: 0) 1426677(div: 1) 1655992(div: 2) 1681181(div: 3) 1604292(div: 4) 
16 14 1 6 11 16 21 26 31 36 41 42 46 51 56 61 62 66 4 9 14 19 24 29 34 39 44 49 54 59 64 69 
#c 0 1 2 3 4 0 1 2 3 4 0 1 0 3 4 0 1 2 3 4 0 1 0 3 4 0 1 2 3 4 0 1 2 3 4 0 1 2 3 4 0 1 1 3 4 0 1 2 3 4 0 1 0 3 4 0 1 2 3 4 0 1 1 3 4 0 1 0 3 4 0 
#1233308(div: 0) 1426677(div: 1) 1655992(div: 2) 1681181(div: 3) 1604292(div: 4) 
16 19 1 6 11 16 21 26 31 36 41 42 46 51 56 61 62 66 0 5 10 12 15 20 22 25 30 35 40 45 50 52 55 60 65 67 70 
#c 0 1 2 3 4 0 1 2 3 4 0 1 0 3 4 0 1 2 3 4 0 1 0 3 4 0 1 2 3 4 0 1 2 3 4 0 1 2 3 4 0 1 1 3 4 0 1 2 3 4 0 1 0 3 4 0 1 2 3 4 0 1 1 3 4 0 1 0 3 4 0 
#1233308(div: 0) 1426677(div: 1) 1655992(div: 2) 1681181(div: 3) 1604292(div: 4) 
19 8 0 5 10 12 15 20 22 25 30 35 40 45 50 52 55 60 65 67 70 2 7 17 27 32 37 47 57 
#c 0 1 2 3 4 0 1 2 3 4 0 1 0 3 4 0 1 2 3 4 0 1 0 3 4 0 1 2 3 4 0 1 2 3 4 0 1 2 3 4 0 1 1 3 4 0 1 2 3 4 0 1 0 3 4 0 1 2 3 4 0 1 1 3 4 0 1 0 3 4 0 
#1233308(div: 0) 1426677(div: 1) 1655992(div: 2) 1681181(div: 3) 1604292(div: 4) 
14 8 4 9 14 19 24 29 34 39 44 49 54 59 64 69 2 7 17 27 32 37 47 57 
#c 0 1 2 3 4 0 1 2 3 4 0 1 0 3 4 0 1 2 3 4 0 1 0 3 4 0 1 2 3 4 0 1 2 3 4 0 1 2 3 4 0 1 1 3 4 0 1 2 3 4 0 1 0 3 4 0 1 2 3 4 0 1 1 3 4 0 1 0 3 4 0 
#1233308(div: 0) 1426677(div: 1) 1655992(div: 2) 1681181(div: 3) 1604292(div: 4) 
1 1 2 32 
#c 0 1 2 3 4 0 1 2 3 4 0 1 0 3 4 0 1 2 3 4 0 1 0 3 4 0 1 2 3 4 0 1 2 3 4 0 1 2 3 4 0 1 1 3 4 0 1 2 3 4 0 1 0 3 4 0 1 2 3 4 0 1 1 3 4 0 1 0 3 4 0 
#1233308(div: 0) 1426677(div: 1) 1655992(div: 2) 1681181(div: 3) 1604292(div: 4) 
1 1 2 7 
#c 0 1 2 3 4 0 1 2 3 4 0 1 0 3 4 0 1 2 3 4 0 1 0 3 4 0 1 2 3 4 0 1 2 3 4 0 1 2 3 4 0 1 1 3 4 0 1 2 3 4 0 1 0 3 4 0 1 2 3 4 0 1 1 3 4 0 1 0 3 4 0 
#1233308(div: 0) 1426677(div: 1) 1655992(div: 2) 1681181(div: 3) 1604292(div: 4) 
1 1 2 57 
#c 0 1 0 3 4 0 1 2 3 4 0 1 0 3 4 0 1 2 3 4 0 1 0 3 4 0 1 2 3 4 0 1 2 3 4 0 1 2 3 4 0 1 1 3 4 0 1 2 3 4 0 1 0 3 4 0 1 2 3 4 0 1 1 3 4 0 1 0 3 4 0 
#1263306(div: 0) 1426677(div: 1) 1625994(div: 2) 1681181(div: 3) 1604292(div: 4) 
7 20 7 17 27 32 37 47 57 0 2 5 10 12 15 20 22 25 30 35 40 45 50 52 55 60 65 67 70 
#c 0 1 0 3 4 0 1 2 3 4 0 1 0 3 4 0 1 2 3 4 0 1 0 3 4 0 1 2 3 4 0 1 2 3 4 0 1 2 3 4 0 1 1 3 4 0 1 2 3 4 0 1 0 3 4 0 1 2 3 4 0 1 1 3 4 0 1 0 3 4 0 
#1263306(div: 0) 1426677(div: 1) 1625994(div: 2) 1681181(div: 3) 1604292(div: 4) 
1 1 32 37 
#c 0 1 0 3 4 0 1 2 3 4 0 1 0 3 4 0 1 2 3 4 0 1 0 3 4 0 1 2 3 4 0 1 2 3 4 0 1 2 3 4 0 1 1 3 4 0 1 2 3 4 0 1 0 3 4 0 1 2 3 4 0 1 1 3 4 0 1 0 3 4 0 
#1263306(div: 0) 1426677(div: 1) 1625994(div: 2) 1681181(div: 3) 1604292(div: 4) 
1 1 37 47 
#c 0 1 0 3 4 0 1 2 3 4 0 1 0 3 4 0 1 2 3 4 0 1 0 3 4 0 1 2 3 4 0 1 2 3 4 0 1 2 3 4 0 1 1 3 4 0 1 2 3 4 0 1 0 3 4 0 1 2 3 4 0 1 1 3 4 0 1 0 3 4 0 
#1263306(div: 0) 1426677(div: 1) 1625994(div: 2) 1681181(div: 3) 1604292(div: 4) 
1 1 27 37 
#c 0 1 0 3 4 0 1 2 3 4 0 1 0 3 4 0 1 2 3 4 0 1 0 3 4 0 1 2 3 4 0 1 2 3 4 0 1 0 3 4 0 1 1 3 4 0 1 2 3 4 0 1 0 3 4 0 1 2 3 4 0 1 1 3 4 0 1 0 3 4 0 
#1282569(div: 0) 1426677(div: 1) 1606731(div: 2) 1681181(div: 3) 1604292(div: 4) 
16 14 1 6 11 16 21 26 31 36 41 42 46 51 56 61 62 66 3 8 13 18 23 28 33 38 43 48 53 58 63 68 
#c 0 1 0 3 4 0 1 2 3 4 0 1 0 3 4 0 1 2 3 4 0 1 0 3 4 0 1 2 3 4 0 1 2 3 4 0 1 0 3 4 0 1 1 3 4 0 1 2 3 4 0 1 0 3 4 0 1 2 3 4 0 1 1 3 4 0 1 0 3 4 0 
#1282569(div: 0) 1426677(div: 1) 1606731(div: 2) 1681181(div: 3) 1604292(div: 4) 
16 6 1 6 11 16 21 26 31 36 41 42 46 51 56 61 62 66 7 17 27 32 47 57 
#c 0 1 0 3 4 0 1 2 3 4 0 1 0 3 4 0 1 2 3 4 0 1 0 3 4 0 1 2 3 4 0 1 2 3 4 0 1 0 3 4 0 1 1 3 4 0 1 2 3 4 0 1 0 3 4 0 1 2 3 4 0 1 1 3 4 0 1 0 3 4 0 
#1282569(div: 0) 1426677(div: 1) 1606731(div: 2) 1681181(div: 3) 1604292(div: 4) 
14 6 3 8 13 18 23 28 33 38 43 48 53 58 63 68 7 17 27 32 47 57 
#c 0 1 0 3 4 0 1 2 3 4 0 1 0 3 4 0 1 2 3 4 0 1 0 3 4 0 1 2 3 4 0 1 2 3 4 0 1 0 3 4 0 1 1 3 4 0 1 2 3 4 0 1 0 3 4 0 1 2 3 4 0 1 1 3 4 0 1 0 3 4 0 
#1282569(div: 0) 1426677(div: 1) 1606731(div: 2) 1681181(div: 3) 1604292(div: 4) 
16 21 1 6 11 16 21 26 31 36 41 42 46 51 56 61 62 66 0 2 5 10 12 15 20 22 25 30 35 37 40 45 50 52 55 60 65 67 70 
#c 0 1 0 3 4 0 1 2 3 4 0 1 0 3 4 0 1 2 3 4 0 1 0 3 4 0 1 2 3 4 0 1 2 3 4 0 1 0 3 4 0 1 1 3 4 0 1 2 3 4 0 1 0 3 4 0 1 2 3 4 0 1 1 3 4 0 1 0 3 4 0 
#1282569(div: 0) 1426677(div: 1) 1606731(div: 2) 1681181(div: 3) 1604292(div: 4) 
1 1 3 28 
#c 0 1 0 3 4 0 1 2 3 4 0 1 0 3 4 0 1 2 3 4 0 1 0 3 4 0 1 2 3 4 0 1 2 3 4 0 1 0 3 4 0 1 1 3 4 0 1 2 3 4 0 1 0 3 4 0 1 2 3 4 0 1 1 3 4 0 1 0 3 4 0 
#1282569(div: 0) 1426677(div: 1) 1606731(div: 2) 1681181(div: 3) 1604292(div: 4) 
1 1 3 23 
#c 0 1 0 3 4 0 1 2 3 4 0 1 0 3 4 0 1 2 3 4 0 1 0 3 4 0 1 2 3 4 0 1 2 3 4 0 1 0 3 4 0 1 1 3 4 0 1 2 3 4 0 1 0 3 4 0 1 2 3 4 0 1 1 3 4 0 1 0 3 4 0 
#1282569(div: 0) 1426677(div: 1) 1606731(div: 2) 1681181(div: 3) 1604292(div: 4) 
1 1 3 48 
#c 0 1 0 3 4 0 1 2 3 4 0 1 0 3 4 0 1 2 3 4 0 1 0 3 4 0 1 2 3 4 0 1 2 3 4 0 1 0 3 4 0 1 1 3 4 0 1 2 0 4 0 1 0 3 4 0 1 2 3 4 0 1 1 3 4 0 1 0 3 4 0 
#1284597(div: 0) 1426677(div: 1) 1606731(div: 2) 1679153(div: 3) 1604292(div: 4) 
13 22 3 8 13 18 23 28 33 38 43 53 58 63 68 0 2 5 10 12 15 20 22 25 30 35 37 40 45 48 50 52 55 60 65 67 70 
#c 0 1 0 3 4 0 1 2 3 4 0 1 0 3 4 0 1 2 3 4 0 1 0 3 4 0 1 2 3 4 0 1 2 3 4 0 1 0 3 4 0 1 1 3 4 0 1 2 0 4 0 1 0 3 4 0 1 2 3 4 0 1 1 3 4 0 1 0 3 4 0 
#1284597(div: 0) 1426677(div: 1) 1606731(div: 2) 1679153(div: 3) 1604292(div: 4) 
1 1 23 38 
#c 0 1 0 3 4 0 1 2 3 4 0 1 0 3 4 0 1 2 3 4 0 1 0 3 4 0 1 2 3 4 0 1 2 3 4 0 1 0 3 4 0 1 1 3 4 0 1 2 0 4 0 1 0 3 4 0 1 2 3 4 0 1 1 3 4 0 1 0 3 4 0 
#1284597(div: 0) 1426677(div: 1) 1606731(div: 2) 1679153(div: 3) 1604292(div: 4) 
1 1 38 58 
#c 0 1 0 3 4 0 1 2 3 4 0 1 0 3 4 0 1 2 3 4 0 1 0 3 4 0 1 2 3 4 0 1 2 3 4 0 1 0 3 4 0 1 1 3 4 0 1 2 0 4 0 1 0 3 4 0 1 2 3 4 0 1 1 3 4 0 1 0 3 4 0 
#1284597(div: 0) 1426677(div: 1) 1606731(div: 2) 1679153(div: 3) 1604292(div: 4) 
1 1 28 58 
#c 0 1 0 3 4 0 1 2 3 4 0 1 0 3 4 0 1 2 3 4 0 1 0 3 4 0 1 2 3 4 0 1 2 3 4 0 1 0 3 4 0 1 1 3 4 0 1 2 0 4 0 1 0 3 4 0 1 2 0 4 0 1 1 3 4 0 1 0 3 4 0 
#1334791(div: 0) 1426677(div: 1) 1606731(div: 2) 1628959(div: 3) 1604292(div: 4) 
14 12 4 9 14 19 24 29 34 39 44 49 54 59 64 69 3 8 13 18 23 28 33 38 43 53 63 68 
#c 0 1 0 3 4 0 1 2 3 4 0 1 0 3 4 0 1 2 3 4 0 1 0 3 4 0 1 2 3 4 0 1 2 3 4 0 1 0 3 4 0 1 1 3 4 0 1 2 0 4 0 1 0 3 4 0 1 2 0 4 0 1 1 3 4 0 1 0 3 4 0 
#1334791(div: 0) 1426677(div: 1) 1606731(div: 2) 1628959(div: 3) 1604292(div: 4) 
14 23 4 9 14 19 24 29 34 39 44 49 54 59 64 69 0 2 5 10 12 15 20 22 25 30 35 37 40 45 48 50 52 55 58 60 65 67 70 
#c 0 1 0 3 4 0 1 2 3 4 0 1 0 3 4 0 1 2 3 4 0 1 0 3 4 0 1 2 3 4 0 1 2 3 4 0 1 0 3 4 0 1 1 3 4 0 1 2 0 4 0 1 0 3 4 0 1 2 0 4 0 1 1 3 4 0 1 0 3 4 0 
#1334791(div: 0) 1426677(div: 1) 1606731(div: 2) 1628959(div: 3) 1604292(div: 4) 
23 16 0 2 5 10 12 15 20 22 25 30 35 37 40 45 48 50 52 55 58 60 65 67 70 1 6 11 16 21 26 31 36 41 42 46 51 56 61 62 66 
#c 0 1 0 3 4 0 1 2 3 4 0 1 0 3 4 0 1 2 3 4 0 1 0 3 4 0 1 2 3 4 0 1 2 3 4 0 1 0 3 4 0 1 1 3 4 0 1 2 0 4 0 1 0 3 4 0 1 2 0 4 0 1 1 3 4 0 1 0 3 4 0 
#1334791(div: 0) 1426677(div: 1) 1606731(div: 2) 1628959(div: 3) 1604292(div: 4) 
12 16 3 8 13 18 23 28 33 38 43 53 63 68 1 6 11 16 21 26 31 36 41 42 46 51 56 61 62 66 
#c 0 1 0 3 4 0 1 2 3 4 0 1 0 3 4 0 1 2 3 4 0 1 0 3 4 0 1 2 3 4 0 1 2 3 4 0 1 0 3 4 0 1 1 3 4 0 1 2 0 4 0 1 0 3 4 0 1 2 0 4 0 1 1 3 4 0 1 0 3 4 0 
#1334791(div: 0) 1426677(div: 1) 1606731(div: 2) 1628959(div: 3) 1604292(div: 4) 
1 1 23 68 
#c 0 1 0 3 4 0 1 2 3 4 0 1 0 3 4 0 1 2 3 4 0 1 0 3 4 0 1 2 3 4 0 1 2 3 4 0 1 0 3 4 0 1 1 3 4 0 1 2 0 4 0 1 0 3 4 0 1 2 0 4 0 1 1 3 4 0 1 0 3 4 0 
#1334791(div: 0) 1426677(div: 1) 1606731(div: 2) 1628959(div: 3) 1604292(div: 4) 
1 1 13 68 
#c 0 1 0 3 4 0 1 2 3 4 0 1 0 3 4 0 1 2 3 4 0 1 0 3 4 0 1 2 3 4 0 1 2 3 4 0 1 0 3 4 0 1 1 3 4 0 1 2 0 4 0 1 0 3 4 0 1 2 0 4 0 1 1 3 4 0 1 0 3 4 0 
#1334791(div: 0) 1426677(div: 1) 1606731(div: 2) 1628959(div: 3) 1604292(div: 4) 
1 1 53 68 
#c 0 1 0 3 4 0 1 2 3 4 0 1 0 3 4 0 1 2 3 4 0 1 0 3 4 0 1 2 3 4 0 1 2 3 4 0 1 0 3 4 0 1 1 3 4 0 1 2 0 4 0 1 0 3 4 0 1 2 0 4 0 1 1 3 4 0 1 0 0 4 0 
#1336417(div: 0) 1426677(div: 1) 1606731(div: 2) 1627333(div: 3) 1604292(div: 4) 
11 24 3 8 13 18 23 28 33 38 43 53 63 0 2 5 10 12 15 20 22 25 30 35 37 40 45 48 50 52 55 58 60 65 67 68 70 
#c 0 1 0 3 4 0 1 2 3 4 0 1 0 3 4 0 1 2 3 4 0 1 0 3 4 0 1 2 3 4 0 1 2 3 4 0 1 0 3 4 0 1 1 3 4 0 1 2 0 4 0 1 0 3 4 0 1 2 0 4 0 1 1 3 4 0 1 0 0 4 0 
#1336417(div: 0) 1426677(div: 1) 1606731(div: 2) 1627333(div: 3) 1604292(div: 4) 
1 1 3 18 
#c 0 1 0 3 4 0 1 2 3 4 0 1 0 3 4 0 1 2 3 4 0 1 0 3 4 0 1 2 3 4 0 1 2 3 4 0 1 0 3 4 0 1 1 3 4 0 1 2 0 4 0 1 0 3 4 0 1 2 0 4 0 1 1 3 4 0 1 0 0 4 0 
#1336417(div: 0) 1426677(div: 1) 1606731(div: 2) 1627333(div: 3) 1604292(div: 4) 
1 1 3 13 
#c 0 1 0 3 4 0 1 2 3 4 0 1 0 3 4 0 1 2 3 4 0 1 0 3 4 0 1 2 3 4 0 1 2 3 4 0 1 0 3 4 0 1 1 3 4 0 1 2 0 4 0 1 0 3 4 0 1 2 0 4 0 1 1 3 4 0 1 0 0 4 0 
#1336417(div: 0) 1426677(div: 1) 1606731(div: 2) 1627333(div: 3) 1604292(div: 4) 
1 1 3 28 
#c 0 1 0 0 4 0 1 2 3 4 0 1 0 3 4 0 1 2 3 4 0 1 0 3 4 0 1 2 3 4 0 1 2 3 4 0 1 0 3 4 0 1 1 3 4 0 1 2 0 4 0 1 0 3 4 0 1 2 0 4 0 1 1 3 4 0 1 0 0 4 0 
#1419951(div: 0) 1426677(div: 1) 1606731(div: 2) 1543799(div: 3) 1604292(div: 4) 
14 16 4 9 14 19 24 29 34 39 44 49 54 59 64 69 1 6 11 16 21 26 31 36 41 42 46 51 56 61 62 66 
#c 0 1 0 0 4 0 1 2 3 4 0 1 0 3 4 0 1 2 3 4 0 1 0 3 4 0 1 2 3 4 0 1 2 3 4 0 1 0 3 4 0 1 1 3 4 0 1 2 0 4 0 1 0 3 4 0 1 2 0 4 0 1 1 3 4 0 1 0 0 4 0 
#1419951(div: 0) 1426677(div: 1) 1606731(div: 2) 1543799(div: 3) 1604292(div: 4) 
16 25 1 6 11 16 21 26 31 36 41 42 46 51 56 61 62 66 0 2 3 5 10 12 15 20 22 25 30 35 37 40 45 48 50 52 55 58 60 65 67 68 70 
#c 0 1 0 0 4 0 1 2 3 4 0 1 0 3 4 0 1 2 3 4 0 1 0 3 4 0 1 2 3 4 0 1 2 3 4 0 1 0 3 4 0 1 1 3 4 0 1 2 0 4 0 1 0 3 4 0 1 2 0 4 0 1 1 3 4 0 1 0 0 4 0 
#1419951(div: 0) 1426677(div: 1) 1606731(div: 2) 1543799(div: 3) 1604292(div: 4) 
25 10 0 2 3 5 10 12 15 20 22 25 30 35 37 40 45 48 50 52 55 58 60 65 67 68 70 8 13 18 23 28 33 38 43 53 63 
#c 0 1 0 0 4 0 1 2 3 4 0 1 0 3 4 0 1 2 3 4 0 1 0 3 4 0 1 2 3 4 0 1 2 3 4 0 1 0 3 4 0 1 1 3 4 0 1 2 0 4 0 1 0 3 4 0 1 2 0 4 0 1 1 3 4 0 1 0 0 4 0 
#1419951(div: 0) 1426677(div: 1) 1606731(div: 2) 1543799(div: 3) 1604292(div: 4) 
14 10 4 9 14 19 24 29 34 39 44 49 54 59 64 69 8 13 18 23 28 33 38 43 53 63 
#c 0 1 0 0 4 0 1 2 3 4 0 1 0 3 4 0 1 2 3 4 0 1 0 3 4 0 1 2 3 4 0 1 2 3 4 0 1 0 3 4 0 1 1 3 4 0 1 2 0 4 0 1 0 3 4 0 1 2 0 4 0 1 1 3 4 0 1 0 0 4 0 
#1419951(div: 0) 1426677(div: 1) 1606731(div: 2) 1543799(div: 3) 1604292(div: 4) 
1 1 19 69 
#c 0 1 0 0 4 0 1 2 3 4 0 1 0 3 4 0 1 2 3 4 0 1 0 3 4 0 1 2 3 4 0 1 2 3 4 0 1 0 3 4 0 1 1 3 4 0 1 2 0 4 0 1 0 3 4 0 1 2 0 4 0 1 1 3 4 0 1 0 0 4 0 
#1419951(div: 0) 1426677(div: 1) 1606731(div: 2) 1543799(div: 3) 1604292(div: 4) 
1 1 19 49 
#c 0 1 0 0 4 0 1 2 3 4 0 1 0 3 4 0 1 2 3 4 0 1 0 3 4 0 1 2 3 4 0 1 2 3 4 0 1 0 3 4 0 1 1 3 4 0 1 2 0 4 0 1 0 3 4 0 1 2 0 4 0 1 1 3 4 0 1 0 0 4 0 
#1419951(div: 0) 1426677(div: 1) 1606731(div: 2) 1543799(div: 3) 1604292(div: 4) 
1 1 9 49 
#c 0 1 0 0 4 0 1 2 3 4 0 1 0 3 4 0 1 2 3 4 0 1 0 3 4 0 1 2 3 4 0 1 2 3 4 0 1 0 3 4 0 1 1 3 4 0 1 2 0 0 0 1 0 3 4 0 1 2 0 4 0 1 1 3 4 0 1 0 0 4 0 
#1504757(div: 0) 1426677(div: 1) 1606731(div: 2) 1543799(div: 3) 1519486(div: 4) 
13 26 4 9 14 19 24 29 34 39 44 54 59 64 69 0 2 3 5 10 12 15 20 22 25 30 35 37 40 45 48 49 50 52 55 58 60 65 67 68 70 
#c 0 1 0 0 4 0 1 2 3 4 0 1 0 3 4 0 1 2 3 4 0 1 0 3 4 0 1 2 3 4 0 1 2 3 4 0 1 0 3 4 0 1 1 3 4 0 1 2 0 0 0 1 0 3 4 0 1 2 0 4 0 1 1 3 4 0 1 0 0 4 0 
#1504757(div: 0) 1426677(div: 1) 1606731(div: 2) 1543799(div: 3) 1519486(div: 4) 
1 1 4 44 
#c 0 1 0 0 4 0 1 2 3 4 0 1 0 3 4 0 1 2 3 4 0 1 0 3 4 0 1 2 3 4 0 1 2 3 4 0 1 0 3 4 0 1 1 3 4 0 1 2 0 0 0 1 0 3 4 0 1 2 0 4 0 1 1 3 4 0 1 0 0 4 0 
#1504757(div: 0) 1426677(div: 1) 1606731(div: 2) 1543799(div: 3) 1519486(div: 4) 
1 1 4 69 
#c 0 1 0 0 4 0 1 2 3 4 0 1 0 3 4 0 1 2 3 4 0 1 0 3 4 0 1 2 3 4 0 1 2 3 4 0 1 0 3 4 0 1 1 3 4 0 1 2 0 0 0 1 0 3 4 0 1 2 0 4 0 1 1 3 4 0 1 0 0 4 0 
#1504757(div: 0) 1426677(div: 1) 1606731(div: 2) 1543799(div: 3) 1519486(div: 4) 
1 1 4 54 
#c 0 1 0 0 0 0 1 2 3 4 0 1 0 3 4 0 1 2 3 4 0 1 0 3 4 0 1 2 3 4 0 1 2 3 4 0 1 0 3 4 0 1 1 3 4 0 1 2 0 0 0 1 0 3 4 0 1 2 0 4 0 1 1 3 4 0 1 0 0 4 0 
#1509523(div: 0) 1426677(div: 1) 1606731(div: 2) 1543799(div: 3) 1514720(div: 4) 
16 27 1 6 11 16 21 26 31 36 41 42 46 51 56 61 62 66 0 2 3 4 5 10 12 15 20 22 25 30 35 37 40 45 48 49 50 52 55 58 60 65 67 68 70 
#c 0 1 0 0 0 0 1 2 3 4 0 1 0 3 4 0 1 2 3 4 0 1 0 3 4 0 1 2 3 4 0 1 2 3 4 0 1 0 3 4 0 1 1 3 4 0 1 2 0 0 0 1 0 3 4 0 1 2 0 4 0 1 1 3 4 0 1 0 0 4 0 
#1509523(div: 0) 1426677(div: 1) 1606731(div: 2) 1543799(div: 3) 1514720(div: 4) 
16 12 1 6 11 16 21 26 31 36 41 42 46 51 56 61 62 66 9 14 19 24 29 34 39 44 54 59 64 69 
#c 0 1 0 0 0 0 1 2 3 4 0 1 0 3 4 0 1 2 3 4 0 1 0 3 4 0 1 2 3 4 0 1 2 3 4 0 1 0 3 4 0 1 1 3 4 0 1 2 0 0 0 1 0 3 4 0 1 2 0 4 0 1 1 3 4 0 1 0 0 4 0 
#1509523(div: 0) 1426677(div: 1) 1606731(div: 2) 1543799(div: 3) 1514720(div: 4) 
27 12 0 2 3 4 5 10 12 15 20 22 25 30 35 37 40 45 48 49 50 52 55 58 60 65 67 68 70 9 14 19 24 29 34 39 44 54 59 64 69 
#c 0 1 0 0 0 0 1 2 3 4 0 1 0 3 4 0 1 2 3 4 0 1 0 3 4 0 1 2 3 4 0 1 2 3 4 0 1 0 3 4 0 1 1 3 4 0 1 2 0 0 0 1 0 3 4 0 1 2 0 4 0 1 1 3 4 0 1 0 0 4 0 
#1509523(div: 0) 1426677(div: 1) 1606731(div: 2) 1543799(div: 3) 1514720(div: 4) 
16 10 1 6 11 16 21 26 31 36 41 42 46 51 56 61 62 66 8 13 18 23 28 33 38 43 53 63 
#c 0 1 0 0 0 0 1 2 3 4 0 1 0 3 4 0 1 2 3 4 0 1 0 3 4 0 1 2 3 4 0 1 2 3 4 0 1 0 3 4 0 1 1 3 4 0 1 2 0 0 0 1 0 3 4 0 1 2 0 4 0 1 1 3 4 0 1 0 0 4 0 
#1509523(div: 0) 1426677(div: 1) 1606731(div: 2) 1543799(div: 3) 1514720(div: 4) 
12 10 9 14 19 24 29 34 39 44 54 59 64 69 8 13 18 23 28 33 38 43 53 63 
#c 0 1 0 0 0 0 1 2 3 4 0 1 0 3 4 0 1 2 3 4 0 1 0 3 4 0 1 2 3 4 0 1 2 3 4 0 1 0 3 4 0 1 1 3 4 0 1 2 0 0 0 1 0 3 4 0 1 2 0 4 0 1 1 3 4 0 1 0 0 4 0 
#1509523(div: 0) 1426677(div: 1) 1606731(div: 2) 1543799(div: 3) 1514720(div: 4) 
1 1 8 13 
#c 0 1 0 0 0 0 1 2 3 4 0 1 0 3 4 0 1 2 3 4 0 1 0 3 4 0 1 2 3 4 0 1 2 3 4 0 1 0 3 4 0 1 1 3 4 0 1 2 0 0 0 1 0 3 4 0 1 2 0 4 0 1 1 3 4 0 1 0 0 4 0 
#1509523(div: 0) 1426677(div: 1) 1606731(div: 2) 1543799(div: 3) 1514720(div: 4) 
1 1 8 38 
#c 0 1 0 0 0 0 1 2 3 4 0 1 0 3 4 0 1 2 3 4 0 1 0 3 4 0 1 2 3 4 0 1 2 3 4 0 1 0 3 4 0 1 1 3 4 0 1 2 0 0 0 1 0 3 4 0 1 2 0 4 0 1 1 3 4 0 1 0 0 4 0 
#1509523(div: 0) 1426677(div: 1) 1606731(div: 2) 1543799(div: 3) 1514720(div: 4) 
1 1 8 33 
#c 0 1 0 0 0 0 1 2 1 4 0 1 0 3 4 0 1 2 3 4 0 1 0 3 4 0 1 2 3 4 0 1 2 3 4 0 1 0 3 4 0 1 1 3 4 0 1 2 0 0 0 1 0 3 4 0 1 2 0 4 0 1 1 3 4 0 1 0 0 4 0 
#1509523(div: 0) 1432570(div: 1) 1606731(div: 2) 1537906(div: 3) 1514720(div: 4) 
9 17 13 18 23 28 33 38 43 53 63 1 6 8 11 16 21 26 31 36 41 42 46 51 56 61 62 66 
#c 0 1 0 0 0 0 1 2 1 4 0 1 0 3 4 0 1 2 3 4 0 1 0 3 4 0 1 2 3 4 0 1 2 3 4 0 1 0 3 4 0 1 1 3 4 0 1 2 0 0 0 1 0 3 4 0 1 2 0 4 0 1 1 3 4 0 1 0 0 4 0 
#1509523(div: 0) 1432570(div: 1) 1606731(div: 2) 1537906(div: 3) 1514720(div: 4) 
1 1 23 43 
#c 0 1 0 0 0 0 1 2 1 4 0 1 0 3 4 0 1 2 3 4 0 1 0 3 4 0 1 2 3 4 0 1 2 3 4 0 1 0 3 4 0 1 1 3 4 0 1 2 0 0 0 1 0 3 4 0 1 2 0 4 0 1 1 3 4 0 1 0 0 4 0 
#1509523(div: 0) 1432570(div: 1) 1606731(div: 2) 1537906(div: 3) 1514720(div: 4) 
1 1 33 43 
#c 0 1 0 0 0 0 1 2 1 4 0 1 0 3 4 0 1 2 3 4 0 1 0 3 4 0 1 2 3 4 0 1 2 3 4 0 1 0 3 4 0 1 1 3 4 0 1 2 0 0 0 1 0 3 4 0 1 2 0 4 0 1 1 3 4 0 1 0 0 4 0 
#1509523(div: 0) 1432570(div: 1) 1606731(div: 2) 1537906(div: 3) 1514720(div: 4) 
1 1 33 63 
#c 0 1 0 0 0 0 1 2 1 4 0 1 0 3 4 0 1 2 3 4 0 1 0 3 4 0 1 2 3 4 0 1 2 1 4 0 1 0 3 4 0 1 1 3 4 0 1 2 0 0 0 1 0 3 4 0 1 2 0 4 0 1 1 3 4 0 1 0 0 4 0 
#1509523(div: 0) 1444913(div: 1) 1606731(div: 2) 1525563(div: 3) 1514720(div: 4) 
6 18 7 17 27 32 47 57 1 6 8 11 16 21 26 31 33 36 41 42 46 51 56 61 62 66 
#c 0 1 0 0 0 0 1 2 1 4 0 1 0 3 4 0 1 2 3 4 0 1 0 3 4 0 1 2 3 4 0 1 2 1 4 0 1 0 3 4 0 1 1 3 4 0 1 2 0 0 0 1 0 3 4 0 1 2 0 4 0 1 1 3 4 0 1 0 0 4 0 
#1509523(div: 0) 1444913(div: 1) 1606731(div: 2) 1525563(div: 3) 1514720(div: 4) 
18 8 1 6 8 11 16 21 26 31 33 36 41 42 46 51 56 61 62 66 13 18 23 28 38 43 53 63 
#c 0 1 0 0 0 0 1 2 1 4 0 1 0 3 4 0 1 2 3 4 0 1 0 3 4 0 1 2 3 4 0 1 2 1 4 0 1 0 3 4 0 1 1 3 4 0 1 2 0 0 0 1 0 3 4 0 1 2 0 4 0 1 1 3 4 0 1 0 0 4 0 
#1509523(div: 0) 1444913(div: 1) 1606731(div: 2) 1525563(div: 3) 1514720(div: 4) 
6 8 7 17 27 32 47 57 13 18 23 28 38 43 53 63 
#c 0 1 0 0 0 0 1 2 1 4 0 1 0 3 4 0 1 2 3 4 0 1 0 3 4 0 1 2 3 4 0 1 2 1 4 0 1 0 3 4 0 1 1 3 4 0 1 2 0 0 0 1 0 3 4 0 1 2 0 4 0 1 1 3 4 0 1 0 0 4 0 
#1509523(div: 0) 1444913(div: 1) 1606731(div: 2) 1525563(div: 3) 1514720(div: 4) 
18 12 1 6 8 11 16 21 26 31 33 36 41 42 46 51 56 61 62 66 9 14 19 24 29 34 39 44 54 59 64 69 
#c 0 1 0 0 0 0 1 2 1 4 0 1 0 3 4 0 1 2 3 4 0 1 0 3 4 0 1 2 3 4 0 1 2 1 4 0 1 0 3 4 0 1 1 3 4 0 1 2 0 0 0 1 0 3 4 0 1 2 0 4 0 1 1 3 4 0 1 0 0 4 0 
#1509523(div: 0) 1444913(div: 1) 1606731(div: 2) 1525563(div: 3) 1514720(div: 4) 
6 12 7 17 27 32 47 57 9 14 19 24 29 34 39 44 54 59 64 69 
#c 0 1 0 0 0 0 1 2 1 4 0 1 0 3 4 0 1 2 3 4 0 1 0 3 4 0 1 2 3 4 0 1 2 1 4 0 1 0 3 4 0 1 1 3 4 0 1 2 0 0 0 1 0 3 4 0 1 2 0 4 0 1 1 3 4 0 1 0 0 4 0 
#1509523(div: 0) 1444913(div: 1) 1606731(div: 2) 1525563(div: 3) 1514720(div: 4) 
1 1 27 47 
#c 0 1 0 0 0 0 1 2 1 4 0 1 0 3 4 0 1 2 3 4 0 1 0 3 4 0 1 2 3 4 0 1 2 1 4 0 1 0 3 4 0 1 1 3 4 0 1 2 0 0 0 1 0 3 4 0 1 2 0 4 0 1 1 3 4 0 1 0 0 4 0 
#1509523(div: 0) 1444913(div: 1) 1606731(div: 2) 1525563(div: 3) 1514720(div: 4) 
1 1 7 47 
#c 0 1 0 0 0 0 1 2 1 4 0 1 0 3 4 0 1 2 3 4 0 1 0 3 4 0 1 2 3 4 0 1 2 1 4 0 1 0 3 4 0 1 1 3 4 0 1 2 0 0 0 1 0 3 4 0 1 2 0 4 0 1 1 3 4 0 1 0 0 4 0 
#1509523(div: 0) 1444913(div: 1) 1606731(div: 2) 1525563(div: 3) 1514720(div: 4) 
1 1 7 57 
#c 0 1 0 0 0 0 1 1 1 4 0 1 0 3 4 0 1 2 3 4 0 1 0 3 4 0 1 2 3 4 0 1 2 1 4 0 1 0 3 4 0 1 1 3 4 0 1 2 0 0 0 1 0 3 4 0 1 2 0 4 0 1 1 3 4 0 1 0 0 4 0 
#1509523(div: 0) 1539993(div: 1) 1511651(div: 2) 1525563(div: 3) 1514720(div: 4) 
5 19 17 27 32 47 57 1 6 7 8 11 16 21 26 31 33 36 41 42 46 51 56 61 62 66 
#c 0 1 0 0 0 0 1 1 1 4 0 1 0 3 4 0 1 2 3 4 0 1 0 3 4 0 1 2 3 4 0 1 2 1 4 0 1 0 3 4 0 1 1 3 4 0 1 2 0 0 0 1 0 3 4 0 1 2 0 4 0 1 1 3 4 0 1 0 0 4 0 
#1509523(div: 0) 1539993(div: 1) 1511651(div: 2) 1525563(div: 3) 1514720(div: 4) 
12 19 9 14 19 24 29 34 39 44 54 59 64 69 1 6 7 8 11 16 21 26 31 33 36 41 42 46 51 56 61 62 66 
#c 0 1 0 0 0 0 1 1 1 4 0 1 0 3 4 0 1 2 3 4 0 1 0 3 4 0 1 2 3 4 0 1 2 1 4 0 1 0 3 4 0 1 1 3 4 0 1 2 0 0 0 1 0 3 4 0 1 2 0 4 0 1 1 3 4 0 1 0 0 4 0 
#1509523(div: 0) 1539993(div: 1) 1511651(div: 2) 1525563(div: 3) 1514720(div: 4) 
12 8 9 14 19 24 29 34 39 44 54 59 64 69 13 18 23 28 38 43 53 63 
#c 0 1 0 0 0 0 1 1 1 4 0 1 0 3 4 0 1 2 3 4 0 1 0 3 4 0 1 2 3 4 0 1 2 1 4 0 1 0 3 4 0 1 1 3 4 0 1 2 0 0 0 1 0 3 4 0 1 2 0 4 0 1 1 3 4 0 1 0 0 4 0 
#1509523(div: 0) 1539993(div: 1) 1511651(div: 2) 1525563(div: 3) 1514720(div: 4) 
19 8 1 6 7 8 11 16 21 26 31 33 36 41 42 46 51 56 61 62 66 13 18 23 28 38 43 53 63 
#c 0 1 0 0 0 0 1 1 1 4 0 1 0 3 4 0 1 2 3 4 0 1 0 3 4 0 1 2 3 4 0 1 2 1 4 0 1 0 3 4 0 1 1 3 4 0 1 2 0 0 0 1 0 3 4 0 1 2 0 4 0 1 1 3 4 0 1 0 0 4 0 
#1509523(div: 0) 1539993(div: 1) 1511651(div: 2) 1525563(div: 3) 1514720(div: 4) 
12 5 9 14 19 24 29 34 39 44 54 59 64 69 17 27 32 47 57 
#c 0 1 0 0 0 0 1 1 1 4 0 1 0 3 4 0 1 2 3 4 0 1 0 3 4 0 1 2 3 4 0 1 2 1 4 0 1 0 3 4 0 1 1 3 4 0 1 2 0 0 0 1 0 3 4 0 1 2 0 4 0 1 1 3 4 0 1 0 0 4 0 
#1509523(div: 0) 1539993(div: 1) 1511651(div: 2) 1525563(div: 3) 1514720(div: 4) 
1 1 11 26 
#c 0 1 0 0 0 0 1 1 1 4 0 1 0 3 4 0 1 2 3 4 0 1 0 3 4 0 1 2 3 4 0 1 2 1 4 0 1 0 3 4 0 1 1 3 4 0 1 2 0 0 0 1 0 3 4 0 1 2 0 4 0 1 1 3 4 0 1 0 0 4 0 
#1509523(div: 0) 1539993(div: 1) 1511651(div: 2) 1525563(div: 3) 1514720(div: 4) 
1 1 26 41 
#c 0 1 0 0 0 0 1 1 1 4 0 1 0 3 4 0 1 2 3 4 0 1 0 3 4 0 1 2 3 4 0 1 2 1 4 0 1 0 3 4 0 1 1 3 4 0 1 2 0 0 0 1 0 3 4 0 1 2 0 4 0 1 1 3 4 0 1 0 0 4 0 
#1509523(div: 0) 1539993(div: 1) 1511651(div: 2) 1525563(div: 3) 1514720(div: 4) 
1 1 26 62 
#c 0 1 0 0 0 0 1 1 1 4 0 1 0 3 4 0 1 2 3 4 0 1 0 3 4 0 1 2 3 4 0 1 2 1 4 0 1 0 3 4 0 1 1 3 4 0 1 2 0 0 0 1 0 3 4 0 1 2 0 4 0 1 2 3 4 0 1 0 0 4 0 
#1509523(div: 0) 1524987(div: 1) 1526657(div: 2) 1525563(div: 3) 1514720(div: 4) 
18 6 1 6 7 8 11 16 21 26 31 33 36 41 42 46 51 56 61 66 17 27 32 47 57 62 
#c 0 1 0 0 0 0 1 1 1 4 0 1 0 3 4 0 1 2 3 4 0 1 0 3 4 0 1 2 3 4 0 1 2 1 4 0 1 0 3 4 0 1 1 3 4 0 1 2 0 0 0 1 0 3 4 0 1 2 0 4 0 1 2 3 4 0 1 0 0 4 0 
#1509523(div: 0) 1524987(div: 1) 1526657(div: 2) 1525563(div: 3) 1514720(div: 4) 
27 6 0 2 3 4 5 10 12 15 20 22 25 30 35 37 40 45 48 49 50 52 55 58 60 65 67 68 70 17 27 32 47 57 62 
#c 0 1 0 0 0 0 1 1 1 4 0 1 0 3 4 0 1 2 3 4 0 1 0 3 4 0 1 2 3 4 0 1 2 1 4 0 1 0 3 4 0 1 1 3 4 0 1 2 0 0 0 1 0 3 4 0 1 2 0 4 0 1 2 3 4 0 1 0 0 4 0 
#1509523(div: 0) 1524987(div: 1) 1526657(div: 2) 1525563(div: 3) 1514720(div: 4) 
27 8 0 2 3 4 5 10 12 15 20 22 25 30 35 37 40 45 48 49 50 52 55 58 60 65 67 68 70 13 18 23 28 38 43 53 63 
#c 0 1 0 0 0 0 1 1 1 4 0 1 0 3 4 0 1 2 3 4 0 1 0 3 4 0 1 2 3 4 0 1 2 1 4 0 1 0 3 4 0 1 1 3 4 0 1 2 0 0 0 1 0 3 4 0 1 2 0 4 0 1 2 3 4 0 1 0 0 4 0 
#1509523(div: 0) 1524987(div: 1) 1526657(div: 2) 1525563(div: 3) 1514720(div: 4) 
6 8 17 27 32 47 57 62 13 18 23 28 38 43 53 63 
#c 0 1 0 0 0 0 1 1 1 4 0 1 0 3 4 0 1 2 3 4 0 1 0 3 4 0 1 2 3 4 0 1 2 1 4 0 1 0 3 4 0 1 1 3 4 0 1 2 0 0 0 1 0 3 4 0 1 2 0 4 0 1 2 3 4 0 1 0 0 4 0 
#1509523(div: 0) 1524987(div: 1) 1526657(div: 2) 1525563(div: 3) 1514720(div: 4) 
27 18 0 2 3 4 5 10 12 15 20 22 25 30 35 37 40 45 48 49 50 52 55 58 60 65 67 68 70 1 6 7 8 11 16 21 26 31 33 36 41 42 46 51 56 61 66 
#c 0 1 0 0 0 0 1 1 1 4 0 1 0 3 4 0 1 2 3 4 0 1 0 3 4 0 1 2 3 4 0 1 2 1 4 0 1 0 3 4 0 1 1 3 4 0 1 2 0 0 0 1 0 3 4 0 1 2 0 4 0 1 2 3 4 0 1 0 0 4 0 
#1509523(div: 0) 1524987(div: 1) 1526657(div: 2) 1525563(div: 3) 1514720(div: 4) 
6 18 17 27 32 47 57 62 1 6 7 8 11 16 21 26 31 33 36 41 42 46 51 56 61 66 
#c 0 1 0 0 0 0 1 1 1 4 0 1 0 3 4 0 1 2 3 4 0 1 0 3 4 0 1 2 3 4 0 1 2 1 4 0 1 0 3 4 0 1 1 3 4 0 1 2 0 0 0 1 0 3 4 0 1 2 0 4 0 1 2 3 4 0 1 0 0 4 0 
#1509523(div: 0) 1524987(div: 1) 1526657(div: 2) 1525563(div: 3) 1514720(div: 4) 
1 1 32 47 
#c 0 1 0 0 0 0 1 1 1 4 0 1 0 3 4 0 1 2 3 4 0 1 0 3 4 0 1 2 3 4 0 1 2 1 4 0 1 0 3 4 0 1 1 3 4 0 1 2 0 0 0 1 0 3 4 0 1 2 0 4 0 1 2 3 4 0 1 0 0 4 0 
#1509523(div: 0) 1524987(div: 1) 1526657(div: 2) 1525563(div: 3) 1514720(div: 4) 
1 1 17 32 
#c 0 1 0 0 0 0 1 1 1 4 0 1 0 3 4 0 1 2 3 4 0 1 0 3 4 0 1 2 3 4 0 1 2 1 4 0 1 0 3 4 0 1 1 3 4 0 1 2 0 0 0 1 0 3 4 0 1 2 0 4 0 1 2 3 4 0 1 0 0 4 0 
#1509523(div: 0) 1524987(div: 1) 1526657(div: 2) 1525563(div: 3) 1514720(div: 4) 
1 1 32 57 
#c 0 1 0 0 0 0 1 1 1 4 0 1 0 3 4 0 1 2 3 4 0 1 0 3 4 0 1 2 3 4 0 1 0 1 4 0 1 0 3 4 0 1 1 3 4 0 1 2 0 0 0 1 0 3 4 0 1 2 0 4 0 1 2 3 4 0 1 0 0 4 0 
#1708738(div: 0) 1524987(div: 1) 1327442(div: 2) 1525563(div: 3) 1514720(div: 4) 
5 28 17 27 47 57 62 0 2 3 4 5 10 12 15 20 22 25 30 32 35 37 40 45 48 49 50 52 55 58 60 65 67 68 70 
#c 0 1 0 0 0 0 1 1 1 4 0 1 0 3 4 0 1 2 3 4 0 1 0 3 4 0 1 2 3 4 0 1 0 1 4 0 1 0 3 4 0 1 1 3 4 0 1 2 0 0 0 1 0 3 4 0 1 2 0 4 0 1 2 3 4 0 1 0 0 4 0 
#1708738(div: 0) 1524987(div: 1) 1327442(div: 2) 1525563(div: 3) 1514720(div: 4) 
12 8 9 14 19 24 29 34 39 44 54 59 64 69 13 18 23 28 38 43 53 63 
#c 0 1 0 0 0 0 1 1 1 4 0 1 0 3 4 0 1 2 3 4 0 1 0 3 4 0 1 2 3 4 0 1 0 1 4 0 1 0 3 4 0 1 1 3 4 0 1 2 0 0 0 1 0 3 4 0 1 2 0 4 0 1 2 3 4 0 1 0 0 4 0 
#1708738(div: 0) 1524987(div: 1) 1327442(div: 2) 1525563(div: 3) 1514720(div: 4) 
12 5 9 14 19 24 29 34 39 44 54 59 64 69 17 27 47 57 62 
#c 0 1 0 0 0 0 1 1 1 4 0 1 0 3 4 0 1 2 3 4 0 1 0 3 4 0 1 2 3 4 0 1 0 1 4 0 1 0 3 4 0 1 1 3 4 0 1 2 0 0 0 1 0 3 4 0 1 2 0 4 0 1 2 3 4 0 1 0 0 4 0 
#1708738(div: 0) 1524987(div: 1) 1327442(div: 2) 1525563(div: 3) 1514720(div: 4) 
5 28 17 27 47 57 62 0 2 3 4 5 10 12 15 20 22 25 30 32 35 37 40 45 48 49 50 52 55 58 60 65 67 68 70 
#c 0 1 0 0 0 0 1 1 1 4 0 1 0 3 4 0 1 2 3 4 0 1 0 3 4 0 1 2 3 4 0 1 0 1 4 0 1 0 3 4 0 1 1 3 4 0 1 2 0 0 0 1 0 3 4 0 1 2 0 4 0 1 2 3 4 0 1 0 0 4 0 
#1708738(div: 0) 1524987(div: 1) 1327442(div: 2) 1525563(div: 3) 1514720(div: 4) 
8 28 13 18 23 28 38 43 53 63 0 2 3 4 5 10 12 15 20 22 25 30 32 35 37 40 45 48 49 50 52 55 58 60 65 67 68 70 
#c 0 1 0 0 0 0 1 1 1 4 0 1 0 3 4 0 1 2 3 4 0 1 0 3 4 0 1 2 3 4 0 1 0 1 4 0 1 0 3 4 0 1 1 3 4 0 1 2 0 0 0 1 0 3 4 0 1 2 0 4 0 1 2 3 4 0 1 0 0 4 0 
#1708738(div: 0) 1524987(div: 1) 1327442(div: 2) 1525563(div: 3) 1514720(div: 4) 
1 1 22 35 
#c 0 1 0 0 0 0 1 1 1 4 0 1 0 3 4 0 1 2 3 4 0 1 0 3 4 0 1 2 3 4 0 1 0 1 4 0 1 0 3 4 0 1 1 3 4 0 1 2 0 0 0 1 0 3 4 0 1 2 0 4 0 1 2 3 4 0 1 0 0 4 0 
#1708738(div: 0) 1524987(div: 1) 1327442(div: 2) 1525563(div: 3) 1514720(div: 4) 
1 1 35 49 
#c 0 1 0 0 0 0 1 1 1 4 0 1 0 3 4 0 1 2 3 4 0 1 0 3 4 0 1 2 3 4 0 1 0 1 4 0 1 0 3 4 0 1 1 3 4 0 1 2 0 0 0 1 0 3 4 0 1 2 0 4 0 1 2 3 4 0 1 0 0 4 0 
#1708738(div: 0) 1524987(div: 1) 1327442(div: 2) 1525563(div: 3) 1514720(div: 4) 
1 1 2 35 
#c 0 1 2 0 0 0 1 1 1 4 0 1 0 3 4 0 1 2 3 4 0 1 0 3 4 0 1 2 3 4 0 1 0 1 4 0 1 0 3 4 0 1 1 3 4 0 1 2 0 0 0 1 0 3 4 0 1 2 0 4 0 1 2 3 4 0 1 0 0 4 0 
#1678740(div: 0) 1524987(div: 1) 1357440(div: 2) 1525563(div: 3) 1514720(div: 4) 
27 6 0 3 4 5 10 12 15 20 22 25 30 32 35 37 40 45 48 49 50 52 55 58 60 65 67 68 70 2 17 27 47 57 62 
#c 0 1 2 0 0 0 1 1 1 4 0 1 0 3 4 0 1 2 3 4 0 1 0 3 4 0 1 2 3 4 0 1 0 1 4 0 1 0 3 4 0 1 1 3 4 0 1 2 0 0 0 1 0 3 4 0 1 2 0 4 0 1 2 3 4 0 1 0 0 4 0 
#1678740(div: 0) 1524987(div: 1) 1357440(div: 2) 1525563(div: 3) 1514720(div: 4) 
1 1 12 60 
#c 0 1 2 0 0 0 1 1 1 4 0 1 0 3 4 0 1 2 3 4 0 1 0 3 4 0 1 2 3 4 0 1 0 1 4 0 1 0 3 4 0 1 1 3 4 0 1 2 0 0 0 1 0 3 4 0 1 2 0 4 0 1 2 3 4 0 1 0 0 4 0 
#1678740(div: 0) 1524987(div: 1) 1357440(div: 2) 1525563(div: 3) 1514720(div: 4) 
1 1 12 35 
#c 0 1 2 0 0 0 1 1 1 4 0 1 0 3 4 0 1 2 3 4 0 1 0 3 4 0 1 2 3 4 0 1 0 1 4 0 1 0 3 4 0 1 1 3 4 0 1 2 0 0 0 1 0 3 4 0 1 2 0 4 0 1 2 3 4 0 1 0 0 4 0 
#1678740(div: 0) 1524987(div: 1) 1357440(div: 2) 1525563(div: 3) 1514720(div: 4) 
1 1 12 49 
#c 0 1 2 0 0 0 1 1 1 4 0 1 2 3 4 0 1 2 3 4 0 1 0 3 4 0 1 2 3 4 0 1 0 1 4 0 1 0 3 4 0 1 1 3 4 0 1 2 0 0 0 1 0 3 4 0 1 2 0 4 0 1 2 3 4 0 1 0 0 4 0 
#1659256(div: 0) 1524987(div: 1) 1376924(div: 2) 1525563(div: 3) 1514720(div: 4) 
12 18 9 14 19 24 29 34 39 44 54 59 64 69 1 6 7 8 11 16 21 26 31 33 36 41 42 46 51 56 61 66 
#c 0 1 2 0 0 0 1 1 1 4 0 1 2 3 4 0 1 2 3 4 0 1 0 3 4 0 1 2 3 4 0 1 0 1 4 0 1 0 3 4 0 1 1 3 4 0 1 2 0 0 0 1 0 3 4 0 1 2 0 4 0 1 2 3 4 0 1 0 0 4 0 
#1659256(div: 0) 1524987(div: 1) 1376924(div: 2) 1525563(div: 3) 1514720(div: 4) 
12 26 9 14 19 24 29 34 39 44 54 59 64 69 0 3 4 5 10 15 20 22 25 30 32 35 37 40 45 48 49 50 52 55 58 60 65 67 68 70 
#c 0 1 2 0 0 0 1 1 1 4 0 1 2 3 4 0 1 2 3 4 0 1 0 3 4 0 1 2 3 4 0 1 0 1 4 0 1 0 3 4 0 1 1 3 4 0 1 2 0 0 0 1 0 3 4 0 1 2 0 4 0 1 2 3 4 0 1 0 0 4 0 
#1659256(div: 0) 1524987(div: 1) 1376924(div: 2) 1525563(div: 3) 1514720(div: 4) 
18 26 1 6 7 8 11 16 21 26 31 33 36 41 42 46 51 56 61 66 0 3 4 5 10 15 20 22 25 30 32 35 37 40 45 48 49 50 52 55 58 60 65 67 68 70 
#c 0 1 2 0 0 0 1 1 1 4 0 1 2 3 4 0 1 2 3 4 0 1 0 3 4 0 1 2 3 4 0 1 0 1 4 0 1 0 3 4 0 1 1 3 4 0 1 2 0 0 0 1 0 3 4 0 1 2 0 4 0 1 2 3 4 0 1 0 0 4 0 
#1659256(div: 0) 1524987(div: 1) 1376924(div: 2) 1525563(div: 3) 1514720(div: 4) 
12 7 9 14 19 24 29 34 39 44 54 59 64 69 2 12 17 27 47 57 62 
#c 0 1 2 0 0 0 1 1 1 4 0 1 2 3 4 0 1 2 3 4 0 1 0 3 4 0 1 2 3 4 0 1 0 1 4 0 1 0 3 4 0 1 1 3 4 0 1 2 0 0 0 1 0 3 4 0 1 2 0 4 0 1 2 3 4 0 1 0 0 4 0 
#1659256(div: 0) 1524987(div: 1) 1376924(div: 2) 1525563(div: 3) 1514720(div: 4) 
1 1 22 50 
#c 0 1 2 0 0 0 1 1 1 4 0 1 2 3 4 0 1 2 3 4 0 1 0 3 4 0 1 2 3 4 0 1 0 1 4 0 1 0 3 4 0 1 1 3 4 0 1 2 0 0 0 1 0 3 4 0 1 2 0 4 0 1 2 3 4 0 1 0 0 4 0 
#1659256(div: 0) 1524987(div: 1) 1376924(div: 2) 1525563(div: 3) 1514720(div: 4) 
1 1 40 50 
#c 0 1 2 0 0 0 1 1 1 4 0 1 2 3 4 0 1 2 3 4 0 1 0 3 4 0 1 2 3 4 0 1 0 1 4 0 1 0 3 4 0 1 1 3 4 0 1 2 0 0 0 1 0 3 4 0 1 2 0 4 0 1 2 3 4 0 1 0 0 4 0 
#1659256(div: 0) 1524987(div: 1) 1376924(div: 2) 1525563(div: 3) 1514720(div: 4) 
1 1 49 50 
#c 0 1 2 0 0 0 1 1 1 4 0 1 2 3 4 0 1 2 3 4 0 1 0 3 4 0 1 2 3 4 0 1 0 1 4 0 1 0 3 4 0 1 1 3 4 0 1 2 0 0 2 1 0 3 4 0 1 2 0 4 0 1 2 3 4 0 1 0 0 4 0 
#1656451(div: 0) 1524987(div: 1) 1379729(div: 2) 1525563(div: 3) 1514720(div: 4) 
25 8 0 3 4 5 10 15 20 22 25 30 32 35 37 40 45 48 49 52 55 58 60 65 67 68 70 2 12 17 27 47 50 57 62 
#c 0 1 2 0 0 0 1 1 1 4 0 1 2 3 4 0 1 2 3 4 0 1 0 3 4 0 1 2 3 4 0 1 0 1 4 0 1 0 3 4 0 1 1 3 4 0 1 2 0 0 2 1 0 3 4 0 1 2 0 4 0 1 2 3 4 0 1 0 0 4 0 
#1656451(div: 0) 1524987(div: 1) 1379729(div: 2) 1525563(div: 3) 1514720(div: 4) 
1 1 20 58 
#c 0 1 2 0 0 0 1 1 1 4 0 1 2 3 4 0 1 2 3 4 0 1 0 3 4 0 1 2 3 4 0 1 0 1 4 0 1 0 3 4 0 1 1 3 4 0 1 2 0 0 2 1 0 3 4 0 1 2 0 4 0 1 2 3 4 0 1 0 0 4 0 
#1656451(div: 0) 1524987(div: 1) 1379729(div: 2) 1525563(div: 3) 1514720(div: 4) 
1 1 20 55 
#c 0 1 2 0 0 0 1 1 1 4 0 1 2 3 4 0 1 2 3 4 0 1 0 3 4 0 1 2 3 4 0 1 0 1 4 0 1 0 3 4 0 1 1 3 4 0 1 2 0 0 2 1 0 3 4 0 1 2 0 4 0 1 2 3 4 0 1 0 0 4 0 
#1656451(div: 0) 1524987(div: 1) 1379729(div: 2) 1525563(div: 3) 1514720(div: 4) 
1 1 20 40 
#c 0 1 2 0 0 0 1 1 1 4 0 1 2 3 4 0 1 2 3 4 2 1 0 3 4 0 1 2 3 4 0 1 0 1 4 0 1 0 3 4 0 1 1 3 4 0 1 2 0 0 2 1 0 3 4 0 1 2 0 4 0 1 2 3 4 0 1 0 0 4 0 
#1636566(div: 0) 1524987(div: 1) 1399614(div: 2) 1525563(div: 3) 1514720(div: 4) 
8 18 13 18 23 28 38 43 53 63 1 6 7 8 11 16 21 26 31 33 36 41 42 46 51 56 61 66 
#c 0 1 2 0 0 0 1 1 1 4 0 1 2 3 4 0 1 2 3 4 2 1 0 3 4 0 1 2 3 4 0 1 0 1 4 0 1 0 3 4 0 1 1 3 4 0 1 2 0 0 2 1 0 3 4 0 1 2 0 4 0 1 2 3 4 0 1 0 0 4 0 
#1636566(div: 0) 1524987(div: 1) 1399614(div: 2) 1525563(div: 3) 1514720(div: 4) 
18 9 1 6 7 8 11 16 21 26 31 33 36 41 42 46 51 56 61 66 2 12 17 20 27 47 50 57 62 
#c 0 1 2 0 0 0 1 1 1 4 0 1 2 3 4 0 1 2 3 4 2 1 0 3 4 0 1 2 3 4 0 1 0 1 4 0 1 0 3 4 0 1 1 3 4 0 1 2 0 0 2 1 0 3 4 0 1 2 0 4 0 1 2 3 4 0 1 0 0 4 0 
#1636566(div: 0) 1524987(div: 1) 1399614(div: 2) 1525563(div: 3) 1514720(div: 4) 
9 12 2 12 17 20 27 47 50 57 62 9 14 19 24 29 34 39 44 54 59 64 69 
#c 0 1 2 0 0 0 1 1 1 4 0 1 2 3 4 0 1 2 3 4 2 1 0 3 4 0 1 2 3 4 0 1 0 1 4 0 1 0 3 4 0 1 1 3 4 0 1 2 0 0 2 1 0 3 4 0 1 2 0 4 0 1 2 3 4 0 1 0 0 4 0 
#1636566(div: 0) 1524987(div: 1) 1399614(div: 2) 1525563(div: 3) 1514720(div: 4) 
8 12 13 18 23 28 38 43 53 63 9 14 19 24 29 34 39 44 54 59 64 69 
#c 0 1 2 0 0 0 1 1 1 4 0 1 2 3 4 0 1 2 3 4 2 1 0 3 4 0 1 2 3 4 0 1 0 1 4 0 1 0 3 4 0 1 1 3 4 0 1 2 0 0 2 1 0 3 4 0 1 2 0 4 0 1 2 3 4 0 1 0 0 4 0 
#1636566(div: 0) 1524987(div: 1) 1399614(div: 2) 1525563(div: 3) 1514720(div: 4) 
1 1 13 43 
#c 0 1 2 0 0 0 1 1 1 4 0 1 2 3 4 0 1 2 3 4 2 1 0 3 4 0 1 2 3 4 0 1 0 1 4 0 1 0 3 4 0 1 1 3 4 0 1 2 0 0 2 1 0 3 4 0 1 2 0 4 0 1 2 3 4 0 1 0 0 4 0 
#1636566(div: 0) 1524987(div: 1) 1399614(div: 2) 1525563(div: 3) 1514720(div: 4) 
1 1 23 43 
#c 0 1 2 0 0 0 1 1 1 4 0 1 2 3 4 0 1 2 3 4 2 1 0 3 4 0 1 2 3 4 0 1 0 1 4 0 1 0 3 4 0 1 1 3 4 0 1 2 0 0 2 1 0 3 4 0 1 2 0 4 0 1 2 3 4 0 1 0 0 4 0 
#1636566(div: 0) 1524987(div: 1) 1399614(div: 2) 1525563(div: 3) 1514720(div: 4) 
1 1 43 53 
#c 0 1 2 0 0 0 1 1 1 4 0 1 2 3 4 0 1 2 3 4 2 1 0 3 4 0 1 2 3 4 0 1 0 1 4 0 1 0 3 4 0 1 1 2 4 0 1 2 0 0 2 1 0 3 4 0 1 2 0 4 0 1 2 3 4 0 1 0 0 4 0 
#1636566(div: 0) 1524987(div: 1) 1487531(div: 2) 1437646(div: 3) 1514720(div: 4) 
7 10 13 18 23 28 38 53 63 2 12 17 20 27 43 47 50 57 62 
#c 0 1 2 0 0 0 1 1 1 4 0 1 2 3 4 0 1 2 3 4 2 1 0 3 4 0 1 2 3 4 0 1 0 1 4 0 1 0 3 4 0 1 1 2 4 0 1 2 0 0 2 1 0 3 4 0 1 2 0 4 0 1 2 3 4 0 1 0 0 4 0 
#1636566(div: 0) 1524987(div: 1) 1487531(div: 2) 1437646(div: 3) 1514720(div: 4) 
12 24 9 14 19 24 29 34 39 44 54 59 64 69 0 3 4 5 10 15 22 25 30 32 35 37 40 45 48 49 52 55 58 60 65 67 68 70 
#c 0 1 2 0 0 0 1 1 1 4 0 1 2 3 4 0 1 2 3 4 2 1 0 3 4 0 1 2 3 4 0 1 0 1 4 0 1 0 3 4 0 1 1 2 4 0 1 2 0 0 2 1 0 3 4 0 1 2 0 4 0 1 2 3 4 0 1 0 0 4 0 
#1636566(div: 0) 1524987(div: 1) 1487531(div: 2) 1437646(div: 3) 1514720(div: 4) 
12 18 9 14 19 24 29 34 39 44 54 59 64 69 1 6 7 8 11 16 21 26 31 33 36 41 42 46 51 56 61 66 
#c 0 1 2 0 0 0 1 1 1 4 0 1 2 3 4 0 1 2 3 4 2 1 0 3 4 0 1 2 3 4 0 1 0 1 4 0 1 0 3 4 0 1 1 2 4 0 1 2 0 0 2 1 0 3 4 0 1 2 0 4 0 1 2 3 4 0 1 0 0 4 0 
#1636566(div: 0) 1524987(div: 1) 1487531(div: 2) 1437646(div: 3) 1514720(div: 4) 
24 18 0 3 4 5 10 15 22 25 30 32 35 37 40 45 48 49 52 55 58 60 65 67 68 70 1 6 7 8 11 16 21 26 31 33 36 41 42 46 51 56 61 66 
#c 0 1 2 0 0 0 1 1 1 4 0 1 2 3 4 0 1 2 3 4 2 1 0 3 4 0 1 2 3 4 0 1 0 1 4 0 1 0 3 4 0 1 1 2 4 0 1 2 0 0 2 1 0 3 4 0 1 2 0 4 0 1 2 3 4 0 1 0 0 4 0 
#1636566(div: 0) 1524987(div: 1) 1487531(div: 2) 1437646(div: 3) 1514720(div: 4) 
12 7 9 14 19 24 29 34 39 44 54 59 64 69 13 18 23 28 38 53 63 
#c 0 1 2 0 0 0 1 1 1 4 0 1 2 3 4 0 1 2 3 4 2 1 0 3 4 0 1 2 3 4 0 1 0 1 4 0 1 0 3 4 0 1 1 2 4 0 1 2 0 0 2 1 0 3 4 0 1 2 0 4 0 1 2 3 4 0 1 0 0 4 0 
#1636566(div: 0) 1524987(div: 1) 1487531(div: 2) 1437646(div: 3) 1514720(div: 4) 
1 1 60 67 
#c 0 1 2 0 0 0 1 1 1 4 0 1 2 3 4 0 1 2 3 4 2 1 0 3 4 0 1 2 3 4 0 1 0 1 4 0 1 0 3 4 0 1 1 2 4 0 1 2 0 0 2 1 0 3 4 0 1 2 0 4 0 1 2 3 4 0 1 0 0 4 0 
#1636566(div: 0) 1524987(div: 1) 1487531(div: 2) 1437646(div: 3) 1514720(div: 4) 
1 1 37 67 
#c 0 1 2 0 0 0 1 1 1 4 0 1 2 3 4 0 1 2 3 4 2 1 0 3 4 0 1 2 3 4 0 1 0 1 4 0 1 0 3 4 0 1 1 2 4 0 1 2 0 0 2 1 0 3 4 0 1 2 0 4 0 1 2 3 4 0 1 0 0 4 0 
#1636566(div: 0) 1524987(div: 1) 1487531(div: 2) 1437646(div: 3) 1514720(div: 4) 
1 1 37 70 
#c 0 1 2 0 0 0 1 1 1 4 0 1 2 3 4 0 1 2 3 4 2 1 0 3 4 0 1 2 3 4 0 1 0 1 4 0 1 3 3 4 0 1 1 2 4 0 1 2 0 0 2 1 0 3 4 0 1 2 0 4 0 1 2 3 4 0 1 0 0 4 0 
#1617303(div: 0) 1524987(div: 1) 1487531(div: 2) 1456909(div: 3) 1514720(div: 4) 
23 8 0 3 4 5 10 15 22 25 30 32 35 40 45 48 49 52 55 58 60 65 67 68 70 13 18 23 28 37 38 53 63 
#c 0 1 2 0 0 0 1 1 1 4 0 1 2 3 4 0 1 2 3 4 2 1 0 3 4 0 1 2 3 4 0 1 0 1 4 0 1 3 3 4 0 1 1 2 4 0 1 2 0 0 2 1 0 3 4 0 1 2 0 4 0 1 2 3 4 0 1 0 0 4 0 
#1617303(div: 0) 1524987(div: 1) 1487531(div: 2) 1456909(div: 3) 1514720(div: 4) 
1 1 22 30 
#c 0 1 2 0 0 0 1 1 1 4 0 1 2 3 4 0 1 2 3 4 2 1 0 3 4 0 1 2 3 4 0 1 0 1 4 0 1 3 3 4 0 1 1 2 4 0 1 2 0 0 2 1 0 3 4 0 1 2 0 4 0 1 2 3 4 0 1 0 0 4 0 
#1617303(div: 0) 1524987(div: 1) 1487531(div: 2) 1456909(div: 3) 1514720(div: 4) 
1 1 30 48 
#c 0 1 2 0 0 0 1 1 1 4 0 1 2 3 4 0 1 2 3 4 2 1 0 3 4 0 1 2 3 4 0 1 0 1 4 0 1 3 3 4 0 1 1 2 4 0 1 2 0 0 2 1 0 3 4 0 1 2 0 4 0 1 2 3 4 0 1 0 0 4 0 
#1617303(div: 0) 1524987(div: 1) 1487531(div: 2) 1456909(div: 3) 1514720(div: 4) 
1 1 45 48 
#c 0 1 2 0 0 0 1 1 1 4 0 1 2 3 4 0 1 2 3 4 2 1 0 3 4 0 1 2 3 4 0 1 0 1 4 0 1 3 3 4 0 1 1 2 4 0 1 2 3 0 2 1 0 3 4 0 1 2 0 4 0 1 2 3 4 0 1 0 0 4 0 
#1615275(div: 0) 1524987(div: 1) 1487531(div: 2) 1458937(div: 3) 1514720(div: 4) 
9 10 13 18 23 28 37 38 48 53 63 2 12 17 20 27 43 47 50 57 62 
#c 0 1 2 0 0 0 1 1 1 4 0 1 2 3 4 0 1 2 3 4 2 1 0 3 4 0 1 2 3 4 0 1 0 1 4 0 1 3 3 4 0 1 1 2 4 0 1 2 3 0 2 1 0 3 4 0 1 2 0 4 0 1 2 3 4 0 1 0 0 4 0 
#1615275(div: 0) 1524987(div: 1) 1487531(div: 2) 1458937(div: 3) 1514720(div: 4) 
9 22 13 18 23 28 37 38 48 53 63 0 3 4 5 10 15 22 25 30 32 35 40 45 49 52 55 58 60 65 67 68 70 
#c 0 1 2 0 0 0 1 1 1 4 0 1 2 3 4 0 1 2 3 4 2 1 0 3 4 0 1 2 3 4 0 1 0 1 4 0 1 3 3 4 0 1 1 2 4 0 1 2 3 0 2 1 0 3 4 0 1 2 0 4 0 1 2 3 4 0 1 0 0 4 0 
#1615275(div: 0) 1524987(div: 1) 1487531(div: 2) 1458937(div: 3) 1514720(div: 4) 
10 22 2 12 17 20 27 43 47 50 57 62 0 3 4 5 10 15 22 25 30 32 35 40 45 49 52 55 58 60 65 67 68 70 
#c 0 1 2 0 0 0 1 1 1 4 0 1 2 3 4 0 1 2 3 4 2 1 0 3 4 0 1 2 3 4 0 1 0 1 4 0 1 3 3 4 0 1 1 2 4 0 1 2 3 0 2 1 0 3 4 0 1 2 0 4 0 1 2 3 4 0 1 0 0 4 0 
#1615275(div: 0) 1524987(div: 1) 1487531(div: 2) 1458937(div: 3) 1514720(div: 4) 
9 18 13 18 23 28 37 38 48 53 63 1 6 7 8 11 16 21 26 31 33 36 41 42 46 51 56 61 66 
#c 0 1 2 0 0 0 1 1 1 4 0 1 2 3 4 0 1 2 3 4 2 1 0 3 4 0 1 2 3 4 0 1 0 1 4 0 1 3 3 4 0 1 1 2 4 0 1 2 3 0 2 1 0 3 4 0 1 2 0 4 0 1 2 3 4 0 1 0 0 4 0 
#1615275(div: 0) 1524987(div: 1) 1487531(div: 2) 1458937(div: 3) 1514720(div: 4) 
22 18 0 3 4 5 10 15 22 25 30 32 35 40 45 49 52 55 58 60 65 67 68 70 1 6 7 8 11 16 21 26 31 33 36 41 42 46 51 56 61 66 
#c 0 1 2 0 0 0 1 1 1 4 0 1 2 3 4 0 1 2 3 4 2 1 0 3 4 0 1 2 3 4 0 1 0 1 4 0 1 3 3 4 0 1 1 2 4 0 1 2 3 0 2 1 0 3 4 0 1 2 0 4 0 1 2 3 4 0 1 0 0 4 0 
#1615275(div: 0) 1524987(div: 1) 1487531(div: 2) 1458937(div: 3) 1514720(div: 4) 
1 1 3 22 
#c 0 1 2 0 0 0 1 1 1 4 0 1 2 3 4 0 1 2 3 4 2 1 0 3 4 0 1 2 3 4 0 1 0 1 4 0 1 3 3 4 0 1 1 2 4 0 1 2 3 0 2 1 0 3 4 0 1 2 0 4 0 1 2 3 4 0 1 0 0 4 0 
#1615275(div: 0) 1524987(div: 1) 1487531(div: 2) 1458937(div: 3) 1514720(div: 4) 
1 1 3 58 
#c 0 1 2 0 0 0 1 1 1 4 0 1 2 3 4 0 1 2 3 4 2 1 0 3 4 0 1 2 3 4 0 1 0 1 4 0 1 3 3 4 0 1 1 2 4 0 1 2 3 0 2 1 0 3 4 0 1 2 0 4 0 1 2 3 4 0 1 0 0 4 0 
#1615275(div: 0) 1524987(div: 1) 1487531(div: 2) 1458937(div: 3) 1514720(div: 4) 
1 1 58 60 
#c 0 1 2 0 0 0 1 1 1 4 0 1 2 3 4 0 1 2 3 4 2 1 0 3 4 0 1 2 3 4 0 1 0 1 4 0 1 3 3 4 0 1 1 2 4 0 1 2 3 0 2 1 0 3 4 0 1 2 0 4 3 1 2 3 4 0 1 0 0 4 0 
#1585916(div: 0) 1524987(div: 1) 1487531(div: 2) 1488296(div: 3) 1514720(div: 4) 
21 10 0 3 4 5 10 15 22 25 30 32 35 40 45 49 52 55 58 65 67 68 70 13 18 23 28 37 38 48 53 60 63 
#c 0 1 2 0 0 0 1 1 1 4 0 1 2 3 4 0 1 2 3 4 2 1 0 3 4 0 1 2 3 4 0 1 0 1 4 0 1 3 3 4 0 1 1 2 4 0 1 2 3 0 2 1 0 3 4 0 1 2 0 4 3 1 2 3 4 0 1 0 0 4 0 
#1585916(div: 0) 1524987(div: 1) 1487531(div: 2) 1488296(div: 3) 1514720(div: 4) 
1 1 67 68 
#c 0 1 2 0 0 0 1 1 1 4 0 1 2 3 4 0 1 2 3 4 2 1 0 3 4 0 1 2 3 4 0 1 0 1 4 0 1 3 3 4 0 1 1 2 4 0 1 2 3 0 2 1 0 3 4 0 1 2 0 4 3 1 2 3 4 0 1 0 0 4 0 
#1585916(div: 0) 1524987(div: 1) 1487531(div: 2) 1488296(div: 3) 1514720(div: 4) 
1 1 58 68 
#c 0 1 2 0 0 0 1 1 1 4 0 1 2 3 4 0 1 2 3 4 2 1 0 3 4 0 1 2 3 4 0 1 0 1 4 0 1 3 3 4 0 1 1 2 4 0 1 2 3 0 2 1 0 3 4 0 1 2 0 4 3 1 2 3 4 0 1 0 0 4 0 
#1585916(div: 0) 1524987(div: 1) 1487531(div: 2) 1488296(div: 3) 1514720(div: 4) 
1 1 52 68 
#c 0 1 2 0 0 0 1 1 1 4 0 1 2 3 4 0 1 2 3 4 2 1 0 3 4 0 1 2 3 4 0 1 0 1 4 0 1 3 3 4 0 1 1 2 4 0 1 2 3 0 2 1 0 3 4 0 1 2 0 4 3 1 2 3 4 0 1 0 3 4 0 
#1584290(div: 0) 1524987(div: 1) 1487531(div: 2) 1489922(div: 3) 1514720(div: 4) 
12 20 9 14 19 24 29 34 39 44 54 59 64 69 0 3 4 5 10 15 22 25 30 32 35 40 45 49 52 55 58 65 67 70 
#c 0 1 2 0 0 0 1 1 1 4 0 1 2 3 4 0 1 2 3 4 2 1 0 3 4 0 1 2 3 4 0 1 0 1 4 0 1 3 3 4 0 1 1 2 4 0 1 2 3 0 2 1 0 3 4 0 1 2 0 4 3 1 2 3 4 0 1 0 3 4 0 
#1584290(div: 0) 1524987(div: 1) 1487531(div: 2) 1489922(div: 3) 1514720(div: 4) 
12 10 9 14 19 24 29 34 39 44 54 59 64 69 2 12 17 20 27 43 47 50 57 62 
#c 0 1 2 0 0 0 1 1 1 4 0 1 2 3 4 0 1 2 3 4 2 1 0 3 4 0 1 2 3 4 0 1 0 1 4 0 1 3 3 4 0 1 1 2 4 0 1 2 3 0 2 1 0 3 4 0 1 2 0 4 3 1 2 3 4 0 1 0 3 4 0 
#1584290(div: 0) 1524987(div: 1) 1487531(div: 2) 1489922(div: 3) 1514720(div: 4) 
10 18 2 12 17 20 27 43 47 50 57 62 1 6 7 8 11 16 21 26 31 33 36 41 42 46 51 56 61 66 
#c 0 1 2 0 0 0 1 1 1 4 0 1 2 3 4 0 1 2 3 4 2 1 0 3 4 0 1 2 3 4 0 1 0 1 4 0 1 3 3 4 0 1 1 2 4 0 1 2 3 0 2 1 0 3 4 0 1 2 0 4 3 1 2 3 4 0 1 0 3 4 0 
#1584290(div: 0) 1524987(div: 1) 1487531(div: 2) 1489922(div: 3) 1514720(div: 4) 
20 18 0 3 4 5 10 15 22 25 30 32 35 40 45 49 52 55 58 65 67 70 1 6 7 8 11 16 21 26 31 33 36 41 42 46 51 56 61 66 
#c 0 1 2 0 0 0 1 1 1 4 0 1 2 3 4 0 1 2 3 4 2 1 0 3 4 0 1 2 3 4 0 1 0 1 4 0 1 3 3 4 0 1 1 2 4 0 1 2 3 0 2 1 0 3 4 0 1 2 0 4 3 1 2 3 4 0 1 0 3 4 0 
#1584290(div: 0) 1524987(div: 1) 1487531(div: 2) 1489922(div: 3) 1514720(div: 4) 
1 1 10 30 
#c 0 1 2 0 0 0 1 1 1 4 0 1 2 3 4 0 1 2 3 4 2 1 0 3 4 0 1 2 3 4 0 1 0 1 4 0 1 3 3 4 0 1 1 2 4 0 1 2 3 0 2 1 0 3 4 0 1 2 0 4 3 1 2 3 4 0 1 0 3 4 0 
#1584290(div: 0) 1524987(div: 1) 1487531(div: 2) 1489922(div: 3) 1514720(div: 4) 
1 1 30 52 
#c 0 1 2 0 0 0 1 1 1 4 0 1 2 3 4 0 1 2 3 4 2 1 0 3 4 0 1 2 3 4 0 1 0 1 4 0 1 3 3 4 0 1 1 2 4 0 1 2 3 0 2 1 0 3 4 0 1 2 0 4 3 1 2 3 4 0 1 0 3 4 0 
#1584290(div: 0) 1524987(div: 1) 1487531(div: 2) 1489922(div: 3) 1514720(div: 4) 
1 1 30 40 
#c 0 1 2 0 0 0 1 1 1 4 0 1 2 3 4 0 1 2 3 4 2 1 0 3 4 0 1 2 3 4 0 1 0 1 4 0 1 3 3 4 2 1 1 2 4 0 1 2 3 0 2 1 0 3 4 0 1 2 0 4 3 1 2 3 4 0 1 0 3 4 0 
#1527254(div: 0) 1524987(div: 1) 1544567(div: 2) 1489922(div: 3) 1514720(div: 4) 
19 11 0 3 4 5 10 15 22 25 30 32 35 45 49 52 55 58 65 67 70 2 12 17 20 27 40 43 47 50 57 62 
#c 0 1 2 0 0 0 1 1 1 4 0 1 2 3 4 0 1 2 3 4 2 1 0 3 4 0 1 2 3 4 0 1 0 1 4 0 1 3 3 4 2 1 1 2 4 0 1 2 3 0 2 1 0 3 4 0 1 2 0 4 3 1 2 3 4 0 1 0 3 4 0 
#1527254(div: 0) 1524987(div: 1) 1544567(div: 2) 1489922(div: 3) 1514720(div: 4) 
12 19 9 14 19 24 29 34 39 44 54 59 64 69 0 3 4 5 10 15 22 25 30 32 35 45 49 52 55 58 65 67 70 
#c 0 1 2 0 0 0 1 1 1 4 0 1 2 3 4 0 1 2 3 4 2 1 0 3 4 0 1 2 3 4 0 1 0 1 4 0 1 3 3 4 2 1 1 2 4 0 1 2 3 0 2 1 0 3 4 0 1 2 0 4 3 1 2 3 4 0 1 0 3 4 0 
#1527254(div: 0) 1524987(div: 1) 1544567(div: 2) 1489922(div: 3) 1514720(div: 4) 
12 11 9 14 19 24 29 34 39 44 54 59 64 69 2 12 17 20 27 40 43 47 50 57 62 
#c 0 1 2 0 0 0 1 1 1 4 0 1 2 3 4 0 1 2 3 4 2 1 0 3 4 0 1 2 3 4 0 1 0 1 4 0 1 3 3 4 2 1 1 2 4 0 1 2 3 0 2 1 0 3 4 0 1 2 0 4 3 1 2 3 4 0 1 0 3 4 0 
#1527254(div: 0) 1524987(div: 1) 1544567(div: 2) 1489922(div: 3) 1514720(div: 4) 
19 11 0 3 4 5 10 15 22 25 30 32 35 45 49 52 55 58 65 67 70 2 12 17 20 27 40 43 47 50 57 62 
#c 0 1 2 0 0 0 1 1 1 4 0 1 2 3 4 0 1 2 3 4 2 1 0 3 4 0 1 2 3 4 0 1 0 1 4 0 1 3 3 4 2 1 1 2 4 0 1 2 3 0 2 1 0 3 4 0 1 2 0 4 3 1 2 3 4 0 1 0 3 4 0 
#1527254(div: 0) 1524987(div: 1) 1544567(div: 2) 1489922(div: 3) 1514720(div: 4) 
12 11 9 14 19 24 29 34 39 44 54 59 64 69 13 18 23 28 37 38 48 53 60 63 68 
#c 0 1 2 0 0 0 1 1 1 4 0 1 2 3 4 0 1 2 3 4 2 1 0 3 4 0 1 2 3 4 0 1 0 1 4 0 1 3 3 4 2 1 1 2 4 0 1 2 3 0 2 1 0 3 4 0 1 2 0 4 3 1 2 3 4 0 1 0 3 4 0 
#1527254(div: 0) 1524987(div: 1) 1544567(div: 2) 1489922(div: 3) 1514720(div: 4) 
1 1 2 17 
#c 0 1 2 0 0 0 1 1 1 4 0 1 2 3 4 0 1 2 3 4 2 1 0 3 4 0 1 2 3 4 0 1 0 1 4 0 1 3 3 4 2 1 1 2 4 0 1 2 3 0 2 1 0 3 4 0 1 2 0 4 3 1 2 3 4 0 1 0 3 4 0 
#1527254(div: 0) 1524987(div: 1) 1544567(div: 2) 1489922(div: 3) 1514720(div: 4) 
1 1 2 40 
#c 0 1 2 0 0 0 1 1 1 4 0 1 2 3 4 0 1 2 3 4 2 1 0 3 4 0 1 2 3 4 0 1 0 1 4 0 1 3 3 4 2 1 1 2 4 0 1 2 3 0 2 1 0 3 4 0 1 2 0 4 3 1 2 3 4 0 1 0 3 4 0 
#1527254(div: 0) 1524987(div: 1) 1544567(div: 2) 1489922(div: 3) 1514720(div: 4) 
1 1 2 12 
#c 0 1 2 0 0 0 1 1 1 4 0 1 3 3 4 0 1 2 3 4 2 1 0 3 4 0 1 2 3 4 0 1 0 1 4 0 1 3 3 4 2 1 1 2 4 0 1 2 3 0 2 1 0 3 4 0 1 2 0 4 3 1 2 3 4 0 1 0 3 4 0 
#1527254(div: 0) 1524987(div: 1) 1525083(div: 2) 1509406(div: 3) 1514720(div: 4) 
10 12 2 17 20 27 40 43 47 50 57 62 12 13 18 23 28 37 38 48 53 60 63 68 
#c 0 1 2 0 0 0 1 1 1 4 0 1 3 3 4 0 1 2 3 4 2 1 0 3 4 0 1 2 3 4 0 1 0 1 4 0 1 3 3 4 2 1 1 2 4 0 1 2 3 0 2 1 0 3 4 0 1 2 0 4 3 1 2 3 4 0 1 0 3 4 0 
#1527254(div: 0) 1524987(div: 1) 1525083(div: 2) 1509406(div: 3) 1514720(div: 4) 
1 1 17 20 
#c 0 1 2 0 0 0 1 1 1 4 0 1 3 3 4 0 1 2 3 4 2 1 0 3 4 0 1 2 3 4 0 1 0 1 4 0 1 3 3 4 2 1 1 2 4 0 1 2 3 0 2 1 0 3 4 0 1 2 0 4 3 1 2 3 4 0 1 0 3 4 0 
#1527254(div: 0) 1524987(div: 1) 1525083(div: 2) 1509406(div: 3) 1514720(div: 4) 
1 1 2 20 
#c 0 1 2 0 0 0 1 1 1 4 0 1 3 3 4 0 1 2 3 4 2 1 0 3 4 0 1 2 3 4 0 1 0 1 4 0 1 3 3 4 2 1 1 2 4 0 1 2 3 0 2 1 0 3 4 0 1 2 0 4 3 1 2 3 4 0 1 0 3 4 0 
#1527254(div: 0) 1524987(div: 1) 1525083(div: 2) 1509406(div: 3) 1514720(div: 4) 
1 1 20 57 
#c 0 1 2 0 0 0 1 1 1 4 0 1 3 3 4 0 1 2 3 4 3 1 0 3 4 0 1 2 3 4 0 1 0 1 4 0 1 3 3 4 2 1 1 2 4 0 1 2 3 0 2 1 0 3 4 0 1 2 0 4 3 1 2 3 4 0 1 0 3 4 0 
#1527254(div: 0) 1524987(div: 1) 1505198(div: 2) 1529291(div: 3) 1514720(div: 4) 
18 13 1 6 7 8 11 16 21 26 31 33 36 41 42 46 51 56 61 66 12 13 18 20 23 28 37 38 48 53 60 63 68 
#c 0 1 2 0 0 0 1 1 1 4 0 1 3 3 4 0 1 2 3 4 3 1 0 3 4 0 1 2 3 4 0 1 0 1 4 0 1 3 3 4 2 1 1 2 4 0 1 2 3 0 2 1 0 3 4 0 1 2 0 4 3 1 2 3 4 0 1 0 3 4 0 
#1527254(div: 0) 1524987(div: 1) 1505198(div: 2) 1529291(div: 3) 1514720(div: 4) 
18 19 1 6 7 8 11 16 21 26 31 33 36 41 42 46 51 56 61 66 0 3 4 5 10 15 22 25 30 32 35 45 49 52 55 58 65 67 70 
#c 0 1 2 0 0 0 1 1 1 4 0 1 3 3 4 0 1 2 3 4 3 1 0 3 4 0 1 2 3 4 0 1 0 1 4 0 1 3 3 4 2 1 1 2 4 0 1 2 3 0 2 1 0 3 4 0 1 2 0 4 3 1 2 3 4 0 1 0 3 4 0 
#1527254(div: 0) 1524987(div: 1) 1505198(div: 2) 1529291(div: 3) 1514720(div: 4) 
13 19 12 13 18 20 23 28 37 38 48 53 60 63 68 0 3 4 5 10 15 22 25 30 32 35 45 49 52 55 58 65 67 70 
#c 0 1 2 0 0 0 1 1 1 4 0 1 3 3 4 0 1 2 3 4 3 1 0 3 4 0 1 2 3 4 0 1 0 1 4 0 1 3 3 4 2 1 1 2 4 0 1 2 3 0 2 1 0 3 4 0 1 2 0 4 3 1 2 3 4 0 1 0 3 4 0 
#1527254(div: 0) 1524987(div: 1) 1505198(div: 2) 1529291(div: 3) 1514720(div: 4) 
18 12 1 6 7 8 11 16 21 26 31 33 36 41 42 46 51 56 61 66 9 14 19 24 29 34 39 44 54 59 64 69 
#c 0 1 2 0 0 0 1 1 1 4 0 1 3 3 4 0 1 2 3 4 3 1 0 3 4 0 1 2 3 4 0 1 0 1 4 0 1 3 3 4 2 1 1 2 4 0 1 2 3 0 2 1 0 3 4 0 1 2 0 4 3 1 2 3 4 0 1 0 3 4 0 
#1527254(div: 0) 1524987(div: 1) 1505198(div: 2) 1529291(div: 3) 1514720(div: 4) 
1 1 13 60 
#c 0 1 2 0 0 0 1 1 1 4 0 1 3 3 4 0 1 2 3 4 3 1 0 3 4 0 1 2 3 4 0 1 0 1 4 0 1 3 3 4 2 1 1 2 4 0 1 2 3 0 2 1 0 3 4 0 1 2 0 4 3 1 2 3 4 0 1 0 3 4 0 
#1527254(div: 0) 1524987(div: 1) 1505198(div: 2) 1529291(div: 3) 1514720(div: 4) 
1 1 53 60 
#c 0 1 2 0 0 0 1 1 1 4 0 1 3 3 4 0 1 2 3 4 3 1 0 3 4 0 1 2 3 4 0 1 0 1 4 0 1 3 3 4 2 1 1 2 4 0 1 2 3 0 2 1 0 3 4 0 1 2 0 4 3 1 2 3 4 0 1 0 3 4 0 
#1527254(div: 0) 1524987(div: 1) 1505198(div: 2) 1529291(div: 3) 1514720(div: 4) 
1 1 12 60 
#c 0 1 2 0 0 0 1 1 1 4 0 1 4 3 4 0 1 2 3 4 3 1 0 3 4 0 1 2 3 4 0 1 0 1 4 0 1 3 3 4 2 1 1 2 4 0 1 2 3 0 2 1 0 3 4 0 1 2 0 4 3 1 2 3 4 0 1 0 3 4 0 
#1527254(div: 0) 1524987(div: 1) 1505198(div: 2) 1509807(div: 3) 1534204(div: 4) 
12 13 13 18 20 23 28 37 38 48 53 60 63 68 9 12 14 19 24 29 34 39 44 54 59 64 69 
#c 0 1 2 0 0 0 1 1 1 4 0 1 4 3 4 0 1 2 3 4 3 1 0 3 4 0 1 2 3 4 0 1 0 1 4 0 1 3 3 4 2 1 1 2 4 0 1 2 3 0 2 1 0 3 4 0 1 2 0 4 3 1 2 3 4 0 1 0 3 4 0 
#1527254(div: 0) 1524987(div: 1) 1505198(div: 2) 1509807(div: 3) 1534204(div: 4) 
13 19 9 12 14 19 24 29 34 39 44 54 59 64 69 0 3 4 5 10 15 22 25 30 32 35 45 49 52 55 58 65 67 70 
#c 0 1 2 0 0 0 1 1 1 4 0 1 4 3 4 0 1 2 3 4 3 1 0 3 4 0 1 2 3 4 0 1 0 1 4 0 1 3 3 4 2 1 1 2 4 0 1 2 3 0 2 1 0 3 4 0 1 2 0 4 3 1 2 3 4 0 1 0 3 4 0 
#1527254(div: 0) 1524987(div: 1) 1505198(div: 2) 1509807(div: 3) 1534204(div: 4) 
19 12 0 3 4 5 10 15 22 25 30 32 35 45 49 52 55 58 65 67 70 13 18 20 23 28 37 38 48 53 60 63 68 
#c 0 1 2 0 0 0 1 1 1 4 0 1 4 3 4 0 1 2 3 4 3 1 0 3 4 0 1 2 3 4 0 1 0 1 4 0 1 3 3 4 2 1 1 2 4 0 1 2 3 0 2 1 0 3 4 0 1 2 0 4 3 1 2 3 4 0 1 0 3 4 0 
#1527254(div: 0) 1524987(div: 1) 1505198(div: 2) 1509807(div: 3) 1534204(div: 4) 
12 18 13 18 20 23 28 37 38 48 53 60 63 68 1 6 7 8 11 16 21 26 31 33 36 41 42 46 51 56 61 66 
#c 0 1 2 0 0 0 1 1 1 4 0 1 4 3 4 0 1 2 3 4 3 1 0 3 4 0 1 2 3 4 0 1 0 1 4 0 1 3 3 4 2 1 1 2 4 0 1 2 3 0 2 1 0 3 4 0 1 2 0 4 3 1 2 3 4 0 1 0 3 4 0 
#1527254(div: 0) 1524987(div: 1) 1505198(div: 2) 1509807(div: 3) 1534204(div: 4) 
13 18 9 12 14 19 24 29 34 39 44 54 59 64 69 1 6 7 8 11 16 21 26 31 33 36 41 42 46 51 56 61 66 
#c 0 1 2 0 0 0 1 1 1 4 0 1 4 3 4 0 1 2 3 4 3 1 0 3 4 0 1 2 3 4 0 1 0 1 4 0 1 3 3 4 2 1 1 2 4 0 1 2 3 0 2 1 0 3 4 0 1 2 0 4 3 1 2 3 4 0 1 0 3 4 0 
#1527254(div: 0) 1524987(div: 1) 1505198(div: 2) 1509807(div: 3) 1534204(div: 4) 
1 1 9 39 
#c 0 1 2 0 0 0 1 1 1 4 0 1 4 3 4 0 1 2 3 4 3 1 0 3 4 0 1 2 3 4 0 1 0 1 4 0 1 3 3 4 2 1 1 2 4 0 1 2 3 0 2 1 0 3 4 0 1 2 0 4 3 1 2 3 4 0 1 0 3 4 0 
#1527254(div: 0) 1524987(div: 1) 1505198(div: 2) 1509807(div: 3) 1534204(div: 4) 
1 1 34 39 
#c 0 1 2 0 0 0 1 1 1 4 0 1 4 3 4 0 1 2 3 4 3 1 0 3 4 0 1 2 3 4 0 1 0 1 4 0 1 3 3 4 2 1 1 2 4 0 1 2 3 0 2 1 0 3 4 0 1 2 0 4 3 1 2 3 4 0 1 0 3 4 0 
#1527254(div: 0) 1524987(div: 1) 1505198(div: 2) 1509807(div: 3) 1534204(div: 4) 
1 1 39 44 
#c 0 1 2 0 0 0 1 1 1 4 0 1 4 3 4 0 1 2 3 4 3 1 0 3 4 0 1 2 3 4 0 1 0 1 4 0 1 3 3 3 2 1 1 2 4 0 1 2 3 0 2 1 0 3 4 0 1 2 0 4 3 1 2 3 4 0 1 0 3 4 0 
#1527254(div: 0) 1524987(div: 1) 1505198(div: 2) 1565416(div: 3) 1478595(div: 4) 
12 13 9 12 14 19 24 29 34 44 54 59 64 69 13 18 20 23 28 37 38 39 48 53 60 63 68 
#c 0 1 2 0 0 0 1 1 1 4 0 1 4 3 4 0 1 2 3 4 3 1 0 3 4 0 1 2 3 4 0 1 0 1 4 0 1 3 3 3 2 1 1 2 4 0 1 2 3 0 2 1 0 3 4 0 1 2 0 4 3 1 2 3 4 0 1 0 3 4 0 
#1527254(div: 0) 1524987(div: 1) 1505198(div: 2) 1565416(div: 3) 1478595(div: 4) 
18 19 1 6 7 8 11 16 21 26 31 33 36 41 42 46 51 56 61 66 0 3 4 5 10 15 22 25 30 32 35 45 49 52 55 58 65 67 70 
#c 0 1 2 0 0 0 1 1 1 4 0 1 4 3 4 0 1 2 3 4 3 1 0 3 4 0 1 2 3 4 0 1 0 1 4 0 1 3 3 3 2 1 1 2 4 0 1 2 3 0 2 1 0 3 4 0 1 2 0 4 3 1 2 3 4 0 1 0 3 4 0 
#1527254(div: 0) 1524987(div: 1) 1505198(div: 2) 1565416(div: 3) 1478595(div: 4) 
18 12 1 6 7 8 11 16 21 26 31 33 36 41 42 46 51 56 61 66 9 12 14 19 24 29 34 44 54 59 64 69 
#c 0 1 2 0 0 0 1 1 1 4 0 1 4 3 4 0 1 2 3 4 3 1 0 3 4 0 1 2 3 4 0 1 0 1 4 0 1 3 3 3 2 1 1 2 4 0 1 2 3 0 2 1 0 3 4 0 1 2 0 4 3 1 2 3 4 0 1 0 3 4 0 
#1527254(div: 0) 1524987(div: 1) 1505198(div: 2) 1565416(div: 3) 1478595(div: 4) 
12 9 9 12 14 19 24 29 34 44 54 59 64 69 2 17 27 40 43 47 50 57 62 
#c 0 1 2 0 0 0 1 1 1 4 0 1 4 3 4 0 1 2 3 4 3 1 0 3 4 0 1 2 3 4 0 1 0 1 4 0 1 3 3 3 2 1 1 2 4 0 1 2 3 0 2 1 0 3 4 0 1 2 0 4 3 1 2 3 4 0 1 0 3 4 0 
#1527254(div: 0) 1524987(div: 1) 1505198(div: 2) 1565416(div: 3) 1478595(div: 4) 
19 9 0 3 4 5 10 15 22 25 30 32 35 45 49 52 55 58 65 67 70 2 17 27 40 43 47 50 57 62 
#c 0 1 2 0 0 0 1 1 1 4 0 1 4 3 4 0 1 2 3 4 3 1 0 3 4 0 1 2 3 4 0 1 0 1 4 0 1 3 3 3 2 1 1 2 4 0 1 2 3 0 2 1 0 3 4 0 1 2 0 4 3 1 2 3 4 0 1 0 3 4 0 
#1527254(div: 0) 1524987(div: 1) 1505198(div: 2) 1565416(div: 3) 1478595(div: 4) 
1 1 4 45 
#c 0 1 2 0 0 0 1 1 1 4 0 1 4 3 4 0 1 2 3 4 3 1 0 3 4 0 1 2 3 4 0 1 0 1 4 0 1 3 3 3 2 1 1 2 4 0 1 2 3 0 2 1 0 3 4 0 1 2 0 4 3 1 2 3 4 0 1 0 3 4 0 
#1527254(div: 0) 1524987(div: 1) 1505198(div: 2) 1565416(div: 3) 1478595(div: 4) 
1 1 4 32 
#c 0 1 2 0 0 0 1 1 1 4 0 1 4 3 4 0 1 2 3 4 3 1 0 3 4 0 1 2 3 4 0 1 0 1 4 0 1 3 3 3 2 1 1 2 4 0 1 2 3 0 2 1 0 3 4 0 1 2 0 4 3 1 2 3 4 0 1 0 3 4 0 
#1527254(div: 0) 1524987(div: 1) 1505198(div: 2) 1565416(div: 3) 1478595(div: 4) 
1 1 4 35 
#c 0 1 2 0 4 0 1 1 1 4 0 1 4 3 4 0 1 2 3 4 3 1 0 3 4 0 1 2 3 4 0 1 0 1 4 0 1 3 3 3 2 1 1 2 4 0 1 2 3 0 2 1 0 3 4 0 1 2 0 4 3 1 2 3 4 0 1 0 3 4 0 
#1522488(div: 0) 1524987(div: 1) 1505198(div: 2) 1565416(div: 3) 1483361(div: 4) 
18 13 0 3 5 10 15 22 25 30 32 35 45 49 52 55 58 65 67 70 4 9 12 14 19 24 29 34 44 54 59 64 69 
#c 0 1 2 0 4 0 1 1 1 4 0 1 4 3 4 0 1 2 3 4 3 1 0 3 4 0 1 2 3 4 0 1 0 1 4 0 1 3 3 3 2 1 1 2 4 0 1 2 3 0 2 1 0 3 4 0 1 2 0 4 3 1 2 3 4 0 1 0 3 4 0 
#1522488(div: 0) 1524987(div: 1) 1505198(div: 2) 1565416(div: 3) 1483361(div: 4) 
1 1 30 58 
#c 0 1 2 0 4 0 1 1 1 4 0 1 4 3 4 0 1 2 3 4 3 1 0 3 4 0 1 2 3 4 0 1 0 1 4 0 1 3 3 3 2 1 1 2 4 0 1 2 3 0 2 1 0 3 4 0 1 2 0 4 3 1 2 3 4 0 1 0 3 4 0 
#1522488(div: 0) 1524987(div: 1) 1505198(div: 2) 1565416(div: 3) 1483361(div: 4) 
1 1 58 65 
#c 0 1 2 0 4 0 1 1 1 4 0 1 4 3 4 0 1 2 3 4 3 1 0 3 4 0 1 2 3 4 0 1 0 1 4 0 1 3 3 3 2 1 1 2 4 0 1 2 3 0 2 1 0 3 4 0 1 2 0 4 3 1 2 3 4 0 1 0 3 4 0 
#1522488(div: 0) 1524987(div: 1) 1505198(div: 2) 1565416(div: 3) 1483361(div: 4) 
1 1 32 58 
#c 0 1 2 0 4 0 1 1 1 4 0 1 4 3 4 0 1 2 3 4 3 1 0 3 4 0 1 2 3 4 0 1 0 1 4 0 1 3 3 3 2 1 1 2 4 0 1 2 3 0 2 1 0 3 4 0 1 2 4 4 3 1 2 3 4 0 1 0 3 4 0 
#1472294(div: 0) 1524987(div: 1) 1505198(div: 2) 1565416(div: 3) 1533555(div: 4) 
18 13 1 6 7 8 11 16 21 26 31 33 36 41 42 46 51 56 61 66 13 18 20 23 28 37 38 39 48 53 60 63 68 
#c 0 1 2 0 4 0 1 1 1 4 0 1 4 3 4 0 1 2 3 4 3 1 0 3 4 0 1 2 3 4 0 1 0 1 4 0 1 3 3 3 2 1 1 2 4 0 1 2 3 0 2 1 0 3 4 0 1 2 4 4 3 1 2 3 4 0 1 0 3 4 0 
#1472294(div: 0) 1524987(div: 1) 1505198(div: 2) 1565416(div: 3) 1533555(div: 4) 
18 9 1 6 7 8 11 16 21 26 31 33 36 41 42 46 51 56 61 66 2 17 27 40 43 47 50 57 62 
#c 0 1 2 0 4 0 1 1 1 4 0 1 4 3 4 0 1 2 3 4 3 1 0 3 4 0 1 2 3 4 0 1 0 1 4 0 1 3 3 3 2 1 1 2 4 0 1 2 3 0 2 1 0 3 4 0 1 2 4 4 3 1 2 3 4 0 1 0 3 4 0 
#1472294(div: 0) 1524987(div: 1) 1505198(div: 2) 1565416(div: 3) 1533555(div: 4) 
9 14 2 17 27 40 43 47 50 57 62 4 9 12 14 19 24 29 34 44 54 58 59 64 69 
#c 0 1 2 0 4 0 1 1 1 4 0 1 4 3 4 0 1 2 3 4 3 1 0 3 4 0 1 2 3 4 0 1 0 1 4 0 1 3 3 3 2 1 1 2 4 0 1 2 3 0 2 1 0 3 4 0 1 2 4 4 3 1 2 3 4 0 1 0 3 4 0 
#1472294(div: 0) 1524987(div: 1) 1505198(div: 2) 1565416(div: 3) 1533555(div: 4) 
13 14 13 18 20 23 28 37 38 39 48 53 60 63 68 4 9 12 14 19 24 29 34 44 54 58 59 64 69 
#c 0 1 2 0 4 0 1 1 1 4 0 1 4 3 4 0 1 2 3 4 3 1 0 3 4 0 1 2 3 4 0 1 0 1 4 0 1 3 3 3 2 1 1 2 4 0 1 2 3 0 2 1 0 3 4 0 1 2 4 4 3 1 2 3 4 0 1 0 3 4 0 
#1472294(div: 0) 1524987(div: 1) 1505198(div: 2) 1565416(div: 3) 1533555(div: 4) 
1 1 20 63 
#c 0 1 2 0 4 0 1 1 1 4 0 1 4 3 4 0 1 2 3 4 3 1 0 3 4 0 1 2 3 4 0 1 0 1 4 0 1 3 3 3 2 1 1 2 4 0 1 2 3 0 2 1 0 3 4 0 1 2 4 4 3 1 2 3 4 0 1 0 3 4 0 
#1472294(div: 0) 1524987(div: 1) 1505198(div: 2) 1565416(div: 3) 1533555(div: 4) 
1 1 20 68 
#c 0 1 2 0 4 0 1 1 1 4 0 1 4 3 4 0 1 2 3 4 3 1 0 3 4 0 1 2 3 4 0 1 0 1 4 0 1 3 3 3 2 1 1 2 4 0 1 2 3 0 2 1 0 3 4 0 1 2 4 4 3 1 2 3 4 0 1 0 3 4 0 
#1472294(div: 0) 1524987(div: 1) 1505198(div: 2) 1565416(div: 3) 1533555(div: 4) 
1 1 18 68 
#c 0 1 2 0 4 0 1 1 1 4 0 1 4 3 4 0 1 2 3 4 3 1 0 3 4 0 1 2 3 4 0 1 0 1 4 0 1 3 3 3 2 1 1 2 4 0 1 2 3 0 2 1 0 3 4 0 1 2 4 4 3 1 2 3 4 0 1 0 2 4 0 
#1472294(div: 0) 1524987(div: 1) 1506824(div: 2) 1563790(div: 3) 1533555(div: 4) 
12 10 13 18 20 23 28 37 38 39 48 53 60 63 2 17 27 40 43 47 50 57 62 68 
#c 0 1 2 0 4 0 1 1 1 4 0 1 4 3 4 0 1 2 3 4 3 1 0 3 4 0 1 2 3 4 0 1 0 1 4 0 1 3 3 3 2 1 1 2 4 0 1 2 3 0 2 1 0 3 4 0 1 2 4 4 3 1 2 3 4 0 1 0 2 4 0 
#1472294(div: 0) 1524987(div: 1) 1506824(div: 2) 1563790(div: 3) 1533555(div: 4) 
1 1 18 20 
#c 0 1 2 0 4 0 1 1 1 4 0 1 4 3 4 0 1 2 3 4 3 1 0 3 4 0 1 2 3 4 0 1 0 1 4 0 1 3 3 3 2 1 1 2 4 0 1 2 3 0 2 1 0 3 4 0 1 2 4 4 3 1 2 3 4 0 1 0 2 4 0 
#1472294(div: 0) 1524987(div: 1) 1506824(div: 2) 1563790(div: 3) 1533555(div: 4) 
1 1 20 37 
#c 0 1 2 0 4 0 1 1 1 4 0 1 4 3 4 0 1 2 3 4 3 1 0 3 4 0 1 2 3 4 0 1 0 1 4 0 1 3 3 3 2 1 1 2 4 0 1 2 3 0 2 1 0 3 4 0 1 2 4 4 3 1 2 3 4 0 1 0 2 4 0 
#1472294(div: 0) 1524987(div: 1) 1506824(div: 2) 1563790(div: 3) 1533555(div: 4) 
1 1 37 39 
#c 0 1 2 0 4 0 1 1 1 4 0 1 4 3 4 0 1 2 3 4 3 1 0 3 4 0 1 2 3 4 0 1 0 1 4 0 1 2 3 3 2 1 1 2 4 0 1 2 3 0 2 1 0 3 4 0 1 2 4 4 3 1 2 3 4 0 1 0 2 4 0 
#1472294(div: 0) 1524987(div: 1) 1526087(div: 2) 1544527(div: 3) 1533555(div: 4) 
18 14 1 6 7 8 11 16 21 26 31 33 36 41 42 46 51 56 61 66 4 9 12 14 19 24 29 34 44 54 58 59 64 69 
#c 0 1 2 0 4 0 1 1 1 4 0 1 4 3 4 0 1 2 3 4 3 1 0 3 4 0 1 2 3 4 0 1 0 1 4 0 1 2 3 3 2 1 1 2 4 0 1 2 3 0 2 1 0 3 4 0 1 2 4 4 3 1 2 3 4 0 1 0 2 4 0 
#1472294(div: 0) 1524987(div: 1) 1526087(div: 2) 1544527(div: 3) 1533555(div: 4) 
18 11 1 6 7 8 11 16 21 26 31 33 36 41 42 46 51 56 61 66 13 18 20 23 28 38 39 48 53 60 63 
#c 0 1 2 0 4 0 1 1 1 4 0 1 4 3 4 0 1 2 3 4 3 1 0 3 4 0 1 2 3 4 0 1 0 1 4 0 1 2 3 3 2 1 1 2 4 0 1 2 3 0 2 1 0 3 4 0 1 2 4 4 3 1 2 3 4 0 1 0 2 4 0 
#1472294(div: 0) 1524987(div: 1) 1526087(div: 2) 1544527(div: 3) 1533555(div: 4) 
14 11 4 9 12 14 19 24 29 34 44 54 58 59 64 69 13 18 20 23 28 38 39 48 53 60 63 
#c 0 1 2 0 4 0 1 1 1 4 0 1 4 3 4 0 1 2 3 4 3 1 0 3 4 0 1 2 3 4 0 1 0 1 4 0 1 2 3 3 2 1 1 2 4 0 1 2 3 0 2 1 0 3 4 0 1 2 4 4 3 1 2 3 4 0 1 0 2 4 0 
#1472294(div: 0) 1524987(div: 1) 1526087(div: 2) 1544527(div: 3) 1533555(div: 4) 
18 17 1 6 7 8 11 16 21 26 31 33 36 41 42 46 51 56 61 66 0 3 5 10 15 22 25 30 32 35 45 49 52 55 65 67 70 
#c 0 1 2 0 4 0 1 1 1 4 0 1 4 3 4 0 1 2 3 4 3 1 0 3 4 0 1 2 3 4 0 1 0 1 4 0 1 2 3 3 2 1 1 2 4 0 1 2 3 0 2 1 0 3 4 0 1 2 4 4 3 1 2 3 4 0 1 0 2 4 0 
#1472294(div: 0) 1524987(div: 1) 1526087(div: 2) 1544527(div: 3) 1533555(div: 4) 
1 1 20 63 
#c 0 1 2 0 4 0 1 1 1 4 0 1 4 3 4 0 1 2 3 4 3 1 0 3 4 0 1 2 3 4 0 1 0 1 4 0 1 2 3 3 2 1 1 2 4 0 1 2 3 0 2 1 0 3 4 0 1 2 4 4 3 1 2 3 4 0 1 0 2 4 0 
#1472294(div: 0) 1524987(div: 1) 1526087(div: 2) 1544527(div: 3) 1533555(div: 4) 
1 1 13 20 
#c 0 1 2 0 4 0 1 1 1 4 0 1 4 3 4 0 1 2 3 4 3 1 0 3 4 0 1 2 3 4 0 1 0 1 4 0 1 2 3 3 2 1 1 2 4 0 1 2 3 0 2 1 0 3 4 0 1 2 4 4 3 1 2 3 4 0 1 0 2 4 0 
#1472294(div: 0) 1524987(div: 1) 1526087(div: 2) 1544527(div: 3) 1533555(div: 4) 
1 1 20 38 
#c 0 1 2 0 4 0 1 1 1 4 0 1 4 3 4 0 1 2 3 4 0 1 0 3 4 0 1 2 3 4 0 1 0 1 4 0 1 2 3 3 2 1 1 2 4 0 1 2 3 0 2 1 0 3 4 0 1 2 4 4 3 1 2 3 4 0 1 0 2 4 0 
#1492179(div: 0) 1524987(div: 1) 1526087(div: 2) 1524642(div: 3) 1533555(div: 4) 
10 18 13 18 23 28 38 39 48 53 60 63 0 3 5 10 15 20 22 25 30 32 35 45 49 52 55 65 67 70 
#c 0 1 2 0 4 0 1 1 1 4 0 1 4 3 4 0 1 2 3 4 0 1 0 3 4 0 1 2 3 4 0 1 0 1 4 0 1 2 3 3 2 1 1 2 4 0 1 2 3 0 2 1 0 3 4 0 1 2 4 4 3 1 2 3 4 0 1 0 2 4 0 
#1492179(div: 0) 1524987(div: 1) 1526087(div: 2) 1524642(div: 3) 1533555(div: 4) 
1 1 48 60 
#c 0 1 2 0 4 0 1 1 1 4 0 1 4 3 4 0 1 2 3 4 0 1 0 3 4 0 1 2 3 4 0 1 0 1 4 0 1 2 3 3 2 1 1 2 4 0 1 2 3 0 2 1 0 3 4 0 1 2 4 4 3 1 2 3 4 0 1 0 2 4 0 
#1492179(div: 0) 1524987(div: 1) 1526087(div: 2) 1524642(div: 3) 1533555(div: 4) 
1 1 13 48 
#c 0 1 2 0 4 0 1 1 1 4 0 1 4 3 4 0 1 2 3 4 0 1 0 3 4 0 1 2 3 4 0 1 0 1 4 0 1 2 3 3 2 1 1 2 4 0 1 2 3 0 2 1 0 3 4 0 1 2 4 4 3 1 2 3 4 0 1 0 2 4 0 
#1492179(div: 0) 1524987(div: 1) 1526087(div: 2) 1524642(div: 3) 1533555(div: 4) 
1 1 48 63 
#c 0 1 2 0 4 0 1 1 1 4 0 1 4 3 4 0 1 2 3 4 0 1 0 3 4 0 1 2 3 4 0 1 0 1 4 0 1 2 3 3 2 1 1 2 4 0 1 2 0 0 2 1 0 3 4 0 1 2 4 4 3 1 2 3 4 0 1 0 2 4 0 
#1494207(div: 0) 1524987(div: 1) 1526087(div: 2) 1522614(div: 3) 1533555(div: 4) 
11 14 2 17 27 37 40 43 47 50 57 62 68 4 9 12 14 19 24 29 34 44 54 58 59 64 69 
#c 0 1 2 0 4 0 1 1 1 4 0 1 4 3 4 0 1 2 3 4 0 1 0 3 4 0 1 2 3 4 0 1 0 1 4 0 1 2 3 3 2 1 1 2 4 0 1 2 0 0 2 1 0 3 4 0 1 2 4 4 3 1 2 3 4 0 1 0 2 4 0 
#1494207(div: 0) 1524987(div: 1) 1526087(div: 2) 1522614(div: 3) 1533555(div: 4) 
11 18 2 17 27 37 40 43 47 50 57 62 68 1 6 7 8 11 16 21 26 31 33 36 41 42 46 51 56 61 66 
#c 0 1 2 0 4 0 1 1 1 4 0 1 4 3 4 0 1 2 3 4 0 1 0 3 4 0 1 2 3 4 0 1 0 1 4 0 1 2 3 3 2 1 1 2 4 0 1 2 0 0 2 1 0 3 4 0 1 2 4 4 3 1 2 3 4 0 1 0 2 4 0 
#1494207(div: 0) 1524987(div: 1) 1526087(div: 2) 1522614(div: 3) 1533555(div: 4) 
18 19 1 6 7 8 11 16 21 26 31 33 36 41 42 46 51 56 61 66 0 3 5 10 15 20 22 25 30 32 35 45 48 49 52 55 65 67 70 
#c 0 1 2 0 4 0 1 1 1 4 0 1 4 3 4 0 1 2 3 4 0 1 0 3 4 0 1 2 3 4 0 1 0 1 4 0 1 2 3 3 2 1 1 2 4 0 1 2 0 0 2 1 0 3 4 0 1 2 4 4 3 1 2 3 4 0 1 0 2 4 0 
#1494207(div: 0) 1524987(div: 1) 1526087(div: 2) 1522614(div: 3) 1533555(div: 4) 
1 1 9 19 
#c 0 1 2 0 4 0 1 1 1 4 0 1 4 3 4 0 1 2 3 4 0 1 0 3 4 0 1 2 3 4 0 1 0 1 4 0 1 2 3 3 2 1 1 2 4 0 1 2 0 0 2 1 0 3 4 0 1 2 4 4 3 1 2 3 4 0 1 0 2 4 0 
#1494207(div: 0) 1524987(div: 1) 1526087(div: 2) 1522614(div: 3) 1533555(div: 4) 
1 1 19 29 
#c 0 1 2 0 4 0 1 1 1 4 0 1 4 3 4 0 1 2 3 4 0 1 0 3 4 0 1 2 3 4 0 1 0 1 4 0 1 2 3 3 2 1 1 2 4 0 1 2 0 0 2 1 0 3 4 0 1 2 4 4 3 1 2 3 4 0 1 0 2 4 0 
#1494207(div: 0) 1524987(div: 1) 1526087(div: 2) 1522614(div: 3) 1533555(div: 4) 
1 1 29 59 
#c 0 1 2 0 4 0 1 1 1 4 0 1 4 3 4 0 1 2 3 4 0 1 0 3 4 0 1 2 3 4 0 1 0 1 4 0 1 2 3 3 2 1 1 2 4 0 1 2 0 0 2 1 0 3 4 0 1 2 4 0 3 1 2 3 4 0 1 0 2 4 0 
#1495496(div: 0) 1524987(div: 1) 1526087(div: 2) 1522614(div: 3) 1532266(div: 4) 
13 20 4 9 12 14 19 24 29 34 44 54 58 64 69 0 3 5 10 15 20 22 25 30 32 35 45 48 49 52 55 59 65 67 70 
#c 0 1 2 0 4 0 1 1 1 4 0 1 4 3 4 0 1 2 3 4 0 1 0 3 4 0 1 2 3 4 0 1 0 1 4 0 1 2 3 3 2 1 1 2 4 0 1 2 0 0 2 1 0 3 4 0 1 2 4 0 3 1 2 3 4 0 1 0 2 4 0 
#1495496(div: 0) 1524987(div: 1) 1526087(div: 2) 1522614(div: 3) 1532266(div: 4) 
1 1 24 29 
#c 0 1 2 0 4 0 1 1 1 4 0 1 4 3 4 0 1 2 3 4 0 1 0 3 4 0 1 2 3 4 0 1 0 1 4 0 1 2 3 3 2 1 1 2 4 0 1 2 0 0 2 1 0 3 4 0 1 2 4 0 3 1 2 3 4 0 1 0 2 4 0 
#1495496(div: 0) 1524987(div: 1) 1526087(div: 2) 1522614(div: 3) 1532266(div: 4) 
1 1 4 29 
#c 0 1 2 0 4 0 1 1 1 4 0 1 4 3 4 0 1 2 3 4 0 1 0 3 4 0 1 2 3 4 0 1 0 1 4 0 1 2 3 3 2 1 1 2 4 0 1 2 0 0 2 1 0 3 4 0 1 2 4 0 3 1 2 3 4 0 1 0 2 4 0 
#1495496(div: 0) 1524987(div: 1) 1526087(div: 2) 1522614(div: 3) 1532266(div: 4) 
1 1 4 54 
#c 0 1 2 0 0 0 1 1 1 4 0 1 4 3 4 0 1 2 3 4 0 1 0 3 4 0 1 2 3 4 0 1 0 1 4 0 1 2 3 3 2 1 1 2 4 0 1 2 0 0 2 1 0 3 4 0 1 2 4 0 3 1 2 3 4 0 1 0 2 4 0 
#1500262(div: 0) 1524987(div: 1) 1526087(div: 2) 1522614(div: 3) 1527500(div: 4) 
11 9 2 17 27 37 40 43 47 50 57 62 68 13 18 23 28 38 39 53 60 63 
#c 0 1 2 0 0 0 1 1 1 4 0 1 4 3 4 0 1 2 3 4 0 1 0 3 4 0 1 2 3 4 0 1 0 1 4 0 1 2 3 3 2 1 1 2 4 0 1 2 0 0 2 1 0 3 4 0 1 2 4 0 3 1 2 3 4 0 1 0 2 4 0 
#1500262(div: 0) 1524987(div: 1) 1526087(div: 2) 1522614(div: 3) 1527500(div: 4) 
9 21 13 18 23 28 38 39 53 60 63 0 3 4 5 10 15 20 22 25 30 32 35 45 48 49 52 55 59 65 67 70 
#c 0 1 2 0 0 0 1 1 1 4 0 1 4 3 4 0 1 2 3 4 0 1 0 3 4 0 1 2 3 4 0 1 0 1 4 0 1 2 3 3 2 1 1 2 4 0 1 2 0 0 2 1 0 3 4 0 1 2 4 0 3 1 2 3 4 0 1 0 2 4 0 
#1500262(div: 0) 1524987(div: 1) 1526087(div: 2) 1522614(div: 3) 1527500(div: 4) 
21 12 0 3 4 5 10 15 20 22 25 30 32 35 45 48 49 52 55 59 65 67 70 9 12 14 19 24 29 34 44 54 58 64 69 
#c 0 1 2 0 0 0 1 1 1 4 0 1 4 3 4 0 1 2 3 4 0 1 0 3 4 0 1 2 3 4 0 1 0 1 4 0 1 2 3 3 2 1 1 2 4 0 1 2 0 0 2 1 0 3 4 0 1 2 4 0 3 1 2 3 4 0 1 0 2 4 0 
#1500262(div: 0) 1524987(div: 1) 1526087(div: 2) 1522614(div: 3) 1527500(div: 4) 
11 12 2 17 27 37 40 43 47 50 57 62 68 9 12 14 19 24 29 34 44 54 58 64 69 
#c 0 1 2 0 0 0 1 1 1 4 0 1 4 3 4 0 1 2 3 4 0 1 0 3 4 0 1 2 3 4 0 1 0 1 4 0 1 2 3 3 2 1 1 2 4 0 1 2 0 0 2 1 0 3 4 0 1 2 4 0 3 1 2 3 4 0 1 0 2 4 0 
#1500262(div: 0) 1524987(div: 1) 1526087(div: 2) 1522614(div: 3) 1527500(div: 4) 
1 1 14 58 
#c 0 1 2 0 0 0 1 1 1 4 0 1 4 3 4 0 1 2 3 4 0 1 0 3 4 0 1 2 3 4 0 1 0 1 4 0 1 2 3 3 2 1 1 2 4 0 1 2 0 0 2 1 0 3 4 0 1 2 4 0 3 1 2 3 4 0 1 0 2 4 0 
#1500262(div: 0) 1524987(div: 1) 1526087(div: 2) 1522614(div: 3) 1527500(div: 4) 
1 1 54 58 
#c 0 1 2 0 0 0 1 1 1 4 0 1 4 3 4 0 1 2 3 4 0 1 0 3 4 0 1 2 3 4 0 1 0 1 4 0 1 2 3 3 2 1 1 2 4 0 1 2 0 0 2 1 0 3 4 0 1 2 4 0 3 1 2 3 4 0 1 0 2 4 0 
#1500262(div: 0) 1524987(div: 1) 1526087(div: 2) 1522614(div: 3) 1527500(div: 4) 
1 1 19 58 
#c 0 1 2 0 0 0 1 1 1 4 0 1 4 3 4 0 1 2 3 4 0 1 0 3 4 0 1 2 3 4 0 1 0 1 4 0 1 2 3 3 2 1 1 2 4 0 1 2 0 0 2 1 0 3 4 0 1 2 0 0 3 1 2 3 4 0 1 0 2 4 0 
#1550456(div: 0) 1524987(div: 1) 1526087(div: 2) 1522614(div: 3) 1477306(div: 4) 
11 22 9 12 14 19 24 29 34 44 54 64 69 0 3 4 5 10 15 20 22 25 30 32 35 45 48 49 52 55 58 59 65 67 70 
#c 0 1 2 0 0 0 1 1 1 4 0 1 4 3 4 0 1 2 3 4 0 1 0 3 4 0 1 2 3 4 0 1 0 1 4 0 1 2 3 3 2 1 1 2 4 0 1 2 0 0 2 1 0 3 4 0 1 2 0 0 3 1 2 3 4 0 1 0 2 4 0 
#1550456(div: 0) 1524987(div: 1) 1526087(div: 2) 1522614(div: 3) 1477306(div: 4) 
18 22 1 6 7 8 11 16 21 26 31 33 36 41 42 46 51 56 61 66 0 3 4 5 10 15 20 22 25 30 32 35 45 48 49 52 55 58 59 65 67 70 
#c 0 1 2 0 0 0 1 1 1 4 0 1 4 3 4 0 1 2 3 4 0 1 0 3 4 0 1 2 3 4 0 1 0 1 4 0 1 2 3 3 2 1 1 2 4 0 1 2 0 0 2 1 0 3 4 0 1 2 0 0 3 1 2 3 4 0 1 0 2 4 0 
#1550456(div: 0) 1524987(div: 1) 1526087(div: 2) 1522614(div: 3) 1477306(div: 4) 
18 11 1 6 7 8 11 16 21 26 31 33 36 41 42 46 51 56 61 66 9 12 14 19 24 29 34 44 54 64 69 
#c 0 1 2 0 0 0 1 1 1 4 0 1 4 3 4 0 1 2 3 4 0 1 0 3 4 0 1 2 3 4 0 1 0 1 4 0 1 2 3 3 2 1 1 2 4 0 1 2 0 0 2 1 0 3 4 0 1 2 0 0 3 1 2 3 4 0 1 0 2 4 0 
#1550456(div: 0) 1524987(div: 1) 1526087(div: 2) 1522614(div: 3) 1477306(div: 4) 
11 9 9 12 14 19 24 29 34 44 54 64 69 13 18 23 28 38 39 53 60 63 
#c 0 1 2 0 0 0 1 1 1 4 0 1 4 3 4 0 1 2 3 4 0 1 0 3 4 0 1 2 3 4 0 1 0 1 4 0 1 2 3 3 2 1 1 2 4 0 1 2 0 0 2 1 0 3 4 0 1 2 0 0 3 1 2 3 4 0 1 0 2 4 0 
#1550456(div: 0) 1524987(div: 1) 1526087(div: 2) 1522614(div: 3) 1477306(div: 4) 
22 9 0 3 4 5 10 15 20 22 25 30 32 35 45 48 49 52 55 58 59 65 67 70 13 18 23 28 38 39 53 60 63 
#c 0 1 2 0 0 0 1 1 1 4 0 1 4 3 4 0 1 2 3 4 0 1 0 3 4 0 1 2 3 4 0 1 0 1 4 0 1 2 3 3 2 1 1 2 4 0 1 2 0 0 2 1 0 3 4 0 1 2 0 0 3 1 2 3 4 0 1 0 2 4 0 
#1550456(div: 0) 1524987(div: 1) 1526087(div: 2) 1522614(div: 3) 1477306(div: 4) 
1 1 48 52 
#c 0 1 2 0 0 0 1 1 1 4 0 1 4 3 4 0 1 2 3 4 0 1 0 3 4 0 1 2 3 4 0 1 0 1 4 0 1 2 3 3 2 1 1 2 4 0 1 2 0 0 2 1 0 3 4 0 1 2 0 0 3 1 2 3 4 0 1 0 2 4 0 
#1550456(div: 0) 1524987(div: 1) 1526087(div: 2) 1522614(div: 3) 1477306(div: 4) 
1 1 4 48 
#c 0 1 2 0 0 0 1 1 1 4 0 1 4 3 4 0 1 2 3 4 0 1 0 3 4 0 1 2 3 4 0 1 0 1 4 0 1 2 3 3 2 1 1 2 4 0 1 2 0 0 2 1 0 3 4 0 1 2 0 0 3 1 2 3 4 0 1 0 2 4 0 
#1550456(div: 0) 1524987(div: 1) 1526087(div: 2) 1522614(div: 3) 1477306(div: 4) 
1 1 48 49 
#c 0 1 2 0 0 0 1 1 1 4 0 1 4 3 4 0 1 2 3 4 0 1 0 3 4 0 1 2 3 4 0 1 0 1 4 0 1 2 3 3 2 1 1 2 4 0 1 2 4 0 2 1 0 3 4 0 1 2 0 0 3 1 2 3 4 0 1 0 2 4 0 
#1548428(div: 0) 1524987(div: 1) 1526087(div: 2) 1522614(div: 3) 1479334(div: 4) 
21 12 0 3 4 5 10 15 20 22 25 30 32 35 45 49 52 55 58 59 65 67 70 9 12 14 19 24 29 34 44 48 54 64 69 
#c 0 1 2 0 0 0 1 1 1 4 0 1 4 3 4 0 1 2 3 4 0 1 0 3 4 0 1 2 3 4 0 1 0 1 4 0 1 2 3 3 2 1 1 2 4 0 1 2 4 0 2 1 0 3 4 0 1 2 0 0 3 1 2 3 4 0 1 0 2 4 0 
#1548428(div: 0) 1524987(div: 1) 1526087(div: 2) 1522614(div: 3) 1479334(div: 4) 
1 1 5 65 
#c 0 1 2 0 0 0 1 1 1 4 0 1 4 3 4 0 1 2 3 4 0 1 0 3 4 0 1 2 3 4 0 1 0 1 4 0 1 2 3 3 2 1 1 2 4 0 1 2 4 0 2 1 0 3 4 0 1 2 0 0 3 1 2 3 4 0 1 0 2 4 0 
#1548428(div: 0) 1524987(div: 1) 1526087(div: 2) 1522614(div: 3) 1479334(div: 4) 
1 1 5 32 
#c 0 1 2 0 0 0 1 1 1 4 0 1 4 3 4 0 1 2 3 4 0 1 0 3 4 0 1 2 3 4 0 1 0 1 4 0 1 2 3 3 2 1 1 2 4 0 1 2 4 0 2 1 0 3 4 0 1 2 0 0 3 1 2 3 4 0 1 0 2 4 0 
#1548428(div: 0) 1524987(div: 1) 1526087(div: 2) 1522614(div: 3) 1479334(div: 4) 
1 1 5 15 
#c 0 1 2 0 0 0 1 1 1 4 0 1 4 3 4 0 1 2 3 4 0 1 0 3 4 0 1 2 3 4 0 1 0 1 4 0 1 2 3 3 2 1 1 2 4 0 1 2 4 0 2 1 0 3 4 0 1 2 0 0 3 1 2 3 4 0 1 0 2 4 0 
#1548428(div: 0) 1524987(div: 1) 1526087(div: 2) 1522614(div: 3) 1479334(div: 4) 
1 1 5 25 
#c 0 1 2 0 0 0 1 1 1 4 0 1 4 3 4 0 1 2 3 4 0 1 0 3 4 0 1 2 3 4 0 1 0 1 4 0 1 2 3 3 2 1 1 2 4 0 1 2 4 0 2 1 0 3 4 0 1 2 0 0 3 1 2 3 4 0 1 0 2 4 0 
#1548428(div: 0) 1524987(div: 1) 1526087(div: 2) 1522614(div: 3) 1479334(div: 4) 
1 1 25 70 
#c 0 1 2 0 0 0 1 1 1 4 0 1 4 3 4 0 1 2 3 4 0 1 0 3 4 0 1 2 3 4 0 1 0 1 4 0 1 2 3 3 2 1 1 2 4 0 1 2 4 0 2 1 0 3 4 0 1 2 0 0 3 1 2 3 4 0 1 0 2 4 0 
#1548428(div: 0) 1524987(div: 1) 1526087(div: 2) 1522614(div: 3) 1479334(div: 4) 
1 1 25 30 
#c 0 1 2 0 0 0 1 1 1 4 0 1 4 3 4 0 1 2 3 4 0 1 0 3 4 0 1 2 3 4 0 1 0 1 4 0 1 2 3 3 2 1 1 2 4 0 1 2 4 0 2 1 0 3 4 0 1 2 0 0 3 1 2 3 4 0 1 0 2 4 0 
#1548428(div: 0) 1524987(div: 1) 1526087(div: 2) 1522614(div: 3) 1479334(div: 4) 
1 1 0 25 
#c 0 1 2 0 0 0 1 1 1 4 0 1 4 3 4 0 1 2 3 4 0 1 0 3 4 0 1 2 3 4 0 1 0 1 4 0 1 2 3 3 2 1 1 2 4 0 1 2 4 0 2 1 0 3 4 0 1 2 0 0 3 1 2 3 4 0 1 0 2 4 0 
#1548428(div: 0) 1524987(div: 1) 1526087(div: 2) 1522614(div: 3) 1479334(div: 4) 
1 1 25 49 
#c 0 1 2 0 0 0 1 1 1 4 0 1 4 3 4 0 1 2 3 4 0 1 0 3 4 0 1 2 3 4 0 1 0 1 4 0 1 2 3 3 2 1 1 2 4 0 1 2 4 0 2 1 0 3 4 0 1 2 0 0 3 1 2 3 4 0 1 0 2 4 0 
#1548428(div: 0) 1524987(div: 1) 1526087(div: 2) 1522614(div: 3) 1479334(div: 4) 
1 1 25 59 
#c 0 1 2 0 0 0 1 1 1 4 0 1 4 3 4 0 1 2 3 4 0 1 0 3 4 0 1 2 3 4 0 1 0 1 4 0 1 2 3 3 2 1 1 2 4 0 1 2 4 0 2 1 0 3 4 0 1 2 0 0 3 1 2 3 4 0 1 0 2 4 0 
#1548428(div: 0) 1524987(div: 1) 1526087(div: 2) 1522614(div: 3) 1479334(div: 4) 
1 1 52 59 
#c 0 1 2 0 0 0 1 1 1 4 0 1 4 3 4 0 1 2 3 4 0 1 0 3 4 0 1 2 3 4 0 1 0 1 4 0 1 2 3 3 2 1 1 2 4 0 1 2 4 0 2 1 0 3 4 0 1 2 0 4 3 1 2 3 4 0 1 0 2 4 0 
#1547139(div: 0) 1524987(div: 1) 1526087(div: 2) 1522614(div: 3) 1480623(div: 4) 
11 18 2 17 27 37 40 43 47 50 57 62 68 1 6 7 8 11 16 21 26 31 33 36 41 42 46 51 56 61 66 
#c 0 1 2 0 0 0 1 1 1 4 0 1 4 3 4 0 1 2 3 4 0 1 0 3 4 0 1 2 3 4 0 1 0 1 4 0 1 2 3 3 2 1 1 2 4 0 1 2 4 0 2 1 0 3 4 0 1 2 0 4 3 1 2 3 4 0 1 0 2 4 0 
#1547139(div: 0) 1524987(div: 1) 1526087(div: 2) 1522614(div: 3) 1480623(div: 4) 
18 9 1 6 7 8 11 16 21 26 31 33 36 41 42 46 51 56 61 66 13 18 23 28 38 39 53 60 63 
#c 0 1 2 0 0 0 1 1 1 4 0 1 4 3 4 0 1 2 3 4 0 1 0 3 4 0 1 2 3 4 0 1 0 1 4 0 1 2 3 3 2 1 1 2 4 0 1 2 4 0 2 1 0 3 4 0 1 2 0 4 3 1 2 3 4 0 1 0 2 4 0 
#1547139(div: 0) 1524987(div: 1) 1526087(div: 2) 1522614(div: 3) 1480623(div: 4) 
9 20 13 18 23 28 38 39 53 60 63 0 3 4 5 10 15 20 22 25 30 32 35 45 49 52 55 58 65 67 70 
#c 0 1 2 0 0 0 1 1 1 4 0 1 4 3 4 0 1 2 3 4 0 1 0 3 4 0 1 2 3 4 0 1 0 1 4 0 1 2 3 3 2 1 1 2 4 0 1 2 4 0 2 1 0 3 4 0 1 2 0 4 3 1 2 3 4 0 1 0 2 4 0 
#1547139(div: 0) 1524987(div: 1) 1526087(div: 2) 1522614(div: 3) 1480623(div: 4) 
11 20 2 17 27 37 40 43 47 50 57 62 68 0 3 4 5 10 15 20 22 25 30 32 35 45 49 52 55 58 65 67 70 
#c 0 1 2 0 0 0 1 1 1 4 0 1 4 3 4 0 1 2 3 4 0 1 0 3 4 0 1 2 3 4 0 1 0 1 4 0 1 2 3 3 2 1 1 2 4 0 1 2 4 0 2 1 0 3 4 0 1 2 0 4 3 1 2 3 4 0 1 0 2 4 0 
#1547139(div: 0) 1524987(div: 1) 1526087(div: 2) 1522614(div: 3) 1480623(div: 4) 
1 1 5 70 
#c 0 1 2 0 0 0 1 1 1 4 0 1 4 3 4 0 1 2 3 4 0 1 0 3 4 0 1 2 3 4 0 1 0 1 4 0 1 2 3 3 2 1 1 2 4 0 1 2 4 0 2 1 0 3 4 0 1 2 0 4 3 1 2 3 4 0 1 0 2 4 0 
#1547139(div: 0) 1524987(div: 1) 1526087(div: 2) 1522614(div: 3) 1480623(div: 4) 
1 1 5 30 
#c 0 1 2 0 0 0 1 1 1 4 0 1 4 3 4 0 1 2 3 4 0 1 0 3 4 0 1 2 3 4 0 1 0 1 4 0 1 2 3 3 2 1 1 2 4 0 1 2 4 0 2 1 0 3 4 0 1 2 0 4 3 1 2 3 4 0 1 0 2 4 0 
#1547139(div: 0) 1524987(div: 1) 1526087(div: 2) 1522614(div: 3) 1480623(div: 4) 
1 1 5 65 
#c 0 1 2 0 0 0 1 1 1 4 0 1 4 3 4 0 1 2 3 4 0 1 0 3 4 0 1 2 3 4 0 1 0 1 4 0 1 2 3 3 2 1 1 2 4 0 1 2 4 0 2 1 0 3 4 0 1 2 0 4 3 1 2 3 4 0 1 0 2 4 0 
#1547139(div: 0) 1524987(div: 1) 1526087(div: 2) 1522614(div: 3) 1480623(div: 4) 
1 1 5 25 
#c 0 1 2 0 0 0 1 1 1 4 0 1 4 3 4 0 1 2 3 4 0 1 0 3 4 0 1 2 3 4 0 1 0 1 4 0 1 2 3 3 2 1 1 2 4 0 1 2 4 0 2 1 0 3 4 0 1 2 0 4 3 1 2 3 4 0 1 0 2 4 0 
#1547139(div: 0) 1524987(div: 1) 1526087(div: 2) 1522614(div: 3) 1480623(div: 4) 
1 1 20 25 
#c 0 1 2 0 0 0 1 1 1 4 0 1 4 3 4 0 1 2 3 4 0 1 0 3 4 0 1 2 3 4 0 1 0 1 4 0 1 2 3 3 2 1 1 2 4 0 1 2 4 0 2 1 0 3 4 0 1 2 0 4 3 1 2 3 4 0 1 0 2 4 0 
#1547139(div: 0) 1524987(div: 1) 1526087(div: 2) 1522614(div: 3) 1480623(div: 4) 
1 1 20 58 
#c 0 1 2 0 0 0 1 1 1 4 0 1 4 3 4 0 1 2 3 4 0 1 0 3 4 0 1 2 3 4 0 1 0 1 4 0 1 2 3 3 2 1 1 2 4 0 1 2 4 0 2 1 0 3 4 0 1 2 0 4 3 1 2 3 4 0 1 0 2 4 0 
#1547139(div: 0) 1524987(div: 1) 1526087(div: 2) 1522614(div: 3) 1480623(div: 4) 
1 1 20 22 
#c 0 1 2 0 0 0 1 1 1 4 0 1 4 3 4 0 1 2 3 4 0 1 0 3 4 0 1 2 3 4 0 1 0 1 4 0 1 2 3 3 2 1 1 2 4 0 1 2 4 0 2 1 0 3 4 0 1 2 0 4 3 1 2 3 4 0 1 0 2 4 0 
#1547139(div: 0) 1524987(div: 1) 1526087(div: 2) 1522614(div: 3) 1480623(div: 4) 
1 1 20 35 
#c 0 1 2 0 0 0 1 1 1 4 0 1 4 3 4 0 1 2 3 4 0 1 0 3 4 0 1 2 3 4 0 1 0 1 4 0 1 2 3 3 2 1 1 2 4 0 1 2 4 0 2 1 0 3 4 0 1 2 0 4 3 1 2 3 4 0 1 0 2 4 0 
#1547139(div: 0) 1524987(div: 1) 1526087(div: 2) 1522614(div: 3) 1480623(div: 4) 
1 1 20 55 
#c 0 1 2 0 0 0 1 1 1 4 0 1 4 3 4 0 1 2 3 4 0 1 0 3 4 0 1 2 3 4 0 1 0 1 4 0 1 2 3 3 2 1 1 2 4 0 1 2 4 0 2 1 0 3 4 0 1 2 0 4 3 1 2 3 4 0 1 0 2 4 0 
#1547139(div: 0) 1524987(div: 1) 1526087(div: 2) 1522614(div: 3) 1480623(div: 4) 
1 1 3 20 
#c 0 1 2 0 0 0 1 1 1 4 0 1 4 3 4 0 1 2 3 4 3 1 0 3 4 0 1 2 3 4 0 1 0 1 4 0 1 2 3 3 2 1 1 2 4 0 1 2 4 0 2 1 0 3 4 0 1 2 0 4 3 1 2 3 4 0 1 0 2 4 0 
#1527254(div: 0) 1524987(div: 1) 1526087(div: 2) 1542499(div: 3) 1480623(div: 4) 
11 10 2 17 27 37 40 43 47 50 57 62 68 13 18 20 23 28 38 39 53 60 63 
#c 0 1 2 0 0 0 1 1 1 4 0 1 4 3 4 0 1 2 3 4 3 1 0 3 4 0 1 2 3 4 0 1 0 1 4 0 1 2 3 3 2 1 1 2 4 0 1 2 4 0 2 1 0 3 4 0 1 2 0 4 3 1 2 3 4 0 1 0 2 4 0 
#1527254(div: 0) 1524987(div: 1) 1526087(div: 2) 1542499(div: 3) 1480623(div: 4) 
11 13 2 17 27 37 40 43 47 50 57 62 68 9 12 14 19 24 29 34 44 48 54 59 64 69 
#c 0 1 2 0 0 0 1 1 1 4 0 1 4 3 4 0 1 2 3 4 3 1 0 3 4 0 1 2 3 4 0 1 0 1 4 0 1 2 3 3 2 1 1 2 4 0 1 2 4 0 2 1 0 3 4 0 1 2 0 4 3 1 2 3 4 0 1 0 2 4 0 
#1527254(div: 0) 1524987(div: 1) 1526087(div: 2) 1542499(div: 3) 1480623(div: 4) 
13 18 9 12 14 19 24 29 34 44 48 54 59 64 69 1 6 7 8 11 16 21 26 31 33 36 41 42 46 51 56 61 66 
0 1 2 0 0 0 1 1 1 4 0 1 4 3 4 0 1 2 3 4 3 1 0 3 4 0 1 2 3 4 0 1 0 1 4 0 1 2 3 3 2 1 1 2 4 0 1 2 4 0 2 1 0 3 4 0 1 2 0 4 3 1 2 3 4 0 1 0 2 4 0 
#2083688
