#c 0 0 0 0 0 0 0 0 0 0 0 0 0 0 0 0 0 0 0 0 0 0 0 0 0 0 0 0 0 0 0 0 0 0 0 0 0 0 0 
#0(div: 0) 0(div: 1) 0(div: 2) 0(div: 3) 0(div: 4) 
1 1 15 28 
#c 0 0 0 0 0 0 0 0 0 0 0 0 0 0 0 0 0 0 0 0 0 0 0 0 0 0 0 0 0 0 0 0 0 0 0 0 0 0 0 
#0(div: 0) 0(div: 1) 0(div: 2) 0(div: 3) 0(div: 4) 
1 1 9 15 
#c 0 0 0 0 0 0 0 0 0 0 0 0 0 0 0 0 0 0 0 0 0 0 0 0 0 0 0 0 0 0 0 0 0 0 0 0 0 0 0 
#0(div: 0) 0(div: 1) 0(div: 2) 0(div: 3) 0(div: 4) 
1 1 9 35 
#c 0 0 0 0 0 0 0 0 0 0 0 0 0 0 0 0 0 0 0 0 0 0 0 0 0 0 0 0 0 0 0 0 0 0 0 0 0 0 0 
#0(div: 0) 0(div: 1) 0(div: 2) 0(div: 3) 0(div: 4) 
1 1 9 35 
#c 0 0 0 0 0 0 0 0 0 0 0 0 0 0 0 0 0 0 0 0 0 0 0 0 0 0 0 0 0 0 0 0 0 0 0 0 0 0 0 
#0(div: 0) 0(div: 1) 0(div: 2) 0(div: 3) 0(div: 4) 
1 1 20 21 
#c 0 0 0 0 0 0 0 0 0 0 0 0 0 0 0 0 0 0 0 0 0 0 0 0 0 0 0 0 0 0 0 0 0 0 0 0 0 0 0 
#0(div: 0) 0(div: 1) 0(div: 2) 0(div: 3) 0(div: 4) 
1 1 16 21 
#c 0 0 0 0 0 0 0 0 0 0 0 0 0 0 0 0 0 0 0 0 0 0 0 0 0 0 0 0 0 0 0 0 0 0 0 0 0 0 0 
#0(div: 0) 0(div: 1) 0(div: 2) 0(div: 3) 0(div: 4) 
1 1 21 36 
#c 0 0 0 0 0 0 0 0 0 0 0 0 0 0 0 0 0 0 0 0 0 0 0 0 0 0 0 0 0 0 0 0 0 0 0 0 0 0 0 
#0(div: 0) 0(div: 1) 0(div: 2) 0(div: 3) 0(div: 4) 
1 1 5 21 
#c 0 0 0 0 0 0 0 0 0 0 0 0 0 0 0 0 0 0 0 0 0 0 0 0 0 0 0 0 0 0 0 0 0 0 0 0 0 0 0 
#0(div: 0) 0(div: 1) 0(div: 2) 0(div: 3) 0(div: 4) 
1 1 0 7 
#c 0 0 0 0 0 0 0 0 0 0 0 0 0 0 0 0 0 0 0 0 0 0 0 0 0 0 0 0 0 0 0 0 0 0 0 0 0 0 0 
#0(div: 0) 0(div: 1) 0(div: 2) 0(div: 3) 0(div: 4) 
1 1 4 7 
#c 0 0 0 0 0 0 0 0 0 0 0 0 0 0 0 0 0 0 0 0 0 0 0 0 0 0 0 0 0 0 0 0 0 0 0 0 0 0 0 
#0(div: 0) 0(div: 1) 0(div: 2) 0(div: 3) 0(div: 4) 
1 1 7 36 
#c 0 0 0 0 0 0 0 0 0 0 0 0 0 0 0 0 0 0 0 0 0 0 0 0 0 0 0 0 0 0 0 0 0 0 0 0 0 0 0 
#0(div: 0) 0(div: 1) 0(div: 2) 0(div: 3) 0(div: 4) 
1 1 7 17 
#c 0 0 0 0 0 0 0 0 0 0 0 0 0 0 0 0 0 0 0 0 0 0 0 0 0 0 0 0 0 0 0 0 0 0 0 0 0 0 0 
#0(div: 0) 0(div: 1) 0(div: 2) 0(div: 3) 0(div: 4) 
1 1 22 29 
#c 0 0 0 0 0 0 0 0 0 0 0 0 0 0 0 0 0 0 0 0 0 0 0 0 0 0 0 0 0 0 0 0 0 0 0 0 0 0 0 
#0(div: 0) 0(div: 1) 0(div: 2) 0(div: 3) 0(div: 4) 
1 1 22 29 
#c 0 0 0 0 0 0 0 0 0 0 0 0 0 0 0 0 0 0 0 0 0 0 0 0 0 0 0 0 0 0 0 0 0 0 0 0 0 0 0 
#0(div: 0) 0(div: 1) 0(div: 2) 0(div: 3) 0(div: 4) 
1 1 29 37 
#c 0 0 0 0 0 0 0 0 0 0 0 0 0 0 0 0 0 0 0 0 0 0 0 0 0 0 0 0 0 0 0 0 0 0 0 0 0 0 0 
#0(div: 0) 0(div: 1) 0(div: 2) 0(div: 3) 0(div: 4) 
1 1 29 33 
#c 0 0 0 0 0 0 0 0 0 0 0 0 0 0 0 0 0 0 0 0 0 0 0 0 0 0 0 0 0 0 0 0 0 0 0 0 0 0 0 
#0(div: 0) 0(div: 1) 0(div: 2) 0(div: 3) 0(div: 4) 
1 1 14 32 
#c 0 0 0 0 0 0 0 0 0 0 0 0 0 0 0 0 0 0 0 0 0 0 0 0 0 0 0 0 0 0 0 0 0 0 0 0 0 0 0 
#0(div: 0) 0(div: 1) 0(div: 2) 0(div: 3) 0(div: 4) 
1 1 1 32 
#c 0 0 0 0 0 0 0 0 0 0 0 0 0 0 0 0 0 0 0 0 0 0 0 0 0 0 0 0 0 0 0 0 0 0 0 0 0 0 0 
#0(div: 0) 0(div: 1) 0(div: 2) 0(div: 3) 0(div: 4) 
1 1 20 32 
#c 0 0 0 0 0 0 0 0 0 0 0 0 0 0 0 0 0 0 0 0 0 0 0 0 0 0 0 0 0 0 0 0 0 0 0 0 0 0 0 
#0(div: 0) 0(div: 1) 0(div: 2) 0(div: 3) 0(div: 4) 
1 1 23 32 
#c 0 0 0 0 0 0 0 0 0 0 0 0 0 0 0 0 0 0 0 0 0 0 0 0 0 0 0 0 0 0 0 0 0 0 0 0 0 0 0 
#0(div: 0) 0(div: 1) 0(div: 2) 0(div: 3) 0(div: 4) 
1 1 11 12 
#c 0 0 0 0 0 0 0 0 0 0 0 0 0 0 0 0 0 0 0 0 0 0 0 0 0 0 0 0 0 0 0 0 0 0 0 0 0 0 0 
#0(div: 0) 0(div: 1) 0(div: 2) 0(div: 3) 0(div: 4) 
1 1 12 18 
#c 0 0 0 0 0 0 0 0 0 0 0 0 0 0 0 0 0 0 0 0 0 0 0 0 0 0 0 0 0 0 0 0 0 0 0 0 0 0 0 
#0(div: 0) 0(div: 1) 0(div: 2) 0(div: 3) 0(div: 4) 
1 1 12 13 
#c 0 0 0 0 0 0 0 0 0 0 0 0 0 0 0 0 0 0 0 0 0 0 0 0 0 0 0 0 0 0 0 0 0 0 0 0 0 0 0 
#0(div: 0) 0(div: 1) 0(div: 2) 0(div: 3) 0(div: 4) 
1 1 6 13 
# specialNodes Cnt: 10
#c 0 1 2 3 4 2 4 3 0 0 1 2 3 0 4 0 1 2 3 4 0 1 3 1 1 2 3 4 0 4 1 2 2 3 4 0 1 2 3 
#1138057(div: 0) 1731149(div: 1) 1179524(div: 2) 917991(div: 3) 598538(div: 4) 
8 8 0 8 9 13 15 20 28 35 3 7 12 18 22 26 33 38 
#c 0 1 2 3 4 2 4 3 0 0 1 2 3 0 4 0 1 2 3 4 0 1 3 1 1 2 3 4 0 4 1 2 2 3 4 0 1 2 3 
#1138057(div: 0) 1731149(div: 1) 1179524(div: 2) 917991(div: 3) 598538(div: 4) 
8 8 3 7 12 18 22 26 33 38 2 5 11 17 25 31 32 37 
#c 0 1 2 3 4 2 4 3 0 0 1 2 3 0 4 0 1 2 3 4 0 1 3 1 1 2 3 4 0 4 1 2 2 3 4 0 1 2 3 
#1138057(div: 0) 1731149(div: 1) 1179524(div: 2) 917991(div: 3) 598538(div: 4) 
8 8 0 8 9 13 15 20 28 35 2 5 11 17 25 31 32 37 
#c 0 1 2 3 4 2 4 3 0 0 1 2 3 0 4 0 1 2 3 4 0 1 3 1 1 2 3 4 0 4 1 2 2 3 4 0 1 2 3 
#1138057(div: 0) 1731149(div: 1) 1179524(div: 2) 917991(div: 3) 598538(div: 4) 
8 7 3 7 12 18 22 26 33 38 4 6 14 19 27 29 34 
#c 0 1 2 3 4 2 4 3 0 0 1 2 3 0 4 0 1 2 3 4 0 1 3 1 1 2 3 4 0 4 1 2 2 3 4 0 1 2 3 
#1138057(div: 0) 1731149(div: 1) 1179524(div: 2) 917991(div: 3) 598538(div: 4) 
1 1 2 31 
#c 0 1 2 3 4 2 4 3 0 0 1 2 3 0 4 0 1 2 3 4 0 1 3 1 1 2 3 4 0 4 1 2 2 3 4 0 1 2 3 
#1138057(div: 0) 1731149(div: 1) 1179524(div: 2) 917991(div: 3) 598538(div: 4) 
1 1 2 5 
#c 0 1 2 3 4 2 4 3 0 0 1 2 3 0 4 0 1 2 3 4 0 1 3 1 1 2 3 4 0 4 1 2 2 3 4 0 1 2 3 
#1138057(div: 0) 1731149(div: 1) 1179524(div: 2) 917991(div: 3) 598538(div: 4) 
1 1 2 11 
#c 0 1 4 3 4 2 4 3 0 0 1 2 3 0 4 0 1 2 3 4 0 1 3 1 1 2 3 4 0 4 1 2 2 3 4 0 1 2 3 
#1138057(div: 0) 1731149(div: 1) 1170340(div: 2) 917991(div: 3) 607722(div: 4) 
7 8 5 11 17 25 31 32 37 2 4 6 14 19 27 29 34 
#c 0 1 4 3 4 2 4 3 0 0 1 2 3 0 4 0 1 2 3 4 0 1 3 1 1 2 3 4 0 4 1 2 2 3 4 0 1 2 3 
#1138057(div: 0) 1731149(div: 1) 1170340(div: 2) 917991(div: 3) 607722(div: 4) 
1 1 5 17 
#c 0 1 4 3 4 2 4 3 0 0 1 2 3 0 4 0 1 2 3 4 0 1 3 1 1 2 3 4 0 4 1 2 2 3 4 0 1 2 3 
#1138057(div: 0) 1731149(div: 1) 1170340(div: 2) 917991(div: 3) 607722(div: 4) 
1 1 5 32 
#c 0 1 4 3 4 2 4 3 0 0 1 2 3 0 4 0 1 2 3 4 0 1 3 1 1 2 3 4 0 4 1 2 2 3 4 0 1 2 3 
#1138057(div: 0) 1731149(div: 1) 1170340(div: 2) 917991(div: 3) 607722(div: 4) 
1 1 5 37 
#c 0 1 4 3 4 4 4 3 0 0 1 2 3 0 4 0 1 2 3 4 0 1 3 1 1 2 3 4 0 4 1 2 2 3 4 0 1 2 3 
#1138057(div: 0) 1731149(div: 1) 1155338(div: 2) 917991(div: 3) 622724(div: 4) 
8 9 1 10 16 21 23 24 30 36 2 4 5 6 14 19 27 29 34 
#c 0 1 4 3 4 4 4 3 0 0 1 2 3 0 4 0 1 2 3 4 0 1 3 1 1 2 3 4 0 4 1 2 2 3 4 0 1 2 3 
#1138057(div: 0) 1731149(div: 1) 1155338(div: 2) 917991(div: 3) 622724(div: 4) 
9 8 2 4 5 6 14 19 27 29 34 3 7 12 18 22 26 33 38 
#c 0 1 4 3 4 4 4 3 0 0 1 2 3 0 4 0 1 2 3 4 0 1 3 1 1 2 3 4 0 4 1 2 2 3 4 0 1 2 3 
#1138057(div: 0) 1731149(div: 1) 1155338(div: 2) 917991(div: 3) 622724(div: 4) 
8 8 1 10 16 21 23 24 30 36 3 7 12 18 22 26 33 38 
#c 0 1 4 3 4 4 4 3 0 0 1 2 3 0 4 0 1 2 3 4 0 1 3 1 1 2 3 4 0 4 1 2 2 3 4 0 1 2 3 
#1138057(div: 0) 1731149(div: 1) 1155338(div: 2) 917991(div: 3) 622724(div: 4) 
9 8 2 4 5 6 14 19 27 29 34 0 8 9 13 15 20 28 35 
#c 0 1 4 3 4 4 4 3 0 0 1 2 3 0 4 0 1 2 3 4 0 1 3 1 1 2 3 4 0 4 1 2 2 3 4 0 1 2 3 
#1138057(div: 0) 1731149(div: 1) 1155338(div: 2) 917991(div: 3) 622724(div: 4) 
8 8 1 10 16 21 23 24 30 36 0 8 9 13 15 20 28 35 
#c 0 1 4 3 4 4 4 3 0 0 1 2 3 0 4 0 1 2 3 4 0 1 3 1 1 2 3 4 0 4 1 2 2 3 4 0 1 2 3 
#1138057(div: 0) 1731149(div: 1) 1155338(div: 2) 917991(div: 3) 622724(div: 4) 
1 1 16 21 
#c 0 1 4 3 4 4 4 3 0 0 1 2 3 0 4 0 1 2 3 4 0 1 3 1 1 2 3 4 0 4 1 2 2 3 4 0 1 2 3 
#1138057(div: 0) 1731149(div: 1) 1155338(div: 2) 917991(div: 3) 622724(div: 4) 
1 1 16 23 
#c 0 1 4 3 4 4 4 3 0 0 1 2 3 0 4 0 1 2 3 4 0 1 3 1 1 2 3 4 0 4 1 2 2 3 4 0 1 2 3 
#1138057(div: 0) 1731149(div: 1) 1155338(div: 2) 917991(div: 3) 622724(div: 4) 
1 1 23 30 
#c 0 1 4 3 4 4 4 3 0 0 1 2 3 0 4 0 1 2 3 4 0 1 3 4 1 2 3 4 0 4 1 2 2 3 4 0 1 2 3 
#1138057(div: 0) 1682056(div: 1) 1155338(div: 2) 917991(div: 3) 671817(div: 4) 
7 10 1 10 16 21 24 30 36 2 4 5 6 14 19 23 27 29 34 
#c 0 1 4 3 4 4 4 3 0 0 1 2 3 0 4 0 1 2 3 4 0 1 3 4 1 2 3 4 0 4 1 2 2 3 4 0 1 2 3 
#1138057(div: 0) 1682056(div: 1) 1155338(div: 2) 917991(div: 3) 671817(div: 4) 
1 1 16 30 
#c 0 1 4 3 4 4 4 3 0 0 1 2 3 0 4 0 1 2 3 4 0 1 3 4 1 2 3 4 0 4 1 2 2 3 4 0 1 2 3 
#1138057(div: 0) 1682056(div: 1) 1155338(div: 2) 917991(div: 3) 671817(div: 4) 
1 1 24 30 
#c 0 1 4 3 4 4 4 3 0 0 1 2 3 0 4 0 1 2 3 4 0 1 3 4 1 2 3 4 0 4 1 2 2 3 4 0 1 2 3 
#1138057(div: 0) 1682056(div: 1) 1155338(div: 2) 917991(div: 3) 671817(div: 4) 
1 1 30 36 
#c 0 1 4 3 4 4 4 3 0 0 1 2 3 0 4 0 1 2 3 4 0 1 3 4 1 2 3 4 0 4 4 2 2 3 4 0 1 2 3 
#1138057(div: 0) 1605349(div: 1) 1155338(div: 2) 917991(div: 3) 748524(div: 4) 
6 6 11 17 25 31 32 37 1 10 16 21 24 36 
#c 0 1 4 3 4 4 4 3 0 0 1 2 3 0 4 0 1 2 3 4 0 1 3 4 1 2 3 4 0 4 4 2 2 3 4 0 1 2 3 
#1138057(div: 0) 1605349(div: 1) 1155338(div: 2) 917991(div: 3) 748524(div: 4) 
6 8 11 17 25 31 32 37 0 8 9 13 15 20 28 35 
#c 0 1 4 3 4 4 4 3 0 0 1 2 3 0 4 0 1 2 3 4 0 1 3 4 1 2 3 4 0 4 4 2 2 3 4 0 1 2 3 
#1138057(div: 0) 1605349(div: 1) 1155338(div: 2) 917991(div: 3) 748524(div: 4) 
8 8 0 8 9 13 15 20 28 35 3 7 12 18 22 26 33 38 
#c 0 1 4 3 4 4 4 3 0 0 1 2 3 0 4 0 1 2 3 4 0 1 3 4 1 2 3 4 0 4 4 2 2 3 4 0 1 2 3 
#1138057(div: 0) 1605349(div: 1) 1155338(div: 2) 917991(div: 3) 748524(div: 4) 
1 1 1 16 
#c 0 1 4 3 4 4 4 3 0 0 1 2 3 0 4 0 1 2 3 4 0 1 3 4 1 2 3 4 0 4 4 2 2 3 4 0 1 2 3 
#1138057(div: 0) 1605349(div: 1) 1155338(div: 2) 917991(div: 3) 748524(div: 4) 
1 1 1 10 
#c 0 1 4 3 4 4 4 3 0 0 1 2 3 0 4 0 1 2 3 4 0 1 3 4 1 2 3 4 0 4 4 2 2 3 4 0 1 2 3 
#1138057(div: 0) 1605349(div: 1) 1155338(div: 2) 917991(div: 3) 748524(div: 4) 
1 1 1 24 
#c 0 3 4 3 4 4 4 3 0 0 1 2 3 0 4 0 1 2 3 4 0 1 3 4 1 2 3 4 0 4 4 2 2 3 4 0 1 2 3 
#1138057(div: 0) 1487607(div: 1) 1155338(div: 2) 1035733(div: 3) 748524(div: 4) 
5 9 10 16 21 24 36 1 3 7 12 18 22 26 33 38 
#c 0 3 4 3 4 4 4 3 0 0 1 2 3 0 4 0 1 2 3 4 0 1 3 4 1 2 3 4 0 4 4 2 2 3 4 0 1 2 3 
#1138057(div: 0) 1487607(div: 1) 1155338(div: 2) 1035733(div: 3) 748524(div: 4) 
1 1 10 36 
#c 0 3 4 3 4 4 4 3 0 0 1 2 3 0 4 0 1 2 3 4 0 1 3 4 1 2 3 4 0 4 4 2 2 3 4 0 1 2 3 
#1138057(div: 0) 1487607(div: 1) 1155338(div: 2) 1035733(div: 3) 748524(div: 4) 
1 1 16 36 
#c 0 3 4 3 4 4 4 3 0 0 1 2 3 0 4 0 1 2 3 4 0 1 3 4 1 2 3 4 0 4 4 2 2 3 4 0 1 2 3 
#1138057(div: 0) 1487607(div: 1) 1155338(div: 2) 1035733(div: 3) 748524(div: 4) 
1 1 21 36 
#c 0 3 4 3 4 4 4 3 0 0 1 2 3 0 4 0 1 2 3 4 0 1 3 4 1 2 3 4 0 4 4 2 2 3 4 0 3 2 3 
#1138057(div: 0) 1334707(div: 1) 1155338(div: 2) 1188633(div: 3) 748524(div: 4) 
6 10 11 17 25 31 32 37 1 3 7 12 18 22 26 33 36 38 
#c 0 3 4 3 4 4 4 3 0 0 1 2 3 0 4 0 1 2 3 4 0 1 3 4 1 2 3 4 0 4 4 2 2 3 4 0 3 2 3 
#1138057(div: 0) 1334707(div: 1) 1155338(div: 2) 1188633(div: 3) 748524(div: 4) 
6 8 11 17 25 31 32 37 0 8 9 13 15 20 28 35 
#c 0 3 4 3 4 4 4 3 0 0 1 2 3 0 4 0 1 2 3 4 0 1 3 4 1 2 3 4 0 4 4 2 2 3 4 0 3 2 3 
#1138057(div: 0) 1334707(div: 1) 1155338(div: 2) 1188633(div: 3) 748524(div: 4) 
8 4 0 8 9 13 15 20 28 35 10 16 21 24 
#c 0 3 4 3 4 4 4 3 0 0 1 2 3 0 4 0 1 2 3 4 0 1 3 4 1 2 3 4 0 4 4 2 2 3 4 0 3 2 3 
#1138057(div: 0) 1334707(div: 1) 1155338(div: 2) 1188633(div: 3) 748524(div: 4) 
10 4 1 3 7 12 18 22 26 33 36 38 10 16 21 24 
#c 0 3 4 3 4 4 4 3 0 0 1 2 3 0 4 0 1 2 3 4 0 1 3 4 1 2 3 4 0 4 4 2 2 3 4 0 3 2 3 
#1138057(div: 0) 1334707(div: 1) 1155338(div: 2) 1188633(div: 3) 748524(div: 4) 
1 1 16 21 
#c 0 3 4 3 4 4 4 3 0 0 1 2 3 0 4 0 1 2 3 4 0 1 3 4 1 2 3 4 0 4 4 2 2 3 4 0 3 2 3 
#1138057(div: 0) 1334707(div: 1) 1155338(div: 2) 1188633(div: 3) 748524(div: 4) 
1 1 16 24 
#c 0 3 4 3 4 4 4 3 0 0 1 2 3 0 4 0 1 2 3 4 0 1 3 4 1 2 3 4 0 4 4 2 2 3 4 0 3 2 3 
#1138057(div: 0) 1334707(div: 1) 1155338(div: 2) 1188633(div: 3) 748524(div: 4) 
1 1 10 16 
#c 0 3 4 3 4 4 4 3 0 0 1 2 3 0 4 0 0 2 3 4 0 1 3 4 1 2 3 4 0 4 4 2 2 3 4 0 3 2 3 
#1313472(div: 0) 1159292(div: 1) 1155338(div: 2) 1188633(div: 3) 748524(div: 4) 
3 9 10 21 24 0 8 9 13 15 16 20 28 35 
#c 0 3 4 3 4 4 4 3 0 0 1 2 3 0 4 0 0 2 3 4 0 1 3 4 1 2 3 4 0 4 4 2 2 3 4 0 3 2 3 
#1313472(div: 0) 1159292(div: 1) 1155338(div: 2) 1188633(div: 3) 748524(div: 4) 
11 9 2 4 5 6 14 19 23 27 29 30 34 0 8 9 13 15 16 20 28 35 
#c 0 3 4 3 4 4 4 3 0 0 1 2 3 0 4 0 0 2 3 4 0 1 3 4 1 2 3 4 0 4 4 2 2 3 4 0 3 2 3 
#1313472(div: 0) 1159292(div: 1) 1155338(div: 2) 1188633(div: 3) 748524(div: 4) 
11 3 2 4 5 6 14 19 23 27 29 30 34 10 21 24 
#c 0 3 4 3 4 4 4 3 0 0 1 2 3 0 4 0 0 2 3 4 0 1 3 4 1 2 3 4 0 4 4 2 2 3 4 0 3 2 3 
#1313472(div: 0) 1159292(div: 1) 1155338(div: 2) 1188633(div: 3) 748524(div: 4) 
9 3 0 8 9 13 15 16 20 28 35 10 21 24 
#c 0 3 4 3 4 4 4 3 0 0 1 2 3 0 4 0 0 2 3 4 0 1 3 4 1 2 3 4 0 4 4 2 2 3 4 0 3 2 3 
#1313472(div: 0) 1159292(div: 1) 1155338(div: 2) 1188633(div: 3) 748524(div: 4) 
11 10 2 4 5 6 14 19 23 27 29 30 34 1 3 7 12 18 22 26 33 36 38 
#c 0 3 4 3 4 4 4 3 0 0 1 2 3 0 4 0 0 2 3 4 0 1 3 4 1 2 3 4 0 4 4 2 2 3 4 0 3 2 3 
#1313472(div: 0) 1159292(div: 1) 1155338(div: 2) 1188633(div: 3) 748524(div: 4) 
9 10 0 8 9 13 15 16 20 28 35 1 3 7 12 18 22 26 33 36 38 
#c 0 3 4 3 4 4 4 3 0 0 1 2 3 0 4 0 0 2 3 4 0 1 3 4 1 2 3 4 0 4 4 2 2 3 4 0 3 2 3 
#1313472(div: 0) 1159292(div: 1) 1155338(div: 2) 1188633(div: 3) 748524(div: 4) 
1 1 20 28 
#c 0 3 4 3 4 4 4 3 0 0 1 2 3 0 4 0 0 2 3 4 0 1 3 4 1 2 3 4 0 4 4 2 2 3 4 0 3 2 3 
#1313472(div: 0) 1159292(div: 1) 1155338(div: 2) 1188633(div: 3) 748524(div: 4) 
1 1 15 28 
#c 0 3 4 3 4 4 4 3 0 0 1 2 3 0 4 0 0 2 3 4 0 1 3 4 1 2 3 4 0 4 4 2 2 3 4 0 3 2 3 
#1313472(div: 0) 1159292(div: 1) 1155338(div: 2) 1188633(div: 3) 748524(div: 4) 
1 1 16 28 
#c 0 3 4 3 4 4 4 3 0 0 1 2 3 0 4 0 0 2 3 4 0 1 3 4 1 2 3 4 4 4 4 2 2 3 4 0 3 2 3 
#1301279(div: 0) 1159292(div: 1) 1155338(div: 2) 1188633(div: 3) 760717(div: 4) 
8 12 0 8 9 13 15 16 20 35 2 4 5 6 14 19 23 27 28 29 30 34 
#c 0 3 4 3 4 4 4 3 0 0 1 2 3 0 4 0 0 2 3 4 0 1 3 4 1 2 3 4 4 4 4 2 2 3 4 0 3 2 3 
#1301279(div: 0) 1159292(div: 1) 1155338(div: 2) 1188633(div: 3) 760717(div: 4) 
1 1 8 13 
#c 0 3 4 3 4 4 4 3 0 0 1 2 3 0 4 0 0 2 3 4 0 1 3 4 1 2 3 4 4 4 4 2 2 3 4 0 3 2 3 
#1301279(div: 0) 1159292(div: 1) 1155338(div: 2) 1188633(div: 3) 760717(div: 4) 
1 1 8 9 
#c 0 3 4 3 4 4 4 3 0 0 1 2 3 0 4 0 0 2 3 4 0 1 3 4 1 2 3 4 4 4 4 2 2 3 4 0 3 2 3 
#1301279(div: 0) 1159292(div: 1) 1155338(div: 2) 1188633(div: 3) 760717(div: 4) 
1 1 8 15 
#c 0 3 4 3 4 4 4 3 4 0 1 2 3 0 4 0 0 2 3 4 0 1 3 4 1 2 3 4 4 4 4 2 2 3 4 0 3 2 3 
#1298691(div: 0) 1159292(div: 1) 1155338(div: 2) 1188633(div: 3) 763305(div: 4) 
6 7 11 17 25 31 32 37 0 9 13 15 16 20 35 
#c 0 3 4 3 4 4 4 3 4 0 1 2 3 0 4 0 0 2 3 4 0 1 3 4 1 2 3 4 4 4 4 2 2 3 4 0 3 2 3 
#1298691(div: 0) 1159292(div: 1) 1155338(div: 2) 1188633(div: 3) 763305(div: 4) 
6 3 11 17 25 31 32 37 10 21 24 
#c 0 3 4 3 4 4 4 3 4 0 1 2 3 0 4 0 0 2 3 4 0 1 3 4 1 2 3 4 4 4 4 2 2 3 4 0 3 2 3 
#1298691(div: 0) 1159292(div: 1) 1155338(div: 2) 1188633(div: 3) 763305(div: 4) 
7 3 0 9 13 15 16 20 35 10 21 24 
#c 0 3 4 3 4 4 4 3 4 0 1 2 3 0 4 0 0 2 3 4 0 1 3 4 1 2 3 4 4 4 4 2 2 3 4 0 3 2 3 
#1298691(div: 0) 1159292(div: 1) 1155338(div: 2) 1188633(div: 3) 763305(div: 4) 
6 13 11 17 25 31 32 37 2 4 5 6 8 14 19 23 27 28 29 30 34 
#c 0 3 4 3 4 4 4 3 4 0 1 2 3 0 4 0 0 2 3 4 0 1 3 4 1 2 3 4 4 4 4 2 2 3 4 0 3 2 3 
#1298691(div: 0) 1159292(div: 1) 1155338(div: 2) 1188633(div: 3) 763305(div: 4) 
1 1 9 13 
#c 0 3 4 3 4 4 4 3 4 0 1 2 3 0 4 0 0 2 3 4 0 1 3 4 1 2 3 4 4 4 4 2 2 3 4 0 3 2 3 
#1298691(div: 0) 1159292(div: 1) 1155338(div: 2) 1188633(div: 3) 763305(div: 4) 
1 1 9 15 
#c 0 3 4 3 4 4 4 3 4 0 1 2 3 0 4 0 0 2 3 4 0 1 3 4 1 2 3 4 4 4 4 2 2 3 4 0 3 2 3 
#1298691(div: 0) 1159292(div: 1) 1155338(div: 2) 1188633(div: 3) 763305(div: 4) 
1 1 15 20 
#c 0 3 4 3 4 4 4 3 4 0 1 2 3 0 4 0 0 2 3 4 4 1 3 4 1 2 3 4 4 4 4 2 2 3 4 0 3 2 3 
#1285211(div: 0) 1159292(div: 1) 1155338(div: 2) 1188633(div: 3) 776785(div: 4) 
6 14 0 9 13 15 16 35 2 4 5 6 8 14 19 20 23 27 28 29 30 34 
#c 0 3 4 3 4 4 4 3 4 0 1 2 3 0 4 0 0 2 3 4 4 1 3 4 1 2 3 4 4 4 4 2 2 3 4 0 3 2 3 
#1285211(div: 0) 1159292(div: 1) 1155338(div: 2) 1188633(div: 3) 776785(div: 4) 
1 1 15 35 
#c 0 3 4 3 4 4 4 3 4 0 1 2 3 0 4 0 0 2 3 4 4 1 3 4 1 2 3 4 4 4 4 2 2 3 4 0 3 2 3 
#1285211(div: 0) 1159292(div: 1) 1155338(div: 2) 1188633(div: 3) 776785(div: 4) 
1 1 9 15 
#c 0 3 4 3 4 4 4 3 4 0 1 2 3 0 4 0 0 2 3 4 4 1 3 4 1 2 3 4 4 4 4 2 2 3 4 0 3 2 3 
#1285211(div: 0) 1159292(div: 1) 1155338(div: 2) 1188633(div: 3) 776785(div: 4) 
1 1 0 15 
#c 0 3 4 3 4 4 4 3 4 0 1 2 3 0 4 4 0 2 3 4 4 1 3 4 1 2 3 4 4 4 4 2 2 3 4 0 3 2 3 
#1200608(div: 0) 1159292(div: 1) 1155338(div: 2) 1188633(div: 3) 861388(div: 4) 
6 3 11 17 25 31 32 37 10 21 24 
#c 0 3 4 3 4 4 4 3 4 0 1 2 3 0 4 4 0 2 3 4 4 1 3 4 1 2 3 4 4 4 4 2 2 3 4 0 3 2 3 
#1200608(div: 0) 1159292(div: 1) 1155338(div: 2) 1188633(div: 3) 861388(div: 4) 
6 5 11 17 25 31 32 37 0 9 13 16 35 
#c 0 3 4 3 4 4 4 3 4 0 1 2 3 0 4 4 0 2 3 4 4 1 3 4 1 2 3 4 4 4 4 2 2 3 4 0 3 2 3 
#1200608(div: 0) 1159292(div: 1) 1155338(div: 2) 1188633(div: 3) 861388(div: 4) 
3 5 10 21 24 0 9 13 16 35 
#c 0 3 4 3 4 4 4 3 4 0 1 2 3 0 4 4 0 2 3 4 4 1 3 4 1 2 3 4 4 4 4 2 2 3 4 0 3 2 3 
#1200608(div: 0) 1159292(div: 1) 1155338(div: 2) 1188633(div: 3) 861388(div: 4) 
6 15 11 17 25 31 32 37 2 4 5 6 8 14 15 19 20 23 27 28 29 30 34 
#c 0 3 4 3 4 4 4 3 4 0 1 2 3 0 4 4 0 2 3 4 4 1 3 4 1 2 3 4 4 4 4 2 2 3 4 0 3 2 3 
#1200608(div: 0) 1159292(div: 1) 1155338(div: 2) 1188633(div: 3) 861388(div: 4) 
1 1 9 16 
#c 0 3 4 3 4 4 4 3 4 0 1 2 3 0 4 4 0 2 3 4 4 1 3 4 1 2 3 4 4 4 4 2 2 3 4 0 3 2 3 
#1200608(div: 0) 1159292(div: 1) 1155338(div: 2) 1188633(div: 3) 861388(div: 4) 
1 1 0 16 
#c 0 3 4 3 4 4 4 3 4 0 1 2 3 0 4 4 0 2 3 4 4 1 3 4 1 2 3 4 4 4 4 2 2 3 4 0 3 2 3 
#1200608(div: 0) 1159292(div: 1) 1155338(div: 2) 1188633(div: 3) 861388(div: 4) 
1 1 0 35 
#c 4 3 4 3 4 4 4 3 4 0 1 2 3 0 4 4 0 2 3 4 4 1 3 4 1 2 3 4 4 4 4 2 2 3 4 0 3 2 3 
#1069307(div: 0) 1159292(div: 1) 1155338(div: 2) 1188633(div: 3) 992689(div: 4) 
4 16 9 13 16 35 0 2 4 5 6 8 14 15 19 20 23 27 28 29 30 34 
#c 4 3 4 3 4 4 4 3 4 0 1 2 3 0 4 4 0 2 3 4 4 1 3 4 1 2 3 4 4 4 4 2 2 3 4 0 3 2 3 
#1069307(div: 0) 1159292(div: 1) 1155338(div: 2) 1188633(div: 3) 992689(div: 4) 
1 1 9 35 
#c 4 3 4 3 4 4 4 3 4 0 1 2 3 0 4 4 0 2 3 4 4 1 3 4 1 2 3 4 4 4 4 2 2 3 4 0 3 2 3 
#1069307(div: 0) 1159292(div: 1) 1155338(div: 2) 1188633(div: 3) 992689(div: 4) 
1 1 13 35 
#c 4 3 4 3 4 4 4 3 4 0 1 2 3 0 4 4 0 2 3 4 4 1 3 4 1 2 3 4 4 4 4 2 2 3 4 0 3 2 3 
#1069307(div: 0) 1159292(div: 1) 1155338(div: 2) 1188633(div: 3) 992689(div: 4) 
1 1 16 35 
#c 4 3 4 3 4 4 4 3 4 0 1 2 3 0 4 4 0 2 3 4 4 1 3 4 1 2 3 4 4 4 4 2 2 3 4 4 3 2 3 
#893975(div: 0) 1159292(div: 1) 1155338(div: 2) 1188633(div: 3) 1168021(div: 4) 
10 17 1 3 7 12 18 22 26 33 36 38 0 2 4 5 6 8 14 15 19 20 23 27 28 29 30 34 35 
#c 4 3 4 3 4 4 4 3 4 0 1 2 3 0 4 4 0 2 3 4 4 1 3 4 1 2 3 4 4 4 4 2 2 3 4 4 3 2 3 
#893975(div: 0) 1159292(div: 1) 1155338(div: 2) 1188633(div: 3) 1168021(div: 4) 
17 6 0 2 4 5 6 8 14 15 19 20 23 27 28 29 30 34 35 11 17 25 31 32 37 
#c 4 3 4 3 4 4 4 3 4 0 1 2 3 0 4 4 0 2 3 4 4 1 3 4 1 2 3 4 4 4 4 2 2 3 4 4 3 2 3 
#893975(div: 0) 1159292(div: 1) 1155338(div: 2) 1188633(div: 3) 1168021(div: 4) 
6 3 11 17 25 31 32 37 10 21 24 
#c 4 3 4 3 4 4 4 3 4 0 1 2 3 0 4 4 0 2 3 4 4 1 3 4 1 2 3 4 4 4 4 2 2 3 4 4 3 2 3 
#893975(div: 0) 1159292(div: 1) 1155338(div: 2) 1188633(div: 3) 1168021(div: 4) 
10 3 1 3 7 12 18 22 26 33 36 38 10 21 24 
#c 4 3 4 3 4 4 4 3 4 0 1 2 3 0 4 4 0 2 3 4 4 1 3 4 1 2 3 4 4 4 4 2 2 3 4 4 3 2 3 
#893975(div: 0) 1159292(div: 1) 1155338(div: 2) 1188633(div: 3) 1168021(div: 4) 
1 1 33 38 
#c 4 3 4 3 4 4 4 3 4 0 1 2 3 0 4 4 0 2 3 4 4 1 3 4 1 2 3 4 4 4 4 2 2 3 4 4 3 2 3 
#893975(div: 0) 1159292(div: 1) 1155338(div: 2) 1188633(div: 3) 1168021(div: 4) 
1 1 26 38 
#c 4 3 4 3 4 4 4 3 4 0 1 2 3 0 4 4 0 2 3 4 4 1 3 4 1 2 3 4 4 4 4 2 2 3 4 4 3 2 3 
#893975(div: 0) 1159292(div: 1) 1155338(div: 2) 1188633(div: 3) 1168021(div: 4) 
1 1 12 38 
#c 4 3 4 3 4 4 4 3 4 0 1 2 2 0 4 4 0 2 3 4 4 1 3 4 1 2 3 4 4 4 4 2 2 3 4 4 3 2 3 
#893975(div: 0) 1159292(div: 1) 1196402(div: 2) 1147569(div: 3) 1168021(div: 4) 
9 7 1 3 7 18 22 26 33 36 38 11 12 17 25 31 32 37 
#c 4 3 4 3 4 4 4 3 4 0 1 2 2 0 4 4 0 2 3 4 4 1 3 4 1 2 3 4 4 4 4 2 2 3 4 4 3 2 3 
#893975(div: 0) 1159292(div: 1) 1196402(div: 2) 1147569(div: 3) 1168021(div: 4) 
9 3 1 3 7 18 22 26 33 36 38 10 21 24 
#c 4 3 4 3 4 4 4 3 4 0 1 2 2 0 4 4 0 2 3 4 4 1 3 4 1 2 3 4 4 4 4 2 2 3 4 4 3 2 3 
#893975(div: 0) 1159292(div: 1) 1196402(div: 2) 1147569(div: 3) 1168021(div: 4) 
9 7 1 3 7 18 22 26 33 36 38 11 12 17 25 31 32 37 
#c 4 3 4 3 4 4 4 3 4 0 1 2 2 0 4 4 0 2 3 4 4 1 3 4 1 2 3 4 4 4 4 2 2 3 4 4 3 2 3 
#893975(div: 0) 1159292(div: 1) 1196402(div: 2) 1147569(div: 3) 1168021(div: 4) 
3 7 10 21 24 11 12 17 25 31 32 37 
#c 4 3 4 3 4 4 4 3 4 0 1 2 2 0 4 4 0 2 3 4 4 1 3 4 1 2 3 4 4 4 4 2 2 3 4 4 3 2 3 
#893975(div: 0) 1159292(div: 1) 1196402(div: 2) 1147569(div: 3) 1168021(div: 4) 
9 17 1 3 7 18 22 26 33 36 38 0 2 4 5 6 8 14 15 19 20 23 27 28 29 30 34 35 
#c 4 3 4 3 4 4 4 3 4 0 1 2 2 0 4 4 0 2 3 4 4 1 3 4 1 2 3 4 4 4 4 2 2 3 4 4 3 2 3 
#893975(div: 0) 1159292(div: 1) 1196402(div: 2) 1147569(div: 3) 1168021(div: 4) 
7 17 11 12 17 25 31 32 37 0 2 4 5 6 8 14 15 19 20 23 27 28 29 30 34 35 
#c 4 3 4 3 4 4 4 3 4 0 1 2 2 0 4 4 0 2 3 4 4 1 3 4 1 2 3 4 4 4 4 2 2 3 4 4 3 2 3 
#893975(div: 0) 1159292(div: 1) 1196402(div: 2) 1147569(div: 3) 1168021(div: 4) 
1 1 12 32 
#c 4 3 4 3 4 4 4 3 4 0 1 2 2 0 4 4 0 2 3 4 4 1 3 4 1 2 3 4 4 4 4 2 2 3 4 4 3 2 3 
#893975(div: 0) 1159292(div: 1) 1196402(div: 2) 1147569(div: 3) 1168021(div: 4) 
1 1 12 17 
#c 4 3 4 3 4 4 4 3 4 0 1 2 2 0 4 4 0 2 3 4 4 1 3 4 1 2 3 4 4 4 4 2 2 3 4 4 3 2 3 
#893975(div: 0) 1159292(div: 1) 1196402(div: 2) 1147569(div: 3) 1168021(div: 4) 
1 1 17 31 
#c 4 3 4 3 4 4 4 3 4 0 1 2 2 0 4 4 0 3 3 4 4 1 3 4 1 2 3 4 4 4 4 2 2 3 4 4 3 2 3 
#893975(div: 0) 1159292(div: 1) 1175601(div: 2) 1168370(div: 3) 1168021(div: 4) 
6 10 11 12 25 31 32 37 1 3 7 17 18 22 26 33 36 38 
#c 4 3 4 3 4 4 4 3 4 0 1 2 2 0 4 4 0 3 3 4 4 1 3 4 1 2 3 4 4 4 4 2 2 3 4 4 3 2 3 
#893975(div: 0) 1159292(div: 1) 1175601(div: 2) 1168370(div: 3) 1168021(div: 4) 
1 1 12 37 
#c 4 3 4 3 4 4 4 3 4 0 1 2 2 0 4 4 0 3 3 4 4 1 3 4 1 2 3 4 4 4 4 2 2 3 4 4 3 2 3 
#893975(div: 0) 1159292(div: 1) 1175601(div: 2) 1168370(div: 3) 1168021(div: 4) 
1 1 32 37 
#c 4 3 4 3 4 4 4 3 4 0 1 2 2 0 4 4 0 3 3 4 4 1 3 4 1 2 3 4 4 4 4 2 2 3 4 4 3 2 3 
#893975(div: 0) 1159292(div: 1) 1175601(div: 2) 1168370(div: 3) 1168021(div: 4) 
1 1 31 37 
#c 4 3 4 3 4 4 4 3 4 0 1 2 2 0 4 4 0 3 3 4 4 1 3 4 1 2 3 4 4 4 4 2 2 3 4 4 3 3 3 
#893975(div: 0) 1159292(div: 1) 1152229(div: 2) 1191742(div: 3) 1168021(div: 4) 
11 3 1 3 7 17 18 22 26 33 36 37 38 10 21 24 
#c 4 3 4 3 4 4 4 3 4 0 1 2 2 0 4 4 0 3 3 4 4 1 3 4 1 2 3 4 4 4 4 2 2 3 4 4 3 3 3 
#893975(div: 0) 1159292(div: 1) 1152229(div: 2) 1191742(div: 3) 1168021(div: 4) 
3 3 10 21 24 9 13 16 
#c 4 3 4 3 4 4 4 3 4 0 1 2 2 0 4 4 0 3 3 4 4 1 3 4 1 2 3 4 4 4 4 2 2 3 4 4 3 3 3 
#893975(div: 0) 1159292(div: 1) 1152229(div: 2) 1191742(div: 3) 1168021(div: 4) 
3 5 9 13 16 11 12 25 31 32 
#c 4 3 4 3 4 4 4 3 4 0 1 2 2 0 4 4 0 3 3 4 4 1 3 4 1 2 3 4 4 4 4 2 2 3 4 4 3 3 3 
#893975(div: 0) 1159292(div: 1) 1152229(div: 2) 1191742(div: 3) 1168021(div: 4) 
11 5 1 3 7 17 18 22 26 33 36 37 38 11 12 25 31 32 
#c 4 3 4 3 4 4 4 3 4 0 1 2 2 0 4 4 0 3 3 4 4 1 3 4 1 2 3 4 4 4 4 2 2 3 4 4 3 3 3 
#893975(div: 0) 1159292(div: 1) 1152229(div: 2) 1191742(div: 3) 1168021(div: 4) 
1 1 26 33 
#c 4 3 4 3 4 4 4 3 4 0 1 2 2 0 4 4 0 3 3 4 4 1 3 4 1 2 3 4 4 4 4 2 2 3 4 4 3 3 3 
#893975(div: 0) 1159292(div: 1) 1152229(div: 2) 1191742(div: 3) 1168021(div: 4) 
1 1 18 33 
#c 4 3 4 3 4 4 4 3 4 0 1 2 2 0 4 4 0 3 3 4 4 1 3 4 1 2 3 4 4 4 4 2 2 3 4 4 3 3 3 
#893975(div: 0) 1159292(div: 1) 1152229(div: 2) 1191742(div: 3) 1168021(div: 4) 
1 1 18 36 
#c 4 3 4 3 4 4 4 3 4 0 1 2 2 0 4 4 0 3 0 4 4 1 3 4 1 2 3 4 4 4 4 2 2 3 4 4 3 3 3 
#925832(div: 0) 1159292(div: 1) 1152229(div: 2) 1159885(div: 3) 1168021(div: 4) 
10 4 1 3 7 17 22 26 33 36 37 38 9 13 16 18 
#c 4 3 4 3 4 4 4 3 4 0 1 2 2 0 4 4 0 3 0 4 4 1 3 4 1 2 3 4 4 4 4 2 2 3 4 4 3 3 3 
#925832(div: 0) 1159292(div: 1) 1152229(div: 2) 1159885(div: 3) 1168021(div: 4) 
1 1 1 37 
#c 4 3 4 3 4 4 4 3 4 0 1 2 2 0 4 4 0 3 0 4 4 1 3 4 1 2 3 4 4 4 4 2 2 3 4 4 3 3 3 
#925832(div: 0) 1159292(div: 1) 1152229(div: 2) 1159885(div: 3) 1168021(div: 4) 
1 1 26 37 
#c 4 3 4 3 4 4 4 3 4 0 1 2 2 0 4 4 0 3 0 4 4 1 3 4 1 2 3 4 4 4 4 2 2 3 4 4 3 3 3 
#925832(div: 0) 1159292(div: 1) 1152229(div: 2) 1159885(div: 3) 1168021(div: 4) 
1 1 17 37 
#c 4 3 4 3 4 4 4 3 4 0 1 2 2 0 4 4 0 0 0 4 4 1 3 4 1 2 3 4 4 4 4 2 2 3 4 4 3 3 3 
#946633(div: 0) 1159292(div: 1) 1152229(div: 2) 1139084(div: 3) 1168021(div: 4) 
17 5 0 2 4 5 6 8 14 15 19 20 23 27 28 29 30 34 35 11 12 25 31 32 
#c 4 3 4 3 4 4 4 3 4 0 1 2 2 0 4 4 0 0 0 4 4 1 3 4 1 2 3 4 4 4 4 2 2 3 4 4 3 3 3 
#946633(div: 0) 1159292(div: 1) 1152229(div: 2) 1139084(div: 3) 1168021(div: 4) 
5 3 11 12 25 31 32 10 21 24 
#c 4 3 4 3 4 4 4 3 4 0 1 2 2 0 4 4 0 0 0 4 4 1 3 4 1 2 3 4 4 4 4 2 2 3 4 4 3 3 3 
#946633(div: 0) 1159292(div: 1) 1152229(div: 2) 1139084(div: 3) 1168021(div: 4) 
17 3 0 2 4 5 6 8 14 15 19 20 23 27 28 29 30 34 35 10 21 24 
#c 4 3 4 3 4 4 4 3 4 0 1 2 2 0 4 4 0 0 0 4 4 1 3 4 1 2 3 4 4 4 4 2 2 3 4 4 3 3 3 
#946633(div: 0) 1159292(div: 1) 1152229(div: 2) 1139084(div: 3) 1168021(div: 4) 
5 9 11 12 25 31 32 1 3 7 22 26 33 36 37 38 
#c 4 3 4 3 4 4 4 3 4 0 1 2 2 0 4 4 0 0 0 4 4 1 3 4 1 2 3 4 4 4 4 2 2 3 4 4 3 3 3 
#946633(div: 0) 1159292(div: 1) 1152229(div: 2) 1139084(div: 3) 1168021(div: 4) 
1 1 2 28 
#c 4 3 4 3 4 4 4 3 4 0 1 2 2 0 4 4 0 0 0 4 4 1 3 4 1 2 3 4 4 4 4 2 2 3 4 4 3 3 3 
#946633(div: 0) 1159292(div: 1) 1152229(div: 2) 1139084(div: 3) 1168021(div: 4) 
1 1 2 20 
#c 4 3 4 3 4 4 4 3 4 0 1 2 2 0 4 4 0 0 0 4 4 1 3 4 1 2 3 4 4 4 4 2 2 3 4 4 3 3 3 
#946633(div: 0) 1159292(div: 1) 1152229(div: 2) 1139084(div: 3) 1168021(div: 4) 
1 1 2 5 
#c 4 3 3 3 4 4 4 3 4 0 1 2 2 0 4 4 0 0 0 4 4 1 3 4 1 2 3 4 4 4 4 2 2 3 4 4 3 3 3 
#946633(div: 0) 1159292(div: 1) 1152229(div: 2) 1148268(div: 3) 1158837(div: 4) 
16 10 0 4 5 6 8 14 15 19 20 23 27 28 29 30 34 35 1 2 3 7 22 26 33 36 37 38 
#c 4 3 3 3 4 4 4 3 4 0 1 2 2 0 4 4 0 0 0 4 4 1 3 4 1 2 3 4 4 4 4 2 2 3 4 4 3 3 3 
#946633(div: 0) 1159292(div: 1) 1152229(div: 2) 1148268(div: 3) 1158837(div: 4) 
1 1 6 27 
#c 4 3 3 3 4 4 4 3 4 0 1 2 2 0 4 4 0 0 0 4 4 1 3 4 1 2 3 4 4 4 4 2 2 3 4 4 3 3 3 
#946633(div: 0) 1159292(div: 1) 1152229(div: 2) 1148268(div: 3) 1158837(div: 4) 
1 1 6 29 
#c 4 3 3 3 4 4 4 3 4 0 1 2 2 0 4 4 0 0 0 4 4 1 3 4 1 2 3 4 4 4 4 2 2 3 4 4 3 3 3 
#946633(div: 0) 1159292(div: 1) 1152229(div: 2) 1148268(div: 3) 1158837(div: 4) 
1 1 0 6 
#c 4 3 3 3 4 4 3 3 4 0 1 2 2 0 4 4 0 0 0 4 4 1 3 4 1 2 3 4 4 4 4 2 2 3 4 4 3 3 3 
#946633(div: 0) 1159292(div: 1) 1152229(div: 2) 1169952(div: 3) 1137153(div: 4) 
15 3 0 4 5 8 14 15 19 20 23 27 28 29 30 34 35 10 21 24 
#c 4 3 3 3 4 4 3 3 4 0 1 2 2 0 4 4 0 0 0 4 4 1 3 4 1 2 3 4 4 4 4 2 2 3 4 4 3 3 3 
#946633(div: 0) 1159292(div: 1) 1152229(div: 2) 1169952(div: 3) 1137153(div: 4) 
15 5 0 4 5 8 14 15 19 20 23 27 28 29 30 34 35 9 13 16 17 18 
#c 4 3 3 3 4 4 3 3 4 0 1 2 2 0 4 4 0 0 0 4 4 1 3 4 1 2 3 4 4 4 4 2 2 3 4 4 3 3 3 
#946633(div: 0) 1159292(div: 1) 1152229(div: 2) 1169952(div: 3) 1137153(div: 4) 
5 11 9 13 16 17 18 1 2 3 6 7 22 26 33 36 37 38 
#c 4 3 3 3 4 4 3 3 4 0 1 2 2 0 4 4 0 0 0 4 4 1 3 4 1 2 3 4 4 4 4 2 2 3 4 4 3 3 3 
#946633(div: 0) 1159292(div: 1) 1152229(div: 2) 1169952(div: 3) 1137153(div: 4) 
3 11 10 21 24 1 2 3 6 7 22 26 33 36 37 38 
#c 4 3 3 3 4 4 3 3 4 0 1 2 2 0 4 4 0 0 0 4 4 1 3 4 1 2 3 4 4 4 4 2 2 3 4 4 3 3 3 
#946633(div: 0) 1159292(div: 1) 1152229(div: 2) 1169952(div: 3) 1137153(div: 4) 
1 1 22 33 
#c 4 3 3 3 4 4 3 3 4 0 1 2 2 0 4 4 0 0 0 4 4 1 3 4 1 2 3 4 4 4 4 2 2 3 4 4 3 3 3 
#946633(div: 0) 1159292(div: 1) 1152229(div: 2) 1169952(div: 3) 1137153(div: 4) 
1 1 2 22 
#c 4 3 3 3 4 4 3 3 4 0 1 2 2 0 4 4 0 0 0 4 4 1 3 4 1 2 3 4 4 4 4 2 2 3 4 4 3 3 3 
#946633(div: 0) 1159292(div: 1) 1152229(div: 2) 1169952(div: 3) 1137153(div: 4) 
1 1 2 38 
#c 4 3 0 3 4 4 3 3 4 0 1 2 2 0 4 4 0 0 0 4 4 1 3 4 1 2 3 4 4 4 4 2 2 3 4 4 3 3 3 
#955817(div: 0) 1159292(div: 1) 1152229(div: 2) 1160768(div: 3) 1137153(div: 4) 
10 6 1 3 6 7 22 26 33 36 37 38 2 9 13 16 17 18 
#c 4 3 0 3 4 4 3 3 4 0 1 2 2 0 4 4 0 0 0 4 4 1 3 4 1 2 3 4 4 4 4 2 2 3 4 4 3 3 3 
#955817(div: 0) 1159292(div: 1) 1152229(div: 2) 1160768(div: 3) 1137153(div: 4) 
1 1 1 6 
#c 4 3 0 3 4 4 3 3 4 0 1 2 2 0 4 4 0 0 0 4 4 1 3 4 1 2 3 4 4 4 4 2 2 3 4 4 3 3 3 
#955817(div: 0) 1159292(div: 1) 1152229(div: 2) 1160768(div: 3) 1137153(div: 4) 
1 1 6 22 
#c 4 3 0 3 4 4 3 3 4 0 1 2 2 0 4 4 0 0 0 4 4 1 3 4 1 2 3 4 4 4 4 2 2 3 4 4 3 3 3 
#955817(div: 0) 1159292(div: 1) 1152229(div: 2) 1160768(div: 3) 1137153(div: 4) 
1 1 6 36 
#c 4 3 0 3 4 4 0 3 4 0 1 2 2 0 4 4 0 0 0 4 4 1 3 4 1 2 3 4 4 4 4 2 2 3 4 4 3 3 3 
#977501(div: 0) 1159292(div: 1) 1152229(div: 2) 1139084(div: 3) 1137153(div: 4) 
15 5 0 4 5 8 14 15 19 20 23 27 28 29 30 34 35 11 12 25 31 32 
#c 4 3 0 3 4 4 0 3 4 0 1 2 2 0 4 4 0 0 0 4 4 1 3 4 1 2 3 4 4 4 4 2 2 3 4 4 3 3 3 
#977501(div: 0) 1159292(div: 1) 1152229(div: 2) 1139084(div: 3) 1137153(div: 4) 
15 9 0 4 5 8 14 15 19 20 23 27 28 29 30 34 35 1 3 7 22 26 33 36 37 38 
#c 4 3 0 3 4 4 0 3 4 0 1 2 2 0 4 4 0 0 0 4 4 1 3 4 1 2 3 4 4 4 4 2 2 3 4 4 3 3 3 
#977501(div: 0) 1159292(div: 1) 1152229(div: 2) 1139084(div: 3) 1137153(div: 4) 
5 9 11 12 25 31 32 1 3 7 22 26 33 36 37 38 
#c 4 3 0 3 4 4 0 3 4 0 1 2 2 0 4 4 0 0 0 4 4 1 3 4 1 2 3 4 4 4 4 2 2 3 4 4 3 3 3 
#977501(div: 0) 1159292(div: 1) 1152229(div: 2) 1139084(div: 3) 1137153(div: 4) 
15 7 0 4 5 8 14 15 19 20 23 27 28 29 30 34 35 2 6 9 13 16 17 18 
#c 4 3 0 3 4 4 0 3 4 0 1 2 2 0 4 4 0 0 0 4 4 1 3 4 1 2 3 4 4 4 4 2 2 3 4 4 3 3 3 
#977501(div: 0) 1159292(div: 1) 1152229(div: 2) 1139084(div: 3) 1137153(div: 4) 
1 1 12 31 
#c 4 3 0 3 4 4 0 3 4 0 1 2 2 0 4 4 0 0 0 4 4 1 3 4 1 2 3 4 4 4 4 2 2 3 4 4 3 3 3 
#977501(div: 0) 1159292(div: 1) 1152229(div: 2) 1139084(div: 3) 1137153(div: 4) 
1 1 11 12 
#c 4 3 0 3 4 4 0 3 4 0 1 2 2 0 4 4 0 0 0 4 4 1 3 4 1 2 3 4 4 4 4 2 2 3 4 4 3 3 3 
#977501(div: 0) 1159292(div: 1) 1152229(div: 2) 1139084(div: 3) 1137153(div: 4) 
1 1 11 25 
#c 4 3 0 3 4 4 0 3 4 0 1 0 2 0 4 4 0 0 0 4 4 1 3 4 1 2 3 4 4 4 4 2 2 3 4 4 3 3 3 
#1005015(div: 0) 1159292(div: 1) 1124715(div: 2) 1139084(div: 3) 1137153(div: 4) 
4 8 12 25 31 32 2 6 9 11 13 16 17 18 
#c 4 3 0 3 4 4 0 3 4 0 1 0 2 0 4 4 0 0 0 4 4 1 3 4 1 2 3 4 4 4 4 2 2 3 4 4 3 3 3 
#1005015(div: 0) 1159292(div: 1) 1124715(div: 2) 1139084(div: 3) 1137153(div: 4) 
1 1 31 32 
#c 4 3 0 3 4 4 0 3 4 0 1 0 2 0 4 4 0 0 0 4 4 1 3 4 1 2 3 4 4 4 4 2 2 3 4 4 3 3 3 
#1005015(div: 0) 1159292(div: 1) 1124715(div: 2) 1139084(div: 3) 1137153(div: 4) 
1 1 12 32 
#c 4 3 0 3 4 4 0 3 4 0 1 0 2 0 4 4 0 0 0 4 4 1 3 4 1 2 3 4 4 4 4 2 2 3 4 4 3 3 3 
#1005015(div: 0) 1159292(div: 1) 1124715(div: 2) 1139084(div: 3) 1137153(div: 4) 
1 1 12 25 
#c 4 3 0 3 4 4 0 3 4 0 1 0 0 0 4 4 0 0 0 4 4 1 3 4 1 2 3 4 4 4 4 2 2 3 4 4 3 3 3 
#1046079(div: 0) 1159292(div: 1) 1083651(div: 2) 1139084(div: 3) 1137153(div: 4) 
3 9 10 21 24 1 3 7 22 26 33 36 37 38 
#c 4 3 0 3 4 4 0 3 4 0 1 0 0 0 4 4 0 0 0 4 4 1 3 4 1 2 3 4 4 4 4 2 2 3 4 4 3 3 3 
#1046079(div: 0) 1159292(div: 1) 1083651(div: 2) 1139084(div: 3) 1137153(div: 4) 
9 3 1 3 7 22 26 33 36 37 38 25 31 32 
#c 4 3 0 3 4 4 0 3 4 0 1 0 0 0 4 4 0 0 0 4 4 1 3 4 1 2 3 4 4 4 4 2 2 3 4 4 3 3 3 
#1046079(div: 0) 1159292(div: 1) 1083651(div: 2) 1139084(div: 3) 1137153(div: 4) 
3 9 25 31 32 2 6 9 11 12 13 16 17 18 
#c 4 3 0 3 4 4 0 3 4 0 1 0 0 0 4 4 0 0 0 4 4 1 3 4 1 2 3 4 4 4 4 2 2 3 4 4 3 3 3 
#1046079(div: 0) 1159292(div: 1) 1083651(div: 2) 1139084(div: 3) 1137153(div: 4) 
1 1 10 24 
#c 4 3 0 3 4 4 0 3 4 0 1 0 0 0 4 4 0 0 0 4 4 1 3 4 1 2 3 4 4 4 4 2 2 3 4 4 3 3 3 
#1046079(div: 0) 1159292(div: 1) 1083651(div: 2) 1139084(div: 3) 1137153(div: 4) 
1 1 10 21 
#c 4 3 0 3 4 4 0 3 4 0 0 0 0 0 4 4 0 0 0 4 4 1 3 4 1 2 3 4 4 4 4 2 2 3 4 4 3 3 3 
#1226681(div: 0) 978690(div: 1) 1083651(div: 2) 1139084(div: 3) 1137153(div: 4) 
2 10 21 24 2 6 9 10 11 12 13 16 17 18 
#c 4 3 0 3 4 4 0 3 4 0 0 0 0 0 4 4 0 0 0 4 4 1 3 4 1 2 3 4 4 4 4 2 2 3 4 4 3 3 3 
#1226681(div: 0) 978690(div: 1) 1083651(div: 2) 1139084(div: 3) 1137153(div: 4) 
15 3 0 4 5 8 14 15 19 20 23 27 28 29 30 34 35 25 31 32 
#c 4 3 0 3 4 4 0 3 4 0 0 0 0 0 4 4 0 0 0 4 4 1 3 4 1 2 3 4 4 4 4 2 2 3 4 4 3 3 3 
#1226681(div: 0) 978690(div: 1) 1083651(div: 2) 1139084(div: 3) 1137153(div: 4) 
3 10 25 31 32 2 6 9 10 11 12 13 16 17 18 
#c 4 3 0 3 4 4 0 3 4 0 0 0 0 0 4 4 0 0 0 4 4 1 3 4 1 2 3 4 4 4 4 2 2 3 4 4 3 3 3 
#1226681(div: 0) 978690(div: 1) 1083651(div: 2) 1139084(div: 3) 1137153(div: 4) 
15 10 0 4 5 8 14 15 19 20 23 27 28 29 30 34 35 2 6 9 10 11 12 13 16 17 18 
#c 4 3 0 3 4 4 0 3 4 0 0 0 0 0 4 4 0 0 0 4 4 1 3 4 1 2 3 4 4 4 4 2 2 3 4 4 3 3 3 
#1226681(div: 0) 978690(div: 1) 1083651(div: 2) 1139084(div: 3) 1137153(div: 4) 
3 9 25 31 32 1 3 7 22 26 33 36 37 38 
#c 4 3 0 3 4 4 0 3 4 0 0 0 0 0 4 4 0 0 0 4 4 1 3 4 1 2 3 4 4 4 4 2 2 3 4 4 3 3 3 
#1226681(div: 0) 978690(div: 1) 1083651(div: 2) 1139084(div: 3) 1137153(div: 4) 
10 9 2 6 9 10 11 12 13 16 17 18 1 3 7 22 26 33 36 37 38 
#c 4 3 0 3 4 4 0 3 4 0 0 0 0 0 4 4 0 0 0 4 4 1 3 4 1 2 3 4 4 4 4 2 2 3 4 4 3 3 3 
#1226681(div: 0) 978690(div: 1) 1083651(div: 2) 1139084(div: 3) 1137153(div: 4) 
1 1 6 18 
#c 4 3 0 3 4 4 0 3 4 0 0 0 0 0 4 4 0 0 0 4 4 1 3 4 1 2 3 4 4 4 4 2 2 3 4 4 3 3 3 
#1226681(div: 0) 978690(div: 1) 1083651(div: 2) 1139084(div: 3) 1137153(div: 4) 
1 1 2 6 
#c 4 3 0 3 4 4 0 3 4 0 0 0 0 0 4 4 0 0 0 4 4 1 3 4 1 2 3 4 4 4 4 2 2 3 4 4 3 3 3 
#1226681(div: 0) 978690(div: 1) 1083651(div: 2) 1139084(div: 3) 1137153(div: 4) 
1 1 2 12 
#c 4 3 2 3 4 4 0 3 4 0 0 0 0 0 4 4 0 0 0 4 4 1 3 4 1 2 3 4 4 4 4 2 2 3 4 4 3 3 3 
#1217497(div: 0) 978690(div: 1) 1092835(div: 2) 1139084(div: 3) 1137153(div: 4) 
9 4 6 9 10 11 12 13 16 17 18 2 25 31 32 
#c 4 3 2 3 4 4 0 3 4 0 0 0 0 0 4 4 0 0 0 4 4 1 3 4 1 2 3 4 4 4 4 2 2 3 4 4 3 3 3 
#1217497(div: 0) 978690(div: 1) 1092835(div: 2) 1139084(div: 3) 1137153(div: 4) 
1 1 9 18 
#c 4 3 2 3 4 4 0 3 4 0 0 0 0 0 4 4 0 0 0 4 4 1 3 4 1 2 3 4 4 4 4 2 2 3 4 4 3 3 3 
#1217497(div: 0) 978690(div: 1) 1092835(div: 2) 1139084(div: 3) 1137153(div: 4) 
1 1 10 18 
#c 4 3 2 3 4 4 0 3 4 0 0 0 0 0 4 4 0 0 0 4 4 1 3 4 1 2 3 4 4 4 4 2 2 3 4 4 3 3 3 
#1217497(div: 0) 978690(div: 1) 1092835(div: 2) 1139084(div: 3) 1137153(div: 4) 
1 1 13 18 
#c 4 3 2 3 4 4 0 3 4 0 0 0 0 0 4 4 0 0 2 4 4 1 3 4 1 2 3 4 4 4 4 2 2 3 4 4 3 3 3 
#1185640(div: 0) 978690(div: 1) 1124692(div: 2) 1139084(div: 3) 1137153(div: 4) 
2 9 21 24 1 3 7 22 26 33 36 37 38 
#c 4 3 2 3 4 4 0 3 4 0 0 0 0 0 4 4 0 0 2 4 4 1 3 4 1 2 3 4 4 4 4 2 2 3 4 4 3 3 3 
#1185640(div: 0) 978690(div: 1) 1124692(div: 2) 1139084(div: 3) 1137153(div: 4) 
2 5 21 24 2 18 25 31 32 
#c 4 3 2 3 4 4 0 3 4 0 0 0 0 0 4 4 0 0 2 4 4 1 3 4 1 2 3 4 4 4 4 2 2 3 4 4 3 3 3 
#1185640(div: 0) 978690(div: 1) 1124692(div: 2) 1139084(div: 3) 1137153(div: 4) 
9 5 1 3 7 22 26 33 36 37 38 2 18 25 31 32 
#c 4 3 2 3 4 4 0 3 4 0 0 0 0 0 4 4 0 0 2 4 4 1 3 4 1 2 3 4 4 4 4 2 2 3 4 4 3 3 3 
#1185640(div: 0) 978690(div: 1) 1124692(div: 2) 1139084(div: 3) 1137153(div: 4) 
2 15 21 24 0 4 5 8 14 15 19 20 23 27 28 29 30 34 35 
#c 4 3 2 3 4 4 0 3 4 0 0 0 0 0 4 4 0 0 2 4 4 1 3 4 1 2 3 4 4 4 4 2 2 3 4 4 3 3 3 
#1185640(div: 0) 978690(div: 1) 1124692(div: 2) 1139084(div: 3) 1137153(div: 4) 
9 15 1 3 7 22 26 33 36 37 38 0 4 5 8 14 15 19 20 23 27 28 29 30 34 35 
#c 4 3 2 3 4 4 0 3 4 0 0 0 0 0 4 4 0 0 2 4 4 1 3 4 1 2 3 4 4 4 4 2 2 3 4 4 3 3 3 
#1185640(div: 0) 978690(div: 1) 1124692(div: 2) 1139084(div: 3) 1137153(div: 4) 
1 1 3 37 
#c 4 3 2 3 4 4 0 3 4 0 0 0 0 0 4 4 0 0 2 4 4 1 3 4 1 2 3 4 4 4 4 2 2 3 4 4 3 3 3 
#1185640(div: 0) 978690(div: 1) 1124692(div: 2) 1139084(div: 3) 1137153(div: 4) 
1 1 7 37 
#c 4 3 2 3 4 4 0 3 4 0 0 0 0 0 4 4 0 0 2 4 4 1 3 4 1 2 3 4 4 4 4 2 2 3 4 4 3 3 3 
#1185640(div: 0) 978690(div: 1) 1124692(div: 2) 1139084(div: 3) 1137153(div: 4) 
1 1 22 37 
#c 4 3 2 3 4 4 0 3 4 0 0 0 0 0 4 4 0 0 2 4 4 1 3 4 1 2 3 4 4 4 4 2 2 3 4 4 3 1 3 
#1185640(div: 0) 1002062(div: 1) 1124692(div: 2) 1115712(div: 3) 1137153(div: 4) 
8 3 1 3 7 22 26 33 36 38 21 24 37 
#c 4 3 2 3 4 4 0 3 4 0 0 0 0 0 4 4 0 0 2 4 4 1 3 4 1 2 3 4 4 4 4 2 2 3 4 4 3 1 3 
#1185640(div: 0) 1002062(div: 1) 1124692(div: 2) 1115712(div: 3) 1137153(div: 4) 
1 1 1 26 
#c 4 3 2 3 4 4 0 3 4 0 0 0 0 0 4 4 0 0 2 4 4 1 3 4 1 2 3 4 4 4 4 2 2 3 4 4 3 1 3 
#1185640(div: 0) 1002062(div: 1) 1124692(div: 2) 1115712(div: 3) 1137153(div: 4) 
1 1 1 33 
#c 4 3 2 3 4 4 0 3 4 0 0 0 0 0 4 4 0 0 2 4 4 1 3 4 1 2 3 4 4 4 4 2 2 3 4 4 3 1 3 
#1185640(div: 0) 1002062(div: 1) 1124692(div: 2) 1115712(div: 3) 1137153(div: 4) 
1 1 1 7 
#c 4 1 2 3 4 4 0 3 4 0 0 0 0 0 4 4 0 0 2 4 4 1 3 4 1 2 3 4 4 4 4 2 2 3 4 4 3 1 3 
#1185640(div: 0) 1119804(div: 1) 1124692(div: 2) 997970(div: 3) 1137153(div: 4) 
15 8 0 4 5 8 14 15 19 20 23 27 28 29 30 34 35 6 9 10 11 12 13 16 17 
#c 4 1 2 3 4 4 0 3 4 0 0 0 0 0 4 4 0 0 2 4 4 1 3 4 1 2 3 4 4 4 4 2 2 3 4 4 3 1 3 
#1185640(div: 0) 1119804(div: 1) 1124692(div: 2) 997970(div: 3) 1137153(div: 4) 
15 7 0 4 5 8 14 15 19 20 23 27 28 29 30 34 35 3 7 22 26 33 36 38 
#c 4 1 2 3 4 4 0 3 4 0 0 0 0 0 4 4 0 0 2 4 4 1 3 4 1 2 3 4 4 4 4 2 2 3 4 4 3 1 3 
#1185640(div: 0) 1119804(div: 1) 1124692(div: 2) 997970(div: 3) 1137153(div: 4) 
7 4 3 7 22 26 33 36 38 1 21 24 37 
#c 4 1 2 3 4 4 0 3 4 0 0 0 0 0 4 4 0 0 2 4 4 1 3 4 1 2 3 4 4 4 4 2 2 3 4 4 3 1 3 
#1185640(div: 0) 1119804(div: 1) 1124692(div: 2) 997970(div: 3) 1137153(div: 4) 
8 4 6 9 10 11 12 13 16 17 1 21 24 37 
#c 4 1 2 3 4 4 0 3 4 0 0 0 0 0 4 4 0 0 2 4 4 1 3 4 1 2 3 4 4 4 4 2 2 3 4 4 3 1 3 
#1185640(div: 0) 1119804(div: 1) 1124692(div: 2) 997970(div: 3) 1137153(div: 4) 
1 1 11 16 
#c 4 1 2 3 4 4 0 3 4 0 0 0 0 0 4 4 0 0 2 4 4 1 3 4 1 2 3 4 4 4 4 2 2 3 4 4 3 1 3 
#1185640(div: 0) 1119804(div: 1) 1124692(div: 2) 997970(div: 3) 1137153(div: 4) 
1 1 11 17 
#c 4 1 2 3 4 4 0 3 4 0 0 0 0 0 4 4 0 0 2 4 4 1 3 4 1 2 3 4 4 4 4 2 2 3 4 4 3 1 3 
#1185640(div: 0) 1119804(div: 1) 1124692(div: 2) 997970(div: 3) 1137153(div: 4) 
1 1 10 17 
#c 4 1 2 3 4 4 0 3 4 0 0 0 0 0 4 4 0 3 2 4 4 1 3 4 1 2 3 4 4 4 4 2 2 3 4 4 3 1 3 
#1164839(div: 0) 1119804(div: 1) 1124692(div: 2) 1018771(div: 3) 1137153(div: 4) 
7 8 6 9 10 11 12 13 16 3 7 17 22 26 33 36 38 
#c 4 1 2 3 4 4 0 3 4 0 0 0 0 0 4 4 0 3 2 4 4 1 3 4 1 2 3 4 4 4 4 2 2 3 4 4 3 1 3 
#1164839(div: 0) 1119804(div: 1) 1124692(div: 2) 1018771(div: 3) 1137153(div: 4) 
1 1 12 16 
#c 4 1 2 3 4 4 0 3 4 0 0 0 0 0 4 4 0 3 2 4 4 1 3 4 1 2 3 4 4 4 4 2 2 3 4 4 3 1 3 
#1164839(div: 0) 1119804(div: 1) 1124692(div: 2) 1018771(div: 3) 1137153(div: 4) 
1 1 12 13 
#c 4 1 2 3 4 4 0 3 4 0 0 0 0 0 4 4 0 3 2 4 4 1 3 4 1 2 3 4 4 4 4 2 2 3 4 4 3 1 3 
#1164839(div: 0) 1119804(div: 1) 1124692(div: 2) 1018771(div: 3) 1137153(div: 4) 
1 1 9 12 
#c 4 1 2 3 4 4 0 3 4 0 0 0 3 0 4 4 0 3 2 4 4 1 3 4 1 2 3 4 4 4 4 2 2 3 4 4 3 1 3 
#1123775(div: 0) 1119804(div: 1) 1124692(div: 2) 1059835(div: 3) 1137153(div: 4) 
15 4 0 4 5 8 14 15 19 20 23 27 28 29 30 34 35 1 21 24 37 
#c 4 1 2 3 4 4 0 3 4 0 0 0 3 0 4 4 0 3 2 4 4 1 3 4 1 2 3 4 4 4 4 2 2 3 4 4 3 1 3 
#1123775(div: 0) 1119804(div: 1) 1124692(div: 2) 1059835(div: 3) 1137153(div: 4) 
4 6 1 21 24 37 6 9 10 11 13 16 
#c 4 1 2 3 4 4 0 3 4 0 0 0 3 0 4 4 0 3 2 4 4 1 3 4 1 2 3 4 4 4 4 2 2 3 4 4 3 1 3 
#1123775(div: 0) 1119804(div: 1) 1124692(div: 2) 1059835(div: 3) 1137153(div: 4) 
15 6 0 4 5 8 14 15 19 20 23 27 28 29 30 34 35 6 9 10 11 13 16 
#c 4 1 2 3 4 4 0 3 4 0 0 0 3 0 4 4 0 3 2 4 4 1 3 4 1 2 3 4 4 4 4 2 2 3 4 4 3 1 3 
#1123775(div: 0) 1119804(div: 1) 1124692(div: 2) 1059835(div: 3) 1137153(div: 4) 
4 9 1 21 24 37 3 7 12 17 22 26 33 36 38 
#c 4 1 2 3 4 4 0 3 4 0 0 0 3 0 4 4 0 3 2 4 4 1 3 4 1 2 3 4 4 4 4 2 2 3 4 4 3 1 3 
#1123775(div: 0) 1119804(div: 1) 1124692(div: 2) 1059835(div: 3) 1137153(div: 4) 
1 1 4 35 
#c 4 1 2 3 4 4 0 3 4 0 0 0 3 0 4 4 0 3 2 4 4 1 3 4 1 2 3 4 4 4 4 2 2 3 4 4 3 1 3 
#1123775(div: 0) 1119804(div: 1) 1124692(div: 2) 1059835(div: 3) 1137153(div: 4) 
1 1 4 27 
#c 4 1 2 3 4 4 0 3 4 0 0 0 3 0 4 4 0 3 2 4 4 1 3 4 1 2 3 4 4 4 4 2 2 3 4 4 3 1 3 
#1123775(div: 0) 1119804(div: 1) 1124692(div: 2) 1059835(div: 3) 1137153(div: 4) 
1 1 0 4 
#c 4 1 2 3 3 4 0 3 4 0 0 0 3 0 4 4 0 3 2 4 4 1 3 4 1 2 3 4 4 4 4 2 2 3 4 4 3 1 3 
#1123775(div: 0) 1119804(div: 1) 1124692(div: 2) 1163280(div: 3) 1033708(div: 4) 
14 10 0 5 8 14 15 19 20 23 27 28 29 30 34 35 3 4 7 12 17 22 26 33 36 38 
#c 4 1 2 3 3 4 0 3 4 0 0 0 3 0 4 4 0 3 2 4 4 1 3 4 1 2 3 4 4 4 4 2 2 3 4 4 3 1 3 
#1123775(div: 0) 1119804(div: 1) 1124692(div: 2) 1163280(div: 3) 1033708(div: 4) 
14 10 0 5 8 14 15 19 20 23 27 28 29 30 34 35 3 4 7 12 17 22 26 33 36 38 
#c 4 1 2 3 3 4 0 3 4 0 0 0 3 0 4 4 0 3 2 4 4 1 3 4 1 2 3 4 4 4 4 2 2 3 4 4 3 1 3 
#1123775(div: 0) 1119804(div: 1) 1124692(div: 2) 1163280(div: 3) 1033708(div: 4) 
14 5 0 5 8 14 15 19 20 23 27 28 29 30 34 35 2 18 25 31 32 
#c 4 1 2 3 3 4 0 3 4 0 0 0 3 0 4 4 0 3 2 4 4 1 3 4 1 2 3 4 4 4 4 2 2 3 4 4 3 1 3 
#1123775(div: 0) 1119804(div: 1) 1124692(div: 2) 1163280(div: 3) 1033708(div: 4) 
10 5 3 4 7 12 17 22 26 33 36 38 2 18 25 31 32 
#c 4 1 2 3 3 4 0 3 4 0 0 0 3 0 4 4 0 3 2 4 4 1 3 4 1 2 3 4 4 4 4 2 2 3 4 4 3 1 3 
#1123775(div: 0) 1119804(div: 1) 1124692(div: 2) 1163280(div: 3) 1033708(div: 4) 
14 4 0 5 8 14 15 19 20 23 27 28 29 30 34 35 1 21 24 37 
#c 4 1 2 3 3 4 0 3 4 0 0 0 3 0 4 4 0 3 2 4 4 1 3 4 1 2 3 4 4 4 4 2 2 3 4 4 3 1 3 
#1123775(div: 0) 1119804(div: 1) 1124692(div: 2) 1163280(div: 3) 1033708(div: 4) 
10 4 3 4 7 12 17 22 26 33 36 38 1 21 24 37 
#c 4 1 2 3 3 4 0 3 4 0 0 0 3 0 4 4 0 3 2 4 4 1 3 4 1 2 3 4 4 4 4 2 2 3 4 4 3 1 3 
#1123775(div: 0) 1119804(div: 1) 1124692(div: 2) 1163280(div: 3) 1033708(div: 4) 
1 1 3 33 
#c 4 1 2 3 3 4 0 3 4 0 0 0 3 0 4 4 0 3 2 4 4 1 3 4 1 2 3 4 4 4 4 2 2 3 4 4 3 1 3 
#1123775(div: 0) 1119804(div: 1) 1124692(div: 2) 1163280(div: 3) 1033708(div: 4) 
1 1 3 12 
#c 4 1 2 3 3 4 0 3 4 0 0 0 3 0 4 4 0 3 2 4 4 1 3 4 1 2 3 4 4 4 4 2 2 3 4 4 3 1 3 
#1123775(div: 0) 1119804(div: 1) 1124692(div: 2) 1163280(div: 3) 1033708(div: 4) 
1 1 4 12 
#c 4 1 2 3 3 4 0 3 4 0 0 0 4 0 4 4 0 3 2 4 4 1 3 4 1 2 3 4 4 4 4 2 2 3 4 4 3 1 3 
#1123775(div: 0) 1119804(div: 1) 1124692(div: 2) 1122216(div: 3) 1074772(div: 4) 
9 15 3 4 7 17 22 26 33 36 38 0 5 8 12 14 15 19 20 23 27 28 29 30 34 35 
#c 4 1 2 3 3 4 0 3 4 0 0 0 4 0 4 4 0 3 2 4 4 1 3 4 1 2 3 4 4 4 4 2 2 3 4 4 3 1 3 
#1123775(div: 0) 1119804(div: 1) 1124692(div: 2) 1122216(div: 3) 1074772(div: 4) 
1 1 17 26 
#c 4 1 2 3 3 4 0 3 4 0 0 0 4 0 4 4 0 3 2 4 4 1 3 4 1 2 3 4 4 4 4 2 2 3 4 4 3 1 3 
#1123775(div: 0) 1119804(div: 1) 1124692(div: 2) 1122216(div: 3) 1074772(div: 4) 
1 1 3 17 
#c 4 1 2 3 3 4 0 3 4 0 0 0 4 0 4 4 0 3 2 4 4 1 3 4 1 2 3 4 4 4 4 2 2 3 4 4 3 1 3 
#1123775(div: 0) 1119804(div: 1) 1124692(div: 2) 1122216(div: 3) 1074772(div: 4) 
1 1 4 17 
#c 4 1 2 3 3 4 0 3 4 0 0 0 4 0 4 4 0 4 2 4 4 1 3 4 1 2 3 4 4 4 4 2 2 3 4 4 3 1 3 
#1123775(div: 0) 1119804(div: 1) 1124692(div: 2) 1101415(div: 3) 1095573(div: 4) 
6 5 6 9 10 11 13 16 2 18 25 31 32 
#c 4 1 2 3 3 4 0 3 4 0 0 0 4 0 4 4 0 4 2 4 4 1 3 4 1 2 3 4 4 4 4 2 2 3 4 4 3 1 3 
#1123775(div: 0) 1119804(div: 1) 1124692(div: 2) 1101415(div: 3) 1095573(div: 4) 
6 4 6 9 10 11 13 16 1 21 24 37 
#c 4 1 2 3 3 4 0 3 4 0 0 0 4 0 4 4 0 4 2 4 4 1 3 4 1 2 3 4 4 4 4 2 2 3 4 4 3 1 3 
#1123775(div: 0) 1119804(div: 1) 1124692(div: 2) 1101415(div: 3) 1095573(div: 4) 
4 8 1 21 24 37 3 4 7 22 26 33 36 38 
#c 4 1 2 3 3 4 0 3 4 0 0 0 4 0 4 4 0 4 2 4 4 1 3 4 1 2 3 4 4 4 4 2 2 3 4 4 3 1 3 
#1123775(div: 0) 1119804(div: 1) 1124692(div: 2) 1101415(div: 3) 1095573(div: 4) 
1 1 2 32 
#c 4 1 2 3 3 4 0 3 4 0 0 0 4 0 4 4 0 4 2 4 4 1 3 4 1 2 3 4 4 4 4 2 2 3 4 4 3 1 3 
#1123775(div: 0) 1119804(div: 1) 1124692(div: 2) 1101415(div: 3) 1095573(div: 4) 
1 1 2 18 
#c 4 1 2 3 3 4 0 3 4 0 0 0 4 0 4 4 0 4 2 4 4 1 3 4 1 2 3 4 4 4 4 2 2 3 4 4 3 1 3 
#1123775(div: 0) 1119804(div: 1) 1124692(div: 2) 1101415(div: 3) 1095573(div: 4) 
1 1 2 25 
#c 4 1 3 3 3 4 0 3 4 0 0 0 4 0 4 4 0 4 2 4 4 1 3 4 1 2 3 4 4 4 4 2 2 3 4 4 3 1 3 
#1123775(div: 0) 1119804(div: 1) 1115508(div: 2) 1110599(div: 3) 1095573(div: 4) 
4 9 18 25 31 32 2 3 4 7 22 26 33 36 38 
#c 4 1 3 3 3 4 0 3 4 0 0 0 4 0 4 4 0 4 2 4 4 1 3 4 1 2 3 4 4 4 4 2 2 3 4 4 3 1 3 
#1123775(div: 0) 1119804(div: 1) 1115508(div: 2) 1110599(div: 3) 1095573(div: 4) 
1 1 31 32 
#c 4 1 3 3 3 4 0 3 4 0 0 0 4 0 4 4 0 4 2 4 4 1 3 4 1 2 3 4 4 4 4 2 2 3 4 4 3 1 3 
#1123775(div: 0) 1119804(div: 1) 1115508(div: 2) 1110599(div: 3) 1095573(div: 4) 
1 1 18 32 
#c 4 1 3 3 3 4 0 3 4 0 0 0 4 0 4 4 0 4 2 4 4 1 3 4 1 2 3 4 4 4 4 2 2 3 4 4 3 1 3 
#1123775(div: 0) 1119804(div: 1) 1115508(div: 2) 1110599(div: 3) 1095573(div: 4) 
1 1 18 25 
#c 4 1 3 3 3 4 0 3 4 0 0 0 4 0 4 4 0 4 3 4 4 1 3 4 1 2 3 4 4 4 4 2 2 3 4 4 3 1 3 
#1123775(div: 0) 1119804(div: 1) 1083651(div: 2) 1142456(div: 3) 1095573(div: 4) 
16 6 0 5 8 12 14 15 17 19 20 23 27 28 29 30 34 35 6 9 10 11 13 16 
#c 4 1 3 3 3 4 0 3 4 0 0 0 4 0 4 4 0 4 3 4 4 1 3 4 1 2 3 4 4 4 4 2 2 3 4 4 3 1 3 
#1123775(div: 0) 1119804(div: 1) 1083651(div: 2) 1142456(div: 3) 1095573(div: 4) 
16 10 0 5 8 12 14 15 17 19 20 23 27 28 29 30 34 35 2 3 4 7 18 22 26 33 36 38 
#c 4 1 3 3 3 4 0 3 4 0 0 0 4 0 4 4 0 4 3 4 4 1 3 4 1 2 3 4 4 4 4 2 2 3 4 4 3 1 3 
#1123775(div: 0) 1119804(div: 1) 1083651(div: 2) 1142456(div: 3) 1095573(div: 4) 
6 10 6 9 10 11 13 16 2 3 4 7 18 22 26 33 36 38 
#c 4 1 3 3 3 4 0 3 4 0 0 0 4 0 4 4 0 4 3 4 4 1 3 4 1 2 3 4 4 4 4 2 2 3 4 4 3 1 3 
#1123775(div: 0) 1119804(div: 1) 1083651(div: 2) 1142456(div: 3) 1095573(div: 4) 
16 3 0 5 8 12 14 15 17 19 20 23 27 28 29 30 34 35 25 31 32 
#c 4 1 3 3 3 4 0 3 4 0 0 0 4 0 4 4 0 4 3 4 4 1 3 4 1 2 3 4 4 4 4 2 2 3 4 4 3 1 3 
#1123775(div: 0) 1119804(div: 1) 1083651(div: 2) 1142456(div: 3) 1095573(div: 4) 
1 1 22 38 
#c 4 1 3 3 3 4 0 3 4 0 0 0 4 0 4 4 0 4 3 4 4 1 3 4 1 2 3 4 4 4 4 2 2 3 4 4 3 1 3 
#1123775(div: 0) 1119804(div: 1) 1083651(div: 2) 1142456(div: 3) 1095573(div: 4) 
1 1 18 22 
#c 4 1 3 3 3 4 0 3 4 0 0 0 4 0 4 4 0 4 3 4 4 1 3 4 1 2 3 4 4 4 4 2 2 3 4 4 3 1 3 
#1123775(div: 0) 1119804(div: 1) 1083651(div: 2) 1142456(div: 3) 1095573(div: 4) 
1 1 4 18 
#c 4 1 3 3 3 4 0 3 4 0 0 0 4 0 4 4 0 4 2 4 4 1 3 4 1 2 3 4 4 4 4 2 2 3 4 4 3 1 3 
#1123775(div: 0) 1119804(div: 1) 1115508(div: 2) 1110599(div: 3) 1095573(div: 4) 
9 4 2 3 4 7 22 26 33 36 38 18 25 31 32 
#c 4 1 3 3 3 4 0 3 4 0 0 0 4 0 4 4 0 4 2 4 4 1 3 4 1 2 3 4 4 4 4 2 2 3 4 4 3 1 3 
#1123775(div: 0) 1119804(div: 1) 1115508(div: 2) 1110599(div: 3) 1095573(div: 4) 
4 16 1 21 24 37 0 5 8 12 14 15 17 19 20 23 27 28 29 30 34 35 
#c 4 1 3 3 3 4 0 3 4 0 0 0 4 0 4 4 0 4 2 4 4 1 3 4 1 2 3 4 4 4 4 2 2 3 4 4 3 1 3 
#1123775(div: 0) 1119804(div: 1) 1115508(div: 2) 1110599(div: 3) 1095573(div: 4) 
16 9 0 5 8 12 14 15 17 19 20 23 27 28 29 30 34 35 2 3 4 7 22 26 33 36 38 
#c 4 1 3 3 3 4 0 3 4 0 0 0 4 0 4 4 0 4 2 4 4 1 3 4 1 2 3 4 4 4 4 2 2 3 4 4 3 1 3 
#1123775(div: 0) 1119804(div: 1) 1115508(div: 2) 1110599(div: 3) 1095573(div: 4) 
4 9 1 21 24 37 2 3 4 7 22 26 33 36 38 
#c 4 1 3 3 3 4 0 3 4 0 0 0 4 0 4 4 0 4 2 4 4 1 3 4 1 2 3 4 4 4 4 2 2 3 4 4 3 1 3 
#1123775(div: 0) 1119804(div: 1) 1115508(div: 2) 1110599(div: 3) 1095573(div: 4) 
16 6 0 5 8 12 14 15 17 19 20 23 27 28 29 30 34 35 6 9 10 11 13 16 
#c 4 1 3 3 3 4 0 3 4 0 0 0 4 0 4 4 0 4 2 4 4 1 3 4 1 2 3 4 4 4 4 2 2 3 4 4 3 1 3 
#1123775(div: 0) 1119804(div: 1) 1115508(div: 2) 1110599(div: 3) 1095573(div: 4) 
4 6 1 21 24 37 6 9 10 11 13 16 
#c 4 1 3 3 3 4 0 3 4 0 0 0 4 0 4 4 0 4 2 4 4 1 3 4 1 2 3 4 4 4 4 2 2 3 4 4 3 1 3 
#1123775(div: 0) 1119804(div: 1) 1115508(div: 2) 1110599(div: 3) 1095573(div: 4) 
1 1 10 11 
#c 4 1 3 3 3 4 0 3 4 0 0 0 4 0 4 4 0 4 2 4 4 1 3 4 1 2 3 4 4 4 4 2 2 3 4 4 3 1 3 
#1123775(div: 0) 1119804(div: 1) 1115508(div: 2) 1110599(div: 3) 1095573(div: 4) 
1 1 9 11 
#c 4 1 3 3 3 4 0 3 4 0 0 0 4 0 4 4 0 4 2 4 4 1 3 4 1 2 3 4 4 4 4 2 2 3 4 4 3 1 3 
#1123775(div: 0) 1119804(div: 1) 1115508(div: 2) 1110599(div: 3) 1095573(div: 4) 
1 1 11 16 
#c 4 1 3 3 3 4 0 3 4 0 0 4 4 0 4 4 0 4 2 4 4 1 3 4 1 2 3 4 4 4 4 2 2 3 4 4 3 1 3 
#1096261(div: 0) 1119804(div: 1) 1115508(div: 2) 1110599(div: 3) 1123087(div: 4) 
5 17 6 9 10 13 16 0 5 8 11 12 14 15 17 19 20 23 27 28 29 30 34 35 
#c 4 1 3 3 3 4 0 3 4 0 0 4 4 0 4 4 0 4 2 4 4 1 3 4 1 2 3 4 4 4 4 2 2 3 4 4 3 1 3 
#1096261(div: 0) 1119804(div: 1) 1115508(div: 2) 1110599(div: 3) 1123087(div: 4) 
4 17 18 25 31 32 0 5 8 11 12 14 15 17 19 20 23 27 28 29 30 34 35 
#c 4 1 3 3 3 4 0 3 4 0 0 4 4 0 4 4 0 4 2 4 4 1 3 4 1 2 3 4 4 4 4 2 2 3 4 4 3 1 3 
#1096261(div: 0) 1119804(div: 1) 1115508(div: 2) 1110599(div: 3) 1123087(div: 4) 
4 9 18 25 31 32 2 3 4 7 22 26 33 36 38 
#c 4 1 3 3 3 4 0 3 4 0 0 4 4 0 4 4 0 4 2 4 4 1 3 4 1 2 3 4 4 4 4 2 2 3 4 4 3 1 3 
#1096261(div: 0) 1119804(div: 1) 1115508(div: 2) 1110599(div: 3) 1123087(div: 4) 
9 4 2 3 4 7 22 26 33 36 38 1 21 24 37 
#c 4 1 3 3 3 4 0 3 4 0 0 4 4 0 4 4 0 4 2 4 4 1 3 4 1 2 3 4 4 4 4 2 2 3 4 4 3 1 3 
#1096261(div: 0) 1119804(div: 1) 1115508(div: 2) 1110599(div: 3) 1123087(div: 4) 
17 4 0 5 8 11 12 14 15 17 19 20 23 27 28 29 30 34 35 1 21 24 37 
#c 4 1 3 3 3 4 0 3 4 0 0 4 4 0 4 4 0 4 2 4 4 1 3 4 1 2 3 4 4 4 4 2 2 3 4 4 3 1 3 
#1096261(div: 0) 1119804(div: 1) 1115508(div: 2) 1110599(div: 3) 1123087(div: 4) 
1 1 0 30 
#c 4 1 3 3 3 4 0 3 4 0 0 4 4 0 4 4 0 4 2 4 4 1 3 4 1 2 3 4 4 4 4 2 2 3 4 4 3 1 3 
#1096261(div: 0) 1119804(div: 1) 1115508(div: 2) 1110599(div: 3) 1123087(div: 4) 
1 1 28 30 
#c 4 1 3 3 3 4 0 3 4 0 0 4 4 0 4 4 0 4 2 4 4 1 3 4 1 2 3 4 4 4 4 2 2 3 4 4 3 1 3 
#1096261(div: 0) 1119804(div: 1) 1115508(div: 2) 1110599(div: 3) 1123087(div: 4) 
1 1 5 28 
#c 4 1 3 3 3 4 0 3 4 0 0 4 4 0 4 4 0 4 2 4 4 1 3 4 1 2 3 4 3 4 4 2 2 3 4 4 3 1 3 
#1096261(div: 0) 1119804(div: 1) 1115508(div: 2) 1122792(div: 3) 1110894(div: 4) 
16 10 0 5 8 11 12 14 15 17 19 20 23 27 29 30 34 35 2 3 4 7 22 26 28 33 36 38 
#c 4 1 3 3 3 4 0 3 4 0 0 4 4 0 4 4 0 4 2 4 4 1 3 4 1 2 3 4 3 4 4 2 2 3 4 4 3 1 3 
#1096261(div: 0) 1119804(div: 1) 1115508(div: 2) 1122792(div: 3) 1110894(div: 4) 
4 4 18 25 31 32 1 21 24 37 
#c 4 1 3 3 3 4 0 3 4 0 0 4 4 0 4 4 0 4 2 4 4 1 3 4 1 2 3 4 3 4 4 2 2 3 4 4 3 1 3 
#1096261(div: 0) 1119804(div: 1) 1115508(div: 2) 1122792(div: 3) 1110894(div: 4) 
4 10 18 25 31 32 2 3 4 7 22 26 28 33 36 38 
#c 4 1 3 3 3 4 0 3 4 0 0 4 4 0 4 4 0 4 2 4 4 1 3 4 1 2 3 4 3 4 4 2 2 3 4 4 3 1 3 
#1096261(div: 0) 1119804(div: 1) 1115508(div: 2) 1122792(div: 3) 1110894(div: 4) 
4 10 1 21 24 37 2 3 4 7 22 26 28 33 36 38 
#c 4 1 3 3 3 4 0 3 4 0 0 4 4 0 4 4 0 4 2 4 4 1 3 4 1 2 3 4 3 4 4 2 2 3 4 4 3 1 3 
#1096261(div: 0) 1119804(div: 1) 1115508(div: 2) 1122792(div: 3) 1110894(div: 4) 
4 16 18 25 31 32 0 5 8 11 12 14 15 17 19 20 23 27 29 30 34 35 
#c 4 1 3 3 3 4 0 3 4 0 0 4 4 0 4 4 0 4 2 4 4 1 3 4 1 2 3 4 3 4 4 2 2 3 4 4 3 1 3 
#1096261(div: 0) 1119804(div: 1) 1115508(div: 2) 1122792(div: 3) 1110894(div: 4) 
1 1 22 38 
#c 4 1 3 3 3 4 0 3 4 0 0 4 4 0 4 4 0 4 2 4 4 1 3 4 1 2 3 4 3 4 4 2 2 3 4 4 3 1 3 
#1096261(div: 0) 1119804(div: 1) 1115508(div: 2) 1122792(div: 3) 1110894(div: 4) 
1 1 22 28 
#c 4 1 3 3 3 4 0 3 4 0 0 4 4 0 4 4 0 4 2 4 4 1 3 4 1 2 3 4 3 4 4 2 2 3 4 4 3 1 3 
#1096261(div: 0) 1119804(div: 1) 1115508(div: 2) 1122792(div: 3) 1110894(div: 4) 
1 1 26 28 
#c 4 1 3 3 3 4 0 3 4 0 0 4 4 0 4 4 0 4 2 4 4 1 3 4 1 2 3 4 4 4 4 2 2 3 4 4 3 1 3 
#1096261(div: 0) 1119804(div: 1) 1115508(div: 2) 1110599(div: 3) 1123087(div: 4) 
9 17 2 3 4 7 22 26 33 36 38 0 5 8 11 12 14 15 17 19 20 23 27 28 29 30 34 35 
#c 4 1 3 3 3 4 0 3 4 0 0 4 4 0 4 4 0 4 2 4 4 1 3 4 1 2 3 4 4 4 4 2 2 3 4 4 3 1 3 
#1096261(div: 0) 1119804(div: 1) 1115508(div: 2) 1110599(div: 3) 1123087(div: 4) 
5 4 6 9 10 13 16 1 21 24 37 
#c 4 1 3 3 3 4 0 3 4 0 0 4 4 0 4 4 0 4 2 4 4 1 3 4 1 2 3 4 4 4 4 2 2 3 4 4 3 1 3 
#1096261(div: 0) 1119804(div: 1) 1115508(div: 2) 1110599(div: 3) 1123087(div: 4) 
5 9 6 9 10 13 16 2 3 4 7 22 26 33 36 38 
#c 4 1 3 3 3 4 0 3 4 0 0 4 4 0 4 4 0 4 2 4 4 1 3 4 1 2 3 4 4 4 4 2 2 3 4 4 3 1 3 
#1096261(div: 0) 1119804(div: 1) 1115508(div: 2) 1110599(div: 3) 1123087(div: 4) 
4 9 1 21 24 37 2 3 4 7 22 26 33 36 38 
#c 4 1 3 3 3 4 0 3 4 0 0 4 4 0 4 4 0 4 2 4 4 1 3 4 1 2 3 4 4 4 4 2 2 3 4 4 3 1 3 
#1096261(div: 0) 1119804(div: 1) 1115508(div: 2) 1110599(div: 3) 1123087(div: 4) 
5 17 6 9 10 13 16 0 5 8 11 12 14 15 17 19 20 23 27 28 29 30 34 35 
#c 4 1 3 3 3 4 0 3 4 0 0 4 4 0 4 4 0 4 2 4 4 1 3 4 1 2 3 4 4 4 4 2 2 3 4 4 3 1 3 
#1096261(div: 0) 1119804(div: 1) 1115508(div: 2) 1110599(div: 3) 1123087(div: 4) 
4 17 1 21 24 37 0 5 8 11 12 14 15 17 19 20 23 27 28 29 30 34 35 
#c 4 1 3 3 3 4 0 3 4 0 0 4 4 0 4 4 0 4 2 4 4 1 3 4 1 2 3 4 4 4 4 2 2 3 4 4 3 1 3 
#1096261(div: 0) 1119804(div: 1) 1115508(div: 2) 1110599(div: 3) 1123087(div: 4) 
1 1 12 17 
#c 4 1 3 3 3 4 0 3 4 0 0 4 4 0 4 4 0 4 2 4 4 1 3 4 1 2 3 4 4 4 4 2 2 3 4 4 3 1 3 
#1096261(div: 0) 1119804(div: 1) 1115508(div: 2) 1110599(div: 3) 1123087(div: 4) 
1 1 17 29 
#c 4 1 3 3 3 4 0 3 4 0 0 4 4 0 4 4 0 4 2 4 4 1 3 4 1 2 3 4 4 4 4 2 2 3 4 4 3 1 3 
#1096261(div: 0) 1119804(div: 1) 1115508(div: 2) 1110599(div: 3) 1123087(div: 4) 
1 1 17 34 
#c 4 1 3 3 3 4 0 3 4 0 0 4 4 0 4 4 0 0 2 4 4 1 3 4 1 2 3 4 4 4 4 2 2 3 4 4 3 1 3 
#1117062(div: 0) 1119804(div: 1) 1115508(div: 2) 1110599(div: 3) 1102286(div: 4) 
16 6 0 5 8 11 12 14 15 19 20 23 27 28 29 30 34 35 6 9 10 13 16 17 
#c 4 1 3 3 3 4 0 3 4 0 0 4 4 0 4 4 0 0 2 4 4 1 3 4 1 2 3 4 4 4 4 2 2 3 4 4 3 1 3 
#1117062(div: 0) 1119804(div: 1) 1115508(div: 2) 1110599(div: 3) 1102286(div: 4) 
4 9 18 25 31 32 2 3 4 7 22 26 33 36 38 
#c 4 1 3 3 3 4 0 3 4 0 0 4 4 0 4 4 0 0 2 4 4 1 3 4 1 2 3 4 4 4 4 2 2 3 4 4 3 1 3 
#1117062(div: 0) 1119804(div: 1) 1115508(div: 2) 1110599(div: 3) 1102286(div: 4) 
9 4 2 3 4 7 22 26 33 36 38 1 21 24 37 
#c 4 1 3 3 3 4 0 3 4 0 0 4 4 0 4 4 0 0 2 4 4 1 3 4 1 2 3 4 4 4 4 2 2 3 4 4 3 1 3 
#1117062(div: 0) 1119804(div: 1) 1115508(div: 2) 1110599(div: 3) 1102286(div: 4) 
4 4 18 25 31 32 1 21 24 37 
#c 4 1 3 3 3 4 0 3 4 0 0 4 4 0 4 4 0 0 2 4 4 1 3 4 1 2 3 4 4 4 4 2 2 3 4 4 3 1 3 
#1117062(div: 0) 1119804(div: 1) 1115508(div: 2) 1110599(div: 3) 1102286(div: 4) 
9 6 2 3 4 7 22 26 33 36 38 6 9 10 13 16 17 
#c 4 1 3 3 3 4 0 3 4 0 0 4 4 0 4 4 0 0 2 4 4 1 3 4 1 2 3 4 4 4 4 2 2 3 4 4 3 1 3 
#1117062(div: 0) 1119804(div: 1) 1115508(div: 2) 1110599(div: 3) 1102286(div: 4) 
4 6 1 21 24 37 6 9 10 13 16 17 
#c 4 1 3 3 3 4 0 3 4 0 0 4 4 0 4 4 0 0 2 4 4 1 3 4 1 2 3 4 4 4 4 2 2 3 4 4 3 1 3 
#1117062(div: 0) 1119804(div: 1) 1115508(div: 2) 1110599(div: 3) 1102286(div: 4) 
1 1 21 24 
#c 4 1 3 3 3 4 0 3 4 0 0 4 4 0 4 4 0 0 2 4 4 1 3 4 1 2 3 4 4 4 4 2 2 3 4 4 3 1 3 
#1117062(div: 0) 1119804(div: 1) 1115508(div: 2) 1110599(div: 3) 1102286(div: 4) 
1 1 1 21 
#c 4 1 3 3 3 4 0 3 4 0 0 4 4 0 4 4 0 0 2 4 4 1 3 4 1 2 3 4 4 4 4 2 2 3 4 4 3 1 3 
#1117062(div: 0) 1119804(div: 1) 1115508(div: 2) 1110599(div: 3) 1102286(div: 4) 
1 1 1 37 
#c 4 1 3 3 3 4 0 3 4 0 0 4 4 0 4 4 0 0 2 4 4 1 3 4 1 2 3 4 4 4 4 2 2 3 4 4 3 3 3 
#1117062(div: 0) 1096432(div: 1) 1115508(div: 2) 1133971(div: 3) 1102286(div: 4) 
3 10 1 21 24 2 3 4 7 22 26 33 36 37 38 
#c 4 1 3 3 3 4 0 3 4 0 0 4 4 0 4 4 0 0 2 4 4 1 3 4 1 2 3 4 4 4 4 2 2 3 4 4 3 3 3 
#1117062(div: 0) 1096432(div: 1) 1115508(div: 2) 1133971(div: 3) 1102286(div: 4) 
4 3 18 25 31 32 1 21 24 
#c 4 1 3 3 3 4 0 3 4 0 0 4 4 0 4 4 0 0 2 4 4 1 3 4 1 2 3 4 4 4 4 2 2 3 4 4 3 3 3 
#1117062(div: 0) 1096432(div: 1) 1115508(div: 2) 1133971(div: 3) 1102286(div: 4) 
3 6 1 21 24 6 9 10 13 16 17 
#c 4 1 3 3 3 4 0 3 4 0 0 4 4 0 4 4 0 0 2 4 4 1 3 4 1 2 3 4 4 4 4 2 2 3 4 4 3 3 3 
#1117062(div: 0) 1096432(div: 1) 1115508(div: 2) 1133971(div: 3) 1102286(div: 4) 
4 6 18 25 31 32 6 9 10 13 16 17 
#c 4 1 3 3 3 4 0 3 4 0 0 4 4 0 4 4 0 0 2 4 4 1 3 4 1 2 3 4 4 4 4 2 2 3 4 4 3 3 3 
#1117062(div: 0) 1096432(div: 1) 1115508(div: 2) 1133971(div: 3) 1102286(div: 4) 
3 10 1 21 24 2 3 4 7 22 26 33 36 37 38 
#c 4 1 3 3 3 4 0 3 4 0 0 4 4 0 4 4 0 0 2 4 4 1 3 4 1 2 3 4 4 4 4 2 2 3 4 4 3 3 3 
#1117062(div: 0) 1096432(div: 1) 1115508(div: 2) 1133971(div: 3) 1102286(div: 4) 
6 10 6 9 10 13 16 17 2 3 4 7 22 26 33 36 37 38 
#c 4 1 3 3 3 4 0 3 4 0 0 4 4 0 4 4 0 0 2 4 4 1 3 4 1 2 3 4 4 4 4 2 2 3 4 4 3 3 3 
#1117062(div: 0) 1096432(div: 1) 1115508(div: 2) 1133971(div: 3) 1102286(div: 4) 
1 1 36 37 
#c 4 1 3 3 3 4 0 3 4 0 0 4 4 0 4 4 0 0 2 4 4 1 3 4 1 2 3 4 4 4 4 2 2 3 4 4 3 3 3 
#1117062(div: 0) 1096432(div: 1) 1115508(div: 2) 1133971(div: 3) 1102286(div: 4) 
1 1 4 37 
#c 4 1 3 3 3 4 0 3 4 0 0 4 4 0 4 4 0 0 2 4 4 1 3 4 1 2 3 4 4 4 4 2 2 3 4 4 3 3 3 
#1117062(div: 0) 1096432(div: 1) 1115508(div: 2) 1133971(div: 3) 1102286(div: 4) 
1 1 26 37 
#c 4 1 3 3 3 4 0 3 4 0 0 4 4 0 4 4 0 0 2 4 4 1 3 4 1 2 3 4 4 4 4 2 2 3 4 4 3 3 3 
#1117062(div: 0) 1096432(div: 1) 1115508(div: 2) 1133971(div: 3) 1102286(div: 4) 
1 1 37 38 
#c 4 1 3 3 3 4 0 3 4 0 0 4 4 0 4 4 0 0 2 4 4 1 3 4 1 2 3 4 4 4 4 2 2 3 4 4 3 3 3 
#1117062(div: 0) 1096432(div: 1) 1115508(div: 2) 1133971(div: 3) 1102286(div: 4) 
1 1 2 37 
#c 4 1 3 3 3 4 0 3 4 0 0 4 4 0 4 4 0 0 2 4 4 1 3 4 1 2 3 4 4 4 4 2 2 3 4 4 3 3 3 
#1117062(div: 0) 1096432(div: 1) 1115508(div: 2) 1133971(div: 3) 1102286(div: 4) 
1 1 2 3 
#c 4 1 3 3 3 4 0 3 4 0 0 4 4 0 4 4 0 0 2 4 4 1 3 4 1 2 3 4 4 4 4 2 2 3 4 4 3 3 3 
#1117062(div: 0) 1096432(div: 1) 1115508(div: 2) 1133971(div: 3) 1102286(div: 4) 
1 1 2 7 
#c 4 1 3 3 3 4 0 3 4 0 0 4 4 0 4 4 0 0 2 4 4 1 3 4 1 2 3 4 4 4 4 2 2 3 4 4 3 3 3 
#1117062(div: 0) 1096432(div: 1) 1115508(div: 2) 1133971(div: 3) 1102286(div: 4) 
1 1 2 22 
#c 4 1 3 3 3 4 0 3 4 0 0 4 4 0 4 4 0 0 2 4 4 1 3 4 1 2 3 4 4 4 4 2 2 3 4 4 3 3 3 
#1117062(div: 0) 1096432(div: 1) 1115508(div: 2) 1133971(div: 3) 1102286(div: 4) 
1 1 2 33 
#c 4 1 1 3 3 4 0 3 4 0 0 4 4 0 4 4 0 0 2 4 4 1 3 4 1 2 3 4 4 4 4 2 2 3 4 4 3 3 3 
#1117062(div: 0) 1105616(div: 1) 1115508(div: 2) 1124787(div: 3) 1102286(div: 4) 
4 4 18 25 31 32 1 2 21 24 
#c 4 1 1 3 3 4 0 3 4 0 0 4 4 0 4 4 0 0 2 4 4 1 3 4 1 2 3 4 4 4 4 2 2 3 4 4 3 3 3 
#1117062(div: 0) 1105616(div: 1) 1115508(div: 2) 1124787(div: 3) 1102286(div: 4) 
4 9 1 2 21 24 3 4 7 22 26 33 36 37 38 
#c 4 1 1 3 3 4 0 3 4 0 0 4 4 0 4 4 0 0 2 4 4 1 3 4 1 2 3 4 4 4 4 2 2 3 4 4 3 3 3 
#1117062(div: 0) 1105616(div: 1) 1115508(div: 2) 1124787(div: 3) 1102286(div: 4) 
4 9 18 25 31 32 3 4 7 22 26 33 36 37 38 
#c 4 1 1 3 3 4 0 3 4 0 0 4 4 0 4 4 0 0 2 4 4 1 3 4 1 2 3 4 4 4 4 2 2 3 4 4 3 3 3 
#1117062(div: 0) 1105616(div: 1) 1115508(div: 2) 1124787(div: 3) 1102286(div: 4) 
4 6 1 2 21 24 6 9 10 13 16 17 
#c 4 1 1 3 3 4 0 3 4 0 0 4 4 0 4 4 0 0 2 4 4 1 3 4 1 2 3 4 4 4 4 2 2 3 4 4 3 3 3 
#1117062(div: 0) 1105616(div: 1) 1115508(div: 2) 1124787(div: 3) 1102286(div: 4) 
9 6 3 4 7 22 26 33 36 37 38 6 9 10 13 16 17 
#c 4 1 1 3 3 4 0 3 4 0 0 4 4 0 4 4 0 0 2 4 4 1 3 4 1 2 3 4 4 4 4 2 2 3 4 4 3 3 3 
#1117062(div: 0) 1105616(div: 1) 1115508(div: 2) 1124787(div: 3) 1102286(div: 4) 
1 1 26 33 
#c 4 1 1 3 3 4 0 3 4 0 0 4 4 0 4 4 0 0 2 4 4 1 3 4 1 2 3 4 4 4 4 2 2 3 4 4 3 3 3 
#1117062(div: 0) 1105616(div: 1) 1115508(div: 2) 1124787(div: 3) 1102286(div: 4) 
1 1 3 33 
#c 4 1 1 3 3 4 0 3 4 0 0 4 4 0 4 4 0 0 2 4 4 1 3 4 1 2 3 4 4 4 4 2 2 3 4 4 3 3 3 
#1117062(div: 0) 1105616(div: 1) 1115508(div: 2) 1124787(div: 3) 1102286(div: 4) 
1 1 3 38 
#c 4 1 1 3 3 4 0 3 4 0 0 4 4 0 4 4 0 0 2 4 4 1 3 4 1 2 3 4 4 4 4 2 2 3 4 4 3 3 3 
#1117062(div: 0) 1105616(div: 1) 1115508(div: 2) 1124787(div: 3) 1102286(div: 4) 
1 1 3 36 
#c 4 1 1 3 3 4 0 3 4 0 0 4 4 0 4 4 0 0 2 4 4 1 3 4 1 2 3 4 4 4 4 2 2 3 4 4 3 3 3 
#1117062(div: 0) 1105616(div: 1) 1115508(div: 2) 1124787(div: 3) 1102286(div: 4) 
1 1 3 4 
4 1 1 1 3 4 0 3 4 0 0 4 4 0 4 4 0 0 2 4 4 1 3 4 1 2 3 4 4 4 4 2 2 3 4 4 3 3 3 
#3475257
