#c 0 1 0 1 0 1 0 1 0 1 0 1 0 1 0 1 0 1 0 1 0 1 0 1 0 1 0 1 0 1 0 1 0 1 0 1 0 1 0 1 0 1 0 1 0 1 0 1 0 1 0 1 0 1 0 1 0 1 
#2332561(div: 0) 3763621(div: 1) 
29 29 0 2 4 6 8 10 12 14 16 18 20 22 24 26 28 30 32 34 36 38 40 42 44 46 48 50 52 54 56 1 3 5 7 9 11 13 15 17 19 21 23 25 27 29 31 33 35 37 39 41 43 45 47 49 51 53 55 57 
#c 0 1 0 1 0 1 0 1 0 1 0 1 0 1 0 1 0 1 0 1 0 1 0 1 0 1 0 1 0 1 0 1 0 1 0 1 0 1 0 1 0 1 0 1 0 1 0 1 0 1 0 1 0 1 0 1 0 1 
#2332561(div: 0) 3763621(div: 1) 
1 1 5 35 
#c 0 1 0 1 0 1 0 1 0 1 0 1 0 1 0 1 0 1 0 1 0 1 0 1 0 1 0 1 0 1 0 1 0 1 0 1 0 1 0 1 0 1 0 1 0 1 0 1 0 1 0 1 0 1 0 1 0 1 
#2332561(div: 0) 3763621(div: 1) 
1 1 5 47 
#c 0 1 0 1 0 1 0 1 0 1 0 1 0 1 0 1 0 1 0 1 0 1 0 1 0 1 0 1 0 1 0 1 0 1 0 1 0 1 0 1 0 1 0 1 0 1 0 1 0 1 0 1 0 1 0 1 0 1 
#2332561(div: 0) 3763621(div: 1) 
1 1 5 19 
#c 0 1 0 1 0 0 0 1 0 1 0 1 0 1 0 1 0 1 0 1 0 1 0 1 0 1 0 1 0 1 0 1 0 1 0 1 0 1 0 1 0 1 0 1 0 1 0 1 0 1 0 1 0 1 0 1 0 1 
#2366635(div: 0) 3729547(div: 1) 
30 28 0 2 4 5 6 8 10 12 14 16 18 20 22 24 26 28 30 32 34 36 38 40 42 44 46 48 50 52 54 56 1 3 7 9 11 13 15 17 19 21 23 25 27 29 31 33 35 37 39 41 43 45 47 49 51 53 55 57 
#c 0 1 0 1 0 0 0 1 0 1 0 1 0 1 0 1 0 1 0 1 0 1 0 1 0 1 0 1 0 1 0 1 0 1 0 1 0 1 0 1 0 1 0 1 0 1 0 1 0 1 0 1 0 1 0 1 0 1 
#2366635(div: 0) 3729547(div: 1) 
1 1 9 19 
#c 0 1 0 1 0 0 0 1 0 1 0 1 0 1 0 1 0 1 0 1 0 1 0 1 0 1 0 1 0 1 0 1 0 1 0 1 0 1 0 1 0 1 0 1 0 1 0 1 0 1 0 1 0 1 0 1 0 1 
#2366635(div: 0) 3729547(div: 1) 
1 1 13 19 
#c 0 1 0 1 0 0 0 1 0 1 0 1 0 1 0 1 0 1 0 1 0 1 0 1 0 1 0 1 0 1 0 1 0 1 0 1 0 1 0 1 0 1 0 1 0 1 0 1 0 1 0 1 0 1 0 1 0 1 
#2366635(div: 0) 3729547(div: 1) 
1 1 19 47 
#c 0 1 0 1 0 0 0 1 0 1 0 1 0 1 0 1 0 1 0 1 0 1 0 1 0 1 0 1 0 1 0 1 0 1 0 1 0 1 0 1 0 1 0 1 0 1 0 0 0 1 0 1 0 1 0 1 0 1 
#2412494(div: 0) 3683688(div: 1) 
31 27 0 2 4 5 6 8 10 12 14 16 18 20 22 24 26 28 30 32 34 36 38 40 42 44 46 47 48 50 52 54 56 1 3 7 9 11 13 15 17 19 21 23 25 27 29 31 33 35 37 39 41 43 45 49 51 53 55 57 
#c 0 1 0 1 0 0 0 1 0 1 0 1 0 1 0 1 0 1 0 1 0 1 0 1 0 1 0 1 0 1 0 1 0 1 0 1 0 1 0 1 0 1 0 1 0 1 0 0 0 1 0 1 0 1 0 1 0 1 
#2412494(div: 0) 3683688(div: 1) 
1 1 1 33 
#c 0 1 0 1 0 0 0 1 0 1 0 1 0 1 0 1 0 1 0 1 0 1 0 1 0 1 0 1 0 1 0 1 0 1 0 1 0 1 0 1 0 1 0 1 0 1 0 0 0 1 0 1 0 1 0 1 0 1 
#2412494(div: 0) 3683688(div: 1) 
1 1 1 7 
#c 0 1 0 1 0 0 0 1 0 1 0 1 0 1 0 1 0 1 0 1 0 1 0 1 0 1 0 1 0 1 0 1 0 1 0 1 0 1 0 1 0 1 0 1 0 1 0 0 0 1 0 1 0 1 0 1 0 1 
#2412494(div: 0) 3683688(div: 1) 
1 1 1 17 
#c 0 0 0 1 0 0 0 1 0 1 0 1 0 1 0 1 0 1 0 1 0 1 0 1 0 1 0 1 0 1 0 1 0 1 0 1 0 1 0 1 0 1 0 1 0 1 0 0 0 1 0 1 0 1 0 1 0 1 
#2479825(div: 0) 3616357(div: 1) 
32 26 0 1 2 4 5 6 8 10 12 14 16 18 20 22 24 26 28 30 32 34 36 38 40 42 44 46 47 48 50 52 54 56 3 7 9 11 13 15 17 19 21 23 25 27 29 31 33 35 37 39 41 43 45 49 51 53 55 57 
#c 0 0 0 1 0 0 0 1 0 1 0 1 0 1 0 1 0 1 0 1 0 1 0 1 0 1 0 1 0 1 0 1 0 1 0 1 0 1 0 1 0 1 0 1 0 1 0 0 0 1 0 1 0 1 0 1 0 1 
#2479825(div: 0) 3616357(div: 1) 
1 1 21 51 
#c 0 0 0 1 0 0 0 1 0 1 0 1 0 1 0 1 0 1 0 1 0 1 0 1 0 1 0 1 0 1 0 1 0 1 0 1 0 1 0 1 0 1 0 1 0 1 0 0 0 1 0 1 0 1 0 1 0 1 
#2479825(div: 0) 3616357(div: 1) 
1 1 21 25 
#c 0 0 0 1 0 0 0 1 0 1 0 1 0 1 0 1 0 1 0 1 0 1 0 1 0 1 0 1 0 1 0 1 0 1 0 1 0 1 0 1 0 1 0 1 0 1 0 0 0 1 0 1 0 1 0 1 0 1 
#2479825(div: 0) 3616357(div: 1) 
1 1 21 23 
#c 0 0 0 1 0 0 0 1 0 1 0 1 0 1 0 1 0 1 0 1 0 0 0 1 0 1 0 1 0 1 0 1 0 1 0 1 0 1 0 1 0 1 0 1 0 1 0 0 0 1 0 1 0 1 0 1 0 1 
#2511471(div: 0) 3584711(div: 1) 
33 25 0 1 2 4 5 6 8 10 12 14 16 18 20 21 22 24 26 28 30 32 34 36 38 40 42 44 46 47 48 50 52 54 56 3 7 9 11 13 15 17 19 23 25 27 29 31 33 35 37 39 41 43 45 49 51 53 55 57 
#c 0 0 0 1 0 0 0 1 0 1 0 1 0 1 0 1 0 1 0 1 0 0 0 1 0 1 0 1 0 1 0 1 0 1 0 1 0 1 0 1 0 1 0 1 0 1 0 0 0 1 0 1 0 1 0 1 0 1 
#2511471(div: 0) 3584711(div: 1) 
1 1 19 51 
#c 0 0 0 1 0 0 0 1 0 1 0 1 0 1 0 1 0 1 0 1 0 0 0 1 0 1 0 1 0 1 0 1 0 1 0 1 0 1 0 1 0 1 0 1 0 1 0 0 0 1 0 1 0 1 0 1 0 1 
#2511471(div: 0) 3584711(div: 1) 
1 1 7 51 
#c 0 0 0 1 0 0 0 1 0 1 0 1 0 1 0 1 0 1 0 1 0 0 0 1 0 1 0 1 0 1 0 1 0 1 0 1 0 1 0 1 0 1 0 1 0 1 0 0 0 1 0 1 0 1 0 1 0 1 
#2511471(div: 0) 3584711(div: 1) 
1 1 31 51 
#c 0 0 0 1 0 0 0 1 0 1 0 1 0 1 0 1 0 1 0 1 0 0 0 1 0 1 0 1 0 1 0 0 0 1 0 1 0 1 0 1 0 1 0 1 0 1 0 0 0 1 0 1 0 1 0 1 0 1 
#2527709(div: 0) 3568473(div: 1) 
34 24 0 1 2 4 5 6 8 10 12 14 16 18 20 21 22 24 26 28 30 31 32 34 36 38 40 42 44 46 47 48 50 52 54 56 3 7 9 11 13 15 17 19 23 25 27 29 33 35 37 39 41 43 45 49 51 53 55 57 
#c 0 0 0 1 0 0 0 1 0 1 0 1 0 1 0 1 0 1 0 1 0 0 0 1 0 1 0 1 0 1 0 0 0 1 0 1 0 1 0 1 0 1 0 1 0 1 0 0 0 1 0 1 0 1 0 1 0 1 
#2527709(div: 0) 3568473(div: 1) 
1 1 49 51 
#c 0 0 0 1 0 0 0 1 0 1 0 1 0 1 0 1 0 1 0 1 0 0 0 1 0 1 0 1 0 1 0 0 0 1 0 1 0 1 0 1 0 1 0 1 0 1 0 0 0 1 0 1 0 1 0 1 0 1 
#2527709(div: 0) 3568473(div: 1) 
1 1 37 51 
#c 0 0 0 1 0 0 0 1 0 1 0 1 0 1 0 1 0 1 0 1 0 0 0 1 0 1 0 1 0 1 0 0 0 1 0 1 0 1 0 1 0 1 0 1 0 1 0 0 0 1 0 1 0 1 0 1 0 1 
#2527709(div: 0) 3568473(div: 1) 
1 1 29 37 
#c 0 0 0 1 0 0 0 1 0 1 0 1 0 1 0 1 0 1 0 1 0 0 0 1 0 1 0 1 0 0 0 0 0 1 0 1 0 1 0 1 0 1 0 1 0 1 0 0 0 1 0 1 0 1 0 1 0 1 
#2556520(div: 0) 3539662(div: 1) 
35 23 0 1 2 4 5 6 8 10 12 14 16 18 20 21 22 24 26 28 29 30 31 32 34 36 38 40 42 44 46 47 48 50 52 54 56 3 7 9 11 13 15 17 19 23 25 27 33 35 37 39 41 43 45 49 51 53 55 57 
#c 0 0 0 1 0 0 0 1 0 1 0 1 0 1 0 1 0 1 0 1 0 0 0 1 0 1 0 1 0 0 0 0 0 1 0 1 0 1 0 1 0 1 0 1 0 1 0 0 0 1 0 1 0 1 0 1 0 1 
#2556520(div: 0) 3539662(div: 1) 
1 1 15 51 
#c 0 0 0 1 0 0 0 1 0 1 0 1 0 1 0 1 0 1 0 1 0 0 0 1 0 1 0 1 0 0 0 0 0 1 0 1 0 1 0 1 0 1 0 1 0 1 0 0 0 1 0 1 0 1 0 1 0 1 
#2556520(div: 0) 3539662(div: 1) 
1 1 39 51 
#c 0 0 0 1 0 0 0 1 0 1 0 1 0 1 0 1 0 1 0 1 0 0 0 1 0 1 0 1 0 0 0 0 0 1 0 1 0 1 0 1 0 1 0 1 0 1 0 0 0 1 0 1 0 1 0 1 0 1 
#2556520(div: 0) 3539662(div: 1) 
1 1 37 51 
#c 0 0 0 1 0 0 0 1 0 1 0 1 0 1 0 1 0 1 0 1 0 0 0 1 0 1 0 1 0 0 0 0 0 1 0 1 0 0 0 1 0 1 0 1 0 1 0 0 0 1 0 1 0 1 0 1 0 1 
#2619275(div: 0) 3476907(div: 1) 
36 22 0 1 2 4 5 6 8 10 12 14 16 18 20 21 22 24 26 28 29 30 31 32 34 36 37 38 40 42 44 46 47 48 50 52 54 56 3 7 9 11 13 15 17 19 23 25 27 33 35 39 41 43 45 49 51 53 55 57 
#c 0 0 0 1 0 0 0 1 0 1 0 1 0 1 0 1 0 1 0 1 0 0 0 1 0 1 0 1 0 0 0 0 0 1 0 1 0 0 0 1 0 1 0 1 0 1 0 0 0 1 0 1 0 1 0 1 0 1 
#2619275(div: 0) 3476907(div: 1) 
1 1 15 39 
#c 0 0 0 1 0 0 0 1 0 1 0 1 0 1 0 1 0 1 0 1 0 0 0 1 0 1 0 1 0 0 0 0 0 1 0 1 0 0 0 1 0 1 0 1 0 1 0 0 0 1 0 1 0 1 0 1 0 1 
#2619275(div: 0) 3476907(div: 1) 
1 1 15 49 
#c 0 0 0 1 0 0 0 1 0 1 0 1 0 1 0 1 0 1 0 1 0 0 0 1 0 1 0 1 0 0 0 0 0 1 0 1 0 0 0 1 0 1 0 1 0 1 0 0 0 1 0 1 0 1 0 1 0 1 
#2619275(div: 0) 3476907(div: 1) 
1 1 15 23 
#c 0 0 0 1 0 0 0 1 0 1 0 1 0 1 0 1 0 1 0 1 0 0 0 0 0 1 0 1 0 0 0 0 0 1 0 1 0 0 0 1 0 1 0 1 0 1 0 0 0 1 0 1 0 1 0 1 0 1 
#2677500(div: 0) 3418682(div: 1) 
37 21 0 1 2 4 5 6 8 10 12 14 16 18 20 21 22 23 24 26 28 29 30 31 32 34 36 37 38 40 42 44 46 47 48 50 52 54 56 3 7 9 11 13 15 17 19 25 27 33 35 39 41 43 45 49 51 53 55 57 
#c 0 0 0 1 0 0 0 1 0 1 0 1 0 1 0 1 0 1 0 1 0 0 0 0 0 1 0 1 0 0 0 0 0 1 0 1 0 0 0 1 0 1 0 1 0 1 0 0 0 1 0 1 0 1 0 1 0 1 
#2677500(div: 0) 3418682(div: 1) 
1 1 17 41 
#c 0 0 0 1 0 0 0 1 0 1 0 1 0 1 0 1 0 1 0 1 0 0 0 0 0 1 0 1 0 0 0 0 0 1 0 1 0 0 0 1 0 1 0 1 0 1 0 0 0 1 0 1 0 1 0 1 0 1 
#2677500(div: 0) 3418682(div: 1) 
1 1 33 41 
#c 0 0 0 1 0 0 0 1 0 1 0 1 0 1 0 1 0 1 0 1 0 0 0 0 0 1 0 1 0 0 0 0 0 1 0 1 0 0 0 1 0 1 0 1 0 1 0 0 0 1 0 1 0 1 0 1 0 1 
#2677500(div: 0) 3418682(div: 1) 
1 1 9 41 
#c 0 0 0 1 0 0 0 1 0 1 0 1 0 1 0 1 0 1 0 1 0 0 0 0 0 1 0 1 0 0 0 0 0 1 0 1 0 0 0 1 0 0 0 1 0 1 0 0 0 1 0 1 0 1 0 1 0 1 
#2699281(div: 0) 3396901(div: 1) 
38 20 0 1 2 4 5 6 8 10 12 14 16 18 20 21 22 23 24 26 28 29 30 31 32 34 36 37 38 40 41 42 44 46 47 48 50 52 54 56 3 7 9 11 13 15 17 19 25 27 33 35 39 43 45 49 51 53 55 57 
#c 0 0 0 1 0 0 0 1 0 1 0 1 0 1 0 1 0 1 0 1 0 0 0 0 0 1 0 1 0 0 0 0 0 1 0 1 0 0 0 1 0 0 0 1 0 1 0 0 0 1 0 1 0 1 0 1 0 1 
#2699281(div: 0) 3396901(div: 1) 
1 1 27 51 
#c 0 0 0 1 0 0 0 1 0 1 0 1 0 1 0 1 0 1 0 1 0 0 0 0 0 1 0 1 0 0 0 0 0 1 0 1 0 0 0 1 0 0 0 1 0 1 0 0 0 1 0 1 0 1 0 1 0 1 
#2699281(div: 0) 3396901(div: 1) 
1 1 43 51 
#c 0 0 0 1 0 0 0 1 0 1 0 1 0 1 0 1 0 1 0 1 0 0 0 0 0 1 0 1 0 0 0 0 0 1 0 1 0 0 0 1 0 0 0 1 0 1 0 0 0 1 0 1 0 1 0 1 0 1 
#2699281(div: 0) 3396901(div: 1) 
1 1 13 43 
#c 0 0 0 1 0 0 0 1 0 1 0 1 0 1 0 1 0 1 0 1 0 0 0 0 0 1 0 1 0 0 0 0 0 1 0 1 0 0 0 1 0 0 0 0 0 1 0 0 0 1 0 1 0 1 0 1 0 1 
#2702708(div: 0) 3393474(div: 1) 
39 19 0 1 2 4 5 6 8 10 12 14 16 18 20 21 22 23 24 26 28 29 30 31 32 34 36 37 38 40 41 42 43 44 46 47 48 50 52 54 56 3 7 9 11 13 15 17 19 25 27 33 35 39 45 49 51 53 55 57 
#c 0 0 0 1 0 0 0 1 0 1 0 1 0 1 0 1 0 1 0 1 0 0 0 0 0 1 0 1 0 0 0 0 0 1 0 1 0 0 0 1 0 0 0 0 0 1 0 0 0 1 0 1 0 1 0 1 0 1 
#2702708(div: 0) 3393474(div: 1) 
1 1 7 39 
#c 0 0 0 1 0 0 0 1 0 1 0 1 0 1 0 1 0 1 0 1 0 0 0 0 0 1 0 1 0 0 0 0 0 1 0 1 0 0 0 1 0 0 0 0 0 1 0 0 0 1 0 1 0 1 0 1 0 1 
#2702708(div: 0) 3393474(div: 1) 
1 1 7 25 
#c 0 0 0 1 0 0 0 1 0 1 0 1 0 1 0 1 0 1 0 1 0 0 0 0 0 1 0 1 0 0 0 0 0 1 0 1 0 0 0 1 0 0 0 0 0 1 0 0 0 1 0 1 0 1 0 1 0 1 
#2702708(div: 0) 3393474(div: 1) 
1 1 17 25 
#c 0 0 0 1 0 0 0 1 0 1 0 1 0 1 0 1 0 1 0 1 0 0 0 0 0 0 0 1 0 0 0 0 0 1 0 1 0 0 0 1 0 0 0 0 0 1 0 0 0 1 0 1 0 1 0 1 0 1 
#2793953(div: 0) 3302229(div: 1) 
40 18 0 1 2 4 5 6 8 10 12 14 16 18 20 21 22 23 24 25 26 28 29 30 31 32 34 36 37 38 40 41 42 43 44 46 47 48 50 52 54 56 3 7 9 11 13 15 17 19 27 33 35 39 45 49 51 53 55 57 
#c 0 0 0 1 0 0 0 1 0 1 0 1 0 1 0 1 0 1 0 1 0 0 0 0 0 0 0 1 0 0 0 0 0 1 0 1 0 0 0 1 0 0 0 0 0 1 0 0 0 1 0 1 0 1 0 1 0 1 
#2793953(div: 0) 3302229(div: 1) 
1 1 39 49 
#c 0 0 0 1 0 0 0 1 0 1 0 1 0 1 0 1 0 1 0 1 0 0 0 0 0 0 0 1 0 0 0 0 0 1 0 1 0 0 0 1 0 0 0 0 0 1 0 0 0 1 0 1 0 1 0 1 0 1 
#2793953(div: 0) 3302229(div: 1) 
1 1 13 39 
#c 0 0 0 1 0 0 0 1 0 1 0 1 0 1 0 1 0 1 0 1 0 0 0 0 0 0 0 1 0 0 0 0 0 1 0 1 0 0 0 1 0 0 0 0 0 1 0 0 0 1 0 1 0 1 0 1 0 1 
#2793953(div: 0) 3302229(div: 1) 
1 1 17 39 
#c 0 0 0 1 0 0 0 1 0 1 0 1 0 1 0 1 0 1 0 1 0 0 0 0 0 0 0 1 0 0 0 0 0 1 0 1 0 0 0 0 0 0 0 0 0 1 0 0 0 1 0 1 0 1 0 1 0 1 
#2937720(div: 0) 3158462(div: 1) 
41 17 0 1 2 4 5 6 8 10 12 14 16 18 20 21 22 23 24 25 26 28 29 30 31 32 34 36 37 38 39 40 41 42 43 44 46 47 48 50 52 54 56 3 7 9 11 13 15 17 19 27 33 35 45 49 51 53 55 57 
#c 0 0 0 1 0 0 0 1 0 1 0 1 0 1 0 1 0 1 0 1 0 0 0 0 0 0 0 1 0 0 0 0 0 1 0 1 0 0 0 0 0 0 0 0 0 1 0 0 0 1 0 1 0 1 0 1 0 1 
#2937720(div: 0) 3158462(div: 1) 
1 1 3 27 
#c 0 0 0 1 0 0 0 1 0 1 0 1 0 1 0 1 0 1 0 1 0 0 0 0 0 0 0 1 0 0 0 0 0 1 0 1 0 0 0 0 0 0 0 0 0 1 0 0 0 1 0 1 0 1 0 1 0 1 
#2937720(div: 0) 3158462(div: 1) 
1 1 27 57 
#c 0 0 0 1 0 0 0 1 0 1 0 1 0 1 0 1 0 1 0 1 0 0 0 0 0 0 0 1 0 0 0 0 0 1 0 1 0 0 0 0 0 0 0 0 0 1 0 0 0 1 0 1 0 1 0 1 0 1 
#2937720(div: 0) 3158462(div: 1) 
1 1 27 49 
#c 0 0 0 1 0 0 0 1 0 1 0 1 0 1 0 1 0 1 0 1 0 0 0 0 0 0 0 0 0 0 0 0 0 1 0 1 0 0 0 0 0 0 0 0 0 1 0 0 0 1 0 1 0 1 0 1 0 1 
#3123866(div: 0) 2972316(div: 1) 
42 16 0 1 2 4 5 6 8 10 12 14 16 18 20 21 22 23 24 25 26 27 28 29 30 31 32 34 36 37 38 39 40 41 42 43 44 46 47 48 50 52 54 56 3 7 9 11 13 15 17 19 33 35 45 49 51 53 55 57 
#c 0 0 0 1 0 0 0 1 0 1 0 1 0 1 0 1 0 1 0 1 0 0 0 0 0 0 0 0 0 0 0 0 0 1 0 1 0 0 0 0 0 0 0 0 0 1 0 0 0 1 0 1 0 1 0 1 0 1 
#3123866(div: 0) 2972316(div: 1) 
1 1 31 37 
#c 0 0 0 1 0 0 0 1 0 1 0 1 0 1 0 1 0 1 0 1 0 0 0 0 0 0 0 0 0 0 0 0 0 1 0 1 0 0 0 0 0 0 0 0 0 1 0 0 0 1 0 1 0 1 0 1 0 1 
#3123866(div: 0) 2972316(div: 1) 
1 1 24 31 
#c 0 0 0 1 0 0 0 1 0 1 0 1 0 1 0 1 0 1 0 1 0 0 0 0 0 0 0 0 0 0 0 0 0 1 0 1 0 0 0 0 0 0 0 0 0 1 0 0 0 1 0 1 0 1 0 1 0 1 
#3123866(div: 0) 2972316(div: 1) 
1 1 20 31 
#c 0 0 0 1 0 0 0 1 0 1 0 1 0 1 0 1 0 1 0 1 1 0 0 0 0 0 0 0 0 0 0 0 0 1 0 1 0 0 0 0 0 0 0 0 0 1 0 0 0 1 0 1 0 1 0 1 0 1 
#3117419(div: 0) 2978763(div: 1) 
41 17 0 1 2 4 5 6 8 10 12 14 16 18 21 22 23 24 25 26 27 28 29 30 31 32 34 36 37 38 39 40 41 42 43 44 46 47 48 50 52 54 56 3 7 9 11 13 15 17 19 20 33 35 45 49 51 53 55 57 
#c 0 0 0 1 0 0 0 1 0 1 0 1 0 1 0 1 0 1 0 1 1 0 0 0 0 0 0 0 0 0 0 0 0 1 0 1 0 0 0 0 0 0 0 0 0 1 0 0 0 1 0 1 0 1 0 1 0 1 
#3117419(div: 0) 2978763(div: 1) 
1 1 8 54 
#c 0 0 0 1 0 0 0 1 0 1 0 1 0 1 0 1 0 1 0 1 1 0 0 0 0 0 0 0 0 0 0 0 0 1 0 1 0 0 0 0 0 0 0 0 0 1 0 0 0 1 0 1 0 1 0 1 0 1 
#3117419(div: 0) 2978763(div: 1) 
1 1 10 54 
#c 0 0 0 1 0 0 0 1 0 1 0 1 0 1 0 1 0 1 0 1 1 0 0 0 0 0 0 0 0 0 0 0 0 1 0 1 0 0 0 0 0 0 0 0 0 1 0 0 0 1 0 1 0 1 0 1 0 1 
#3117419(div: 0) 2978763(div: 1) 
1 1 4 54 
#c 0 0 0 1 0 0 0 1 0 1 0 1 0 1 0 1 0 1 0 1 1 0 0 0 0 0 0 0 0 0 0 0 0 1 0 1 0 0 0 0 0 0 0 0 0 1 0 0 0 1 0 1 0 1 1 1 0 1 
#3108726(div: 0) 2987456(div: 1) 
40 18 0 1 2 4 5 6 8 10 12 14 16 18 21 22 23 24 25 26 27 28 29 30 31 32 34 36 37 38 39 40 41 42 43 44 46 47 48 50 52 56 3 7 9 11 13 15 17 19 20 33 35 45 49 51 53 54 55 57 
#c 0 0 0 1 0 0 0 1 0 1 0 1 0 1 0 1 0 1 0 1 1 0 0 0 0 0 0 0 0 0 0 0 0 1 0 1 0 0 0 0 0 0 0 0 0 1 0 0 0 1 0 1 0 1 1 1 0 1 
#3108726(div: 0) 2987456(div: 1) 
1 1 21 24 
#c 0 0 0 1 0 0 0 1 0 1 0 1 0 1 0 1 0 1 0 1 1 0 0 0 0 0 0 0 0 0 0 0 0 1 0 1 0 0 0 0 0 0 0 0 0 1 0 0 0 1 0 1 0 1 1 1 0 1 
#3108726(div: 0) 2987456(div: 1) 
1 1 6 21 
#c 0 0 0 1 0 0 0 1 0 1 0 1 0 1 0 1 0 1 0 1 1 0 0 0 0 0 0 0 0 0 0 0 0 1 0 1 0 0 0 0 0 0 0 0 0 1 0 0 0 1 0 1 0 1 1 1 0 1 
#3108726(div: 0) 2987456(div: 1) 
1 1 21 29 
#c 0 0 0 1 0 0 0 1 0 1 0 1 0 1 0 1 0 1 0 1 1 0 0 0 0 0 0 0 0 1 0 0 0 1 0 1 0 0 0 0 0 0 0 0 0 1 0 0 0 1 0 1 0 1 1 1 0 1 
#3079915(div: 0) 3016267(div: 1) 
39 19 0 1 2 4 5 6 8 10 12 14 16 18 21 22 23 24 25 26 27 28 30 31 32 34 36 37 38 39 40 41 42 43 44 46 47 48 50 52 56 3 7 9 11 13 15 17 19 20 29 33 35 45 49 51 53 54 55 57 
#c 0 0 0 1 0 0 0 1 0 1 0 1 0 1 0 1 0 1 0 1 1 0 0 0 0 0 0 0 0 1 0 0 0 1 0 1 0 0 0 0 0 0 0 0 0 1 0 0 0 1 0 1 0 1 1 1 0 1 
#3079915(div: 0) 3016267(div: 1) 
1 1 23 56 
#c 0 0 0 1 0 0 0 1 0 1 0 1 0 1 0 1 0 1 0 1 1 0 0 0 0 0 0 0 0 1 0 0 0 1 0 1 0 0 0 0 0 0 0 0 0 1 0 0 0 1 0 1 0 1 1 1 0 1 
#3079915(div: 0) 3016267(div: 1) 
1 1 30 56 
#c 0 0 0 1 0 0 0 1 0 1 0 1 0 1 0 1 0 1 0 1 1 0 0 0 0 0 0 0 0 1 0 0 0 1 0 1 0 0 0 0 0 0 0 0 0 1 0 0 0 1 0 1 0 1 1 1 0 1 
#3079915(div: 0) 3016267(div: 1) 
1 1 26 56 
#c 0 0 0 1 0 0 0 1 0 1 0 1 0 1 0 1 0 1 0 1 1 0 0 0 0 0 0 0 0 1 0 0 0 1 0 1 0 0 0 0 0 0 0 0 0 1 0 0 0 1 0 1 0 1 1 1 1 1 
#3070561(div: 0) 3025621(div: 1) 
38 20 0 1 2 4 5 6 8 10 12 14 16 18 21 22 23 24 25 26 27 28 30 31 32 34 36 37 38 39 40 41 42 43 44 46 47 48 50 52 3 7 9 11 13 15 17 19 20 29 33 35 45 49 51 53 54 55 56 57 
#c 0 0 0 1 0 0 0 1 0 1 0 1 0 1 0 1 0 1 0 1 1 0 0 0 0 0 0 0 0 1 0 0 0 1 0 1 0 0 0 0 0 0 0 0 0 1 0 0 0 1 0 1 0 1 1 1 1 1 
#3070561(div: 0) 3025621(div: 1) 
1 1 8 23 
#c 0 0 0 1 0 0 0 1 0 1 0 1 0 1 0 1 0 1 0 1 1 0 0 0 0 0 0 0 0 1 0 0 0 1 0 1 0 0 0 0 0 0 0 0 0 1 0 0 0 1 0 1 0 1 1 1 1 1 
#3070561(div: 0) 3025621(div: 1) 
1 1 8 22 
#c 0 0 0 1 0 0 0 1 0 1 0 1 0 1 0 1 0 1 0 1 1 0 0 0 0 0 0 0 0 1 0 0 0 1 0 1 0 0 0 0 0 0 0 0 0 1 0 0 0 1 0 1 0 1 1 1 1 1 
#3070561(div: 0) 3025621(div: 1) 
1 1 0 22 
#c 0 0 0 1 0 0 0 1 0 1 0 1 0 1 0 1 0 1 0 1 1 0 1 0 0 0 0 0 0 1 0 0 0 1 0 1 0 0 0 0 0 0 0 0 0 1 0 0 0 1 0 1 0 1 1 1 1 1 
#3043826(div: 0) 3052356(div: 1) 
37 21 0 1 2 4 5 6 8 10 12 14 16 18 21 23 24 25 26 27 28 30 31 32 34 36 37 38 39 40 41 42 43 44 46 47 48 50 52 3 7 9 11 13 15 17 19 20 22 29 33 35 45 49 51 53 54 55 56 57 
#c 0 0 0 1 0 0 0 1 0 1 0 1 0 1 0 1 0 1 0 1 1 0 1 0 0 0 0 0 0 1 0 0 0 1 0 1 0 0 0 0 0 0 0 0 0 1 0 0 0 1 0 1 0 1 1 1 1 1 
#3043826(div: 0) 3052356(div: 1) 
1 1 15 22 
#c 0 0 0 1 0 0 0 1 0 1 0 1 0 1 0 1 0 1 0 1 1 0 1 0 0 0 0 0 0 1 0 0 0 1 0 1 0 0 0 0 0 0 0 0 0 1 0 0 0 1 0 1 0 1 1 1 1 1 
#3043826(div: 0) 3052356(div: 1) 
1 1 22 35 
#c 0 0 0 1 0 0 0 1 0 1 0 1 0 1 0 1 0 1 0 1 1 0 1 0 0 0 0 0 0 1 0 0 0 1 0 1 0 0 0 0 0 0 0 0 0 1 0 0 0 1 0 1 0 1 1 1 1 1 
#3043826(div: 0) 3052356(div: 1) 
1 1 22 29 
#c 0 0 0 1 0 0 0 1 0 1 0 1 0 1 0 1 0 1 0 1 1 0 0 0 0 0 0 0 0 1 0 0 0 1 0 1 0 0 0 0 0 0 0 0 0 1 0 0 0 1 0 1 0 1 1 1 1 1 
#3070561(div: 0) 3025621(div: 1) 
38 20 0 1 2 4 5 6 8 10 12 14 16 18 21 22 23 24 25 26 27 28 30 31 32 34 36 37 38 39 40 41 42 43 44 46 47 48 50 52 3 7 9 11 13 15 17 19 20 29 33 35 45 49 51 53 54 55 56 57 
#c 0 0 0 1 0 0 0 1 0 1 0 1 0 1 0 1 0 1 0 1 1 0 0 0 0 0 0 0 0 1 0 0 0 1 0 1 0 0 0 0 0 0 0 0 0 1 0 0 0 1 0 1 0 1 1 1 1 1 
#3070561(div: 0) 3025621(div: 1) 
1 1 14 38 
#c 0 0 0 1 0 0 0 1 0 1 0 1 0 1 0 1 0 1 0 1 1 0 0 0 0 0 0 0 0 1 0 0 0 1 0 1 0 0 0 0 0 0 0 0 0 1 0 0 0 1 0 1 0 1 1 1 1 1 
#3070561(div: 0) 3025621(div: 1) 
1 1 25 38 
#c 0 0 0 1 0 0 0 1 0 1 0 1 0 1 0 1 0 1 0 1 1 0 0 0 0 0 0 0 0 1 0 0 0 1 0 1 0 0 0 0 0 0 0 0 0 1 0 0 0 1 0 1 0 1 1 1 1 1 
#3070561(div: 0) 3025621(div: 1) 
1 1 2 38 
#c 0 0 0 1 0 0 0 1 0 1 0 1 0 1 0 1 0 1 0 1 1 0 0 0 0 0 0 0 0 1 0 0 0 1 0 1 0 0 1 0 0 0 0 0 0 1 0 0 0 1 0 1 0 1 1 1 1 1 
#3029761(div: 0) 3066421(div: 1) 
37 21 0 1 2 4 5 6 8 10 12 14 16 18 21 22 23 24 25 26 27 28 30 31 32 34 36 37 39 40 41 42 43 44 46 47 48 50 52 3 7 9 11 13 15 17 19 20 29 33 35 38 45 49 51 53 54 55 56 57 
#c 0 0 0 1 0 0 0 1 0 1 0 1 0 1 0 1 0 1 0 1 1 0 0 0 0 0 0 0 0 1 0 0 0 1 0 1 0 0 1 0 0 0 0 0 0 1 0 0 0 1 0 1 0 1 1 1 1 1 
#3029761(div: 0) 3066421(div: 1) 
1 1 3 51 
#c 0 0 0 1 0 0 0 1 0 1 0 1 0 1 0 1 0 1 0 1 1 0 0 0 0 0 0 0 0 1 0 0 0 1 0 1 0 0 1 0 0 0 0 0 0 1 0 0 0 1 0 1 0 1 1 1 1 1 
#3029761(div: 0) 3066421(div: 1) 
1 1 51 57 
#c 0 0 0 1 0 0 0 1 0 1 0 1 0 1 0 1 0 1 0 1 1 0 0 0 0 0 0 0 0 1 0 0 0 1 0 1 0 0 1 0 0 0 0 0 0 1 0 0 0 1 0 1 0 1 1 1 1 1 
#3029761(div: 0) 3066421(div: 1) 
1 1 45 51 
#c 0 0 0 1 0 0 0 1 0 1 0 1 0 1 0 1 0 1 0 1 1 0 0 0 0 0 0 0 0 1 0 0 0 1 0 1 0 0 1 0 0 0 0 0 0 1 0 0 0 1 0 0 0 1 1 1 1 1 
#3102487(div: 0) 2993695(div: 1) 
38 20 0 1 2 4 5 6 8 10 12 14 16 18 21 22 23 24 25 26 27 28 30 31 32 34 36 37 39 40 41 42 43 44 46 47 48 50 51 52 3 7 9 11 13 15 17 19 20 29 33 35 38 45 49 53 54 55 56 57 
#c 0 0 0 1 0 0 0 1 0 1 0 1 0 1 0 1 0 1 0 1 1 0 0 0 0 0 0 0 0 1 0 0 0 1 0 1 0 0 1 0 0 0 0 0 0 1 0 0 0 1 0 0 0 1 1 1 1 1 
#3102487(div: 0) 2993695(div: 1) 
1 1 2 50 
#c 0 0 0 1 0 0 0 1 0 1 0 1 0 1 0 1 0 1 0 1 1 0 0 0 0 0 0 0 0 1 0 0 0 1 0 1 0 0 1 0 0 0 0 0 0 1 0 0 0 1 0 0 0 1 1 1 1 1 
#3102487(div: 0) 2993695(div: 1) 
1 1 2 43 
#c 0 0 0 1 0 0 0 1 0 1 0 1 0 1 0 1 0 1 0 1 1 0 0 0 0 0 0 0 0 1 0 0 0 1 0 1 0 0 1 0 0 0 0 0 0 1 0 0 0 1 0 0 0 1 1 1 1 1 
#3102487(div: 0) 2993695(div: 1) 
1 1 39 43 
#c 0 0 0 1 0 0 0 1 0 1 0 1 0 1 0 1 0 1 0 1 1 0 0 0 0 0 0 0 0 1 0 0 0 1 0 1 0 0 1 0 0 0 0 1 0 1 0 0 0 1 0 0 0 1 1 1 1 1 
#3099060(div: 0) 2997122(div: 1) 
37 21 0 1 2 4 5 6 8 10 12 14 16 18 21 22 23 24 25 26 27 28 30 31 32 34 36 37 39 40 41 42 44 46 47 48 50 51 52 3 7 9 11 13 15 17 19 20 29 33 35 38 43 45 49 53 54 55 56 57 
#c 0 0 0 1 0 0 0 1 0 1 0 1 0 1 0 1 0 1 0 1 1 0 0 0 0 0 0 0 0 1 0 0 0 1 0 1 0 0 1 0 0 0 0 1 0 1 0 0 0 1 0 0 0 1 1 1 1 1 
#3099060(div: 0) 2997122(div: 1) 
1 1 30 46 
#c 0 0 0 1 0 0 0 1 0 1 0 1 0 1 0 1 0 1 0 1 1 0 0 0 0 0 0 0 0 1 0 0 0 1 0 1 0 0 1 0 0 0 0 1 0 1 0 0 0 1 0 0 0 1 1 1 1 1 
#3099060(div: 0) 2997122(div: 1) 
1 1 30 32 
#c 0 0 0 1 0 0 0 1 0 1 0 1 0 1 0 1 0 1 0 1 1 0 0 0 0 0 0 0 0 1 0 0 0 1 0 1 0 0 1 0 0 0 0 1 0 1 0 0 0 1 0 0 0 1 1 1 1 1 
#3099060(div: 0) 2997122(div: 1) 
1 1 28 32 
#c 0 0 0 1 0 0 0 1 0 1 0 1 0 1 0 1 0 1 0 1 1 0 0 0 0 0 0 0 0 1 0 0 1 1 0 1 0 0 1 0 0 0 0 1 0 1 0 0 0 1 0 0 0 1 1 1 1 1 
#3098405(div: 0) 2997777(div: 1) 
36 22 0 1 2 4 5 6 8 10 12 14 16 18 21 22 23 24 25 26 27 28 30 31 34 36 37 39 40 41 42 44 46 47 48 50 51 52 3 7 9 11 13 15 17 19 20 29 32 33 35 38 43 45 49 53 54 55 56 57 
#c 0 0 0 1 0 0 0 1 0 1 0 1 0 1 0 1 0 1 0 1 1 0 0 0 0 0 0 0 0 1 0 0 1 1 0 1 0 0 1 0 0 0 0 1 0 1 0 0 0 1 0 0 0 1 1 1 1 1 
#3098405(div: 0) 2997777(div: 1) 
1 1 5 25 
#c 0 0 0 1 0 0 0 1 0 1 0 1 0 1 0 1 0 1 0 1 1 0 0 0 0 0 0 0 0 1 0 0 1 1 0 1 0 0 1 0 0 0 0 1 0 1 0 0 0 1 0 0 0 1 1 1 1 1 
#3098405(div: 0) 2997777(div: 1) 
1 1 5 16 
#c 0 0 0 1 0 0 0 1 0 1 0 1 0 1 0 1 0 1 0 1 1 0 0 0 0 0 0 0 0 1 0 0 1 1 0 1 0 0 1 0 0 0 0 1 0 1 0 0 0 1 0 0 0 1 1 1 1 1 
#3098405(div: 0) 2997777(div: 1) 
1 1 1 5 
#c 0 0 0 1 0 1 0 1 0 1 0 1 0 1 0 1 0 1 0 1 1 0 0 0 0 0 0 0 0 1 0 0 1 1 0 1 0 0 1 0 0 0 0 1 0 1 0 0 0 1 0 0 0 1 1 1 1 1 
#3064331(div: 0) 3031851(div: 1) 
35 23 0 1 2 4 6 8 10 12 14 16 18 21 22 23 24 25 26 27 28 30 31 34 36 37 39 40 41 42 44 46 47 48 50 51 52 3 5 7 9 11 13 15 17 19 20 29 32 33 35 38 43 45 49 53 54 55 56 57 
#c 0 0 0 1 0 1 0 1 0 1 0 1 0 1 0 1 0 1 0 1 1 0 0 0 0 0 0 0 0 1 0 0 1 1 0 1 0 0 1 0 0 0 0 1 0 1 0 0 0 1 0 0 0 1 1 1 1 1 
#3064331(div: 0) 3031851(div: 1) 
1 1 1 22 
#c 0 0 0 1 0 1 0 1 0 1 0 1 0 1 0 1 0 1 0 1 1 0 0 0 0 0 0 0 0 1 0 0 1 1 0 1 0 0 1 0 0 0 0 1 0 1 0 0 0 1 0 0 0 1 1 1 1 1 
#3064331(div: 0) 3031851(div: 1) 
1 1 22 41 
#c 0 0 0 1 0 1 0 1 0 1 0 1 0 1 0 1 0 1 0 1 1 0 0 0 0 0 0 0 0 1 0 0 1 1 0 1 0 0 1 0 0 0 0 1 0 1 0 0 0 1 0 0 0 1 1 1 1 1 
#3064331(div: 0) 3031851(div: 1) 
1 1 41 46 
#c 0 0 0 1 0 1 0 1 0 1 0 1 0 1 0 1 0 1 0 1 1 0 0 0 0 0 0 0 0 1 0 0 1 1 0 1 0 0 1 0 0 1 0 1 0 1 0 0 0 1 0 0 0 1 1 1 1 1 
#3042550(div: 0) 3053632(div: 1) 
34 24 0 1 2 4 6 8 10 12 14 16 18 21 22 23 24 25 26 27 28 30 31 34 36 37 39 40 42 44 46 47 48 50 51 52 3 5 7 9 11 13 15 17 19 20 29 32 33 35 38 41 43 45 49 53 54 55 56 57 
#c 0 0 0 1 0 1 0 1 0 1 0 1 0 1 0 1 0 1 0 1 1 0 0 0 0 0 0 0 0 1 0 0 1 1 0 1 0 0 1 0 0 1 0 1 0 1 0 0 0 1 0 0 0 1 1 1 1 1 
#3042550(div: 0) 3053632(div: 1) 
1 1 32 41 
#c 0 0 0 1 0 1 0 1 0 1 0 1 0 1 0 1 0 1 0 1 1 0 0 0 0 0 0 0 0 1 0 0 1 1 0 1 0 0 1 0 0 1 0 1 0 1 0 0 0 1 0 0 0 1 1 1 1 1 
#3042550(div: 0) 3053632(div: 1) 
1 1 32 54 
#c 0 0 0 1 0 1 0 1 0 1 0 1 0 1 0 1 0 1 0 1 1 0 0 0 0 0 0 0 0 1 0 0 1 1 0 1 0 0 1 0 0 1 0 1 0 1 0 0 0 1 0 0 0 1 1 1 1 1 
#3042550(div: 0) 3053632(div: 1) 
1 1 32 53 
#c 0 0 0 1 0 1 0 1 0 1 0 1 0 1 0 1 0 1 0 1 1 0 0 0 0 0 0 0 0 1 0 0 0 1 0 1 0 0 1 0 0 1 0 1 0 1 0 0 0 1 0 0 0 1 1 1 1 1 
#3043205(div: 0) 3052977(div: 1) 
35 23 0 1 2 4 6 8 10 12 14 16 18 21 22 23 24 25 26 27 28 30 31 32 34 36 37 39 40 42 44 46 47 48 50 51 52 3 5 7 9 11 13 15 17 19 20 29 33 35 38 41 43 45 49 53 54 55 56 57 
#c 0 0 0 1 0 1 0 1 0 1 0 1 0 1 0 1 0 1 0 1 1 0 0 0 0 0 0 0 0 1 0 0 0 1 0 1 0 0 1 0 0 1 0 1 0 1 0 0 0 1 0 0 0 1 1 1 1 1 
#3043205(div: 0) 3052977(div: 1) 
1 1 41 57 
#c 0 0 0 1 0 1 0 1 0 1 0 1 0 1 0 1 0 1 0 1 1 0 0 0 0 0 0 0 0 1 0 0 0 1 0 1 0 0 1 0 0 1 0 1 0 1 0 0 0 1 0 0 0 1 1 1 1 1 
#3043205(div: 0) 3052977(div: 1) 
1 1 29 41 
#c 0 0 0 1 0 1 0 1 0 1 0 1 0 1 0 1 0 1 0 1 1 0 0 0 0 0 0 0 0 1 0 0 0 1 0 1 0 0 1 0 0 1 0 1 0 1 0 0 0 1 0 0 0 1 1 1 1 1 
#3043205(div: 0) 3052977(div: 1) 
1 1 38 41 
#c 0 0 0 1 0 1 0 1 0 1 0 1 0 1 0 1 0 1 0 1 1 0 0 0 0 0 0 0 0 1 0 0 0 1 0 1 0 0 1 0 0 0 0 1 0 1 0 0 0 1 0 0 0 1 1 1 1 1 
#3064986(div: 0) 3031196(div: 1) 
36 22 0 1 2 4 6 8 10 12 14 16 18 21 22 23 24 25 26 27 28 30 31 32 34 36 37 39 40 41 42 44 46 47 48 50 51 52 3 5 7 9 11 13 15 17 19 20 29 33 35 38 43 45 49 53 54 55 56 57 
#c 0 0 0 1 0 1 0 1 0 1 0 1 0 1 0 1 0 1 0 1 1 0 0 0 0 0 0 0 0 1 0 0 0 1 0 1 0 0 1 0 0 0 0 1 0 1 0 0 0 1 0 0 0 1 1 1 1 1 
#3064986(div: 0) 3031196(div: 1) 
1 1 8 14 
#c 0 0 0 1 0 1 0 1 0 1 0 1 0 1 0 1 0 1 0 1 1 0 0 0 0 0 0 0 0 1 0 0 0 1 0 1 0 0 1 0 0 0 0 1 0 1 0 0 0 1 0 0 0 1 1 1 1 1 
#3064986(div: 0) 3031196(div: 1) 
1 1 8 36 
#c 0 0 0 1 0 1 0 1 0 1 0 1 0 1 0 1 0 1 0 1 1 0 0 0 0 0 0 0 0 1 0 0 0 1 0 1 0 0 1 0 0 0 0 1 0 1 0 0 0 1 0 0 0 1 1 1 1 1 
#3064986(div: 0) 3031196(div: 1) 
1 1 16 36 
#c 0 0 0 1 0 1 0 1 0 1 0 1 0 1 0 1 0 1 0 1 1 0 0 0 0 0 0 0 0 1 0 0 0 1 0 1 1 0 1 0 0 0 0 1 0 1 0 0 0 1 0 0 0 1 1 1 1 1 
#3048372(div: 0) 3047810(div: 1) 
35 23 0 1 2 4 6 8 10 12 14 16 18 21 22 23 24 25 26 27 28 30 31 32 34 37 39 40 41 42 44 46 47 48 50 51 52 3 5 7 9 11 13 15 17 19 20 29 33 35 36 38 43 45 49 53 54 55 56 57 
#c 0 0 0 1 0 1 0 1 0 1 0 1 0 1 0 1 0 1 0 1 1 0 0 0 0 0 0 0 0 1 0 0 0 1 0 1 1 0 1 0 0 0 0 1 0 1 0 0 0 1 0 0 0 1 1 1 1 1 
#3048372(div: 0) 3047810(div: 1) 
1 1 16 41 
#c 0 0 0 1 0 1 0 1 0 1 0 1 0 1 0 1 0 1 0 1 1 0 0 0 0 0 0 0 0 1 0 0 0 1 0 1 1 0 1 0 0 0 0 1 0 1 0 0 0 1 0 0 0 1 1 1 1 1 
#3048372(div: 0) 3047810(div: 1) 
1 1 31 41 
#c 0 0 0 1 0 1 0 1 0 1 0 1 0 1 0 1 0 1 0 1 1 0 0 0 0 0 0 0 0 1 0 0 0 1 0 1 1 0 1 0 0 0 0 1 0 1 0 0 0 1 0 0 0 1 1 1 1 1 
#3048372(div: 0) 3047810(div: 1) 
1 1 31 40 
#c 0 0 0 1 0 1 0 1 0 1 0 1 0 1 0 1 0 1 0 1 1 0 0 0 0 0 0 0 0 1 0 0 0 1 0 1 1 0 1 0 0 0 0 1 0 1 0 0 0 1 0 0 0 1 1 1 1 1 
#3048372(div: 0) 3047810(div: 1) 
1 1 1 40 
#c 0 0 0 1 0 1 0 1 0 1 0 1 0 1 0 1 0 1 0 1 1 0 0 0 0 0 0 0 0 1 0 0 0 1 0 1 1 0 1 0 0 0 0 1 0 1 0 0 0 1 0 0 0 1 1 1 1 1 
#3048372(div: 0) 3047810(div: 1) 
1 1 0 40 
#c 0 0 0 1 0 1 0 1 0 1 0 1 0 1 0 1 0 1 0 1 1 0 0 0 0 0 0 0 0 1 0 0 0 1 0 1 1 0 1 0 0 0 0 1 0 1 0 0 0 1 0 0 0 1 1 1 1 1 
#3048372(div: 0) 3047810(div: 1) 
1 1 37 40 
#c 0 0 0 1 0 1 0 1 0 1 0 1 0 1 0 1 0 1 0 1 1 0 0 0 0 0 0 0 0 1 0 0 0 1 0 1 1 0 1 0 0 0 0 1 0 1 0 0 0 1 0 0 0 1 1 1 1 1 
#3048372(div: 0) 3047810(div: 1) 
1 1 2 40 
#c 0 0 0 1 0 1 0 1 0 1 0 1 0 1 0 1 0 1 0 1 1 0 0 0 0 0 0 0 0 1 0 0 0 1 0 1 1 0 1 0 0 0 0 1 0 1 0 0 0 1 0 0 0 1 1 1 1 1 
#3048372(div: 0) 3047810(div: 1) 
1 1 28 40 
#c 0 0 0 1 0 1 0 1 0 1 0 1 0 1 0 1 0 1 0 1 1 0 0 0 0 0 0 0 0 1 0 0 0 1 0 1 1 0 1 0 0 0 0 1 0 1 0 0 0 1 0 0 0 1 1 1 1 1 
#3048372(div: 0) 3047810(div: 1) 
1 1 23 40 
#c 0 0 0 1 0 1 0 1 0 1 0 1 0 1 0 1 0 1 0 1 1 0 0 0 0 0 0 0 0 1 0 0 0 1 0 1 1 0 1 0 0 0 0 1 0 1 0 0 0 1 0 0 0 1 1 1 1 1 
#3048372(div: 0) 3047810(div: 1) 
1 1 40 44 
#c 0 0 0 1 0 1 0 1 0 1 0 1 0 1 0 1 0 1 0 1 1 0 0 0 0 0 0 0 0 1 0 0 0 1 0 1 1 0 1 0 1 0 0 1 0 1 0 0 0 1 0 0 0 1 1 1 1 1 
#3037892(div: 0) 3058290(div: 1) 
34 24 0 1 2 4 6 8 10 12 14 16 18 21 22 23 24 25 26 27 28 30 31 32 34 37 39 41 42 44 46 47 48 50 51 52 3 5 7 9 11 13 15 17 19 20 29 33 35 36 38 40 43 45 49 53 54 55 56 57 
#c 0 0 0 1 0 1 0 1 0 1 0 1 0 1 0 1 0 1 0 1 1 0 0 0 0 0 0 0 0 1 0 0 0 1 0 1 1 0 1 0 1 0 0 1 0 1 0 0 0 1 0 0 0 1 1 1 1 1 
#3037892(div: 0) 3058290(div: 1) 
1 1 5 38 
0 0 0 1 0 0 0 1 0 1 0 1 0 1 0 1 0 1 0 1 1 0 0 0 0 0 0 0 0 1 0 0 0 1 0 1 1 0 1 0 1 0 0 1 0 1 0 0 0 1 0 0 0 1 1 1 1 1 
#2387501
