#c 0 0 0 0 0 0 0 0 0 0 0 0 0 0 0 0 0 0 0 0 0 0 0 0 0 0 0 0 0 0 
#0(div: 0) 0(div: 1) 0(div: 2) 0(div: 3) 0(div: 4) 
1 1 13 24 
#c 0 0 0 0 0 0 0 0 0 0 0 0 0 0 0 0 0 0 0 0 0 0 0 0 0 0 0 0 0 0 
#0(div: 0) 0(div: 1) 0(div: 2) 0(div: 3) 0(div: 4) 
1 1 13 15 
#c 0 0 0 0 0 0 0 0 0 0 0 0 0 0 0 0 0 0 0 0 0 0 0 0 0 0 0 0 0 0 
#0(div: 0) 0(div: 1) 0(div: 2) 0(div: 3) 0(div: 4) 
1 1 13 29 
#c 0 0 0 0 0 0 0 0 0 0 0 0 0 0 0 0 0 0 0 0 0 0 0 0 0 0 0 0 0 0 
#0(div: 0) 0(div: 1) 0(div: 2) 0(div: 3) 0(div: 4) 
1 1 0 13 
#c 0 0 0 0 0 0 0 0 0 0 0 0 0 0 0 0 0 0 0 0 0 0 0 0 0 0 0 0 0 0 
#0(div: 0) 0(div: 1) 0(div: 2) 0(div: 3) 0(div: 4) 
1 1 17 20 
#c 0 0 0 0 0 0 0 0 0 0 0 0 0 0 0 0 0 0 0 0 0 0 0 0 0 0 0 0 0 0 
#0(div: 0) 0(div: 1) 0(div: 2) 0(div: 3) 0(div: 4) 
1 1 9 20 
#c 0 0 0 0 0 0 0 0 0 0 0 0 0 0 0 0 0 0 0 0 0 0 0 0 0 0 0 0 0 0 
#0(div: 0) 0(div: 1) 0(div: 2) 0(div: 3) 0(div: 4) 
1 1 20 22 
#c 0 0 0 0 0 0 0 0 0 0 0 0 0 0 0 0 0 0 0 0 0 0 0 0 0 0 0 0 0 0 
#0(div: 0) 0(div: 1) 0(div: 2) 0(div: 3) 0(div: 4) 
1 1 14 20 
#c 0 0 0 0 0 0 0 0 0 0 0 0 0 0 0 0 0 0 0 0 0 0 0 0 0 0 0 0 0 0 
#0(div: 0) 0(div: 1) 0(div: 2) 0(div: 3) 0(div: 4) 
1 1 1 3 
#c 0 0 0 0 0 0 0 0 0 0 0 0 0 0 0 0 0 0 0 0 0 0 0 0 0 0 0 0 0 0 
#0(div: 0) 0(div: 1) 0(div: 2) 0(div: 3) 0(div: 4) 
1 1 3 16 
#c 0 0 0 0 0 0 0 0 0 0 0 0 0 0 0 0 0 0 0 0 0 0 0 0 0 0 0 0 0 0 
#0(div: 0) 0(div: 1) 0(div: 2) 0(div: 3) 0(div: 4) 
1 1 3 6 
#c 0 0 0 0 0 0 0 0 0 0 0 0 0 0 0 0 0 0 0 0 0 0 0 0 0 0 0 0 0 0 
#0(div: 0) 0(div: 1) 0(div: 2) 0(div: 3) 0(div: 4) 
1 1 3 17 
#c 0 0 0 0 0 0 0 0 0 0 0 0 0 0 0 0 0 0 0 0 0 0 0 0 0 0 0 0 0 0 
#0(div: 0) 0(div: 1) 0(div: 2) 0(div: 3) 0(div: 4) 
1 1 7 23 
#c 0 0 0 0 0 0 0 0 0 0 0 0 0 0 0 0 0 0 0 0 0 0 0 0 0 0 0 0 0 0 
#0(div: 0) 0(div: 1) 0(div: 2) 0(div: 3) 0(div: 4) 
1 1 7 23 
#c 0 0 0 0 0 0 0 0 0 0 0 0 0 0 0 0 0 0 0 0 0 0 0 0 0 0 0 0 0 0 
#0(div: 0) 0(div: 1) 0(div: 2) 0(div: 3) 0(div: 4) 
1 1 12 23 
#c 0 0 0 0 0 0 0 0 0 0 0 0 0 0 0 0 0 0 0 0 0 0 0 0 0 0 0 0 0 0 
#0(div: 0) 0(div: 1) 0(div: 2) 0(div: 3) 0(div: 4) 
1 1 12 23 
#c 0 0 0 0 0 0 0 0 0 0 0 0 0 0 0 0 0 0 0 0 0 0 0 0 0 0 0 0 0 0 
#0(div: 0) 0(div: 1) 0(div: 2) 0(div: 3) 0(div: 4) 
1 1 11 16 
#c 0 0 0 0 0 0 0 0 0 0 0 0 0 0 0 0 0 0 0 0 0 0 0 0 0 0 0 0 0 0 
#0(div: 0) 0(div: 1) 0(div: 2) 0(div: 3) 0(div: 4) 
1 1 11 29 
#c 0 0 0 0 0 0 0 0 0 0 0 0 0 0 0 0 0 0 0 0 0 0 0 0 0 0 0 0 0 0 
#0(div: 0) 0(div: 1) 0(div: 2) 0(div: 3) 0(div: 4) 
1 1 2 29 
#c 0 0 0 0 0 0 0 0 0 0 0 0 0 0 0 0 0 0 0 0 0 0 0 0 0 0 0 0 0 0 
#0(div: 0) 0(div: 1) 0(div: 2) 0(div: 3) 0(div: 4) 
1 1 11 29 
# specialNodes Cnt: 10
#c 1 4 0 4 1 2 3 2 4 3 0 0 3 0 2 1 2 3 4 0 1 2 3 4 0 1 2 3 4 1 
#591546(div: 0) 380720(div: 1) 439912(div: 2) 655888(div: 3) 841831(div: 4) 
6 6 2 10 11 13 19 24 0 4 15 20 25 29 
#c 1 4 0 4 1 2 3 2 4 3 0 0 3 0 2 1 2 3 4 0 1 2 3 4 0 1 2 3 4 1 
#591546(div: 0) 380720(div: 1) 439912(div: 2) 655888(div: 3) 841831(div: 4) 
6 6 0 4 15 20 25 29 1 3 8 18 23 28 
#c 1 4 0 4 1 2 3 2 4 3 0 0 3 0 2 1 2 3 4 0 1 2 3 4 0 1 2 3 4 1 
#591546(div: 0) 380720(div: 1) 439912(div: 2) 655888(div: 3) 841831(div: 4) 
6 6 2 10 11 13 19 24 1 3 8 18 23 28 
#c 1 4 0 4 1 2 3 2 4 3 0 0 3 0 2 1 2 3 4 0 1 2 3 4 0 1 2 3 4 1 
#591546(div: 0) 380720(div: 1) 439912(div: 2) 655888(div: 3) 841831(div: 4) 
6 6 0 4 15 20 25 29 6 9 12 17 22 27 
#c 1 4 0 4 1 2 3 2 4 3 0 0 3 0 2 1 2 3 4 0 1 2 3 4 0 1 2 3 4 1 
#591546(div: 0) 380720(div: 1) 439912(div: 2) 655888(div: 3) 841831(div: 4) 
6 6 1 3 8 18 23 28 6 9 12 17 22 27 
#c 1 4 0 4 1 2 3 2 4 3 0 0 3 0 2 1 2 3 4 0 1 2 3 4 0 1 2 3 4 1 
#591546(div: 0) 380720(div: 1) 439912(div: 2) 655888(div: 3) 841831(div: 4) 
1 1 1 28 
#c 1 4 0 4 1 2 3 2 4 3 0 0 3 0 2 1 2 3 4 0 1 2 3 4 0 1 2 3 4 1 
#591546(div: 0) 380720(div: 1) 439912(div: 2) 655888(div: 3) 841831(div: 4) 
1 1 1 3 
#c 1 4 0 4 1 2 3 2 4 3 0 0 3 0 2 1 2 3 4 0 1 2 3 4 0 1 2 3 4 1 
#591546(div: 0) 380720(div: 1) 439912(div: 2) 655888(div: 3) 841831(div: 4) 
1 1 1 18 
#c 1 1 0 4 1 2 3 2 4 3 0 0 3 0 2 1 2 3 4 0 1 2 3 4 0 1 2 3 4 1 
#591546(div: 0) 416064(div: 1) 439912(div: 2) 655888(div: 3) 806487(div: 4) 
5 7 3 8 18 23 28 0 1 4 15 20 25 29 
#c 1 1 0 4 1 2 3 2 4 3 0 0 3 0 2 1 2 3 4 0 1 2 3 4 0 1 2 3 4 1 
#591546(div: 0) 416064(div: 1) 439912(div: 2) 655888(div: 3) 806487(div: 4) 
1 1 3 23 
#c 1 1 0 4 1 2 3 2 4 3 0 0 3 0 2 1 2 3 4 0 1 2 3 4 0 1 2 3 4 1 
#591546(div: 0) 416064(div: 1) 439912(div: 2) 655888(div: 3) 806487(div: 4) 
1 1 3 28 
#c 1 1 0 4 1 2 3 2 4 3 0 0 3 0 2 1 2 3 4 0 1 2 3 4 0 1 2 3 4 1 
#591546(div: 0) 416064(div: 1) 439912(div: 2) 655888(div: 3) 806487(div: 4) 
1 1 8 28 
#c 1 1 0 4 1 2 3 2 1 3 0 0 3 0 2 1 2 3 4 0 1 2 3 4 0 1 2 3 4 1 
#591546(div: 0) 495650(div: 1) 439912(div: 2) 655888(div: 3) 726901(div: 4) 
6 6 5 7 14 16 21 26 2 10 11 13 19 24 
#c 1 1 0 4 1 2 3 2 1 3 0 0 3 0 2 1 2 3 4 0 1 2 3 4 0 1 2 3 4 1 
#591546(div: 0) 495650(div: 1) 439912(div: 2) 655888(div: 3) 726901(div: 4) 
6 8 5 7 14 16 21 26 0 1 4 8 15 20 25 29 
#c 1 1 0 4 1 2 3 2 1 3 0 0 3 0 2 1 2 3 4 0 1 2 3 4 0 1 2 3 4 1 
#591546(div: 0) 495650(div: 1) 439912(div: 2) 655888(div: 3) 726901(div: 4) 
6 8 2 10 11 13 19 24 0 1 4 8 15 20 25 29 
#c 1 1 0 4 1 2 3 2 1 3 0 0 3 0 2 1 2 3 4 0 1 2 3 4 0 1 2 3 4 1 
#591546(div: 0) 495650(div: 1) 439912(div: 2) 655888(div: 3) 726901(div: 4) 
6 4 5 7 14 16 21 26 3 18 23 28 
#c 1 1 0 4 1 2 3 2 1 3 0 0 3 0 2 1 2 3 4 0 1 2 3 4 0 1 2 3 4 1 
#591546(div: 0) 495650(div: 1) 439912(div: 2) 655888(div: 3) 726901(div: 4) 
6 4 2 10 11 13 19 24 3 18 23 28 
#c 1 1 0 4 1 2 3 2 1 3 0 0 3 0 2 1 2 3 4 0 1 2 3 4 0 1 2 3 4 1 
#591546(div: 0) 495650(div: 1) 439912(div: 2) 655888(div: 3) 726901(div: 4) 
1 1 3 18 
#c 1 1 0 4 1 2 3 2 1 3 0 0 3 0 2 1 2 3 4 0 1 2 3 4 0 1 2 3 4 1 
#591546(div: 0) 495650(div: 1) 439912(div: 2) 655888(div: 3) 726901(div: 4) 
1 1 18 23 
#c 1 1 0 4 1 2 3 2 1 3 0 0 3 0 2 1 2 3 4 0 1 2 3 4 0 1 2 3 4 1 
#591546(div: 0) 495650(div: 1) 439912(div: 2) 655888(div: 3) 726901(div: 4) 
1 1 18 28 
#c 1 1 0 4 1 2 3 2 1 3 0 0 3 0 2 1 2 3 2 0 1 2 3 4 0 1 2 3 4 1 
#591546(div: 0) 495650(div: 1) 565984(div: 2) 655888(div: 3) 600829(div: 4) 
3 7 3 23 28 5 7 14 16 18 21 26 
#c 1 1 0 4 1 2 3 2 1 3 0 0 3 0 2 1 2 3 2 0 1 2 3 4 0 1 2 3 4 1 
#591546(div: 0) 495650(div: 1) 565984(div: 2) 655888(div: 3) 600829(div: 4) 
1 1 3 23 
#c 1 1 0 4 1 2 3 2 1 3 0 0 3 0 2 1 2 3 2 0 1 2 3 4 0 1 2 3 4 1 
#591546(div: 0) 495650(div: 1) 565984(div: 2) 655888(div: 3) 600829(div: 4) 
1 1 3 28 
#c 1 1 0 4 1 2 3 2 1 3 0 0 3 0 2 1 2 3 2 0 1 2 3 4 0 1 2 3 2 1 
#591546(div: 0) 495650(div: 1) 715815(div: 2) 655888(div: 3) 450998(div: 4) 
6 8 6 9 12 17 22 27 0 1 4 8 15 20 25 29 
#c 1 1 0 4 1 2 3 2 1 3 0 0 3 0 2 1 2 3 2 0 1 2 3 4 0 1 2 3 2 1 
#591546(div: 0) 495650(div: 1) 715815(div: 2) 655888(div: 3) 450998(div: 4) 
8 6 0 1 4 8 15 20 25 29 2 10 11 13 19 24 
#c 1 1 0 4 1 2 3 2 1 3 0 0 3 0 2 1 2 3 2 0 1 2 3 4 0 1 2 3 2 1 
#591546(div: 0) 495650(div: 1) 715815(div: 2) 655888(div: 3) 450998(div: 4) 
6 6 6 9 12 17 22 27 2 10 11 13 19 24 
#c 1 1 0 4 1 2 3 2 1 3 0 0 3 0 2 1 2 3 2 0 1 2 3 4 0 1 2 3 2 1 
#591546(div: 0) 495650(div: 1) 715815(div: 2) 655888(div: 3) 450998(div: 4) 
8 8 0 1 4 8 15 20 25 29 5 7 14 16 18 21 26 28 
#c 1 1 0 4 1 2 3 2 1 3 0 0 3 0 2 1 2 3 2 0 1 2 3 4 0 1 2 3 2 1 
#591546(div: 0) 495650(div: 1) 715815(div: 2) 655888(div: 3) 450998(div: 4) 
6 8 6 9 12 17 22 27 5 7 14 16 18 21 26 28 
#c 1 1 0 4 1 2 3 2 1 3 0 0 3 0 2 1 2 3 2 0 1 2 3 4 0 1 2 3 2 1 
#591546(div: 0) 495650(div: 1) 715815(div: 2) 655888(div: 3) 450998(div: 4) 
1 1 5 16 
#c 1 1 0 4 1 2 3 2 1 3 0 0 3 0 2 1 2 3 2 0 1 2 3 4 0 1 2 3 2 1 
#591546(div: 0) 495650(div: 1) 715815(div: 2) 655888(div: 3) 450998(div: 4) 
1 1 16 21 
#c 1 1 0 4 1 2 3 2 1 3 0 0 3 0 2 1 2 3 2 0 1 2 3 4 0 1 2 3 2 1 
#591546(div: 0) 495650(div: 1) 715815(div: 2) 655888(div: 3) 450998(div: 4) 
1 1 16 18 
#c 1 1 0 4 1 2 3 2 1 3 0 0 3 0 2 1 1 3 2 0 1 2 3 4 0 1 2 3 2 1 
#591546(div: 0) 506093(div: 1) 705372(div: 2) 655888(div: 3) 450998(div: 4) 
7 9 5 7 14 18 21 26 28 0 1 4 8 15 16 20 25 29 
#c 1 1 0 4 1 2 3 2 1 3 0 0 3 0 2 1 1 3 2 0 1 2 3 4 0 1 2 3 2 1 
#591546(div: 0) 506093(div: 1) 705372(div: 2) 655888(div: 3) 450998(div: 4) 
1 1 7 28 
#c 1 1 0 4 1 2 3 2 1 3 0 0 3 0 2 1 1 3 2 0 1 2 3 4 0 1 2 3 2 1 
#591546(div: 0) 506093(div: 1) 705372(div: 2) 655888(div: 3) 450998(div: 4) 
1 1 5 7 
#c 1 1 0 4 1 2 3 2 1 3 0 0 3 0 2 1 1 3 2 0 1 2 3 4 0 1 2 3 2 1 
#591546(div: 0) 506093(div: 1) 705372(div: 2) 655888(div: 3) 450998(div: 4) 
1 1 5 14 
#c 1 1 0 4 1 1 3 2 1 3 0 0 3 0 2 1 1 3 2 0 1 2 3 4 0 1 2 3 2 1 
#591546(div: 0) 553482(div: 1) 657983(div: 2) 655888(div: 3) 450998(div: 4) 
6 6 6 9 12 17 22 27 2 10 11 13 19 24 
#c 1 1 0 4 1 1 3 2 1 3 0 0 3 0 2 1 1 3 2 0 1 2 3 4 0 1 2 3 2 1 
#591546(div: 0) 553482(div: 1) 657983(div: 2) 655888(div: 3) 450998(div: 4) 
6 10 2 10 11 13 19 24 0 1 4 5 8 15 16 20 25 29 
#c 1 1 0 4 1 1 3 2 1 3 0 0 3 0 2 1 1 3 2 0 1 2 3 4 0 1 2 3 2 1 
#591546(div: 0) 553482(div: 1) 657983(div: 2) 655888(div: 3) 450998(div: 4) 
10 2 0 1 4 5 8 15 16 20 25 29 3 23 
#c 1 1 0 4 1 1 3 2 1 3 0 0 3 0 2 1 1 3 2 0 1 2 3 4 0 1 2 3 2 1 
#591546(div: 0) 553482(div: 1) 657983(div: 2) 655888(div: 3) 450998(div: 4) 
1 1 6 17 
#c 1 1 0 4 1 1 3 2 1 3 0 0 3 0 2 1 1 3 2 0 1 2 3 4 0 1 2 3 2 1 
#591546(div: 0) 553482(div: 1) 657983(div: 2) 655888(div: 3) 450998(div: 4) 
1 1 17 22 
#c 1 1 0 4 1 1 3 2 1 3 0 0 3 0 2 1 1 3 2 0 1 2 3 4 0 1 2 3 2 1 
#591546(div: 0) 553482(div: 1) 657983(div: 2) 655888(div: 3) 450998(div: 4) 
1 1 22 27 
#c 1 1 0 4 1 1 3 2 1 3 0 0 3 0 2 1 1 3 2 0 1 2 4 4 0 1 2 3 2 1 
#591546(div: 0) 553482(div: 1) 657983(div: 2) 636746(div: 3) 470140(div: 4) 
5 3 6 9 12 17 27 3 22 23 
#c 1 1 0 4 1 1 3 2 1 3 0 0 3 0 2 1 1 3 2 0 1 2 4 4 0 1 2 3 2 1 
#591546(div: 0) 553482(div: 1) 657983(div: 2) 636746(div: 3) 470140(div: 4) 
1 1 9 12 
#c 1 1 0 4 1 1 3 2 1 3 0 0 3 0 2 1 1 3 2 0 1 2 4 4 0 1 2 3 2 1 
#591546(div: 0) 553482(div: 1) 657983(div: 2) 636746(div: 3) 470140(div: 4) 
1 1 9 27 
#c 1 1 0 4 1 1 3 2 1 3 0 0 3 0 2 1 1 3 2 0 1 2 4 4 0 1 2 3 2 1 
#591546(div: 0) 553482(div: 1) 657983(div: 2) 636746(div: 3) 470140(div: 4) 
1 1 9 17 
#c 1 1 0 4 1 1 3 2 1 3 0 0 3 0 2 1 1 4 2 0 1 2 4 4 0 1 2 3 2 1 
#591546(div: 0) 553482(div: 1) 657983(div: 2) 605630(div: 3) 501256(div: 4) 
6 4 7 14 18 21 26 28 6 9 12 27 
#c 1 1 0 4 1 1 3 2 1 3 0 0 3 0 2 1 1 4 2 0 1 2 4 4 0 1 2 3 2 1 
#591546(div: 0) 553482(div: 1) 657983(div: 2) 605630(div: 3) 501256(div: 4) 
4 4 6 9 12 27 3 17 22 23 
#c 1 1 0 4 1 1 3 2 1 3 0 0 3 0 2 1 1 4 2 0 1 2 4 4 0 1 2 3 2 1 
#591546(div: 0) 553482(div: 1) 657983(div: 2) 605630(div: 3) 501256(div: 4) 
4 10 3 17 22 23 0 1 4 5 8 15 16 20 25 29 
#c 1 1 0 4 1 1 3 2 1 3 0 0 3 0 2 1 1 4 2 0 1 2 4 4 0 1 2 3 2 1 
#591546(div: 0) 553482(div: 1) 657983(div: 2) 605630(div: 3) 501256(div: 4) 
6 10 7 14 18 21 26 28 0 1 4 5 8 15 16 20 25 29 
#c 1 1 0 4 1 1 3 2 1 3 0 0 3 0 2 1 1 4 2 0 1 2 4 4 0 1 2 3 2 1 
#591546(div: 0) 553482(div: 1) 657983(div: 2) 605630(div: 3) 501256(div: 4) 
1 1 14 18 
#c 1 1 0 4 1 1 3 2 1 3 0 0 3 0 2 1 1 4 2 0 1 2 4 4 0 1 2 3 2 1 
#591546(div: 0) 553482(div: 1) 657983(div: 2) 605630(div: 3) 501256(div: 4) 
1 1 7 14 
#c 1 1 0 4 1 1 3 2 1 3 0 0 3 0 2 1 1 4 2 0 1 2 4 4 0 1 2 3 2 1 
#591546(div: 0) 553482(div: 1) 657983(div: 2) 605630(div: 3) 501256(div: 4) 
1 1 14 28 
#c 1 1 0 4 1 1 3 2 1 3 0 0 3 0 4 1 1 4 2 0 1 2 4 4 0 1 2 3 2 1 
#591546(div: 0) 553482(div: 1) 550467(div: 2) 605630(div: 3) 608772(div: 4) 
5 5 7 18 21 26 28 3 14 17 22 23 
#c 1 1 0 4 1 1 3 2 1 3 0 0 3 0 4 1 1 4 2 0 1 2 4 4 0 1 2 3 2 1 
#591546(div: 0) 553482(div: 1) 550467(div: 2) 605630(div: 3) 608772(div: 4) 
6 10 2 10 11 13 19 24 0 1 4 5 8 15 16 20 25 29 
#c 1 1 0 4 1 1 3 2 1 3 0 0 3 0 4 1 1 4 2 0 1 2 4 4 0 1 2 3 2 1 
#591546(div: 0) 553482(div: 1) 550467(div: 2) 605630(div: 3) 608772(div: 4) 
10 4 0 1 4 5 8 15 16 20 25 29 6 9 12 27 
#c 1 1 0 4 1 1 3 2 1 3 0 0 3 0 4 1 1 4 2 0 1 2 4 4 0 1 2 3 2 1 
#591546(div: 0) 553482(div: 1) 550467(div: 2) 605630(div: 3) 608772(div: 4) 
6 4 2 10 11 13 19 24 6 9 12 27 
#c 1 1 0 4 1 1 3 2 1 3 0 0 3 0 4 1 1 4 2 0 1 2 4 4 0 1 2 3 2 1 
#591546(div: 0) 553482(div: 1) 550467(div: 2) 605630(div: 3) 608772(div: 4) 
10 5 0 1 4 5 8 15 16 20 25 29 7 18 21 26 28 
#c 1 1 0 4 1 1 3 2 1 3 0 0 3 0 4 1 1 4 2 0 1 2 4 4 0 1 2 3 2 1 
#591546(div: 0) 553482(div: 1) 550467(div: 2) 605630(div: 3) 608772(div: 4) 
1 1 6 27 
#c 1 1 0 4 1 1 3 2 1 3 0 0 3 0 4 1 1 4 2 0 1 2 4 4 0 1 2 3 2 1 
#591546(div: 0) 553482(div: 1) 550467(div: 2) 605630(div: 3) 608772(div: 4) 
1 1 6 12 
#c 1 1 0 4 1 1 3 2 1 3 0 0 3 0 4 1 1 4 2 0 1 2 4 4 0 1 2 3 2 1 
#591546(div: 0) 553482(div: 1) 550467(div: 2) 605630(div: 3) 608772(div: 4) 
1 1 6 9 
#c 1 1 0 4 1 1 2 2 1 3 0 0 3 0 4 1 1 4 2 0 1 2 4 4 0 1 2 3 2 1 
#591546(div: 0) 553482(div: 1) 588959(div: 2) 567138(div: 3) 608772(div: 4) 
3 6 9 12 27 6 7 18 21 26 28 
#c 1 1 0 4 1 1 2 2 1 3 0 0 3 0 4 1 1 4 2 0 1 2 4 4 0 1 2 3 2 1 
#591546(div: 0) 553482(div: 1) 588959(div: 2) 567138(div: 3) 608772(div: 4) 
6 10 2 10 11 13 19 24 0 1 4 5 8 15 16 20 25 29 
#c 1 1 0 4 1 1 2 2 1 3 0 0 3 0 4 1 1 4 2 0 1 2 4 4 0 1 2 3 2 1 
#591546(div: 0) 553482(div: 1) 588959(div: 2) 567138(div: 3) 608772(div: 4) 
10 3 0 1 4 5 8 15 16 20 25 29 9 12 27 
#c 1 1 0 4 1 1 2 2 1 3 0 0 3 0 4 1 1 4 2 0 1 2 4 4 0 1 2 3 2 1 
#591546(div: 0) 553482(div: 1) 588959(div: 2) 567138(div: 3) 608772(div: 4) 
6 3 2 10 11 13 19 24 9 12 27 
#c 1 1 0 4 1 1 2 2 1 3 0 0 3 0 4 1 1 4 2 0 1 2 4 4 0 1 2 3 2 1 
#591546(div: 0) 553482(div: 1) 588959(div: 2) 567138(div: 3) 608772(div: 4) 
10 5 0 1 4 5 8 15 16 20 25 29 3 14 17 22 23 
#c 1 1 0 4 1 1 2 2 1 3 0 0 3 0 4 1 1 4 2 0 1 2 4 4 0 1 2 3 2 1 
#591546(div: 0) 553482(div: 1) 588959(div: 2) 567138(div: 3) 608772(div: 4) 
6 5 2 10 11 13 19 24 3 14 17 22 23 
#c 1 1 0 4 1 1 2 2 1 3 0 0 3 0 4 1 1 4 2 0 1 2 4 4 0 1 2 3 2 1 
#591546(div: 0) 553482(div: 1) 588959(div: 2) 567138(div: 3) 608772(div: 4) 
1 1 3 22 
#c 1 1 0 4 1 1 2 2 1 3 0 0 3 0 4 1 1 4 2 0 1 2 4 4 0 1 2 3 2 1 
#591546(div: 0) 553482(div: 1) 588959(div: 2) 567138(div: 3) 608772(div: 4) 
1 1 14 22 
#c 1 1 0 4 1 1 2 2 1 3 0 0 3 0 4 1 1 4 2 0 1 2 4 4 0 1 2 3 2 1 
#591546(div: 0) 553482(div: 1) 588959(div: 2) 567138(div: 3) 608772(div: 4) 
1 1 17 22 
#c 1 1 0 4 1 1 2 2 1 3 0 0 3 0 4 1 1 4 2 0 1 2 1 4 0 1 2 3 2 1 
#591546(div: 0) 572624(div: 1) 588959(div: 2) 567138(div: 3) 589630(div: 4) 
4 11 3 14 17 23 0 1 4 5 8 15 16 20 22 25 29 
#c 1 1 0 4 1 1 2 2 1 3 0 0 3 0 4 1 1 4 2 0 1 2 1 4 0 1 2 3 2 1 
#591546(div: 0) 572624(div: 1) 588959(div: 2) 567138(div: 3) 589630(div: 4) 
1 1 14 17 
#c 1 1 0 4 1 1 2 2 1 3 0 0 3 0 4 1 1 4 2 0 1 2 1 4 0 1 2 3 2 1 
#591546(div: 0) 572624(div: 1) 588959(div: 2) 567138(div: 3) 589630(div: 4) 
1 1 17 23 
#c 1 1 0 4 1 1 2 2 1 3 0 0 3 0 4 1 1 4 2 0 1 2 1 4 0 1 2 3 2 1 
#591546(div: 0) 572624(div: 1) 588959(div: 2) 567138(div: 3) 589630(div: 4) 
1 1 3 17 
#c 1 1 0 4 1 1 2 2 1 3 0 0 3 0 4 1 1 1 2 0 1 2 1 4 0 1 2 3 2 1 
#591546(div: 0) 603740(div: 1) 588959(div: 2) 567138(div: 3) 558514(div: 4) 
6 3 6 7 18 21 26 28 9 12 27 
#c 1 1 0 4 1 1 2 2 1 3 0 0 3 0 4 1 1 1 2 0 1 2 1 4 0 1 2 3 2 1 
#591546(div: 0) 603740(div: 1) 588959(div: 2) 567138(div: 3) 558514(div: 4) 
3 3 9 12 27 3 14 23 
#c 1 1 0 4 1 1 2 2 1 3 0 0 3 0 4 1 1 1 2 0 1 2 1 4 0 1 2 3 2 1 
#591546(div: 0) 603740(div: 1) 588959(div: 2) 567138(div: 3) 558514(div: 4) 
3 12 3 14 23 0 1 4 5 8 15 16 17 20 22 25 29 
#c 1 1 0 4 1 1 2 2 1 3 0 0 3 0 4 1 1 1 2 0 1 2 1 4 0 1 2 3 2 1 
#591546(div: 0) 603740(div: 1) 588959(div: 2) 567138(div: 3) 558514(div: 4) 
6 12 6 7 18 21 26 28 0 1 4 5 8 15 16 17 20 22 25 29 
#c 1 1 0 4 1 1 2 2 1 3 0 0 3 0 4 1 1 1 2 0 1 2 1 4 0 1 2 3 2 1 
#591546(div: 0) 603740(div: 1) 588959(div: 2) 567138(div: 3) 558514(div: 4) 
1 1 16 29 
#c 1 1 0 4 1 1 2 2 1 3 0 0 3 0 4 1 1 1 2 0 1 2 1 4 0 1 2 3 2 1 
#591546(div: 0) 603740(div: 1) 588959(div: 2) 567138(div: 3) 558514(div: 4) 
1 1 16 25 
#c 1 1 0 4 1 1 2 2 1 3 0 0 3 0 4 1 1 1 2 0 1 2 1 4 0 1 2 3 2 1 
#591546(div: 0) 603740(div: 1) 588959(div: 2) 567138(div: 3) 558514(div: 4) 
1 1 16 22 
#c 1 1 0 4 1 1 2 2 1 3 0 0 3 0 4 1 4 1 2 0 1 2 1 4 0 1 2 3 2 1 
#591546(div: 0) 593297(div: 1) 588959(div: 2) 567138(div: 3) 568957(div: 4) 
11 4 0 1 4 5 8 15 17 20 22 25 29 3 14 16 23 
#c 1 1 0 4 1 1 2 2 1 3 0 0 3 0 4 1 4 1 2 0 1 2 1 4 0 1 2 3 2 1 
#591546(div: 0) 593297(div: 1) 588959(div: 2) 567138(div: 3) 568957(div: 4) 
1 1 1 22 
#c 1 1 0 4 1 1 2 2 1 3 0 0 3 0 4 1 4 1 2 0 1 2 1 4 0 1 2 3 2 1 
#591546(div: 0) 593297(div: 1) 588959(div: 2) 567138(div: 3) 568957(div: 4) 
1 1 5 22 
#c 1 1 0 4 1 1 2 2 1 3 0 0 3 0 4 1 4 1 2 0 1 2 1 4 0 1 2 3 2 1 
#591546(div: 0) 593297(div: 1) 588959(div: 2) 567138(div: 3) 568957(div: 4) 
1 1 0 22 
#c 4 1 0 4 1 1 2 2 1 3 0 0 3 0 4 1 4 1 2 0 1 2 1 4 0 1 2 3 2 1 
#591546(div: 0) 577104(div: 1) 588959(div: 2) 567138(div: 3) 585150(div: 4) 
6 6 2 10 11 13 19 24 6 7 18 21 26 28 
#c 4 1 0 4 1 1 2 2 1 3 0 0 3 0 4 1 4 1 2 0 1 2 1 4 0 1 2 3 2 1 
#591546(div: 0) 577104(div: 1) 588959(div: 2) 567138(div: 3) 585150(div: 4) 
6 3 6 7 18 21 26 28 9 12 27 
#c 4 1 0 4 1 1 2 2 1 3 0 0 3 0 4 1 4 1 2 0 1 2 1 4 0 1 2 3 2 1 
#591546(div: 0) 577104(div: 1) 588959(div: 2) 567138(div: 3) 585150(div: 4) 
3 5 9 12 27 0 3 14 16 23 
#c 4 1 0 4 1 1 2 2 1 3 0 0 3 0 4 1 4 1 2 0 1 2 1 4 0 1 2 3 2 1 
#591546(div: 0) 577104(div: 1) 588959(div: 2) 567138(div: 3) 585150(div: 4) 
6 5 2 10 11 13 19 24 0 3 14 16 23 
#c 4 1 0 4 1 1 2 2 1 3 0 0 3 0 4 1 4 1 2 0 1 2 1 4 0 1 2 3 2 1 
#591546(div: 0) 577104(div: 1) 588959(div: 2) 567138(div: 3) 585150(div: 4) 
1 1 13 19 
#c 4 1 0 4 1 1 2 2 1 3 0 0 3 0 4 1 4 1 2 0 1 2 1 4 0 1 2 3 2 1 
#591546(div: 0) 577104(div: 1) 588959(div: 2) 567138(div: 3) 585150(div: 4) 
1 1 2 13 
#c 4 1 0 4 1 1 2 2 1 3 0 0 3 0 4 1 4 1 2 0 1 2 1 4 0 1 2 3 2 1 
#591546(div: 0) 577104(div: 1) 588959(div: 2) 567138(div: 3) 585150(div: 4) 
1 1 2 10 
#c 4 1 0 4 1 1 2 2 1 3 3 0 3 0 4 1 4 1 2 0 1 2 1 4 0 1 2 3 2 1 
#585177(div: 0) 577104(div: 1) 588959(div: 2) 573507(div: 3) 585150(div: 4) 
5 4 2 11 13 19 24 9 10 12 27 
#c 4 1 0 4 1 1 2 2 1 3 3 0 3 0 4 1 4 1 2 0 1 2 1 4 0 1 2 3 2 1 
#585177(div: 0) 577104(div: 1) 588959(div: 2) 573507(div: 3) 585150(div: 4) 
1 1 19 24 
#c 4 1 0 4 1 1 2 2 1 3 3 0 3 0 4 1 4 1 2 0 1 2 1 4 0 1 2 3 2 1 
#585177(div: 0) 577104(div: 1) 588959(div: 2) 573507(div: 3) 585150(div: 4) 
1 1 2 24 
#c 4 1 0 4 1 1 2 2 1 3 3 0 3 0 4 1 4 1 2 0 1 2 1 4 0 1 2 3 2 1 
#585177(div: 0) 577104(div: 1) 588959(div: 2) 573507(div: 3) 585150(div: 4) 
1 1 13 24 
#c 4 1 0 4 1 1 2 2 1 3 3 0 3 0 4 1 4 1 2 0 1 2 1 4 3 1 2 3 2 1 
#552816(div: 0) 577104(div: 1) 588959(div: 2) 605868(div: 3) 585150(div: 4) 
6 4 6 7 18 21 26 28 2 11 13 19 
#c 4 1 0 4 1 1 2 2 1 3 3 0 3 0 4 1 4 1 2 0 1 2 1 4 3 1 2 3 2 1 
#552816(div: 0) 577104(div: 1) 588959(div: 2) 605868(div: 3) 585150(div: 4) 
4 5 2 11 13 19 0 3 14 16 23 
#c 4 1 0 4 1 1 2 2 1 3 3 0 3 0 4 1 4 1 2 0 1 2 1 4 3 1 2 3 2 1 
#552816(div: 0) 577104(div: 1) 588959(div: 2) 605868(div: 3) 585150(div: 4) 
6 5 6 7 18 21 26 28 0 3 14 16 23 
#c 4 1 0 4 1 1 2 2 1 3 3 0 3 0 4 1 4 1 2 0 1 2 1 4 3 1 2 3 2 1 
#552816(div: 0) 577104(div: 1) 588959(div: 2) 605868(div: 3) 585150(div: 4) 
4 5 2 11 13 19 9 10 12 24 27 
#c 4 1 0 4 1 1 2 2 1 3 3 0 3 0 4 1 4 1 2 0 1 2 1 4 3 1 2 3 2 1 
#552816(div: 0) 577104(div: 1) 588959(div: 2) 605868(div: 3) 585150(div: 4) 
6 5 6 7 18 21 26 28 9 10 12 24 27 
#c 4 1 0 4 1 1 2 2 1 3 3 0 3 0 4 1 4 1 2 0 1 2 1 4 3 1 2 3 2 1 
#552816(div: 0) 577104(div: 1) 588959(div: 2) 605868(div: 3) 585150(div: 4) 
1 1 10 12 
#c 4 1 0 4 1 1 2 2 1 3 3 0 3 0 4 1 4 1 2 0 1 2 1 4 3 1 2 3 2 1 
#552816(div: 0) 577104(div: 1) 588959(div: 2) 605868(div: 3) 585150(div: 4) 
1 1 10 27 
#c 4 1 0 4 1 1 2 2 1 3 3 0 3 0 4 1 4 1 2 0 1 2 1 4 3 1 2 3 2 1 
#552816(div: 0) 577104(div: 1) 588959(div: 2) 605868(div: 3) 585150(div: 4) 
1 1 9 10 
#c 4 1 0 4 1 1 2 2 1 3 0 0 3 0 4 1 4 1 2 0 1 2 1 4 3 1 2 3 2 1 
#559185(div: 0) 577104(div: 1) 588959(div: 2) 599499(div: 3) 585150(div: 4) 
4 5 9 12 24 27 2 10 11 13 19 
#c 4 1 0 4 1 1 2 2 1 3 0 0 3 0 4 1 4 1 2 0 1 2 1 4 3 1 2 3 2 1 
#559185(div: 0) 577104(div: 1) 588959(div: 2) 599499(div: 3) 585150(div: 4) 
1 1 12 24 
#c 4 1 0 4 1 1 2 2 1 3 0 0 3 0 4 1 4 1 2 0 1 2 1 4 3 1 2 3 2 1 
#559185(div: 0) 577104(div: 1) 588959(div: 2) 599499(div: 3) 585150(div: 4) 
1 1 9 24 
#c 4 1 0 4 1 1 2 2 1 3 0 0 3 0 4 1 4 1 2 0 1 2 1 4 3 1 2 3 2 1 
#559185(div: 0) 577104(div: 1) 588959(div: 2) 599499(div: 3) 585150(div: 4) 
1 1 24 27 
#c 4 1 0 4 1 1 2 2 1 3 0 0 3 0 4 1 4 1 2 0 1 2 1 4 0 1 2 3 2 1 
#591546(div: 0) 577104(div: 1) 588959(div: 2) 567138(div: 3) 585150(div: 4) 
6 10 6 7 18 21 26 28 1 4 5 8 15 17 20 22 25 29 
#c 4 1 0 4 1 1 2 2 1 3 0 0 3 0 4 1 4 1 2 0 1 2 1 4 0 1 2 3 2 1 
#591546(div: 0) 577104(div: 1) 588959(div: 2) 567138(div: 3) 585150(div: 4) 
10 3 1 4 5 8 15 17 20 22 25 29 9 12 27 
#c 4 1 0 4 1 1 2 2 1 3 0 0 3 0 4 1 4 1 2 0 1 2 1 4 0 1 2 3 2 1 
#591546(div: 0) 577104(div: 1) 588959(div: 2) 567138(div: 3) 585150(div: 4) 
3 6 9 12 27 2 10 11 13 19 24 
#c 4 1 0 4 1 1 2 2 1 3 0 0 3 0 4 1 4 1 2 0 1 2 1 4 0 1 2 3 2 1 
#591546(div: 0) 577104(div: 1) 588959(div: 2) 567138(div: 3) 585150(div: 4) 
6 6 6 7 18 21 26 28 2 10 11 13 19 24 
#c 4 1 0 4 1 1 2 2 1 3 0 0 3 0 4 1 4 1 2 0 1 2 1 4 0 1 2 3 2 1 
#591546(div: 0) 577104(div: 1) 588959(div: 2) 567138(div: 3) 585150(div: 4) 
1 1 19 24 
#c 4 1 0 4 1 1 2 2 1 3 0 0 3 0 4 1 4 1 2 0 1 2 1 4 0 1 2 3 2 1 
#591546(div: 0) 577104(div: 1) 588959(div: 2) 567138(div: 3) 585150(div: 4) 
1 1 11 24 
#c 4 1 0 4 1 1 2 2 1 3 0 0 3 0 4 1 4 1 2 0 1 2 1 4 0 1 2 3 2 1 
#591546(div: 0) 577104(div: 1) 588959(div: 2) 567138(div: 3) 585150(div: 4) 
1 1 10 11 
#c 4 1 0 4 1 1 2 2 1 3 3 0 3 0 4 1 4 1 2 0 1 2 1 4 0 1 2 3 2 1 
#585177(div: 0) 577104(div: 1) 588959(div: 2) 573507(div: 3) 585150(div: 4) 
5 4 2 11 13 19 24 9 10 12 27 
#c 4 1 0 4 1 1 2 2 1 3 3 0 3 0 4 1 4 1 2 0 1 2 1 4 0 1 2 3 2 1 
#585177(div: 0) 577104(div: 1) 588959(div: 2) 573507(div: 3) 585150(div: 4) 
1 1 11 24 
#c 4 1 0 4 1 1 2 2 1 3 3 0 3 0 4 1 4 1 2 0 1 2 1 4 0 1 2 3 2 1 
#585177(div: 0) 577104(div: 1) 588959(div: 2) 573507(div: 3) 585150(div: 4) 
1 1 11 19 
#c 4 1 0 4 1 1 2 2 1 3 3 0 3 0 4 1 4 1 2 0 1 2 1 4 0 1 2 3 2 1 
#585177(div: 0) 577104(div: 1) 588959(div: 2) 573507(div: 3) 585150(div: 4) 
1 1 11 13 
#c 4 1 0 4 1 1 2 2 1 3 3 3 3 0 4 1 4 1 2 0 1 2 1 4 0 1 2 3 2 1 
#562455(div: 0) 577104(div: 1) 588959(div: 2) 596229(div: 3) 585150(div: 4) 
6 5 6 7 18 21 26 28 9 10 11 12 27 
#c 4 1 0 4 1 1 2 2 1 3 3 3 3 0 4 1 4 1 2 0 1 2 1 4 0 1 2 3 2 1 
#562455(div: 0) 577104(div: 1) 588959(div: 2) 596229(div: 3) 585150(div: 4) 
6 4 6 7 18 21 26 28 2 13 19 24 
#c 4 1 0 4 1 1 2 2 1 3 3 3 3 0 4 1 4 1 2 0 1 2 1 4 0 1 2 3 2 1 
#562455(div: 0) 577104(div: 1) 588959(div: 2) 596229(div: 3) 585150(div: 4) 
4 10 2 13 19 24 1 4 5 8 15 17 20 22 25 29 
#c 4 1 0 4 1 1 2 2 1 3 3 3 3 0 4 1 4 1 2 0 1 2 1 4 0 1 2 3 2 1 
#562455(div: 0) 577104(div: 1) 588959(div: 2) 596229(div: 3) 585150(div: 4) 
5 10 9 10 11 12 27 1 4 5 8 15 17 20 22 25 29 
#c 4 1 0 4 1 1 2 2 1 3 3 3 3 0 4 1 4 1 2 0 1 2 1 4 0 1 2 3 2 1 
#562455(div: 0) 577104(div: 1) 588959(div: 2) 596229(div: 3) 585150(div: 4) 
1 1 9 11 
#c 4 1 0 4 1 1 2 2 1 3 3 3 3 0 4 1 4 1 2 0 1 2 1 4 0 1 2 3 2 1 
#562455(div: 0) 577104(div: 1) 588959(div: 2) 596229(div: 3) 585150(div: 4) 
1 1 10 11 
#c 4 1 0 4 1 1 2 2 1 3 3 3 3 0 4 1 4 1 2 0 1 2 1 4 0 1 2 3 2 1 
#562455(div: 0) 577104(div: 1) 588959(div: 2) 596229(div: 3) 585150(div: 4) 
1 1 10 27 
#c 4 1 0 4 1 1 2 2 1 3 0 3 3 0 4 1 4 1 2 0 1 2 1 4 0 1 2 3 2 1 
#568824(div: 0) 577104(div: 1) 588959(div: 2) 589860(div: 3) 585150(div: 4) 
4 5 9 11 12 27 2 10 13 19 24 
#c 4 1 0 4 1 1 2 2 1 3 0 3 3 0 4 1 4 1 2 0 1 2 1 4 0 1 2 3 2 1 
#568824(div: 0) 577104(div: 1) 588959(div: 2) 589860(div: 3) 585150(div: 4) 
1 1 9 12 
#c 4 1 0 4 1 1 2 2 1 3 0 3 3 0 4 1 4 1 2 0 1 2 1 4 0 1 2 3 2 1 
#568824(div: 0) 577104(div: 1) 588959(div: 2) 589860(div: 3) 585150(div: 4) 
1 1 9 27 
#c 4 1 0 4 1 1 2 2 1 3 0 3 3 0 4 1 4 1 2 0 1 2 1 4 0 1 2 3 2 1 
#568824(div: 0) 577104(div: 1) 588959(div: 2) 589860(div: 3) 585150(div: 4) 
1 1 9 11 
#c 4 1 0 4 1 1 2 2 1 3 0 0 3 0 4 1 4 1 2 0 1 2 1 4 0 1 2 3 2 1 
#591546(div: 0) 577104(div: 1) 588959(div: 2) 567138(div: 3) 585150(div: 4) 
5 3 0 3 14 16 23 9 12 27 
#c 4 1 0 4 1 1 2 2 1 3 0 0 3 0 4 1 4 1 2 0 1 2 1 4 0 1 2 3 2 1 
#591546(div: 0) 577104(div: 1) 588959(div: 2) 567138(div: 3) 585150(div: 4) 
3 10 9 12 27 1 4 5 8 15 17 20 22 25 29 
#c 4 1 0 4 1 1 2 2 1 3 0 0 3 0 4 1 4 1 2 0 1 2 1 4 0 1 2 3 2 1 
#591546(div: 0) 577104(div: 1) 588959(div: 2) 567138(div: 3) 585150(div: 4) 
5 10 0 3 14 16 23 1 4 5 8 15 17 20 22 25 29 
#c 4 1 0 4 1 1 2 2 1 3 0 0 3 0 4 1 4 1 2 0 1 2 1 4 0 1 2 3 2 1 
#591546(div: 0) 577104(div: 1) 588959(div: 2) 567138(div: 3) 585150(div: 4) 
3 6 9 12 27 6 7 18 21 26 28 
#c 4 1 0 4 1 1 2 2 1 3 0 0 3 0 4 1 4 1 2 0 1 2 1 4 0 1 2 3 2 1 
#591546(div: 0) 577104(div: 1) 588959(div: 2) 567138(div: 3) 585150(div: 4) 
5 6 0 3 14 16 23 6 7 18 21 26 28 
#c 4 1 0 4 1 1 2 2 1 3 0 0 3 0 4 1 4 1 2 0 1 2 1 4 0 1 2 3 2 1 
#591546(div: 0) 577104(div: 1) 588959(div: 2) 567138(div: 3) 585150(div: 4) 
1 1 7 28 
#c 4 1 0 4 1 1 2 2 1 3 0 0 3 0 4 1 4 1 2 0 1 2 1 4 0 1 2 3 2 1 
#591546(div: 0) 577104(div: 1) 588959(div: 2) 567138(div: 3) 585150(div: 4) 
1 1 7 18 
#c 4 1 0 4 1 1 2 2 1 3 0 0 3 0 4 1 4 1 2 0 1 2 1 4 0 1 2 3 2 1 
#591546(div: 0) 577104(div: 1) 588959(div: 2) 567138(div: 3) 585150(div: 4) 
1 1 7 26 
#c 4 1 0 4 1 1 2 2 1 3 0 0 3 0 4 1 4 1 2 0 1 2 1 4 0 1 3 3 2 1 
#591546(div: 0) 577104(div: 1) 538670(div: 2) 617427(div: 3) 585150(div: 4) 
5 4 6 7 18 21 28 9 12 26 27 
#c 4 1 0 4 1 1 2 2 1 3 0 0 3 0 4 1 4 1 2 0 1 2 1 4 0 1 3 3 2 1 
#591546(div: 0) 577104(div: 1) 538670(div: 2) 617427(div: 3) 585150(div: 4) 
5 5 0 3 14 16 23 6 7 18 21 28 
#c 4 1 0 4 1 1 2 2 1 3 0 0 3 0 4 1 4 1 2 0 1 2 1 4 0 1 3 3 2 1 
#591546(div: 0) 577104(div: 1) 538670(div: 2) 617427(div: 3) 585150(div: 4) 
5 6 6 7 18 21 28 2 10 11 13 19 24 
#c 4 1 0 4 1 1 2 2 1 3 0 0 3 0 4 1 4 1 2 0 1 2 1 4 0 1 3 3 2 1 
#591546(div: 0) 577104(div: 1) 538670(div: 2) 617427(div: 3) 585150(div: 4) 
5 6 0 3 14 16 23 2 10 11 13 19 24 
#c 4 1 0 4 1 1 2 2 1 3 0 0 3 0 4 1 4 1 2 0 1 2 1 4 0 1 3 3 2 1 
#591546(div: 0) 577104(div: 1) 538670(div: 2) 617427(div: 3) 585150(div: 4) 
5 10 6 7 18 21 28 1 4 5 8 15 17 20 22 25 29 
#c 4 1 0 4 1 1 2 2 1 3 0 0 3 0 4 1 4 1 2 0 1 2 1 4 0 1 3 3 2 1 
#591546(div: 0) 577104(div: 1) 538670(div: 2) 617427(div: 3) 585150(div: 4) 
6 10 2 10 11 13 19 24 1 4 5 8 15 17 20 22 25 29 
#c 4 1 0 4 1 1 2 2 1 3 0 0 3 0 4 1 4 1 2 0 1 2 1 4 0 1 3 3 2 1 
#591546(div: 0) 577104(div: 1) 538670(div: 2) 617427(div: 3) 585150(div: 4) 
1 1 10 24 
#c 4 1 0 4 1 1 2 2 1 3 0 0 3 0 4 1 4 1 2 0 1 2 1 4 0 1 3 3 2 1 
#591546(div: 0) 577104(div: 1) 538670(div: 2) 617427(div: 3) 585150(div: 4) 
1 1 10 11 
#c 4 1 0 4 1 1 2 2 1 3 0 0 3 0 4 1 4 1 2 0 1 2 1 4 0 1 3 3 2 1 
#591546(div: 0) 577104(div: 1) 538670(div: 2) 617427(div: 3) 585150(div: 4) 
1 1 2 10 
#c 4 1 0 4 1 1 2 2 1 3 2 0 3 0 4 1 4 1 2 0 1 2 1 4 0 1 3 3 2 1 
#585177(div: 0) 577104(div: 1) 545039(div: 2) 617427(div: 3) 585150(div: 4) 
5 6 2 11 13 19 24 6 7 10 18 21 28 
#c 4 1 0 4 1 1 2 2 1 3 2 0 3 0 4 1 4 1 2 0 1 2 1 4 0 1 3 3 2 1 
#585177(div: 0) 577104(div: 1) 545039(div: 2) 617427(div: 3) 585150(div: 4) 
1 1 13 24 
#c 4 1 0 4 1 1 2 2 1 3 2 0 3 0 4 1 4 1 2 0 1 2 1 4 0 1 3 3 2 1 
#585177(div: 0) 577104(div: 1) 545039(div: 2) 617427(div: 3) 585150(div: 4) 
1 1 2 24 
#c 4 1 0 4 1 1 2 2 1 3 2 0 3 0 4 1 4 1 2 0 1 2 1 4 0 1 3 3 2 1 
#585177(div: 0) 577104(div: 1) 545039(div: 2) 617427(div: 3) 585150(div: 4) 
1 1 19 24 
#c 4 1 0 4 1 1 2 2 1 3 2 0 3 0 4 1 4 1 2 0 1 2 1 4 2 1 3 3 2 1 
#552816(div: 0) 577104(div: 1) 577400(div: 2) 617427(div: 3) 585150(div: 4) 
5 4 0 3 14 16 23 9 12 26 27 
#c 4 1 0 4 1 1 2 2 1 3 2 0 3 0 4 1 4 1 2 0 1 2 1 4 2 1 3 3 2 1 
#552816(div: 0) 577104(div: 1) 577400(div: 2) 617427(div: 3) 585150(div: 4) 
5 4 0 3 14 16 23 2 11 13 19 
#c 4 1 0 4 1 1 2 2 1 3 2 0 3 0 4 1 4 1 2 0 1 2 1 4 2 1 3 3 2 1 
#552816(div: 0) 577104(div: 1) 577400(div: 2) 617427(div: 3) 585150(div: 4) 
4 10 2 11 13 19 1 4 5 8 15 17 20 22 25 29 
#c 4 1 0 4 1 1 2 2 1 3 2 0 3 0 4 1 4 1 2 0 1 2 1 4 2 1 3 3 2 1 
#552816(div: 0) 577104(div: 1) 577400(div: 2) 617427(div: 3) 585150(div: 4) 
4 10 9 12 26 27 1 4 5 8 15 17 20 22 25 29 
#c 4 1 0 4 1 1 2 2 1 3 2 0 3 0 4 1 4 1 2 0 1 2 1 4 2 1 3 3 2 1 
#552816(div: 0) 577104(div: 1) 577400(div: 2) 617427(div: 3) 585150(div: 4) 
1 1 9 27 
#c 4 1 0 4 1 1 2 2 1 3 2 0 3 0 4 1 4 1 2 0 1 2 1 4 2 1 3 3 2 1 
#552816(div: 0) 577104(div: 1) 577400(div: 2) 617427(div: 3) 585150(div: 4) 
1 1 9 12 
#c 4 1 0 4 1 1 2 2 1 3 2 0 3 0 4 1 4 1 2 0 1 2 1 4 2 1 3 3 2 1 
#552816(div: 0) 577104(div: 1) 577400(div: 2) 617427(div: 3) 585150(div: 4) 
1 1 9 26 
#c 4 1 0 4 1 1 2 2 1 0 2 0 3 0 4 1 4 1 2 0 1 2 1 4 2 1 3 3 2 1 
#600830(div: 0) 577104(div: 1) 577400(div: 2) 569413(div: 3) 585150(div: 4) 
3 5 12 26 27 2 9 11 13 19 
#c 4 1 0 4 1 1 2 2 1 0 2 0 3 0 4 1 4 1 2 0 1 2 1 4 2 1 3 3 2 1 
#600830(div: 0) 577104(div: 1) 577400(div: 2) 569413(div: 3) 585150(div: 4) 
5 3 0 3 14 16 23 12 26 27 
#c 4 1 0 4 1 1 2 2 1 0 2 0 3 0 4 1 4 1 2 0 1 2 1 4 2 1 3 3 2 1 
#600830(div: 0) 577104(div: 1) 577400(div: 2) 569413(div: 3) 585150(div: 4) 
3 5 12 26 27 2 9 11 13 19 
#c 4 1 0 4 1 1 2 2 1 0 2 0 3 0 4 1 4 1 2 0 1 2 1 4 2 1 3 3 2 1 
#600830(div: 0) 577104(div: 1) 577400(div: 2) 569413(div: 3) 585150(div: 4) 
5 5 0 3 14 16 23 2 9 11 13 19 
#c 4 1 0 4 1 1 2 2 1 0 2 0 3 0 4 1 4 1 2 0 1 2 1 4 2 1 3 3 2 1 
#600830(div: 0) 577104(div: 1) 577400(div: 2) 569413(div: 3) 585150(div: 4) 
3 7 12 26 27 6 7 10 18 21 24 28 
#c 4 1 0 4 1 1 2 2 1 0 2 0 3 0 4 1 4 1 2 0 1 2 1 4 2 1 3 3 2 1 
#600830(div: 0) 577104(div: 1) 577400(div: 2) 569413(div: 3) 585150(div: 4) 
5 7 2 9 11 13 19 6 7 10 18 21 24 28 
#c 4 1 0 4 1 1 2 2 1 0 2 0 3 0 4 1 4 1 2 0 1 2 1 4 2 1 3 3 2 1 
#600830(div: 0) 577104(div: 1) 577400(div: 2) 569413(div: 3) 585150(div: 4) 
1 1 2 13 
#c 4 1 0 4 1 1 2 2 1 0 2 0 3 0 4 1 4 1 2 0 1 2 1 4 2 1 3 3 2 1 
#600830(div: 0) 577104(div: 1) 577400(div: 2) 569413(div: 3) 585150(div: 4) 
1 1 2 11 
#c 4 1 0 4 1 1 2 2 1 0 2 0 3 0 4 1 4 1 2 0 1 2 1 4 2 1 3 3 2 1 
#600830(div: 0) 577104(div: 1) 577400(div: 2) 569413(div: 3) 585150(div: 4) 
1 1 9 11 
#c 4 1 0 4 1 1 2 2 1 0 2 3 3 0 4 1 4 1 2 0 1 2 1 4 2 1 3 3 2 1 
#578108(div: 0) 577104(div: 1) 577400(div: 2) 592135(div: 3) 585150(div: 4) 
4 4 2 9 13 19 11 12 26 27 
#c 4 1 0 4 1 1 2 2 1 0 2 3 3 0 4 1 4 1 2 0 1 2 1 4 2 1 3 3 2 1 
#578108(div: 0) 577104(div: 1) 577400(div: 2) 592135(div: 3) 585150(div: 4) 
5 4 0 3 14 16 23 11 12 26 27 
#c 4 1 0 4 1 1 2 2 1 0 2 3 3 0 4 1 4 1 2 0 1 2 1 4 2 1 3 3 2 1 
#578108(div: 0) 577104(div: 1) 577400(div: 2) 592135(div: 3) 585150(div: 4) 
5 10 0 3 14 16 23 1 4 5 8 15 17 20 22 25 29 
#c 4 1 0 4 1 1 2 2 1 0 2 3 3 0 4 1 4 1 2 0 1 2 1 4 2 1 3 3 2 1 
#578108(div: 0) 577104(div: 1) 577400(div: 2) 592135(div: 3) 585150(div: 4) 
10 4 1 4 5 8 15 17 20 22 25 29 2 9 13 19 
#c 4 1 0 4 1 1 2 2 1 0 2 3 3 0 4 1 4 1 2 0 1 2 1 4 2 1 3 3 2 1 
#578108(div: 0) 577104(div: 1) 577400(div: 2) 592135(div: 3) 585150(div: 4) 
4 4 11 12 26 27 2 9 13 19 
#c 4 1 0 4 1 1 2 2 1 0 2 3 3 0 4 1 4 1 2 0 1 2 1 4 2 1 3 3 2 1 
#578108(div: 0) 577104(div: 1) 577400(div: 2) 592135(div: 3) 585150(div: 4) 
1 1 11 26 
#c 4 1 0 4 1 1 2 2 1 0 2 3 3 0 4 1 4 1 2 0 1 2 1 4 2 1 3 3 2 1 
#578108(div: 0) 577104(div: 1) 577400(div: 2) 592135(div: 3) 585150(div: 4) 
1 1 11 27 
#c 4 1 0 4 1 1 2 2 1 0 2 3 3 0 4 1 4 1 2 0 1 2 1 4 2 1 3 3 2 1 
#578108(div: 0) 577104(div: 1) 577400(div: 2) 592135(div: 3) 585150(div: 4) 
1 1 11 12 
#c 4 1 0 4 1 1 2 2 1 0 2 1 3 0 4 1 4 1 2 0 1 2 1 4 2 1 3 3 2 1 
#578108(div: 0) 599826(div: 1) 577400(div: 2) 569413(div: 3) 585150(div: 4) 
3 11 12 26 27 1 4 5 8 11 15 17 20 22 25 29 
#c 4 1 0 4 1 1 2 2 1 0 2 1 3 0 4 1 4 1 2 0 1 2 1 4 2 1 3 3 2 1 
#578108(div: 0) 599826(div: 1) 577400(div: 2) 569413(div: 3) 585150(div: 4) 
7 5 6 7 10 18 21 24 28 0 3 14 16 23 
#c 4 1 0 4 1 1 2 2 1 0 2 1 3 0 4 1 4 1 2 0 1 2 1 4 2 1 3 3 2 1 
#578108(div: 0) 599826(div: 1) 577400(div: 2) 569413(div: 3) 585150(div: 4) 
7 11 6 7 10 18 21 24 28 1 4 5 8 11 15 17 20 22 25 29 
#c 4 1 0 4 1 1 2 2 1 0 2 1 3 0 4 1 4 1 2 0 1 2 1 4 2 1 3 3 2 1 
#578108(div: 0) 599826(div: 1) 577400(div: 2) 569413(div: 3) 585150(div: 4) 
5 11 0 3 14 16 23 1 4 5 8 11 15 17 20 22 25 29 
#c 4 1 0 4 1 1 2 2 1 0 2 1 3 0 4 1 4 1 2 0 1 2 1 4 2 1 3 3 2 1 
#578108(div: 0) 599826(div: 1) 577400(div: 2) 569413(div: 3) 585150(div: 4) 
7 4 6 7 10 18 21 24 28 2 9 13 19 
#c 4 1 0 4 1 1 2 2 1 0 2 1 3 0 4 1 4 1 2 0 1 2 1 4 2 1 3 3 2 1 
#578108(div: 0) 599826(div: 1) 577400(div: 2) 569413(div: 3) 585150(div: 4) 
11 4 1 4 5 8 11 15 17 20 22 25 29 2 9 13 19 
#c 4 1 0 4 1 1 2 2 1 0 2 1 3 0 4 1 4 1 2 0 1 2 1 4 2 1 3 3 2 1 
#578108(div: 0) 599826(div: 1) 577400(div: 2) 569413(div: 3) 585150(div: 4) 
1 1 15 29 
#c 4 1 0 4 1 1 2 2 1 0 2 1 3 0 4 1 4 1 2 0 1 2 1 4 2 1 3 3 2 1 
#578108(div: 0) 599826(div: 1) 577400(div: 2) 569413(div: 3) 585150(div: 4) 
1 1 15 17 
#c 4 1 0 4 1 1 2 2 1 0 2 1 3 0 4 1 4 1 2 0 1 2 1 4 2 1 3 3 2 1 
#578108(div: 0) 599826(div: 1) 577400(div: 2) 569413(div: 3) 585150(div: 4) 
1 1 17 20 
#c 4 1 0 4 1 1 2 2 1 0 2 1 3 0 4 1 4 2 2 0 1 2 1 4 2 1 3 3 2 1 
#578108(div: 0) 568710(div: 1) 608516(div: 2) 569413(div: 3) 585150(div: 4) 
10 8 1 4 5 8 11 15 20 22 25 29 6 7 10 17 18 21 24 28 
#c 4 1 0 4 1 1 2 2 1 0 2 1 3 0 4 1 4 2 2 0 1 2 1 4 2 1 3 3 2 1 
#578108(div: 0) 568710(div: 1) 608516(div: 2) 569413(div: 3) 585150(div: 4) 
5 3 0 3 14 16 23 12 26 27 
#c 4 1 0 4 1 1 2 2 1 0 2 1 3 0 4 1 4 2 2 0 1 2 1 4 2 1 3 3 2 1 
#578108(div: 0) 568710(div: 1) 608516(div: 2) 569413(div: 3) 585150(div: 4) 
3 8 12 26 27 6 7 10 17 18 21 24 28 
#c 4 1 0 4 1 1 2 2 1 0 2 1 3 0 4 1 4 2 2 0 1 2 1 4 2 1 3 3 2 1 
#578108(div: 0) 568710(div: 1) 608516(div: 2) 569413(div: 3) 585150(div: 4) 
5 8 0 3 14 16 23 6 7 10 17 18 21 24 28 
#c 4 1 0 4 1 1 2 2 1 0 2 1 3 0 4 1 4 2 2 0 1 2 1 4 2 1 3 3 2 1 
#578108(div: 0) 568710(div: 1) 608516(div: 2) 569413(div: 3) 585150(div: 4) 
3 10 12 26 27 1 4 5 8 11 15 20 22 25 29 
#c 4 1 0 4 1 1 2 2 1 0 2 1 3 0 4 1 4 2 2 0 1 2 1 4 2 1 3 3 2 1 
#578108(div: 0) 568710(div: 1) 608516(div: 2) 569413(div: 3) 585150(div: 4) 
1 1 7 10 
#c 4 1 0 4 1 1 2 2 1 0 2 1 3 0 4 1 4 2 2 0 1 2 1 4 2 1 3 3 2 1 
#578108(div: 0) 568710(div: 1) 608516(div: 2) 569413(div: 3) 585150(div: 4) 
1 1 10 28 
#c 4 1 0 4 1 1 2 2 1 0 2 1 3 0 4 1 4 2 2 0 1 2 1 4 2 1 3 3 2 1 
#578108(div: 0) 568710(div: 1) 608516(div: 2) 569413(div: 3) 585150(div: 4) 
1 1 10 17 
#c 4 1 0 4 1 1 2 2 1 0 2 1 3 0 4 1 4 2 2 0 1 2 1 4 2 1 3 3 2 1 
#578108(div: 0) 568710(div: 1) 608516(div: 2) 569413(div: 3) 585150(div: 4) 
1 1 10 24 
#c 4 1 0 4 1 1 2 2 1 0 2 1 3 0 4 1 4 2 2 0 1 2 1 4 2 1 3 3 2 1 
#578108(div: 0) 568710(div: 1) 608516(div: 2) 569413(div: 3) 585150(div: 4) 
1 1 10 18 
#c 4 1 0 4 1 1 2 2 1 0 2 1 3 0 4 1 4 2 2 0 1 2 1 4 2 1 3 3 2 1 
#578108(div: 0) 568710(div: 1) 608516(div: 2) 569413(div: 3) 585150(div: 4) 
1 1 10 21 
#c 4 1 0 4 1 1 2 2 1 0 2 1 3 0 4 1 4 2 2 0 1 2 1 4 2 1 3 3 2 1 
#578108(div: 0) 568710(div: 1) 608516(div: 2) 569413(div: 3) 585150(div: 4) 
1 1 6 10 
#c 4 1 0 4 1 1 2 2 1 0 1 1 3 0 4 1 4 2 2 0 1 2 1 4 2 1 3 3 2 1 
#578108(div: 0) 575079(div: 1) 602147(div: 2) 569413(div: 3) 585150(div: 4) 
7 11 6 7 17 18 21 24 28 1 4 5 8 10 11 15 20 22 25 29 
#c 4 1 0 4 1 1 2 2 1 0 1 1 3 0 4 1 4 2 2 0 1 2 1 4 2 1 3 3 2 1 
#578108(div: 0) 575079(div: 1) 602147(div: 2) 569413(div: 3) 585150(div: 4) 
1 1 7 18 
#c 4 1 0 4 1 1 2 2 1 0 1 1 3 0 4 1 4 2 2 0 1 2 1 4 2 1 3 3 2 1 
#578108(div: 0) 575079(div: 1) 602147(div: 2) 569413(div: 3) 585150(div: 4) 
1 1 7 24 
#c 4 1 0 4 1 1 2 2 1 0 1 1 3 0 4 1 4 2 2 0 1 2 1 4 2 1 3 3 2 1 
#578108(div: 0) 575079(div: 1) 602147(div: 2) 569413(div: 3) 585150(div: 4) 
1 1 21 24 
#c 4 1 0 4 1 1 2 2 1 0 1 1 3 0 4 1 4 2 2 0 1 2 1 4 2 1 3 3 2 1 
#578108(div: 0) 575079(div: 1) 602147(div: 2) 569413(div: 3) 585150(div: 4) 
1 1 24 28 
#c 4 1 0 4 1 1 2 2 1 0 1 1 3 0 4 1 4 2 2 0 1 2 1 4 2 1 3 3 2 1 
#578108(div: 0) 575079(div: 1) 602147(div: 2) 569413(div: 3) 585150(div: 4) 
1 1 17 24 
#c 4 1 0 4 1 1 2 2 1 0 1 1 3 0 4 1 4 2 2 0 1 2 1 4 2 1 3 3 2 1 
#578108(div: 0) 575079(div: 1) 602147(div: 2) 569413(div: 3) 585150(div: 4) 
1 1 6 17 
#c 4 1 0 4 1 1 2 2 1 0 1 1 3 0 4 1 4 1 2 0 1 2 1 4 2 1 3 3 2 1 
#578108(div: 0) 606195(div: 1) 571031(div: 2) 569413(div: 3) 585150(div: 4) 
5 3 0 3 14 16 23 12 26 27 
#c 4 1 0 4 1 1 2 2 1 0 1 1 3 0 4 1 4 1 2 0 1 2 1 4 2 1 3 3 2 1 
#578108(div: 0) 606195(div: 1) 571031(div: 2) 569413(div: 3) 585150(div: 4) 
3 12 12 26 27 1 4 5 8 10 11 15 17 20 22 25 29 
#c 4 1 0 4 1 1 2 2 1 0 1 1 3 0 4 1 4 1 2 0 1 2 1 4 2 1 3 3 2 1 
#578108(div: 0) 606195(div: 1) 571031(div: 2) 569413(div: 3) 585150(div: 4) 
5 12 0 3 14 16 23 1 4 5 8 10 11 15 17 20 22 25 29 
#c 4 1 0 4 1 1 2 2 1 0 1 1 3 0 4 1 4 1 2 0 1 2 1 4 2 1 3 3 2 1 
#578108(div: 0) 606195(div: 1) 571031(div: 2) 569413(div: 3) 585150(div: 4) 
3 4 12 26 27 2 9 13 19 
#c 4 1 0 4 1 1 2 2 1 0 1 1 3 0 4 1 4 1 2 0 1 2 1 4 2 1 3 3 2 1 
#578108(div: 0) 606195(div: 1) 571031(div: 2) 569413(div: 3) 585150(div: 4) 
12 4 1 4 5 8 10 11 15 17 20 22 25 29 2 9 13 19 
4 1 0 4 1 1 2 2 1 0 1 1 3 0 4 1 4 1 2 0 1 2 1 4 2 1 3 3 2 1 
#1333581
