6 15 10
26 24 17 18 16 37 27 21 20 12 13 45 48 7 15
26 46 3 20 20 8 17 5 19 34 18 14 35 53 5
33 20 4 14 29 52 24 22 31 36 22 7 2 25 16
55 7 20 14 18 15 43 32 21 2 22 9 34 26 7
9 3 18 23 42 30 27 8 22 25 24 15 0 57 20
42 12 19 3 47 19 21 4 7 10 28 49 34 13 9
45 45 3 2 10 21 14 7 35 7 15 22 48 27 11
8 26 15 44 33 15 17 27 32 38 2 23 27 11 31
30 29 17 11 13 31 32 45 21 18 32 10 19 16 35
19 15 11 16 21 35 43 45 8 5 14 31 34 27 17
1 43 23 23 18 46 15 17 6 33 18 24 12 25 36
24 35 18 8 27 25 4 7 7 36 24 6 49 38 24
10 42 8 28 1 35 13 8 20 13 4 24 60 29 14
16 21 21 15 45 9 24 0 16 28 15 54 40 9 6
13 32 38 4 38 22 12 54 2 17 25 4 1 35 17
46 4 26 17 16 14 6 6 26 25 25 5 45 45 20
42 25 21 18 34 25 28 12 14 34 18 1 43 8 24
5 8 18 8 12 19 32 9 11 7 20 67 40 27 25
6 10 13 29 25 33 9 2 63 21 12 8 21 41 17
38 13 13 2 21 10 38 23 15 16 40 11 38 28 35
60 5 16 7 15 37 11 44 20 8 3 14 28 1 30
10 15 19 29 16 25 8 40 11 24 9 27 60 28 12
25 46 14 9 7 25 32 0 44 15 2 27 22 37 23
19 5 34 9 43 27 25 61 19 7 15 27 2 8 8
35 15 5 24 36 25 46 43 15 16 2 21 21 26 0
29 7 3 16 16 12 11 33 9 16 45 54 9 38 20
34 27 19 49 18 20 4 11 6 51 16 33 3 18 8
14 24 37 2 21 14 10 9 4 14 53 4 59 22 4
5 3 34 32 32 1 8 31 53 22 33 27 20 8 10
3 29 40 10 17 11 10 0 21 17 33 64 23 20 6
12 3 60 5 50 8 26 0 24 19 4 9 41 14 7
7 36 10 38 13 2 32 26 13 17 15 5 20 7 64
33 11 18 23 16 12 2 12 1 42 0 62 25 17 30
36 15 5 10 4 1 28 36 2 71 13 16 23 15 5
13 19 37 17 44 15 21 8 0 11 20 8 34 31 49
15 57 51 24 17 3 1 30 13 39 15 3 3 15 7
28 23 36 16 37 10 0 10 7 13 20 46 30 19 40
10 14 27 36 6 12 10 47 30 42 2 3 36 31 15
20 38 27 24 13 35 7 9 16 23 12 49 2 44 6
0 16 18 46 7 8 20 19 10 11 59 4 14 37 34
9 19 31 16 5 50 4 2 17 9 45 32 18 32 32
1 19 15 32 20 25 36 20 46 6 26 23 36 31 4
7 48 13 4 1 30 17 31 8 2 43 7 26 37 36
20 35 2 4 27 7 23 11 3 57 11 10 25 43 30
30 19 40 22 4 25 30 10 8 60 28 3 8 18 14
23 38 15 0 8 31 6 54 33 39 19 7 1 24 11
3 28 4 25 32 49 4 42 24 15 26 10 41 5 1
29 13 35 20 32 36 21 42 12 7 30 9 16 36 6
57 25 24 39 9 10 5 27 4 26 49 2 2 6 4
15 7 15 25 12 10 0 37 34 1 16 16 52 47 27
23 33 18 23 9 26 33 9 41 42 39 26 2 1 6
9 14 33 28 18 9 37 17 5 9 2 61 42 7 6
32 33 10 17 33 40 3 42 24 22 33 9 4 1 28
28 29 19 41 11 14 40 32 23 14 22 34 7 31 7
11 4 4 25 53 15 5 4 9 45 43 0 32 34 4
12 37 22 11 16 37 43 35 17 13 12 1 17 45 15
20 12 11 10 11 31 21 19 6 56 45 26 23 30 11
34 21 31 46 20 38 30 19 19 1 2 15 15 37 3
38 2 15 62 6 26 15 14 30 14 6 19 23 29 23
8 58 44 8 24 12 20 2 38 29 0 14 4 29 9
110000100011010 100011000010000 101110111000111 001001111000100 100010011010011
111001000110101 110111000011010 101101111000100 100000101100100 100010011101001
011101010000111 110000011111101 001000100001010 100011100000000 010111100110111
010011010100101 000110001111100 100001100010110 100110100000010 000010110111111
011010011010100 111101100010100 110010111111100 100011111111010 010110101010011
011011010011001 111110001101100 011110001011001 011111000100010 011010010111101
010010001100100 011000100111010 000001110011101 100011100110100 101000101101000 110010011110110
111000011001001 011011011001100 110100101110011 001101001110100 001100000001001 000110111101001
000110101100111 100011001111011 011100000101101 011011101100010 010101001000100 110110001100010
111110101101111 110101000000010 011001011101000 001000101100011 010111001111000 010010101000110
101101000110100 001111010000001 011111010100100 010010000001101 000110011111110 100001110000010
100110001111011 010011000110001 000010011101011 101000101010110 100010000010110
111101101001101 110101101000100 010001101010100 111110110100100 011111000000101
000010011100101 111010011011000 101011011101001 000001000000010 010111100100010
000101001101011 000101011011100 100111100000000 111110101100110 101000010011111
100100111000101 011001100100101 010111100111100 110010100110100 110101010000110
110011011000100 100100011110011 100111100000000 111010111101011 000011111110100
001110011100010 010001000010100 101100100100100 000001111101111 010001000100111 001101111100000
010100100101001 100011000110110 001011010011000 100110010110011 000101010101011 111101011001011
000000110111000 010000011100010 000000100000011 001000100000111 101111100110001 100011100110001
111110001101101 010010101011000 110001111110011 110010110011011 000001011011101 011100100101000
010000000111110 000000110000110 100101010100100 111010000000100 111001100100101 101111110000011
110010110100010 111110111100101 101111011010001 101101001001111 110001111111101
111010111010000 000101101100110 101011010010111 010111100001010 111001010010100
010101100000101 011010001110101 110010000111010 101100010010001 111100010110010
000100100101110 110000110100110 111011111000000 011011100111100 011011011011000
000010111111010 111101110110101 000011011010101 111001001101001 000011111010110
100100101000011 001011100000010 011100001111100 111101111010000 001100100100111
010000010010000 110101110010111 101010010111010 110011011010101 010111100100000 100010110010100
110010111100100 010000001000001 111010110000110 011110111000010 000100101111011 110100000100010
111010111100010 101110011001001 100100000100100 110101111111110 010010001010111 001010010100101
001110010011101 101011000011111 111110100111011 010011101100100 010011101101001 011111101101011
111001000010101 011111110111111 000110011101100 101010101011001 000101011110001 110111011101101
001110010101001 000101100000001 110100100100110 010111110110101 001101111000010
111111100111011 100001011010100 101000100011110 101100111110110 101011111000111
100010101010010 100111100001110 100111011111111 001011111101110 011010111110011
110111001000100 101000010011100 001111011010100 101000101100011 111100001000110
100011001101100 111101110000111 011101100100000 110000011010100 111001100011111
011011011011011 011100100110100 000001110011011 010000010111000 000110001111010
110010001000100 010101100100011 001001011010111 011010101100100 101000001010101 111110101000010
100110110001110 010010111001010 110110101001110 100010010100100 000001100011111 010110100001101
011011100101110 111000111110111 010001001011011 010110010010111 000100111001011 101100010101000
000101110100111 100011010110110 000000010000111 011011110100110 000111010001000 110101100000110
010111001000110 010010101010000 001011101000110 011100010010101 011011110001100 011010001001011
000011011001110 000111001111100 001000000111110 101111100101011 111110100101010
101000110111111 111101011110001 000111110000100 111100000001110 100011010001010
001111101100100 111010000111010 100110001101100 011010110001101 100000011011010
101111100011000 100111101110100 101111000011100 110001100100110 001101000000010
010010110001010 100010110011110 000001101010100 111011001100011 111011101100101
011110000100011 010111001100000 001011111101001 010001001000101 001100111000100
100000110100100 100001011000001 010110111111000 001100110111110 101000101001100 011101101101010
000110000011110 001110101101011 111100111000101 011110101100000 100110100110001 101111010101000
100010001111110 100001010011110 101011000011110 101100001110110 101110011110110 100000110011100
000101111010001 000011100101000 011011000000110 101100111100011 010001110111100 101001110101111
110011100101101 011111001001101 001010001000001 001001001111001 001001111111110 101100011101010
110111000011010 101110001010110 100101111110011 101100111101011 000011000100011
000111010111111 100101101101001 111011011010011 100010111011100 001000011011001
100001110110011 001010011010011 111100000111111 001110111101110 011101001111000
000111110101001 010011010001000 100010011110010 101010000111010 001001011000101
111100000000110 100011101101000 110100100010000 010100011100110 111001011100011
101100111101001 101010010010110 000000000110100 010011001001101 001011001010101
100011010101011 111110000010101 000110101000111 010101011111100 011100011001101 011000000001100
011100000001110 010011101011100 100011001110000 001110111111100 000100000101010 011101101101000
000111100010001 011010011001100 001010101110110 101000100011001 111101111001101 101111100011101
110110001001000 110010110101011 010111110010101 111100001011111 011011001011011 011000011111010
011010001010101 010000000101111 010011110100010 110001110000100 100111111111010 110111000001101
000011011000001 110011100100001 110100100000001 001101001101011 000100000000001
010111100110100 001011011010110 010111011101010 110111110000001 011010110100110
001010001011011 001010000010000 010000000101011 010010001100000 101011011011111
111001111010011 001010111111011 000101100100011 110111011011110 000011011100100
111111001100000 010000101001110 101100100101110 110010110110101 010010011011101
100010010111010 000010111001001 110001100111000 010001011010000 000000111011011
001001000110101 111001001100101 010111111011010 011011010100110 110001011000101 110001100110101
001000011010010 100101100110101 110100101110011 000111001010010 000111010110100 101101001010110
001001110001010 000010000110100 001101010111000 110101001100011 001110010011111 011100011110100
100100011011100 101010101001101 100001110000000 000111010101100 110100110011110 101011000110110
100010110100101 011011100001111 011110001100010 110101011011011 101010100000010 000101001110011
011010001101111 111111011101011 000000011000111 000110011101101 011101111000100
111111101111100 011111010010010 011011011111110 110110000000001 000101011010110
011110101110000 101011011011000 101111000011011 101000010111001 011111010111111
101110101000111 011111100011100 001011110100101 101001001110111 001101011110101
110011110101110 001101010000000 100010101001101 010100000100111 110011011001001
111100110111110 101000000101110 001110000001110 001111000100011 001000110100001
111000000011110 110000001011111 100111011010111 100101001000101 101011000011101 100010011000000
100100010011110 111011101100000 111011010110001 010100010000111 110010110100110 001010010110101
111101010110100 010111001100010 110000101001111 110001001101010 110110101000101 100000010011000
110000100010000 001001101000101 111000101101011 010100000110101 010001000101011 101111100010000
100110110101100 110100100101101 000111010110100 111001001000100 101010110111001 010100011111100
100101101100110 100010111001011 001011001011101 111000000011011 000010100001011
011000101001000 100101110010100 010001110100000 001111100100001 000010111101000
100000010111110 110101010111000 100110000100101 111010011010011 110001110111001
010001110011010 110100110110110 101010011111010 110100000001000 110111011110101
101011101111011 010000110000101 010101010001101 100111010010110 010000001010011
001111100000101 010111100011100 001100111001110 011101010111100 111011001000101
111001011110001 110000111100110 110010011011011 011101101010001 011110101001011 100000001100111
011010101000101 001101001111001 010001000011111 001001111100110 110110001011110 101111001101101
010110011111000 100000001000100 111000001111110 100110101000000 100001101101010 001011110100111
100101000010000 100100010101010 111110001011010 111001000010100 100110001010101 000110111000101
001011101111000 000000111111000 010000001101110 000110101011101 000011101000010 000001010110011
001011100000101 110001111111111 111110010101011 010100010101101 001010100000000
100000000010100 000100100010000 111110110000011 001010111110101 010010001000111
100001000010010 001001001001001 000101010010101 101000101010110 001110010110010
000101010100000 101000010010000 010001010101001 101001100000110 000001000001101
011111011111001 110011000001100 100010101001001 010100111001110 001001011010000
000011011001001 110111100011001 100111101010111 000000110001010 111110001011000
111001111010101 111000100001101 001011111010111 110001011101100 010100111001011 110000100110101
001000110010101 000101111101111 010111000010011 000101001011110 000010111110011 001111100010100
111101101010001 100010100110011 011101100110110 101000000111010 101000100101100 100111001000001
001010011110111 000011110101000 010111010100001 010011101011110 000111010110111 110000100011100
111000110000111 000110011100000 001010110000001 000111011010011 100110010001001 111011011010011
