6 15 10
16 19 13 8 0 50 44 4 19 17 5 33 10 1 53
16 31 35 22 12 4 7 64 11 2 29 24 19 5 31
26 24 44 19 49 7 9 4 3 38 19 33 28 4 12
15 44 24 27 10 19 19 27 14 12 67 5 1 6 11
41 19 2 24 32 37 22 6 13 7 14 51 25 2 29
36 21 20 28 16 4 29 12 9 51 22 19 40 18 17
23 17 36 7 28 16 1 16 4 16 19 16 73 9 12
19 18 5 36 14 10 3 16 1 2 32 43 55 3 38
13 51 15 23 11 25 43 7 25 35 26 7 21 11 26
19 39 6 17 47 18 10 7 27 53 11 20 11 29 13
39 38 16 9 36 12 2 21 12 14 22 8 53 29 19
9 6 12 45 36 34 13 43 9 42 6 15 28 9 17
26 7 15 22 50 39 34 15 18 12 13 50 3 0 0
30 53 23 14 2 15 34 17 24 9 42 29 16 12 12
27 44 21 21 6 13 11 13 10 30 67 6 11 2 19
32 9 29 42 22 18 55 12 23 4 11 38 8 9 7
31 46 11 3 24 9 27 5 34 25 3 47 29 8 22
18 21 32 35 31 11 41 21 20 28 31 7 36 9 18
37 31 19 25 31 38 26 9 22 22 26 22 32 18 4
16 9 6 9 14 32 22 26 65 13 21 29 35 15 1
4 6 10 41 32 40 4 38 18 46 29 1 15 23 11
13 40 10 0 71 28 22 0 4 3 14 18 20 1 29
25 18 20 17 18 54 30 3 33 26 8 21 16 21 34
14 6 12 28 13 25 26 24 32 8 20 23 4 44 54
14 7 15 23 57 19 7 55 13 11 11 26 26 25 3
1 5 14 43 3 26 30 11 2 51 5 8 9 40 43
0 2 48 40 18 1 27 41 9 37 30 3 18 12 24
45 11 5 35 22 12 8 9 17 26 22 30 58 1 9
4 24 42 44 24 42 21 41 12 7 4 25 0 17 9
18 25 51 19 13 25 39 13 20 47 12 12 25 1 7
4 9 19 24 21 9 16 6 26 25 35 45 49 34 6
7 40 6 19 27 48 24 21 10 26 12 6 26 23 42
33 46 28 24 21 19 8 11 14 39 2 4 48 12 16
18 29 13 14 10 17 42 36 39 6 34 22 13 6 41
4 1 7 7 72 17 34 28 9 8 10 4 15 41 15
12 5 42 58 29 9 15 7 21 18 50 3 2 5 13
5 12 0 10 18 10 6 15 39 1 32 69 16 36 15
6 25 1 6 14 42 29 28 4 2 58 15 14 38 22
53 18 14 11 58 21 9 11 10 7 3 1 36 29 15
28 5 2 50 50 48 16 16 17 16 13 1 7 13 20
8 4 66 25 0 0 23 11 23 3 20 32 36 9 31
23 36 4 20 41 38 1 43 17 30 15 3 25 6 26
43 32 8 26 36 32 22 2 5 14 14 53 7 18 8
13 31 6 43 28 17 45 40 4 30 1 4 6 6 37
36 18 13 18 17 65 1 9 22 36 5 32 11 0 17
9 30 46 15 27 5 14 32 34 13 27 20 48 1 6
11 25 23 24 14 45 39 21 16 13 2 6 53 12 24
27 14 12 61 12 10 0 22 10 9 8 1 44 48 6
3 18 3 32 40 29 7 3 66 4 3 5 17 35 14
34 42 16 18 39 14 43 33 24 7 10 8 14 21 23
19 2 42 12 7 16 11 27 16 9 59 49 15 3 11
27 11 21 19 24 7 43 30 34 50 20 12 9 18 20
17 6 11 51 8 9 13 44 8 38 48 6 4 30 7
53 11 11 15 12 11 29 30 5 30 12 17 43 6 39
34 4 32 10 15 19 10 41 29 3 9 5 15 53 37
40 2 9 12 0 3 40 20 23 65 2 1 26 10 23
0 0 54 11 24 5 36 9 6 4 23 24 17 7 59
0 6 13 4 16 24 12 41 13 0 31 66 0 13 39
13 56 28 43 15 13 22 14 5 24 9 17 37 21 14
17 34 10 53 45 25 17 6 17 22 22 14 33 1 6
100001110001101 010010000110011 001110111110110 111000000001010 001011010110010
100100111111111 000110111001011 111010000100001 111110111101101 110101011001100
100011000111110 111100011010000 100100000000011 011111100110000 001100100100000
111100111000011 001111000111101 100111101101110 111000001101000 100101001101101
100011000010101 001010101101010 111010110001111 001101100100101 100111101001110
110110001001100 110011101110001 000010110011000 001001000100111 110000001000111
001010001100011 001000001001010 100010011101101 001101011110110 100111011010001 010010010001101
000100100010010 010110000010001 011110110110101 100010001001000 001011101111101 000010101000001
011000111001010 110001111001011 000111000111001 011111011100100 001000100011011 110101010000101
010101100000111 111110110111101 110101101111011 110011000000100 111100110110011 100010111101110
101101000110000 111000100101101 010111011110000 011101100001111 001000011100011 111111011011010
101000001101110 010011110110000 100000101001000 100001000011011 010010011010011
011101001001010 100001000110001 000110001111010 011000010100001 011010011101101
011110001010010 101101100000001 001010001110111 001101100110110 000001001110110
001111111110011 001110101011100 001110110111100 111100100000110 001101100000000
011000100000011 101000101111101 110000011000010 000001110101111 001100110110100
101100101001100 110011000111010 100011001010100 100111011100101 100111011101100
101011010110011 111011101101001 110011110010001 111001000001111 010000010111011 000111001011010
101101111000001 111101111111000 111010011110011 101110011111010 110010010010111 100110001110111
010100010000110 000011001111010 101111101101001 010100001010100 010110000010111 100010111000001
011100101110011 101110001101100 100011010111001 101100101000100 011010110101010 101101010100101
001011010011010 010001101001001 001000000110010 101100101100001 000001010110111 001110010110011
111000110011001 011101001010010 011111011011010 011111101001000 010110101100111
010000000010001 101010101100000 101110011110101 111010111001011 110010111001011
011010111011001 000100111000101 111111101111111 111111000101101 010111010001100
011100000100100 101000110101101 011111010001101 101011101110110 011101001101110
010111001110111 110110010001111 100000010100000 001010010001100 010011110110001
000001010110001 010010101011111 111100001000110 011100111001110 110000010111101
011000011000101 101010001101100 111000101010111 100110010100101 101100000000011 001010000011101
111001010111110 001001101101100 010011010110110 000110000011000 110011110101101 111000000110000
100011000111000 111000011100010 100101000000010 000001111110110 100000010111010 000001010111101
101101010010100 011010011011001 100010011111010 101111010011000 110100001111000 111010001011000
111011111101011 111101101011011 011000111010110 101110111111101 101011100000110 010110100110010
100011000100111 011101100101110 101011010110111 000011000001101 010010101001111
100011101001111 110111010100111 111101110010100 001100011010101 110110010101111
100101110100111 010111101100100 111011010110011 111001111111001 101100011010100
111000011001101 111001010110110 001110110101011 110111000001100 011001011010001
100100001110011 000001001100011 011110111110000 001010101000010 110101101100110
110011000110101 100100111111110 101101110010011 000100001111110 101111011111101
111000100101010 001111010011100 100011111100110 100110111100100 100011011110101 100001101000101
111111000100111 100000001110000 111101101011100 100110000010011 100001001001010 101110000011000
001011110010001 011010101010101 110101010111001 000110001011011 001111100110110 001111010101010
101100100100111 000100000110111 010010011010101 000110011101010 101101000101110 010110001110110
111011110101011 010100010101101 100110110010001 011100000000011 101000101001101 010101011111001
100010011100010 000001001010101 001001000011000 000110001000011 100011110111001
111011110011110 110101011001000 110011001101111 000111110101000 000000001011100
101000100001101 101001101000011 001111010000110 101000110101011 110110001111011
101000011100111 010100101110100 011110001001101 001011101001000 101100011100110
001000111011001 001100111010101 010001001001111 100100111000110 001111101001001
101000000010000 100101111101101 000110010000010 000010010100100 110110101111100
101101000001111 000111011111011 000011100011000 110110000100000 010100011101111 010010010000010
110010001011011 000100110111011 100111001000101 111001100000100 100111001001111 000111111111110
001100101000111 100111001110111 110011001000111 010001000100111 000111111000000 100101010011101
100010001010101 000100011000000 110000111101000 100101110011100 110011011100110 111010100100101
101010101110101 100010000101010 011001110111011 000100001010110 000101110010011 000000010111100
101100101001110 011100010001101 110001010110000 011111000101100 010001011011000
100100010100010 101111010001101 001100011111101 001010011001111 001011111001001
010101010001110 000001010001011 011110001010101 101000010011111 010110101000011
000011100110100 110100110100000 010100101011101 101101011111100 101101010001110
001111110111100 000101001001011 000000001001010 101001101010010 110110101111101
010001010011110 010111101010011 000100110101110 000011100100110 100000011101111
010001000111111 111111101100110 011000011100110 010101000001110 000111001101010 011000001100111
010000100000010 110010011101010 001011000101000 101110010010010 000110100101011 000100000001110
110101100111100 101001101110001 101111010100001 011111010010010 100000010001001 101111011011100
000110100010100 011001101100011 010000100001111 111010011101010 100001000000110 100001000111010
111010001111111 000010101000010 110111000001101 100011011110010 100111001100110 011110000010010
000010110110111 001001000100100 010001100101011 000111110001001 000101011000011
010010100110110 001010000101011 111110110101001 111000011100001 101111011011101
101100100111001 100000011111011 001011010111101 011101101010100 011000110011100
010111111010100 110000010101101 000001011010110 101110110010000 101001001011000
010001101000001 010011101100101 001011001001001 110010010001101 010010011001010
101001110010110 010111101101101 101110100100000 000001011011010 101111000110001
000011101001000 100111101110000 001101110100100 101001110011101 001011010110011 111000010110001
101101000110110 000111101110110 111001101111010 001111011010011 100100110110011 011011001001011
111101001110000 100010101100111 111011110011001 110010110101100 110111001001111 111111101000011
100111011100001 001011001111110 101110110111110 100010001000010 100110011101000 010000001110111
110110101100110 010100110001100 000010100010100 100101010000101 011001101111101 101001001111010
011011111010001 011011111010011 100000101010101 010110110010001 110110000001101
100011010001101 101001101100001 111011101101000 001101110010100 110100101111111
110000001111101 111101011101000 111011110010010 110001011010010 010111100101110
100010000000011 111110001111001 111000000110010 010100111001111 011110100001011
101011000000101 100011110001011 110001010100110 101101111001110 110000000111011
010100001010101 000100100010101 000100011001010 011110111010010 111100011010100
000010011001111 110101100101101 010110100101110 000001100011110 101001100000101 110111001010101
100000001110101 100110011000011 010001101101010 110110000001101 101001100001111 100001010010100
000110011100001 011110111110001 110001000010001 100001100111001 110011110011101 010111100110111
000100101110100 000010110100110 010001010001010 001000001100001 000111100000000 000000000011001
100110100111100 100000010100110 000111100100010 110110011111100 101110000011111 011101111001100
010011111001100 100011111100000 110001101010100 001011001101010 101011010100001
010010101001101 110011011110010 101010010001101 100011001011100 011010101100010
001100111010100 011011111001011 111101110000111 111110001010100 011010101001000
110101100111010 111101111110001 100111101110000 111111110001100 000011010011011
011011100001111 110011110110011 111011010011011 110110001100000 001111011001011
001101111010101 010110000010100 110100100111011 100011101111101 101111110010001
000011101100000 000100110110000 100101000111010 011010101010101 011011111110110 010010000100111
000011010010100 111110101101000 101010000001000 110101111110011 000010001000111 101111011000111
101110000011110 101101011001111 111111011010101 010001010001111 101111000101111 111101101110111
110001010001001 111111101110001 101110011001111 001111000100100 010101011001001 111011110111001
011101010111010 010100101110011 100101111000111 011110101001000 011001000110110 111011000101001
000101001011011 001110101001111 000000101010011 101111110011101 001011101011000
111010101000100 100000010011011 111101101110101 001000100010101 101001100001110
110000100001111 100000011001100 001101110111001 000101100000010 001010010100010
000001011100101 111010110110110 100001101110011 011101000000100 110111010101000
000101111101101 101101100100111 000001111100011 101010000001001 000011001111010
101101000010001 000000111110010 101100001001111 010111001010110 111101000000011
000011001010010 001001010100101 101110001111010 110111110011110 110011001010000 101010001011010
010011000100101 101111000001100 011110000111000 001010100001011 010011001000101 100101011110000
011010000000100 100110100001100 000010101011010 100011111100001 001111000101111 101101110010111
010011101101111 011011011110111 000111100010010 111110011100110 100111001001001 100100100101011
011110001000101 001000111101110 011000000010011 001001011000011 111111110110101 001100010011110
