6 15 10
33 8 17 18 51 50 12 7 15 11 22 25 1 16 36
41 24 16 3 55 17 18 21 29 4 2 12 38 28 15
27 65 2 24 25 26 16 5 13 40 32 5 5 2 10
10 46 45 2 3 24 31 40 4 34 29 6 1 23 7
15 19 11 2 5 45 16 30 3 32 30 26 2 35 47
3 0 49 17 9 9 28 9 26 47 5 39 11 4 41
23 24 24 42 20 58 33 3 7 8 28 1 21 16 13
42 38 20 33 14 43 29 22 8 8 19 33 12 11 10
2 11 15 10 9 14 11 36 7 43 15 29 16 66 18
34 35 5 19 11 36 7 50 16 45 3 21 17 16 3
13 3 41 62 9 20 22 18 32 15 15 25 3 3 32
2 14 10 6 54 24 9 14 4 28 38 10 26 19 49
18 5 14 3 31 18 33 26 52 8 4 42 24 35 8
21 28 25 0 30 60 15 14 5 14 10 1 25 45 16
31 27 0 50 5 22 10 19 22 53 35 7 9 3 13
11 2 10 14 11 40 11 27 13 55 26 7 50 5 26
4 15 24 4 2 3 46 14 42 20 34 55 11 12 17
35 23 5 38 33 17 31 26 17 1 22 44 17 20 21
10 3 25 26 11 11 9 4 29 35 27 51 38 36 9
16 15 1 38 3 50 20 5 33 34 4 30 39 14 17
19 8 35 15 46 7 26 12 0 11 14 52 29 33 13
38 8 53 5 15 13 2 30 49 16 0 22 26 3 21
20 56 1 17 17 16 22 9 23 11 44 32 1 25 28
8 5 0 5 63 21 4 53 26 3 23 27 26 7 3
36 19 4 32 20 15 57 44 1 3 12 18 6 21 21
32 5 22 15 7 29 26 3 16 24 37 26 22 46 35
15 25 1 5 19 16 7 21 33 1 22 17 73 20 22
14 14 16 4 26 45 35 18 21 19 21 29 49 24 3
42 40 24 20 14 19 7 21 36 27 23 3 27 28 24
20 57 16 26 3 11 47 8 14 16 14 21 21 9 36
7 26 41 19 13 52 13 25 36 12 20 0 18 34 17
1 3 2 14 5 45 44 1 16 27 18 35 24 49 17
6 24 19 27 1 53 16 29 10 50 2 15 19 20 27
19 6 10 44 16 14 61 10 2 34 23 19 12 26 22
38 5 39 10 5 12 37 8 0 19 33 7 60 13 2
4 27 25 31 20 36 31 13 48 3 20 38 16 15 16
3 18 50 9 11 1 20 19 6 49 32 14 14 44 20
37 7 42 12 14 30 37 15 22 7 2 12 54 13 15
5 3 18 1 24 24 34 14 32 59 22 4 21 24 34
9 21 45 12 8 19 20 9 66 20 5 16 27 5 24
15 18 30 54 4 6 46 11 30 8 4 6 1 5 48
34 22 30 17 34 0 26 44 24 12 27 8 4 38 21
18 33 37 6 33 17 24 28 26 49 2 0 33 11 10
25 13 2 48 8 2 33 20 27 17 8 23 18 58 12
17 15 33 40 23 20 50 30 13 42 13 3 15 5 11
50 16 19 22 4 15 36 5 8 7 29 44 22 35 12
46 45 4 10 5 4 41 13 20 12 4 7 33 18 43
17 4 32 2 11 19 11 13 26 35 28 48 4 53 15
25 39 9 5 29 1 1 0 18 22 37 18 23 44 43
40 8 27 4 15 16 17 4 42 47 20 25 42 5 9
45 41 16 12 34 53 2 24 15 2 11 4 26 19 7
16 32 67 6 6 38 12 12 5 4 27 12 28 12 23
18 27 5 29 35 1 0 9 47 31 2 6 23 52 16
6 45 16 43 42 35 3 2 5 38 24 4 15 21 9
3 25 20 40 1 29 14 8 6 8 34 28 33 30 47
3 31 33 13 61 15 7 28 1 25 10 20 12 28 31
4 34 3 28 20 18 7 20 58 5 19 25 32 34 16
38 68 1 9 4 2 17 10 12 14 9 9 27 47 3
31 1 26 6 35 10 34 32 35 31 14 12 46 4 13
7 21 38 11 19 20 22 16 28 59 30 15 16 25 15
111010111110101 000010000011111 101110000110001 000000011010011 111010111010110
000101011001011 010101011110110 110010000110111 100000011001101 001010110010100
111111110100011 011011100100110 111111101001111 001111101111000 001011111110010
100111001111111 000000011111011 100111101110111 000110010000001 000110010010111
011011010011000 001011110010110 111100010011110 000110111100110 100110000001111
011000111111100 011110101110100 101110100001110 110000110111100 001110001011100
111101001101011 110100101010011 000000100111110 110111101000011 011011001101001 111111011001110
001101101010110 111111000110110 100101011001010 100010101001001 100101001110110 001000000101000
000111010110111 111111100101001 111000101000010 010110000110100 010010010000010 101011010011011
100000000101110 111010110100000 001011011011100 101000110101111 010100110100011 010000101101110
101110010011100 000100110010110 010000011001000 110000100011010 110011011100011 101011100001000
011010101001010 101001000001100 111001010110101 011011110010011 000011100000111
000110111101001 011101110100000 110000101111111 100101010101011 001101011011111
001110110010100 001101110100010 110101111010010 011001001011101 000111000101000
111010011010011 001101100111111 011000100000010 100011000101100 101110110000110
011100111111010 000010000101010 001010100100101 111011100101000 101111010110001
000110000001011 100101000100100 010010011011000 110001010101100 100000001100000
101000000100100 010100111001110 010110111000011 111110110111011 111101011010111 110111100001011
010100111100011 010001110011001 101011101111110 001100001000101 100100101011001 100111100010010
001101000111100 001001001010001 101011110100111 110100110010010 010111100110000 011111011111010
000111101100001 100100100101101 110110010000100 110101011011110 111010010011110 001111000111001
000110000001101 101110011111000 101000101011101 100111001000111 100011110011010 011100100101101
000111011010100 010100000101110 001000101110101 010110111101010 010111000111010
101010001100001 111110110110101 110001111101010 001110010011110 010000000110011
010001000101010 000110111011111 011101011100100 001100110110100 001000010011110
010000010100110 011000001100111 110100001101001 011011110001111 000101110101001
011011110101001 100100111111110 110111000101001 100000011010110 000101100011010
001111111011101 111001010110100 010110010101111 011000110000101 100111000001100
101100000000111 010111010111001 100010000100001 010100011000001 101100111100111 110110111000001
111011010110011 100100000111010 001101011011000 111000110001010 000010011010100 110001001011011
111111111100111 101010111101000 101001110011100 010111000111000 111010001000110 011100010110001
101101001100010 000010111011000 001010110100101 100011000110111 010110000011011 010110100001010
000000110000000 000100111100100 111000111010101 111000001010010 111111111111000 101110110001001
000100011011000 110010101100000 000101011001011 111110110001111 111010010000000
001101000011000 110111010001101 100000110011000 000110101000011 001000111000000
110101101011001 110101001010100 000101111101001 010111100101101 100010100011111
001110101100010 000000100100100 011111010010011 011000011011101 000111000100110
110010111100100 010100110011000 101001000000110 011011011101000 010101001000100
001111010010011 000010101011001 001110011100011 000101101011000 111110001011100
100100101011101 011100011111110 001001111001101 101101000001101 101100000111001 011110010000110
001001010000011 111110011110010 111111111001110 010110010101100 001000101111110 111011110011111
111011011110111 101111011001001 111000001010011 100000010100011 100010001010110 011010101111001
101101011100011 010011110000100 100111010101000 001001111001010 101110111011011 001100111011111
110101001011010 110010010000100 011010111100010 010101001000000 111101101010000 011011010110001
101100011100101 010010101101010 111010111100111 111001000011011 000100000100100
110111101000000 111010110000100 111000110010110 010011011010100 110100100010110
110100100101111 010110100000001 010011010110110 101110100100100 010111100101100
111010011110100 010001011110010 010001010000111 010100011101101 110110110010011
101001010110011 100110010110101 101100101110101 011100001100011 001000001000010
101011100100100 011111100101001 010001100000110 000110000101010 001101111000100
011110000100101 101101001101111 110001100111100 000100010010010 010010011110110 101100101101001
010101010000000 110010110000011 110111111001101 011011101001001 000011011110111 001000111101100
000011100111000 010011111110111 001010110110111 011000111101101 100101001111000 010011111000000
001010100111011 011001011110010 101111111011000 101110001001100 101001011001001 010011100100000
011010100001001 010111111000010 011000100101001 111100111111100 001111110011010 111011011101101
010001101111001 001011101101001 000111001000100 001011111001100 110100010100000
101110010000100 100101011111110 000010110110001 001100001001010 001110111011011
010000100110100 110101000111000 000010101001001 010011000011110 000000101000001
000101001011000 101011101010011 001001100010010 001000110011011 011101110111011
001100011101101 001110010111011 001001010111000 010110001000111 100111101110111
011010000100000 101110110100010 000110111000100 101111111110011 110000101100011
000001101001110 110011000110100 110010101111111 001000000001000 001010101100101 001101000111110
110101100011100 000100111011001 110110010110010 011010111101111 110110101110001 111000100001001
000001011110111 011111010100110 011101100000000 000111011000100 011100001101111 000001001110101
010010110101011 001111100011011 101000001001011 101001010011001 100101101110101 000011000010000
010000011010111 000011100100101 111011011010010 001111110100100 101011001010101 110100011110111
100001110110001 111000100000000 010000010000001 010000001101000 000001101111011
000010111100000 000101101000000 101011000111110 100010111011010 100010010011100
110011011001011 110111110110011 011100011011001 110111000111111 001101100100111
000110000101000 111110001111001 001110100100001 001010000110000 010011000100010
001001111111011 101101011101110 101001101110011 100111111011110 001110111110011
011101010101011 001100000000010 111001110000000 000100000110001 101001100110000
001000001100110 110100000011000 111001011111001 000000011111010 101001011110110 111111111101001
111011101011111 001011111010101 001010011101010 111011110110110 111110011101101 001000000101000
111001000101100 010011110000011 000000001101101 010101011110101 111111100111111 101100000100111
111001011100110 011001001011001 000101101111010 110010101001010 001011010100111 000111001001101
010101111100100 001101011110001 011010000111110 111011010000100 111101010000111 100111000100011
101010111110010 110011001010000 001001100111100 010100011111000 000010010011100
011001100011001 011111100011110 001001111111000 100000110011010 011011101000101
100010010101110 011011000001100 110000111110110 011010110111101 101011110011100
101110000110101 001110101011101 000111011100000 110101111100110 000011111110100
111010111100101 100100010001100 101110010001101 111100010101011 100100000100000
001011100001100 010010011010011 111011010110000 000001001111000 100001111000111
100001000111111 011100110101110 101110110010110 000101101011000 001001111101111 110000000110011
000111010100111 100110010111011 110001101011111 100110111111101 001110110111001 010111011000000
001110010110101 011010111011001 111101111101000 101010011010011 001101101111110 111110110000110
010110111100100 011001000010101 110111100111110 110110111101111 110001001101010 100111001001011
111111000111011 101010101001000 011110011000111 110100010000100 100010111000000 000011000001101
011011001011011 101001001101111 100110111000111 100110110000100 100101111111011
100010111101010 001010011111010 011011101011110 011001001001011 110110011100110
000111110010110 101010001000001 110100101010000 010100000010101 010100000011100
101111010101100 000011100001011 111111110010110 110001101111101 000111001101001
001001110000110 011110101100111 001111010101110 101010101100110 110010011110010
100111100010011 010111001011101 010010100000000 101011010100100 000000101010001
100111001110101 010110101001010 101010000011101 000110000111001 011001101111000 111000100101001
100000010000001 000111100100101 011111000010110 111001100110101 010010011000111 100001010111111
101010000000101 111001011110000 100010110001110 001100010100001 011011111000010 000000111010010
110000101100100 011011001110111 011011001010111 001010100001111 101000011011100 001100101100010
111111001000111 111011000010100 100111010110000 010001011010110 011110011111001 111111000100101
001101011011100 100110010111110 000101101100000 111111101101001 011110101111010
000100001010011 100100011011100 101100101111001 001110100010011 100011100100110
011110110111010 010111100000011 110010010010100 110110100000010 010100100101111
100111101111001 000110110001110 011010101110111 000010111001011 100100011011101
010001100000011 011110010010101 110010100010000 000110011110000 011011001010010
011100110111100 010110001000111 111000011011101 010100000011001 001010100001001
110100010010000 011011110001100 111101001010001 001000010010101 010110101101010 100011001100111
111101111110001 110111000010010 110100110010001 011101111111010 101001110001001 010010001001000
010000001010100 010011010001000 011101111011110 100101011100010 101100100001101 111100001101001
001001001111101 110101000100111 001000100101100 010000011000100 111000001100000 011000001110101
100110111001001 000111110110001 100011100101000 110100000101001 001010000010010 000010111100110
