6 15 10
23 38 28 25 8 15 34 8 33 18 26 2 3 34 43
1 36 1 20 7 42 38 2 12 27 20 30 42 21 27
21 16 22 10 6 27 17 2 25 31 9 55 34 30 32
31 52 23 48 13 10 6 19 15 18 33 7 6 31 12
25 25 26 16 29 37 29 29 5 20 8 13 10 40 38
16 61 42 8 3 24 44 3 26 11 13 9 20 6 16
16 26 28 25 50 2 24 3 18 9 21 15 3 44 39
3 25 21 30 5 6 30 5 32 33 27 24 35 48 10
12 4 22 39 22 68 7 12 4 34 35 4 1 8 2
32 4 27 15 7 20 13 43 32 6 45 17 33 4 33
38 19 22 29 0 32 8 19 20 55 25 30 3 21 2
1 20 28 26 29 20 6 13 62 13 35 3 28 9 23
36 36 25 14 26 53 2 32 13 21 4 12 17 2 31
7 11 38 25 32 12 25 17 4 42 45 10 40 10 7
34 31 0 16 2 21 29 62 33 6 11 31 9 12 11
8 8 8 19 42 36 1 29 3 28 31 46 7 5 41
65 28 3 12 5 16 46 24 20 12 2 5 9 31 16
36 19 15 30 24 14 5 20 48 19 32 25 2 16 38
48 8 49 29 3 33 20 9 3 3 28 21 36 14 5
3 10 12 11 48 25 14 50 13 12 31 25 8 44 8
21 18 4 16 27 23 51 4 53 4 16 21 39 7 1
2 16 31 8 3 5 10 77 14 27 8 24 8 29 15
25 28 19 3 2 18 32 55 16 28 23 37 5 16 27
34 41 19 11 12 19 27 38 34 13 10 1 42 2 27
55 33 8 18 2 5 23 21 5 11 6 23 24 53 20
32 1 21 12 25 40 26 1 4 43 57 3 9 3 18
12 3 32 2 9 5 52 17 27 40 29 49 12 7 5
34 3 3 15 9 21 31 23 46 6 17 5 7 3 63
16 1 26 19 16 49 14 0 5 33 10 35 44 20 31
12 10 33 27 26 9 7 14 14 26 14 3 28 62 36
25 43 29 24 9 21 28 11 57 13 11 25 5 18 13
8 13 14 14 24 7 17 46 32 13 17 8 52 29 35
6 15 17 56 5 38 40 34 15 5 35 12 12 17 1
25 28 51 10 30 5 18 16 1 0 59 8 8 3 25
22 42 39 23 23 10 1 22 37 6 26 14 15 40 21
11 12 44 4 1 5 17 38 19 15 36 39 29 32 28
27 0 47 26 13 16 6 35 4 27 24 11 51 17 20
6 31 11 16 37 46 31 46 19 12 8 39 0 5 3
39 17 9 34 33 1 20 51 10 19 29 8 19 32 9
24 24 13 37 7 35 31 12 24 0 22 24 53 1 22
41 14 25 13 14 51 46 5 3 34 11 19 5 25 8
16 32 21 54 12 34 46 11 37 9 14 11 8 10 1
37 5 10 38 34 18 2 6 20 61 30 10 15 15 1
10 5 23 17 9 46 27 27 15 48 6 49 7 7 18
13 18 36 24 5 1 19 11 48 9 51 1 41 16 12
38 6 6 51 41 19 9 33 40 9 5 3 16 18 20
17 17 54 41 6 21 10 30 8 4 2 7 10 44 35
7 31 0 22 1 15 38 42 10 2 6 30 33 52 15
14 45 24 16 5 2 48 11 15 32 32 11 18 25 35
18 21 1 6 62 14 51 4 13 3 13 6 0 14 44
8 28 2 33 3 47 38 33 1 13 9 30 17 20 38
29 5 13 11 34 8 27 3 11 2 51 37 35 39 0
23 10 30 1 22 37 14 39 46 3 16 44 15 11 13
22 26 31 45 24 12 4 49 14 14 24 7 33 6 25
13 58 42 5 5 20 13 7 31 17 8 31 7 40 8
7 1 71 9 19 1 19 8 0 25 23 4 31 42 10
25 13 38 27 6 23 39 45 17 31 26 19 9 13 19
8 23 38 25 33 5 7 58 25 22 27 12 23 2 19
26 4 3 1 3 12 27 29 37 53 52 8 22 7 11
28 12 50 22 4 4 29 36 8 57 22 7 10 8 4
011101011000101 111011110100001 111010100101011 011000001110011 100110000000111
111011100111110 100100000100011 010010011001011 000111111110101 111000000010101
111001010011111 010001101110001 111001010000110 011010011101000 100101111010000
010010000000111 001000000100001 100000010101110 000010011001000 011010100011100
001101111000010 011011100001101 011011110000100 101101100111000 010111101110110
010000000111101 111100110111100 010101010111111 110101010011110 110011001101110
011011001111000 000100110011010 001111111101100 000111101100010 101011000111011 000001001111110
111001101101101 101000110011100 110001111100001 110110001100100 111011101111100 101111000000100
010111100001110 101110011010001 001111111111001 001101011000100 100000110111010 101100111011101
110101010010011 101110000000001 111000011100111 100100001010001 000100101000101 010101110100001
111100010001010 111101110110101 110101110001111 011111111001101 101001110101010 101110000101011
001101010110111 101111011100111 110010111101010 010101110111110 110001101100101
001001000010001 011001100101100 000010000110100 010000001011010 100011100001010
101110111001000 011010001111011 110101110010110 111100111011111 001011001010110
110000100100010 000011100000101 100001001010001 100100110111110 100100010100100
100000000110111 100110110111011 111011100110010 110011100000101 111001010100100
011101110110011 011000111100110 101001110000111 000011000100100 001000000111101
101100010011101 111111101010101 111100110000111 000000111110011 000111001111111 000101110001011
100100111111111 111010101110110 100000000001111 000110101101010 101110000011110 000011100010001
000100000000011 000011111001111 001000111001111 100011011011011 100101011011000 111010101101111
110001010110100 110101000101011 001000101111010 100111000001101 110010100011101 001110110110010
101010000011111 101110010001000 111100101000001 110111100101001 000000111110110 110000010000100
010100101010111 111010000011101 011001101100001 100011111010111 011011011000111
011011101000100 010100100101110 110010011110100 101001110010101 100011001000110
110000101000001 011001110011001 011101010001000 010100011110011 100111011001011
010000101000100 111111001010111 011011100111001 001011100110010 101011010101111
011011111101000 100100111110111 001010011111010 010000110011110 110100101110100
001000111110110 001111101010000 010010100101001 010000000111001 010001110000111
101110101100001 101000011111101 011010101001001 100010101101110 101111101110011 101011100001111
010101111000000 010111001111001 001110110110101 111000001010111 100011011011111 011011010000011
110111101111000 101001000100100 101100101110101 000110010110111 010011000000111 100000010010111
000011000110011 011010110000111 011011111001110 001100001011000 000110110000110 000000000100111
101110111110001 110100100010101 101001110000100 101111000101011 100000110001100 100100101111101
111001010111011 110010100011011 101011110110010 100111011110100 010101010111101
111110010100111 000111101010010 000011001100110 000100011001101 000001000100110
100010100000100 111110000001000 111010001000100 000101101010110 110010010111011
000011011101011 011001100100000 001000011100110 100001001110001 111001100010110
111111010100010 010100100100100 110010000010100 011110011010101 110100101001110
001110011111011 100110000111101 101000001110101 010101010001100 110001111110000
011000110110110 101011011111011 001101000110101 101000110001010 100010110000010 011110001010011
100111111101010 001111010010001 011011011001100 100001110101011 110001101011100 110100101011110
001001000001011 101000100010010 010101100010110 110111010110010 110111110001111 110001011111000
001100011100010 011110000010000 010000101000010 101000011000110 110010001010001 101001101001010
010100000011110 011111010101111 100111111110101 110011000110011 101111110011101 010111010010011
100101111011110 000001111001111 111101100011100 101011010111111 110111000011111
110110010000101 101011101001000 001111010010111 001000101001110 100011111010110
011001000111011 100001101111101 100101010011101 110000100110010 011110000010110
101000011110001 110000101111100 000000101001010 101010000100001 011000111001100
110000000111101 100101110001001 110000000101101 000001001001010 011101101101001
111011110010011 101111100110101 101111110101101 001101101001011 010011101111110
111001101000100 000001100001010 001111111011110 100101110110100 010101110000110 111101111110100
110100001001100 101111000101101 010010100111000 101100111110011 101100001110101 110011101000101
010010011010100 001001000100011 011100011000011 110111001000100 011001101010001 010000011111011
000001111110010 111000100111001 001111000110001 110100101100100 100001100000110 011011111011100
111111110011001 010111011111111 000001001111010 101111101011011 011000100010100 101010011001011
010110011010101 000001010111111 111110001110000 001001001001111 110101011011101
000100001011001 110100011111010 111101100010110 110111111001110 000101101011011
011100000000011 011111011000000 010011000001101 110111010010000 000101011100111
110000111110100 101100110111101 110010001010001 110001011010100 001110111111101
001101111100100 100010001001010 101000010000010 111101101100011 011111011110100
110111000111001 101000001110100 101110110010101 001110110010011 100110010001011
110001001001000 011101110101010 011011010101010 000101011100011 011011111001100 010101101010000
001101000000001 101100011010100 010100011011010 110000010110111 100011110110001 011101100001000
010001000111010 111001110001011 000000100000101 001000011101000 111000000011011 110101010111100
100111011110001 110010010011011 001000100101010 010111000010111 001111000000011 000111000001110
011100101110011 010011110011001 111101010011100 011101100110000 110101000101100 001101000111010
110010011001001 000001101110101 111110001110101 110110010010011 001011000000010
000110110000111 101010111000010 010101111010110 101100100110110 101001010111001
111000000011010 110100100011001 100101110010000 001000000110100 000111111001110
010110111101000 110101001101000 100111101010101 010100011000110 011110111111001
010111110100010 110111110111011 000111101011110 001000101101001 111001101100110
000001000111101 111100000101101 000011001111100 001011110101001 101011101010101
001000010110010 101011000100000 110110111011101 010010010100011 010100110101100 001011111000100
100110010101011 010100101111101 011100000111101 001100110100111 101100110010011 010000000000111
000111001011000 011100011100010 111011111000110 101111111110000 101011001101010 101001101000010
000111000110110 100111000110100 101011011110001 010100111000100 010010101101101 101100100110110
010011001100000 000110011000001 011101000001111 011000000011000 100000010100110 010001110101011
001110110010111 010000100101101 110011100100101 100101111001001 011110101111101
010101000101101 010000100011001 011100110101100 001011010001111 000011011101100
110000101110101 100100001110000 110100101010100 111000001101111 110101010001101
010110011100110 001111000110100 110100101100100 001011100101111 111011110101110
100010100011011 000001001011011 011111111000100 101111001111000 000111110000001
001110001010110 111110010010001 100000000011101 100000011111100 000110101000111
100001101011011 110011000100001 011101111111111 110110011010100 100100010100110 000101110100011
000110010101001 100110001001011 111110111000011 110101111010100 001000111111100 010010001010001
000000110000000 111001100000110 011101011001111 001011010101111 110111001100100 100111011011000
001110100110001 101111101111111 100100110110110 000000101100001 001010101111011 111001110111111
011101110011011 000101001011010 011000001011110 000100110101010 011101001011010 110010111011000
001000011000011 011011100110111 101101101010011 101111010111000 010010001010000
101011001110011 101100000110011 010011011100011 101110111100001 000111001001110
011110111011110 010010100001100 100101001001011 110010110000011 010000000111000
011011010010010 001110001100001 000101110101010 110001000011110 010101100011010
011111000100000 011111011000010 000100100110110 110100111101101 101111101000111
100110101001000 100010000110011 101101000001110 100010111001000 011100111000010
001000001110001 101010001111101 010000000111001 011100010001111 001110101011101 011111110111010
000101001111001 011111110001100 001010100111111 100000000100001 001010001000001 010001100100110
100111111000000 100111010011010 010011110011010 001001000000111 111100010001001 110110111011000
000001111001011 110100011101100 011011001111000 010111100010001 111101110110010 011100000110000
101111111000011 000110111100000 011000111111100 111101000011111 010100011110001 010010111110001
100010010111110 101001011110011 111111011100000 101101011101101 111010000001100
001101001011100 100010101011011 000110110001110 001110010101100 000011011101100
011010100011011 010110110111001 010100111100110 000111101111111 100111001010001
110000101100000 111100010110111 111011100001010 001101010000001 101111101000010
001011010110101 101010011001100 101001111110000 000000110110011 000000101111010
001100000000100 111111010000111 001100111000110 010011011001000 001001100000001
011000110000001 110110100010011 110011101010101 100011111101111 100111100010010 000000001001001
101100111111110 100011001001011 011100100000001 000000000010010 000110010011110 001110000101000
100100001100011 110111010110101 001010101100000 011101000101010 010100011100000 010100101111101
001000000001101 011000110100001 001110100101101 000100110000011 101110001011100 000001111010111
010010001100101 010011100001011 110010010010011 010101110111111 010010101001101 101001001100000
