6 15 10
29 17 35 4 28 31 17 23 14 34 27 30 16 40 17
14 7 8 34 22 21 4 7 48 11 61 21 3 18 26
36 3 2 60 33 12 16 22 5 26 7 48 3 4 0
14 20 49 37 15 29 20 12 54 10 25 1 9 10 13
52 21 2 12 24 12 13 25 46 0 42 14 30 13 7
19 32 11 23 8 38 0 12 9 51 17 46 21 25 9
58 45 5 20 29 24 4 6 36 31 12 1 3 4 18
30 6 2 10 20 5 20 11 44 48 18 32 47 7 13
27 33 15 1 33 37 36 5 9 13 11 7 42 13 42
8 19 44 17 42 17 27 8 36 40 5 23 3 21 25
19 46 6 14 19 30 31 20 10 5 51 32 22 11 15
32 10 8 42 27 4 17 16 37 5 52 31 4 25 5
17 9 22 29 21 35 7 28 0 12 3 30 1 67 18
32 28 36 34 8 28 8 9 22 3 11 18 55 17 22
23 52 6 9 5 37 12 27 2 10 5 8 38 25 45
50 31 13 12 23 37 20 18 6 3 36 13 12 18 41
44 4 12 44 16 40 7 17 37 26 7 15 37 13 0
24 13 17 25 20 31 23 7 3 11 29 43 49 21 25
7 7 8 25 2 10 62 61 7 23 2 28 6 1 5
45 25 8 10 26 49 21 1 42 1 7 6 5 41 11
51 2 4 3 8 1 22 18 8 23 57 10 1 24 44
48 2 5 29 21 40 9 13 16 20 1 28 12 48 23
15 1 9 31 6 20 14 1 9 25 14 31 29 5 73
12 2 3 19 31 34 50 36 15 12 43 14 28 13 15
14 49 6 16 47 1 23 13 30 18 41 27 23 11 3
5 3 6 37 12 15 31 16 26 24 32 5 47 17 47
1 15 50 35 46 34 10 1 2 23 26 16 7 33 11
15 9 16 28 12 36 14 54 29 14 21 4 33 36 13
45 8 15 20 9 12 1 51 61 5 16 16 2 6 11
26 13 35 7 2 32 17 5 24 53 35 4 37 19 12
1 5 47 24 12 4 16 10 49 3 40 28 33 18 20
0 6 6 25 22 10 3 0 80 26 8 13 10 10 33
29 25 5 3 39 54 6 26 18 25 5 17 6 21 38
48 1 33 38 24 9 6 29 44 0 21 30 16 11 2
52 17 18 30 14 21 47 16 41 11 15 20 13 6 4
21 29 3 8 27 12 34 4 11 3 10 56 14 3 55
46 29 13 35 34 23 21 12 21 44 21 15 14 7 10
41 24 11 1 21 17 32 8 15 11 2 40 13 58 16
23 9 1 4 26 22 37 6 55 3 12 33 18 35 32
34 29 10 9 43 17 14 37 7 37 26 4 15 8 41
7 53 22 25 20 20 1 9 48 34 1 16 8 30 24
50 17 1 0 40 26 29 2 42 7 0 7 21 9 42
0 77 14 19 17 7 3 1 16 51 0 1 9 0 15
42 28 20 4 0 32 23 28 11 3 20 9 37 44 29
27 13 24 6 33 2 1 35 44 17 19 4 36 17 45
45 0 44 7 25 2 14 4 20 9 44 9 3 47 21
42 17 26 8 31 4 48 8 34 10 4 5 48 1 16
17 20 46 3 29 0 19 22 6 28 29 3 58 21 1
71 13 6 0 5 25 25 6 12 23 5 4 30 36 23
9 2 23 5 1 3 60 17 1 9 37 42 29 30 22
4 15 6 22 46 24 42 1 13 21 22 55 0 26 1
35 18 23 3 40 12 29 10 30 4 17 4 34 53 6
45 12 42 22 8 21 3 38 22 25 4 20 32 8 30
5 3 68 3 15 6 13 30 4 35 37 26 3 23 15
24 26 9 37 17 24 30 15 40 35 23 35 12 11 22
47 17 20 56 22 38 1 26 12 18 3 20 5 1 24
15 18 21 46 22 11 12 4 27 18 0 44 13 30 45
58 2 21 6 8 10 31 33 24 14 19 20 21 30 35
19 24 15 8 23 46 5 21 39 4 28 26 21 40 24
40 9 3 19 30 50 8 25 13 14 15 24 4 35 38
110101010101110 101101011000100 011111011110111 010011111011101 100111011010101
011001011101111 100001110010001 010000001010011 011101000111011 101111001100000
100110110110001 101000011001100 011001001000000 011011111110001 001001000001101
110001111110011 111111010101100 111111011111000 010111011011100 101011101111010
001100100101111 000111110100011 011110101010100 101111110100100 010011011001110
111010100010110 000101100101010 111011100101101 001000001011010 111100110001101
101000011110011 100101110011001 110000100100101 100001100010010 111100010000010 100011100001100
000010111010011 001001000000000 101110101101110 101010101010010 010011001011111 110100111000000
010010111000011 110110011110000 101111011100110 110001010111001 000110101101011 101000111110000
110100100100100 000101000100110 000010010100110 011111100111110 111111110101100 010111001111000
010000010000000 001001010110101 110001011001011 010111010101111 001000010010100 001100101010010
010000001100000 000010011111001 100100011010110 100000010111101 010011100010010
101110000111001 111110001100010 111101011010111 101010001000101 011100110100010
010110110001100 000001111101011 000101110100111 000100010100001 100010110011010
001000001010110 110101011011101 101110110011011 101100001111110 111111010011101
100100101110100 011010011110100 001101110101001 010010100110010 111001000111001
011111111111100 010100111001110 000110111011111 100000110111000 011111101110010
000000001000100 010110111101101 101101101100010 000110101111111 001001011011001 001110000100100
001110011000011 111000101001010 001011010001000 111100000000001 100010001000001 000101100011000
000100001110100 011011101010101 010010111001111 110011001010111 011000100000110 011101011010011
001101101011011 000001111101000 011111101100111 001010001101000 111101010000100 011001010010110
110111000111111 011000100010000 101001000111010 111011001101111 001011111000111 100010100100010
111011011100110 001011111110100 101100110100111 101001111111110 100000001000100
010001110011101 101001101010110 000000000000111 000111100000110 110000000110111
010100001101010 001110011010101 100100111100011 010110110011101 011010000011001
010000001100011 011000111010111 011101010110110 010111100010001 000100000000010
100001010011011 100011111000110 000111100010111 011001011110001 010010111011111
101000010001100 101011110001110 101011110111100 110001100011001 010101110111000
010000100110000 110010111011000 010011010000101 110110011011001 110111100110011 110110010111111
010010101010101 100110000100110 101011111100000 000100010100010 000110101001110 011111101100010
000001111000001 100001111001001 000110101111000 101101000111111 110101011010011 110110100010011
000101001100110 101101111010001 000010100010011 000011110011001 110100100000100 011100111011101
011000110100110 000110110110001 110011001010011 001010111101101 011011100001100 100100000001010
000001010100111 001111111000111 001111110110101 001110001111110 101100000101010
101000101101101 101100101101111 001111001100110 001000101110110 101101111000110
101101001010111 110111011111001 011000000100011 110001011101101 101101010000001
000111000111100 011001111110001 001100110111000 101010011010110 010011011101011
010011011110011 011100110010111 010111110000001 000000111111000 100001000111110
011100111011000 000100011010101 100101010001101 110001110000100 110000110010101
011001001011000 110110100001010 100001101011100 111011100110011 000101000010111 000000000100001
010011000110100 100011011000011 100000010000010 111100110010000 001111100110011 000011000111011
110010000000011 010110010001011 111001110001001 001010011101100 010101001011110 100010000011011
100001100101100 111111100111100 011001101100110 011010111011011 111101001110101 011100011101110
100010101100110 000000111100010 011100011101101 100000100000100 000101000011101 111010001101010
001011000111000 001000100001000 100000110110110 100000001110100 110101010101100
010010101100001 010001110110110 000101011110000 100011100000011 011000010000001
010100101111100 001011101011000 110011101100010 101100011011111 001001011101100
110000100110010 101010001011011 011000001100010 011011001100010 110000100111010
110101001100101 110011011011001 000101101000000 000101001110101 100100011011010
011101110111010 010001101001011 010010111100101 101000110001011 011100110011001
000111011110000 011011111100100 111100001101111 011011111110111 100010101101011 010111100011110
010011100110000 111000111100011 010111110110111 111011101100011 011011100010000 111111001011000
001001001001101 100111010010000 100101111001001 010111101011101 100111100110000 101110001101001
101110110011101 101101101010101 101010101000110 101000110111111 000111100001000 011000010000011
101100101011000 101110000101101 011000111000100 111001000011101 001100110101111 100000001111100
010111100011000 101010001011110 000011111110110 001010110001011 110100011010000
100110000011111 000001011100001 000000100101110 110010111101011 100100000110001
000011110010001 010101000101110 000011111111010 111100111101110 101010101111110
100010110001000 100000100100000 111001101100101 011011000101111 111110010001011
001011000100110 011110001010111 001111101110100 001110011101000 000001001100101
000101011101100 001100001000110 010011110010011 100010011101011 011011001110011
000101000001000 101111100110001 100001110111111 101000001100000 101111001100010 001101000001101
110100100010111 001111100010000 101001111010011 100110100111111 011111101000001 000111011000000
010001101010111 000110000000010 001111010110100 110101100111001 101001000000100 111111101011010
010111010001000 000010100001010 011110111011110 010110101111011 110100010000111 010110011111001
001010010110111 111000010100001 011111010011001 000000010000000 101000101111100 110100000001111
111011111111001 111100011011011 111000100110111 101111000000110 100100110110001
110100000101111 000001100011011 100100101011011 001000011010000 011111010101010
000010100000110 011111001110001 001110100110001 000110100101100 011111011110011
100001111100100 001100110010001 101101001000010 101011000011000 010001100001000
101001110001100 011010101101111 010000110000101 000000010011101 110110111011011
100101001001010 110001011011010 110010110011111 010000001111001 110000001010000
001011100010100 011100001101101 010111101111011 111101110010100 100011101101110 110101011010011
001001011111001 100111110111100 010010100100111 010001110111110 101101011110111 010010101100001
001000000101100 100010100110010 100000110000011 110010110110011 011101100100011 100011101001111
010100000001010 110010100001011 100101100001100 001100101100110 010010011000011 101011001010111
001011100000101 100111001000111 111001001010100 000101001000101 010010100001110 100110010100000
110001110000010 001110100000101 111011100100000 001011101010001 000001110001001
100000000010110 001001100110000 001111110110100 011011010110011 000000010000010
110100101011111 011110011011110 011010010100010 000001111000001 011101111000100
111100100101111 001000110111001 101000100011010 001000001111101 101110000110000
010000000011001 101101001111001 000111010001000 011101010110101 011110010000010
010001010110101 001101011111111 000011001111010 100001111101100 110111101100110
011001100100011 001000111011001 111001110111010 011111110100100 110110101101010 011001100000101
100000101110111 110011001111100 001111101100001 111011110011010 010011001010100 000010000010000
001000101001101 100010111000101 100111100111000 100111011111011 000001111100111 000100111111110
101001110110000 011010101011111 100100111110001 000011100101101 010111100101101 011011100100110
110101111101001 101101110001101 001111100100110 010101011101100 101000100001110 110110000001110
011001001111100 101111110000000 110111011010110 100111000111000 010001100110111
010110000011001 010110000110001 100011001000010 010111110000100 000010010011011
100100000011001 111111110011000 101011111010000 001001000101001 010100110100101
000010011000000 011111101100100 000000001101111 101001100101110 110101011001000
011101011010101 101110110101011 111000001110100 111111001000101 111101110011011
100110000010101 110000101110110 110100010110100 100111010010000 001010011001010
101101101001010 000011011011000 100001101010110 000010100100101 011110110001111 100011011000101
001111101011110 100110110001100 101011101011011 111110011110101 011101110010111 111101110011000
110001101000011 100001011001100 000010111111001 010011100011110 101000001001111 001110000110110
011011100000111 111010011000001 011010101000011 110110010010011 011011011001101 101111000110001
110010000011001 110000101000111 101110101001110 011000101011000 000100100010100 011000100001100
000100011110000 010010111010111 000110110100101 111111101101010 110011110111011
111111101001010 011011011100000 010111000101101 001000110100101 100010101101011
100100001001110 010101001011110 101011011001011 110110111100100 100101100100111
111011001000100 011111011110000 011011100111000 000010100010100 001110001110100
101101011001110 001000001110011 001010110101001 000110110100101 100100101001001
011000101101100 100110000000001 111001010100101 010011101111000 100110011110101
110000101110100 011010111001000 000011010010011 010110101100010 111100001011101 111001011001100
101011011010111 001000010000100 000110111100110 000010001110001 110010100010110 011011100011011
100011010001111 000000010010111 011101010100101 001100100100101 100001011101111 001100011000001
011010111001011 001001001101110 100101100001110 010010110110001 010001101001011 011111001000101
000111001011011 110101000111010 111101100100010 001000010100000 110001111100010 100101010010101
