6 15 10
2 17 27 21 17 40 2 10 49 5 22 43 29 18 24
34 14 22 2 11 29 52 4 15 12 11 5 17 48 36
52 3 13 7 9 40 61 19 15 7 17 11 23 7 7
3 60 24 29 7 13 37 33 25 33 4 17 10 4 11
43 15 3 25 22 7 25 13 3 28 28 12 27 59 2
21 3 1 38 13 1 45 1 3 19 12 27 41 48 26
18 12 20 48 5 9 8 44 27 3 55 7 6 7 29
54 27 14 8 25 24 39 3 25 38 28 4 21 5 3
8 17 31 2 9 21 8 18 38 47 42 8 35 9 31
3 21 25 22 27 27 8 46 22 29 26 16 34 37 6
4 10 15 2 24 31 38 20 13 5 23 41 20 53 24
13 15 7 21 34 22 33 21 4 59 9 3 33 25 27
18 31 19 1 44 5 40 14 36 32 34 12 19 18 15
45 20 42 5 29 9 31 13 6 5 45 9 22 34 1
12 2 4 33 18 14 14 50 22 5 9 52 22 27 32
11 8 20 45 10 28 7 52 0 49 22 11 8 23 11
44 14 64 24 18 13 27 13 7 30 4 27 2 6 9
5 6 30 29 3 49 30 7 23 5 37 19 16 25 41
7 17 14 47 28 16 14 32 16 19 7 31 10 57 0
49 6 13 21 11 15 4 23 7 43 48 4 8 40 15
2 2 6 15 26 24 11 32 1 25 17 13 73 16 25
3 23 2 42 55 18 7 41 27 3 27 3 17 22 18
34 0 16 17 18 3 54 23 4 15 4 54 5 23 30
26 21 15 60 20 34 19 3 18 22 10 3 41 13 20
29 11 25 12 22 2 64 8 9 1 30 26 16 40 6
64 41 20 25 1 24 13 37 1 2 12 7 24 13 12
1 20 25 52 19 14 0 3 56 16 13 28 22 26 12
3 7 41 1 8 16 63 2 21 5 14 48 17 15 24
36 9 18 15 21 27 20 43 14 18 36 47 6 23 13
33 53 49 16 2 14 1 49 23 4 2 5 4 0 15
36 16 22 37 50 27 6 39 23 15 4 12 9 28 8
5 27 9 16 51 26 56 23 14 12 11 26 21 18 5
47 32 32 14 13 43 11 2 11 35 15 12 31 23 11
36 14 2 6 17 37 35 12 27 2 62 17 2 26 2
5 9 9 14 46 20 12 4 9 33 45 53 1 27 13
3 32 42 16 4 5 13 2 12 16 10 26 69 15 25
9 22 11 20 16 9 45 60 12 17 4 10 45 11 15
13 27 18 4 38 31 41 9 21 5 34 26 45 17 7
49 12 46 45 1 6 26 17 8 4 27 25 15 25 0
7 6 25 30 35 7 3 37 12 23 22 42 15 31 40
18 8 37 25 82 11 3 10 12 13 12 3 3 13 7
4 15 29 28 9 14 8 26 11 37 17 46 31 36 33
9 9 9 29 8 14 39 61 13 6 45 32 7 8 3
20 30 18 6 14 13 32 52 32 12 28 35 12 0 30
46 10 54 18 28 11 3 25 4 23 6 6 26 39 11
36 7 49 34 21 36 40 13 16 1 7 23 8 19 19
60 8 31 21 40 12 1 32 2 28 2 18 2 9 30
7 18 4 7 19 1 25 29 32 57 2 21 39 18 33
9 14 18 7 12 1 24 30 47 18 38 31 44 28 8
56 34 31 13 4 41 10 15 9 9 25 30 2 17 20
4 6 28 11 15 2 16 50 19 43 12 13 49 6 32
26 7 21 10 44 52 17 5 23 1 23 9 46 21 7
28 4 28 9 24 7 15 26 2 62 48 10 6 7 21
40 38 12 9 50 28 18 20 21 21 9 25 12 11 31
36 22 31 24 17 46 2 1 34 13 12 28 22 1 39
21 7 35 9 17 6 25 15 6 23 59 15 24 44 17
6 4 28 27 48 13 18 13 6 52 2 22 35 29 11
36 36 8 30 66 18 21 18 15 24 13 12 5 2 0
16 13 24 22 14 32 14 16 63 23 3 15 36 18 23
9 9 9 10 17 20 19 38 45 35 11 48 18 32 2
001111100100001 001110101001110 011100100011111 100011011000100 011010001001110
001001100110100 101111111110100 110000100000111 111011001001001 001011010101110
101101101000001 110001111110011 111010010110000 000100110101101 011011101101101
010000010101100 010101010010001 110110111000000 011100111010001 100001110000001
001101011011100 010011111110001 010000101101011 011100110100000 101101101000110
100101000000010 011111111001010 111111000111100 111010100011111 101010000010100
110010110001011 001001111011010 001010100101110 111000101110010 101101001101101 101111010010000
001100000100001 011100111111101 010000010111011 010010111100111 010000100101101 010010001000001
100110110011000 001101101100110 011101001010101 100001100000101 101111110000100 011111110001111
011110011101111 110011111101101 110111100100011 000001001011111 011000010000000 111100100010011
111101010111100 110011000110011 001111001000011 011001000111111 111101101101010 101101011000111
011100110001110 100001101110010 111011111011100 000011100011111 001111001011000
110101110100010 001100001001010 101110010101101 000000111100001 000101100111000
101110000000010 101000001001110 010101000101011 101010011010000 111010000111001
101001110100001 110010010111000 111001111110110 010101100010010 100101011101111
111000101111001 101111100101000 010100101111010 101100100001010 000101111001010
111101011000001 101100111110111 101010001100010 011100010110111 001100111100001
010000000001010 101111110011010 111001011000011 010010110100111 000011101001110 110011011101101
111100001101000 100011101111110 110010100001101 000101100100111 110001110011100 100011111001101
110100110100101 011111001101011 100011100010110 010110011100110 100010111100100 001111010101110
111111111011001 001110000010111 010111100100001 111110110010001 110110011010111 010100111001100
101101100111001 100101111011111 010000111111011 100110110001100 010010100010001 000111010000011
100101101001101 011111110101111 000101101111001 000110010011111 000100111111001
001000011001011 100111010010101 011000100101110 010111101000101 100111110111101
011010001000001 110000010011001 000011000010001 110101011011000 101001011110010
010010000110111 100101011010101 010011101101011 000101001110100 011000010111110
111000001111100 011100010000101 111111001011010 110000110110001 011111001001001
111001100101001 011010001011010 001111101110001 111011100001101 010011100100000
110101110100110 001001001000001 000000000001010 001110110001000 100000111110011 100101100001001
010100101011000 101100010101010 101000111110001 110111001110011 111010000011001 010111011000001
111011100011001 001001001111100 010111010111100 100110110010011 111101011101001 011001111100101
011100110010110 110000000001000 100010110000001 000101110110011 001001000011010 100101101111000
101100011111111 111011101110010 111011000111111 010110100111001 010001011100000 011111000111011
110111110000000 001010111101000 101101000001001 000110110111001 110101011101011
010011011110110 001100110110001 110100000101111 001011101100011 001010011101010
111011111010101 000100011011000 101000101011100 011110010001000 111111000001101
000100101111010 101000100111001 101000110111001 000011001110011 011001111100110
010000111000111 000010101000101 011101100101100 000000101111111 101101010100000
000010100111010 011000101001001 101101100011000 111000001101010 001000100010110
111100000101011 111111000101011 010000001110011 001101010011010 000011110100001 100101110010111
010101001000111 011110101110100 111000011101001 001000100101010 111000001101110 110010001111011
010000001010000 010111011111111 101011010011000 111000110100000 110101000010010 011111111010010
001000111101010 001101010001100 000011011110110 111011110000000 001100101111101 010001111110000
110011100001000 111101000111110 101111110110001 100110101011001 010101111010100 011010001011000
001011001100010 001011101010011 111100110000010 110111001000111 111111111010011
000101000010110 100011000010101 001110000100010 011011000011111 111110110110001
111100100011000 101100001000111 011100001111101 000100111010001 011010001111111
110010100000100 000010100111000 001110010010011 101111001010010 011011000011010
101111001011011 001100100100110 101011101001101 111011111000011 011101111110111
111101010010000 001001001100000 101110110101111 111110101111100 010011011101010
000010010011010 001101111110101 000010101110001 101010101110101 100101010110000 101000010010001
000011000101011 110001011001111 000010110010001 011001000111001 101100001111111 011000001011011
010101101110001 110100010100001 010101110010001 100101111011011 011000011010100 111100110101000
010010011010011 011111111111111 101011101011001 010010110001111 100110110110011 011010010111010
100001000011101 001011001101101 001010000110000 100001100111100 111101100011000 110000111011010
010010010000010 111110100001100 101110001111111 110110001000010 101010100110100
101000100000100 101101010100101 010110100101111 100001110001111 110110000111110
000010100001110 110000111111010 010010101101011 100010010001001 101011000111011
111100100111101 110111001100101 101101101111111 110000010100100 010110110010000
001000011001100 100111101010000 001110000001000 110011111000101 000001011010011
111111001111110 101101110001101 101101010010001 010000101100110 100011101000000
000000110010011 110010101101111 001001011110110 010010001011010 011101011000100 011110101101110
100111011010001 100010010111111 010111000001010 010110000001000 111000110110011 100011000001100
110010100000111 111001111011000 110000000001100 100101111011111 100000101100100 000110011001110
000101111000100 010111001010011 100000111010110 101000100010000 000111001010111 111001101000111
011101010100101 011100100000110 010011111010111 101111011000101 101111100011001 111010011101000
011110101111110 111000011011111 011101101010110 110010011000101 110011110011001
100101001100110 111000111100010 000001111011100 011110011000000 111010100011011
000001010011001 001111011100000 010001000111001 110001110001001 011010111100000
001111000111011 000000110111101 111011110011010 001000000111101 100110011010101
010110001001010 011101101111010 010110110000010 001000100011101 110001000010100
110110000001011 001101101101101 100111101100110 100100110100101 101110110100111
010000101011000 111101110100000 101011011011101 110111011000100 111110011000110 010110010111000
001111010001001 101111101001001 010010101011110 100101011010100 101011001011001 000110001111111
010101111000000 111111001000101 011101100110010 001001011011001 101110011111000 110001011001110
011101100100111 110101001000010 101100111001110 010111011110010 101101110001101 001000001101001
010111100010000 100101011111010 001000101000100 101101110001000 101111000100010 010010001000010
100100110001011 101101011111001 100110001011011 001010101001000 100001100101000
000010010011111 000001011001111 010101011100100 010111110111111 010111111101010
101010010100100 000111110100110 000100111111110 101111010110111 100011110000110
011001000110110 010011010001100 100001011011101 100100101111000 010100111011100
010111110000110 101001111001010 111001101010010 000001011100110 111100001111100
011110100011101 100100000010010 001100110110001 110000101000101 100101001100100
011110110001110 011101011011011 010101111100001 111011100110101 100111110111100 101000001000111
000011000000111 111001010010010 110010000110110 011100011001101 111111100111010 011001011111111
000010011101011 110001100000001 000111110110110 111100101001000 100000110101001 001001111111000
110111010001100 011111111111100 101001100001001 000100110000011 111100000001111 101001010101001
000110011110000 101110001100110 010101010111100 010011000011111 111110000001101 110101010001100
010010110011011 011110001111100 101111111101111 010101101111100 100011001000011
101111000110111 111101110001111 101000101000110 010010101011000 110100000110111
001100100101101 100111110110011 000010001000011 010011010001000 011011101111101
000110111000111 010000100111010 100000100101111 001110011000011 001111010110111
000000011000110 111101001011111 101001000110000 011010110101111 111100010011100
010000001110100 010001011000100 001000100001111 111100001100001 000000101110100
101100000100100 100110001000111 111101111010000 111000101010001 100101100110111 100010000011000
110011100010001 111100001101001 001100011010011 010001110000010 000001011101100 111000110000110
101111101001000 010000110001011 000000000000011 111101001000001 100101100000001 000000110111110
000111001100010 001001111000001 110111001011110 110101000110110 000100000111110 011110010100110
010101001100111 101011101100001 110110111000101 101101110100101 000100011011010 001110100010100
010111110101001 101000010011000 011001010011111 101010100111010 001101111111100
100100010111110 010100011111111 110111101001100 111100110010010 111011001000111
100111100101000 010101100000111 011000111100000 010011001100111 011010101001111
110010110011101 100010011111011 101111010101011 110001001110100 111011011101001
010110110111000 111010100101110 110001100011000 010100010110110 101101001010001
011111111010101 111111000100110 100001010110101 000001011001001 000101011110011
000101111110110 011001011001101 010011010011111 110110011111000 000000010110110 100110101010000
011111111001000 011000111100110 010011001111010 101101000000111 010010010010101 100001000010010
101010011111010 101111100000011 111011011000010 101001110100001 101001100110001 111101010010101
011110001000000 100010011011110 101110111000111 001010000000010 011110001010001 001110001111111
011000011000101 011100011001000 000100110101000 100110011100011 010100101011011 011011011011100
