6 15 10
26 30 4 30 10 28 28 6 1 10 60 22 10 9 37
14 1 59 19 36 31 16 17 32 27 24 8 9 14 22
33 17 40 34 36 42 14 6 26 17 10 16 21 12 27
41 2 13 40 49 10 1 8 4 28 2 16 27 6 47
44 13 35 20 10 14 32 13 35 52 14 7 12 22 3
36 20 20 4 26 2 20 20 22 48 12 1 58 4 9
25 3 1 37 7 15 29 12 32 2 38 44 40 21 19
17 17 18 58 3 6 18 0 3 11 12 59 6 24 30
6 7 45 38 15 16 9 38 5 38 26 23 3 10 40
29 6 45 7 27 33 43 12 5 31 15 18 21 32 14
24 63 37 11 24 32 16 20 14 27 2 16 12 11 17
32 33 4 6 6 6 49 5 27 46 35 14 31 5 6
16 68 2 24 4 29 32 38 13 23 12 12 3 6 13
43 49 4 0 37 9 20 22 11 12 11 3 44 14 30
4 13 53 1 47 27 16 32 13 7 6 8 49 2 8
2 15 41 35 39 13 7 6 14 17 12 58 19 23 17
2 11 49 9 59 18 6 11 11 24 1 11 42 24 15
50 22 9 5 34 16 8 22 44 4 13 14 5 38 33
18 49 42 35 14 14 14 5 13 23 32 20 20 18 29
15 30 43 9 32 5 6 8 4 51 28 47 12 4 5
38 11 28 4 1 9 31 53 32 17 13 16 20 39 8
29 7 14 58 8 1 11 1 40 51 12 15 21 7 17
28 5 9 14 46 11 2 35 19 28 21 14 50 30 15
26 26 2 34 17 30 4 16 23 13 5 0 29 66 9
7 44 20 47 7 39 5 26 40 4 4 28 20 15 8
13 4 1 28 14 51 21 1 44 14 8 31 38 33 1
34 34 31 12 8 7 22 5 42 12 52 14 7 23 24
37 1 32 14 14 33 29 1 55 1 11 7 14 29 34
28 33 3 29 28 48 24 8 1 24 19 12 42 25 9
5 2 28 28 0 43 4 12 5 65 6 36 1 22 18
18 11 13 37 7 17 19 28 30 21 12 14 6 6 69
3 36 37 12 0 3 6 20 13 24 39 22 60 17 8
46 14 9 14 24 10 56 20 31 5 24 16 31 20 4
18 33 30 9 6 21 8 38 57 40 2 0 4 1 29
26 21 46 26 6 30 35 20 33 9 44 5 7 4 18
30 31 2 25 18 48 6 28 32 0 46 5 13 26 3
11 30 32 1 2 28 46 12 3 40 21 50 3 16 8
15 24 8 11 22 46 55 13 28 0 22 22 35 5 16
42 15 11 37 6 52 25 24 24 28 26 5 1 20 12
20 4 46 8 30 36 18 24 14 13 29 37 22 34 6
2 24 20 22 9 50 8 11 29 11 46 45 13 1 24
2 34 37 15 24 2 33 26 19 6 25 57 25 6 8
5 3 8 33 10 34 35 33 32 12 1 30 36 44 1
29 10 19 26 6 43 30 12 32 13 22 3 57 4 10
2 15 9 23 30 5 53 4 55 18 31 26 10 1 14
19 11 27 3 16 37 53 23 49 18 3 26 10 9 14
29 42 23 18 5 7 19 32 29 25 4 42 26 33 7
0 44 26 15 9 2 4 38 11 46 13 7 43 16 32
46 1 14 56 13 9 7 29 10 38 15 11 5 25 29
30 52 4 5 1 26 21 7 24 0 38 38 18 38 10
16 18 19 38 7 29 21 3 34 6 35 9 3 53 32
45 11 9 11 50 10 11 11 20 37 15 4 39 16 32
11 18 14 31 12 16 36 28 6 56 10 5 34 30 25
1 4 41 33 28 8 8 6 34 1 3 16 51 35 33
14 29 2 30 12 2 40 42 19 7 61 10 6 7 11
21 2 18 22 12 21 15 2 18 37 37 44 33 31 31
44 27 27 0 19 4 12 14 23 15 33 23 58 5 13
35 47 22 20 17 25 16 10 32 44 2 27 14 20 5
4 36 5 12 29 33 6 1 3 8 46 3 58 28 15
42 18 39 22 38 6 14 11 36 2 19 41 15 10 21
101011000100010 111011010010011 101100100010011 111000000110111 110010100110100
000001000010010 000000011100110 110110010101001 011101011100111 101110001100010
100110100101001 010100110101100 100101111000001 110011010010110 101001011111011
110111000010000 100101100010000 110111100001101 101100011010100 100100110000011
110101100010011 000101010000010 101011111011010 011100010000010 001010101100001
101001001110011 111110100000000 100110100100110 010111111100010 111011101111001
110111011101111 111111101001111 111010001111110 011100011011011 101100100011001 101100100000001
000110000100010 010110110001010 111101101011001 100101000100011 000110010011111 101111110011010
111000100000000 010011110101011 001010001010110 111011110100101 110101010010111 001111000010110
111010111011100 001000011000011 111100000101100 001011111101001 100010001011111 100100001100100
011010110100111 011101000010100 001111000110010 010010011010010 010011111100110 101101001001011
111001101110101 111001100100100 110000001010101 000010100001100 001110001101110
111110101110000 001110011001110 110101111110111 100010001101000 001101010000000
001101101111100 000000110101111 100001100001011 101010010001000 101010011010011
101000001101000 000001110010001 011011011101011 010011101000110 110110010111001
000110110111111 000110111001100 100101000101101 101010001101100 110011000111010
010010111100100 000000000011010 010011000001100 101000000101111 001000001101101
100111001000100 001110000010010 010101010011011 111000011000110 110100111111110 001011000101100
111111000110110 000101111101001 100100000111000 100100111101100 100011011100110 110100110001110
001110101000100 011000111001110 010010001001101 011010000010101 000101110111101 100111011111111
100001100110111 110110000101001 000011110001000 010010000001110 011100001100100 110110111101011
101111010110110 000100100011111 110001101001100 110110100000100 001000101100011 101110100010101
011011101110100 001110101000100 001110011011001 110110111101010 001011111011010
110000111101110 100100100011101 000111111111010 001000010010110 101001000001010
110100111000001 010111111001011 100011111011011 100110010100010 110110110101110
001011011101101 001001100101111 101111001101011 101101001010000 100101101001010
100000010001010 100110011011100 100100010101000 111010010101001 000101100001111
100010010110101 101000110011111 110101101100111 000000000001111 011000000111001
100011101011000 101100001111111 100101100011110 011110010101101 110010000100001 101011011100101
000001111010011 101011000111100 000110101011101 110110001101110 001000000000000 110010101111010
100001110101111 001011011110001 110111100100011 100100111010110 000001010110101 101101011011110
101100111000110 101011001110010 111001100110001 101100011001001 010010100110110 000000000110110
011001010100111 001100000010111 010011010000100 111010011100001 101101101101000 111110000001100
010111001010010 100100101011100 110001000011010 111011100010101 100001101010110
001101101100110 000011100111110 010110110110000 010110010111100 100101101101100
111100111001000 011010010000001 101111101000100 101100011000010 100101101111000
100001101011111 011010111011111 110000111011001 101010011011111 000101010001001
101100110101011 101000011111111 011111111100110 001011011110000 111100101010000
001100011010100 010101110000001 011100110111101 101111010000111 110111001001111
111101011100001 000101000011000 100001110001001 000101100110001 010101111010011 101101000010111
011110111011101 010101000110110 101011100100110 010000110100101 110011111010010 111011110000100
101010010101111 000011000110011 001010111011110 001001001111101 100101111111010 111110000010100
101011101101100 110010001010110 011100100011100 101000110001000 001101010111010 101000011010001
100011101100110 111101010011011 000101010100101 000100101101111 011000100010010 110000110000011
011110100011000 111011110101110 111110010000010 010001110101000 110110111010000
000011100110100 101001010011111 010001010000001 011000011000100 101001111101010
011000001100001 001111110111110 100001100110001 000000111100101 110100000001100
111000010110101 110111111000001 010010001001101 010010010000111 001000100100100
111100111100110 111000101100110 100110110011100 110011100100011 000000001000101
110110000000101 011110011110011 000101101101000 000111111101100 001001110111011
100100100101100 101111001010111 000101001010110 110011010000111 000011100001001 010000111001011
010110101101001 100110011011100 000010100000001 111100111010011 110000001001111 010001001001101
110111011001010 010111001000011 010011101110100 111111011001101 010101101100010 100101100101001
001111011110011 011011011001110 000000110111100 010110100000000 110110010000000 101001000011010
101111010111010 010000101100110 111000101111000 100001001001010 101111001110000 101001110110011
101100100010100 001011101101011 101011101001000 010100100101101 001011101100110
101001110110101 000101011100001 001101111000101 111011001011111 011000001011000
001001110110101 001101111100101 011110000000111 011100010110101 100000010010110
010000110110010 000000110000110 100100001100111 000111101101011 111001110010110
111011001010101 000010010000001 001110110110111 101101110010101 010101001100000
110010011101000 111111010011100 000111111000000 101000000110100 001100111000101
100010010111000 100100011110010 100010101110110 000010011010001 011100000000000 010110011011000
001110100111110 111100100111010 010011100011101 110010110011100 110110111000011 010111100010000
000011110010101 010110011110000 101011011111011 011001111110011 101000100011101 001111010101110
010000101110111 101001001110010 110010010000000 111110100100110 001101000110100 011111000011101
111000110011001 010110010110001 000100010011101 011100111111011 011011000001000 111010001010100
000111011101011 010111101110010 111101011010001 000001001100111 000001010101011
101010111000010 001010000001111 111010110001000 110100110101111 000101100100010
010100111001000 111000101000001 110111101000111 111110101111100 010010011000011
101100110011100 101000110100001 001001111110000 010000000111000 101101101001101
010101101000010 001101000010110 101011000110001 000000000000010 010101011100111
111110010110100 101011111100011 011010000101101 000100011111110 110100010010011
000001111110011 111000001001101 010111000101111 000010110001001 101110010110101 010101101101101
010101111101011 010101001001010 111010000111100 111001101100110 111000100000011 011001011110001
101100000000010 110100101001011 011001101001001 111111010000101 010001011101101 111111000101000
100101001001010 111010011011010 110100000010100 101101010001001 000000001111010 110111101010111
011000011000011 100101100101001 111110111101011 101101010011111 000100011111101 100101000000100
000101101000100 010010100001010 011111101110000 101111111001010 110000000110111
111100110010001 011100001101010 001111110010111 001001011010111 101101000101110
000001110001100 000111000011111 010001010111010 110110101011111 010001110011000
101001010010001 010110011010110 110110111111011 000101010101100 110100011011110
011100111100100 001000110000101 011100111110111 110100110110100 110100111011101
101000101110011 001010011011000 100101000001110 011001011101100 000011101101011
101010011000101 101001111100000 000101110001000 000110101000010 010111001101000 010011001001110
111110000011100 110101001111000 000010011111011 001111011110101 001110110101001 011001110111110
100011110101110 011000111110011 111000010000000 110111011001100 001001010101101 011000010011000
100110000000111 001010111100110 011001010000101 000010001011111 101101110110101 100110110001111
101100001110101 000010110100001 011111100000100 111000100001001 111111011110011 000001011000000
010011100011001 110011110100111 111110110100111 000111101111011 101001011011011
100100100111110 001101101100110 010010110101100 100110001011001 101000000100000
001100010011000 101001111101111 100001011000110 001101110111101 011101110001001
100001111010111 111111001011000 000001011111110 110000010101111 010101101101111
101000110001110 110010000101101 100111001010100 101100101101100 111110100101101
101100011101101 101111011111011 001111011000111 000111100001010 011010110010110
000011101001010 111010110111011 110000001100110 111010010001100 111110101110101 111110010101111
011001001110110 110100010011000 110110010100110 111101011101100 100001010001111 111100010110010
000011110101101 111000100101101 111010100111100 111001110010001 101011100101111 110011000100111
110000111010100 001101111011110 001000101101001 000101011100010 101111100100101 001010101000110
011010001101000 110001111100101 001110100100011 100000011000010 000000101010000 001101110001011
101011001100011 001100110010100 001101010000111 101101101010010 011100011111011
110110011001010 101010101000011 100111001101100 000100111110100 000001100111010
011110101010111 100001111101111 011111100101111 111010000001000 000101001101011
010110011111010 111000111110101 101010110110011 101111100101111 110110100001000
001010001100011 111010001001111 001000010100011 111001110000110 111110110001101
011000101010011 010001000001001 000011101111001 010010111001001 000011101111010
101101100000110 111001000100100 010010110110110 111011111110101 010000100111001 101101111001000
111111101100100 000110100101001 111001010000110 010101000100111 101001001011101 001010011110001
100101000111001 011101100100101 111111111010110 011111111110001 110111001111010 101001010100011
111110110010011 010100100110101 011110111101111 101110001100010 010001011011100 101011101110100
000011110000000 101101011010000 000110011001010 101111100010101 010111110011111 000000011010010
