6 15 10
36 29 2 1 5 41 32 54 10 9 2 34 7 23 17
31 9 21 20 2 13 23 69 43 5 22 6 16 2 6
20 40 32 8 10 5 5 26 8 14 43 14 23 12 56
5 38 8 14 37 59 16 7 22 10 30 18 12 30 15
11 35 38 2 13 5 3 12 13 2 3 26 39 50 45
1 4 28 62 10 20 13 5 15 43 17 7 20 26 32
31 7 22 19 38 44 49 9 16 6 20 1 7 24 31
47 32 5 48 6 27 4 7 14 36 7 4 3 45 3
59 27 11 12 1 3 21 39 26 27 12 38 7 22 3
13 45 45 9 28 38 2 40 8 7 14 21 18 28 3
19 11 3 7 51 11 6 21 13 11 35 25 24 14 57
26 15 1 25 47 51 15 45 22 2 19 17 11 11 2
35 15 6 12 26 36 15 19 28 19 34 4 42 43 3
4 36 2 7 35 27 19 14 4 5 6 12 11 66 38
2 18 9 4 3 37 12 37 23 8 58 33 30 23 16
9 33 17 54 1 21 24 26 3 20 32 23 33 24 18
3 16 26 3 54 56 21 28 17 14 4 35 3 1 9
44 33 18 26 3 11 21 44 17 40 11 1 13 36 1
42 6 15 10 4 22 32 23 7 35 38 22 25 12 42
15 35 41 21 15 20 8 17 51 36 21 20 6 25 0
41 18 11 29 24 25 8 23 54 0 34 15 1 28 10
20 56 37 26 39 17 9 28 6 3 16 9 7 34 11
17 26 1 2 8 2 13 31 47 24 11 21 25 33 52
32 10 17 12 44 8 11 38 4 5 19 13 24 43 44
25 32 40 5 27 26 22 18 38 8 11 14 6 48 20
22 2 30 8 8 35 12 10 47 17 40 15 17 35 33
15 8 1 14 65 4 27 41 11 25 21 29 26 6 15
13 23 13 16 17 43 0 11 19 3 58 13 33 0 40
29 11 10 17 23 5 20 7 8 8 45 52 39 24 26
14 32 14 20 9 40 1 10 4 41 49 8 47 2 6
1 14 8 5 39 1 10 1 11 56 2 41 28 36 34
15 8 26 23 0 40 7 30 36 4 31 50 9 29 15
9 6 11 15 5 10 31 14 27 0 22 60 45 38 6
28 7 47 45 13 17 47 27 7 4 32 0 3 21 10
25 9 13 10 5 39 9 24 4 20 29 7 15 70 21
6 46 44 41 8 11 10 33 14 38 21 7 17 22 9
26 27 35 28 8 24 23 21 16 12 5 4 33 30 51
6 6 34 15 50 3 14 1 34 23 10 48 41 8 4
36 11 4 32 40 24 37 9 3 17 20 43 28 21 9
1 3 11 27 6 10 10 7 32 64 21 43 7 32 19
34 4 22 44 24 16 15 49 31 6 22 22 6 4 29
38 7 46 5 17 23 7 19 17 5 13 15 61 17 22
7 6 11 30 31 48 11 25 46 4 1 5 51 0 13
8 21 34 37 7 37 40 6 37 12 16 2 26 36 10
4 50 7 42 45 2 23 3 35 26 7 9 21 22 14
5 38 16 2 10 14 52 6 17 46 1 34 37 10 16
15 18 1 24 23 6 19 34 35 3 32 37 53 12 11
11 7 13 27 14 12 7 45 1 18 40 56 14 25 23
4 25 45 14 23 7 19 34 2 49 4 9 28 37 18
26 5 27 4 17 8 37 28 26 21 28 15 9 10 61
33 27 10 40 30 15 0 15 45 37 27 7 20 20 5
27 30 29 19 13 6 9 36 16 8 5 70 1 0 18
27 12 39 51 18 9 27 24 14 8 38 8 6 18 35
25 8 9 33 22 18 2 14 3 29 43 19 28 57 0
19 25 20 16 30 44 35 2 11 7 32 22 28 38 16
11 11 27 16 3 28 11 29 2 3 49 21 19 23 57
20 16 30 30 6 7 58 39 29 11 22 20 17 2 20
14 29 2 9 23 39 46 19 34 1 39 38 6 10 9
13 3 40 3 11 22 12 42 13 27 59 2 22 17 24
27 20 11 2 1 54 22 12 24 7 43 30 22 35 8
100000110110001 100000011111010 010000001110000 111101010110101 010000100001111
101010000111110 110111010010001 100011100010100 111111000110001 000000011000110
100101000000000 010111011100000 101101011011011 011110101011000 001010110100011
011011000001101 000101101011111 100010101100010 011111010110000 101010111100010
101100101001110 100110001110010 101001110110110 010110010101100 101010110111011
100000001111001 000011001000100 111110001011010 011011101101000 010011101110001
000111010001001 001111100001110 110110010011001 001010010111010 111110001101011 111000010100110
010011000001101 010110011110010 101100010101000 110111100001110 011011001111101 011101000011101
110011001101011 001101001101110 110010011011010 101111001000001 000101000011010 000001000000000
111111101010100 111000100010011 011111000100010 111011110111111 101001001010100 000101100101110
101001111110101 001000010011110 100110010111011 100100110111111 111111100011010 000001110011111
010100001101000 001010010011010 110010111010101 101001110011111 001000010001010
011110110010110 001001111000011 000000011001010 100011000010000 101011110010000
000111001110111 010011100011111 010000010100110 110011001101110 001010001100011
110101110110111 001101011010000 101111111110010 010000110000111 100001010111100
000111000111010 011100000101001 011000000101110 100011100001101 101101110101000
000110001001011 101001010010100 010011110101111 111001111101010 001101011000100
110010001010111 011011100000001 111000100111000 100000000111010 001011010110110 010111110111101
110010101101000 010100100110011 010111010011101 001010011100001 111000000100100 010011111110001
100101101100010 011110101101001 000101100101011 110110111000101 110101111010011 111011000111100
000010010110000 100011011000110 000001100001111 000100110010011 000100011100011 110011001100101
000000100001001 000011110000010 000101110101101 110111000110110 001100001111111 110010001011001
100010010011111 001110101101001 100100101000100 100100000011011 000101000001000
101010000001001 111111111110110 101110000011111 000000100001001 100101100000110
100101100110010 111000001010111 000000010100000 110100000110000 011111100111101
110000101101000 000010110100000 000101110111101 111101110001010 011000000001010
011011010000001 001000010011010 001100110011110 001010001110010 100001010110001
001001010100110 010001111000011 000000000110111 100101100000010 111100011111011
010000000100100 111010001001111 011101011100010 111011100011101 001001010000101 010000001010011
110010101111111 100101111011010 010001110010100 001111110110000 001110111111100 100001111110110
100110101110001 100100100101110 110110110111011 111110101111000 111001011111001 101011100010101
010001000100100 010100100101110 001000001110010 010010101111101 000101001101100 001010101000100
011110001011000 110100100011010 001111100101110 010010000111110 000111101001101 010011001000101
001110110010110 111100000011100 010100100101001 011111010000010 010111010001011
010011010101101 010010010111011 001111100101100 001011100100011 001010010110100
101111110110011 011011010101110 010000010011010 111101101011101 000010100001011
100001000001001 100100001000011 011000000001101 111100111001110 011110010001000
110110110111100 011101101100110 011110110001011 000110101010001 001111010001011
100110000000111 110110111000010 110101111101111 011111100001000 011010111010111
000011010001111 010100111010101 111101110000001 110001010010110 010011100010011 101000000001010
100111000110011 001110011110010 010001100100111 111010010000100 001001011011101 010001011100111
010011010010000 011001111010001 001111000010010 011101110011011 100010001110110 010000001100000
011010100011000 011001011010011 010000011000110 100010101101000 111110011011000 010100000000011
101001111010110 110001010010110 010101011111000 000110100001100 110000011111010 110101000010101
000100010000010 011101010001110 001111001100010 010101010001100 110010001100010
100110111100100 000110100000000 000010001010111 010001011100101 000011111010110
001100001011101 010011001001010 110111000001101 001010000001011 111100010101010
101001010100111 110111110110111 101111001101111 101000001001001 010110001100100
111111100100100 011100111100000 101011000011011 100000000110100 010011000011000
110010010001001 011011011011001 010100100110010 101100011101011 110011001011001
010100010110001 001101111011010 111001010011001 111001110100100 000111001110110 011011111000010
110101110110111 110111011100010 100011101001111 101011010100110 001000001110101 101111101111001
001010100110000 000100110101000 111010111010100 100111101001111 010010010110000 100100011011101
011011001110000 110100011001000 100000000000010 001011100110011 000001001111011 110100110111010
000100100011011 011011001000010 110111111110100 101111100111100 010100000111001 000000001111110
011011011111011 101000001000000 100011000100110 101000100110100 111011101101011
010110100000111 011001111110000 010110110100001 010111110111100 110111100000100
010110011000101 010111111100010 010001111000100 010111000000000 000001101011000
011101100001111 011111101010100 111011000111010 110111100000001 011110010000000
011000101011111 111001100101010 010110001111000 010100010000100 011000000111110
000110100001001 101110110110101 110100001000010 010000000001011 001011110111011
000111001101010 110100010111000 110000010010101 110010110111001 111111101010100 000100110100001
111010000011011 011011011111010 010101011101111 110000011101010 001000100000001 011100001001110
000010110000101 110101011010010 101000011101001 011111000011000 011101111101010 001110100110111
011101011011101 010001110011101 000110001011100 011101101101000 110100011101101 111000101100111
011010110100100 001011010001011 100111100111010 001011010010101 000101110000100 100101011011110
010110111101110 001100001011001 001001101111101 110110011110110 011011111101101
000111101001111 001010011010001 011000000011110 000110001100100 111001101010101
010000111100110 010101101010111 111000101110010 001010100110111 100000101100011
100111010100001 011111110001100 110101100011000 011011010110110 010000010100101
000101101101101 010010000110110 001001101001000 110110100011101 001001111010011
100011000100000 100101110111010 001001110111101 011010011100000 010011111000110
101101010110111 011011101011010 111101001011111 101101110011010 011101101000110 011001001110001
001111101010111 001110011011111 001010101011001 101010101010101 000111111010111 001101111110111
001111001010011 011111101000000 100111000100000 110010100110001 100010100000010 100000010001000
100011010000000 110010011010011 000110110100000 110101101100000 011011001111001 011011011011111
100100110010111 010011100111110 101011001011110 111010101101000 111001100010010 100001111101001
010111110101010 100111101001110 000010000101111 000100011011111 001000110000101
110100000010011 011001111000110 010010110110000 100001111000111 010010000010000
011111010100001 110010110110110 111100011111011 011110011101011 110101001101010
101100010110011 000110101100000 010000100100011 111100010110110 100001111011100
110000001101001 011011101011000 110110001111110 011011101100001 100111100010000
010001000011100 100011010110101 010001011101000 011010000011100 000110110010011
111111001011110 100010011101010 111100100010100 111010010111000 101101101111111 110011101011111
010110010110110 001100110011100 101000001010000 011001101010000 010101100100000 010111010011011
110011000000000 111010010100011 011010101011000 100001110011011 110000000111100 101010000001100
111001111100110 010011010011001 011111110100010 010110010101000 101110011111100 000011101010111
100101000100010 010100111011010 011100011010011 010000001100010 001101111110000 101000101101010
101100011101010 101110011011011 100100110001101 100111111100001 000110100111110
110000100010010 000111001010010 001001110010011 100101101010001 001000000001000
100001000100011 000101111101010 010011101101000 001001100010100 101011010111001
110100001101010 001100110010101 100001110111010 011100100101010 010000101011000
011111111000101 101011101100100 011100101000110 101100111100101 100010100101011
000010001010000 101100001011010 011011110111111 111011000011010 101001010101000
001101001100101 000100000100011 110111110000110 011100100011001 100011110101001 011000010000111
111010010110111 101101110000001 111111111001100 001110100010001 011100100111001 000010111100011
101110010110110 110110011011011 110101001111111 111010010011100 110001011000010 110011110111011
111110110001100 111110111011110 011100110111000 010111110010101 011010010011001 111101010001101
100101001001110 010100010110111 100100100011101 110010000010110 111101101101000 000000001110110
011110111100111 100010111001000 011001011100100 010011010100000 001111000000000
110100111111110 100000101000110 111110001110110 100000001001110 011110111100010
001111100101110 110110001011001 000110101100110 000111001110111 011100110111001
100000010111001 010101100110001 101110000100010 011110001001100 001000101100111
001001111111100 101011011010100 001111111000011 110001011110100 000110110001001
001100111110100 111101011110110 101011010001101 011100000101001 111011000100011
110001000100010 111110011000000 001010110010111 100001011101010 100111001011000 011010010000100
000010100110111 000111000110110 111011111100000 000111101000011 000011010011110 101010110001100
010010011001101 000100000111011 011001001111001 011101101101101 001010010011110 010000001000100
000010101101100 111110000110100 000011011000001 010110010011010 011100101001000 110000100110100
000111111101011 110000111110011 100101000011000 000000001000111 000011000110101 110011110010000
