6 15 10
7 14 29 26 10 47 6 16 20 59 16 33 18 13 2
14 40 11 25 32 22 46 2 46 8 3 11 3 2 38
5 15 17 64 28 22 25 22 9 44 24 6 10 15 9
35 22 12 5 4 5 13 14 2 10 10 5 49 3 71
27 2 9 22 2 19 50 39 6 24 11 3 24 45 34
18 6 4 28 49 35 17 15 16 8 47 21 24 34 1
23 39 9 22 1 14 58 27 29 21 22 7 16 28 16
4 14 16 33 26 1 45 25 33 8 56 23 16 0 0
49 15 8 19 54 17 24 39 25 5 9 2 16 26 2
3 9 20 4 10 18 22 25 39 61 10 25 27 16 33
27 45 24 8 41 24 10 41 24 0 31 12 7 30 1
27 24 17 20 29 0 9 68 12 13 2 4 40 22 9
30 30 15 12 43 7 5 44 3 0 48 17 32 14 11
21 23 38 42 4 27 13 14 54 32 2 8 26 12 3
31 29 46 26 34 54 0 8 14 27 3 2 5 14 13
14 14 3 1 17 44 27 17 45 13 19 25 33 38 25
40 48 7 15 29 12 8 21 12 5 8 7 51 25 28
21 33 9 29 20 11 23 34 11 54 18 32 9 11 29
11 24 32 1 22 18 51 9 37 8 6 27 18 47 4
51 2 52 20 26 36 9 0 11 10 32 4 15 17 20
17 0 28 37 16 9 5 27 38 0 48 32 11 40 1
18 44 29 40 38 21 23 10 14 29 4 19 30 22 2
8 5 38 9 8 36 2 14 30 59 2 47 6 8 11
28 4 0 15 49 43 56 1 11 2 21 6 26 0 16
12 11 21 65 6 6 4 28 27 4 37 26 22 25 18
11 5 3 40 4 3 9 17 14 49 8 41 8 12 58
54 33 15 7 13 42 44 6 2 1 25 30 0 16 0
1 1 9 50 56 38 10 8 24 17 17 1 34 15 11
15 17 9 1 67 5 16 46 20 10 13 19 3 2 38
38 15 2 18 3 20 43 42 16 47 25 0 19 23 6
40 50 25 9 20 10 42 24 8 28 8 13 10 12 32
3 25 27 48 14 1 17 3 22 12 18 43 51 20 5
5 23 19 3 49 11 31 19 34 4 6 52 29 9 19
1 25 1 3 30 25 58 22 9 7 20 29 40 33 1
40 12 0 65 48 5 5 11 3 26 5 11 19 8 19
9 44 1 14 4 64 21 22 16 39 10 2 23 11 15
38 20 32 36 12 7 1 11 43 24 27 27 4 27 28
6 6 16 10 46 17 26 2 15 29 25 46 43 27 10
7 10 46 10 17 61 8 35 13 13 12 25 30 12 14
14 27 19 14 50 9 1 54 1 31 12 42 14 3 6
18 16 10 64 1 10 43 14 2 26 31 16 0 23 26
23 39 22 44 56 16 22 18 27 16 9 11 9 6 1
7 38 14 32 41 21 30 43 9 12 24 4 10 29 26
30 39 44 13 29 28 23 6 13 53 7 15 4 6 6
8 11 36 4 19 45 27 11 0 57 10 32 12 12 23
28 18 39 39 4 1 15 4 6 53 37 4 15 31 11
26 34 18 21 5 40 38 25 42 6 25 18 30 5 6
26 15 51 33 11 15 4 17 58 25 19 12 4 6 17
1 40 11 8 23 10 36 10 6 19 16 36 39 52 6
29 1 39 38 9 37 8 12 4 40 20 27 15 34 17
44 4 10 63 22 16 8 30 8 23 16 26 27 8 2
20 26 20 64 30 14 16 33 15 18 18 3 11 25 20
33 5 37 20 18 11 7 4 2 11 51 56 14 15 16
20 15 12 3 60 50 19 3 3 6 4 16 14 18 45
45 15 25 29 61 3 24 16 2 20 31 4 5 2 17
13 27 40 8 44 2 32 15 17 6 12 23 15 13 53
10 18 35 38 28 5 10 4 3 57 49 6 6 12 10
25 13 26 55 17 15 22 10 25 30 5 27 32 21 25
31 35 35 36 5 10 23 24 6 31 24 16 46 8 5
8 9 5 27 4 8 4 57 18 57 9 21 30 19 19
101011001010000 000011101101101 011100110011110 010100100110011 111010001000111
001000111010111 011100101001101 111001111011011 111001100101100 110101010001011
111010010011001 000000010101101 011101010010101 011010000111111 010111111011010
101000011001001 011101111101110 010010110011110 011111001011101 000101100010110
000110101100110 001110001101010 110111110001011 101101010100011 100010010111100
010000000100101 101101010001110 011011110111000 001100111101110 000111000001010
111100100000000 010101110111110 101100000010010 000001111100011 100001111110001 000011111111110
000001110001010 001001011100011 111111011100000 111111000000111 011010100111010 010000001110100
101010010011100 101110010100001 111100010100110 000010011010110 000000110111100 000001101101000
000110000101101 010111110001110 000111111110111 101100101110010 001110011010010 011100011000011
001100101001011 001010010000000 111111111011000 111001100100111 001000000010110 111000001111001
011100100010110 111100111001000 100010111101000 000100011011010 100100111010110
010011101111000 000110001101010 010010000100001 111001100000100 011011100110001
111010011101110 000100011001101 000001010110001 111000010000100 000010100011000
001011011011101 101010010101001 001011100111100 000101000011011 001111000111111
001011000000101 010000111011100 000000000010010 110111010111100 111010010101001
101011011010101 101100101011011 010100100010111 000110001100101 010010101011010
101111111110001 010101101010001 101101101100010 001000011101010 100100000101011 000100010011000
011111000101010 110101000010100 001011101111100 100110001000001 001101010010101 000000010000100
000000001010110 010111110110010 000011011110100 000111111101111 101011000011110 011110101001100
111110010010010 001100001000001 000101000101000 101011000011011 100100011101001 111110001110011
101101110111101 010110100101010 000111001000111 001001100110010 100011000110001 001000110011100
110110011101111 011011111110101 110111001111010 001010111110000 000100001100110
110010001110011 111101000110101 101001101101000 011111111111011 101111101111010
111101100000001 001101111111011 111110110101001 111000000000101 100001101011011
101101000110100 001101111110000 000100001001001 110100100010000 110001000110000
011011111010011 011101011101111 001111001110111 001100011010101 100000111010010
011101110111101 101000011011111 111000001110101 101101011111010 100100101011100
001000110111101 001111000100101 100011110100111 110000111111011 001001011110110 100000100001110
000101100001000 100101101011010 000110101100010 010011011011101 111000100111110 010110010111101
001011110000100 010100001001000 001111000100001 001111110000101 110011100111001 000110111100111
011010100110010 011000111010011 010111100000000 000011100111010 010011100001011 010111000001000
010000010000100 101101001100110 010100011000101 011010001011100 101110110101111 000110111011001
010101011101010 110110011000110 110100110100010 010110111011000 011000001110111
001000010111111 100100000000010 011001100101101 110000101100011 101111000101101
001011010000011 110100001000111 001010100110010 101100000110111 101011100000011
100101010111001 001010011001010 101000111010110 010101001100110 101001000001101
101011010110000 000100111001100 011111100100001 110100011100111 000101111001011
011010111110111 100011110101000 010101011000000 001000010101110 011010110001010
011000111101001 010000110011010 010111000100010 001010101110111 011011000101110 100110011010000
101011010100110 001111000111101 010101001001101 110110100110010 111110001110101 010111100000011
101111000101011 011001110011101 110100010110010 010010010101101 100111101010001 000100100111100
101101110110011 000011101011111 001100110001101 110011110111000 111110110100101 111010110001010
111010111101100 100110011101111 000011001110000 101001011110000 001100100010001 111000000101100
001101010110101 100100100101010 111010111010101 111100000011111 110101011100010
001001001011101 010000110111000 000111111110111 001000100101011 000100001001010
101000100101101 001000100100100 010101001000001 011101000101001 101111001110000
101011111111001 010110101100010 000101110101011 011010100000000 111101011000010
011010100000011 011111001011111 100000110100111 000001000111010 110000010011100
000110010011000 111100111100111 110010001101000 100100001111110 110100100011100
110000000101111 100010110011111 010011111100101 000010101111100 100100010100001 100101111111011
100010010110011 011110101100000 010010110110110 000001111101101 111110110000011 010010101001010
000000000100101 000110001010001 101001101011000 101100111001011 101101011110110 000011001000101
111101111001111 100000001001110 100001101010110 101001101100001 101001010001010 110001101010110
010100000110010 001010101110010 101100001110100 101000111000011 100011010000101 010101110001101
011111110000100 011011110010010 001000100100010 111100101001001 101001010101110
000100110010010 110010111100010 001010101101111 110010010110110 001100110111101
101001101111101 010100001001111 001100010110000 111111000100101 001010001111000
100000101010110 110100011111101 000011011000111 010110110111110 001111101001010
010001001000111 111011101111011 001100011010000 000001011100100 101111110100101
110111011001101 111011100001000 011101010100001 111001101000101 001011101011100
010001111000111 111010111110010 001111110101100 100001100000100 100001000101011 110000111010100
110110111001001 010101000110110 001011100111001 110011111000100 011001010001101 000101100101111
100111011111100 101100111110101 101001111101110 101000011111000 011000001110111 011011000100000
010101111011110 011011111101101 110001001011011 101101101111010 100000110111001 000011001011000
110001000000110 100111110011011 001100000100100 111011100100000 110000011000001 010000000101011
101110100001111 111100010101000 000010110011011 110101000111000 001011110101000
000100100001001 000110011110000 110101101000111 111011010101001 101111001001010
111001110110000 000010100000111 101100100110101 101001000011000 101011100010001
110010011101001 111010000001101 011010011110010 011110101001000 110000101001000
111011101100111 010100100011011 100000010001010 001000001100000 101011111010010
101001100100101 010011001001001 010001110000111 100000111011011 011010000010111
101110000000111 010101110110010 100100001001101 001100011101110 001100101010011 100010110101101
010010100111101 011110110111001 000000000000010 001001111000001 011111010100000 100010001100111
101001100000001 110001110001000 111101001011100 101000011101010 010011010010000 111000000100111
101000110110101 100001011000001 111000000101010 100111001100000 111011000001001 001011110110111
000011000100101 100000110100111 111000011001010 101000111011001 111111101010110 011111101010111
101110000011010 001011101010100 101010100110011 001000010001000 101110011100000
010010011110011 110101011011111 001101110000000 111000100100110 101000000010101
010100100101100 101100000100100 000011000010110 111111101011010 100001110100101
001000111010101 100101010010000 000000010001011 010110000100011 000011011010011
010111011000100 101001011101010 101100101100111 101110001101000 000011100101010
011111110011001 101011011000101 010100000010010 110011111101001 110100011111011
110110001110111 001011010110110 011100111011000 000001110100101 001001001011111 011001001100101
100011000011011 001001101011110 000110101010110 001000000110101 010101111011011 100000011011011
011101101010100 101011000001101 100001111111000 110000000000001 111001000010000 011001000011110
100010111000100 010010100100111 001100111110111 111111011110000 101100110011010 000111100101010
000110011111001 011110011001110 110010110110100 100101100001111 101110001101100 111100100001100
111111001111010 011101100110001 000010010010011 101001011100001 001010100110100
011110010101101 010111101000110 010110010010010 001110010101100 111100011110101
111100110111111 000000100101011 011100101001001 101011111110001 100011000011110
000110100000001 000110111110001 100000111010111 000000100101100 000001010000010
000101001110000 000100000001010 001001010100000 110011010001010 110001001110001
110011110010010 001011101110000 110000011001100 101111111110011 110110101010000
011000001110011 010110011010101 111100011010000 100001010010010 000100111101111 011001111110000
110111101000100 010001100001111 111101110001000 101111010011110 100010010001001 101000010001010
010010001110110 010101101001110 101010110110011 100011011001011 101101000011101 011101000100010
001101000001000 101000010010110 011110101011100 101010011101100 110100010010100 101101100111101
110100010010001 001010100100001 010000100001001 000100000101100 011001000101110 111000010100011
011011010100100 000010010001001 010100100111100 000101110110010 111000011010101
010011011000110 001101010000100 011000101100001 101010111101000 010101010011101
001001010010001 100110100111110 111101111010110 110000010110010 100101101000101
000000111011111 101011001110111 101101101101101 111100010010001 110011100111011
001010011011110 101000100010111 000010111001111 100110000101110 100010000001101
111010100110110 000000000010010 100101100000110 001100000001101 110011101110011
001011011100011 011111001010100 111100010111010 010011111001010 110000000000111 011000011001011
100111100001000 000011110010111 011100000100110 100100011100101 110010001100001 001100100111010
001010111000010 111111001010000 101100101000100 001000010100010 001101111010001 001111011010011
001011101101001 100001100010110 000110000001110 110101010001011 111001011101110 110101000010101
111101101101011 110100000111000 010100001001001 010010110100001 110100110111110 010001100000100
