6 15 10
13 26 32 1 21 24 3 7 73 8 26 10 28 5 10
4 3 28 12 10 23 16 44 22 10 25 47 36 39 3
20 32 56 1 0 45 8 27 11 24 28 32 8 5 1
14 36 22 6 17 1 55 10 5 16 54 15 28 12 13
18 20 51 0 15 36 46 4 8 27 10 41 11 13 12
6 33 31 1 13 35 22 2 32 25 27 43 12 19 35
30 11 26 1 31 1 3 24 4 37 31 19 52 33 14
12 27 10 46 1 11 31 12 20 17 4 26 51 29 28
33 1 18 24 61 34 4 12 1 16 9 0 11 46 19
7 7 21 30 31 15 16 9 33 21 25 12 19 23 62
13 26 10 3 24 4 4 38 37 58 23 6 27 17 26
49 21 4 2 47 8 1 12 39 2 30 21 36 13 19
2 41 27 22 7 7 13 22 39 38 39 27 8 17 28
7 1 7 13 34 12 16 29 31 43 31 46 5 29 26
19 58 22 36 3 17 33 24 9 10 21 27 30 14 11
27 23 6 13 3 12 23 32 33 8 7 55 45 21 16
29 0 2 19 44 12 15 16 26 24 52 36 25 10 14
16 27 8 26 40 5 8 54 9 18 11 44 22 1 27
33 16 6 6 17 41 6 15 14 53 9 29 29 40 0
2 28 35 17 2 7 17 46 32 6 9 56 15 27 3
18 61 0 2 9 10 21 0 6 41 13 7 1 19 55
11 2 38 10 0 48 18 30 9 4 29 10 7 41 45
12 37 28 63 21 11 6 13 40 11 8 13 9 9 30
12 5 23 27 24 33 6 6 42 8 10 43 27 24 41
22 32 44 6 20 13 4 27 7 38 30 0 40 7 35
0 42 35 13 4 22 28 25 15 5 11 47 14 23 39
18 22 16 27 12 8 54 13 39 22 47 13 18 3 16
48 14 3 0 11 13 37 19 2 12 35 10 59 4 22
11 41 26 12 5 2 11 20 28 3 18 30 39 39 42
9 55 7 13 11 6 12 55 13 8 40 19 9 33 9
9 9 51 2 15 13 53 7 37 27 10 22 22 19 20
17 16 50 8 55 25 5 11 24 15 14 43 10 8 3
42 4 13 20 12 6 41 42 7 52 23 15 4 12 20
32 8 26 5 8 12 7 39 36 30 11 25 17 54 16
3 15 14 49 41 8 3 33 3 26 38 6 25 8 40
46 10 22 1 8 34 61 5 20 1 8 9 2 4 42
1 9 3 10 26 21 19 20 14 32 41 54 5 38 23
1 11 13 9 36 22 20 10 3 34 22 9 21 71 14
38 1 9 15 35 6 4 29 46 28 8 35 43 7 4
11 59 5 12 10 11 9 14 5 4 1 49 44 35 11
15 25 13 24 18 38 9 4 24 50 12 27 11 25 43
16 56 33 32 13 34 20 14 23 10 26 0 23 14 22
13 0 37 15 2 7 25 62 15 25 27 13 39 15 13
21 67 14 10 15 24 38 26 14 20 19 26 15 6 7
35 37 46 9 19 12 21 5 30 33 42 11 5 5 19
28 29 14 36 16 4 57 23 28 9 2 5 6 44 2
12 16 27 5 17 8 4 28 32 6 14 20 16 64 41
7 21 38 26 9 37 6 18 8 46 12 27 34 13 36
16 20 20 41 26 18 19 29 6 8 1 9 68 0 16
22 5 8 9 14 35 15 8 29 19 37 18 52 17 42
25 12 18 41 4 29 15 33 32 21 20 23 28 25 35
16 14 11 18 16 26 9 11 39 9 68 14 15 29 24
36 3 3 22 10 7 38 44 5 25 49 19 25 25 4
0 19 32 30 43 5 48 15 43 36 1 3 2 14 0
0 12 36 38 19 9 23 60 5 21 3 6 36 21 17
7 38 6 26 11 75 24 17 23 3 7 21 10 5 1
39 8 27 13 17 35 7 43 19 26 36 33 4 16 23
8 23 50 8 0 22 43 23 5 44 30 12 26 16 4
8 17 19 65 8 4 28 21 3 26 20 38 12 9 32
9 27 18 12 51 40 3 12 17 9 51 21 22 12 20
110101111000001 100101101110111 010111100010101 010011110111001 011000101100011
111000110000000 110010100101001 111111110101010 001011111000100 010001101001101
011010100000100 000011101110001 001001011001101 111000010100101 111111100110001
010101000011000 000001001010110 010100111110010 101110100001101 111000101001100
110101100011010 011011010011000 000001001111110 010001110111000 011111100110011
100000100010001 011100001000101 101100011111000 100000111010111 011001001101011
100010100110000 001111011001110 010011101011011 100100110110011 010001100111001 000101001101110
100001000001011 111001111101000 010010111011111 001110001111000 100110101011100 111011100001110
111100011110111 010000011100001 110010011111111 101100110111111 111011000011011 110111001001000
011110000000010 010000001100101 110100110001111 101101010010111 001011010110000 110101000110111
000000100000010 101000001001111 000011010100110 010100100010100 011111010001110 110000111110001
001011011000100 110011010101111 000100010000011 001001100110110 101000101010001
001011011001111 100101110111000 110111011011010 001101011000111 111101101010100
111010110011011 100011010110100 011011101011000 110011000000100 011010111010010
100010010100010 010111101111011 000011000010110 000010100101100 010000111111101
011001001001011 110110100011100 111011100111100 101111100001101 010011000010111
000011011010001 000010111000101 000100010011001 101111011011010 101001100011111
100010000000000 010111001100100 100001000110011 100101101000100 010000111111010 010110001000000
011010111001100 010011111111111 110010111111001 010110100101111 100100111010100 101110010011110
000010001001110 000000111001011 000101000101101 100110011000101 100010010100110 100100101101001
001001101011010 101001000100010 110111100001110 101011000000101 111101111100111 110000011110010
001000101000111 110111100110110 101011001001000 100111111001000 111111010110001 100100100101111
011010111001111 011110100000010 011011011010011 100010001000100 100110100010111
001001101010110 011110001110110 101111110101111 111100001000010 110111011010010
101000001101010 010101100010100 110010010110111 011001001111001 101100101001100
001010010101010 110111010001101 010110110100111 011100011010011 111001010011001
000110010100001 001001011001010 101100100111000 011111001101001 110000011010110
111101111110001 101100011001101 110000110011001 011011101100111 010001110011100
111100110101110 101111011001111 011000011110101 011000011010101 110100111000110 111100011000100
010111100101001 101011100011011 001000110001011 110100110000001 000011011011101 101010111001110
010011010000001 000010010011101 100100001010001 011111010010001 111010110100011 011110000010111
110100001110011 111110010011000 101111111101101 011100000011111 001001000001110 011100100100111
100000101100000 111100111011110 100011001110000 101010101011111 010011011010011 010110100101001
010100111110000 110001001010110 000101101000000 110011000001001 110001001111111
001110010101100 111000011111011 011110011001100 110101101010010 110010110110000
100000011011010 100001000011110 111001001111111 100110100110101 111100100010100
011111101110001 000110010011100 010101101011001 001101011100100 100001000000001
010011111110000 101010111101001 001110101110111 110010111001000 110111101010011
001110011101100 101100110100011 000111000100100 011101101100101 111110111010111
100100101000001 001110100110100 011111001110011 100011000101101 001111101110001 001001010000101
001111111000101 111001001110100 001010110100001 001110001000110 101011001000100 001010111010110
101100101011110 110100000011001 100000010000110 000001100001000 110110001001011 100101100100101
110001111011011 001101100001010 100111101111111 010000011111101 101011111110001 110001011000011
011101001010110 000010000100101 101000111001001 001110001001110 111000010111111 111100100101001
100001101100001 101011110010100 100100011100110 100101111001111 001100001010000
101100000001100 100110110101011 010001111001000 000011011110000 000010111001001
100001101101001 101000101100000 111100110010011 010001001011100 101110010111110
010000111000001 100011000111001 010000101011101 000011000010001 010111010111001
100000001101011 100011110100100 000111110100101 010110110011100 100100110101100
010101001110110 101100111110100 001100011110010 101011110110000 010100111011111
101101101111011 100110100111101 010101100010000 100011111000100 010010101010100 100000100010101
101110101100010 000111100111111 100010101100101 100111111100011 110110011010100 011001111111110
011011000101000 000111111001001 100000100101100 010100001101010 111110010101111 111111101111001
101110010001010 100000101000001 011111100010001 100100101110110 010011010010011 101100110111000
110011101000100 011111111011101 110111001011101 101110100010110 110100111110110 010111011011000
110111000001111 101010100000100 101111100110111 111111001001100 010110001111110
110110000000011 111110110100101 001000101110010 010111001011100 000001011111111
011001100100000 000000111110000 010010111011110 100000010000100 101110110011100
011100100000100 001000111100000 110100110100111 011011000111001 111110100101110
101000001101001 000110000000100 101100011101100 100001101001111 110110001110100
100101100111111 010010000000110 000011000101100 110100010011110 111011101111100
000001011001110 110010101011011 010111011101100 010101110010001 011011011001011 110010000111101
100010011111111 010110001001001 000011011110001 010011110101111 001011111101111 110001001001011
011100010100000 000100110101000 101000101101010 010100100100001 101111100010011 000010111101101
101110011011111 010011001101111 000000011100100 110101010001000 001010000001100 100011000010010
110010101111011 101100110111010 101001110111110 100110000100111 011001111110101 111111101101011
000100111001000 110001111001111 001000000011011 100100100010000 111010011110010
110000110000111 101110000001101 101111110110101 100101110011010 001001010000000
110110111111001 000001010100011 000011011111111 111101000101101 000000000111010
101010100110111 010010000010010 101000001000011 001011011110010 101011111101101
011001110011100 010110101100000 110101010100101 110110101111001 100010001111100
101100100000100 101011011011110 010011000001111 101010001001101 101100100110110
110111010010010 100010101011110 000101100111100 100000011011111 101000111111110 110010011001011
000011001010100 110010100001111 011110110110101 000111010011100 000111101101011 101010111010111
110111101101111 110000011001010 100011011010100 100111110110110 000010010100000 101011101010110
101011011100010 011101110101011 011011010000010 011100100011000 101111101010100 011101010100110
010100111000001 111111001011100 000010011110111 100110010110001 010101100010001 100001100111111
111000110101100 110001000010011 100101101110010 011010110001100 011110111111100
010111101110011 100011101101101 000001011001110 011101011111110 111110001110100
010111000000100 100110100110101 111001111100111 001110000101110 000001011100101
110110010011000 001010010101011 111101101111010 000001001000110 101101101010001
000101101010000 011101111001111 010111100111011 011100111000100 010011011111001
101000010110010 011101011001010 111100000110000 111101110010011 111111111111111
010000101001111 101101100111011 100100001000101 110010110001100 101101010111111 110011110011101
000101101011110 100100000111111 010101010001010 011010111000100 011110101110101 000111101001011
011111110100111 101101100101011 100101110001000 001010110101100 001101001010100 110000101101110
010100000110100 111000110100111 010001010010100 010001111010100 111010011011000 011001100001010
000011100011011 010100000110001 010111100100100 010010101110111 000110101001111 011110100000010
101000011011100 010000100011110 111010000110010 100111100100100 101100011100100
100010100011110 101110011011001 100000101000011 001000111110111 111101110101111
110001111000101 010110111101101 010111100110000 010100110101100 011111011110011
100100101010000 010000100000011 110101100111101 101111001110010 011000000111011
001010011000000 111010110110010 100001011100010 001011011010001 101000010010010
000111101011000 100000001101111 111000111001001 010100110101000 001100011101101
000110110111100 100100010000100 011111100010111 001000010101101 100100001011111 000110011110101
110010101111000 111000101001111 100110100001001 110001011011011 100001100010000 010100111101001
000011011101011 101100111110010 101110111100011 111100101000101 011000000100010 100011101001111
010010011010011 010010111101011 011001111000000 011000100011101 010000011111101 100010110011010
011000001001000 001001110101111 010101011011101 000001011000110 101010101101110 100011001111001
111000011001101 101100011010001 011100001111100 101001110011010 111001100011110
010010001110101 010100001100001 110111110000011 101000101011000 101001000011100
010101010101101 110111001111010 100001011110111 111010101000001 110110010011000
110010101001100 011100000001111 110010011001001 010101110001000 100110011010110
000001001110101 111111010111000 001100001011010 111101110000000 000110010101100
011110011010001 110100100111100 101101110010100 111010110101001 000010010101000
001001000001111 101101010010110 011100011010100 100011000011111 001010001010101 100111101101110
010011000010111 011111000011000 011100100100001 111101001010011 110011100101100 011011111010010
101100100100001 001010110000011 101100101101111 111000111101011 011100000000110 000101110010001
000111100101110 010111000011111 001001001111011 001111011011111 011100000011000 101101110001100
011011100001000 001100110101010 100111011111000 111110100000000 011000011111111 111100000100000
