6 15 10
30 15 24 22 25 6 15 13 6 26 30 65 8 27 13
29 12 44 7 12 49 14 5 4 3 32 20 38 10 36
6 6 7 3 24 21 5 6 5 4 17 10 6 5 91
11 74 1 26 20 16 4 5 39 33 10 7 8 7 14
7 29 29 60 27 2 6 5 24 7 45 34 5 2 11
4 11 32 13 3 26 49 56 4 11 16 41 9 16 6
22 13 28 21 36 8 24 32 39 51 7 1 25 1 20
5 32 3 10 35 56 15 43 17 18 4 26 30 1 18
11 42 12 62 8 27 26 28 2 31 4 11 2 11 26
30 29 52 13 44 10 20 10 22 13 15 9 22 34 15
21 13 33 11 60 17 5 47 3 29 20 0 4 3 28
59 52 17 21 2 0 18 21 16 32 17 21 3 8 15
18 40 13 13 5 23 10 7 1 29 3 37 61 25 23
37 22 6 8 21 18 6 30 1 25 40 21 53 4 29
3 16 22 0 16 21 16 13 52 19 5 56 37 15 18
6 41 7 8 3 29 29 31 20 11 1 18 6 37 57
22 9 11 15 30 64 12 8 43 2 25 28 22 3 10
9 7 14 13 9 3 24 58 5 5 1 65 7 19 27
13 50 39 13 15 15 26 11 5 36 13 32 6 13 42
49 13 55 5 11 14 12 14 6 24 34 3 32 31 5
26 7 1 16 16 37 21 19 24 26 57 7 15 6 42
6 11 21 25 18 10 43 8 11 19 36 17 38 11 53
40 34 14 10 28 19 24 32 19 49 12 27 16 7 16
29 31 6 17 17 22 4 42 14 21 9 16 58 11 29
11 53 0 6 9 3 49 45 29 24 9 5 30 0 5
25 18 17 25 4 52 26 8 0 24 20 50 20 13 25
4 23 1 52 4 17 21 32 16 19 18 27 42 11 37
28 5 25 3 16 13 54 6 16 33 42 9 34 30 1
2 1 54 2 24 52 14 26 20 10 2 30 26 28 6
40 29 35 32 4 5 31 31 38 13 14 3 23 31 8
33 2 12 9 6 22 32 15 3 11 22 52 20 21 53
10 6 58 36 20 33 11 7 5 27 26 28 21 14 26
28 16 16 33 12 11 30 28 30 24 41 0 36 27 22
12 38 5 16 5 23 2 26 18 18 22 67 11 34 1
41 19 2 30 8 24 5 36 14 8 7 18 43 44 25
15 24 46 30 12 1 20 21 15 17 41 12 49 10 17
11 29 16 12 15 12 32 22 54 8 11 31 15 48 10
21 19 20 31 36 40 11 18 3 18 48 32 2 12 26
14 7 57 55 12 7 17 17 3 18 25 17 4 29 23
3 23 32 27 5 27 49 12 20 38 32 18 10 10 32
10 8 16 54 0 22 14 25 1 23 10 47 26 42 13
19 18 26 4 37 28 8 43 40 20 8 16 38 9 26
30 54 22 17 37 1 13 37 8 6 1 28 9 24 31
21 0 10 14 35 11 27 7 15 36 17 19 39 49 31
13 16 12 5 47 41 17 10 32 29 32 4 37 8 28
42 23 9 4 20 30 34 30 48 2 13 33 24 12 0
9 49 27 12 36 37 6 23 22 38 0 1 38 1 4
6 29 7 13 23 15 16 29 25 39 10 64 23 6 13
8 10 35 15 4 39 45 3 29 7 18 38 14 27 35
12 19 57 3 26 19 13 2 2 6 24 21 33 32 44
8 33 21 9 18 1 13 48 18 44 15 18 33 36 17
43 1 24 38 10 43 11 5 0 10 51 28 19 2 17
47 42 0 6 2 39 1 6 3 50 19 30 16 8 21
4 17 4 21 2 2 61 26 6 8 24 39 39 2 33
12 45 14 12 7 13 2 15 10 44 6 56 35 24 3
30 12 9 15 39 12 1 28 44 5 52 24 27 9 12
51 8 9 29 30 38 11 28 11 15 49 11 2 3 17
3 27 9 25 48 25 43 1 23 35 17 9 9 38 9
36 38 35 14 32 48 8 1 22 24 3 21 26 14 0
45 7 55 5 9 7 13 21 45 4 24 17 8 33 5
101010101100010 000011111111111 010100111110001 011011010011011 110011010010101
110111100011101 001100011111010 100111101101001 011001011000000 010101000101100
000100100000000 011111000010000 111100001101100 101010011110111 011011101000011
010000000111110 100011010001011 001110110100000 111000001010000 110010010111001
000000100001110 000110100111001 000000110100101 111011100111011 100010010010011
110110001111101 100110001000100 100000010011111 110111111001011 110111001101011
110101101101010 001101011111001 110101110100010 111100100100001 111101000001100 111001101001111
100001101010100 111101000111011 111011011001110 001011110110101 011001000111001 100000010101000
100010010010001 110011100001100 101111011100000 001110010101101 010100110001000 101000100011110
010001001101010 011010110101000 001001111111111 110011000110110 001000011101011 000110000001101
001101010100100 001010001101000 001111100100000 101101000100010 010100000010101 110010011100011
110110011000010 101110001000100 100010000011001 100011101100110 110110100000101
010100111001101 101100100010011 010110110111100 011111101000000 001010110010000
101011101010111 110111100010011 111010110101001 001011000001010 000011011000110
101101011100000 001110111101100 100011001011011 001111001010100 000111011011001
110110010011010 100000101001010 001000110100010 111010000001100 110011000001111
001101100010100 101010100101111 010101111001010 100100111110001 011000101111110
001100010110010 011100110011100 110011101010110 010001011100001 110100100000001 111010011100000
111000101000110 111011010110011 100000101001011 110000010010011 011011011101000 010000101111010
100011000010001 101011011000010 101011101011011 000100000101101 011101010111110 100010100011100
100010000010010 110001100001001 011101010100110 110011001000100 110101101000001 100111001101000
100101101110111 111011111110110 011101010101011 110000100110011 101100000001110 110101111010101
011101000010101 000001100001111 001000000100100 110110100111111 101001110110000
001001010111101 111101011001111 111010110110010 110110111001011 010100110101001
101101100010101 111010101011000 011111101010010 001000010011110 100000101101011
101000000100011 010101110001010 000000001110000 001110000011100 010111110010110
110100111111111 110011101000010 110011110000101 011110001001111 111111111100111
110100010011100 011101101100010 111101101110111 100001111010100 111010111010011
110010010100011 010011000100100 010111001000000 000000110110101 101011100010111 101011100000000
001110000111101 101111110011000 000010111001110 100000110100011 011101111100011 110011100000101
000111110101101 000011010001111 111111111111111 010100100110000 011001111011001 100110100111000
000001110101011 001010011100111 111000101100101 011011001110111 011111011101110 101111100000010
011010001000010 100001000100111 010100001011111 000010111110110 001011101011111 011110100110000
001011100001101 000101010010000 110000001101111 100011000000100 001110110001100
000101010101011 101001011001111 000010100110000 101101000000101 111101010000111
001111111011010 001101000010100 100011010011000 001001011001110 011100100001011
001101001111111 011000101010000 010110010101001 000111011100111 101011101000011
101011111000010 100011010110011 110011001000001 101101110000101 001010010001110
100001101101100 111111110101100 000101101011001 101101101011101 111001001100011
111010101111110 110100110001101 001111001000110 110100100001101 101011111010101 000110101010000
110000010111010 111101110110000 011101111011110 101111110100001 100010000000111 110010100011101
011100111010010 001011101000101 010001100000011 010111101011000 110111001010110 110100110110100
101000100100100 101100001010101 100100001110100 110100111000111 001010110111100 010110111100011
110110010011010 111110011001011 011100010001010 101000111110110 001100001101011 110001011110000
010001110110111 011111011101011 011100001110100 001111001010111 100101100111010
101001001110001 011001100001000 001001010010110 010111110001001 100001000111100
000111100011111 000101011101111 100100101101110 111000000110000 100110001001101
110000111110000 010011010101101 101110101001000 001000110000001 100011101100010
000010100100010 001010011111011 001100111101010 111000001011100 110001101101101
010101111101111 011111010101100 100001111001100 000111000001001 111010011101000
101101101101000 111010111010011 101001011101000 100100010001000 111100100111001 111000110000010
010111000100011 100000100001001 100110111101110 000110011100011 110100000101010 000011010001110
010010110011101 011010101011010 010000001101110 011100011110010 111010111000000 110100000100100
000010101100101 011001000011000 101110101111101 011001001011101 010001101000010 001111101110000
111110101000100 011001110100101 100110111011110 101000110111000 011110100101000 100000001001101
101001111110110 110110111010001 011101011000000 000110010100111 111111001111001
100101011111111 000001001000000 100011011010100 011110101011111 110000110100010
011100011100100 000000000111100 101001000111001 110100001110000 011100010001110
011101111100011 011110110110101 001111001101100 111100100101010 000101010101100
100000001011110 010010010010100 100010101110000 110011000111100 101110001011110
010110000110110 110010001110011 001101001110011 010010111100111 110110000010000
111110001001010 110000101000010 100011001000101 110100011111110 110101110111110 001100101001000
100001110001111 001000111110001 110101100011000 100110110010010 111000000101000 110111010010011
111000100010100 110111100110100 011111110110101 111010001101010 011011101001111 100000110010111
100000100101110 000011110000000 101010101000101 110101000110011 011001100101111 111011111111011
011101110010001 010111101011110 000000011100010 100111101111101 110101001001100 001111000111100
110100000000010 110000001010011 001001010100000 100100101110010 101010011011110
011001001001101 000010000111010 101100001001110 111000010000011 101100111100110
001110011110100 010001000110100 101001100100010 001110111101111 011000100100011
000101010111110 011000000101001 111110011110100 010011001001100 101000010111010
011100101100001 111011001101111 010011001111100 000101011100101 000000111100001
101101100011000 011100101001101 010110001111000 001001111101001 011010011011100
000101111011010 001011110100101 111111011010101 100011111000000 011110110000100 000101110110101
111000100000001 110010010101100 111110000001100 101100011001101 111100111110000 101001001101111
011001111100010 111101000011101 001100111000001 101100001010111 110100010110010 111001000001101
001000101001110 001000010100011 011100100010110 000000100111111 011001110011010 111100010001110
011101011001111 101011010011000 010100010000011 101111010100011 111111011000001 011110000001111
001100111011110 001001110111011 000111011010100 100111101111001 101001111011101
010111110000110 100001100101001 101011101010000 000001101111010 100010101010000
000110011111111 110111001000000 010010111000101 111110000110111 101101000010001
100101011111100 011011101010000 111010111000111 010100110011000 101011101000101
010011000100101 100100001000100 001101011011010 000100111100111 110011100111110
001111001000000 000101100110100 111010000010100 000001110000010 000000111001110
001000100110010 011001100001100 101000010011100 110100000011111 011011111011111 101011111111001
001111101001111 110000011100011 001010111100000 111100100100101 111101111111000 000101111011110
110011111100011 000001001100010 111101001011010 111000000110101 111101111000000 000010011110011
001001010111011 011110111000110 111011001111000 010010000100110 110000101100001 101011011100001
011100000101000 111111011101100 111011001011101 101010001011011 010101111100100 011010110110000
011111111000010 001110101110001 111010010110111 111001100010000 000011101101110
111101011110100 000001000110111 001001011110100 110100100001010 100101011101100
100110101001101 101000000100101 101100111101011 011110101000101 010100001000010
001100101101011 110101101100010 000010110000011 000000100110111 101000010100001
100011100000011 011100110000010 001000111010010 101101011110100 101110011010011
000100100010100 111001100001001 000100100110010 011110000011001 110011011011100
010001000101110 111101010010011 000011000000101 100000001000010 011110011100001 110101100010101
001010100100010 011001011110001 000110111101111 100101101011101 010101110000110 001010110111110
111010101100111 001111010101000 000000000101100 100001110101111 000001000000000 010010011010100
000111011101110 001110001111110 001000001101001 111110111001011 101010000000001 110101110010000
101011111011100 001111001101101 000010011100010 010111110000010 001010001101011 000100110000101
001011101101011 000000100000011 000000001000011 110100101000000 100111001101011
010000010101101 000110011111101 111110011101110 001000000000000 011101001011101
000011110011000 000000101110010 100011101001000 111000001001000 010001011000100
010100011000010 100000011001011 001111010011111 111101011011111 111000000111111
000101011100101 010000101001101 100001100001110 001100011110110 100000111100000
001111010001101 000010110111111 111001101100000 110000000001000 010101010011000
100100101001000 111000011010100 101010000000010 000000110100110 001010100110000 110101100001011
010011001011011 010110001110100 101000100000011 000111101000100 110101010111000 010101100110110
000101000110101 111011000110101 101001110011110 111100101011000 111011110011011 100011000110001
110110010010001 111010010000100 111100101001001 000001001100001 101110010100101 010010001001101
010110111100111 101001001001110 001110110110000 101111011010011 111010110100111 000111011010110
