6 15 10
21 4 31 29 20 1 11 14 13 25 9 53 53 6 24
25 3 2 35 41 6 15 10 4 11 28 54 32 26 23
12 16 2 18 35 37 4 4 8 16 49 41 18 45 4
42 31 4 5 3 6 26 16 25 1 58 35 27 17 9
43 44 12 14 41 31 12 17 31 19 27 8 8 14 21
6 2 4 3 2 15 41 30 13 14 62 7 34 20 37
10 62 10 13 15 8 36 32 14 25 23 31 8 25 10
16 18 45 12 0 12 58 27 10 10 16 3 31 1 38
19 7 10 35 17 5 39 10 13 18 35 9 43 17 49
21 3 19 49 1 9 27 26 1 42 22 21 26 43 7
12 33 17 11 6 22 5 32 40 4 45 5 30 41 23
22 48 20 49 11 6 25 13 36 7 19 14 4 4 39
8 16 30 24 40 4 19 48 3 6 5 4 18 40 44
31 8 14 4 70 17 22 1 28 21 26 22 11 24 3
18 37 11 8 47 25 20 2 23 4 5 49 21 21 32
1 46 1 17 37 6 34 20 4 5 22 12 30 54 7
65 14 8 21 15 16 26 34 10 46 13 6 16 2 11
31 2 20 10 5 9 12 22 6 21 25 33 34 49 45
11 13 19 27 32 15 2 9 26 43 4 12 33 1 60
6 4 56 16 39 19 15 22 46 6 14 6 35 11 13
29 12 41 0 1 10 20 34 5 45 31 28 17 3 39
15 42 7 46 23 22 23 43 24 2 22 6 9 24 25
25 46 10 19 30 13 55 22 10 0 6 12 30 3 33
20 56 16 35 8 22 4 26 42 3 18 19 14 32 12
6 17 4 65 31 3 1 26 49 22 7 6 23 1 16
64 8 10 29 12 33 31 17 13 23 2 22 26 1 23
14 36 14 20 8 15 11 57 29 7 4 34 9 7 45
32 24 16 14 56 1 5 6 6 4 40 1 50 21 13
29 62 13 22 15 7 27 15 26 10 19 17 7 8 42
38 40 4 17 5 3 2 3 21 16 27 25 23 46 44
11 53 22 34 4 20 37 44 8 14 11 18 26 6 15
4 3 25 12 53 37 3 58 25 2 19 1 1 3 27
16 32 25 17 57 27 2 31 11 26 26 30 19 11 6
17 50 0 8 41 11 8 36 22 11 57 1 1 6 8
20 15 27 29 19 20 45 22 46 16 31 26 11 2 21
21 22 11 16 26 33 38 30 9 50 9 35 20 16 9
28 14 9 35 24 1 32 1 43 27 26 2 41 25 24
24 10 9 2 17 7 40 54 22 4 11 14 7 58 13
11 44 0 28 33 41 4 24 22 29 18 3 39 24 3
35 23 14 19 17 31 18 14 24 11 52 40 15 5 25
10 15 7 21 12 17 0 55 14 11 20 23 5 46 48
12 11 10 26 14 44 15 58 21 27 13 23 13 34 9
29 32 12 17 15 29 11 35 21 22 41 41 27 5 16
24 6 0 8 42 9 10 10 26 42 26 26 48 9 32
1 11 0 25 17 51 33 2 23 10 26 4 54 33 5
34 25 34 9 21 14 7 32 19 19 38 27 28 5 39
6 33 40 33 5 34 6 14 45 4 31 14 39 5 7
35 22 18 0 31 14 30 11 1 9 43 20 31 46 19
13 15 14 42 7 36 29 3 17 23 27 52 4 26 21
12 5 7 26 36 43 28 29 10 10 10 15 57 14 17
22 40 2 5 49 1 50 19 11 20 1 13 23 31 18
32 7 29 13 13 20 9 52 16 12 24 38 41 5 19
33 41 36 9 4 30 14 17 8 11 15 4 8 15 61
12 26 11 7 25 4 3 18 30 4 65 31 27 4 35
54 10 36 10 23 14 31 45 20 4 10 23 0 25 9
10 35 6 32 18 9 8 26 34 56 25 13 33 17 5
13 6 8 1 0 34 20 20 1 45 22 1 65 30 7
16 2 14 7 0 18 9 2 27 52 17 25 56 11 39
20 52 6 22 6 9 1 25 33 13 23 39 22 11 42
31 41 24 21 12 53 8 18 17 22 8 24 13 36 8
000110000000000 010101011001010 001111100000110 000111000001110 111100111001111
100010011000000 000101001111100 111100111100001 000000001110101 010000010011110
011010100010101 011100000011011 010011110000011 111110110101110 010100110010000
001110100011001 001111000100011 011010000110000 111001010011000 010110101011001
011100001000110 101001010010000 010011111001011 001100101010010 001001100011101
010110010100001 111011101111011 110101011011010 110111100110111 011000111110111
001101011001001 101111100111110 110011010111101 011110000111010 011101001100110 111111111100011
010101011101110 101011010011000 011110010010001 110011010111011 111101000000011 001111110010001
110011100010100 001111111000111 000001100101001 111001000101110 111011011001000 010101000111110
010011111010110 011010111011100 110111001001000 111010011001010 111010000000111 111110101001011
111111101000100 111001010111001 011010011100000 000111101101000 110000111010010 100101001011001
101010100110101 111100110110010 100001000101111 000101110000111 111001101011000
111010001011010 010010011010101 010000010000101 101001101001110 010101111111111
101110011000001 110101100011111 101110001001011 110110100011011 001001010110110
000000101100100 100001000010100 000111110010101 001110110010111 111100000011100
000101110110101 011111111011100 111110110000011 010010101101101 010100101100100
001010001001001 110011000110000 110111000101001 101001110100001 100001100110010
101011000010010 100110010101101 001110111010111 010010101001100 001010000011100 101111110011001
100001000101100 110011100100101 011011000011011 010011100101011 101010010010101 101001111001100
100111000111101 110000001000000 000111000110001 001111101100110 011010100010011 011001000101011
001001010001110 100000010010110 000110001101111 111000101000101 010010110001101 110111111110100
100010000010000 011011001110100 011011010001110 010011111111001 101011000111101 010001111000010
000011000010111 000101110010111 110010000010010 010001000011010 111010000011011
111010010110101 011100011101111 001001110000000 011110101111101 110011010111100
110011011000101 000011001111101 110001010000111 011010100101001 000110110110001
000100111000000 100010101000000 001100001100100 011001010001110 101010111101001
011001001100010 100111110001111 001101010001010 011001001000101 011111011000101
001001100011011 010111010111000 101000101011011 111000111111101 000101010111000
011110110110001 001100110010010 111111111101111 100000011101001 011001110011011 101101011100000
110000000001101 010011111110101 000001110110110 101000011010000 100110111111110 010110110000011
111100100010010 110111110110100 010010001111010 000111100101110 001011101010001 010111000111100
011011100100111 100100010011100 101010010000010 001100010011111 010001111001101 100111110010110
011100110101010 111100000010101 011110111001110 101000101111100 100010000101000 000011110110100
011000001111001 100010101001000 010111001001010 100100111111111 110011100111111
111111101011101 010101110010011 000011111000000 000101101111111 010010010101011
110111110100111 110111101010111 110101000110001 111101100011101 010000011101000
011100100001100 001010010011011 011100101110110 110011110110111 111011111111101
010010100101011 011111110111111 010100011110011 110000000001010 001111011110111
100111000110001 010100011000000 111001101011010 000001110100110 011001001000101
110011100000100 101011100010010 100001101101010 011011101110101 011000110110000 001001010111101
001101100111111 001101101000100 111110001101001 100000010001000 001111000000101 111111111110100
101011000110101 001001101000001 111011011110111 100010111010101 000111100111111 001110011111000
111001111001100 100001000010111 011011110001011 000001111100101 000100000110010 111001100111100
001010000110110 101110010000110 010010100110100 111001110100111 001101000110010 101101001001011
111111111101011 010101010101010 001101110011110 000111000100110 011011111000101
001101001010101 010011101111011 101110110001001 010011001001010 011011111010110
110101111110001 000100000001110 110110000011100 010100001011110 100001111110110
011000000110001 000101100111001 100111110101011 101010001110110 111100011010111
101010010101000 001001101111101 001001011101100 100101111011011 001101000101000
010101110110000 010100110101000 000111011000101 100101000000100 010011001011011
111111010000111 110001100000011 010000110010000 010000111110111 001100100101001 000001000000011
011101000010111 111011101100100 101100000100101 101000101010110 110001001100011 001011101000100
110011101110100 000010001110001 110010000110001 001110001000110 100111101111011 001101111010010
101001010110001 110111111110110 101000011011000 011000001111100 000100100111000 000111111110010
010010001001011 111101001100011 111011011001101 110100001110011 001000001100001 111111100110110
011101100010001 100010111011101 011101001100100 101001100010001 010001111011001
011011111101110 010110110100110 011110011000000 111111000001000 110010111001001
001111001111110 111110001110000 111100001100010 000110110011001 000010110110111
010011110011011 001101110100001 101010001011000 010100110011111 001111110100010
011100011011011 011011110001011 101011010110010 111011111100001 100110000100000
001101001000100 101011010011110 010011100100000 110101010011100 010000111001001
101100011100110 011011010000011 011101011100110 001000010000010 111011011011001 110110100011101
011100011100011 010001100101001 111110111000101 001101000010101 000110110100111 110000111101011
000011011000010 110010100111010 010001110000101 111101111111110 100001001100100 000110100001110
110010101100111 000000100101010 000100110100010 011110000100111 011100101001001 101001110111101
011001100101111 100010011010011 110100000001001 110110111010111 001010110110001 111101010000110
001000000101100 001001110001000 111000001111001 011101010001000 100000101000100
100101101001101 100110110101010 101110100000001 110110111111001 011000101011101
010101101001001 111000010101010 110001110110000 110011000001111 000111101111110
110100000001110 000100101111000 111111000010011 011101110011011 011010111010100
010100111001100 001100001011001 011111011100001 000110001110000 001110101000101
001111010001011 001011100010001 111111100100110 111111011100111 001000001101101
101011100110001 000111111110001 100101101110000 111111110000100 011011110100001 000100011111011
010001110011000 001101001000110 110101000111110 110000100010010 100011100110100 011000010000011
110001010110110 000101001100100 010110011101100 111000010101111 101100000010110 001011011010010
010001011011110 010111110101000 010011110011000 101010011011001 010101111011001 010111000000111
000101001000100 110101011001101 100101010100010 110011110010010 100111001010010 111010101101100
101001010110101 110011010101111 111111111110101 110111111001111 101010101111011
011111100110001 101010000100101 011000111100111 101010111110011 010111110000111
111100101110100 001001111001011 110001001101011 011001101001101 101111110010000
111000101100010 010000010011100 111100101010110 010111110100000 000011110011101
110000110000010 011001000111010 000010111110010 111101011101010 001101111110001
010101101011100 011010001100001 011000110100000 111001100011010 100011000101101
000101001001011 001011010001100 100100101111010 011111010101110 011111010101101 101101011010110
101001010111110 110000000000100 100101000111010 010100000001111 111000111010100 010000101110100
111011000000001 011100000101110 011101010000000 110001100000001 100101100100011 101000101000000
001011110010010 101100010010100 011001001100111 101110100000001 110101111010011 010100100010111
011110000011001 001010100000101 011010101100010 010000011101000 110000111001100 100110100111001
010100101001000 011000010010010 111011110101000 010100010101101 011000100011011
110110001110111 011110010100011 000100000100110 001101000001110 010011001010100
011010000100010 111100110000000 100110010011101 100111100101100 100011000111010
011000100101001 010001000101110 001111110100111 001101010100100 001100001011101
001101001010110 110011100110011 010100111110000 110100101110100 100000010011001
110111111010101 000001000100010 001010101001010 100001001100011 101011011011110
111001101100101 110101000000001 001011101001110 100110010010010 100011110100101 100011001000011
111100110111000 000001000010101 011100100011101 110000111010010 001101001010101 110110000101011
000001101101001 110010101111100 000000000010010 110111011100001 110001010100100 010110001011010
010101000000110 000101111100100 101010100001011 001001001011111 000010001101011 011010010010011
101010010000100 100000110001100 011110101011001 101100100011101 001111010110110 001011000100010
110001100100000 010000001000010 100001010111001 011001011011011 001110010000011
010110001110010 101001011111010 110110111110110 011100001100100 110011111000100
011111010001010 111011000001011 000110100001110 000110111000100 010111110110100
100011111100010 100001101100101 010101111010011 100001001011001 111100000100110
001110000100000 101000001110011 011001101111001 011010001000010 101001010001010
110101111100011 000010000110100 000001111011100 101100011011110 010010101110111
111110111001011 011101011101010 111000011100110 010001100110100 011010000011011 101000100000110
110100101111011 000101110000011 000100001110010 110001111100000 110010111101001 001011011110010
101011110000001 101111100000111 000110011010010 101100000100110 001010100001010 111011000000010
101100000010110 001000101110100 110111101111010 011100011000110 110100101110100 101000101000011
101110001010010 111010000111010 000011010100010 010111000110110 010010110110010 110010010110111
