6 15 10
33 1 41 28 39 14 41 8 26 24 28 25 10 1 14
4 42 2 58 28 4 19 33 35 28 0 15 17 6 10
6 55 4 22 41 0 15 17 14 21 3 37 20 32 27
4 17 27 43 15 37 43 25 3 21 29 13 29 15 22
6 27 27 21 20 51 31 23 22 25 38 26 12 5 12
33 8 44 6 13 13 4 12 48 38 11 10 32 23 28
14 40 41 6 21 23 36 27 42 29 18 13 13 8 12
31 24 16 36 6 14 43 39 28 7 8 15 41 22 2
9 25 25 11 12 30 8 9 42 35 6 15 47 12 42
16 9 7 51 19 30 43 27 1 14 43 12 21 8 23
11 51 18 10 14 39 27 3 19 7 9 59 11 15 2
16 36 10 25 26 12 39 11 24 26 7 18 1 20 57
4 2 3 39 17 20 6 7 53 39 10 35 27 7 36
46 3 14 1 27 61 36 27 0 15 20 8 11 3 22
35 41 4 34 12 1 28 30 30 27 19 36 22 2 18
48 7 9 44 5 37 7 21 2 2 6 24 2 46 32
27 25 16 31 8 24 14 12 9 4 21 42 23 47 39
9 11 22 2 17 37 8 12 31 52 14 34 20 8 45
30 29 24 0 18 16 18 29 6 3 57 36 5 3 35
12 52 34 18 12 0 7 18 18 5 47 26 18 25 30
11 39 14 21 7 16 7 21 33 24 39 32 49 13 15
10 9 2 23 53 6 28 8 43 40 32 11 27 7 17
51 43 13 6 22 13 8 8 21 14 10 1 49 36 8
45 1 33 18 39 28 0 14 6 18 5 43 29 25 19
20 2 21 43 13 15 13 3 35 34 17 30 45 29 19
15 14 4 38 23 19 17 22 15 34 10 65 6 27 5
30 28 33 30 28 29 32 27 11 36 1 17 1 18 30
11 13 31 3 13 29 31 51 15 20 3 6 33 13 47
19 58 4 1 15 50 0 10 7 3 10 11 8 50 23
16 32 33 12 32 7 50 0 24 18 1 44 18 27 7
11 5 35 29 2 18 53 6 23 1 54 7 32 6 4
6 50 31 37 40 35 9 37 2 6 19 8 20 7 0
9 25 14 25 23 17 22 19 58 18 38 25 12 29 2
37 7 5 30 21 41 27 23 13 42 32 10 25 4 23
41 27 2 14 11 34 5 15 40 5 33 42 28 5 25
22 41 9 18 41 2 30 15 1 3 16 15 12 9 62
34 21 24 11 0 41 21 6 20 49 3 44 22 12 17
4 18 39 39 29 1 26 38 33 9 35 8 25 24 1
24 12 8 3 2 64 6 14 23 3 6 14 43 43 19
5 2 39 1 14 21 7 27 17 13 9 19 45 61 18
3 23 33 10 12 36 13 56 28 6 19 39 24 5 13
1 31 7 1 22 2 34 54 15 15 10 9 60 10 11
2 43 9 28 11 43 18 20 39 37 20 22 13 23 5
15 4 5 61 20 32 15 30 2 21 24 8 28 32 22
30 10 14 9 30 21 30 14 3 22 52 22 39 31 3
5 16 14 12 32 33 3 3 17 30 13 26 56 45 10
5 25 10 8 6 14 5 6 11 54 60 39 17 16 13
5 17 32 19 1 17 50 8 19 26 33 7 2 41 41
32 0 14 13 12 22 15 34 18 49 22 52 15 1 22
12 12 23 1 56 11 2 19 18 57 23 19 14 26 14
13 65 19 19 31 3 12 2 3 5 12 36 25 39 13
34 10 28 29 7 13 37 25 6 2 21 57 10 22 24
15 7 1 31 13 57 22 1 6 16 24 47 31 8 29
8 1 16 19 7 20 15 57 24 16 5 32 1 24 54
14 15 21 10 6 13 20 66 57 2 1 4 19 15 11
38 52 9 6 52 3 19 28 12 5 16 30 12 8 20
16 46 24 26 16 29 14 1 20 13 35 15 16 13 52
3 70 12 15 6 30 26 21 20 28 13 26 3 11 23
14 26 27 34 15 40 5 31 17 13 21 49 18 11 27
8 41 6 25 8 7 1 37 35 35 16 5 25 32 42
101110001010101 110101111100000 100001000001010 011111001011001 010001111000010
011000111111010 001001010100101 001100101101110 101100000100001 001010000111010
001110001101100 011011011100011 110110010101110 110000110100101 101010000011111
110001101111100 000010001110000 011111001101011 011100000111100 100010100111100
110100101111010 101000010110000 100001110101001 100101110111011 011010000100001
001001011010101 011010011000011 001111101001011 011011101111100 010001101001101
101111110000000 101101111100000 011111000010100 011101011101100 110001000010101 101000100101011
110101101111000 000001100000010 101011110100001 000100010011100 100100100011001 111111110010101
000010000101100 100111000101011 100000001111101 101101010001100 000110010111110 100000100100011
011001101011110 100110100001010 011001000111010 100110000101000 100001010011100 110101110011101
011110011100111 100111111101100 000000001111011 111101001000100 110100101101001 110010111110011
111000000110001 110101111111010 111010011010000 100100101001000 010010101010110
011111000100011 100101100101001 001001011000101 010101100010000 101010011101100
001100001110101 010011000110000 010101001001101 111111110111111 111010111111100
100100111010111 001000100010111 110111010000000 011001011000011 011000110000111
000011100110011 111111011010001 001011100001000 111011011100000 011011000011110
100110001110011 110111110101111 000111010101010 101100100001110 001101100000110
101100001011101 000110100011111 101001001010000 110100001001011 110001101011111 100101110111111
011101001111011 110010100100100 101111010010101 000011010111001 000101110011011 101100000101111
010011111010111 010110000110010 001101011011000 101001110000110 110101100001100 010101111001011
010110011010000 111001011010111 000000010001101 001111100101111 110101001100011 111100100111000
000010001010010 000011000110101 011010001100000 110100111110110 111001100111111 100010010000110
100001010011101 010010100111110 111111111101110 101111000101110 110110111011100
010010010110101 101101000101001 011000010111000 111010110010000 101000011011100
100001010000111 110011100110111 000110000000111 111100011011101 101011110000011
101001011110001 101011111011100 000111010010110 001000101000000 110010110111010
001000111000111 110110011101000 000111011101111 010110001011001 101110000000011
010010111000101 010110001010111 001011010010110 110101100101101 111111011111110
011000000101000 010100101000010 001000000100100 001011000010100 011001001010100 101000001110001
100010111000000 111010001101001 001110100010110 111111001101011 010110101011011 011000001000101
001111110001010 100000101011011 010101001111100 011011111010110 110010100111000 111101010110011
011000001000110 010111100110011 101111000011001 101100000111100 101111000011001 010101011001100
001100100011110 010100101111001 001000011001011 111110101101101 101011111100011 001111001001110
000101110101110 110000010101001 110010010110011 110110010011000 001011100110011
110011001010001 110011101111010 111100111100101 000001100111111 001101010101101
100111000110101 110010000010111 101011101100110 000100110000000 011011111010110
001000011101001 100011110001100 001100100000110 111100010101010 101001011111110
001011010111111 010000110111101 011111001001000 001100100110011 001100001101111
111000110011100 101000000100000 001111100110011 101010001010111 100100001010110
111000111010100 011101010111110 001011100110100 100111100011010 101111100111001 101001001101000
110011110100011 011011000000001 100101011111011 001100000100010 001111011110100 011000001011011
100011000100111 111000010101111 000100001010010 100010010100010 100100111010101 000111110010000
010101001111110 000111001110000 111000011010101 011001100111011 111010001100100 010001110000010
110010110100010 101110000101110 011110100101001 111001011101011 001110101100100 111101010001101
101000010001101 000010111101000 000101110110101 101111011111100 110001100000010
111100100110100 111010110010010 000100010101011 001110100010101 010101101010001
100110010011100 111000001100101 001110101011101 010010011001101 000100010111100
000001001011011 000101011010100 110101100111011 010111101111000 001110000010001
000111100011011 111001000101101 010111001011111 010110110100001 101000111100110
101000101111111 111110010111001 001000011010111 010101110001000 010001101001000
111111001010101 101101111011011 000101110001101 111100111101001 111001001100111 111100000100000
001000010001110 110110001011100 000100011100111 011000001111100 011111110110000 001001000011100
000111010100101 111010001010111 110110101100000 010011001111111 100101100011110 001001101110001
100110110111110 100001101110111 101111000110000 001011011101111 100000000000111 010011111010000
110000000100011 000111100111001 111101100111011 101110101011100 111000100110011 101101110110000
010100001100000 011010011010011 101011000111100 001100001111101 000000001011010
101010011101110 011100010100010 000100010110100 001110100110110 100011010011011
000000011000100 000011110111101 000111100111010 011011111010011 100101111110110
101101111101100 100010010001111 000111011010010 101110100100010 110110110001001
001111100110011 000011101001011 110100010000100 110111000111000 111100101111010
100010011110011 011011100101110 111000000110111 001011011000101 010010111110010
011111101010111 100111011101101 000000000011110 110000110011010 101000000010000 011010011101101
001110111110101 010011101010000 101101111110110 110001111000000 101010011100101 110001000010010
110101000110111 011000001101111 110001100011101 101111000100101 101001111111000 001101101100100
010010100110100 110100110000101 100001010110111 001011110111000 110001010110010 011101011000000
101011000111011 010001011011100 001001011000100 101110111111010 000100010000011 100100001011110
100111101110101 001010011011011 001001011100111 100100100100001 111001111000000
100011010011100 110111101110011 101000110111000 001111011101100 010111001100001
010111000011000 100010100110001 001110101000101 110110001101001 111000001011101
111000000010010 010101100111100 001101010100101 101011111100101 110000101011111
000101101001101 101111111110100 110100000001000 010010111110001 100000000110100
000100100111110 011000100110010 000100101100010 001001010000001 100101010110101
011001101100101 001001100001111 100010011101110 000010111011100 101111110110011 011011001011011
000110110000110 010101010011001 111110110111011 011011010010011 101110011000001 100101101101001
100100101011101 011010000101111 001101011110111 111000101011011 011111111011101 010010100010101
101010000011000 010110110111011 100100101101000 000000001101000 000011111110001 010000111110001
010100111011001 001100001100111 001111010111101 000000001011001 110100010100110 100100001111110
110101111110100 000110111101100 110110110101010 100100111100101 101110011000110
101011001010000 011101100001000 001100101100000 011100110010110 010100011001111
001111101000001 100101110001010 011101011011000 110110101010101 101001010000010
000110110001001 011101101000100 101000100111110 000011001101100 010101111000001
101001101000100 010001010111000 010110010011001 000111100011111 000011011000100
010110010100111 111001001011000 001000110000001 001100101000110 010101010000100
100111011111010 100011101111110 000001011101100 101010101000000 000011111100010 110100000000001
011000101100011 010001101110101 100000110001001 011001101111100 110001111010000 100100001010001
111101110110100 100111100001110 110111100001110 100000110110101 101001110100111 111110010100011
000000010100111 010000010110011 010110011010100 000100101111011 000100110110011 110101101101111
101111111010111 001001010000001 011110101111000 101011000011110 010001010110011 000000011001001
010111111100100 110001100100011 001110110111100 001010101110101 101100111010111
001010011110100 001000100101000 000100101111010 101100001101100 001001100110000
010111110011100 010001000000110 100001001001000 101000000110100 111010000100100
110100111001100 000111101000110 101010011011011 100100000000110 101101100110001
101011110000101 010111011110100 110000111010111 101000111001110 101000001110110
110110110111001 011010100111101 110111011010100 101111111100111 000111010011100
101111100010000 101011001001100 110010011100111 100100011111101 011110010110100 111001110111111
010101001110001 010010011100010 001111101000010 101110011101100 010101001110110 101100101010110
100111111010100 100100111101101 101100000101100 001100011011001 010111011001101 010110101011111
110101110001010 100101101111111 010011010100111 011000101111011 111111010011010 101001101101101
101110101001001 000000010101010 101011110010010 100001101110001 100100101111101 100100001111000
011000100110011 101111101101000 100111111101100 100111100011110 110110001111001
000110010010001 111101101000111 010000001001000 000011001001011 101100011010110
100101000100000 010001111001001 110101111000001 101011100011011 100000001100101
000000000011110 000110111011010 100101110001011 111101011110001 011011001010011
010001101111000 011000100101110 011000000000110 000111100100011 101110001000100
010100000010011 101100010010010 000111000010001 000111111010001 110001111011110
010011001010111 000110111100100 001100010100111 100100101000110 000110011001000 010101100110001
100000100111011 001000101110101 000011111001000 100000010000001 110011011110101 100101001101000
110100010011000 101101110100111 000000101101101 001001100110111 011100110001000 111000011111111
110110000001111 010100010011000 111011011100110 000011000111111 010101010101111 111101101110011
100110110101101 110110000100100 001010000111111 000001011000101 101001100111010 111111100100010
