6 15 10
14 31 11 4 23 14 47 3 42 17 12 11 7 25 53
34 26 21 21 10 56 22 16 2 25 5 33 12 38 2
17 46 46 14 14 16 46 16 16 15 27 0 14 10 31
14 31 32 21 33 35 24 16 12 42 29 28 16 20 7
17 26 26 3 29 59 10 3 11 27 2 6 6 34 42
10 3 51 20 2 48 14 13 21 16 12 0 22 17 52
0 46 21 4 34 13 33 1 9 35 14 38 35 21 19
28 24 2 34 30 14 22 19 31 28 21 45 20 28 13
6 11 54 30 11 23 8 10 2 28 4 35 54 16 5
7 4 2 23 2 31 25 5 30 22 0 51 53 9 30
36 35 8 7 3 0 22 9 7 28 9 11 36 20 63
39 15 18 20 30 39 29 17 1 33 6 41 17 29 6
8 7 18 28 13 31 56 37 1 23 30 16 17 0 34
11 31 33 1 14 4 44 4 37 18 7 21 50 26 18
19 2 51 21 21 23 40 5 9 30 51 2 16 11 2
2 1 23 31 44 21 29 10 5 24 54 11 39 6 1
31 5 41 18 17 9 37 0 21 15 27 25 47 14 30
14 58 13 6 11 45 22 16 17 41 11 5 33 8 11
1 12 17 32 5 3 17 24 44 18 32 38 52 15 3
13 22 33 7 23 9 14 12 23 3 57 41 27 32 9
14 29 7 23 1 5 8 33 11 55 21 27 12 7 52
31 44 12 33 3 11 4 12 39 7 25 47 7 22 25
8 40 10 31 10 16 44 8 63 17 1 22 5 8 6
17 31 13 24 1 21 54 23 24 39 43 4 2 14 6
10 47 28 19 6 11 5 69 2 27 9 5 7 17 17
3 53 2 2 4 35 29 6 27 26 1 11 54 26 5
35 1 30 22 12 13 23 9 10 3 32 36 20 60 7
24 3 39 28 23 27 24 20 33 1 6 21 3 23 52
24 14 7 65 21 10 10 2 39 9 19 24 31 28 4
21 55 7 17 14 34 25 13 26 46 16 1 26 4 19
27 7 45 10 49 43 15 2 10 17 22 2 20 25 28
27 8 9 64 3 4 2 10 26 9 27 45 21 20 25
31 14 54 4 6 34 29 50 9 9 20 27 2 9 5
35 16 7 33 23 25 27 27 26 20 28 21 21 34 31
22 27 22 3 22 6 62 16 10 35 11 33 13 23 22
1 4 36 3 32 6 33 19 23 34 6 59 17 11 23
11 29 13 2 1 47 13 23 17 11 11 35 14 19 60
29 1 3 15 20 21 47 44 9 8 33 35 14 17 32
10 5 30 52 21 43 2 3 34 11 0 37 29 13 15
31 26 5 8 20 8 9 28 24 40 23 30 28 31 39
20 36 11 31 4 24 2 2 37 34 15 9 2 22 58
6 27 40 38 10 33 15 13 52 21 10 13 15 29 14
18 27 24 9 21 35 5 11 29 51 16 28 12 5 42
1 4 20 11 27 8 9 26 13 8 48 11 51 52 2
38 32 36 38 29 6 16 31 25 26 17 5 23 23 1
14 7 34 40 58 4 4 3 28 17 8 13 34 17 30
31 2 14 10 43 9 1 11 42 29 40 28 39 0 17
7 8 10 39 40 40 16 46 20 27 22 16 27 7 7
5 42 20 30 7 23 41 27 13 8 44 18 7 37 5
18 15 45 32 1 4 24 28 38 44 7 12 29 23 0
19 32 4 3 24 37 32 6 17 43 8 8 7 22 53
16 48 13 32 42 18 53 23 23 3 9 11 4 4 2
18 11 20 21 14 40 17 13 19 59 7 1 10 7 49
28 18 56 3 10 4 21 22 8 42 19 40 4 7 30
32 1 17 11 14 26 30 53 13 3 35 22 11 10 43
15 66 22 26 9 32 7 29 38 10 9 3 16 12 16
27 9 30 46 1 6 52 0 39 17 9 35 3 9 16
3 25 11 6 8 49 44 2 13 31 38 31 26 19 15
9 11 42 37 6 37 22 22 19 41 29 2 25 11 27
36 29 15 27 12 47 19 8 31 16 18 24 37 23 11
000101011011111 010110100010110 010010010000011 011111001111101 001010111110111
100010010100011 101011110101001 011000101000000 010001101011101 101111001001011
110000001011101 011100111000101 010110111111011 110000110000111 010010111110000
100110100010001 011100110110100 101011111100001 001111100111111 100000110000010
100100000100011 010101110000100 110011111000110 001010000001110 000011010111111
001000101001011 000110001100001 111011101100111 001101000011101 110101010010101
111011110010001 110011111111110 101111000110000 011110000100101 011010110100101 001100010001110
110000001000101 101100000001010 100101000010110 001101101110000 001101101001000 011000110110000
100010010000110 010110101111111 100010001101011 001111001101110 010110001110011 111011011000100
000110110011011 011001101011000 011111001001100 001111111001100 011000001101110 111111001010000
111010000101101 000001011011001 100000000100010 100000110111001 101101100001010 100001101101001
110101100010000 000100111101011 100110000110001 110000010110011 111010111001100
010110110001001 000001111110001 000000000001110 010001111010100 010111001011000
101111010100100 111101010001100 110000001001000 101101100100000 010010100001111
011111011011010 000100001110111 111111001001010 000101011101101 100010001100001
111000011001000 010010110010101 101011110000111 011111110000101 111110001011101
000010111000011 110010011000010 010111011000111 100011011111111 000001100000010
101111011010010 001000010110101 110100111100010 101101011000001 111100000111011 001001110011100
110100111110111 111001010001011 110111011011110 001110101101100 111110001101110 111100111100001
111001100011100 000000111100101 011101001010111 011111110110001 111111111111010 010110111001101
000111111111001 011100010011011 100110010011000 011110110110001 001111101011101 000000010110000
100011100000111 110110001011011 100111101011001 001001110000010 111011011100100 010101001101011
010001101100101 100001011010101 101010101110100 100011001100011 001011011001011
100010011010001 000001111101011 000110010010001 011100010000101 011110000110100
000010111111001 010101000001010 011010110011110 010000100001000 001010110110101
010101100111111 010100111111010 101000000010101 110000001000001 011100001010000
110011000010010 110001111010011 110010010111000 100010010101101 111000000000001
000101001010001 001001111001110 111011010101101 111110011000100 011101100110101
101011000001011 001101000001110 110111011100000 110111100101001 001001100001110 011110000110111
100100101010001 010010101110110 000011100110111 010011000101101 110010110000000 010001110001111
001001100010011 000000011011000 011100011111111 110100010001111 110110011000100 111101110010001
101011111010001 111111000100100 010110101001111 010111000111001 110000010101111 011001010011101
000100100010001 001011110010100 111110111011101 011110111101000 001100010010010 010110100101000
011110000100100 000111111111101 101001010011000 101100001001111 000100101001111
110000001001110 111101100100001 110011101001111 011000101101001 000101101101101
101100001110001 001100000110011 010011100011110 011011010100010 010100100011000
100101001100111 011000000111011 100000100111101 001000001100110 011111001000101
100111001111100 010010110011100 111011011000011 100110101001000 100011000101100
111110010101011 000000011000100 000100001010111 100001011111100 101111001000000
010111100110100 001110111100100 000001111100110 001011100100101 110010000111001 011111111110110
110010110010110 101111110110111 010110000000010 001100011100110 000110000110101 111110001101011
011000100110010 110011110101100 011110011001000 000000001100101 110110100100001 000010001111011
100101111111001 100010101110100 100010011001011 001011101001101 111110111001101 000101011101100
101011101100100 110111001001000 101010101100001 101110010100000 110111010011010 110110100101011
110100100001110 011011110001110 100010100010000 100101101101100 111101111000110
011001001001001 110011111001110 010111001100011 110110100000101 001101110010110
001100000001000 011010001111010 010100000010110 011001001000011 110010111001010
010110000000110 100011001010101 001001100001001 000011011101101 010111111011101
101000100000011 110000101111010 010101100001011 000010010011100 010101001010110
111011100001010 001100101111011 011111100011100 000000100000011 011011000001101
100010011101100 100010011100111 100010010111011 000010100100101 110110110101000 110111010000101
110000100000100 011011000110010 001110000110011 001111110011100 000011010100000 100000111001011
111100011010010 011110001101101 001001111111001 100000111001011 001011011011010 111111000110100
000111110010110 100111111001000 011000011101000 110110110000100 010001001110001 000100111001010
000001000101010 101000111100001 110000110001001 011110100101000 011111001100100 001100011110011
101000000110110 011111001110011 000100110101110 100101111100001 101001100000111
110001111101001 100111110000110 111110110010011 010110000110001 010010100111111
001010010011000 001100000101001 110111001001110 001101000010011 101110101000001
010111000100101 101100111100010 010001101101100 001101000000111 000110001001001
111101010101000 011010000111001 111011111101100 001101001001010 101000010010100
011011000110101 111110110000010 010100001100000 001101111110110 111101111010110
101110110111001 010011100011111 111001010000010 100010100001000 010110001001111 010010101000001
000110001111010 110001010000010 011001101000010 110001000001010 100100100100100 110100110101000
110111000110011 101010001001010 110100001001001 001101011001110 000010000000111 000100010111011
100111000110000 011011011110010 010101111010011 100110010110000 010100011000110 101110001011010
010100110010111 010111010101000 011000000010000 110000100010011 110111100011110 000101000010011
000001110011011 100100110110110 000110010001001 010100100111100 011100100010101
101011011100100 011111110110110 101101001000111 101101101010011 011010001101110
100100011100101 110010010011001 010100001100111 111000011111100 101100001001110
001111101001011 100000110111011 011100011001001 100000001000100 110110110000010
011010111110011 011000000110001 100101000011101 001001101110010 100100000110000
111101101011011 001001001001010 010001010011111 011000101101100 101110100001100
101101111110010 000000101100010 000011010011001 100111010001011 100010011110011 100111011101100
010010000101010 000101010100010 011110101001111 000111111011110 101110101100101 110100110110110
110111011011011 110100110111001 011000010010111 101000101010111 000101111000010 001010100011001
101001011011110 011101110010001 110111110100111 110010110101110 100010011001101 001000101110100
100001001110000 010011100110010 000110110001000 100100000011010 011011011100011 001110110010010
110011111111100 011001101111100 111010001110010 010000010000001 000110011010000
011111001101011 100010111110000 100111110001011 001001001001011 110000101011001
000000110000101 011100010000011 100100110110101 011010011100111 010101001010010
110100000010001 010100010111101 001000110100001 010011011010001 001000001011111
100100100111010 110100001000011 111111111111100 001111100111110 100001100000101
111000100110001 111100011000100 011101101010000 111101111001100 101001111000011
000011110011101 110101000010001 010011010010010 111011101101110 001010010001111 001010110110011
000010111101101 011001101111111 110111111101101 100011110101101 100111101000111 010010101111001
111111001110000 000010100100110 111010011000110 011011101001100 101111110001101 000101110000000
011000010011010 001111011010101 101000100111000 101110100011000 010000000110011 000000011110111
011110111000001 111100111101110 000011111110010 000000000101000 010011010010000 010110111000101
011000011001011 010011111100101 010010111000110 111101011110101 011101111110011
000001110110010 111101001110001 001011011100010 001001001101101 010011100001110
111001101110100 001111100111011 111110001111000 110000000001001 110101011010101
110100100110010 010010111111101 010011100010101 001111011010110 101101111011101
010010001111111 011000001100110 001101101010010 001010011100110 110101011111001
111101010000010 101001011001001 100011101110101 011110101000110 010001100110001
001111101100100 101001101000111 110010101110000 101000011101011 100011010110100 000111100001111
110100010111011 101111100110101 111111011100100 000111001101001 101001101111000 110111111001011
010011100011111 010000010001110 101001101010100 111111010000001 101010001110101 000000111111001
011010000101010 101100101001101 000010000101001 110000010100011 101000001011010 011110100101001
001100001011011 111111100010001 101001111001111 000011111110000 110000111101110 110010011101011
111010100011010 000001001111111 010100100101011 000011011111001 100001101011011
111011001111000 000100100011011 011111110100010 110100010011110 111011000011010
101011000110010 000000000111110 001001001110011 100111101100011 111000110110001
111001111010010 011110001011100 101101101001111 100110000001110 010110010100110
101111010111100 111110011110110 010001101000001 111111000011101 011111010001100
111010010111111 011111101110111 101010011101100 111111100001101 101001000111010
000101100111011 111011101101101 011101101111011 011111110100000 111001000101001 000110100001110
100110011111001 110001111110011 110011001001010 011011110010110 110110000100000 000101000101001
111000111101100 100011011111011 011000100110010 100110001000111 100000111010110 010011011000101
111010011101110 111010000011100 110110000011111 001111011011101 110110010101101 000110110010100
001001111001101 000000110111100 111001000110110 110110001111110 110010000000101 101010010110110
