6 15 10
27 15 44 25 29 11 52 40 7 9 22 23 0 6 4
35 3 28 17 18 35 32 13 19 1 13 4 63 20 7
2 1 15 43 16 21 34 21 12 31 41 37 17 27 22
36 58 6 16 27 34 27 13 10 14 23 15 0 20 29
12 26 30 21 22 12 21 32 2 6 14 24 45 54 1
27 5 18 6 30 1 20 20 16 14 7 13 43 40 56
31 31 16 5 47 15 33 1 17 10 1 35 13 6 49
37 6 15 31 40 16 47 2 29 37 17 16 23 10 6
25 28 31 3 9 38 2 30 51 6 25 41 1 8 8
7 34 5 6 52 18 48 24 3 23 14 32 6 28 15
10 28 14 3 9 9 24 46 19 33 22 23 11 26 53
22 19 19 38 13 7 5 55 27 49 2 24 14 5 14
21 2 41 2 12 33 28 28 21 18 10 7 59 15 23
19 23 28 20 22 0 53 5 14 25 31 0 0 4 52
12 5 21 15 52 45 24 36 3 8 19 9 43 5 10
14 6 7 31 10 5 61 28 8 25 6 41 35 20 5
10 23 5 8 12 4 24 19 23 21 45 58 3 33 26
6 13 2 10 35 19 14 57 16 33 49 10 16 14 20
51 14 7 15 9 34 9 29 45 5 42 12 17 1 22
0 30 8 7 12 10 29 13 54 56 12 22 10 16 26
6 19 46 6 26 28 32 6 15 11 12 27 39 15 44
1 47 1 11 2 43 28 8 32 10 13 53 22 18 9
24 32 32 23 25 1 24 26 32 33 39 26 4 23 4
55 20 2 6 11 43 4 2 29 10 20 50 22 0 14
2 34 3 4 40 13 51 1 24 47 19 12 4 19 29
19 40 19 22 39 31 18 23 8 18 22 16 16 19 45
9 34 9 1 36 42 37 43 2 38 2 11 28 7 0
19 10 5 28 6 45 22 6 50 13 14 12 8 55 5
3 42 23 39 36 8 24 17 7 27 30 23 30 0 28
19 28 30 6 13 4 27 19 24 49 18 21 46 4 29
8 11 10 20 3 3 23 20 4 36 43 30 48 43 13
12 16 14 41 17 47 31 35 22 16 4 7 16 2 44
14 24 27 11 24 28 18 33 29 5 43 8 45 7 26
28 46 56 6 31 17 3 18 38 4 6 24 6 14 12
18 14 22 49 7 47 42 14 18 9 16 11 31 6 25
1 5 29 31 25 0 48 0 5 59 15 18 9 17 29
5 3 16 9 45 49 13 9 13 8 6 13 51 12 42
31 19 39 24 5 26 11 12 26 46 18 13 31 37 3
7 20 19 26 42 23 17 48 40 21 12 12 31 10 14
0 15 37 21 4 41 33 10 15 27 24 45 28 4 27
10 23 45 10 10 21 8 8 51 16 1 5 40 2 45
28 16 23 9 14 45 25 28 19 42 15 40 26 2 10
22 26 43 1 35 2 21 15 10 24 44 24 8 43 3
4 22 21 2 28 20 19 16 50 3 35 22 40 27 29
8 23 15 4 26 32 21 7 16 26 42 26 8 39 45
32 35 32 49 29 12 14 4 22 5 43 22 2 17 2
10 15 3 1 28 11 15 7 53 1 11 31 59 32 2
2 40 8 5 19 4 10 63 24 10 11 41 10 28 21
2 31 7 11 16 25 24 51 50 14 34 23 14 9 12
42 26 7 6 11 11 17 16 20 20 13 42 50 23 30
5 61 11 52 4 20 34 20 4 4 0 17 17 9 26
9 17 21 1 5 53 22 0 49 21 40 24 0 7 29
11 20 42 10 28 42 5 24 30 27 29 19 25 7 31
22 5 24 35 47 50 28 12 6 3 27 33 1 11 1
30 5 1 26 15 3 57 32 7 8 48 28 5 24 10
48 18 5 51 8 3 3 29 35 25 19 15 36 7 7
32 21 6 7 17 9 48 33 12 13 26 16 13 54 19
29 20 31 31 5 67 2 0 9 18 43 1 10 4 1
50 28 25 7 25 48 1 4 10 10 25 23 21 33 11
20 14 14 43 22 26 28 2 33 48 27 10 7 7 34
010011001011111 110011110000001 010001101000010 011000110000011 011000010101000
010100000100010 101001110000101 001011011100101 011100010000100 100101100000100
011001111110101 100000110010100 111010111010000 101111011011001 001100001001111
110110110100011 111100001110100 010010111100111 010011000011110 101011110011000
011110101010110 100110000000111 100001010100011 110111011001000 011011010110010
001000011000000 011101100010001 011010001001000 000100000100100 111010101101101
111000011100011 011100010100111 010111000001010 011100101000011 000010110010000 011100001100100
011000000111100 010001010110100 000001101101111 010011010101010 111101111010101 100100110111011
110111111011111 101001010110111 100110101100001 000111011100101 100100000111111 011100001010101
011000111100110 100010101010111 101101100010000 110011010110101 000110101111101 111110010001110
011111010110000 001000111011100 101100111000100 111011100001000 000000101101100 101111000000100
111110101010100 110001010100111 111000110001001 010011001101011 110111110110100
010010010101101 010010011111011 010000011101011 001010100001110 101000010100000
111100000000010 001001010001111 111010001010101 100010101100000 111010111011101
111111001100110 111101100100010 111101011111100 001111010000110 111101111001111
101110110001100 001111111001000 001101001001010 110110110100100 011011110101110
001101001010011 001000111001000 111000111001111 011110010101011 111001011010000
111110000110010 100111100001011 110011000011101 000111011011100 001111011111101 010010111011000
010001100001101 101010101001000 010011011011100 011010001010110 111100000110111 101100001000100
111000100010110 110101100000111 100100001010101 000101110001001 111110100010011 000101011011000
101110110010110 110001110110100 111000011001110 111000011001011 010110101101100 100001101011111
011100010101100 001110000001000 010001010100100 000000000110110 010001100000111 110010001111100
000001111100001 100010001101000 011111000001001 000101110011010 111000000110111
011000011101011 101010010011011 010011001100111 100000101101011 100100000101010
110101001011100 000100010001011 110000100001111 011010111001010 001111000101001
010110100001101 111101011011111 100011011000110 001100011110001 101000000101010
111110111010010 101101010001111 100111111000110 110010111111100 010111001111011
100011001000110 100111101001000 011010110011000 100001011100111 011011111011011
111001111010100 001101001010001 101011110111101 111001010110000 110001001101011 100111000001100
100101000011011 011010001011011 000011011011001 101000000110111 010110000110110 111001010000111
000011001110110 010011101001000 011100010001110 011110101010011 001100000010001 110001011001010
100110010101010 100111010100011 011010111101111 010111001001100 100000101010111 000111001000110
001111011101000 100110111010000 101000001111001 001100111111101 010110010110010 011010111001101
001001110100100 000011011010011 100010001000110 101000111100000 001011001111010
100011100000101 010000100011111 001111010010101 100101111100011 111000101111100
101000111101100 111010000110111 110001111111111 010011010001010 001001100101001
110110010101110 011101000101100 000000111000100 010110000111011 100001001001101
111101001111111 011110001001011 101101000001101 000011101101100 110110101011011
011001000110000 000101111100011 010000110011101 010101010011010 000011111100101
000000010100011 101111111010101 110101011000000 101001010110111 010000101001010 011101101110000
001100001110111 100010101010101 110101011011110 010111000000101 011000111101011 100010101011000
001100110101011 111110110000000 000111110011010 100001100111100 000011011001110 000111011010001
100111111110001 010110110000010 100101110110110 011101110010110 000110001001010 001010100011100
111111100001101 100001000010000 001001000100010 110010010110000 011000011010110 111001110000111
110100111000111 010111101100101 010111111000001 000010001100011 001001100111101
011001101111100 000111111010111 100100000010011 111000101001101 010010001001001
011011100001110 110000100011010 101000101110100 111000100101110 111110100000011
101100011110101 101110011011101 000010110110001 001100111101010 100010110110100
010010110011011 111011111011011 101111000111010 101011001010110 000110101110110
101101100001111 101111101101110 011010011110011 000111110010011 101111010000101
001110111101001 001010101111101 010000011110010 000101110100011 000100101100011 100000001011011
101101000010100 001101001110100 111111101111011 001011111111100 100011100110101 000001101100010
110010011111011 011010001000011 100100011111100 111101000010110 100000001001110 110000001010011
110000100010011 101010101001001 011111000111101 110111111011100 011100010010110 010000000011101
101111100101000 001100100100010 010001010011011 111110110001111 100110011111101 001101001011100
100111011011111 010101101111110 111011010000001 000001010110110 111000011000010
111110110100110 100101011101101 111010000110010 000110110000111 100010111001010
101001100110111 010000011011100 110100011000100 100011010100110 110111010000000
101110011110011 100110101111111 000110110111011 101100101011001 100110010111001
101110001110011 010011100110111 101010010100111 011101100011100 101001100101011
100100110000111 011101010011100 011111110000001 101001011000110 111111110111010
001110000010110 111111101101110 011110100011010 100100110001100 111110111100000 001000000111010
001111110111111 000000101001101 000000000000001 010111110010111 100001111110001 010011111111000
100011101001100 100110110001111 101111000010110 101101101011000 101101111111110 011100110100100
100111111010100 001111101001101 000001100001101 001011101101010 110100101111000 100110000111001
000101000100100 000000000000011 110101111100110 001011101001010 010000100111101 110010010010001
001010001001010 101110110110110 111111111101111 000011111000010 001101010111001
111001011001100 111000010101101 011011100000100 000001100100001 000001101100111
111001111011010 111110001100110 101100010111010 011010100111011 101110000110101
000110000101111 010101101111010 110111010100111 110100010111110 011000100001111
000101100110000 111101101000000 011011011100010 001111100100101 101111110101001
010010011010000 101011001111101 001111110110000 000001010000101 110111010101101
110001111000000 010001111000001 100111100001101 101000001011011 000010011111101 110100111010111
101001000100100 101111010100010 011001100010110 010100000111001 000010100010101 011001101010001
110011000111101 100110101000101 100100001001001 110011110111100 111001101111000 100001110110111
001110110100110 000010101001110 010011111100000 101001100101110 110101000010101 001110010010000
000011010100001 010000100100100 100111001001111 001110100111011 011000110001001 101101001100010
000011001111100 111001100010101 000010000011011 010000010101000 111001101011001
111000110111101 100111111010001 101001010010010 100001011110110 010111100100111
111011001000011 001000001001010 011010100010000 000001111110000 101100111011001
110011010111111 001000111010010 101010110000111 001101101101100 000101000000000
111110101101111 110101010010010 001100011011011 010100001011010 011010110100010
000010111000111 111001101010000 101101101110010 110111101000011 110101110011001
101101101101010 100111001100010 011100100000000 101011101110000 101010101011110 110111010110111
110011100110110 111101011000101 111110111010110 011000001111101 110100100100001 110010101010000
010000111011110 010010010100111 101111010000001 010101111011010 010011000110010 001101011100111
110001001101100 011011011100000 000111010011101 010000100010100 100000100010010 101110001010100
101111011110110 001010010001101 101011000000001 011101001110111 000110001111101 100101010110001
111010011110100 110001010110100 001111000111010 011100111011100 100110100100111
101010010100100 011000010100110 111111010110101 001000101100101 110100010010000
101111101011111 000011101000110 101000101101011 101001001011000 101110010011001
101011001101011 111100010110100 100110110110110 001001100000100 001100100111000
010001001101111 000010001011000 100110001000110 111100111011000 001001110001001
101110010111110 111011110110010 100001111111100 010010010001110 101100110000001
110000010000001 110010011000100 001111100101011 010101001111101 010010111110110 000111100111001
100100111110111 110101100101110 100011001011010 100001000011000 111100000000100 001100100010000
100101000011001 011111011000010 001111111000101 100010111000110 100110010111100 111010010100001
101010010010001 000010011011110 101000101110100 110010010111110 101101001111110 100101100001001
010101101011010 001011101110110 010100101011000 111100111101101 110110110100101 001101011011000
101000111111001 101000001011101 100110010101111 111110100010101 101111001010110
111001000110000 011001111110101 001011110101010 001101001000101 101100110101011
011000001011100 001110010110101 010011101111110 101010000111011 100110100001001
001010011000110 101010101001000 100100100101110 100010101111001 111101110010100
011001100110011 111100110110110 010001110110010 100101111011111 011000100001111
111001110011000 001101111110001 110011001010011 110010011100100 100101010101010
010100100100010 100110101001011 011110010111011 101010000100101 010011010011100 110101000100011
011010110110011 000111010001001 001111110011100 001011000110000 011000011000000 111000100011100
111100011010100 011100110011101 101001101100100 011111000101100 111100101111011 100100010011100
101000100000101 010100001010100 001110100101111 111000100001101 101100100000110 100100001010011
100000101110110 101101111110001 100011010110001 001111100000001 100011000101111 110111010100001
