6 15 10
2 26 61 3 9 17 41 29 0 6 37 24 22 16 4
5 12 44 13 4 5 41 14 12 45 9 44 24 26 17
11 18 23 6 30 14 43 28 28 24 30 4 29 11 45
13 48 6 37 5 5 3 1 55 3 3 24 30 24 31
0 9 2 6 30 26 31 25 19 38 38 37 36 27 8
9 4 2 29 12 36 39 27 36 14 34 42 11 30 1
23 10 1 11 30 31 9 21 0 53 40 29 30 4 27
11 10 12 5 13 20 58 42 12 24 13 27 40 25 4
15 30 20 33 4 4 23 55 5 37 15 30 26 3 25
19 47 32 1 10 11 3 41 22 2 31 42 26 24 3
46 15 13 9 18 38 32 46 18 10 8 6 41 14 11
16 29 10 16 35 45 8 41 16 7 6 33 32 15 29
31 21 32 31 1 41 22 50 28 31 7 5 5 10 9
23 24 3 16 12 8 27 15 37 25 13 64 22 24 9
5 30 4 7 1 14 27 1 54 15 21 38 52 13 10
22 47 7 28 22 1 3 23 23 33 2 49 31 4 21
31 13 8 26 30 25 14 6 8 17 54 16 28 32 33
4 49 9 41 2 10 25 9 3 25 1 1 10 58 29
38 22 7 33 29 46 28 40 1 25 14 28 5 0 2
8 43 43 14 30 10 9 8 8 17 23 2 54 24 24
22 8 4 54 19 33 19 21 22 22 27 9 16 1 47
52 34 31 11 3 6 9 8 24 9 22 47 33 3 20
34 30 34 5 1 24 23 16 28 8 40 0 50 20 0
54 10 9 58 39 12 7 7 27 9 11 16 14 16 10
16 15 58 30 13 17 24 50 7 1 9 33 4 19 9
17 5 47 7 24 9 11 5 11 8 47 3 2 64 12
3 29 42 14 14 28 23 7 19 16 29 22 58 6 20
23 20 23 28 47 9 1 5 1 19 20 46 5 40 30
15 0 3 48 24 18 46 9 28 27 28 43 4 4 16
34 17 19 18 30 5 14 35 24 16 25 19 8 60 3
27 33 41 30 20 7 5 33 29 22 0 23 2 44 17
4 31 22 19 29 33 1 23 9 18 7 16 22 59 34
5 51 37 15 11 45 9 7 45 5 6 27 12 18 16
12 31 29 31 21 32 20 37 11 7 38 11 20 37 19
12 3 40 17 9 19 27 26 20 31 16 8 17 17 62
15 2 3 1 62 6 11 6 23 21 7 60 4 5 33
26 19 14 4 40 26 5 43 36 14 8 33 23 26 26
8 2 6 14 29 75 5 2 8 2 18 5 18 2 49
0 3 17 6 33 17 65 26 18 2 51 4 4 18 11
49 9 37 39 5 1 4 4 29 26 5 29 17 43 8
30 29 19 30 55 42 13 13 2 4 2 22 13 16 31
25 2 3 29 54 5 21 13 4 59 35 9 5 6 10
49 9 7 19 14 21 23 2 8 6 33 35 36 45 11
16 20 34 14 46 21 5 7 10 43 9 19 27 44 21
45 19 11 12 7 2 18 17 25 1 19 9 37 7 65
38 8 30 2 10 45 28 25 26 10 4 4 1 54 20
7 33 42 46 37 31 3 20 7 5 28 32 7 12 11
32 45 14 1 16 13 21 14 13 49 38 26 17 13 20
38 16 25 35 8 8 26 1 11 28 32 51 13 3 31
44 3 26 19 10 12 20 27 3 17 11 67 24 5 11
12 25 12 2 53 29 52 10 14 27 15 22 27 13 10
5 42 2 1 11 5 38 34 8 16 51 25 11 41 1
5 8 4 21 14 5 8 42 61 28 24 5 37 24 20
39 12 15 22 46 25 34 3 6 5 4 19 23 46 27
4 24 11 4 35 60 10 28 20 3 13 40 19 17 28
15 17 7 1 33 19 39 12 18 45 8 18 40 0 44
34 2 7 60 0 14 3 15 32 3 33 20 37 18 24
11 1 2 9 34 27 8 25 15 45 42 25 16 38 30
30 45 18 33 11 51 13 29 5 36 20 6 7 9 8
11 4 4 48 7 55 21 16 32 30 3 20 25 20 21
111010111101011 000011010101110 100010000001101 100111011011011 000101001100111
010111001100011 011110000101110 101010010011011 101000111000010 110011111101011
010101100010110 010001000000110 010100001001100 110001111111111 000101101100100
100111011110110 100110001011110 111111111101010 101100010001100 010010010101001
011000110100011 010001100110101 101010110011100 110100111110101 100101010111000
100111011111100 011101111010000 010100110001110 111110001001101 100001100110011
011110010000100 101000101101110 111101000001010 011111011010100 101101110111011 111001111000001
101101100000001 100100110001000 010100110111110 011101101010010 101010100010111 011001001111110
000010001010011 100111001010111 101011111110100 010001011100101 100001011011110 101111111011010
011110000100101 000111110100100 001111010101000 100111101101100 110111110010101 100101110011111
111101101101000 101110111111010 101010111100111 011100110100100 101101000010100 001110010100110
001110100100111 111010011110000 001011101010010 110001100010111 011000000000001
100111101011100 110101010110111 110000101011001 001000110100011 110000110001110
011010110111111 010011100100111 110000101111100 111100011110110 101100011011000
000110010101011 001100010100100 000011001111011 101011001001111 001111100010101
100011001000110 001100100010000 001110111010000 101000001100110 001010100011000
110111111100000 110000110101000 101010101110101 010110101010010 010101001111100
100111011101100 000111001111000 110110010100100 111100011111101 000110010001101 111101000000010
000101001100111 001001001110000 000001011000000 011101000110001 001010101001001 010111111110110
110011000011011 101110011001011 010010011110100 100000000001100 011010100100110 001100110001101
000001011101110 111111000110110 101110000001001 101000001111101 101100010001010 010011110001111
100101110110000 100000101110010 001010100100111 101011101011111 100001101100111 011011101100011
010011000101000 110001011100110 101010100100100 000011100011100 100000101010110
110101010011010 010010110101011 110000110101001 010000110000111 010011000110011
000101001110111 111010011100001 110011011100110 100111010111101 111101000001011
000111110010101 100100111111010 100000001101100 101111101100100 001000010001000
001110010101110 000001001111101 110000001001101 011010110000011 000110010011100
110001001111000 111101010101100 001110111110101 000110110001101 101010000110000
100110110000111 111010111010101 110111111000011 001111000111000 101010000100100 110111001010111
111010110110001 101110001110101 110010010011000 000110101101111 011111010011010 000000101111000
001100000001001 100001010010111 101000100000010 100010111010101 111011100110111 000101010110111
100011001101001 111010100110101 000010000100001 000010101001010 101000001111010 101001011000110
100010111011010 001001100111101 001100000101110 000001011111110 100000101011111 110000010111000
101110001010001 001010100101111 111000000110110 101010111010110 001110000010000
110101101000100 000111000010000 000001010110101 100000001101011 010101100101001
111000000000101 101001000001000 001110100011000 110001101111001 111011110111110
010010111011010 100010000010110 111010100000000 010111110001000 010001111001100
100001110001100 000011000111010 100101011010001 010100101110101 010100101010110
010010001010010 000111101011011 011111100100100 100001110111011 100001100110110
010100101111110 111010010001001 000011100111010 111110101001001 011111101110110 110010011101011
101111010110101 010001011001110 101111100101100 010110001101000 100111111100001 101111110001101
001000000000111 100000010000100 001001100101111 101001101010111 111010110111000 111100001001010
110010000001000 111111101010011 100111100001100 010011100110101 111001011000001 101011100101010
110100010100000 011111001000000 011010100100010 011010100101010 011001100000011 101000011111111
111100011000100 001000010000111 100011110010011 110110100100111 110110001101010
100010100110011 101010101001000 000111011011011 000001001001100 111101000100011
101111110111001 111001111110010 111010100100010 101000100111010 010110011101110
101110010110110 110001010011111 010111000110111 010110001001101 110010110010100
101110010111100 010001010010101 111110000101111 000101010101010 101100111100101
111110011100110 111000010100001 110011110100000 110011011011110 011001111011111
011010100101001 110011100101110 111011000100010 001011110000110 111100111011110 111011110100010
100001011010101 101011011010100 011100100110000 010110001010011 001110011110010 010100100101111
000011111101010 010100010100110 010011111110010 000101100101000 101100000000100 110100011110100
001100100001100 011000011001000 001100001000000 111010101001101 100010111000001 011100100101111
010101110001011 010000010001011 101010010101101 110010111110000 100001001011001 010100000110010
110010001000010 000100110000110 111000110101010 001101000001101 000000100111011
001110110110001 111110001111010 110001111011000 001011101011101 100110010001110
101100011101010 001010010000101 110110111010100 100100110001110 111000010111111
010101010010000 011110011101000 000000111101110 001010000101010 111010110100111
111000000110011 000101100100001 101010111100011 011111101111000 000011111011010
001010001001000 111100000101101 100000110010110 111011111100100 111000111011100
110111001011101 110111011110111 001000001101111 000011101011111 101011110110111 000000101111100
101111100111100 000000000011000 011011101011100 100101101110011 111000001100100 111010011000001
110100000111000 010100111010011 101100011000011 010110110010100 000010111001000 011110000001100
010101100110011 000110000101001 011000100110100 010000001110100 011011010111101 010111001101011
000001110111001 011011110101110 110101000011001 000101100011100 000110000111110 010010001011101
000010010010110 010100111000110 010111101100111 000110110011010 110000100001110
101101111111101 000111111101100 101100101111110 111100111101101 100111100100100
001000100100011 000101001000011 001111100100011 101100011111011 011111000001011
111111011111010 011001011110011 000111001001111 101111101010110 001111101110011
110101101101010 011110010010110 111111011011011 011000111110111 111110010011111
110111101000011 111101010011001 110100101010000 000000011001100 110001111100111
100011010111110 001101011011000 011010110101000 011000001001000 010001001010000 010101110111001
010101101111011 010011101101001 011110011111010 110100111110011 000100100001101 001010101100010
001110111110100 110110011001001 000000010111110 100010011110101 011111011111010 000100100100101
110001101110010 100111000000110 111011001001100 110101000100010 111100011110010 101100100001111
110111110100011 010100010001100 000011011101010 101100011011011 111010010111111 001111011101001
110111111001000 001011011010000 001000001100001 110001001100100 000101001100110
001101011111111 000111011110111 000011010011100 110001000100111 101001111110100
011011111111001 110111010100101 111000111010000 001010110101000 011101100110100
010100011110001 100000010000011 010010011011010 100101100000110 011010110000110
001000101001100 010111110000100 011000101101111 100110110011100 001011011111000
011100001110000 011000111101100 101011001001100 100101100101010 001111001011101
101111011111100 110000100001101 001010110011110 010110001010000 110000111011000 010110111100100
011110010101100 010010110010010 000011011011111 000010101101000 000001011110111 101010011100011
101111100111100 111001100001010 100010011001001 100011010100100 001110000110010 101000101011010
000010111111101 011110000011101 110011100110101 001110101100101 111011011100010 111101000111110
001011110011100 101010101101101 010011101111101 101100111010001 011010100000010 110011000100100
100111100001100 110110000001111 110100110011001 001001011100111 010001110110011
110001110001101 001100001100010 111010110001101 110111000111101 110010000101101
011101111011011 001011111001010 101011010011100 100010110000000 100110000111110
110000010111100 110010010001001 010000001011101 100001101001011 001110010111000
001101011110000 010011010001011 110011000001010 111100101011100 101101010001001
101101101001001 000010001101110 010100101010010 011001010101101 000111010000001
010000100011101 101101100000100 111101001100000 100101100100100 011101101101101 111001111111010
100010101011100 100001011000011 001010111110011 000111001110110 101011011011011 111011011100011
000111000011001 001101010110101 110110001000111 001111110110001 111111001011001 111001010010000
010001101100001 010001110010100 011111001110101 111011101010011 111100011101111 101100111010100
011101101111000 011010111011110 111111111011100 011001010011101 001111110011010 011011111010111
011000010101000 100000010101001 100011101010010 010011000010001 000010101110001
011010111110100 011001110111100 110001010100101 001001110001001 011010010001011
100010010001101 000110011111100 101100110101101 110001111010001 001110101011111
101110001011001 110100011111011 101000100110011 101010110010011 100101101000110
110110101101110 111011001010110 101001100010100 000100100101101 010010111110110
010001101111111 101110010011110 100001001000111 010100001011111 001110100011101
101110110100011 011000111011101 101101010110001 101000110110000 000111111101010 110010000111011
101111110010010 100100000110101 000011100011111 001011110101110 000111011110010 010111110001011
111010000011010 000011010110110 101010100100010 100100100001011 000000011000100 110001000100001
011000011111000 101001100110011 101010100110010 011010100100101 100001000110100 100111101001100
100101100000110 101111100100101 011001100001100 001110001000011 001010110011111 100011101011001
