6 15 10
30 24 3 25 30 17 14 14 12 14 1 31 15 39 57
48 16 24 58 16 24 11 19 1 19 20 23 14 25 1
22 4 32 20 11 14 29 48 12 8 25 42 25 8 37
25 15 22 16 16 4 10 24 12 42 3 33 62 9 26
23 35 3 3 2 19 12 78 10 5 7 23 15 8 25
37 23 10 9 27 38 11 16 10 40 43 19 34 11 15
32 11 28 21 7 33 12 18 8 27 31 55 3 17 31
32 27 45 48 3 1 11 40 33 13 23 5 4 5 18
37 6 9 50 12 17 23 28 12 3 11 17 45 12 39
15 14 57 9 35 44 1 13 15 21 16 34 2 28 8
25 2 59 23 4 23 42 13 22 30 10 20 6 30 15
18 37 13 5 29 33 33 12 3 17 29 4 33 0 52
21 6 31 12 15 3 20 28 30 15 61 29 20 0 31
52 46 29 9 12 9 17 11 6 29 13 8 19 47 2
24 45 5 16 4 30 21 23 48 34 12 13 37 3 8
48 17 9 18 6 1 24 40 6 23 24 60 9 4 2
31 27 17 20 4 10 12 48 10 37 5 34 29 37 13
8 15 23 2 28 8 21 18 6 13 9 8 74 41 2
9 3 14 28 20 21 27 20 37 30 62 1 3 18 24
16 8 14 8 33 31 11 18 25 34 21 9 16 66 5
3 18 6 4 5 33 29 2 9 29 34 43 25 55 8
15 6 14 14 10 18 63 17 20 15 37 11 17 46 16
1 12 27 37 26 15 22 12 11 27 39 44 1 2 45
26 11 53 26 29 22 28 2 3 28 10 36 5 33 15
14 21 27 27 12 11 59 31 13 8 16 25 6 39 23
21 29 4 13 39 19 20 27 9 10 14 55 8 46 2
4 17 6 21 42 22 5 3 36 0 12 0 42 61 11
66 6 48 8 29 18 20 8 24 11 17 4 11 9 20
15 24 4 12 8 7 3 32 29 47 17 25 30 46 29
8 15 40 7 11 13 25 29 16 4 34 9 47 40 31
18 6 40 26 32 11 9 18 51 53 13 7 3 13 4
48 6 11 34 12 20 32 7 41 16 0 6 20 27 40
11 20 7 20 6 19 3 37 44 19 41 2 34 41 20
17 39 7 45 14 17 27 9 1 3 18 56 29 22 9
7 30 35 5 39 15 38 7 4 1 39 41 30 17 12
18 0 34 61 37 10 22 8 27 13 7 3 8 21 36
12 26 25 2 1 25 53 1 43 3 6 18 23 30 40
16 20 4 6 4 36 29 38 21 44 25 4 11 45 23
48 25 17 39 3 7 3 17 6 14 42 29 2 46 9
35 38 22 8 1 24 29 19 23 15 8 3 5 16 63
5 21 24 9 0 9 7 48 9 69 33 9 20 6 6
9 21 33 12 20 43 20 43 1 28 20 17 41 10 20
21 20 19 27 26 5 19 11 8 3 25 0 21 61 45
6 23 6 3 5 4 13 22 48 60 9 34 18 33 7
15 39 47 1 15 35 6 5 45 6 3 42 12 20 8
21 20 25 53 29 26 5 32 40 22 16 11 20 11 12
11 48 4 0 23 49 16 12 27 24 39 2 33 13 9
11 42 5 4 34 57 16 38 12 29 19 20 14 7 0
32 5 11 4 20 8 31 35 62 37 0 23 3 17 12
2 26 2 13 42 23 7 49 39 19 20 19 27 30 6
27 39 46 1 3 0 14 1 14 39 21 16 21 7 51
39 12 30 17 1 12 47 5 23 48 25 21 14 16 22
7 10 33 15 4 31 19 30 5 2 48 20 9 50 32
43 24 36 9 20 32 28 4 2 2 19 4 21 14 55
23 2 7 40 33 26 8 34 46 35 22 9 30 0 2
18 13 43 22 15 49 31 4 39 21 11 34 16 4 4
1 31 18 41 0 48 10 36 14 11 2 23 1 40 29
46 45 18 13 18 33 29 9 16 4 14 20 4 19 41
20 4 21 7 47 24 15 7 14 0 14 36 40 31 43
12 31 15 23 22 26 50 24 39 2 2 22 40 8 15
111100110100000 010100001111110 010111010111001 101111111110100 011101010101111
011010011111010 100010011100011 110011001111010 110111110100101 100100100000001
001001110011110 100110111010100 111001011101010 110000010010100 011000010000000
111111011110000 101001110001100 101011000001001 000000000101010 111101011100000
010100110011111 000010110000111 011011000101111 011000101101100 010010110010101
100110001111110 001110000000110 101110010110111 100000100010100 110001100101100
011001100011010 011000100000000 000010010110101 110101000011001 000010000001000 010001000111000
111110011100000 110110100100111 001100001001010 100000100100011 011101111100011 000101010000101
110010000111100 111010001110100 000100100001001 111110001001110 011101001111000 101010010001110
111111111010011 111011000000111 110110111100011 110001000010111 000000110111110 000110100010000
101000001110011 011111110010100 111111110100001 010110101100100 100100000000111 110000100111001
011110000000000 110010111110000 010010001011111 111110010000111 001011001101001
100110010010001 101001010010010 111010010101100 100011000110101 111101111110111
110011111000010 110111111110100 010000100010010 001100111100001 011001110010101
100000100010000 001000101011000 000111111001101 100101000000110 000110010110101
001000101100111 010001101101101 101010000110111 010111001101011 111111011001100
101110010000111 100100110111100 111111111110111 010101010100000 110111010010000
100110001011100 101100100110110 101011110011101 110100010100101 011111010010001 001111010000000
001011001011001 100101010111011 000000100010110 111111100101001 010010101100111 101011010100111
111001110100110 111011000110110 001110111000111 101011000110010 000100011011011 100100110011000
011010110010110 110001010000111 110101001100101 100110111101100 011101111001000 010110001111000
010100001110100 101111010110100 111110000111011 010010000111100 011001010001101 000100000110110
101001011000110 000000100111010 000000111110111 000000110001000 111100010011111
111011100100000 111011000111011 011100110111010 111010111001001 110101110000111
011110111101110 110001010011010 000010001010111 100111011001011 011101010011110
111000110010101 011100101101100 001011101000111 101001000001110 101100111011110
001100011010111 000100110101100 011011101010100 011000111001010 101110000110110
100011111111001 011010000111110 000000101011001 011010001000101 110000100110101
010100010110111 010011110111010 011000111111110 110010010100001 101000111110100 110010011111000
111011101000001 000000110001100 100000111110110 111000101111100 100100111101101 000001011100010
101010001001110 101101110101101 010010011101010 010001010011110 111110011111001 001100111110100
000010010000001 111100101010111 110001101001010 010011010110100 011111001000101 111110011010111
010111101111100 001110111011111 001100101001010 101111011110000 100000100000101 001010111111100
110000011111100 101011110011011 011000101110100 010011011000111 101001101111110
100010010100000 110000111010001 011111001000111 111100101100110 100110101110010
011001001111001 010010110000001 011000001010000 110010100100001 100111110011101
000001101000110 011001100010100 001100011101001 001010111100110 011110101000000
101010100010011 001011011010000 001001011010001 101001001110101 101101100111000
000011001010001 010100100111111 000011011001111 011011100101000 001001000001010
100001111011100 010001011101110 011000001000101 111010010110011 011000111111011 111001101101110
111010000011011 001110100010101 100100101100000 011010010000101 010000010000011 111010011111001
011101101101110 110101111111000 011110010001100 001100010010101 110111100111010 010110011101010
100101101100111 001101111010101 101101000110001 011110010001110 010001100001110 101101001011101
100110010011000 100100101110111 110010101111011 011110011111111 111000000111100 001000111101000
000011011110100 100100100100011 111100001100101 000000101111001 101100000010111
101011010000101 111000101100001 011010111001111 011000000100100 101010111001111
011011010110100 000110010010100 001110010010001 001010000111111 000011000010110
100000111001011 000111000010001 000010011111010 000101001001010 001110011001100
001001000110100 100100100000000 110101011010011 111101111110011 110101100110011
111000110000011 110101011001000 011101100010010 001110110001100 011010010111101
110111000000001 101111011000001 010001111101010 111011101001010 111111111001110 011010101111001
001001101111010 011010010101111 100010011011100 110111000001001 111011110001000 001011010100010
010001100111111 101011010001111 001010100101001 000111100001000 101111101111110 101010010000010
101100001100101 110001010000111 100111100000111 111101100011101 110010111010101 001100111011100
011100011010000 100001001000010 110100101001011 100010000100010 000100010111101 010010111101010
110101000110111 001000111100110 001111111000111 000001001101001 000000010101001
011011001000001 000000000011100 100011101011101 111101011001011 100100110001000
101000000101101 001000111001110 100011101010001 111110100101010 010101001100011
101101001111111 101001111010101 110110001111111 010011001101011 100111001111001
001100001010011 011101001011001 010010011100100 101101011110100 010111110000011
001001100001011 011010011101101 111011110111110 110010010101011 110010101111000
111001010101010 010001100000001 000010100111011 111100011111001 111001001100111 101100100111110
111110100011000 010000001010010 011100010100110 101110000110100 010000001101000 101111010011100
101110000110001 101001110110000 010001101110100 100010111001101 110110000101011 011101011110001
010100111010111 110000101111001 111100101010100 110110100001001 000100001110001 111011110111000
100110100011000 101101111101111 011001010000000 001001101111110 001010010100111 000000101011001
001110100010000 101111000110110 101000110011100 011001000000001 010011011010110
000011010110110 011000000010100 100101000110000 110011101011000 100100111100010
001000010001111 110000011000010 100001100111111 100101110010000 011100001001000
001011000010100 110100010101000 010001110101110 110000100001111 110110101100111
011011101011000 111001010101001 001011010100010 110000101010111 001001000010101
011100011001000 010010001111010 111001101111110 111111010001010 101000111100111
100011100001100 000110100110101 111101000010011 110101000011001 001001110000001 001101010010101
011101000011010 100000010010111 101111101001001 101110011100001 101100000100010 011001110100111
011111110110101 101010010111101 111101000011110 011010110111111 010111101110011 000110001110001
110101111011111 001010001111101 101000100010011 000001010100000 010100110000101 111111101010011
110000011111000 010110011111000 101110001010001 100100111000011 001101010111111 110100110101111
100010110100111 110111001100001 011001111001000 011000010100011 101000000000001
001101011011000 111000111101001 001100010111011 101111001100001 110111110110011
001001001100101 001000011000010 101101110000100 010010010001011 010101011110100
000001011111110 010000111100101 110010101110011 010100101101011 011101100000010
001111110101110 010100110110100 001001001101100 110001110100100 101001000111101
101100011010110 011011010101111 011011111011010 010001110110011 110000000110100
000000111100101 000111010101001 100001010010111 101100000011111 111111010101101 001100110010111
101001110111010 101000111110111 000110101100111 000001011111001 001011111110000 011010111111010
111110011110101 011010000110100 000000000011000 010011000010101 010101010111100 110110100101010
111011000010001 110010001000101 010100001100001 010011111011010 100001110001101 111000001010100
110011101011001 100100001001111 110100111010010 111001101101111 110101010101100 011101110010110
111000001011000 111000000100001 011110011111110 010110000001110 011100011011110
001111000001000 110000100001010 110000000101001 010111011110100 011000100110110
001001100011000 101111010100101 000100101111101 011011011101010 100000001010010
101000001111110 011110000000011 110010101010100 100001001000001 101001110110101
111000101101000 111110011111000 111100101100110 111011011010100 110101101010101
000110000011111 110001000111101 110111110111000 100001001101101 100010101101010
100110101000111 111011110100101 101110101100100 110101001101110 011111010111000 000100111010001
010101011011111 011110011110110 001011010011010 011000000111010 011011000111100 001111010111000
000010000111011 100110111001011 000101010010000 101100010010110 100111000011110 011101100010001
011110001000000 000011011110000 011010111101110 111100110001010 000110010110010 100101111011011
010110010011001 001111101110110 000111010101110 011001100110000 111110001010111 101011001111000
101000100010110 010111100001000 100110111010011 101011010000010 111000110101100
011110000000100 100101001001011 100000001001110 001010101111000 011001001110101
100000000111111 110110110000100 101110010110001 001111111010100 101101110001101
001101100111111 101011100100010 111010000011001 010011010011001 110010000000000
101010011011011 011101100100000 010010010111000 100111111001101 011100110100010
011000010000001 000110000010111 000110000010011 000000010110101 110111010111001
100001100000000 010011000011010 110110111101111 111101111111110 110100000101101 011000101111010
110100101111101 111101100010010 111010001010001 010111011000001 110110011011100 001110000001000
001101110010111 010001111100110 110001001010100 110111011010100 010010100111000 111000011001001
110111011101001 001111110101000 110100001110000 111100001010101 101011001000110 001110010110101
111000011101101 010110111010111 100001111100101 011001010001111 110010101000010 111000100001011
