6 15 10
9 46 4 60 3 10 3 8 25 0 11 31 44 13 16
29 26 7 8 30 31 22 39 42 22 8 36 12 20 20
6 68 7 34 13 12 36 16 32 6 17 20 12 11 16
11 39 35 9 4 19 31 60 11 17 12 8 35 11 3
23 9 25 50 16 22 50 28 16 20 16 27 19 15 11
10 54 3 21 19 31 37 27 6 19 16 25 32 17 23
24 43 10 5 3 37 3 16 21 20 28 17 7 6 61
11 40 54 5 21 30 0 37 37 20 6 8 19 21 0
3 3 29 6 23 19 10 56 31 17 25 45 2 26 20
49 49 4 44 24 24 16 3 16 19 32 3 6 10 5
32 38 18 35 3 12 58 27 2 13 4 1 34 9 17
22 18 26 21 9 7 1 6 10 18 4 11 31 66 45
9 26 13 29 13 9 8 33 16 3 70 3 30 25 11
30 16 24 8 26 22 13 30 30 20 8 6 39 10 54
19 12 17 17 17 28 28 33 57 15 10 37 16 20 19
36 32 5 17 13 16 43 13 23 5 8 12 9 1 64
34 24 29 13 5 22 9 12 11 48 13 15 16 29 52
50 15 2 60 0 18 15 10 17 4 8 24 25 0 39
32 19 9 0 19 9 10 14 12 9 19 1 34 78 5
2 9 34 27 25 28 9 39 38 18 11 2 52 20 5
29 12 32 7 32 45 6 46 23 27 12 18 6 18 26
4 13 29 27 19 8 21 39 17 38 42 9 17 20 39
38 39 15 16 43 17 7 1 21 4 36 34 16 3 34
19 0 3 24 28 42 29 28 4 8 27 27 7 23 53
11 2 23 31 22 27 34 32 26 38 8 15 10 39 31
65 35 29 6 1 5 17 15 2 27 11 34 19 19 17
21 19 18 28 34 16 10 3 9 21 65 1 0 41 11
18 23 36 35 0 39 9 33 1 57 26 2 2 8 6
19 33 26 19 25 50 42 4 38 2 16 10 18 3 23
8 7 48 14 12 23 7 3 11 68 26 30 12 3 11
14 53 25 23 19 1 18 37 4 27 12 37 1 38 13
40 10 41 22 9 8 22 21 20 57 2 12 19 21 21
17 36 41 12 20 7 26 19 33 22 13 35 39 22 9
7 21 1 5 15 19 46 29 51 5 14 7 12 50 20
25 10 17 22 7 48 9 50 29 13 8 21 45 3 11
24 28 34 19 35 14 21 4 8 25 14 9 9 47 44
4 8 14 3 5 9 46 43 18 16 13 10 39 36 45
21 2 28 25 27 3 25 18 19 35 54 7 27 33 6
12 37 1 22 26 5 14 3 29 21 50 44 35 9 12
3 26 46 6 3 30 15 1 35 43 14 7 39 24 24
8 38 22 33 25 40 42 9 3 19 6 1 8 48 5
37 29 32 1 13 12 14 6 54 18 29 17 15 33 23
13 45 45 24 6 1 46 5 20 34 5 14 33 12 4
20 15 30 2 16 12 30 11 27 1 42 53 29 13 28
2 3 34 17 35 36 7 11 9 9 40 18 37 47 7
6 34 31 14 12 31 42 30 22 16 39 24 12 22 21
2 36 12 22 3 43 37 22 2 40 5 35 9 33 18
59 23 12 0 3 19 1 8 4 6 3 43 32 30 40
4 23 2 34 45 44 16 20 12 14 29 8 25 42 5
26 17 19 12 35 33 42 32 11 32 10 5 27 38 2
30 55 43 7 4 15 8 22 46 14 9 14 23 10 9
32 13 23 54 29 40 18 8 18 23 7 5 16 21 29
11 25 1 44 4 19 34 0 11 64 15 5 31 1 20
43 39 43 35 18 24 6 5 4 23 8 19 15 32 22
35 15 18 5 12 17 1 39 21 12 58 12 19 16 38
15 31 16 9 65 22 4 51 1 10 9 23 9 9 15
29 18 3 4 23 39 8 3 32 28 2 39 32 37 32
33 5 31 17 4 47 5 48 25 9 10 18 30 17 28
18 14 18 13 8 29 46 12 2 13 21 32 17 24 58
30 15 6 17 4 28 38 15 30 2 19 64 3 6 27
011111100010000 000010000100101 110000101011101 000001001001010 110011110001101
000011001010100 110011100111011 001101110100110 011001110001110 001001010001001
011101100101000 110011010001111 111111101100101 000110001111100 001010010010110
110000101110000 110101101110110 010010011000010 100011001111010 111101100010110
001100100011010 111000100100011 100010000011111 001010101001111 100010100011000
011011111000111 110001111000000 001011111101011 000000011001111 110100111111000
000100010010010 010001111111000 110001010110010 000001010110011 101010001100010 100111101111000
000001100011100 110101100100001 111011101011110 101100100000101 100101000101100 111101011011111
100000010001110 001000100010110 110000001111101 101111101100110 001001010111100 000101110011110
100010010011010 110111001110000 001110011101101 111100011101001 000010000010101 001101110111011
101110000000101 001011001110000 101000101101001 100011010111000 011101111011100 110100110100101
111111011100011 010001000000001 100110000000100 010101001010000 011101010110010
111100111111111 001010110101011 010000000011000 111110111101101 000010111111101
000101000110110 011010010010101 100010100010100 010101001000110 101001010111010
010110010110101 110011110000001 010001111011100 001011001001100 101101111001000
110010100000000 010111110000111 001110101101100 001101100101110 011010100001001
010001000010101 000101100101111 000001101001010 001110100011101 000011111010110
001101000111101 000000011100011 111001000110110 001111000001101 100110001101100 010000011010110
001000101110110 111000001001010 100000101100001 001000101001110 100001010001110 011111001101000
011011000100110 110010100111101 010011000100101 010111010010110 110101001111110 000101011011000
000101101010110 111100001010001 001100101000101 110111101110110 011000000000011 010011111110011
110000111111000 011010101111011 010000000000010 000000111100111 100111000011000 100001101100001
101000100100110 000010010010000 100110000001001 100111010101100 001011101000110
111010001110101 110101111111110 101111001010001 110110000100001 111000110111001
000000111010000 011101001011011 111010110101100 100010011111001 101011100110110
000110000001000 010111100111010 010101100010010 101001101010111 100100011110100
100010000110110 010111101110010 000101101100001 110101111111110 111101110111111
001000011100000 101010101010001 110110100011001 010011101110101 100011101001001
000000001110100 011010100010110 110100101100010 000111011110011 110100111001000 101011011111110
101000110001011 100011011000010 001101010010001 111100110011101 000011100110010 010100100101001
110010010111001 011011001001000 110001001011000 000110101000000 010010101110111 100101011011111
111000111000001 101101101100100 100000111000110 100000101011001 101001110010011 100110010111001
000110100101110 011011110110110 011110010100101 011010100011011 011110011110000 001111110001001
111100100111100 011001011100110 100110001101010 100001011010010 101011000001111
000001011110100 110100010111000 000110001011000 110101110101110 110111111110110
001110001110000 110101101001010 100011100001101 101100101001001 100101100100110
011100100110010 101110011001001 011101001001110 001101100010100 110101100011011
100111011100101 110011000101001 001111010111011 101001001010000 110111000001111
100101001100111 100010110011100 001011001010111 010000000001110 010111100100111
101101011101011 110110011111111 111111110111010 111001001000111 101001110101010 011100101100111
011010010000011 001010001100000 101001000010010 010111111010100 011001100110100 000011101001110
011100001011111 000000001100110 101011110011010 101101010111101 110010001110011 001111111110111
000011011100100 111001011000110 010110001000000 001100001011011 000110110101100 001000100110101
101001111101111 011010011110101 110000100010001 110000101010010 101100110001101 100011001111000
001101110011001 001101001001001 110111011101100 000101000000000 010101000001001
110000101100011 010001111101110 011100000011000 001011111111000 111011011000100
011100100111010 000110011100011 001001111110110 011110100001100 100001111011011
111001110001111 100001110100000 001101100110101 001010100101111 001110010010111
010010111010010 010011111111111 100011010011000 100000100000111 111111101000000
111011101110111 000100111010000 111001001011011 111110110101111 010101010000000
101101000111101 101110011010011 010100010110000 101001001100101 000011110101000 010101010010100
100100001101011 111100110001101 001001111010011 101111011001001 011100110110110 101111110101111
111110100111110 110110011011111 001011000001110 110100111001000 011011110011111 000101001111001
111011111101110 100101111011010 110100010011001 100000011010110 001111100001111 000010000101101
000100100101001 100100011111011 110010100110110 001000001000000 110111111011001 011101110101010
101110100001100 010101011011100 110001111100110 011101000101000 100000011010110
100111010111100 011010101010010 011000111000010 011100110000101 100001110010110
000001010010011 011101001000101 010100111010100 011110000111110 000000111110111
101001001111111 100010001101010 000011111011111 011010100101000 011100010010100
001001000011000 001011111100110 010100010011110 101110011101000 100110011001110
011011001011110 101000101100100 110110011100110 110100011111101 100100100100010
110110011011001 111100011001011 011001000001111 101100011011010 111110111000000 010001000011101
010110010010001 100001000001001 011100000110011 101110001001101 000011010100011 000100111001110
011100111100001 011011101011110 001010011101010 101100010011011 111010100111110 000110011110101
000000111001010 110111100001011 001011101101001 011110010011001 100011000010010 000111011111101
101010110111000 001011111010011 001110111011110 010111101010011 001010111011101 000100111100101
101000110100101 011000001110110 100110011100011 100101101101100 000010010111111
110101110011011 011001101000100 001010000100000 000000111010001 011110001010110
000110010110001 100110101000111 011001011010101 011101001100001 101111000010001
001100000101100 111010011100010 001011000010011 101111001001101 111111101011010
110011010010011 110101100111100 110011100101001 010110011100001 011001001011110
111100111011000 100111000101000 010001101011100 101011011000101 001011111001111
100111001000111 010111011110000 001111011000010 001010001101101 001010001101010 000000110110101
110010001111111 111111111101101 011001011110010 001010000011101 110011110010010 110010110001001
110001000011110 111000100111110 110011100011010 010011010000010 011100101101010 100101101110010
000010101010010 000101111110011 100000011110101 100000011100100 000100111100101 010100101100110
010111011111111 101010010100001 101111010000100 101101011000010 001100101000100 100110111100100
000110110110010 100110111111011 010111011010101 010011100000010 111111000101011
110111101101011 101100000000101 001100101111011 001011111011100 100000000000010
101001001110010 000101011110111 011101100001000 010110010010111 000000101011101
101100110001010 111101000011111 000011011001110 000110001000011 110000101110000
101101010010001 010110000101110 111110111001010 100110001010101 011100110000010
010000110111111 011001100010100 000100011110100 000011100000011 110010101000110
100100000001001 001010100100011 111111011110010 010100000001101 110011111010011 001000100101011
000101111100100 100011101011100 110101101010111 110100000100001 000000100110000 010001100111111
100000110110001 001001011010111 010101010101001 101011001000011 010001111011100 010011111001000
000011101111110 001100010000101 010100110000011 011110101010010 001011101111010 100110101010110
000001001000111 101011011001010 010000111110011 101000111110110 101000101100110 000100000010010
000100010110110 101100000101101 010000110100100 010111100100100 101001100001001
010100010001001 111101110001110 010000110000011 101101101100100 101001000011010
011100101010111 101111111011001 110100010100101 000111101001011 111001010011000
100010001000100 101101101000110 100100100001001 001000100101000 100010000111011
110111100111001 011000010001111 110011110101110 110100000000000 011001001100011
011010001100100 110010101111111 000111011011000 100011110001111 011011000110010
111001001000100 000111011110000 100111011100010 001110010100011 101000001001010 101101101100100
111111000010010 111010001000010 100001010010110 010110101001011 101011000110110 111101110010100
101011101110101 101000110000000 011001100111000 111111001111101 010010111111010 011011000001101
101101000100000 110011100110111 010100101111001 100101011110000 001110110010000 101110101010110
001110110110000 101000000101111 100010001000110 010100010011100 101110100011111 010001001101110
110000001101110 101000101011011 100000100110110 011110101010001 111100100100000
101110010011010 000101111001110 101101011101001 100110100011101 011001000101000
001100110011101 100001101110000 111111110111111 110111011110100 100101010101101
110101011100011 101111111011111 010011100001010 000100000110110 111001000000010
000101111100010 000011000101000 100010001000001 111010010100111 000011011010010
000110000101011 110101111101000 001010001000001 000111010101111 001001011001011
111001010011010 000111101010111 000001110011110 100001100110010 110110000011101 110000111000101
001011001100001 101110100100110 110011001100001 011110100110000 101101100101000 010100001001101
010001001101101 100011101000111 000101011011101 010110101010101 010001100011101 100010010010001
001111100111001 101010100011110 110010110000101 001111110000101 001001111111000 101011000010001
111110000100000 100110101110000 101011100010011 011000000011111 111000010101110 011001100101100
