6 15 10
12 12 29 61 43 21 20 19 15 4 24 0 10 18 31
30 46 14 10 18 18 18 28 11 38 29 9 10 44 21
2 13 12 17 41 6 13 13 1 20 6 21 54 8 59
19 7 21 8 19 5 46 41 5 27 56 31 3 9 3
42 19 6 10 14 63 9 16 14 7 29 19 9 9 40
20 3 2 21 0 24 15 16 29 5 15 38 45 60 3
56 1 17 38 35 9 5 8 19 35 31 6 3 18 28
6 39 1 20 35 24 11 4 26 5 28 27 41 20 43
7 26 5 40 3 5 12 15 40 41 6 29 27 37 33
4 13 49 49 24 14 36 6 9 24 6 1 4 41 23
26 10 27 31 0 21 22 43 37 16 26 17 29 36 12
12 7 39 20 3 30 38 48 26 31 1 19 16 28 15
18 21 23 35 14 2 15 30 33 9 39 4 2 17 56
15 37 1 2 31 24 39 4 7 36 28 5 47 17 27
42 28 35 23 22 5 2 15 11 25 25 18 41 24 32
13 27 8 11 43 45 11 32 6 5 10 17 47 28 21
8 8 13 22 16 16 47 20 10 4 22 43 35 48 15
24 4 34 34 23 18 25 24 23 10 45 25 35 14 20
11 7 44 38 43 13 6 3 0 27 8 27 8 35 39
3 1 7 11 30 4 28 8 3 7 50 41 18 59 9
20 35 3 24 16 45 3 21 3 28 19 20 54 17 18
28 33 20 17 44 17 30 23 14 19 9 30 9 47 5
5 14 38 31 13 52 7 2 6 9 16 3 22 23 55
26 67 23 19 33 22 12 3 7 4 15 7 15 18 35
6 29 26 21 7 15 6 25 54 15 38 18 22 42 8
32 25 8 29 6 10 6 18 46 8 68 4 6 9 10
56 62 3 18 21 10 12 26 4 20 5 21 11 1 18
8 9 31 11 22 23 12 20 10 16 43 16 66 8 19
1 11 22 31 12 20 15 43 5 12 13 7 27 61 33
13 29 11 24 21 7 2 23 19 61 39 2 27 17 25
10 19 16 6 13 41 22 58 22 39 13 5 24 5 27
8 11 1 37 35 25 6 36 1 5 3 38 18 51 31
36 9 38 7 29 11 28 35 50 7 7 1 31 3 26
3 20 34 22 4 44 8 22 28 10 51 5 10 35 24
64 27 9 5 38 19 20 4 22 9 6 7 22 16 39
29 12 16 13 3 66 30 17 9 23 35 6 12 19 25
17 13 8 24 35 6 36 4 3 52 31 18 6 48 5
34 58 26 14 18 0 37 18 17 2 25 29 27 5 8
13 7 32 5 1 61 1 31 20 14 5 17 50 23 3
6 25 12 1 24 19 10 17 45 19 34 21 52 27 22
15 12 6 30 39 14 1 38 24 22 6 13 48 45 3
5 29 22 21 19 20 23 28 8 40 47 34 15 25 15
1 35 21 3 3 27 41 1 26 40 17 24 50 5 14
28 2 56 49 14 13 6 35 3 11 10 2 11 39 8
22 5 29 43 16 14 18 19 25 32 7 33 44 30 3
24 5 2 23 17 18 51 10 22 34 40 5 36 15 25
10 32 4 29 22 8 7 0 23 36 16 5 16 27 66
2 12 42 12 20 16 19 11 37 14 42 45 36 13 2
1 66 34 3 4 40 1 16 23 9 21 17 17 27 14
12 21 39 6 5 19 1 6 15 12 12 52 3 54 35
22 22 38 44 37 30 36 4 28 11 8 2 18 28 6
23 18 33 19 20 26 54 33 11 9 13 15 6 41 18
35 9 8 28 42 12 4 54 33 14 5 23 13 29 15
17 13 4 13 15 24 5 12 2 80 20 36 1 2 14
22 19 4 11 37 32 39 29 36 12 48 13 12 13 6
13 6 21 3 45 11 4 2 34 31 60 14 1 5 34
3 40 7 26 51 3 57 19 12 2 15 14 8 12 25
12 58 13 16 11 16 37 32 11 21 26 3 43 5 11
16 21 6 5 28 5 2 1 31 11 9 2 77 26 27
14 7 8 4 5 25 43 20 43 12 26 12 58 22 13
000100011101001 001111010101001 001011100011000 101111101110100 001111010001011
000110100011110 110011110101011 010000000010000 110110110011001 100011101101110
001000010100000 010101011011010 101011000011110 100010000111101 110111010010100
101011000110011 100010101110111 100010011100010 000000010101111 010010110110010
110110101000111 101011111000110 110011100101011 110011101000000 110100101101011
010110110010101 000010001101111 100001011000010 100000101001101 010100100110100
101110110010101 011110000010010 011011000001010 011001101100100 100011111110000 110101101111001
111100010110110 000001101000011 101110111100101 100101010001111 000011001100111 101100000001100
011100001000010 110010001001001 011111111010000 011000101100110 110110100110100 001001111010111
001101011011010 010110100001111 001010000101010 111110000110111 000110010011001 010001100001100
011001110010001 110011000111011 000100001110001 010000111111011 010011111010011 101110110101001
011001001001110 001000101101111 010010111111101 011111001010101 000100010001110
110000100110111 001110010001110 100001010010001 111011010000100 110011111110111
000101110001110 010100000011100 100000110111100 010011100111011 001111101000010
100111011101010 000110111101000 111101001010001 111001010111010 001011110101010
110001001001001 111111000100111 111101111001110 011011011110110 011110100100111
010010111001010 001111101111110 010100000111011 101100001001011 111110110110111
101000010001101 110010000001001 001111101010001 110111011010000 111110011100011 101111011111111
000011111100001 110011100011110 100000101111110 010000010110011 011001010101000 110011010101001
010110101010111 000000101001101 011000100001000 110000110110001 011111001100011 111010001110101
101010111111010 100011101001011 101111010111001 011000001101010 110000101001000 101010011100101
011101110000101 010100110001001 000111100010011 111000010000000 010110110100101 100101110100101
110010111000101 010011000011101 101111101001110 011000100011111 111111000110010
101000011010010 101001111000110 100111111100000 100011011111100 101101011010100
000000000110000 001010101011111 110100010000111 100110000001001 001111011111001
000000101101110 011100110100011 010011110001001 011101001001101 001111110000101
011001100110111 100100001011000 011100001101101 011011000010100 001101100000111
110101110111100 111110101111100 110000101111011 001010001100011 000111111111100
010001011011101 000101010001110 000011111100001 101111001110001 110010100000100 101100100000001
010101000111011 100101101101100 011000101111111 111100110111100 000001010100010 101011001111101
110011100101100 110100010011110 111110110110011 011110001101000 000111100011011 111011001000100
100101101100001 100111011010100 100010010011101 001100111111111 010011000110111 100110000001010
010001100100100 010110101011000 110001011100101 101110110011100 001010000110000 100111101000101
011010101110100 111011111011110 101111110010111 110110001100010 101000011111000
111110101101111 111100110000011 111101100001011 000011101000100 110111001111100
101100010100100 100011111100110 100111111100100 011111101010100 001000101110000
100010101101111 100010001010000 111101000110010 011001001010101 111101101111100
101111110001110 001010000100101 001010000100101 000101111110100 100110111011110
111000100001011 011100101011100 111011101001011 110101111111100 011011000110101
101010111010001 101000000101111 111001110000100 010100111110001 011011001000001 011110011110000
010100110111010 010111011111100 110000001101101 101100010101101 011100100100110 111101000000011
001111100011101 010011100100010 001001110010001 111100111100000 010111111110111 101000011011011
000110100010110 111110110010010 111111011010000 110101000001001 011110110100101 111100101101111
010111101011100 100111101000101 001010010111000 010010001011000 101101000101101 101101011100010
100110011011000 111111011100011 110110000011011 000101101100000 111011001001101
000010101110101 100100111001011 001010100010101 100001001111010 101111000000011
101111000010011 000110011100100 010010110101010 000111110100010 101110100101110
111001110100000 011111000000100 010110011110110 000000011001111 001000001010100
011010100100110 000111101000100 110000110111111 100100001010111 011010110111110
101011011000111 101011101011000 111110001000000 101111001110100 100001111000111
101111000101110 011001000010010 011001110000110 111011110110000 011110001010100 110100101101010
001011001111101 100101011110001 100011000101100 110110101111000 011011101100101 100101001110001
100110101110101 101110011110110 110101100100001 011011110000100 010110000011101 011101000111111
101100010000100 000111100011000 011010101011101 000001101101010 100001110010000 001001010001010
101000101000000 101010100010100 011010000001110 001111001010100 000110000111101 111100111100111
101100001000111 000010111010101 000010101101010 011110110000000 011010101110111
111011110010101 000111111000111 110100100011001 110010101101000 100000100101001
011100110011000 011010010001011 100110001101100 001110110101101 011100110010111
000101110101001 000011000100101 001101011111001 110000010101001 010011010000110
011001001100100 100111100111111 010111011001010 110001011111110 000001101110000
000000000110011 000011101100110 111110110111101 000101010100000 100111001110111
111011001110010 100001111111101 011000110000111 010101011011101 111111111100100 010011011111100
110101010010010 011110000100010 110001100000110 000110100010101 110011110001010 011100101011100
100010001100010 010100111011110 100110001001100 111111011011101 000111011000011 010010111110111
001000101110100 000011110000101 000101011001110 110100010100011 011110110010010 011010000001110
110001111010000 100011000100010 111001000101100 010110111000010 101000010100100 110111101000101
010100000111011 011100111100010 011000110100000 110100100000000 111001110101111
101111101000011 011110011010011 101111101111100 101011000010101 110111101011110
000011101100001 000010001100110 001110101000110 100001101000011 111011110000100
100101110001111 100110011100100 000011100111101 111000101000110 110100000011111
010100010001010 110110100000111 010110011110000 010001101110011 110100101000101
110110100011110 000111111101010 111011100100100 111111010000101 011100110011100
010001001111010 110001110001110 111110000010111 110111101111100 100010100000101 110000010000100
111111111001101 100000110001101 101001101110000 100100101100110 001111000011010 010110110000001
100110100101001 111000001100101 101000010011100 000111001011101 110001010001001 001101100001011
001000100101001 110100000110010 110011000010100 100001011100111 001110100011000 001111001100011
000011101010010 101011101000000 101011110001111 010010001011100 001011001101010 100001101100101
001000100110111 001010101110001 101111100101000 100110101111010 010010001001001
110111011010101 111101000101100 101000011010010 100100000101110 010011011101100
011110001001100 001000001001100 011100011101110 011100101100100 001001111101000
100010001101011 110010010001111 001000001100101 010011001110001 000110010000011
000101011111100 111100100001110 000101111011100 010111001100011 010111110010100
111000010011001 011110010100000 011100101101010 101100110000000 111000011011111
110000010110010 010000101001110 000110011010001 111011010011111 101000000001000 000111110111100
001011101101111 110011110110010 010000100000010 001010010011100 111000110000100 011101110101011
111100110000011 100111011010111 110110111111110 101001110110010 010010100101111 000110101001101
010111110011011 110011100101111 001110100010011 110011101000100 010111011000100 100110000011001
111100011110011 001010010110000 010100001001101 001100111101110 100111011001101 101101101001101
000100001010110 000100110000010 101101100101000 110101001000100 011111100001111
101010101101110 011100001000100 000110001011011 000101010011010 010101011001111
010010010111000 110011101100010 100001100111011 110000010111010 011111010010001
100110110010101 000101000110000 000110001011010 110100111011101 100011101001000
011010001011101 101000110010111 100000111101101 010001010100111 001100000111010
010101001100101 101001100100011 010001011101011 101010000110000 110011000111100
000100010101011 101011101101110 101110101001001 101111001111000 011100000111011 001101001000010
000111110010010 111111100010000 000000100001001 100111011100000 010010111001111 011010000010001
111011001011000 110101101100010 011111000110010 010011111000010 001101111010100 010111100001000
011111011111000 000110000101100 111101110001111 101110000111011 110101101111111 001110001001001
000111111000000 010100010111011 001010101001101 101010100000111 001101010011101 011101010011111
110111100000010 111111111011000 101010111101000 000010000001001 010011101111001
000000000000100 001100000100111 110110111011010 111110111011111 101100001000000
011110001100001 111010100010000 000001111010000 010011100010010 011000010100010
001011011011111 001001101101000 111000100001110 010011010001001 100000011110111
101000000001010 101001100101000 011001110111111 110111001110110 101110011101101
111001010010010 101000001100001 101010110001110 010111101100110 001101000010110
101000010101100 000000110011110 010011000001011 010010101100111 000000010111111 100001100100010
001110111011101 011010100000010 010101001111100 000100000100001 111001100101011 110000011101110
111111101000011 110111010111010 001000010110101 110001000001000 100100000000101 100101100100010
100010010001110 001010111110010 101011001110000 100101000101000 101011101010010 000011011001011
001100010010000 111011111010101 110011100011001 011101011100011 010010001011111 111100111001011
