6 15 10
44 22 2 21 6 45 17 39 17 19 8 22 31 28 18
14 11 38 42 44 20 37 13 25 9 22 35 2 0 15
58 22 2 21 13 12 9 12 8 23 38 19 9 20 48
15 21 23 3 3 19 28 39 3 68 16 20 26 5 6
13 40 40 20 28 5 7 2 25 32 37 7 17 43 11
6 10 31 8 28 14 5 35 50 39 21 37 16 15 16
48 50 29 16 14 19 15 9 7 28 0 9 45 6 16
36 8 46 60 12 14 19 2 22 5 15 24 24 9 13
13 31 13 45 42 25 17 21 39 23 7 23 16 17 20
5 0 32 25 19 20 22 4 10 7 77 11 23 16 11
17 9 68 6 6 7 31 19 11 48 5 4 17 20 18
1 27 0 17 10 15 20 15 22 6 13 52 58 25 24
20 19 10 45 18 9 39 22 28 1 26 22 16 47 11
34 33 28 6 58 7 7 4 26 22 7 33 13 22 20
1 37 2 35 11 13 8 22 28 15 43 25 55 2 3
34 9 31 19 5 35 54 14 35 10 3 21 11 33 12
44 26 5 29 23 2 31 29 3 0 39 8 22 12 44
34 44 28 12 2 41 46 1 17 15 15 13 7 23 23
44 17 65 10 16 33 11 2 5 3 10 7 29 28 12
24 33 11 31 12 11 5 50 17 12 4 16 2 16 59
10 14 16 36 52 47 19 24 7 27 2 19 8 26 22
35 13 17 33 44 18 9 31 5 31 25 19 41 15 5
1 0 13 1 6 11 47 51 44 13 23 28 22 31 5
59 6 24 37 24 10 11 10 5 20 34 31 25 18 12
10 14 38 43 30 7 26 38 18 21 2 11 26 35 25
12 11 8 26 6 4 37 41 12 40 1 1 24 32 50
5 17 16 40 21 10 4 18 14 17 3 73 11 27 13
28 7 21 26 16 23 13 35 30 52 1 25 30 14 21
28 7 14 30 15 20 0 37 38 2 20 40 16 18 47
7 42 24 18 53 20 2 20 20 11 8 12 50 15 13
31 6 40 27 25 28 4 4 52 25 4 4 31 30 9
21 38 33 6 17 31 1 9 40 42 12 18 10 0 40
1 4 3 8 20 3 21 27 36 34 23 45 15 22 51
35 1 10 43 15 12 10 3 14 17 25 4 48 48 23
19 29 11 4 40 30 10 2 56 32 8 30 18 22 10
33 36 17 37 3 21 31 28 41 38 6 13 12 5 17
7 19 49 1 15 5 15 20 35 6 40 1 3 44 39
15 13 15 50 9 6 23 63 1 22 25 14 20 21 9
5 43 1 11 4 29 9 3 17 51 5 24 26 23 49
8 7 9 2 30 27 60 8 21 47 19 1 26 24 16
34 42 33 19 19 24 3 1 12 20 11 37 0 44 27
30 38 9 11 16 58 11 12 10 40 17 30 24 7 5
14 10 0 14 9 26 15 20 46 28 62 36 12 6 3
18 33 20 27 10 28 35 35 24 7 27 14 1 49 17
40 22 16 16 41 10 0 42 16 14 9 34 2 29 36
44 40 18 14 7 22 26 21 4 47 1 42 4 6 15
2 72 9 9 10 30 29 33 16 1 9 9 12 4 34
15 28 11 41 1 33 8 26 14 28 10 25 46 18 37
39 14 7 42 29 28 9 25 16 36 11 44 10 11 16
35 15 14 4 12 1 72 20 36 8 27 11 12 11 6
3 31 4 24 28 28 18 4 51 15 18 24 39 34 5
10 33 26 19 57 37 11 15 17 11 5 32 25 25 3
5 49 12 12 45 20 33 7 7 10 40 6 25 18 31
57 3 30 41 18 12 13 9 17 35 6 39 11 18 2
6 19 6 53 1 16 33 17 7 38 12 47 18 10 28
48 21 10 61 25 6 23 37 2 19 19 4 1 11 7
55 6 37 58 8 25 12 32 3 6 16 1 1 3 1
4 21 37 16 23 50 5 6 9 6 20 31 50 17 22
21 1 34 27 53 6 21 14 9 30 21 38 15 23 24
8 52 8 21 27 22 4 43 18 14 25 28 34 23 8
011001101001110 111010111011111 010001000110001 001111111010010 010100001001111
011101001100010 100111100010011 111101001111111 101010011110110 010111011101010
000100100100001 000001101011110 101000010000011 011101000001110 111010111010010
010011000010110 011100000001111 001000110101010 101000110111000 110001010110010
000000101101001 111001011000001 000000100011111 111100010101000 000010111010100
010101110001101 110001110101000 110101111100111 111101101100100 111010101000110
001111101100110 001010101010111 011100100101010 011111000111111 000111101111011 100111000100001
001011001010010 101001100000100 101111010011011 100101101001011 111011010111101 111111010011000
010000011011101 001100001010011 000100101100101 110011010100111 110100010110010 100001111100001
010000101100000 101000110101110 111010101110100 011000011101110 001111111101000 010000010111101
000001100101010 111010010000001 111001111101100 011110100010110 101000101001000 110010011100010
111100101100010 111110111100111 010111110100010 001110110110011 001000000010001
111011011100011 110011010110110 100101111110011 111111010100110 101001011100101
010010011110111 001001101000000 111010100010101 111001110001010 110011101110000
101110000110000 101010010100111 010011010111111 001111100011001 001011011001000
001011101001011 010001010000011 011100100010110 110100010001011 110010010111101
101101101000100 010011110101110 000101011101011 000001001101010 010111101011101
000101001000100 111001010010000 101110000011001 110100101000001 010011101001111 011011110000100
010101100111011 110000100100010 100010110111100 111000011111011 101000100111010 001000010110110
100011111100001 000100001010000 000011000011011 010000011101100 010101111110010 011011101101010
110001101110001 101111010110111 100100110111110 001111001111001 110000000011100 110011010101010
101101100011101 011111110100101 100101110111101 101101111010001 111111101101000 011111010000011
011011010100011 111111010110111 011001000000001 011011001010111 111001101111110
100110011101111 100110010110001 010110101101101 001101000011100 001111000000001
100000000011100 110101111111100 001110101011110 100100000100001 110100010000011
101101010101110 011011100011111 010111110111000 010110011011111 100111111010111
110010010001001 011001010000101 001011000111010 110010000101011 110011111101101
110100110111101 111110011010100 011000011100011 100110000100101 011001110010101
101110010110101 001110011010100 011101000110010 001100011001011 100011111011111 111110001101111
000010010001001 100101100001000 111011101100000 010111111011110 011010010110001 001110101011001
000010001110110 001100111011001 100010001010010 001010001000000 011001110001100 001010101001010
101101010001000 011001111111110 100101010001110 001111011110001 101100101111001 110000110011010
100010001011011 101010011101101 111000110101010 101000110111100 011001000101101 111110011001010
011001000001110 011011101000101 111010011110111 111001011011101 001011001101111
110100010011010 100001000110110 011011110100011 001111101110011 101010000111110
000110000010011 010110000001000 001011010111110 011011101001010 110110111011101
100000001011000 100100100100011 110000111110100 001010100101110 010100101001010
010101000011001 100101101010111 111010001001001 110010000010111 101110100011011
111010011011100 100110110111010 111011110011101 001001010111011 111010010110010
100000010101111 100111000001010 011001101010110 000100101110100 110000010111111 001101011110000
011000110000001 000110010000010 000100000010100 100010100010101 000101110110000 011110100000101
110100001100001 110011001010111 110111100111101 000010110011100 000001001011111 000101010111000
111101110010111 110010000111010 010000001001011 011111101100010 001101010101110 111010010000001
100001101111011 101111100101001 010011011110010 111011010100100 100010010001001 010101101001011
010100101000100 101111101001000 000000101100001 101011101111011 000110111001110
100111001100110 011110001001111 000100001101011 011100000010111 011000000001001
111100010001101 110011100110111 101000010111010 101100010100111 101100110111101
111010100000101 100000001111111 100010100100010 101010010010000 100110000100011
101010111110001 010100001011100 001110110001110 110111010100111 101110011110111
111000011111101 110110100101011 110101110000011 100000010101011 100000111111101
000111010100010 001111001010100 110110010101100 100100011101100 011010110101000 001101011000000
010111010010000 011000000110111 001111110100110 111010001000101 001111110010100 000111101101000
010111100111101 101001101101110 000000110000000 010110000000000 001111111111110 100000010100011
100100100000001 001110001101100 111110110110100 101000101000001 110010101010101 011111101100101
010100010100000 001010110101100 010111111001111 101010000101101 011011100001100 000110010010101
010001001010110 100111110111011 111011110100100 001010111100100 000000010010000
111011110001010 010001000000101 111011100010000 011000110110110 110010000010111
001111001000001 110011011101111 011010110001101 000101100000111 110111111111011
010100111111010 110010010001100 011111100110101 101000101101000 111000111011101
100001000000000 001111101110001 000110100100100 010101100111010 100000100000010
100101011000000 011101101001100 001100001000100 100111110111000 111000001100010
011010111001101 110000001111000 111101011100100 001000010111111 011100111111101 100100000001010
101100010101101 011000001110101 110011001010101 100011011110000 001101110101000 000111101110011
100001101010110 001100101100101 010110000110111 100001000111101 010111111110100 001101110100110
110111010111010 110111000011110 111110011011011 110111101100000 011011110010100 100001111001110
111001001011111 101110101001100 001011101000110 100111000100101 011001110111010 111011010101101
111000100010011 011101101001011 100100111110001 100100111111010 101011100011111
111111101001110 110100101111011 010001110001000 100101011110110 001110100001100
111100001011010 111101010101111 101100110010100 010010011110100 000000101111001
100101100010000 100110001010101 110010111100101 101111101010101 111011000001000
110101110010100 011010001101000 101001111100100 000000100111011 001000000000010
111101111000001 100111010001111 000110000100111 001010111110111 001000101110100
000000101100101 101111111000011 101100101001011 010101001111100 110111000110000 111101110011010
010101100110100 101010111000111 000111100010011 011100000001010 101110000010010 000100111100000
101000111001000 110100010000001 101111001100110 000101110110000 100110111011111 100000110111011
111001001001011 111110110010101 111001000000100 101110110111011 010010000001110 101100001111010
010000110101111 110110101010001 101110000100001 111000110110000 111101001010100 001111010101101
001101010100011 110010101111101 111111100001100 101111011000000 001100010100010
010011111101011 001111010101101 000111011110111 100010101111100 101000000000000
101101011110000 010101111001001 101111101111010 011000000010100 100110010110011
010001011110011 110000000101100 001000110001111 101000001001001 111111001101010
001010110001010 010111001101011 011110111110110 010110011011110 010100101111100
010010001110100 010111100100100 110110000101110 000000001100000 110000010101001
010010001001001 010100101010101 101110010110100 111110001010101 100111001100010 101011011111000
101110111011011 001111001010011 001101110001010 000111111110111 100011110110010 001001101011111
101111000100100 011101111111100 000010011110101 110100111110010 010110101101101 110100111001101
001000010001000 111110101000000 011000001000111 101011101101000 011010111010010 000111010011010
001010011111110 101011000001110 101000000110101 100100010011011 000001000100111 001100111101111
010110011101000 011010100000010 000010101101110 010111000100010 001010000000111
111010111101000 100110011001001 110101010100101 010111000101000 011110110111011
001001010010111 100010100011011 101101101101111 101010011110001 100100001111100
100001001111000 000000011101100 010000110100010 011010010101110 110011001101011
000110100000101 010111000001010 110000000110000 100010000101100 111011001111000
101000000100000 010101001100110 010010100001011 111100101101010 111001110010011
101010001110101 111000111011011 010001101010100 101010100111100 010001101100001 010010010011110
110001101100011 000101110101000 001011010001111 010110101101100 011011111110101 110111110001111
011001110100000 110101101011001 001000001110111 000001000111110 111011011011010 010001110111001
001110000001110 100110100001001 101110011000110 100000010011001 111000110110100 101101111010100
011011001001010 001100001110010 110101111000101 101001010000110 101010111001100 001000001101111
101110100110011 100000000001110 010100011100101 010001101100010 100000010110111
100010111100110 111111110110101 111100010101011 110010100001010 010010000110000
001010000001010 001100100101100 010000000100000 101001011001000 001110111001000
100000001101010 110111110011100 111111101110001 000101011110000 111001000000111
100011011000001 011101111110001 111010100001110 011111010100000 110011101111111
011010101111010 000010010101111 010100001110011 001101101100110 010011100110010
101001101011110 101110000100111 000100001110100 100100110000001 101000110000110 001000110100010
111111111011010 010100011100111 011000100010101 110100010000110 011100010000010 111011101111110
111001010100101 101111010101000 011010111101011 100000110010100 110011001000010 001110001010101
101000100011000 001101111100000 010011110010111 000011011000111 110110110111000 111000100001110
110000010110001 111010010100100 110000111010101 111110110011000 010110011110011 110000101111100
