6 15 10
23 31 42 36 50 9 24 14 4 11 30 15 22 20 1
28 2 41 6 13 25 9 3 53 6 12 14 53 9 23
25 5 10 19 18 5 38 29 4 35 15 38 36 0 46
57 28 14 3 31 13 17 41 23 11 36 5 16 12 20
22 14 37 22 14 10 6 17 19 37 36 35 37 32 14
24 23 2 35 5 26 17 39 16 11 66 5 8 8 19
40 16 25 24 25 13 19 31 28 28 3 48 26 14 2
59 25 24 14 4 26 5 25 46 13 36 3 2 0 14
33 30 23 14 57 25 10 47 18 1 7 19 4 19 1
25 47 28 12 2 26 15 19 8 35 33 49 8 11 4
38 40 18 30 5 1 21 38 20 4 6 36 45 9 1
9 5 48 4 1 32 9 20 34 32 53 17 6 12 25
6 33 38 29 1 9 26 27 44 18 28 7 31 14 30
13 7 28 33 9 64 16 16 24 9 7 30 15 35 13
6 7 16 33 52 0 35 22 29 34 13 42 10 11 6
6 23 8 51 33 39 5 12 20 7 35 6 7 23 41
12 3 31 34 54 12 21 10 5 1 35 17 18 20 43
28 6 12 3 17 3 38 30 11 14 20 43 3 60 14
27 45 20 20 42 36 19 3 28 36 28 0 13 6 5
35 17 33 26 24 16 69 13 24 21 3 3 5 2 2
17 28 12 57 40 0 39 16 7 38 2 16 19 1 4
48 7 3 21 26 49 1 17 9 39 9 16 34 11 23
24 37 9 27 9 19 26 56 6 20 27 22 12 31 11
20 38 24 12 36 21 27 15 4 1 66 15 3 9 9
41 11 22 16 2 22 43 58 5 11 12 28 26 2 5
34 9 2 24 22 11 57 2 35 29 19 6 42 3 9
24 36 15 12 18 10 29 2 4 68 2 33 20 0 20
5 22 20 6 6 55 11 3 19 10 11 8 64 3 34
21 13 11 16 33 63 15 17 5 24 32 30 18 21 9
53 9 28 0 8 32 56 2 27 18 1 11 10 16 25
30 33 5 0 15 26 29 23 42 24 14 18 48 23 5
22 13 29 37 1 21 35 15 39 27 16 34 33 16 15
26 7 12 31 9 27 17 7 33 56 24 17 41 15 9
5 42 11 39 1 14 49 30 28 17 37 15 18 5 12
42 16 18 5 23 7 16 36 5 27 21 7 10 64 9
20 6 0 59 54 28 5 16 2 3 7 28 34 6 1
16 8 59 21 2 32 19 8 1 24 3 20 15 18 52
6 10 18 26 3 26 13 40 5 17 22 51 33 45 1
6 55 35 22 6 9 33 10 27 33 32 7 3 11 32
1 25 32 5 13 32 14 7 15 62 29 18 3 9 40
34 5 8 15 11 3 49 2 25 49 26 21 41 12 5
21 25 19 67 38 5 22 8 15 1 14 7 30 12 24
15 25 25 28 6 7 3 47 23 11 5 66 7 16 13
27 9 16 26 1 33 40 52 8 23 7 13 11 44 2
18 1 34 10 5 4 28 26 15 5 4 72 0 20 32
30 7 23 9 26 27 27 17 5 3 29 50 24 36 30
17 10 37 1 20 48 32 19 4 34 18 26 1 44 2
43 9 6 6 14 17 8 12 68 18 5 34 32 2 9
40 4 14 6 2 33 13 35 10 12 17 13 38 57 16
18 27 6 12 0 3 54 37 20 1 53 16 6 27 15
29 20 48 0 26 12 35 52 2 15 16 3 7 9 33
8 6 12 37 17 29 25 3 3 8 7 20 7 59 51
33 9 4 1 48 52 9 25 15 6 12 22 44 17 4
1 2 14 13 38 27 27 13 62 34 15 21 23 9 18
41 31 17 37 16 31 35 6 8 13 38 35 13 0 13
15 16 8 19 10 20 43 16 30 43 1 54 17 22 10
13 13 30 53 1 22 3 13 32 21 49 4 16 35 2
31 21 36 13 35 30 2 16 17 49 0 30 11 18 27
9 2 20 39 20 4 26 21 11 50 38 17 19 37 16
9 45 0 5 8 20 43 44 1 41 9 36 14 2 18
100110011110010 111010000010101 110110001100101 111000111101111 111110100000010
111110010111010 000111100100000 100010011101010 011101101001011 011010000011110
100110100100011 101110000000000 000000011010101 010100011100001 001001101001100
100011100111000 100100110010001 001001111111111 000000101001000 111101010101110
000110000111110 011111000111110 101010101010001 111010010000010 110101101111000
110010100111110 100000110011001 000010001111101 011000110000100 010110100101000
100100100001001 101000101111101 011010100110000 011001001100010 100011000110000 110100100101011
001111111111001 001100001101111 110100111010011 010000111110110 101010010111111 101001111100100
100011010110010 000101100010111 110010010010001 001110010111001 010101101001001 101010111010000
100100001111100 000100011001000 001011000111000 100101101010011 111111001101100 100000111010000
010000110001010 000111101101111 000000000001100 000100111110011 000111101111110 000110110110111
100010101010000 101101100111110 010110011111111 100110100100011 101110001101011
000010100110001 101001110011000 001001010010011 100011001111000 100101010101110
000000100000111 101100100011001 101000100001110 011000001000001 010011110010011
010100101001010 110010111101000 000010101110000 110011000010111 100010111111000
110010111010010 010110111110101 010011110000010 000110111010101 001111000011000
010010001000111 111001011100000 000001100100011 100101100100010 100111000000000
110100100111011 011001110000011 110000111001011 011010010001111 100010011000100 010011011100010
110100101100111 010100011010110 010010111111100 111111111011101 010111001100001 111110110011011
101100101000111 000111001101110 100010011111010 011111001010101 010100000000100 110100100110011
100101011000011 100100000110010 011000100010010 000010000100110 010110011001110 100000001101001
010000100001100 010010100010101 000010110110101 000111001011001 111001000001101 101110111010111
111011100101000 010011110000000 110111111011100 101000001011111 111011010011101
110110011100100 101001111110001 111010000111101 101110111001101 000111000111001
010001101011000 000100000010110 110011000101001 100100110001111 111001111111001
100010010000000 110101101101011 010100001001011 011111001010000 001011001110111
101101101010110 000100101101011 011100111100111 100011111110111 100001110000101
110001010100100 111001111100010 101000111011000 011101111001001 001010110000001
111010011101000 010101100001011 000110011001101 010111011110100 000100110010011 010110101010101
001100001101001 010000010011111 100110000110111 100111100111000 101100000011101 110111000001001
011110001000001 110010101110011 101001101110101 001101011101101 010001100110111 101101000000000
111001101010010 010011110011010 010000101110001 010100010001010 100000011000001 101101111101111
110111110111010 101010011110111 110101010100111 110100000100011 010110000110010 001001010100111
111110000111100 100101000101000 011110111000010 001101101001011 000000000011011
100001011000000 011010000101011 000000010011011 001110101110001 111000100011110
001010001110101 001111100100101 001010100101010 111100000001000 001110010001100
110101110100000 100000000011001 010010010011001 000101001110111 101011001110111
111100100101111 011001110011100 100110001010010 001001100000011 110011111100000
000100001001111 110001010001110 000000100011011 100011000110001 001110100010110
010101111000100 111001011110010 001010000101100 010100010111110 010001101001110 101100000010010
000110011010010 010110100000001 001110000100001 001011101010011 011000111011100 010000100110000
010100000100001 010000100001011 001011001001011 110111101001101 111110111110011 110000111000111
110001111100110 111011100101100 001101011000011 111001100100001 111011110011010 110001010010010
101111011110101 100000001000101 110010111000101 011101101101110 111011000101010 101101000101111
100010000011000 110011000110000 000111101010110 010100101001111 001100010011111
100010010110111 110111010001110 000001001101011 000011011110001 011111111111100
010101110110011 011100100000100 010011110110010 000100110011011 011101101111011
101000110101100 000100001011111 100110010011111 111101111110000 000011011101000
101010011010111 001111011000101 101110110111011 001000010101101 010011100110111
000100001001111 010000001101000 001010101010100 000101110011011 000011000000011
011110000110110 110010110111111 100101100000001 111101010011101 101100000111100 101110111001011
100001001011011 110001010011011 110010000110011 001111000110110 100010001110100 110111001101001
011111100110100 111011010110011 011011100110111 010101001000101 000011001101100 110010000001100
010010011101111 101001110101101 101100001011101 000100010111001 110001010010111 000000111010011
000001110011100 001001100101000 110110001110101 011011010010111 000101111001110 100101010001011
010111100001001 101100110011001 101101111100100 010001010010100 000001101010011
110100011001010 010101011001001 100001010010101 111101000111111 101001111101011
010001001101000 110001000011101 111000010101100 110010101010100 100010000011011
001111000000001 110111001001010 101011011011100 010001101010010 011100100111011
001001110100011 011100010011000 011000110101111 100100000001001 011111110000110
100100101011101 110100100001011 110001001010111 101000110000000 110110001111001
111001110000101 001001111110001 010011100111111 100010010100101 010000111110001 110001101011111
100111111110010 100101010000001 011100001110101 111101101110010 011010000010011 001111000111100
101001101001010 011110110100100 010101110001000 110001100010100 000010111001001 111110000110110
101011100010111 000010000100101 100011011110011 011100101101101 111111000100000 011000011001110
000000011011011 001001001101001 101110100100101 010011100101101 111001010010010 101110001000001
110001000111000 100101101011001 111011111101100 011000001111100 111010011100001
100111000010110 011001010010110 100011010001110 101100100111011 011110010110111
000100000110111 100110001111110 011000010111110 010110111100000 111111010101110
101001101100101 100110001000000 101010001110001 101011111011100 010101101001100
110101111011000 010100010011111 101011110100000 110001010000000 011100111111011
001111011010111 101101101010100 001110000000101 010001000110001 111000100110001
101100111010100 011110000111000 001001111110100 100111000101000 100111010100111 000011101100110
110011100101111 011101001000111 010000110010010 100111000010011 000110001100001 111001100111001
000000100001011 111010010101100 010010100101001 011100000101110 001111110010101 001010110111101
101010110111011 111000001110100 000101100110100 000001011111011 100010011101010 000010000111111
110101011001100 010001100100100 001011101010010 001110101100001 111001111011100 101101101001101
111110100011111 111001100011101 100001000101001 111101101111000 001110111100101
010010011001110 111000111110101 110010111100100 101000011000010 011111010101011
010010001001111 010001100010001 001100001101110 110101010001111 101001010110010
001001001001001 110111010011111 110011100110010 010100011011010 010110010001100
001010000011011 101101001010000 100101000100100 110111011110100 011100001111111
101010000011101 101101111011001 001100100101101 100111101101001 110111001100000
010110010010101 011111010001000 100001100101101 001111111011111 011000010101000 101101010111010
001110001101001 000010111001100 111011111010101 110100011101110 111101110101010 000111100110011
110100100101001 011010000011101 101000111011111 000110110010100 110100011110000 111011101101100
100000010110010 101111111110101 001110100011111 001000000001001 110110001100010 011101010111000
110001111000011 010011101100011 101000010110010 101011101001110 111001110100000 100101110111100
100011110101001 101100101010010 000000101010001 111110010100111 011001100111001
110001001100000 000010010101011 101010001100011 100111010100111 111010110110111
111001011001010 110010001100110 011111110001110 111001010110101 100000110100011
110111110100001 111111101110000 011100000101111 000110110111000 011111100110000
001100111011001 110000101101001 101111101101011 101010101111010 111110111101110
111111101110100 101110111100000 000111001101011 110111100000100 111111001011101
110011111000011 111010001100000 110110100001001 100101001110101 010101010010011 100000100100011
100101110100110 111100101111111 001000010010011 101001011100000 010010100001100 001000001100001
011100010000011 011101110000111 001101010011101 101010100111110 011010011001111 111010100110011
000111010000010 000101010011100 000100010111001 001000010100010 110010110101110 111000011011100
001100010011011 001100010100001 001101100001110 111111100011010 100001110110101 111011001100010
111110011100011 110101010011010 101110010010010 110001111010100 010110000101101
100001010111010 111101101001111 000101100101111 101100011110110 100101010001111
010011111101110 111010101010000 100111000111101 000101011000100 011000100101011
101100010100100 101101010011011 100101111101111 001000110110111 110010110110111
100111101111101 000110101001011 100110011100000 110011110000001 111110110100011
001010010100001 001010110101110 010110101011111 001011010010101 011010101000010
000001111001111 100011001001010 110000101101010 100000110000000 000100001110111 110001001001110
011100110010010 011001001110011 001110010100001 100011110000010 111000011111000 011111101101001
001010001000100 100101100110011 010100100111101 111101000111111 101001010110011 100110101110010
111001001100101 001001001100101 011101111111101 011011100111101 111101000110011 101110010010001
001111000011110 110111110101010 010100000110011 101011101000000 010001100111010 001001100110000
