6 15 10
14 49 4 2 28 9 51 8 25 17 21 16 43 17 5
23 12 23 38 13 9 5 6 16 57 8 24 17 6 50
46 6 16 44 9 18 7 29 15 46 10 27 13 28 14
18 32 5 36 1 19 11 30 2 9 25 12 36 32 53
59 36 43 18 8 5 16 27 2 25 3 11 15 15 26
9 10 31 34 14 9 14 58 34 16 37 22 24 3 9
9 37 10 41 25 42 33 15 5 25 10 28 21 34 2
30 9 44 1 8 18 35 31 28 34 30 3 33 6 22
10 28 66 6 12 4 21 15 3 7 50 33 2 4 15
16 6 17 4 11 21 23 14 44 20 29 23 42 10 50
38 47 12 3 12 46 14 48 15 10 10 5 27 12 4
34 24 23 48 34 8 6 8 24 9 8 1 7 2 57
5 7 26 1 10 10 14 41 35 20 21 18 34 60 8
24 20 6 31 14 8 57 23 32 1 23 44 1 23 1
23 2 21 11 43 30 8 5 4 24 68 12 6 15 23
40 29 14 21 19 18 14 7 19 40 24 37 39 5 25
45 33 24 10 52 12 4 19 15 0 31 23 35 9 5
31 0 13 1 33 8 32 12 25 6 6 10 62 43 8
3 44 12 3 2 2 37 0 14 12 63 10 31 10 32
53 5 10 14 30 10 38 26 6 20 3 30 5 27 41
0 27 37 20 26 56 10 34 18 5 20 1 30 23 15
32 16 35 1 6 28 28 34 0 12 25 1 63 2 10
15 47 17 6 42 11 10 23 39 44 5 17 7 5 30
3 10 32 43 5 13 22 20 57 28 6 7 31 9 29
1 9 52 13 9 28 20 7 36 37 9 4 31 27 36
57 15 1 49 25 6 17 24 7 5 15 22 27 3 33
11 58 8 21 6 15 14 3 27 28 17 49 20 30 5
23 4 10 31 30 46 6 1 3 58 7 28 6 31 14
28 28 43 4 7 1 2 16 39 31 15 38 0 19 41
41 63 34 9 6 4 13 27 20 5 24 8 1 20 27
5 38 2 9 32 26 29 28 9 17 8 17 58 8 31
15 17 59 37 1 6 24 8 28 32 14 6 36 18 17
25 3 31 19 11 16 19 8 40 10 3 33 49 3 46
11 16 51 23 19 55 10 9 22 17 28 8 33 10 10
9 42 27 63 16 30 11 3 34 2 16 18 18 1 4
35 17 26 33 16 11 25 32 17 7 28 28 45 20 21
4 5 7 18 14 14 16 6 58 13 29 15 15 60 23
20 0 28 20 10 3 14 4 36 49 17 6 63 7 7
39 6 4 4 18 25 16 46 3 52 26 22 23 5 24
22 48 55 1 3 16 25 0 5 43 5 17 22 25 5
25 6 5 27 36 1 5 30 30 15 51 45 4 21 8
27 9 27 11 26 16 38 6 7 17 5 66 22 23 13
43 10 60 33 31 10 3 31 12 18 14 17 16 4 1
35 3 3 6 19 24 11 37 10 0 14 24 52 50 15
9 8 25 25 2 29 23 54 26 14 15 40 39 3 7
15 13 11 33 1 24 8 7 24 16 22 6 57 4 56
16 48 22 1 5 30 37 11 16 43 29 26 16 23 2
2 4 4 13 14 32 9 61 10 0 48 30 3 17 34
7 8 1 16 30 34 11 2 16 30 43 35 39 12 40
2 35 11 11 18 18 2 26 7 54 21 36 28 38 16
40 33 14 37 18 4 25 14 43 18 35 32 6 1 10
10 40 50 5 5 15 25 5 18 8 12 12 64 1 13
9 0 27 7 20 23 18 38 45 16 10 54 33 12 1
41 16 20 13 45 1 14 53 4 37 12 25 14 5 6
28 36 13 45 35 24 27 13 35 13 16 37 9 3 0
34 11 25 9 33 17 31 5 20 38 34 9 14 17 45
40 26 2 22 9 37 23 10 43 1 5 2 11 45 34
5 5 40 15 54 14 33 10 47 12 15 26 5 21 9
3 18 11 7 5 31 12 9 64 12 34 1 33 38 20
16 13 25 36 17 3 7 24 38 48 28 22 4 27 32
011101110100010 100110011111001 010100100101110 010100000111111 011110110011110
101011101110000 110000110001011 011100010101111 110001001000010 110111110110000
011011011010001 010100111111011 111011011111100 000000000111100 000000010010010
110001110100011 011111010100001 010010010110011 101011100100001 001000000111000
011101010111110 111100010110011 100100000101101 110000010001111 000000011001111
010111110100010 110101011100111 110010000010110 101101001111100 001111001000111
001011101001000 111011100100000 111111100011101 011111001111011 100110100001100 000000110101100
111111100111010 000111001000000 110111110111001 110010011010101 110101000111111 010101111010010
000010001010100 000110000001111 111110101011101 100000100110000 000101110100000 000100010011110
101000110101001 010001110010111 101110000001010 010010001101100 000111010111011 001101110100110
111000001000100 100000001011111 010111110010001 000100101110001 001111111010100 100011011001111
000011010000000 001000010100000 001000011111001 101110001111001 001111100000000
110001011100111 001100101010110 100101111100110 010110111110110 100100010011011
110001000011000 000101111011011 101101111110111 000011101101010 001111011000001
110001001001101 011001100010101 110001001001011 100001100000001 101001111010101
111011111010011 000110110101011 101111010100010 000110010110100 000100011011010
100111010110100 010111100111111 110011001000110 101001001001001 001011011100111
100111111011010 101100101011111 110011011100000 011000100101010 111001111111001 111000110010100
010011010100011 001111011011111 101000011001000 000010100011110 100000001100000 010001101111110
111011110010100 011100010101100 100101000000110 111000100001100 101010110011001 101110010010001
100101010100011 111101110000000 110011110101010 111001000001001 110000101101101 011110001100010
110100111001110 000010101110001 001011011001111 011010100000001 000010011011111 101110111100111
100111110011101 101100011010011 111011111000001 011100111001000 100110011101100
011010000000001 111101101101110 000001111101110 000001010101011 011101100011101
111011101011011 000100111010000 101110011000001 110101101111100 001101010001110
001001001101101 001111001110011 110110110011110 101010100011001 110011000000010
101000000010100 110100011000101 000101110010001 010000011100011 101000110111111
110010100101100 011001010011110 101000101011100 111010101011110 111001001101111
101010010111000 100001110010111 011000101100001 011010011001111 000100101001001 101101110000001
110100100101001 100101110011000 110011001001001 011111100111110 100101001000100 001101101000100
100110011100101 101000000100100 010011011110101 111001100110110 011111001011101 111011000100101
111011100010101 111001111011011 101010011011100 111100001111110 000101011001000 111110100100011
111000101101001 111000101111100 100011000011000 101000110110011 010001001101000 111100000101010
101111010111001 110011100100110 101011011110110 101111111011100 000010111101101
011011000100010 011111101111011 011000000110111 101011011000111 100111001110011
001101000001011 100000011000100 100001100100100 110010010101101 100010010101011
011110011001010 011001001010101 000011100011111 011010010001010 010010000111101
101001010110011 111010100000001 000011110010110 010111010100100 100011110011001
101000100110111 001111011001101 000110001010011 111011000010011 100110100101001
111011011111000 100110111111010 000100100000010 010100101110101 011001110110011 000111101000100
101100100101111 011101000000001 011000000100001 100010011110101 101101011100010 000010110011000
010010001011101 000011111011100 110010000101111 011001000100110 111111111111101 000111111110001
101101110000000 011110111101111 110111010101001 000011100110111 111010111110111 110011110000111
010111100011011 011000001111000 111101010111001 111010011100101 100001101100110 011100001100100
100111010110111 100010001100100 101001101001010 010111010111101 100110001011001
001011010111101 110111101111111 110111110001101 011111001110000 011001010110101
001101110100101 001100001010101 011100100101010 101110111000101 101010011011000
101110010101100 110100100110101 010001110001000 100000110110111 000011001001010
000001010010111 011110001100100 111100101100101 111110011111011 010111101111001
001001110000010 110101110100000 101000101111101 000001100010010 011101101010111
000111100000111 110100100010011 011111000011001 011010100110001 110000000000101 000100000011111
011111101101000 011100110110011 011001111001010 100010011100101 111000111011110 111110001111001
010011100000001 100001111111101 110100100110001 010110010100000 011010110100000 101101010010101
000111111001000 100011010001110 010001010000110 100000111001101 101000010000010 011101111100001
011000001100001 100101011101111 100010001100010 110111101110101 011011101100101 110110101101001
110011000001010 100111011001100 110111110100010 000100010001111 110011111110101
100101110111010 111111000011110 001011111110111 000010110111011 000100101001111
001111011011101 101010001001000 001011011001100 001001101000100 110001011010101
010110001101101 100000011111111 010011111100010 110111110001010 100111001100101
111110000001100 100101110011110 010000110101000 010111011100010 000100101000011
011000001010010 100000100011101 101110110110111 010101011010100 011000000001111
101010101111010 110111110011100 010101011100111 000101000110111 011000110010111 011110101010000
001111101001110 100101100111111 100010001010111 110010010100010 000101011101010 100011010011111
010100010001010 000011000101111 011111010110001 100010110111011 101001011111010 111101101010001
001111001110000 001101010001111 101000111010010 001110001001011 101111111011100 111111010100000
111010000111011 001000111111010 101001111111110 000010000011101 001101100010111 111100110110011
110011010011100 110111100110101 101011000101010 011110000100001 101100100110001
101011100000011 000011111001101 101111100111100 010111101111100 111011111111010
111000010011101 010111110100000 111101001101001 000000101110011 100000011100010
101000000000010 110111010000110 010101100100111 111101010010100 010110010011101
010110100010010 001001110111110 101010100000101 000010111010010 000010110110001
010111000101111 110001100000010 011011011001100 000101100010111 011101100110100
011000010100111 111100111100000 110001100000101 111111000101001 011000001011110 110010101010111
011010111111010 111110100010011 111010100001111 001011000001010 011111001010010 010011001100000
010100001001011 001001110010010 110000111111101 101100010001010 010011110110010 011011001000100
000100101010101 100011111101100 011011111110011 001101111110101 100010001000110 000000011001111
011101001011100 100110000011001 001001101000010 011100011010111 011000001010111 110101111011110
011011000110000 000101101110111 000100100100011 001111111110101 110010000010010
011111001010101 011100010010001 101000011010010 101011101011011 110111100110110
001000000000010 111000100100100 101100010010000 101100100100000 000000100010100
101110011010100 010011111000011 100100110000101 110101000000010 100011010000110
000010011001101 110101110100100 001100001000111 000000010110111 010110110000101
010011001101101 011010010001000 010011101100001 101100010010101 000111011101110
110100101010110 110110100001011 010110110011101 010011010000000 100101000101111 100100000101001
000110011101011 101001010011101 110010001100111 010101010101110 111001010000110 111110010000111
101111110011100 110111000010110 011001001111001 001011011100000 011100111000000 111011101010001
100011000000010 011000011010100 111110001001011 011010111110110 111011001011010 110110110111101
110011110110101 011011101100100 011100000100100 110100011011101 000010110010010 001000001111110
101000100100010 101110100001000 111110100111000 000111011101010 000000101000001
100000011100101 000111100001100 001111001100100 111101011011010 110000010001000
001110101101110 111000000101101 000001101000101 000111001010101 001011000000111
110001001010100 111101011011110 101001011001100 000111011000111 010101010110010
010100010001110 111001011010110 110100110110110 000001101111101 000111101101110
001010000100111 101100010111000 011101100010100 011111001001010 000110010000011
011110011010010 111001111100111 101100010111011 000100000101010 000010100010001 110010101110101
110000101111101 010000110111110 001001110101110 011101111000010 010011001111111 110101000111110
111010101000100 010100011111111 010000010100101 111010101010111 110100010100001 000011101011110
110110100111001 111001101101010 110010110111101 000011011001111 001011011000001 111111110000011
110101000010111 000001000001011 011100101111100 110000100000110 010001101000000 000110001110111
000100110100101 010100010100101 111011010100010 101100111101111 011110011010101
001110100011101 110010011101011 010100110000100 011100110001111 110010001100011
001110000101000 010000100110011 111001101010100 101100101111000 100000011111010
100000011000101 000110101110100 011101100010101 101100110101001 110111100011001
100110110111101 011100101000110 011100011000110 010000011111110 011011000000110
111010010001111 011101101001110 001000010001000 110010110011101 011000011100000
000000101101100 011111101010001 100101110100100 100010001011110 101010110010010 100111011100010
001111111111001 000100111100000 000011001111011 101100001010010 011001110101101 110000100001011
111011001000011 101110011111100 111110011001110 101111010001110 100011010001000 100100011100110
010101001010000 110100100111110 100100010100101 011101011000100 101110001001011 110100001110100
110000100011010 100110100100000 111100001100000 111001011110010 000111111010010 010101100011100
