6 15 10
12 20 14 61 15 23 2 45 2 49 12 1 3 7 10
22 23 5 35 28 4 3 15 50 16 27 38 22 33 17
4 28 12 28 17 29 9 7 6 19 8 20 35 64 29
45 26 19 10 27 26 2 11 13 7 45 47 15 21 16
21 28 41 34 20 19 16 19 20 2 13 49 29 5 29
16 5 14 33 30 46 9 33 6 2 19 28 29 16 45
25 17 24 16 0 18 27 11 10 52 52 36 3 7 11
62 50 2 9 13 14 26 21 16 8 4 39 12 4 6
16 50 15 21 30 15 8 28 43 33 18 24 7 23 11
14 26 34 6 12 2 11 21 21 47 36 1 35 39 25
16 5 1 32 8 6 41 18 33 31 33 7 38 37 24
18 41 12 24 8 15 20 42 26 7 64 0 1 2 2
16 15 16 6 68 2 8 27 8 8 47 26 20 14 11
7 38 9 61 30 31 33 3 6 18 13 23 5 17 20
36 19 2 13 0 43 45 32 16 6 5 11 14 4 51
3 2 33 34 7 14 4 46 22 4 34 34 40 27 14
25 32 27 39 35 6 6 15 20 51 36 8 10 12 9
42 29 8 31 36 6 14 31 20 13 0 44 3 30 22
4 8 4 10 48 42 9 14 9 37 36 25 29 16 31
9 31 21 22 25 35 3 30 6 2 8 8 68 11 18
38 41 19 12 4 43 22 51 0 12 5 3 14 30 8
59 38 32 3 16 3 8 29 4 20 38 6 4 4 31
2 21 19 13 6 18 13 3 46 23 1 50 31 49 3
39 2 27 4 8 36 26 46 4 5 1 10 20 48 27
14 35 28 7 32 39 8 32 47 21 9 33 5 19 2
30 5 1 4 13 11 42 14 49 0 37 1 52 3 19
33 10 20 33 12 10 69 9 18 6 7 38 18 1 6
8 12 12 10 37 27 1 35 35 19 48 13 32 20 29
9 17 19 36 27 15 3 0 62 1 25 7 33 11 35
32 26 38 6 33 36 27 31 28 17 19 31 9 6 12
25 25 11 8 10 3 1 22 4 46 1 11 31 67 16
5 35 12 26 39 2 22 44 33 30 33 27 1 4 15
18 10 8 41 6 54 31 4 0 15 21 17 6 49 23
8 15 38 20 27 45 12 26 6 4 23 44 3 40 17
21 30 30 23 25 11 37 14 19 26 19 46 10 29 19
28 33 25 8 11 54 38 39 8 10 23 7 3 22 15
17 17 27 29 24 25 37 29 16 39 7 47 17 9 1
27 51 7 17 14 23 9 55 18 14 0 24 38 4 2
27 1 38 18 12 15 33 24 62 28 1 20 5 19 2
1 8 18 6 52 25 26 17 44 36 30 10 14 9 27
20 8 29 26 14 20 19 27 11 41 11 46 1 32 34
42 2 33 31 4 16 47 8 12 21 51 6 2 21 5
24 4 30 34 21 50 32 16 26 27 32 9 7 12 24
20 14 10 13 12 3 28 38 31 25 14 42 11 50 25
11 5 20 32 32 43 63 18 22 15 3 12 0 9 18
19 23 41 66 1 36 14 16 4 0 29 3 14 14 4
22 5 33 8 28 22 39 29 15 3 2 21 17 51 33
1 38 0 30 54 11 6 18 1 8 8 19 31 19 49
8 35 13 14 34 20 23 6 13 12 42 9 16 35 51
37 13 1 26 16 0 14 38 7 7 4 42 38 47 19
41 5 13 4 50 18 2 14 50 40 30 4 1 9 9
29 53 14 8 52 14 27 12 12 31 17 19 7 3 24
28 2 29 34 10 12 8 20 69 2 4 10 33 18 16
34 22 8 66 9 1 29 14 22 19 16 19 30 13 16
45 18 3 48 3 21 19 12 4 8 4 4 12 65 2
61 8 11 15 20 9 48 8 19 15 9 26 14 6 39
6 5 6 49 46 8 11 52 24 11 17 25 28 7 9
14 54 13 16 4 9 22 50 52 1 8 7 13 18 6
13 14 1 12 44 13 62 12 37 8 43 4 6 2 1
14 4 36 18 22 5 23 62 18 21 20 35 9 29 4
011000110001010 100111000011001 010101100010010 101111111111110 110010001101110
101101110001001 101110010010001 110010000111011 001101101000000 010011111101101
000000100000101 000110000101110 100011001101100 011100101010000 111011010001011
000101101001100 110101010000000 110100101101001 100110000100011 111110111001101
010001010101011 010110111010011 101110000100110 010111000111111 001100101001100
010011011011011 100010111011100 010101001010111 000100110011111 110101000011111
111110010000001 100100111000100 000010001111111 111110011010100 110011000111111 001110010111100
100100110010011 001101110011110 111001010011011 100011001011101 001010000100011 100111101111000
110101010111100 001001010111110 000101011001010 100011101001010 000010101101011 011101111110011
101001000001110 101101110000010 110000000101010 000111110100001 101010110101000 101011011111110
111011101010010 011100110010011 110111101010010 111100100010010 010010001010000 100101100010001
100001000011111 000100111110000 001110000100001 110010110000111 010011111110010
000111010000101 000111001011011 010111011100011 001110110010010 101011000011001
111000010100110 100111110010110 110000100011101 100111010111111 110110110111111
011100101010000 001010111011110 001001111001101 001000100011111 011001010000111
011111000000111 111001000111011 010001110000010 010100111010011 000111110101010
001110010110110 000001000111101 000111011000001 011001011000010 000110000111100
100100110110101 001101000010101 011110100000001 101100110000000 111000111010001 110100010110001
100001110001001 000111010110111 111001011011011 110001010010010 101110010110111 001111001000011
011100111111100 110100101001000 100101000110100 011111001011000 101011000000110 111001011100000
001010001110011 000000111011101 001010101110110 001110101100110 110110111011100 000010000111101
010100111000011 011000111001000 100010110010000 110000100110011 010111010111110 001000101100100
101100110111010 110111001011000 000011000100000 011010010001001 111010010011101
001000000010011 001111011101001 011110101110001 110111000101010 101110110111000
100110101111100 100010100010000 011010011011001 001010000111000 111111010101011
001100000101001 010100110111101 101010110011110 000001001100010 010010110110001
011110101011010 001011011100101 100100000101011 101110101111111 010001100001011
000010110111010 101100000011001 001110100100000 110100010111010 011111101011111
111110011010111 010100011100100 101000110010111 100100011011000 110000110111010 001101100101010
000101101110101 110110001000100 110000001010101 101110000001010 000100111000000 111010111000111
000111111111001 110010110100010 001010001101111 010001001011101 010011100111000 110001100100110
111010101100111 100001001010001 110000000011100 110000101011001 001000011001110 010000010110110
110100111011110 100001101110001 111011010101110 001110110111010 111101111000100 001001011101101
100110000011100 111101111001011 110100011001100 000100100100000 011010010111101
010010101011111 010000010101000 101010101111111 100110010110011 111110011110000
000001110000110 011011000011011 011001100101101 011001100001100 101010100110110
110000010001100 011110010101110 000111010110000 101001101110101 101010101000101
011101101101001 111011101101101 001110001101010 000111011110011 110001011000111
111000001010100 110000010010101 010100000000001 100001110010110 110001011010100
010010000101011 000111010110001 001101001101100 111100000111110 001111111110101 101010011100100
111001001001111 001111001001010 010001101001101 110001010111010 111101000011011 100011000001111
101011101101011 111010100111100 011000100111000 100110100001110 011000110110011 011001010000010
101010000110101 111000110110101 001001110110001 110010011100011 000010001110111 111111101011100
000110000000110 111000011101110 101001100100110 001100010001000 010011111000001 101100011101001
001010011110000 110111110010110 100000111010001 100000101100111 001110001111110
101000110011111 000000110010100 111001111001111 100010111001100 110111111010110
000000101110100 011000100111101 010100011000101 101001001010001 011010000011010
011111010101101 010101100001000 111100101110001 000110000000111 010000010101011
100010000111100 000011001000011 111101100100000 111000011010010 101101000100101
001000100110111 101011011111010 010001001000110 011000011101000 110000101100100
100101101101100 001101011010100 111101011000011 011001101110011 010000111101110 111101010100000
010001010110101 101011111000110 110100000011011 101000001100010 101100110110100 100100011011101
101100110101100 011001100010001 111011000010011 110100000000011 100101100011110 100001000011010
011010110101101 110100011100100 010010011111000 001110100000100 010101001010011 100110000111110
010001000101001 010110011110110 010011101010101 001101110010000 011001011001101 100110000000010
000001011111101 001001110010111 101000010110000 010000101011000 100100110111011
010010101111010 011010110101010 011010001011111 100101000101010 101010011101001
001111111001110 001001101011001 100101011101000 111000100111010 101111110000001
000110011100010 111100101101111 100100100011001 111111110001100 000110100111010
110110101110010 101101110110111 001001111111100 101111011010110 001110010010011
101000110001101 100111011111010 010110100010101 100110000101010 111101001101011
010111010010111 110011101000011 100101001111000 111111100101001 110000011110100 110011011100001
100000100110000 101000011101100 111100011011110 100001001101010 001110010010010 111001001000101
100111011010101 000010111011110 010011101011101 000001011100110 110110101111101 111010100001010
010101101011000 101010110010111 110110110110011 001001110100001 011010101000001 010010001001010
001010100011001 110010111100011 101011010101111 100000101110100 110001111010011 101010110100000
111111010010001 110100101101111 100100111100000 100010001011100 001000110000100
101011010010101 001000110010110 111111100011110 001110100111011 111011010000100
011100100111110 111100101001011 001011001111101 111100001111001 010100011100011
010001001010001 001011001111100 011101011000100 010100101010011 101001000101110
111110100111001 110001010011001 010110111010011 010111100111000 100111101101100
001100111110100 000001101000000 011101010011111 001000010110011 110010011011010
100100000000110 110101100101101 011110101001010 010000110111110 011100001011101 011000011100111
001000110000100 001100111001011 100110110000001 101010100110111 110001101110011 011110000101111
001100011011000 000010011010000 110001110100011 101000001100111 110001010011100 010110010111101
010000111110010 010011101001001 010010000011110 010111101111101 001110001100111 000110000000000
100010000010000 000000110101101 101100101000100 000100110111100 010100110110111 110110100010010
001000001111110 110100110100111 101100111101001 101000011100100 101001001001110
011000001001100 111110110111010 111001010000100 100101010010011 000100010000101
110010001101111 110100011110000 110110101110111 000111101001011 100111111101000
110110011001101 110011010101111 000110111111001 110101010001010 000000010101111
001001010000100 010011101100010 100101100011011 110010100011101 111101000001101
100001100110111 111100000110000 111011010000110 000111100111111 101001110010111
100111100101101 001101111010011 111100010110011 110011100100010 011011101010101 100110010011100
011100000100111 110100110000000 001100111000000 011111110110110 010010000100000 000010101100111
101010001011010 001000001000001 110001011111001 000000101101101 000101010110011 011010000110010
000001111111010 110011101100101 111000100000111 001110010010100 100000001011011 000001010000111
011100100101101 110100101000001 101010101010101 011101011110011 100010000101010 100010111001110
011001011111101 000011100011110 000011011100011 101110011110001 001011101101100
101010101101100 000000111110101 111110000010000 011011000001101 011011101111000
010001110000000 101110111001100 111011110011111 111111000010011 110101101000010
110010110010000 010111000010011 110111010110010 001001010000011 000011000111010
100100001101010 100100111000011 100100000110111 100000010010111 100000110111101
111111011111111 100000100101110 111010001110001 101101001000011 101101111011111
110011101001111 001100001111110 111101010100000 100111111000110 101010101100101 111000011011101
100001100010111 010001011010010 111111110001011 110000100011111 001101000011101 100011101100010
010000011100110 101000100001011 100001110010110 010100100110110 001001110000010 001111001001010
111111010100111 000001010101000 101011011110001 101010101111101 000100101001011 010111111011110
010111100000111 001101011010001 011101111100001 101111111001000 110011001011010 001111100111110
000110010010011 101001100111100 000110001000011 100100100000101 001011100110100
101100010011010 001111100011101 001000100100000 101101101101000 111101011000010
101011110110010 111001110001110 010111000110111 010111111100101 101111011000001
001001111010010 010110110100101 000000101101001 100000000001011 110100101011110
100100001110000 000000101101000 000101101011101 000111001011010 110110011110011
001111010010011 001110111001001 010001101101111 000101110011111 100010010001101
100101011101100 110111110001100 100101011010100 101100000111110 011110001101001 011011101010001
100110101111011 010010100000100 110010100001100 001001101001001 001101001101010 011001001000000
001000111111000 000000001001001 101110100000110 101101010010100 101101010010101 011101111100111
001100100011111 100101101110101 010011001100101 110011000111011 111110111111001 110101011110100
111100101101101 010011001000000 111011001111111 000001010101100 011111110011110 100110100001011
