6 15 10
58 1 28 7 1 3 13 24 17 33 8 42 13 18 35
26 23 13 9 22 30 13 62 12 0 31 18 10 28 30
19 45 30 35 25 3 2 51 10 10 20 24 4 33 2
3 59 5 4 11 15 26 15 41 18 13 47 13 20 16
4 25 1 30 8 27 9 9 20 30 30 36 25 55 18
9 24 4 27 18 10 20 39 1 36 32 27 49 18 23
69 11 5 28 19 15 8 11 30 11 44 4 18 17 3
41 15 30 12 0 5 51 7 5 8 33 37 21 3 38
8 35 16 7 20 11 10 2 4 21 10 30 30 36 65
7 12 32 46 13 20 1 9 48 12 28 14 2 51 1
29 53 21 30 4 12 0 11 8 41 33 28 9 4 32
7 27 33 15 0 8 10 59 61 6 2 3 10 3 20
1 11 51 52 23 24 11 1 16 11 6 27 44 17 3
72 6 8 26 25 5 6 5 1 29 10 29 14 36 8
3 6 2 40 10 15 32 0 10 1 2 2 37 70 23
51 44 11 22 8 12 12 34 3 37 13 17 17 15 30
4 17 22 14 17 15 40 17 22 3 49 36 8 35 33
30 11 18 42 15 12 37 17 21 36 5 46 24 18 12
20 38 59 10 9 8 35 1 26 15 30 17 26 7 23
35 26 17 15 34 55 2 24 35 14 22 14 6 13 26
43 33 7 30 11 15 39 24 24 25 29 13 31 13 19
10 18 25 14 29 31 3 35 17 15 29 14 62 20 4
17 20 24 22 26 10 17 25 50 18 31 11 29 37 21
15 49 14 26 19 14 2 53 41 2 13 13 17 28 6
9 21 56 7 21 26 3 25 30 27 4 13 18 5 49
33 13 11 22 37 29 34 48 16 0 26 34 4 15 13
39 21 22 30 1 4 21 45 28 25 33 4 36 15 11
32 22 27 40 1 5 11 61 10 13 31 9 17 23 13
34 7 14 7 25 38 25 13 38 4 32 29 5 46 13
23 4 22 52 26 30 27 15 24 3 8 5 39 24 31
2 6 23 6 0 72 29 4 4 5 7 45 1 3 35
27 14 8 1 6 4 6 3 29 16 83 12 11 23 10
44 12 19 15 5 17 8 14 12 4 35 49 13 53 1
8 3 4 21 5 25 23 18 34 55 11 53 2 17 26
5 15 19 23 26 4 29 14 39 44 2 58 3 4 15
37 14 39 2 17 8 4 17 59 31 22 26 13 13 17
8 20 45 15 45 1 46 17 4 25 10 11 22 23 30
24 26 29 21 29 19 13 50 41 9 30 1 25 17 3
31 17 22 12 42 13 62 9 12 8 13 6 21 26 28
28 2 26 50 26 20 18 10 12 3 25 11 50 17 29
24 11 18 2 39 26 42 51 12 3 26 10 32 17 15
14 8 61 47 6 24 14 23 21 17 18 2 23 17 25
28 21 54 31 8 1 33 15 22 10 13 45 28 1 7
27 9 15 0 49 3 27 1 23 36 15 45 37 16 13
15 28 35 14 14 14 6 30 28 27 3 25 9 64 1
7 50 37 23 20 25 28 51 14 8 17 14 7 18 2
0 55 4 16 3 38 1 27 0 1 34 14 52 8 17
3 21 13 36 2 24 25 36 28 0 8 15 31 58 16
4 19 7 23 25 2 12 11 15 46 43 21 56 2 21
7 34 56 15 5 19 39 10 9 16 32 22 32 8 23
24 33 15 36 23 31 2 39 17 22 51 5 7 18 3
22 25 21 54 5 22 26 23 16 8 12 4 16 53 16
0 35 38 7 26 16 8 5 9 15 47 15 21 19 52
14 0 41 24 22 14 60 13 35 29 20 14 15 15 5
12 42 10 12 24 7 22 14 34 28 47 24 42 2 7
8 4 12 33 51 4 2 15 32 27 37 24 35 29 12
21 29 30 9 8 11 4 17 48 7 40 15 11 29 46
26 24 15 10 19 10 2 3 47 13 13 29 9 43 51
51 13 1 42 6 6 40 27 35 5 19 28 1 10 24
10 6 26 3 3 22 8 52 9 6 6 24 24 6 68
111111010011100 100100111100010 001001111110101 011111100101001 011000101010101
101110001111001 010000100000100 010010010010101 101011111101101 000000110101011
000111101000001 100100000100010 111010111100011 011011101110001 010000000111110
001111000011100 101001010100100 101011111010111 000101000000011 011011000000100
010101010011110 110100010000010 101110101100000 100001010010110 000111101001111
010011100001010 101111100010101 000000011001000 110101001111100 001111000001000
110110110010110 110100010011010 110000000111110 000011011101111 001010000100110 000000001101011
100011110100011 010101001101010 010101101110111 001111100110111 111000100101001 101011101111000
011111011111011 100111110011000 100011011000111 111001110100111 101001000110110 011110111001010
111100010000100 101111000100101 000001111010010 001011010111111 001111000000110 010101111100010
110010101101010 110011010111110 001110101001010 010101100100011 000100101110001 011100011100010
110000010100011 000100110101011 111111001000011 101100111011110 000110111101001
100100101100010 001011011010000 010111001011110 101000000011000 111100111111100
011110011101100 100000111010001 100000001111110 010101001011010 100001101010001
011110100001110 110001011001110 100011011111111 110111101100110 001110010010100
000111100000001 011110000111110 000101000101010 010011101010101 100010110111001
101100100110111 001000011110010 101111100001010 011011110110011 001111010000110
011001101000101 110001001000000 101100111110000 000110100100111 011110110010001 001001001110010
101101100110011 110001011110110 101001001010101 101010010010100 000111110101010 011101101111010
000110101001011 100010110100101 011001000010110 110111110111001 001110100101110 001010101011001
100110001100010 100011001000101 100011110011011 101010010010110 111010000110001 000110000110100
010110001111011 110110001000110 010111000001101 000100101101011 000101100110100 111011100010101
110101011100110 001101111001110 011001011001110 011011011000110 011000001011000
011011101111110 000011110010111 010110010011110 000000111101011 010000111000000
110010010001100 011001111010000 101101011010011 001011101110010 100001100010000
001001110001010 011011001100100 001111110000010 110101100000111 000110001001011
111111100101101 000001001011111 001001111101110 110110101111000 100001000100100
100100001011000 111001000110110 001010011000101 100011100001100 000011111000100
011101000100110 111110100010011 100101000101000 100110101101011 100101111110011 000010111111010
010101110111100 100100011101101 010001011010100 001110011001000 111001100110001 000011111010011
100101101001101 010011110100000 010001110101011 000000011110011 101111011110011 000011010001001
111000111101100 100011110110001 001001000100110 110010101110011 110101111111010 001000101101010
101010100111010 100000111010111 100111111011111 000100101111000 111011110101000 001111100011110
001101100110011 110111010110111 010001001101100 110101010000101 111011100100110
110110110101110 111101011001010 100101100001000 010100111101110 100010111000001
101000010000111 000100000000000 101001111111010 100000001100100 000110100011111
010100101101110 010101110011000 010111011100010 001011001000100 100000110101011
110110111111101 111010011011011 110000110010001 100100011010000 011111001110001
101111001001010 011001111100110 000000010101110 010110101001100 101010011111111
011111011110001 110000110100011 011110011001101 110000110100100 000011101101101 010001010101011
010001101100111 001100010000101 001101000011010 011011111110100 010010010111000 001001001011011
010000110110101 010111011000010 001111100100011 110110111011100 001101100010111 011011011011000
010111000110011 000110000011111 100110010010001 011100010111111 001111100001101 111111101100100
011011001111000 010000110001100 000101000000101 111111100101111 100100000010010 000101011001000
011101110010110 110100111001101 001101000001111 010010011000001 011111001011100
111111011101110 110101010111010 110111011001110 001110000011100 010111110100111
110110011001000 001111101011110 011111010111010 100010101110101 010100101111110
110110111100110 011101110100010 011010100010001 111001010110110 001001011001001
010011101001011 011110100111101 010010101001011 010001000011010 100001010111010
001000101011101 001010101000100 101101100110010 101011100001100 110011111101101
111111001010011 100110110110001 110111010111101 000011011101111 111100111101101 000110001110000
011101001101011 011101101110000 010100011011110 110101011011011 110000101000011 110000000111110
111000111000111 101000100000100 010101011100000 100111100100011 111111111111111 000110010010101
010111010100110 110011110110011 001101111100000 001001100001001 001000010011111 101011110000010
010000001000001 101010101111111 100011011111101 101000100001010 000011100001111 110010100100101
011111001011101 100111110001001 000000111001111 000000011111010 101010001010110
011001100000010 001110101001001 011100101100010 000011101010100 011010000001011
101011011010001 010000010011001 101100110011100 101011110001000 000101010010010
101010100011100 011100001110100 101100001010011 100100110011010 001011001100101
010001110100101 000001111001111 010011100011111 001001101001010 101101110111100
001001101000100 101110110111100 001010110011011 001101010100001 110100110001100
011010011100000 110100011010000 110011111001010 011000101100001 100011011111111 100010110010110
010001000001110 101100010101110 000001101100001 010101101001111 001010100101001 111110011110010
111011101111010 000110011100101 100110110011110 001110100010101 000010000010001 000001100001111
011111110001100 000110011000101 111100000011101 100011010110000 011011001110100 000110001110001
110101111011011 001001010100100 000001000011110 010100100010101 101000100110110 111100101100000
010011101111011 001010110001010 100000011000110 000110110110001 101000001010000
001001110010101 011111000111010 111110111111000 111010010100000 001101011100010
011110101100100 101010001100010 101001000011101 101010110001100 100000001000100
001100110101111 011111011111010 101010110101111 111000001100011 010010110101110
101011100101000 000100000000111 001110110101011 111111001011011 000001010111010
111010000101101 010001111010100 100011001100011 001111000100010 101111110001010
011110010110111 000011001010010 101100011010000 001011011010001 110111110011000 010100110101110
011000111011010 101000001110011 001011011011010 011101011101110 001100110010010 010101000010010
111000101111001 000000100000111 010010010100010 101101110111101 110000001000000 010010111001101
000110001000011 100111001111000 010000010010100 110110111100110 000111011111001 000100111100010
110010111000101 010001110100111 010110010001101 111001001111110 011101101100011 100010111100110
001011001101101 011111010011101 010110000000000 011001000011100 001001001110111
000001100111100 010011000110110 010000011110011 110110011010101 111001001011000
010111010100110 101001101000011 011100101111101 000000001110000 011111101001000
010011000010010 000010100101001 001011000001100 111001001001011 101001110011100
111000110111010 001011001110101 010011111000000 011000001001101 001001101111001
111000111000000 001110110110000 110100000011100 011000010001110 111011101111100
010010110100101 010011110001001 110100001100011 111011100100110 100100000000001 001100011101010
101011000110000 101000010111010 001001101000010 001100101000010 001000100010111 111111011011010
001011010101101 010111000100101 010011010110101 001011010111001 001011101001001 000000011111001
010001101111111 000011100000101 101101011110011 110111000001111 110001110110100 001001000111000
101000011010100 000110000100001 001011100010001 000101110110111 110000011001110 100101000100000
111011000101011 011101011100011 101111101001011 110111000011110 101111000111101
100111110110000 010101011010010 111011011000000 001111101111001 010101101010110
110100111101000 000010010000110 011000011100010 000110101011101 110100101000010
001001011000100 011010011001011 100010110100011 001011000010101 111110011010101
011100100110010 011011001110110 110100010000100 100011001100100 111100101010101
000000011101010 001100101010010 000011111101111 001100010110111 011000111001000
111011101010101 001110010010001 011110100001111 011101010100111 000101011100110 011001101111000
011011110100000 011001111000100 101010111001111 001111111011111 110000110111100 001010000110100
111100110101100 111110000111011 111110101010001 011100001001101 000011001111010 111111110011011
011111110000101 011100010010000 110010110011101 110100011101010 110101011000111 110011111011101
000111011100000 110000110000100 011111111000110 000101001101001 001001100110001 100100000111110
111010010101101 001101011101010 111001101010100 101100110110110 111110101101100
010111000100010 111010101001111 001101101111111 100011010011101 000101001000001
010001010001110 110111111011010 111101111111011 000001100100011 101110011111000
000101001010000 001111010110011 011101110110001 111111011110000 111010011000101
101001110110010 101101001101001 001010110101100 000000100111100 111100001010011
111101010111001 100001111001100 100001000000000 011000000100111 100110110101111
011111011010011 101000101001110 111011010001000 110011011100110 100000011101011 100000000011110
111000110100010 110100110010101 011111100001110 111110001100000 000001010100010 011000111100110
111110011000110 001100101001110 000001010111010 100011110010111 011001100100111 101011000010110
100001100111001 101100111111011 100101101011000 010110101110001 110110000011110 101110111110010
001111101101000 100011100100010 000010110111000 010100101011111 011011101010011 000110011011100
