6 15 10
34 13 9 13 8 25 62 15 17 14 16 35 12 8 40
28 43 45 3 40 11 21 4 16 41 33 0 12 1 7
15 21 21 28 32 46 19 19 20 54 0 22 16 0 14
47 6 52 3 3 22 25 11 41 18 3 8 23 16 30
32 27 21 22 50 21 23 2 29 19 30 13 18 34 9
10 1 19 40 39 6 32 48 6 29 8 11 3 2 45
14 21 41 22 6 1 59 38 14 18 33 22 11 11 1
30 15 25 29 25 15 10 10 60 0 22 26 6 31 24
39 53 22 3 41 27 20 25 25 5 32 7 9 2 7
45 44 11 36 17 18 30 0 18 43 0 11 25 5 16
20 44 24 7 5 59 32 4 6 14 39 16 2 18 12
20 7 13 25 21 15 57 8 56 35 4 5 5 10 17
2 27 32 17 41 47 23 3 16 19 6 28 4 2 46
22 29 40 19 24 64 6 23 11 4 9 11 17 26 10
29 52 13 12 9 28 9 2 2 21 48 46 2 5 16
27 7 1 2 49 31 10 46 5 7 11 31 9 37 32
28 9 5 14 4 61 9 20 12 10 19 9 1 3 63
19 22 28 6 5 43 12 42 15 42 2 39 7 31 6
1 16 34 13 9 41 27 39 21 20 30 11 5 10 49
4 31 30 14 2 47 43 30 15 44 10 17 14 5 11
3 52 4 16 29 45 19 30 3 18 18 30 20 14 28
43 39 1 28 17 0 44 7 42 7 30 19 12 4 20
23 13 1 39 9 41 11 35 2 5 1 50 18 41 10
44 10 43 34 12 16 6 25 4 21 33 31 25 8 26
42 6 22 40 14 13 13 17 2 22 46 20 28 38 6
20 25 44 28 32 9 48 1 26 4 22 5 1 26 31
14 21 1 58 27 37 8 7 13 7 29 8 29 33 26
2 28 33 4 24 14 5 7 18 14 11 27 52 47 30
18 20 46 4 20 17 12 21 38 40 21 5 26 9 40
35 3 4 29 20 29 6 15 15 29 19 55 43 13 5
29 1 7 39 2 18 48 10 3 17 9 52 14 21 34
22 45 19 9 30 2 16 11 44 5 17 2 47 30 20
16 19 23 40 27 13 16 32 4 53 25 29 17 21 9
3 26 42 0 31 6 12 24 17 39 3 7 41 15 45
30 3 28 27 5 20 2 35 10 1 34 20 46 47 0
13 25 12 39 26 22 10 35 10 10 8 64 4 24 10
47 19 23 42 19 6 16 28 5 16 3 9 46 34 9
46 5 2 31 20 24 27 13 22 36 19 9 29 37 25
22 10 31 30 32 11 37 8 55 41 7 1 10 3 8
31 29 69 31 21 20 7 3 13 10 27 21 6 6 7
39 17 10 21 14 19 8 64 23 6 13 32 4 25 21
12 3 16 58 16 6 9 9 14 3 2 38 53 2 36
9 15 9 6 53 28 13 12 41 3 32 14 47 11 22
14 6 13 8 15 37 19 65 43 3 2 7 4 33 16
38 22 8 28 30 19 27 30 12 10 21 37 43 20 9
9 16 28 1 23 13 34 21 35 6 38 61 2 10 8
3 6 19 25 6 5 39 27 5 2 2 18 29 48 57
22 18 16 24 23 15 42 62 1 1 2 26 20 28 6
20 38 18 3 1 2 11 19 11 13 17 10 39 49 52
10 29 10 45 4 18 21 44 26 15 16 2 29 41 24
69 15 3 6 0 29 11 17 39 13 34 8 24 2 16
53 22 34 23 38 11 24 4 11 5 6 20 16 44 9
29 1 24 14 20 2 38 32 54 17 21 24 35 10 2
35 31 49 36 34 13 19 1 13 6 16 14 12 4 41
32 12 18 12 10 8 23 56 31 25 14 20 9 41 24
52 3 22 9 26 13 8 16 4 52 43 4 23 2 21
9 59 5 2 2 7 24 2 11 31 63 7 19 7 15
17 4 13 5 1 59 21 25 8 41 15 11 20 41 28
2 10 25 17 12 42 38 6 2 20 9 60 22 31 5
27 16 7 37 13 33 12 12 19 9 37 44 26 40 5
011101011110100 010011110011110 110100101110101 101011011111111 011111110010010
110011000100100 101011110011110 110101010110010 111010110001000 011110111101011
000110101000110 000110001100100 100010011110111 100111010110101 000101111111010
000111101111001 110100101100110 110000111111101 110010011011101 110010011100011
001110100011110 110101101110111 010110100111100 110000010000111 110100110011110
011100000001001 110000011010100 000100101001110 000101000000100 010010011001111
011000000100001 010001001000111 100111011111100 001000100111101 101010101110010 101110011001111
101010000100111 101010100100000 010101100011111 101000101100101 000000011011011 101111111010100
011111111110110 111001111101001 101111111101000 010111000000111 100110100101001 010110000100111
011010111000101 111101100001011 110001000101001 110110111101101 100011000101100 010000010110011
010000010111100 001101011011000 000011100101110 110100000101000 010100000100110 010000100100001
011111001011101 110100011010010 001110000111100 001011111001100 111001110011010
100011001011100 110010101011001 011101100000010 110111100001101 111001011011110
001101100111100 111101011111001 101000110101110 011011011111010 001000101110010
101000110101000 010011101111111 110111100110010 011011001000011 101111011001100
010011101011101 001111000011100 010111111001011 011101111101111 110101011110101
111100000010001 011110100111000 110101000110110 000000011001110 110110011001001
110001111100010 010000001001011 010111101111101 011010101011111 001101101011000 111000111100110
111110110101000 010000001101011 101111000011100 000111101001100 000010100001101 100110001111110
110001000000100 111101000011101 011101110111010 011101010010001 110000100010011 101110000100011
000000101101010 101111101110001 101100000101001 101010000110001 110000101001001 000001000110011
011100000101111 011111010100100 110011000001100 100010000111101 001101000011001 010000000001011
000000001100100 100011101010100 101110100011101 110000000110111 011100001110010
101000001010011 011011000110111 011000111110111 100001111100101 010100011011000
101000010100000 001111001010111 100110011111011 110000110001011 001101101100100
110011011011011 100111000010100 011010011111111 010101101011101 111111110110011
110101111101100 110101111001010 000011011100010 111110000011100 001111011010110
010110110111011 000110110011011 001100101100001 101000101010001 011110010011100
101110110011101 101100000100111 100000100100010 110100111000111 111010110100000 100001010100001
000111101110101 110010100010010 100101001010010 101010110001010 110100110010111 010000101100111
111110100011101 101110111110010 000111011000010 111111110101111 101010000000001 000111100101110
110110011011111 010110011101101 010101001101101 011111110110000 010011010010001 000100000111111
100000101100011 111110110100100 100011001101011 101001100100010 010101000011100 001100100101100
011101010101111 001101110101000 111011000111000 110100111011101 010000110111100
111111011011001 000100101001111 010000110001101 000000111110101 100011010101010
110011010100101 000100000111100 101100000000010 111010010111010 100000111010101
000111101000010 000001111000001 011101011101100 100011011110001 101101111010101
011111001001111 000000100100110 011111100100000 011000001001111 111100100000111
110001011110011 011000110001000 011100100101100 001100010001011 111000011110111
101010101111001 011111100000101 111000011100010 110000111010010 101101101101101 000101100000101
100111110010101 000100000100110 110101100110010 000101111100101 010110110000011 111111000111111
001000011000011 101010101100000 000010101001000 100110001111001 111101000000000 101011111111110
000100010100001 101110101110110 011010101110010 100001010101101 011101001011001 000110010011010
100001010111100 000110010110100 001111000110110 111101111111100 101011110011010 110110110111111
000010000111100 010011101000011 011010101101101 110011000010000 100011110001011
010000000100111 001001001100100 001111110110011 010111011101101 011111000100111
010100011001000 000111100001001 110101111000000 101010111011011 011011011101011
100001010011000 111001110010101 011111001001010 100110110110000 100011100100100
111000010011001 101110011100101 010001100111001 111110011001110 101110000111111
111101000101111 111100010100100 101100101000011 010101111111011 100011110000001
100001101110010 101110111101111 101111001001111 111110000010101 101010100111110 011010010101010
010111000001001 110111001001101 001100101000010 100010000011110 001100111000010 011110001010011
000100011001011 011000110010010 101011001100010 110010110110101 001011000010001 111011001111011
110111010110100 101001100110101 000011110100101 100101111101011 101011000010100 101110101010000
000010100110100 001000100101110 110100100010011 101000010101000 101100001011100 010101000010111
000011001111100 000011110101110 010101011011100 100011111010110 000000111001010
101000000000010 011110010000110 101100000011100 001100110100111 011100000100000
111001001000000 011001000110111 001010111100010 111001110001101 011110000100011
001011100001000 010101010001111 100000011001101 001111001000011 010001010010011
010010101111101 101010000001101 000100001011110 101101000011110 000011000110011
000111111111000 101110011010111 110011100011111 111000100001111 011111010110110
110100101000010 111011101011010 000010000111110 110011101100110 000100010011000 111001011010000
100111000100011 001110000110110 001100010101110 101100110000111 001101111001010 101101001010011
000111011011011 010100111100111 101110000000010 111001011101111 111111011001010 101001100100110
101111101001001 010111100101100 001101010110110 100010010111100 100000101000101 001101000111011
111101010011101 000101011011011 101011111100110 010101001100011 101100100001111 100000000110110
100010110001111 100110101111101 101001110101000 010101110110110 011001000011111
111010011111011 111101111000011 111000100110010 010011001111010 011011001011001
000101100011110 000011010010101 000001111010110 011010101100111 100110100100110
011010111110111 101001110001101 101010110110011 111010110101111 001110100000010
111000100111011 100001101011111 101101100110101 101010100110010 000001110110110
111010001110011 111010001011011 010111111100111 010100111101110 011011010100100
011101111011011 011010110111010 111010100010110 111010101010100 100111011110110 110010100010110
111101101000001 010010001010100 000011000000001 100000000111101 010101100101110 000010111010000
001101011110110 100011011110010 001000100100001 101100011010111 000101000010010 000011001000111
110101110111011 100000101000011 010101000010010 000010011110100 100011111010001 110111101111001
000011011010101 110111101001000 011010110101011 100101001010010 010110011001010 011100110010001
101010101111011 011010110110001 111010101001111 100111001010111 000110011110001
111110101010110 100000000010111 010010001110101 010110100111111 000100010001010
111101011010110 110100001010001 101011010101101 101110100101000 100100101111110
011011110001011 000101001010110 011111011100100 101010001100010 010001111101000
000010100110100 101100011110101 010111011011100 000001100000011 010011111101110
000101001010111 001010000000111 110111101111011 101000010000010 011011000111000
011111101010001 000011101010111 001111101111000 001101111011000 001010110001011 101001100100000
101001011001000 010001011101101 100110101011000 101011000101110 010011011101100 000100101110101
000011110101001 110110011101011 001111001101000 101111011011011 001111001010000 111111011001010
101110110101001 101101110001111 000001001100100 110110001110000 111000001100110 000011111100001
110010000010001 011010000111010 001100000101001 011010001001101 010001011000101 000001101010101
000111001001110 000011110011001 111001110100111 011100110101010 000011010111001
010100111000001 010011000000101 111001010000001 110111010011000 101101001011101
001001110000010 011100100101111 010011001110101 001101110111100 011100101100010
100100011100010 001001111000100 000000000001000 010110111010101 110110100000000
000100000010101 111100011111110 101110101001011 001001111101000 101011011101100
001010001100001 010100011101100 000010111011101 011000100111101 110110100101110
110100110100010 110111101010000 111001010011101 100100010001010 011101100000010 111000111001111
001100001010011 010000000101010 101101001111111 000100011100001 011000001000010 011001000010010
001011011010010 100010001101000 000110011100010 101101010100100 101111001010011 001001101001011
101011011000111 000110111010001 110101010010111 001110100100111 111010100001100 001000111110110
011111110011011 000010001100101 100111110010111 111010001101010 111110111101110 011101000101110
011010000101101 110001011010010 101111111000111 000110010111100 111111100010010
000111001000001 011101011100011 001011101101011 100011101100000 010000101011101
011110101010110 110111101101001 011000100100111 111111000101110 010100110101111
111000000111011 100110101101111 000100001100110 001010111111000 100111001100010
100110011101001 110010011101010 111101001100010 111110111111100 110111010000110
101100100111000 110111111011000 010001111101000 001010111001011 111111101110011
110011111000101 011010000000100 101101010111111 010101110001011 011000111111111 100011100000010
010011101000110 000001100011001 110111000100101 100100001110110 111001110000101 111111100111100
111100101011011 001111110101010 111111101110101 001111111100010 001000011000001 110101100111000
101101000001011 010010101000101 001100000000100 010100001001001 111110000101001 110000101100100
000111001000101 110110010001001 101011010001110 111000010111101 100111101101100 001010011001011
