6 15 10
14 4 53 7 15 7 34 7 13 39 19 46 35 3 12
51 26 17 2 12 15 48 32 16 10 12 9 26 23 30
8 29 50 20 36 23 5 23 2 19 23 45 8 29 5
34 9 9 66 49 7 5 8 8 8 10 2 16 37 2
7 28 66 11 14 19 20 35 7 24 26 6 7 27 19
16 53 25 3 16 21 27 8 6 43 14 2 17 25 43
5 56 2 16 16 53 12 14 0 47 14 3 24 14 1
1 39 6 46 19 21 48 27 16 12 23 11 34 5 16
10 47 32 22 15 33 22 12 16 55 5 4 24 10 15
10 22 27 10 31 7 21 38 17 37 34 27 6 5 46
20 22 5 14 40 41 19 23 36 6 8 32 1 13 46
21 20 30 13 1 35 0 34 6 26 0 15 27 56 30
11 56 28 27 32 15 6 19 6 5 24 18 31 38 15
34 39 30 8 21 25 23 4 9 40 26 37 11 4 30
40 0 4 0 8 46 2 66 10 15 15 4 23 16 21
11 15 45 51 37 1 6 25 12 21 33 4 1 4 35
14 12 13 22 34 25 15 35 41 36 9 32 5 17 38
5 54 23 10 6 24 18 11 22 28 35 7 12 50 7
16 8 39 9 18 33 43 0 31 6 50 31 18 10 7
19 41 14 44 0 31 17 8 9 20 13 27 37 29 31
8 9 23 14 34 29 43 28 6 5 11 8 24 53 29
6 61 33 8 14 16 1 24 29 36 4 18 37 10 7
28 35 29 47 11 3 13 26 23 34 5 10 19 7 43
17 19 9 36 48 29 4 6 22 32 4 17 17 52 6
21 25 14 40 12 36 33 10 4 36 40 11 22 26 16
16 17 37 20 56 7 38 10 4 31 1 2 11 35 24
37 34 41 14 17 17 18 1 30 32 29 0 43 8 3
21 7 22 19 20 16 30 30 18 32 21 3 51 34 25
15 9 21 8 25 29 12 21 20 30 49 51 4 28 11
10 22 40 8 20 5 19 32 45 14 1 11 5 31 52
7 32 36 21 2 2 34 37 13 2 16 40 28 43 1
25 9 14 2 4 13 4 0 51 37 14 11 41 18 51
14 13 24 29 0 9 14 26 10 6 30 48 21 40 44
5 4 71 10 3 13 25 19 4 29 10 23 3 28 38
2 17 14 35 26 27 44 27 38 27 22 6 8 13 35
49 13 4 51 36 3 17 31 15 36 22 7 12 6 6
2 20 13 27 31 14 25 12 1 5 46 48 0 15 44
16 13 1 22 0 33 9 30 9 11 39 28 32 27 53
1 13 2 11 10 23 3 44 46 20 18 61 26 1 3
61 30 11 4 9 1 11 27 33 26 41 5 29 3 0
44 22 33 29 34 5 0 33 20 26 23 1 29 21 22
32 7 9 27 15 36 5 31 9 4 29 7 19 15 64
15 0 7 13 57 5 3 26 24 3 31 43 27 26 30
48 7 15 8 2 19 33 3 41 35 26 17 42 15 1
63 32 24 7 8 21 21 6 1 14 41 5 9 4 38
25 16 14 31 19 18 43 6 16 0 22 35 6 36 46
17 11 21 21 25 30 22 14 18 25 4 3 45 46 37
24 19 47 12 5 44 14 6 27 3 6 9 38 29 37
43 24 7 17 23 10 14 34 34 20 23 34 31 18 26
12 5 52 0 26 7 34 4 12 9 31 5 4 46 44
61 14 32 12 10 8 44 34 11 10 30 5 5 15 18
3 7 7 32 30 7 23 62 18 11 45 3 5 18 27
31 5 13 8 20 7 29 36 31 22 28 59 20 5 6
31 23 14 31 31 19 16 27 4 3 14 30 2 32 54
36 57 38 19 20 25 8 11 6 17 15 2 38 22 8
22 26 19 23 25 30 24 13 3 19 4 22 7 60 33
6 24 26 1 35 4 22 34 13 63 1 25 2 4 34
33 10 31 42 24 9 0 1 39 45 0 29 20 25 10
30 45 20 2 6 5 32 8 27 14 2 48 42 13 20
21 18 17 24 5 7 23 51 7 50 21 24 33 8 22
011001101111111 101100011001010 011111011000010 011000011110100 011100001101010
100100111010011 101011010000010 110001111010101 111011001011011 010101011111100
010011010101001 111101100100101 011100001011001 010111111110111 111000110111010
010001101101111 001110011101111 110101010000011 010101111001110 011100001101011
110000011000010 110010101101111 110110001000010 000100000010011 111100010111101
101101110010010 000110100101011 011001110101001 010001110000000 011010101001011
101001100100110 100101011000100 011110111100001 111111100000000 011110111001100 101110110001100
000000000000001 000000010011101 111111100101110 011100101101110 010011100000110 001110101010000
011101101110100 001000101000100 010001011110000 001101101000000 010100111000010 000011001010000
010110011111110 000110011100100 000110111101100 001101111010010 100010010011100 000011000011011
100010110100111 101111000000010 010101111101011 001111101010000 101000110010111 100001010001100
101010111001111 101000001000101 101100101100010 101101000000101 101100111001000
010000110110001 110000011001000 000011110010100 001101000000010 010101101010101
010001100011010 000111000100000 000110110101101 110001001001101 110010010001010
100011001001101 010111001101100 001001000100100 011011010110101 011100011100110
100100100110000 000101101000010 100110100100000 110100010011101 000100001011100
111101110000010 001000011110110 001001001110011 000101101100110 110101010010111
110101101001100 011111110000000 011001000100100 110110111001000 111111111110111 100001010100100
110111000010101 010010110000001 000001011010001 100011111110010 101011110000101 110110000000100
000100100111101 011111000111010 100011000101100 111101100011101 000101101001101 111111000000110
001100010100011 111010111011011 001011100101010 010111010111000 100111000010010 010101101110000
111011110001011 101000110101010 000110000001001 101110010011010 000000010111000 010011010100000
110000010100001 010111110010100 000011001101100 011000010011100 000001010100010
100100110101000 101010011101100 101101100010001 011000000101110 011111111001010
101010011110001 101100000011111 101110000111100 000101100111111 000110100000100
010001011111000 010010001001110 110010000011110 101010111001001 111101011010011
111100101101010 101111010100100 011111001011011 100101110111000 000101001001010
111010000010101 111101011010011 011110011001010 010011100101011 011000001000100
001100011111010 010000101100111 100111011000101 101001101110000 000000110000111 011010010001010
001111000100100 110111011000110 101110010111110 110111111000100 101110100101110 110010001010111
110101011101110 111100011100100 001111001001101 111001111110110 111111111111101 101000100010010
000101010010110 001001111011011 110111010000111 110000100101011 010100110010011 111110000000000
010010100101011 100000001000001 100111101000110 000110010000111 111100010101101 000010110010000
100101111111001 101010111101001 010001001011100 111100110111110 011010011100100
010101100101011 111111010100101 110100000100000 000000111011100 110000011010010
010100000000101 110000111010010 110111000010110 011100100000100 010101101010101
011110100010010 010010011000110 100000011011000 111000000101110 100101000000111
011101100110011 000001100111110 100110101100000 111100100100100 110100001010110
000010110101101 011101110001010 101001001101010 011111110010010 110001010000111
101111010100111 000010000110000 001010001101011 001101011010110 101110011100110 010010111101101
010010111011001 101001001011110 111000111101010 010011110100001 110001001011111 001101111001011
110100100101001 100001100101001 100000011111001 001110110111010 010101010001000 010011111100000
111110010110100 111011001111111 101100110011100 000100010000100 110100011101110 101101100110111
101110011001000 100111101001101 101110110000001 011101110011101 101100111001110 111100010101001
111110000010000 110001010101100 100110101110101 101110111110000 111001011010100
101111010101111 001101111101111 101110101001101 100010001110011 010100111110011
110000101111010 110111000010000 001101110110010 011011000001101 110110010011101
111101000010010 110100011010000 100000110111000 000110101100100 101000100101010
111010001010101 011001010111101 000001011001011 011100101111110 101111101001101
111100000000100 001000010000100 000001001111101 011001101000001 011100010010000
101100010011101 000100110111001 100001101001110 111100000011010 100000001111000 100101111010111
110111010000101 110101010111000 100101101001001 001110101011010 100001000000000 101101111110101
100000010011100 101010100000010 011000011000011 000101001000100 101001001001010 011010000100111
101000101000011 010000100101110 110000110100111 010111000001111 110010100010111 110010010101101
000011000101001 011111100000101 001010110111100 100110110011000 010110010100100 110000110111101
001000010101101 111100110101011 101011101110001 001001111101100 010100101111110
000100000001110 101000110000010 100011001100011 011001101111011 000000100101011
101111010000100 000111011110111 111011110011001 101001011101101 111010010011011
110111111000110 100100100011010 000000010100100 100010110001101 110001101111000
110110100110001 100100001001101 001011010111110 101010001101101 111110111100011
111110100111110 100000100111110 111100011110111 111001011001001 001100111011110
010010011001010 001010110010111 000110000111011 010101001000010 101001001110101 110001010111010
110111010000100 010111010001111 110110110101011 011000011010001 000111100111110 000100110010111
000011001000111 101000010001010 101000101100001 011111110100010 111011110110001 101011111111100
011111111110000 000100001110110 110111011001101 011110010001111 110111010000110 010001010110010
111011110111000 010001010100101 111011000010100 010000010000001 100110101000101 100101101001110
101111010010100 001100000101110 001101100000001 110110010100111 101010101011011
001101000110111 111110111001111 000001100010010 111110010011001 011010101001100
100100111000001 001000000111111 011111110111110 011010111110001 111111001111101
011101000101110 111111100111011 111100011111011 011110100001011 001011001001001
111011100010001 000011111110000 101001010001101 100011110100111 100011010001011
010011001011110 101101011110010 101100001000001 100010000000101 100010010010010
111101101100010 010110101010101 100001100010101 101100100000101 010001000011101 100110010100100
101001010011011 011000111101000 100100110010010 011111001000111 110110101101111 000001111001101
000100001100110 101110110011001 000010011011111 000101001001011 010100100010010 111011110000011
011111110001110 101111000011010 010000111100000 101011011000010 111011111010111 010100011110110
001101001101111 000010111001100 110101100000000 101111010101100 011001010111011 111101111110111
101111010000001 010111010111010 100010001010011 000101001110100 100010001110111
000100100110010 001001001110101 110111100100010 001001110111011 101100011111000
101110100100011 001001111100011 001111101100001 111110011110101 010110100101000
100001000110011 000101010111110 010111001100000 111011111101111 000011100010011
011011110100110 010001010000000 010000101101101 011100011001011 011001101110100
000001110000000 001100110111101 001111010001100 100010001011101 110100000011010
100011101111101 000111011001001 111001000000101 010010010100101 101100010000101 110000100100110
110010000000011 101010111011010 001111100010111 001111111101110 101010110111111 011000010000010
101010000000000 011011110010000 010010101010010 100111110111101 110111111001000 011100001000110
111110100011110 101000011100100 001001010001100 010100110010101 011010100011011 110011000111011
100101011010110 111000101011000 100010010101100 001111110010111 000011110101101 010001011000101
000010111110010 100100111011110 000010100110100 111100110000111 111100011001101
000101010011011 000011110110111 100101111100110 110011101000001 100101001100001
110011000100000 010101111110001 111000010101101 010010010000000 111110001110110
100111001100001 101010011011000 001010010011101 001101101100101 101111110010101
010110101110010 010001101010000 011011010011011 010111001101011 001111110011101
101110100001000 001101100110100 111100100111100 111000110001100 100111111010110
110101111101101 110111110000100 100100101010100 000011111001111 001001001111101 111111011010101
111010011101101 100001011101001 011010011010110 100010010011011 100110101000111 101010010111100
110000101001101 001001000110101 001000001111101 111010011011010 010011100100000 000001000010111
010011100001111 011001111111101 011010111100110 011100001111001 001110110101010 101100111000111
001101010001000 101110001110011 101001010111110 000111110000011 110010001001011 001001101101100
000111110111110 111011011000011 110011101001010 111000011000111 111010010000001
011000101000100 010011101011001 011011100110111 111001101001110 011101000110011
101000110101001 100110010000110 011011100011001 110010101101011 000000001011001
111100010110111 101001000111110 111111100010110 011110111001101 001000001001011
110111010100100 010000010010110 111000011011000 011010101110011 110111010001010
000001101111110 001011011110011 101101011000100 100110010101101 001011010000100
010001011001001 110001100110111 010100011111110 000011010111110 000010111010000 111001101010000
011000011110111 010010001001100 100001100001111 101000111110100 000100010111011 100111100110001
000100010001000 100010100011111 010001110010000 001111000101010 011001011001011 000000001110000
100010101110000 100111011000011 100101001001111 100010101011010 001101011100101 111000110011101
001010000001101 110001011110001 101110010100100 100101111010010 111000110011100 110111100101011
