6 15 10
14 3 26 2 11 38 14 2 59 36 10 0 31 36 14
12 9 25 22 28 13 53 6 25 16 20 38 14 12 44
10 6 4 3 23 12 15 65 0 34 16 24 7 51 4
4 1 18 35 21 13 5 49 17 52 17 7 6 34 27
28 26 3 34 16 17 7 66 13 1 15 18 4 31 27
6 26 45 9 24 49 27 14 24 34 5 9 28 22 13
14 19 1 21 31 17 18 7 29 1 57 18 4 11 53
23 16 24 13 17 31 8 37 0 52 18 19 29 36 16
20 35 55 13 33 12 16 28 26 20 11 13 31 25 7
6 10 25 39 13 20 26 2 54 4 35 46 5 9 4
14 23 6 29 4 8 33 22 2 32 8 18 5 10 72
48 19 16 32 7 11 20 18 19 8 24 28 17 52 20
34 24 6 4 7 55 25 12 9 44 1 27 32 4 24
35 16 10 37 54 20 22 25 22 14 12 8 7 28 30
20 10 3 27 16 25 9 10 7 18 62 2 35 30 36
28 9 21 70 29 21 14 2 21 30 7 15 9 1 26
14 4 23 26 17 48 20 10 28 14 16 57 30 1 14
45 49 24 11 4 46 12 22 21 1 11 34 0 20 7
11 29 28 11 8 13 3 33 43 25 4 53 11 33 19
35 22 10 44 22 30 12 23 19 31 42 12 5 11 28
22 36 1 18 1 48 13 14 12 25 42 0 31 39 15
10 25 9 3 58 24 21 14 25 26 8 43 20 7 31
37 60 13 10 19 2 10 34 9 10 25 4 36 32 2
1 9 5 13 38 2 13 33 46 43 11 3 2 53 12
1 16 45 40 21 31 29 23 4 5 3 26 9 46 23
32 10 35 61 3 12 37 22 13 8 2 1 32 9 25
39 36 53 12 25 17 22 26 21 33 2 11 23 6 6
6 5 23 5 10 5 48 35 20 43 39 19 23 29 12
21 1 26 10 18 3 32 40 29 3 21 5 43 15 49
24 6 17 14 33 40 29 2 0 24 4 61 27 18 1
6 41 23 42 12 26 14 0 7 4 46 21 40 23 15
31 34 25 22 11 40 26 35 23 40 5 1 12 26 11
29 3 38 13 37 26 32 30 30 24 21 25 30 14 4
0 19 31 11 59 2 15 6 40 48 14 0 24 14 0
46 32 30 13 9 35 47 8 25 20 1 18 22 10 17
12 33 25 4 40 26 9 24 14 3 7 31 24 44 38
17 0 38 7 3 8 4 4 28 29 6 41 26 54 35
3 5 8 44 37 10 36 46 31 10 16 6 19 27 26
18 31 43 2 2 22 16 28 32 9 11 52 5 25 29
24 31 30 26 40 43 8 32 34 3 1 1 21 19 20
27 27 3 12 31 30 41 61 8 20 15 2 14 5 13
14 22 6 46 26 67 29 3 7 2 7 18 1 24 12
24 10 6 12 18 11 26 21 17 21 53 58 12 16 17
49 24 1 43 8 18 21 20 25 12 20 23 5 13 46
7 3 50 14 22 16 37 22 36 35 24 20 5 23 26
18 32 23 10 2 14 28 29 23 1 51 10 2 27 48
2 19 47 29 23 6 29 17 19 18 11 20 56 23 9
23 8 13 64 24 8 0 38 4 16 8 27 36 8 25
16 33 15 14 46 24 20 6 2 7 18 1 35 34 48
17 1 46 3 0 8 35 27 32 16 57 13 9 3 28
11 18 2 5 7 19 23 55 15 13 12 35 5 31 53
2 10 17 4 40 53 14 42 35 31 6 27 7 3 18
41 39 13 45 22 9 31 13 28 21 23 0 4 34 6
32 34 46 4 27 5 9 20 32 3 16 39 24 32 2
33 2 15 11 9 45 31 18 30 46 10 25 35 14 4
5 31 5 12 16 53 39 36 23 8 2 24 2 9 41
2 6 7 12 16 1 20 15 11 83 6 1 30 28 15
45 32 29 11 11 15 24 9 9 50 41 1 7 25 0
10 31 16 12 20 30 6 23 34 15 29 6 58 17 27
8 52 27 18 26 8 3 28 12 10 32 29 5 23 44
001101100100100 110111010101110 010000101010111 111100101100111 111100001100111
100100001010011 110110101010001 011110011101010 010110000001001 101000111010010
010110101101111 010010110101000 010110111010111 010101101100110 101101001011100
001111011011001 111100110001000 100000101100101 110010000101011 010101110100001
001110101100011 110110001100000 011000001100111 001100011111011 100110001001110
010010110011101 111100100011101 001101001001100 010100000000010 000110101111001
010001011101100 110011000011111 001100011111110 010000010100001 111000111111100 000100101111000
111011111000000 001000000001000 110001111101101 001111101001001 110000010001100 001001010100011
100100010011010 100111100110010 001000100001110 100100110110111 000010110000001 011011100000011
100110100000001 100110011000001 101111100101011 110101010000101 010110111011001 000101010011101
100110111001110 100110101110111 100100001110101 001101000010101 010001011101000 101000010010001
101100010011011 001000001111110 111000000011111 100001110010101 011110011110010
010011111011111 001100010100100 101110110100000 011111110110101 000110011111010
100010010110100 011000101111100 111100100111110 110110111011000 010011000111001
010101010011011 101111100000101 001010101000000 001111011111111 011101111001111
000010001111100 001011011110001 010001000001101 011111010001101 100011101101100
101010111110011 001011011100001 111101001111011 001001111101101 111110001101001
010000111010111 001000100010111 111010011100100 011000111011110 111100001010011 100100101011111
010000101010011 101001111010101 011111000011100 110011110011001 010011011111101 010100111011010
100101011101001 100010010010000 111001100110001 111000001100110 101110001100001 100010000001010
100010100100000 011101001010101 000010011111001 100010000011000 110110110011001 101000011010101
011100000100110 101001101110001 011101110010011 000011011001100 010001100011000 010011111110110
000000110000000 011011101001111 010100001010101 001101010010001 110100111101001
110101011101100 110011000000001 000000111111001 110010111001100 111000101000010
110110011110011 000001110000000 011001011001010 110011101010000 110100110000110
100111010101000 111111000110100 110001001111000 001011110110011 110101010011111
011110111101100 011011100101001 111101111000110 110011100100001 011000100101000
010011110001110 001011011010010 000101000110011 000000101110111 000100111101010
101000001100001 011001011110011 111100100101011 101000100000010 001110001010011 000001101010100
100010111100100 100001001111101 001000111110001 110111001001110 010010111001111 111100101001101
110110111010001 110010111100100 110000101111001 000100101110000 111100000100001 110111000001101
100011011111000 111011110101110 101000101001001 101011001010001 100010011000100 111101110101001
111101001010100 101100011010000 100101111101000 111011000101101 011101101100000 011100100001010
101100100011001 000101000010110 011111111101001 111011110100110 000101110011001
100110011110000 110001000100001 010010001001011 101001111011001 000111111000000
100011011010010 100001101010010 111100101011110 100010000111101 000000110100101
001111001101000 110001000110010 111101000111010 100010110111000 100111100001010
011100101110010 110111001101011 111001111011011 100010110100111 001011101111001
000111100011011 010000000111110 001101010100100 011011110000100 010010111001010
101011111011101 011010000011000 100110100011111 011010000110110 011010011010111 000101011011101
111100110011110 001010100011000 110100001100100 000010101110001 010100000110001 000001000011000
001010110011111 010010000010011 000101010001000 010001001000101 111011101101001 000011010110110
001011001110010 111011000111100 100011010000010 010011000001000 100100001110111 011000000110001
111111001101110 001001010111010 101110111110001 110100110001100 100110101101001 001110011111000
110011001101100 110011111001000 010010001001100 101000111110010 000001011100000
010111111000110 011100001010101 001110101011101 001101011110100 010010000100010
100100000001110 101100101010010 100100010001101 011010110111011 001000001110101
010011011000001 011111111000000 111111101000101 100101101000001 011101011011000
101010100110011 111010011001000 111110111000001 011110110111101 010100001011000
101101000110100 110111100010110 000001011100100 011000001100011 001011111011100
000100011101010 001010011001010 000001110101110 011011111000011 110110111110111 110111001001000
100101111001100 001101001101011 000010000111111 010110110101011 100011101011000 100001011110001
111001101011101 000010110001101 010100100101001 011101101011100 110010010011000 011111101000001
110010000011100 111000011000001 101110011001110 000100110010001 010111000101011 101011011001110
001111111111000 001110011111111 101000110101101 111100011111111 110001101101011 011100011110011
001001101010100 111111000110101 001001000001010 100001000100101 011111011011011
010000000011111 101101111100100 010001100111011 110111000000110 011001101011100
110111110011110 101101100110110 001000110001101 111001000011001 001100110100110
110101101010001 110100100001111 111101000101101 101010101110111 101011111110000
110010100001000 111011011010111 111011010010110 101001101011101 101010100000000
110100010000011 010110110010111 010111100101010 110000000010110 001000010110110
000100101001000 010110011001011 001000110001010 110010011111100 000101101011111 010000110100010
011101100011101 011101111101011 001111011000011 110011111000100 011011000100011 110001100110001
101010001110000 110011000101001 010000111001110 110110101101111 101110110001110 100100010011111
100111011110001 101111110001010 011110000010100 100010011110000 011010111110011 110010000110101
100100101011101 101100100110000 001010110000011 011100011100001 001110110001001 100011101010010
100001010100001 100010101010001 111001100110100 011000110001101 000110100101000
101110010010110 110011111101101 110010110101000 110111001011011 010101110100100
100001111000010 111101001001111 011000010011010 000000111100101 110001100100000
101000110011110 100000111101000 011000110101100 111010111110110 101101110110001
111001111110000 101010010000000 011010001111000 100100000010100 001100001100000
100000100011110 101000010111101 101111110000100 011011001100110 110001001101000
000111011101000 001110100110101 010111000111010 111001011111000 101101101100111 100110101100100
011010111100100 101110100010000 011101100010011 111100100101011 100010010001101 101000101101110
101100011101101 111001111011101 100101111000011 111111011000001 110110001100111 101110001110011
100111001010010 111000110001000 111111001001011 101111000001101 001100000000110 001110000000010
110111111001111 001001010110000 110010010001011 110111101110100 010111111000110 011001000111110
111110011110111 100101100110110 001010000011010 010000101011001 011011110100101
111010110101001 010001110010101 011101111010010 101110010011101 011000000011001
111110111001000 011000111010010 110110011001001 101100110100100 010111101100101
000101100010110 001110110001001 000010101000001 010111011011001 110001001001101
101010100100101 111111111001010 001101000100100 110101100010011 001100110010111
001101010110000 001100101001101 010101101011111 000011100011000 010101100011000
111010001110011 010011101010100 011000011100101 101110011101001 110100110111010 011100011011101
110000101111001 101101101100011 111000100100111 110111000010000 001011011011100 011101001001011
101111111000001 010010100001101 111011110010100 001111000000101 011110011101110 011001101111111
111001101000111 101101100111101 111110000111011 000001101011001 100001111010101 101110001100010
101101111111111 100001110011001 110000010000110 011000000111001 110110101100011 000100011101010
100111000000111 000100110111010 000100010001000 100111011111010 000001001111100
101111001000001 011010110111010 000100001111100 001100001100110 111001110011010
011010111000110 010011011000011 011010100000000 000000001001101 110110111011010
010001101111101 000001110000011 101000110110101 100000001100100 100111001101001
110010010100110 000101100110011 011011101000111 110001001011010 100100011101010
011100101101101 011010000111100 100111010000101 101110011011010 011111111110010
111110010111110 001000001110111 110111011110011 101010010111001 000101010100111 001001011111101
101101101011111 010111000001000 011001000010011 011100010000111 100010100100010 000000110010010
011000010011101 011100111011001 010000111000100 001000101011011 010001100010111 101011111011010
110101010000101 100010010111100 101000110111100 101011110101100 011111000000111 110000000000000
110010000101110 010000100100100 110001010011010 011000101110001 110010110101010 001000111101110
101000100110001 110111100001101 000000001011001 011111101001111 010011101011111
010000000101001 011111110011101 110001101001111 010110110101001 000111000101100
001111111100010 110010001000011 100100011010001 110101001010001 111110110101011
101001100101011 010110011101010 111100010001011 100010001011101 110101111111010
000101001011010 101100011100000 000100111101100 111100000000001 101111110011110
010010010101010 101111001001010 110111011101001 111110010000000 001110110111111
001010110110100 111001000100101 000010010100010 100110010111000 000101000000011 011001000000011
110100000011011 011000100100101 111100001011111 011011010111101 000001111100000 000000101110010
000111110000000 100001000110100 100101111101001 000100100011110 111011111111001 110111011000011
010001011011011 100001000100000 101001100111110 001110001101111 010001001111010 010000111011011
111011000001010 001000101000110 010001000001011 010000010011100 101100001100000 101011101110110
