6 15 10
15 14 44 28 37 3 12 10 11 25 38 5 39 9 37
4 29 0 48 17 39 25 17 14 55 14 2 8 13 22
25 10 18 38 24 26 4 36 46 22 34 31 8 3 11
6 21 9 60 16 18 15 23 1 31 43 11 24 7 29
53 34 15 23 28 9 19 33 8 10 31 11 5 20 37
23 23 7 35 0 30 4 47 20 2 48 19 30 10 20
14 37 10 4 40 8 20 33 18 40 41 21 10 25 21
41 10 41 5 35 24 9 8 5 21 11 2 9 27 56
21 13 23 34 1 31 5 0 10 20 24 48 42 25 30
0 5 9 55 2 12 9 12 10 21 5 55 19 43 26
26 9 19 27 14 34 43 14 9 50 23 9 1 31 24
44 4 6 30 29 54 17 30 3 23 29 3 11 25 9
22 36 45 22 37 14 26 43 12 28 15 15 14 6 5
12 3 18 55 5 18 47 26 18 36 21 17 21 12 15
1 11 40 21 9 32 33 14 42 8 30 27 8 43 5
4 27 4 4 13 36 23 18 30 46 38 10 30 34 18
8 12 19 9 8 18 13 4 56 58 38 9 13 20 11
17 66 24 13 1 44 34 3 2 3 17 3 3 8 33
36 14 16 4 29 21 23 30 16 16 58 19 2 32 16
21 56 8 18 6 16 43 10 43 19 18 13 13 32 2
39 31 22 7 20 4 55 34 13 30 0 1 18 27 17
27 1 53 43 24 15 17 12 19 19 15 23 16 40 2
3 28 12 12 57 26 14 34 43 19 6 12 28 9 21
15 67 1 16 2 8 12 17 11 16 40 6 24 31 31
18 54 11 6 23 51 12 18 18 13 1 41 25 9 11
56 7 17 35 30 6 10 20 26 19 16 4 18 44 17
9 6 27 5 22 36 62 30 18 21 25 2 5 7 32
8 31 20 26 24 24 33 46 26 1 6 11 45 5 26
12 54 6 7 18 12 27 23 8 67 16 4 13 6 9
6 29 36 26 29 14 26 10 50 1 10 18 46 0 18
16 9 25 2 1 41 4 3 19 23 9 53 5 59 11
10 4 12 17 1 20 62 11 41 33 42 4 14 17 5
14 7 14 29 4 3 63 52 12 28 23 17 7 18 3
9 5 22 17 56 26 32 6 1 24 21 49 11 19 21
10 30 8 8 16 36 14 34 4 27 15 19 25 62 8
6 10 20 32 6 10 4 3 27 24 65 39 13 30 8
8 5 25 31 45 25 2 10 9 25 36 7 6 14 58
8 47 47 20 43 9 34 11 8 7 15 24 28 4 13
1 22 38 5 58 23 4 7 11 30 39 10 9 14 35
23 34 29 15 0 19 19 14 12 32 3 7 1 63 33
40 6 30 25 2 4 29 1 23 37 52 11 6 32 12
3 35 41 4 5 27 27 1 38 43 8 26 5 3 38
7 7 15 19 23 17 26 6 12 20 31 29 54 29 43
14 28 39 1 0 32 47 1 11 52 16 13 14 26 10
0 17 43 34 48 12 30 1 2 30 32 16 31 10 11
14 13 22 7 23 14 34 73 29 8 11 12 7 9 27
16 34 12 16 29 20 25 26 50 4 10 18 26 2 46
20 7 11 31 19 33 31 11 42 4 48 11 17 11 34
57 28 18 36 24 3 4 21 22 15 46 2 18 9 7
7 65 4 4 0 32 18 22 34 1 36 0 24 3 28
30 26 34 27 26 2 38 1 19 26 23 42 18 20 17
41 9 33 31 30 3 32 12 8 26 51 26 8 9 7
10 31 30 3 29 46 17 40 31 16 24 28 8 19 13
10 22 9 9 1 16 32 4 41 33 48 0 3 48 24
41 9 25 21 22 1 38 42 24 1 23 10 25 9 40
0 50 45 28 15 1 0 35 19 9 52 1 1 5 13
18 18 33 17 15 6 0 29 19 15 6 41 67 8 7
37 34 19 51 1 14 14 37 18 1 13 45 7 13 1
8 53 1 42 18 0 34 14 32 8 44 7 15 1 19
39 62 42 0 3 13 20 30 10 10 23 13 21 7 7
101101011000110 110000001000010 100110100001011 010011110101011 100000100101110
100100000000000 100011101101101 110010101001011 111100100100011 010111110100000
001110000010010 111001111111110 111000001111000 000011000100111 001100010010110
000100011111101 010011111001000 000101100011011 000100100010111 100110010000000
111011000100110 010001111101001 010100000001101 010100010111111 110110101100001
000000100001000 011110011101101 011000000101000 001001011011101 001011110100000
110100100001111 000101110111100 110010001110110 111011100111111 000111000010110 101010111111110
100010100111111 011101001111111 011110111011110 111011010010101 100110100111100 111101000111000
011110011011111 101101010100101 110110101010111 111000111101000 100010111010001 001101010011011
011111110010101 011011111100001 010111000101100 111111100001111 011100010100001 001101110001000
000000010101001 010100001000101 011000001101111 101101000100100 100000100100111 111111011011111
001110100100011 110100101101101 011100111111001 100000100100000 010100111110011
111011110001000 101011110001000 111011110110011 010000100110001 001000110000010
101100110010001 010101011111000 001100101101010 010001111011010 100010111000010
011001011010100 001011010010001 100110001110001 110001101011100 010101101101110
001010110000010 000011111011111 000011110100101 110100110110001 101001111011100
110101110111111 110010001001110 101010000101010 011100000010010 100111100101111
011101100001101 000010001111010 010010111111010 010111111101110 110011101111010 100010111110111
111001010010111 111010101101000 000010101000100 010000111001001 101000101010111 010001001010001
111110100001111 111011011011010 110100110111001 010000000100100 001111100111001 101010100011101
100110011101001 000110000111001 010010100011110 101111000111011 001000100100100 100001100011001
100000010000000 001100110010111 011111110101001 001001011011111 010110010111101 001101110100111
010001010111001 010101000101100 001001100101000 111111101010001 011000111011101
010111010011101 111010001110100 000010010011010 111001000110010 001011000001100
111111111001100 011111100001101 110001000111011 100010010101000 111011110101110
100101000110010 101110101001001 111010101111000 000000011000101 100001111000110
010011101011011 001100110110110 101010010000011 010100101010111 111101001011000
010011101100111 100001011111100 011000000000110 011001011001011 001000100111100
001100100110010 000010010000011 100100111101000 011101011100110 011001010110100 110010101110100
001101100111000 010100011110010 100100000101010 101001101111001 101011011001010 110101000101110
000001001011111 010000100011111 011111101000011 010110111011000 111101111100000 111110110010010
101000000100100 011010001010001 100010100100100 000111110001001 010010001010100 011010111101000
000011010101011 010100010100111 101010100101000 000001011010101 010100010001101 101101111110111
010000101111110 010100010111111 001101101100000 100101011111010 111110101111001
001011110111110 011010111010000 110011111111110 111001101010011 111001010000111
011101111000010 011001100111000 000000000001001 011100001011111 100110010111111
101001000011101 100111110011101 100111000101010 000101111111111 011100100011101
100000010010001 110110101010100 111000011101011 011010110001010 000111111000110
011011000010001 110110011000110 110001011101110 000101011001000 011101000010001
100010000010100 111111110001001 111001010010010 000110000010110 111000111001010 101110000010000
101101110001100 010010010000010 101000001011001 010000101111110 110111100100111 000001100010101
111001000001011 001011100110000 111011100001110 111010010011001 000010001110100 011111010101000
011111111111100 110001010000010 000101011001010 110011010011001 010010101010110 101111101011101
010001000011011 000111011101011 100011000010010 011110000010001 110100001001010 111101111100101
101110111101011 001110011110011 100100111000001 110101000001110 011111010111111
000101100111010 011100010001110 110100111111110 010101101001101 010011000100111
000101010001000 101011011011010 000111010011100 001100101111100 001110101011011
100011000010101 111110101011110 001101010010010 110010001011100 110110001011100
111111001011001 100110100110001 000101011000000 001010010100111 000000010001001
011011111110110 110000110101010 100010010000001 000111111110111 000000000011001
110000010110110 011100011011001 010111100000000 011001000000001 100111000111100 100100001101001
111001011100110 110011101100001 100100000000110 100010100011111 010011001110111 011111101111111
010110110011111 110111111001100 011110110100000 001110000101001 000010001101110 111010100010010
000001011011001 010101000111011 010101101011011 101001011001111 100001110110111 110001010101010
001001100011100 101000100100010 000011101101100 100101101111110 000101111101100 101010011010010
010100010110001 010000100011000 001100000111110 010110001101110 001101000111011
010111100100100 111011101001011 101101010000011 111101100110000 100100000010001
100001100101100 110100111111010 101100000111000 100100100010000 110111010100001
101110110101010 100000011011111 100110101101001 111101001010101 000111101000010
010101011001111 000010001011011 010110011001000 101001100011100 111111010011101
111011110010010 111111000010101 111110011001110 100111101010111 011101001011000
010000111010110 001110111100011 101010000110100 111110011110000 101011010101001 101100110110111
011110001000101 001001010111010 110110111101001 011011010001011 100011110101011 101101100001010
000101000001101 001110001111111 011110101001000 100000011011100 111001101010011 000110010111010
101111010000001 000011000001000 001101011000110 010111010100101 110011110101001 101111010010100
101001100111100 001001101000001 101100100100111 011110110001000 011100101111101 000100110001011
010001010110110 000011110011011 010101101001100 111011001100101 101110100001010
000101100010100 001010101100101 110010010000001 011110100110001 011010101111100
111011011101010 110101111001111 011011011110111 001001110011101 011111001100111
000001110010001 000101101101001 110110101100010 011110111001001 000110101111100
001010110000111 000100100011000 101000101111101 011111110101000 101000011101101
100110110010011 000000110101100 100011111100000 111101001000010 001110111001111
011010101110010 000001011101011 100101110000010 011001000011001 011000110110000 010001011001010
111000110001010 011111110010010 000111101100001 101111001100110 011011110111110 011010111111010
110000001111000 000101001001110 010110101100100 101001110101011 000011101111000 001011010000111
111011111110001 011001000111010 111010010101001 010000000111010 100011100011100 010110100110010
100010000100110 111100100001001 010010100110000 110010111101110 101010011100101 000011101110000
101010000101010 000010000111111 100010011100000 101010001110100 001101111110001
000100101110011 010100010101101 111100010100011 010110101110110 010100110000001
100101011100001 010010111011010 011001010001000 111100011101111 011011101000101
001000101010111 100011000111010 000011111110101 100111001011101 110000000100011
110100110101000 011111100110001 011101111010101 011101111111111 011101111100000
000100110000000 001010010000010 001000000100111 101001001110110 101001010001010
001110100010111 000100101001001 001001000110100 010011010011011 001111001001001 110101001011111
010011111100010 000001011010010 111111110100010 001011001010011 100011100111110 110100000001001
111001100000101 101100110101111 011011010000001 001000110000111 000000111000011 111110100110100
110000101011111 011000101001110 001100100110001 111110011101101 101111001010001 010000011011101
000110110100001 000000110100100 110000011010011 000010001011110 100010001101011 011100110011010
000110100011000 100110101001001 001111101100000 011100001011101 000010000100001
111000110101011 110101101100110 101011001000110 011011111000000 001111001110110
101100000101101 000101100100100 100010000000110 111101100011111 101000111111100
100001111101001 110100100110110 101000100101001 000101000000100 100111101111000
111111000011110 011000000111000 110111101001010 010101110100100 110100000010100
100000011011011 011101101010011 001111111101100 000101001110011 000101101100001
010110101001000 011100101100110 001111001101010 110010111101101 010001000010011 011110111010101
110111111100101 101100110001000 010000100000111 110100101111100 111111001100101 011001110101000
011011110100000 000110010011011 110011000011001 110100100001100 101000110110001 001100111111001
011000111010011 101001111011010 100110101100010 001101000100011 101111100100011 010110100000101
111010100101010 110111010110110 110000100110001 110001001001111 001111101011111 101100011101011
001100110010100 100010100111101 111110110000010 010111011001101 011001001110000
011110001010010 110111000111001 101011110000111 010101011001100 000110100101001
111110111100111 101111000001111 101001011101011 100110110011001 101011111100010
101101001101100 000010011011101 100010000100111 111101111100111 100101100111001
111001100011101 000000011110100 000011000111111 110101001011110 101011010111001
111111111010001 000010111000001 011110100011100 100011010111100 110111010111001
011010011101001 101110101111010 101110010001110 010001101010001 110100000100000 100111001111000
110010000100010 010101111111101 111110001100010 000010100100001 000110011000010 111111100010111
001000011000011 101001001000011 111001011100001 111011110101111 001010100111100 100101100011111
100001111010000 010011110011110 110010001011010 011100010100001 010101110000101 110111100010100
100101011000010 110110000001101 010001111110010 000001110101000 111011100001000 001110000110011
