6 15 10
24 39 39 1 16 6 33 4 11 19 11 50 9 25 35
37 10 18 12 8 33 4 8 18 55 38 1 9 20 39
42 4 16 30 33 4 16 28 40 29 19 23 17 13 35
5 23 27 11 28 1 32 49 26 12 23 48 18 14 16
37 30 7 35 27 13 3 13 3 64 0 10 4 34 3
16 17 6 30 17 16 19 6 48 4 17 4 31 19 60
49 17 25 10 16 17 13 13 18 9 11 2 45 8 56
17 38 37 8 2 9 59 3 43 0 24 11 5 25 7
0 25 15 29 46 22 14 26 12 33 38 46 8 3 2
39 11 21 43 0 31 29 37 19 28 9 31 6 3 26
11 25 19 11 26 23 15 33 27 23 19 24 21 60 3
31 27 29 37 16 16 12 44 40 29 20 10 1 14 18
12 40 17 2 4 19 35 13 6 6 0 74 16 5 19
9 49 37 24 24 19 22 0 9 51 25 11 1 4 26
23 51 9 7 33 42 36 22 7 1 28 7 7 9 32
20 39 12 37 4 11 12 21 3 3 19 55 36 32 9
62 9 7 18 2 26 25 16 29 16 1 32 20 39 12
23 1 36 24 8 11 26 5 30 23 54 6 11 43 19
6 8 15 33 21 8 52 9 38 52 2 16 17 24 4
22 38 41 15 29 1 14 31 10 27 47 8 18 21 18
26 48 6 40 35 45 7 5 14 11 18 5 28 15 17
6 68 0 21 6 1 21 2 11 35 22 39 7 32 0
13 23 11 13 30 19 14 10 47 6 28 19 35 50 21
16 12 19 29 24 17 4 11 13 4 35 61 45 16 3
23 20 43 19 14 17 17 23 10 24 26 6 48 42 14
32 11 21 33 37 43 14 18 21 2 34 40 1 21 2
18 7 2 31 30 2 36 10 11 37 36 3 57 4 16
12 15 59 26 43 17 23 0 12 10 28 10 16 1 36
26 8 25 21 0 17 18 28 26 46 38 19 11 43 14
19 44 5 13 20 37 1 4 21 14 33 0 11 61 9
17 21 23 49 12 55 21 18 8 19 20 21 21 3 27
1 7 33 9 24 37 3 38 39 34 1 7 34 22 32
28 20 34 1 29 8 54 46 1 5 13 26 13 22 11
5 33 32 41 17 16 1 26 20 19 51 7 21 30 18
54 6 1 6 5 2 7 9 23 2 47 37 52 2 5
11 33 3 24 14 23 34 6 8 21 57 7 9 25 43
2 20 23 30 35 40 39 27 24 21 18 4 12 27 29
46 0 4 31 18 23 31 14 24 5 27 22 10 53 11
18 19 39 33 5 10 36 27 23 21 45 14 18 16 29
25 15 0 11 5 2 52 33 16 23 15 8 25 23 54
21 3 42 7 26 53 41 8 12 28 4 24 27 1 15
3 14 14 38 21 23 28 11 22 8 27 5 62 35 6
13 32 26 38 45 19 21 25 25 6 5 4 16 13 45
26 14 24 31 22 35 26 39 42 15 5 5 12 16 35
29 20 6 2 43 13 8 4 67 6 20 14 1 19 33
26 18 15 6 14 9 38 16 23 41 14 5 60 24 12
14 9 21 4 27 9 40 49 27 2 14 21 37 35 22
60 19 10 13 19 13 61 13 3 19 23 3 1 13 18
22 14 56 37 2 38 7 3 25 19 11 31 25 11 22
74 25 15 22 6 4 4 35 11 6 7 12 24 21 22
21 10 60 37 23 47 21 15 16 4 1 16 23 4 8
3 21 43 25 37 22 9 6 9 32 4 27 37 32 28
7 18 15 19 25 11 17 13 57 39 22 24 8 16 41
10 43 20 5 5 12 7 11 37 37 1 6 8 66 9
12 12 51 37 15 17 16 40 0 12 3 39 35 11 17
12 6 22 17 1 6 3 65 20 36 0 38 6 28 28
21 16 45 4 18 28 18 1 14 27 3 4 41 55 16
61 11 11 12 22 18 30 10 3 21 41 40 14 4 13
27 5 16 2 26 28 12 41 33 23 44 11 0 13 44
12 8 0 11 2 55 1 26 12 73 11 14 6 5 9
010100101011101 101110110111101 100100111110000 100100011011001 110010011110000
111000111111010 001001111111001 111110111110101 111000111110100 010010010001101
011111100001010 111011110110101 010101101001101 101101100010010 101000010110001
000010010110001 000100101111001 110001010001010 101000100001110 101010000000111
111101101110111 011100000110111 010011110000011 110011011011100 110111000010011
011001011100001 001001011100100 101110110111110 100101001111100 001010010100100
001101001001011 001011010111001 001100101000011 010000011000000 111100100011010 111110100111000
101011101111101 010010101011001 110011100110000 011001101110110 110001010000011 011010000001101
010111000001010 000110000111000 011001000101000 110101111011101 011111001100010 011000001101100
111110011011110 111011001101101 110010011000010 001110100101011 010111010011011 111111101101000
110010010111101 100010100100110 100111111100010 001000010011111 001111100010110 000011010100000
010100011001110 001100110000000 110010001011011 010100010100001 001101001011000
000001001010011 011100110000111 100010100110110 001100110111100 001100100000001
100000010011100 001111111010110 110110100010011 100001111100010 010001110101010
100111100011000 100010100101110 101111011011101 101100100110011 010011100000000
001011000100000 111000000100001 001001111010111 110011111110100 011111101110100
000101001001101 111001100011110 001110011010000 110100001100101 000000111001011
001100010010100 010010000011001 101011101010011 101011110010111 101010110111100 110100001111100
110100001001100 100100010010001 001100111011000 110001000110000 111010010100011 111001011101001
101111011111001 000111011000111 011000100011100 111100010011000 100111101110001 000100100000000
001110101010010 000110111000110 000101100111000 001111111101100 010101111111001 001000100100001
111000101011000 110111111101000 101000100111000 111000001111111 100000000100100 010001001010010
011011100001000 101111110011110 001111001011101 111101000100111 011101001100011
000001001101011 111111111110000 110011100110111 000111000100110 011011011100110
000001001000001 110011100001110 000010110010110 010100110010001 010101011001010
101100011000011 101100001101101 011110100100001 010110110100001 011000100010000
010101010100101 110010010001000 000010000000101 111010001001100 000110010000011
010100010110010 010110101001110 101110011000010 001001100001011 100111001100000
101011000011000 110111100001001 000000101010100 001011001010000 100101010000011 010001000111011
001100000011001 000011000000010 001001011011110 000010011010011 000110001111011 110010100100011
101000111001000 011000000100000 000011011011100 111011010110111 010110111101011 100111110111011
000010101010011 011011010001000 110110101010011 011001000101100 100011111000111 100000011011111
100010000110000 001100100110100 111001110000011 100111100111000 001100110001011 010111110100100
001110110111000 010110110001000 111001100110010 000100100111010 100111101000001
101111010000101 011011111111100 000010011011111 011100010100110 011011100001101
011001110101000 000110011001011 011101000101110 110001001011110 100011011001001
000110001111111 011110000011100 101100101100111 101111010111010 101000001001100
110011110001001 110101101000011 111100000101101 001000110011100 000001110011100
100010110011111 001010011011110 011000100001010 001001110011111 110000000101110
010110001111010 111111000100001 010001100001010 101110010110101 100111001011001 001010110001101
111000100110010 000111010111010 110001111011010 000010110010110 001111101001111 010100001100010
001110001111101 011010110111000 011101111101110 001101011110101 011111111101011 001111111111011
111101001010100 100010110100100 000110111000010 000100110000000 100101000100010 110010100101000
001011110101100 011100101001101 000000110000000 011111011001111 100010010000111 010100101100111
010011111010100 000111001001101 010101000010011 010100001100111 010010000011100
000000011010110 000100011110001 110101111110100 000011100001110 000001001111110
000101010011110 000111101011011 010111100010010 101111011101111 111100110000111
011000010110111 100011010001000 000110000001000 110010111001101 011011011001110
111011010010001 101010011111011 111010101111001 011011010010110 000001011010111
001000001010001 101011101100010 110111010110010 001011010001111 111011010000000
111101011111100 011101011011100 010101110101000 011101001001010 000000011010000 110101001100010
101011001111101 010111010000011 010001100100010 111101000011001 100100000010110 110010010000101
111000011011101 001111110100111 100010100000011 101110101011100 101011110111011 100110100111001
110110101100011 001011000000101 010011010111111 001100110110110 100010111000110 100110100110001
111111000110000 001100000011011 101111000010010 101011010111010 000100110110110 111010011111110
100111000100011 000001011010001 111101001001100 010011100010101 001010110011010
100011011100010 011010001110111 101011000110010 100111110100000 000010010100010
011011001010101 001100000001001 000111101110001 010110101110111 011100011111101
111111100001100 110111101010110 110110100111011 110110010010101 111111010000000
101110001101001 010000000101111 111110110110110 001011110001110 100001100100100
010111100010001 100101010110010 010010010010100 010001100000100 000011101011111
111100001011111 000100000111111 101000110111011 000101100001100 011101101010010 010001100001110
010000000001001 111000001000011 111000110111010 010100111100110 111011001110110 110100110110000
010101100111100 011001110010000 000001111011011 001000100111111 011100100111111 101010110101011
000010111110101 011110110110010 010100101111010 010110100011110 001101010010001 010011101111111
101010000001000 100001001011110 111001010011100 111011011101000 111101101000110 011110010010010
011000010000111 111110010010100 101010100110000 000100001100011 001111110100001
110100100100110 000001010111111 110100010101010 001111110000111 101111100101110
100000011001110 111100010010000 110101111100001 010010001000100 000110100100111
011001101110000 111101110001001 011101100100000 010101100011110 110000011110101
100111111110110 001100110111101 011101001110100 001100010101101 001111111010010
010100110000000 001110110101101 000001100110101 111111100011101 110010101001010
010010100110010 011000110001011 101101111101000 000001011001100 010101110110111 111001100000111
011110101010000 100100011000000 001010011001010 010111000111111 101110000001001 100011110000100
110110100001101 101110110001100 010001010101000 001000100011010 111010110110101 001010011111101
001110000001010 010100110111100 000010101000101 010011101000001 100111101001001 100000010010001
001011011000011 000011010000001 000101011100111 100010001011111 100001001110011 101001001001001
000010100110000 101110010000001 100101011110000 101111101100110 001010011000110
100111111011000 101001100010010 110011100011111 111100111111101 100011111110111
010000101100011 110100101011101 110101011000101 111001001110100 010111101000111
110101110110111 001110111000010 001010010000100 110010000100110 010000011000001
010111001000111 011110010111111 010101000000110 100101111100000 111011101010100
001111010001100 000001010000101 100101110101011 111011111100101 001000110010110
001011110001101 010111011110011 111010000110001 110001110011011 111000100111101 001111011001111
011101010011000 010111011010110 011000011101010 001000011000001 110011101011001 110011111101110
100111110100100 001111000101011 000100011101011 011000101111110 101100000000111 010111010100110
111111010000000 101010101111001 011100100100110 110100100111001 100001100010111 001111001100110
010100011110001 011101011110100 101111100101000 101101101011010 100101001110110 100011101110010
001001011111100 011001101100001 110111101011101 110010110101110 101010001101110
100101010110000 001111111111110 110001100011011 100011110101111 101011010111110
001101000010110 101100010101010 100110100111000 100000100000000 101010111010111
110001011010100 000001011011100 010000011110001 001111101101000 100001111100001
111101110110000 000110010010001 110101011100001 000000011111001 100001100010111
011100110011011 101100010111111 110011010000010 010001100110000 101010001100110
110011100001111 000010001101101 101101000010000 001010000110100 111010111011001 111001110110100
111011100011100 111100000011110 111001101010001 110100001100100 000011010100000 011101010010011
101010110001110 111110001011101 100001110110100 001110001011000 110100011110001 100101111100100
100010000100110 010000110011100 000110111101011 101010100001010 101011111001101 101010101101111
010110011101000 001111101111111 100110110101000 110011110001110 000110101110000 111000001111001
000010110100000 011011000011010 000100010110110 111011101110010 000110110110000
010101110000011 101101011001010 001100101100101 111111111010100 110001000000100
101101000110010 111101101101001 101010000110111 010001010100001 100110010010000
110010100011011 001111100110000 101100001111010 011111110110101 111010001100100
000110001000010 010101010101110 101111010100101 100101110011111 011010100101010
011011100111101 001000000011101 110101011100111 011101111100000 110011000001001
011110010111011 000010010101000 001101110011001 011001000010011 011010110001000 010001111101000
110100010110111 100111010111001 010100000011111 001010111111000 111110101011000 110101111001101
111001011101111 100000000000001 101101011000110 001010101011101 101011111111010 110111000000101
100110110110011 100001111111111 000100001100001 011001001110111 110000000011110 010111110001100
100111001101010 010110010011000 111000100100010 111111111011011 001101010111000 110010010010001
