6 15 10
0 7 28 6 28 26 26 10 54 19 23 11 39 3 38
8 40 12 38 34 45 7 0 3 2 49 12 25 19 2
30 15 33 36 30 30 4 33 11 19 22 15 3 23 43
21 20 20 18 74 31 5 24 23 0 15 4 14 1 19
12 16 38 3 33 19 17 50 6 14 35 10 16 17 42
63 23 16 9 6 3 5 5 24 12 0 24 2 32 52
14 1 28 6 28 6 5 57 13 32 25 9 6 48 25
7 20 23 30 34 7 8 56 18 14 21 45 1 27 6
41 28 27 16 37 11 11 11 21 23 12 20 14 54 13
20 8 24 34 31 32 34 39 24 32 9 6 27 23 10
12 22 47 21 35 1 19 31 31 3 8 13 12 53 5
37 21 18 67 8 5 0 20 11 36 13 13 26 20 10
5 27 13 0 41 43 24 17 10 19 31 42 13 1 35
41 9 22 37 39 15 6 13 57 4 12 19 25 3 8
7 9 5 31 16 15 2 40 19 8 13 25 40 61 14
13 36 18 1 40 9 10 34 2 32 7 45 42 19 3
2 41 28 9 0 6 52 5 18 31 12 27 37 33 7
5 10 13 6 11 13 30 4 21 20 67 13 48 14 20
11 2 14 1 8 36 23 8 11 28 35 53 8 45 26
18 16 41 15 20 7 15 4 36 19 36 20 58 2 9
16 5 39 8 19 35 37 49 6 12 11 28 22 32 11
1 74 0 11 24 2 3 4 2 49 22 7 24 11 9
11 16 35 9 49 22 39 3 42 35 20 18 8 7 9
7 18 38 26 19 24 17 21 0 54 34 17 19 33 8
6 1 14 4 9 5 2 1 27 47 37 65 9 25 18
4 19 30 19 49 36 41 24 3 14 35 8 12 28 6
16 10 1 35 30 25 0 41 38 7 29 3 18 49 11
16 31 5 19 14 51 16 41 1 3 17 37 45 3 2
4 23 6 33 2 18 11 7 10 22 43 21 48 14 50
23 41 1 30 5 48 26 14 23 26 13 32 11 27 20
16 30 16 17 26 26 18 9 12 36 14 19 13 63 18
44 15 18 35 24 1 16 22 14 25 19 8 10 26 55
23 31 9 14 21 24 9 5 44 2 31 10 31 55 12
12 7 31 13 46 3 46 47 8 21 16 17 31 14 7
28 12 32 38 41 1 3 16 54 10 8 12 26 2 25
54 14 40 18 9 33 16 13 1 38 21 9 9 33 18
11 11 31 12 24 23 48 4 17 64 3 15 22 1 12
6 16 31 47 13 59 22 22 24 2 15 29 12 1 10
34 15 29 25 34 34 5 31 10 11 18 1 14 22 51
32 30 18 6 2 24 3 40 10 15 40 56 16 9 17
10 14 43 29 17 45 7 5 30 21 13 42 25 29 2
28 8 60 23 3 17 48 9 26 2 23 1 27 20 9
31 20 33 24 32 1 7 4 15 16 16 38 3 17 59
0 25 12 9 43 7 12 24 21 33 18 12 8 57 36
13 16 22 54 14 8 4 29 10 5 21 17 17 2 62
29 38 15 9 13 29 28 8 6 27 50 30 28 22 14
6 3 21 10 23 8 32 43 2 22 11 66 29 2 10
9 36 1 32 6 29 32 8 17 28 36 27 20 21 41
10 24 24 31 8 38 25 29 12 13 45 17 31 34 3
48 20 15 6 3 8 20 53 5 9 17 16 13 21 50
27 41 14 65 3 12 2 6 3 27 1 9 35 17 27
46 17 53 25 25 20 11 25 30 15 14 8 9 21 23
11 32 50 45 17 16 19 13 1 8 23 12 39 15 28
46 20 6 27 12 16 17 4 25 2 1 42 14 51 27
12 46 2 37 42 11 11 19 11 8 43 34 7 17 22
70 34 7 12 20 2 11 7 21 14 15 37 20 7 21
31 2 31 16 34 14 33 20 31 17 1 27 54 11 6
31 17 3 2 34 5 55 6 7 45 1 26 12 38 13
49 3 26 6 13 28 28 55 11 13 29 12 29 6 2
14 54 25 13 8 12 1 11 16 22 25 32 30 35 35
011000010010010 111100010100000 000011001111100 110011000010111 011010110011010
110111110000011 000000010001001 111001001101001 100010011011010 100110110011001
111011001100010 101101111010011 010010010111000 100011001101111 011110111000000
010000011011110 111011101000110 001000011010100 001110010111110 101111110100000
111001000010101 100001110000010 001010001100011 101101000010010 100110010001010
000110111000111 001110100010101 010111000111011 111010101001101 101001110010011
111100110101010 111110110000001 100001110011100 100010110011001 111111111110111 111001110000010
111001101011100 111101100110111 000101001001101 111110001110100 011010000000010 001111000001110
110011101010101 010110100101101 001100001100100 100111000101001 111100101111000 011001101001110
000001111101010 001001110000101 101000111010010 100110000111110 001001111010010 100011001011010
100100111001000 110111111011110 001101010111001 010110100001101 010010101100000 110010000011111
010110011000001 110101010010010 000011101100110 011101001010001 110001000101100
000011001011110 101101101010001 100100110001111 001110110110110 000011110010000
000101101101011 111001101001011 101001111011001 011010101110011 111110100101111
111010000011111 101111110101001 101010001110010 110111011010101 010011000100011
000010000001110 100011101011111 101110001111010 110110011110100 010100101111100
001000101111010 101100010010001 000101011011100 000100100110100 101000011001111
101000011101010 101110010010000 011111100110100 101010111101111 000001010011101 000110000001101
011001111100010 001010000100101 101100111000110 000001101010011 000111111000110 000100000111001
011010111000010 110000001111011 101111100100011 111111110001011 011001101100000 010101011100000
001000101100101 100101111101111 100101110101101 100100011010100 100010110000101 001101100010000
000010010111101 011110011100011 010100001111000 011010101110101 000100101110111 000100011000101
111010110010100 000001110101101 111101010001100 100100000011101 100100111010000
011100001101101 100001011111010 000001111011010 101010010101000 011001011111100
000010001000101 001101110101011 111001101000010 101101111110000 101101111000000
101001101111111 000111110010000 010010000100000 110111011111011 010111101011000
000101100010101 010100011101100 011000001110000 100111110111001 000101101101101
101101101110110 001111010010010 100011001100110 100110111101110 001001011110010
110000111001111 110000000000110 001011010101100 011110000010110 010101110010101 011001100100111
111010001110000 000101100111000 011011100110110 011101000101010 101111100101011 101010010001111
110101001010110 000110110111001 100011110010011 111110010101010 101101110111100 001010100111001
000001110101111 001010110110001 001011010011001 101111101011100 110010101001010 100001000100111
010000010100011 010110100101000 001001101110111 100011010011110 011101011110011 101111111011100
100001110001101 011100010011011 110101011100010 001011001111100 111101001010011
100110111001110 011101000000100 110110001110011 000000010001110 001100010001110
100100101100010 001001000011110 101000110010100 010010011011011 100001101111110
001100100000100 010101011001101 111011111010000 100111000011100 100010001101101
000100011111001 100110000001011 111110110110001 010001110001000 000001000001100
110011011011101 110001101000100 101111010110111 001100000000110 000000111100011
100111001111011 100011000001000 101000011000001 100111101110100 101000110101111 110111111010100
101111100011011 011100001100110 110101011100110 000011100000110 010111010111101 001001001000001
100101011100111 011011110011011 011011001110001 001011100110001 111011001100010 010110100000100
110010010011110 001111001001000 011110111111110 010000010101110 011011000111111 001000100001001
100010110110100 100000000010110 001001011011001 111010111011000 110000011110111 111000010000110
100110011111000 000101110101000 010110101100000 001011001010100 100100111000000
110101001011010 010101001101000 010111010000011 010010010100101 111011111100100
100110111100000 101101101111010 011010010110111 000001011110011 111011000111110
011011111011100 000001010010011 101000000101000 110001110110010 111111001000100
010011011010110 011001110110010 110000011000110 110101010110000 010010011111100
111001000110111 010101000000001 010101101011110 000001110110010 001101101001001
010010110000100 111111111101110 011110111101100 101010100001101 101000111111110 010101000000011
001110110110001 000010100000011 000100110000010 100110101010101 110111010101101 001011101000100
001101110000110 011101001001010 011001110100001 111101001000011 011001011011000 001111100101001
001111001101010 010111000011110 010001100010100 110010101110111 001100000001110 011110011100110
101100010100011 101001100101011 011110000011001 000101110011000 110011110110011 001010101110111
000011110100110 111001101011011 111011101001001 000001010101000 110110111010100
000111100010110 101101000010111 000100000010001 101001010110111 101100011000011
000110111000100 000111110000001 001110101000100 001010010101110 011100111101101
100011001101010 111100011001000 001100010100000 101000111111111 001001101011111
110100110101100 011100010001000 101110000101011 111101110100011 110100101011001
001001101111101 110100110010000 010011110010001 100011101111001 000000111010010
111110010001010 111010101110110 011011010111000 011110111111001 101011110101010 010011001000110
100010101000010 001110001000100 111000111101000 110000101001010 010010100110011 100111111101000
101010100011101 000111010101001 111010100000001 000110000110100 011000010011110 010101100100000
111011001011111 001010110001011 000011100010101 100001010001101 100111110100000 000011001001011
111001000111010 000001011100011 000101111011001 000101101111100 001100100000111 001101011000010
100011111110101 010100000100010 110010011100010 101000001100111 111110000111101
100110110011011 101100011110000 011001101000000 111010011100111 101011101110110
100000011010111 001010101011100 011101111000100 000110111100100 001100011111101
000111000110011 101001010010000 110110011110011 101111111011100 010110110111110
101010011011111 111100100111000 100111011010011 101010000101101 011010100000010
111111001100111 100101000111001 011100000100101 011101000010010 100100010010010
111100111011111 110111001111010 001000100010101 101000101001111 011000011001100 111111101000110
101010111110010 010001111100000 100110111001010 110111010101111 011111011111001 000011001001011
110110000111001 100011000110111 110000000000110 010101001111000 111011011010100 100111101001011
010010101111011 001011101000100 011110101000011 010011001110101 011011110101100 111110000001111
000101010110011 111111011100000 110011110110110 010110000000111 011001100001110 111000011011001
001111000001101 000000111010001 010111010010001 010111010011101 000100011111000
100111111101000 110011010000000 010001100100111 000101010111000 011010100110011
000101110010010 011101100100011 100000101101010 010000010111111 001110001010101
010110010111111 110000001000110 100010111001101 111101110111110 101111011100001
000100100100001 010110010000001 001101000011001 000000011110110 000010111101000
000111111100101 110000101111110 100111010101000 100101001101010 111110111101000
100001011100100 010110100001001 001100101001001 000011101001100 110100010000010 110000111110000
100000000110011 010110000011110 100100100101010 111110010011101 100000100101011 001100110111000
000111111111101 101011000010100 001011110001011 100100110101001 000000011110100 101000110010110
110110111010100 101100100010001 011001001001000 111001101100101 110001101010101 101100000000010
100101100000011 001001100011001 000010110010001 010101001000011 011110111100011 110011011101110
100100101110001 001001100001111 011100100111100 110001010110001 101000000111000
010110011001010 011110110111000 111001000011000 010111110001000 100110000110010
101100100010100 011001111100110 111011001011000 111110101100000 100011110101011
111000001011000 111011001100110 110101001101111 011011011000101 000000110101000
010010111110111 111001001010101 010000010110011 110001010011111 000111000101101
011110101100111 010110001011111 111011111100000 000110010011010 011000010011000
011011011110001 000001111111000 011110000010000 011101010011001 101100000100000 101001100111011
011111110001110 011111101111100 011101010000101 001001101110100 011000110110000 111000111111101
101100101001001 000010001101001 101101100100010 011110110000001 001100110101110 010100111110110
101110111001001 011111000000010 111111101101110 010010111000111 111100000100101 101010100100110
100000000101000 100011101101010 011100100001101 000111011100100 010111001011010 010110110111001
011011110011111 011101001111011 011101101011001 010010101000111 001100101010001
110101010111110 111000001111001 111001001100011 001100101001100 101110110011001
100001110100101 111110010010011 000001001111111 000000100001101 010100101001001
001100010001011 110011111101101 111110110010110 100001011111110 110110000100010
100010101111000 010011001011001 000111010111111 100111111110001 111111000000010
100000110101110 000111101111000 011101111100101 011101011100001 100101000011100
001110001101011 100110000010001 011010010010101 011001000001101 001111100001100 101110011110100
001010111110011 110001101110101 010110000010001 101100001101001 011001001000101 001101000010010
110111110110100 110011110101110 110010001001010 110101001101111 001101110001100 101111111111111
101001111001100 001000111110110 000101100101011 011100011101101 101010100010000 010100101011101
100011011110000 000111001100100 000111000001111 101100011010001 111100100111110 001101011001110
