6 15 10
11 1 57 23 19 26 18 22 5 10 0 20 37 42 26
17 23 32 4 4 54 47 13 6 37 12 13 21 3 26
19 28 34 40 24 55 17 32 2 15 24 4 14 11 3
28 1 33 17 26 4 23 6 58 23 19 30 37 2 0
3 36 24 28 32 17 55 21 40 9 17 12 17 14 1
41 1 44 23 21 29 15 3 2 44 18 7 27 33 15
16 24 16 47 33 19 6 7 6 45 34 22 26 28 5
11 4 23 41 13 33 45 30 8 27 23 16 32 17 23
19 6 4 9 7 10 37 30 16 68 5 30 26 18 16
0 0 25 71 7 1 18 17 20 23 2 24 24 6 39
36 26 56 9 1 3 14 22 11 12 51 24 16 18 9
12 1 7 10 30 52 17 12 29 3 37 2 22 54 12
26 28 22 2 6 40 13 13 12 15 2 8 48 40 42
7 31 17 1 15 6 2 27 3 55 17 38 34 33 26
11 28 24 44 31 3 39 31 26 3 44 6 3 19 4
4 12 46 6 47 19 46 4 13 7 27 17 24 8 33
20 40 43 0 4 11 8 5 4 62 18 12 35 11 17
2 28 0 30 0 47 13 13 15 31 32 30 13 40 30
23 11 9 32 14 31 12 22 21 26 29 6 36 48 31
22 0 37 28 28 0 25 3 19 4 8 26 9 10 68
13 31 10 26 26 9 4 19 5 43 38 47 7 1 37
3 36 42 22 8 10 3 5 36 30 14 14 17 58 8
27 3 5 5 4 38 9 77 25 1 6 12 7 30 6
13 25 44 27 19 6 40 45 24 6 6 34 8 6 25
17 61 23 43 13 19 7 24 19 17 26 32 8 2 8
43 16 10 23 12 29 27 16 19 9 28 24 21 44 33
51 10 9 33 1 11 12 31 15 21 38 24 44 13 10
24 1 10 2 50 10 27 2 4 18 10 7 48 17 54
5 40 69 21 13 14 22 11 10 22 16 25 7 26 5
43 2 13 14 10 19 59 7 25 11 29 30 16 6 32
5 21 7 32 37 59 38 6 19 0 0 15 11 25 28
22 54 2 23 4 10 41 6 18 3 1 36 5 47 19
55 8 32 22 14 25 12 25 23 5 1 3 35 1 46
5 19 9 27 16 21 54 3 1 29 22 1 17 48 35
41 17 43 17 7 6 36 36 23 46 4 5 7 0 21
36 25 10 2 12 25 0 35 28 26 19 25 14 13 56
56 26 8 2 32 20 37 43 13 7 25 13 20 10 0
5 12 14 40 0 3 17 57 41 21 3 30 5 33 18
28 21 16 7 14 48 4 17 9 44 49 13 7 19 26
4 27 30 6 21 17 6 25 11 37 29 10 66 5 13
9 44 6 3 49 8 10 41 33 20 38 4 19 4 19
17 32 31 12 46 35 9 16 6 56 6 22 9 9 5
42 22 24 32 4 18 9 12 8 46 9 53 12 5 20
17 32 11 21 43 30 23 9 15 24 32 8 42 26 22
7 33 36 3 4 16 39 5 16 45 14 20 48 3 23
4 19 16 17 7 57 48 11 10 22 24 9 39 26 3
15 3 57 12 22 3 1 30 7 18 4 51 41 6 16
14 18 15 14 68 19 24 2 18 21 44 7 10 15 20
2 11 20 37 18 28 35 6 25 37 22 40 16 30 24
16 15 9 6 36 45 19 33 4 35 47 8 25 24 5
18 31 16 3 8 29 18 32 26 8 12 48 54 3 6
14 25 25 40 8 16 7 34 2 6 29 10 9 65 9
5 9 7 1 6 14 3 29 31 9 52 6 4 69 9
32 32 23 10 31 38 11 39 19 9 23 35 12 6 30
11 3 6 25 2 38 22 0 27 54 3 30 14 48 15
15 33 12 10 11 24 31 41 44 22 20 6 10 43 17
32 18 22 31 42 13 17 39 43 12 26 2 1 5 27
2 30 5 8 56 30 14 30 33 27 4 42 1 12 10
8 24 57 17 3 19 46 9 0 0 32 33 12 31 9
33 28 72 20 4 14 14 9 6 13 32 14 13 17 15
010010110101010 011110000111101 111100000110111 001111000011011 111011110111100
110100100001101 011110000001101 011000011101100 011101000101100 001000000110100
011111010001101 001001101010011 100100100111010 100011010101100 010000000111001
101001010011001 000111001010101 100000110111011 001110100111001 100001001110111
101011100000011 101010110010010 101001001100100 111100001010101 010100000111011
010001011011101 001001010110110 110111110110001 001110000011100 110011101100111
011000011011001 001000010000000 001110011111100 010001100000111 110111110010000 111101110010111
110111111110010 101111001010100 110110101000101 100101000010001 100010100011101 000000111101001
101101100110111 001111100111110 110001001100111 000101000000110 101011100000000 011100001011110
110010111110110 010001000111010 011101010101101 000001100110110 000010110011110 100001000110011
010011100111001 100100111100110 100110100111110 011001010000111 000110111001000 011001011100011
101111101000001 101011110010100 011000001111111 010111110000010 001101110001011
111110010100110 011000100110111 111100001100110 111111110100001 010010110010111
000111100001100 110110000101101 110100011101001 011011100010100 001101111010000
011100101101111 010010000100001 001100100000101 011101100101001 111110001011110
111001011100001 101011000001001 100011011101100 101011010011000 100001100000000
101010000000011 100101101100001 011011111101111 100111011010110 010001111110001
010011110100001 011010111000010 111001011111011 100100101111101 011011100010101 110111001010011
101100110111000 100011111000100 010001110011010 010101110010100 010010100011100 011011010111011
100010010010100 011011000010000 111110111111110 101111100011000 111011111001101 001001000010111
010001110101000 010000100010110 010100101001101 000110100011100 001101101010010 010001001000011
100100100110011 001000010100000 001111011110111 100110000100011 110100001011101 110000111000100
001100111001100 111011011000101 111100110010011 111110110011100 101111010101001
101010010010001 011101100110000 010000101000001 101101000110101 010101110001110
010110100110110 001110010010000 010000001001100 010001011101001 111101111101001
010010001010010 110001111011100 111111011110111 110000011110111 100000111100110
011010011101101 100110000011110 110001110110101 011000010011101 010110010010011
101000100001110 000010101101100 000100110001001 100111100101111 100010001001100
100010110110111 001001011000000 100111000110010 110000111010011 011111100011010 111100011010000
000110000010111 000001100100100 101000110000110 100000001100001 001100100111101 011100001111011
010000110100001 100000110110100 000000110001101 100111000101101 100000101011111 010110001010001
011100101001111 100101110111111 000111101111101 010111011000001 111011010101011 100100000000001
100011110111110 101110111111110 000010000000100 001101000110001 011111101111111 110101100010100
011011110100100 110010010101001 100000111001001 101001011100010 001001110010010
011000001011100 101111001011100 100010110100010 100101101100101 110000001101010
110010111010110 001101110101110 100011001101011 010011111111010 101100011101101
101110101101110 011001111000001 011100101100100 110100100100110 111100111001101
000110001111111 001111000101010 011100010111011 101000000101001 001011001010101
101111000110111 010011001111111 101001011110100 001100101110101 100000101010100
010100100100111 100010010011000 100010011011000 010101000001111 101110000111100 100101101011000
011011000011111 001111111101010 000110100100110 111110101100100 101000000010101 001111011111000
000010001011101 100000000101101 101110101101010 100010001110110 000111101011111 000001010010000
010101000010111 100000101000011 110111100000111 000000100101111 100110100010100 010101001111010
100010000111100 110110110001100 110110101001011 101010011100001 001000011111011 010010100111101
000100101111011 000101000110000 011110011010111 001010001001111 000001101010001
011100001101111 000110110011110 100100111001011 011101110100101 110000111000011
101111000010111 011111101111011 011111001101011 000010000101011 000101011011101
011111100101110 111110000011110 100000111010111 011110111011011 101111010000101
000001000100011 110100100011001 110111111101100 010111001101101 011001000100101
100111111111100 111110100111110 100010100111110 110011111001011 111111100001001
100011010011001 100000100111011 100011000111010 100101010010101 110000100011001 011010111110111
000011110100110 111010111101001 110010110011111 000010011100001 010110111000111 110011100011111
010011110110001 001100101001100 100011101111011 110110011011111 111100110011101 111001100101011
111000000110100 111111111010110 101010000001101 000110001101001 111011001001001 010101110101101
100010001100100 001111001001101 011001110111001 111111111011100 001111100110101 001111000111011
101010010001001 001100111111000 001010110110000 000000100000000 100010110101001
100110111010111 000110111000011 010001001101100 000010011010100 110011101100001
000011100101011 110101101110001 010111001011100 001100110011001 111000011101101
011000110011001 011010110011100 101110001100110 011101000001010 101001101101001
100100001110010 101101000000011 100000110001101 000100000000001 010010001011101
010011010100000 010010111101111 001100000100111 000010000001001 100110101100110
101001010101100 011011110111101 011010100111110 100000000101011 011001011011001 000011001101111
110100000000000 011111100011101 000101110100010 111100110111100 100011101001010 101000100101001
011011010010001 000111111101111 011011011000001 000001101000000 000010101000011 001100100100100
110001111010011 011000101010000 111100010100111 001011100101101 110110011000000 111000010010001
101111000101011 111001100001001 011101000100100 000010110101010 111001011000100 111101110101010
001000110100001 111111001010001 011101100111001 010010111111111 110001000110011
111111110101100 010000101111111 010011101101001 110010110100100 110011110100010
001101011001001 101001011000100 110111001001011 110101110000110 001011011001110
100110110110010 110101110100100 010011001110011 101000001101110 001011110101111
101010010101111 110110111110001 110011010110100 100100111110001 010001000110010
001000101101010 111111110010111 000001001011110 011000011000100 010100000111101
100100101001111 001111011011011 110100111010001 111100010101111 010100000001011 001110001110011
111010101110000 001010101000100 110101000010111 111101011010111 000110110011111 110011100011101
010011010010110 001000011111001 011101011000001 011000001100011 000111001101110 000100011010110
101011110011011 000110111101111 110111001101101 011101010111010 000110101001101 110101111011001
111001101001010 001010011010000 000101110000110 010001001001000 100101010101111 110100101001110
111000001100011 100000100111011 111110010101101 100100000111110 001111101101101
110011010010100 011011001010001 000110011010100 011100001111101 001101011011110
001101101010111 000010101001000 001010001111001 001101011100111 000111010111011
011010100110000 000100111110001 111000011000100 111000010101110 101001101010110
100101111111110 010011101101011 110000101011011 001010101111011 010010110100100
110110110000011 010100111001100 001100000001100 100101011111101 001010101000111
011001001010101 100010000100001 110110110000110 010100001111110 100101100001001 001100001101001
001101000101010 010001110111100 101110000001000 101001011001110 000100000101011 111100001001001
011110000001101 011000110111000 011011000110001 010000101101000 001100111010111 110111111111001
101010100000101 011100100100110 010011100011000 100011011011000 100100000000000 010111000011000
010010111010001 001111000101101 001011011110110 011011010011101 110110110001000 101110110000011
000010010001100 110000101010101 000110010110100 000111010100101 100101000011000
101110111001011 111101110010011 110100000111101 001011011100101 010000110110011
000101001101000 000010101000011 110110000111111 001001111010100 010011011100111
101000100000010 001110110010011 111001001110001 100001001001111 111011000011111
100110110001111 110111101100111 001000011001010 000100011100000 111000000010100
000100001010110 010011010010101 111111010001111 000101101010001 011111111100110
010000000101101 111001110000101 010110011001011 101001101010111 001110101010011 001110111101100
001111000010000 010010001101110 110000011010110 011011000000100 111101000110010 101010101001001
110011001011000 101100100011111 000100011111011 101010010111101 011011100001010 000111110001111
001100110100010 010011000010010 111011111010111 010011110101000 100110110101101 110101110010111
110111010011001 110100000111100 000100001000111 110111101100011 101111010100111 011010000000110
010001010100010 100101110011011 101100011010101 110111001001100 101000001111110
111100010001010 010011110100101 111000101001111 000010000111100 100011010011110
111011000001010 100111110010011 011110000001010 001111000010101 101001100100011
111111110100100 011000110101010 011011010110011 111010001100101 110001110110101
100001010110111 110010110001101 011011110010101 001001100011011 100010111010101
010000110000110 011011110011101 101101110100100 111100100111001 000001011111010
001101001001000 001110100110111 110100110011011 000110110111100 110110001110100 010000100111111
010011010011101 001100011011001 111100010010101 010000010001001 011000100000011 010110101011111
100000110000010 001001100001001 101100110110001 110000101001100 100100110101000 111011101010110
111111001001110 110010100011011 001011001100100 001111000111111 000111011001011 110010101001011
110101110101010 111000011110111 100001001100010 110001111011101 010111101001011 100100000011111
