6 15 10
46 48 21 0 32 11 23 24 10 22 36 28 7 2 14
24 18 43 29 21 13 31 8 5 20 23 10 28 51 18
54 4 30 20 45 18 15 27 13 26 11 7 34 12 12
18 44 8 13 34 58 17 6 26 1 1 0 42 6 13
5 55 31 31 38 46 3 0 4 21 19 10 14 17 8
20 7 6 8 41 22 15 30 20 8 35 12 48 27 36
16 34 7 5 33 9 13 4 4 52 1 45 24 21 36
4 16 9 12 18 31 22 14 55 23 19 30 29 29 33
26 22 41 27 8 34 27 13 7 12 27 20 33 43 11
1 10 15 25 20 22 38 4 28 55 44 28 9 6 8
4 18 27 26 3 13 41 64 1 29 26 1 9 23 12
25 47 4 33 3 19 26 6 30 36 34 12 30 25 5
20 61 4 13 3 25 10 52 31 11 25 16 8 14 4
10 39 26 9 24 15 11 1 30 30 40 6 27 49 11
5 2 4 15 35 28 8 22 49 21 42 24 12 40 15
30 21 8 7 26 61 11 20 28 16 27 29 31 5 3
16 1 11 21 37 34 0 47 34 10 4 7 53 10 17
27 19 9 50 18 30 39 35 15 14 4 23 6 10 36
23 3 13 24 4 32 31 27 17 2 18 29 54 40 10
20 11 54 22 37 38 22 18 38 10 23 6 9 14 4
11 7 54 14 38 28 9 23 30 20 23 15 5 8 42
5 10 53 38 37 10 4 10 28 1 1 4 27 33 39
5 14 23 30 13 2 51 33 32 30 32 1 0 39 10
43 21 12 5 45 6 4 15 8 26 5 6 18 63 9
40 17 2 31 27 37 42 20 33 1 11 0 7 3 41
14 23 34 1 14 34 4 18 47 20 16 1 55 16 18
18 8 44 3 7 13 33 50 20 5 31 19 7 16 41
56 6 28 21 4 29 23 7 35 9 48 4 16 3 17
30 21 55 34 42 18 34 15 12 10 18 2 17 11 7
27 37 6 30 30 32 1 13 12 12 17 6 48 9 43
12 5 6 44 41 21 33 43 3 8 6 20 16 26 36
32 15 3 29 25 27 36 26 22 13 27 11 45 10 29
2 50 28 4 8 6 7 42 40 27 2 16 20 5 42
14 33 8 6 51 11 22 26 9 35 24 41 32 5 9
18 4 9 19 14 9 45 0 6 30 26 19 28 14 63
29 0 6 45 38 22 9 32 1 4 6 54 23 23 3
39 2 47 8 10 39 51 7 2 20 27 15 11 5 21
34 40 43 11 24 3 21 15 45 14 20 7 3 25 27
12 4 20 34 3 53 13 0 51 27 13 12 16 5 37
11 2 16 60 7 26 63 6 9 3 17 24 19 5 1
17 24 0 61 6 22 17 13 18 10 24 44 13 0 36
10 25 41 14 18 27 7 48 23 34 32 28 23 7 8
5 48 6 39 5 6 12 10 13 22 40 9 7 7 58
2 36 35 10 21 8 25 3 20 26 35 12 13 14 58
35 31 14 26 38 33 32 13 12 6 5 40 18 32 7
2 44 12 6 35 38 7 1 40 13 9 30 12 39 27
29 22 57 6 2 2 5 27 45 29 20 13 11 27 18
12 24 32 36 11 19 30 20 28 34 19 18 30 11 38
12 20 21 5 16 25 35 21 42 6 23 33 20 1 52
4 36 20 1 33 31 59 10 40 0 0 23 1 16 16
31 3 18 27 12 33 4 27 34 3 39 49 16 25 1
34 50 24 21 5 10 37 35 33 22 11 9 15 1 25
16 16 21 13 61 4 19 19 25 40 36 2 1 25 17
16 24 32 6 18 22 34 13 15 8 7 18 40 34 51
38 7 31 15 51 14 44 15 8 15 0 18 3 41 1
0 13 4 5 48 37 10 4 38 21 8 18 37 11 47
2 29 28 4 18 49 23 0 52 2 14 5 27 28 27
6 9 35 56 33 22 9 46 21 23 13 21 9 4 10
42 4 11 25 19 13 6 46 34 43 16 13 36 4 5
16 47 25 43 16 10 35 8 24 35 24 9 16 17 21
100100011110010 100111010100010 110000000110011 110001100111001 010101011111100
110111111010101 010101100100111 010101100000100 000010010111100 111010011000011
110010000010111 001111101001110 011011111000110 011000011001001 010000110111001
001101101001110 000011000010101 110101010110110 011110110101111 001011001000011
110110100111100 010011001011111 011100010011001 101010101011100 001111111100010
111110111010011 100010110001011 001111110111100 011110010101000 010100110101011
110001110111101 101110000100101 011111011011000 000000011110111 100000010110110 110100111000011
101100000101110 000010011010100 111111001001110 101111100000000 011101000100101 101010111101111
110010000010000 110100010110000 110101110001101 100010000100100 101111100111011 000111001001011
111010010001111 011100000101100 011000010111101 011001111000111 100001110110101 010010100101100
110111010000010 111011101111010 110010011001000 001011100011000 010101010010100 010111001110100
011010001011011 101101110011101 010001001010000 110110111100111 010010001000000
001110100101101 011011000010010 110011110010000 101101011110111 011111000100000
010111101000100 110101010011011 011010100100110 101011110100010 001000111110110
101100101010100 111110000000111 110110111000100 000010111100101 101000000100100
100101110000100 101110010011100 100110001001011 001101010000011 011001101001001
011101001010000 000001010001000 000100010110111 101100100100110 011100110110010
111100101000101 001001101101101 000010101010010 111000100011000 011100100110110 100111110101011
111100110111100 101101101001011 111000000100010 100110011000111 100001100101100 011000001010111
110011110111100 011110011100011 000100000000000 010011010011001 001010101101011 111001010011101
010111101101001 100101100100000 000000100011011 100001000011110 010111101001001 100000010001011
100111100100001 111110101110011 100101010100100 000001110110001 111010011011110 001101101111011
000101011100100 101111100001001 111100100011110 010101011100110 100101001000111
100011010101010 100000001001011 010000100010000 010010111010001 001101000110011
111111111000111 111001111001101 110000001110001 010100011011010 001111110101001
011001110000011 010111011000110 101011100010111 010110101110100 101000011110100
111010111110110 101011011101110 110110001011001 100101101010010 110111100010110
100101101011001 110110111001100 110011110011000 001001000110101 010011000001011
001111010100110 010000110001001 001000000101111 101001010010100 100101111101011 001110110111001
100111000111011 001110110000001 000110010000001 101010111010001 010111001101000 011101010111011
010100000101011 010101110101010 111001000001000 000001000100100 011011000111101 111111011001011
100001011111110 101010011110100 100111101001110 101011001010011 101111001111111 000100010011111
110111110001101 011001011110110 110111010101000 110011001101010 111111000110101 000100001100101
111100011011110 001011110001101 001101001000000 011110010100010 001000101011110
000101101111010 011000001010111 100010100010110 110010100010101 100100100001111
101001010100101 111001000011011 010110101010001 000101010111101 000011010011101
010010000111010 110101111110110 000010010111000 001110011111100 111101011001111
100100101101100 010111100010000 100101101100011 001010100001110 100101010011001
101110000111001 110010111001001 000011101110100 100001001011101 110111111101001
101111110011000 000000100100110 001000101001001 111010110000011 001000011011001 001110010101000
001101111011000 001011001100100 111101110000110 110110101111010 001001000100001 011101110011010
110001010001001 010010010111101 001000110010011 011010010100000 101111111011100 100101110010001
001011100001111 100001000010010 111100001100100 000010100110101 010100101011001 011001110100010
011011101110101 110000101000000 101010100010000 011100110011011 110101101010011 001110100110011
100010110100010 001010101100000 001011110111000 011111011001111 110101000000001
100011010111001 001011101100111 110001100010100 101011100110010 100010011111101
100000110001111 011111011011001 001011111011000 100101001001010 111110110110101
010001111010100 110011011000100 010001011101101 100111110010101 011101101100100
000110110110011 111010000100100 011011110110100 011000001110111 100001010011111
011010100001100 001011111010000 010111101101110 010001010011101 101011100001100
001001010110101 100100111010111 010010111010010 010001100001110 000000000110101 010110100001100
001010100001001 000111101110001 011100010110000 110100011100010 011000110100101 100101000100011
011010011000010 000111110010011 110110011000010 110001011000101 110001010010000 100101010111011
000110000101110 011001101010000 111100001011010 001001101001000 100000011111011 001010100110110
010011001110100 011010110101110 001101010001010 010000001011110 010101000100000 110010100000011
110111111001100 011100000001011 111010100000100 010010011010000 110001000100011
101001110011110 111100000011110 011100101111100 111110011010011 101111010111101
111000011101100 100010110111100 101000101010010 101001111111001 010111001101010
011101110000100 011101110000001 100011011111011 110111101010010 001010010110110
111001000010110 010011101001001 101111110000101 001001101100010 110001010000100
000001111000011 111111001111111 111000111001001 111110111111111 101000100101110
011101101101011 110000011001010 010111010100101 111101101101111 100101010000110 110000010001001
101101011111111 110100110011101 011111000000010 111000001000100 101000110010010 011110110111110
000110011111100 100101110100111 100001000001110 100011101010101 001100100011101 101101111111100
010010001001110 110000011101001 000010111001101 011010010111011 000001010101000 101011011011111
101101010111010 000001100101110 101111011110001 101100011010100 011000110001100 001101000011101
111010111010111 111001111000101 100111111110101 111000100110010 000101100101001
000100000011100 010001000110110 101101000101100 110100101100111 110011110010000
010011101011110 110001111001000 011010011101010 010001110111100 100100011101110
110110001101010 111100000010100 000110001000111 101000101101110 011001100111001
011100001101101 000100000111000 110100111101000 101001011011001 110111101000111
100011100110010 100111110011110 001001101110111 001001011100101 100011000110000
000101111100011 101101110011111 100110111100000 011111111001000 011000111111100 111111001011110
010110101111111 100000011101101 110111100100101 011100010111001 100000100000110 011101100110100
011010111010101 000000011100011 100011011000010 010011111001010 110110101101011 010101001010110
110101010010111 000111010010101 000110111101011 101010100011001 100010001001101 011000011110011
111010110001010 001001111100000 010010100001010 100001110111011 010010101101110 101101101110101
001110001001110 000100100011101 100000000000010 011100110110101 001010111010110
001100100111100 111111011110111 001101001010010 101110110111000 101001111101011
000100101000111 111100011010000 111001101011100 101011011101000 010000011100010
011000001111100 001110001110011 111000000001110 101001101100000 010100111101010
100110000110010 101111100010111 011100101001111 101101001001010 100011000111110
000011111111011 110101011011010 001011111100010 111101010000011 101001110100001
011111011010101 101011010011000 000111111001001 000110000010011 000010001011100 100011010011111
100001101110100 011100101111100 011111010101001 110110100000000 011011000001001 011001000101101
100101010101100 100011100001110 100010100000000 010111111110011 010011111110001 111111100001000
000010111111110 011000010001111 101011000101011 011111110101000 101000011000111 001011001000110
111111011000101 011001111101110 100110000110100 000000010101011 110000001000101 111001100011110
110100011100010 001110100001001 110101101111110 000101001000101 000100100010110
010001011010110 000010111010100 001101100011101 110011101110011 110010110111110
101001111100001 110000011110000 010011111100100 000110011101110 011001011111110
000011000100011 111011111010100 100010100000110 111101101000100 001110101000110
110100010011111 011110001010000 111110010010011 001111110001000 010110011111000
011101110001110 010011000001110 011011001111010 011101001001000 100000000001111
101000001110011 010111001001111 001111111011000 001111111001001 011010011010110 001000110010000
110101111010110 001001011100010 010111111011110 011100101100010 110100000001000 101100111111110
011101000000101 101100000001101 010101111110010 001111000100011 100111101111111 001000011011110
000001001001010 010111011111010 011111100110011 011000000111010 001110010000001 101100101011111
101011001001111 100101111010101 010110101010101 110001001010001 101111001111101 011111000000000
100110001010011 111110100000001 101000010111010 011101011001101 001011100001101
100100000001110 010100100100111 000111110100000 010011000100110 011101101101101
101010000001101 101000101100011 011010111001001 000000100100111 010110101100110
011000101101001 001100010110011 100011010111101 001101000111000 110110010111100
111100111011000 010010001000110 001011101100001 110100011101010 110111010101101
110010100010010 111110111110100 111110111000001 010100011101010 000000100011001
011111011101110 010000000111000 111110110001001 010001100101110 110000001001011 010000010000110
111111011010110 001010001110100 000011001111011 010011100110100 110101011100000 100110000110110
010101100001111 111011011110010 111011001000010 001010100010100 011101001111001 111000001010101
001001100110110 111011111000111 011101100011111 101000110001001 110110110100000 010001011000011
011101001000011 110010101011000 000000011101001 000010001010100 011000100011011 000100101101101
