6 15 10
24 5 3 17 1 16 22 32 15 2 8 65 44 6 30
11 21 25 22 15 29 2 9 3 19 8 70 16 39 8
33 4 29 17 8 1 2 5 15 25 8 8 45 64 22
7 15 15 7 31 23 3 62 15 55 10 15 18 12 11
32 1 1 0 33 53 12 12 0 64 9 15 20 7 3
7 0 54 4 27 3 14 33 27 54 27 6 17 12 10
2 14 3 10 26 15 20 51 28 25 28 14 5 54 21
10 22 10 45 20 8 30 43 2 4 41 40 2 25 14
2 72 40 8 8 10 7 8 8 19 35 9 16 19 24
5 3 15 4 12 42 1 29 40 34 36 34 21 27 25
5 3 35 7 20 3 13 8 11 54 43 40 38 11 3
43 16 59 19 17 14 9 19 1 33 10 18 2 0 40
13 13 48 11 30 18 45 16 2 1 27 12 33 15 39
53 15 5 8 20 20 56 19 5 3 11 26 20 21 30
26 1 10 50 29 7 48 3 14 20 47 1 14 16 18
10 4 27 47 5 3 18 32 32 58 13 5 1 1 31
10 2 25 11 25 41 2 39 8 18 56 2 18 14 36
4 35 7 5 17 4 56 18 16 39 32 27 35 8 8
42 30 14 24 1 11 28 32 47 33 12 12 7 13 29
16 35 9 50 31 47 11 0 29 18 10 2 6 36 7
2 33 57 18 24 22 8 34 6 16 26 9 8 43 4
19 19 0 5 1 7 26 47 26 8 13 4 1 68 28
49 44 21 20 8 32 26 13 44 5 20 7 6 23 2
19 26 32 47 16 6 34 1 6 6 2 22 23 38 42
28 0 9 12 23 24 40 25 15 9 47 48 22 11 15
45 19 2 31 21 11 24 3 20 26 16 9 53 28 22
24 25 1 52 26 6 28 6 39 10 51 4 4 5 16
3 15 5 37 19 12 43 1 22 63 9 7 6 38 3
39 4 2 16 4 5 15 56 31 57 12 12 12 6 8
17 35 20 50 8 5 21 19 1 28 18 35 40 27 9
34 27 3 3 18 24 1 23 41 16 40 28 22 37 21
29 13 10 3 10 4 2 1 49 6 20 17 65 34 14
6 3 24 33 25 59 36 21 0 3 28 5 4 8 40
37 24 19 20 9 15 17 48 49 21 15 16 33 3 3
24 19 20 20 1 18 16 10 44 24 56 0 34 21 18
41 18 22 5 35 42 42 20 16 16 10 3 27 31 5
35 28 33 7 31 14 6 8 30 27 11 2 46 40 12
31 25 26 11 35 29 12 37 26 0 16 39 26 0 28
14 13 10 7 43 18 30 34 23 5 56 28 10 21 12
49 31 5 36 1 27 20 7 6 12 31 13 4 6 54
1 13 21 42 22 41 3 17 13 61 14 18 18 3 19
63 25 16 10 9 27 15 12 6 47 25 2 24 12 19
7 2 25 26 14 7 5 27 1 52 7 14 41 42 36
32 2 4 33 3 37 50 17 29 12 11 7 35 3 36
12 2 37 26 12 20 8 47 31 33 22 3 15 45 11
63 15 24 14 6 53 2 5 8 1 20 15 3 39 1
15 6 37 43 2 15 24 53 15 21 2 30 15 17 27
3 9 20 52 24 41 11 23 19 25 31 35 25 2 10
11 4 33 18 11 64 10 1 48 15 9 23 5 14 28
44 2 28 23 3 25 49 9 22 13 27 18 42 7 11
3 0 2 14 20 43 4 20 39 29 28 33 17 50 10
10 42 10 31 39 23 9 13 6 44 9 17 38 5 30
48 10 9 11 22 22 7 28 29 8 32 43 27 32 7
3 17 46 25 22 11 44 15 9 25 4 33 12 9 47
26 1 41 22 6 17 5 8 19 49 5 17 23 50 26
15 27 2 37 11 15 0 2 11 19 2 25 71 34 11
49 19 20 20 5 5 20 12 35 27 31 41 10 34 6
16 8 19 23 15 16 33 39 46 2 17 27 32 18 35
19 19 29 44 10 16 24 32 2 9 2 31 19 35 43
13 3 38 43 17 42 14 29 14 14 11 6 2 3 54
110001101000010 100100111110110 101000010000011 100101001110101 000000011100000
111101101010110 001000011001010 101000100011101 111110100111000 001110001001010
110000110100010 010100101001101 110110000101111 000100111111011 101110000100111
011100011011100 110011010100000 110011101001010 111001110100011 101110110100100
000001111111000 110000010111011 101001011000011 110010011110101 110010110101010
000100000000010 101111100100000 000011111100010 010111001111100 100010100110001
001111101110111 110001010000110 110011000010001 000100000000100 110000001011110 011111000010000
011000111011111 100101011101111 101100101101010 010110001110001 010001011001000 011101100111100
100001100101111 001001100001111 000001111110010 101000010110001 011010110111000 000100001000101
000101101110100 010111110010100 101010110010000 100110101001100 010010000111010 010100011011010
001110100010000 011011100111101 101001001010101 000001010110010 110010010010011 111010010000101
000101111111001 010011000011000 110101000010101 110111010010101 110010110111000
101100011011000 000010110000011 111001011110001 111000000101010 100011110101001
100101000101001 010100101111100 101111001010000 001110011000110 100011101011110
110000111111011 001010010011101 110000110010100 011100000010010 010101011011101
010001100100111 011100001100110 110000000111101 001010011000011 101110110111011
000110001110100 000110011011001 001110100000100 101101011110100 101111000110110
110110011011111 110100110101001 001000101101011 101101010001101 111100001000101 101001011100100
110100010000110 001001010000100 111010101110000 010101111101111 000001010100101 000011100000000
100011101100100 010011011111100 000010100011111 011101001100000 000111111110110 110000010111110
011011110110011 111001001000101 001110001010111 010010001110101 010110110011110 010111111110001
011100110100010 001001101000011 000100011100100 010101101111001 100001101100010 100000000110111
101000011110000 100101001111010 101101110110001 001011111011110 111001100101001
011011011000011 110011000101110 010101010000001 111000101110000 001101000001000
100101111100111 011001110100011 111011010011000 111000110110111 010111111101011
110111010010110 111100111010110 000001001011110 111110001011111 000101010110001
011111111011100 101010100001011 000011110101110 001100011100011 000100000001010
110000100110110 110011110110110 010100010101010 010101101010100 100110100111010
100001101000111 111011011011111 011100111110011 111111000000110 101001000001001 000011011010010
001010111000110 100011110110110 111100010101000 000000111010010 111110100011010 101101010001100
000111110100111 010000111100110 111111010000110 101101100001100 011010000100010 111100011100011
110001010111101 101011010111011 010101000011101 100000110111010 101100101000011 010110010010010
001000011100111 000110111000000 000111110000110 000110110101110 101110000001111 110111001010000
010101011101010 000001110111011 111101000100011 100001110110100 000011010001111
011101001111111 000110110010110 001010001011001 111000000111010 011000011101010
000100010110100 011101110101100 100111111101101 111011111110110 110100011001110
001100001101010 111100101110001 110011001111110 010010110011110 100101001101111
010010000000100 011111100000010 101010000101010 100110101101101 100111100011100
101110011010011 111000100100010 010111010000110 101001001000101 011111010000100
111001011001011 100000100000110 110011010100110 001100100011001 011001101100010 010111110010101
001000010010011 011011111101110 110000010000000 111011100100110 011010111010011 001010011110011
111000011011010 101001010111100 001011001100101 101010100000111 110001010000110 101100001110000
001010011110010 101101011000001 110010011000001 001110000010010 011001101111111 010101111011010
101100000000011 110000010010011 100100011101101 111101000100000 000011010111001 111100101101001
011010000110100 101000000001110 101111100111011 110010011101111 101111101011001
111001000100011 000011001001011 111010011011010 001001000111011 111000110101001
101011010010000 010001001101101 001100101010010 101101010000011 011111011101110
111011100010001 001101111100000 000011011010000 001100011000101 101100011010001
000110011011000 000011110100000 100110001001100 111001000100001 001101101010110
100100011101000 100110100010000 011100010101100 000111001100011 101111010001101
101111000101001 111000111011001 100001111011100 110011001100000 001001110010001 100001001111011
111100011100110 011010110010100 010011111110101 110101001010100 011110011011101 011111100001100
010110000100101 110011100000111 111001000001100 011001000000010 010010000110000 100100000110100
110011100101110 000001110110111 111001111100100 010110111001001 010010101011101 111101101010110
110110111001011 011001010111111 111011111101010 110101010100110 100101000010111 010110110000101
111011000000110 011010000011110 101111001101010 110010001101101 111110001010001
000111011001000 111101001000001 100001100001001 110111011011001 010011111111110
011101100101111 001000001001101 001101000011100 010111110001101 000110001111001
100101001111001 011010011100010 110011000110010 111111011100101 010011111010111
010110001011100 111101000000110 110110100000001 011111000111111 110000110011111
111111100010100 110001111111101 010110011010111 100011011000010 010101101100001
101011011010011 011101101110011 010110110010011 101110000101101 110010011000000 101000011010010
001011100100110 011011110000010 000110100100001 111010011010111 101011110001101 111111011000100
111111101110111 111001100011101 011000011110000 000101100100001 001001100100110 011011011011110
001101111110100 100101111100101 110001100010101 010100000100100 100000111010111 001110110111011
110111000010101 111110101101000 100011111000010 011100011011101 010110000010111 100101101100100
100111111010111 001010010001001 111100111001011 001101001100011 010001011011011
001001100010011 010001000111011 011000010011111 010011011111100 111010011100110
010101100110101 100101011000000 100000101001110 101111101001001 100001001001101
001000010101000 011001111011101 111111111011110 011101111001101 110010010110110
111111100110111 101101011010110 101100000010011 010111000011010 011001011001000
010100000101111 100111100101101 110011010011011 101010110010110 101100101011110
010011110110011 011000100100111 111001001101010 000111111110001 111110010011001 001010111010111
010011100011011 100001110011110 100010101110011 010001111001101 110100010110000 010000110010100
100010001010101 000001100100100 101100100001010 000101111111100 100110001011001 011100000011001
111010101111000 000011101001011 101010111000101 010010110011000 000110101000100 000110011010110
001010010100100 001011111111100 001100101110111 101000101001100 100001101001010 001110110000000
110111100110001 110011011100111 101101010101100 010000010011100 100111000010100
111110110010111 011001111001110 111110101101001 000001000001100 000010100111000
010111010111011 101101010100000 001000111000010 111011010010010 001001001111001
011000000101010 011110011001000 000010001101000 110111101011111 001000010000110
010000101010110 101111001110101 110101111101111 100101101000111 110111100001111
000110101100001 101011100000000 001010000001000 100100111111010 010010011011110
101110100111111 011110100110111 000100101000001 010111000001000 101110100101010 100011011110001
000100010100011 011110110010111 100111111101100 010101111111111 001111010011000 010010101011000
110111000110010 001000011100101 001000111001101 010010111000101 111011011100101 001011011010010
110011000101000 000110101000000 110001100000110 000111001000110 001010000101110 110011111000110
000101110011001 011110010111000 110111110101110 011101111100011 100001100001011 000110000001101
010010001101110 100101101001010 101000010001000 110101010100010 111000101010111
011001110010010 100110111100111 010110010000110 001111011010010 100100010100110
101111010111000 010100110100011 010110011011110 011001000101010 111000001100010
100100010011000 100111001001101 100111001111100 000110111001100 110001111010110
010000101011001 011100100010011 011110111101001 101000110000001 110000101011001
101111000000000 001111100111111 101000000000110 111100100101111 101110110101101
101110001100110 001001100100101 111110011110111 101000000011010 000110000001001 110101000010111
010111100010101 101101110010000 111101101111110 001001000000110 110110000001111 001110011011100
001111011011000 001001010011100 001100001100100 110001010001001 111010111010011 110101111110000
110001000011101 110110001100010 011101110001101 011101111110111 100011000001011 000110100010101
000001010001110 000010100000010 111110000001100 011000010110100 100111011110110 101000001000101
000100110010010 100011001011111 001000011000010 100110110100011 000001011001011
010101011100001 110111111000101 000001100101101 000001111010100 000000101110101
010100011000111 101101100100110 111011110010110 100100000001001 111111010001110
011011110001001 000101101101101 100000001111111 111110111110101 100010011011001
101111110011110 000100111100111 011000010001000 011011010011001 010100011110010
001001010101001 001101101000011 110000110110101 111011110010100 110010011011100
101110011011110 100100001100101 101010001001101 111001111001001 111110110001110 100001110110011
010110011000101 111001010010010 010111101001110 111111100101011 111100100100101 011010011001110
111001110101101 101001010010100 110001101101100 001011100001111 101111000001100 100011111100011
110101100000101 101001010111111 101010001000000 100011111101010 101101010000110 110110010001101
010110110010001 110101101100001 011100001010001 001101111110110 001101010010100 110000111101011
