6 15 10
56 23 8 28 17 9 18 11 2 52 20 25 23 21 1
35 8 22 13 42 38 25 54 30 18 7 1 1 0 1
0 76 18 5 16 11 13 32 18 13 32 12 18 14 12
22 43 8 33 4 3 43 8 40 17 11 33 6 36 8
11 36 39 23 0 7 19 33 14 28 48 11 26 31 3
4 41 3 1 11 46 37 30 5 2 39 42 10 4 21
5 18 20 26 31 19 13 32 32 27 45 8 30 1 38
15 3 24 13 45 40 3 28 26 47 5 1 33 4 24
4 26 3 12 22 82 2 23 10 30 4 2 17 11 5
8 13 33 20 24 15 12 57 2 24 24 9 2 13 51
9 5 23 21 22 34 43 30 2 1 32 35 47 9 5
29 2 22 34 6 19 43 13 28 4 8 26 56 23 1
44 11 13 17 17 5 38 20 3 6 3 32 23 43 43
15 8 2 28 5 15 31 16 38 29 63 22 1 11 25
3 58 3 19 16 3 33 31 1 9 5 40 5 19 43
21 13 39 19 47 26 19 33 20 17 38 31 10 3 3
40 23 8 2 10 35 25 17 29 32 8 24 27 7 48
5 8 17 13 25 15 8 65 31 37 13 5 22 25 26
21 6 44 35 32 6 16 56 18 21 6 27 14 13 3
22 30 13 8 20 17 19 58 35 4 24 18 17 36 14
2 22 36 36 38 61 23 11 7 10 22 14 10 12 4
7 7 2 8 62 15 20 43 7 21 7 51 15 8 11
26 13 17 18 8 13 18 16 31 28 8 18 8 36 65
29 17 31 11 26 45 7 9 21 6 23 53 1 22 27
17 2 10 22 30 39 2 31 44 31 5 39 28 14 17
21 34 18 16 29 19 2 14 62 12 32 24 9 5 26
7 29 30 5 4 39 41 3 13 39 16 38 5 25 29
27 5 7 9 4 57 8 6 6 6 34 24 4 43 45
29 20 24 19 14 14 41 11 13 2 26 29 54 22 24
38 12 16 26 9 8 47 44 23 14 22 7 18 16 37
14 53 38 30 34 33 7 36 1 11 8 5 27 11 6
44 26 7 28 12 4 17 49 5 43 29 23 0 19 14
23 35 4 43 12 51 17 13 8 7 7 17 46 17 15
43 23 12 21 26 5 48 16 0 22 19 38 29 8 22
16 42 31 20 15 10 9 9 8 44 31 7 15 1 53
54 30 4 33 16 34 24 9 0 48 1 3 2 0 28
27 25 10 15 15 5 47 42 12 20 45 26 25 3 13
10 0 38 32 6 9 1 49 18 11 30 32 44 20 15
2 27 20 9 54 8 64 12 30 14 17 6 7 5 8
29 44 31 26 13 16 23 14 20 6 31 34 15 39 9
27 33 4 19 4 16 40 12 39 33 22 8 36 11 35
22 31 34 12 1 38 52 14 26 14 27 21 24 4 13
16 11 4 9 19 15 14 49 16 35 5 37 3 11 58
41 4 4 15 18 52 29 41 4 4 25 35 12 7 21
23 1 19 20 14 36 22 32 14 9 44 46 17 28 18
18 26 5 9 3 43 7 36 22 0 36 13 32 10 52
11 10 16 59 32 47 17 11 0 7 16 10 17 6 41
33 10 24 34 32 34 25 13 21 14 39 13 39 7 15
1 30 12 22 3 24 51 26 21 38 24 22 9 38 10
51 19 40 22 25 31 27 17 17 1 2 10 7 15 41
16 18 50 11 18 42 2 0 12 5 13 8 19 2 63
12 20 16 50 8 33 11 18 4 55 11 17 37 4 12
50 11 11 17 25 23 4 44 37 12 18 1 25 33 16
19 25 42 7 43 23 11 11 19 47 1 22 17 36 3
58 3 8 30 1 12 1 13 35 11 25 34 11 18 43
33 10 24 4 25 2 28 13 13 17 37 16 43 28 44
29 14 4 7 50 50 22 22 12 6 3 32 32 21 15
60 23 19 12 1 32 32 15 18 19 43 9 19 4 9
11 32 30 7 39 9 18 27 9 4 38 8 39 10 45
5 10 21 6 19 15 65 42 32 14 3 9 24 28 13
010101010100100 000011010101001 100100000000001 111010001111010 111000100101101
001010011111101 100010110111111 111110111010010 011111010000111 110110110001010
001010100011100 000110010000011 001100110001101 010101010100011 000001010111010
111101010111100 001100100001001 001101101100011 101011011110111 001001101101001
011111101001000 100011000011101 011000100010100 000001001100001 010101111010011
000101111100000 100001000110100 111101011000101 101100110000000 100011011000001
000101010110111 011011010000110 110110011100110 000100101110011 011000101011011 000000000100001
000000011101001 000001111101010 010110010001011 010111010100101 001111000001011 111101000010001
110101101001001 111001010101101 100100110000110 101101101000011 001111011111100 111010110110011
110000010000111 101101100010111 011110111101010 110011010100010 100111101000011 000000110000110
111010111111000 101000100011110 010100111111111 101001100100100 011101001010101 011110000101011
010110000111101 101000101010001 100000110100110 001111101101101 010111010010010
011100010000011 110101011010110 110101011011001 100010011101000 100101101110011
100000100101011 001110011011101 000011100111111 000110111100010 101010010111000
001011101111011 010001000100001 110110111000000 010111001110001 001010100101000
101000000110001 011001110111011 001111101000111 011100111001101 001101100001100
100000011111010 111001100110101 110001000001010 100101100111110 111101101011000
011011010001001 110101000110000 011000111000011 101111111010100 111000010111010 100111010100010
101000110110100 100110000100010 011101001111111 100101000010110 111001010111101 011100000001000
101001001101001 001010001010101 001111100000100 110001101010011 011010000011010 100111011100101
010010010111110 110111010011001 010001011101010 100100111011111 111011100000001 011111011100001
100110101100111 000100100101100 010101001101000 110110001001011 000100100010100 010001100001111
011011111110010 110010001001010 101101111000100 101011010111110 011110101000010
101011100111100 011100101101011 011010111001001 000111010110000 011111111011000
011001111001111 101001001000001 110101100101000 010011101101011 011011011010110
001101111100100 101001000000011 011001101000010 111000010001000 010000011011101
101110111000010 110100001111000 000111011110000 010100110010000 100101011000101
001101011100000 011101111111011 010101110011010 010100110001101 110001101111011
011000010111111 111111010101001 010100011011010 110011010000110 110101101100011 010011100011100
010011100011000 111111001111111 110000111001100 000000110110101 101000000001010 100100000100011
010111011001011 011110110000101 111001111001010 011100011100101 011010010001000 110111101001000
001110100000110 111100000101010 000100010010001 000000010101100 110111101001111 001111001010100
001101010101101 001010110110000 010110100100111 001100100010111 111000001011110 010111101001111
011011001000101 010110100100110 001101011100001 011000000011101 111001110110001
110111100110011 000011100101101 101110010110011 100110011001110 011010000001111
010011001111111 000001110011101 011001101101110 111001001001011 000101110101101
101100110100111 011100001100000 110001110001010 100001011010100 101011111011000
010000110011011 101110010000010 001100111001101 110001111001000 110001100010011
000101000000000 101011110110110 110110100101000 111111010100111 011011100100101
110110001010101 011011110000010 100100000100100 101110011111100 110101010010100 011001101011001
100111110010000 110010010101101 011011000101001 011011001110001 101000001000011 100101110110000
100111010011110 011000110101000 000110110011101 011000101110100 001010011010100 000111111100010
001010000010011 111000011011100 111101000111001 010101111110101 110001001100000 000100101010011
101110011000000 110110000000000 110011011010010 111111011101110 101010111010010 111001011101100
001011000100101 010001100100110 001001110101000 110110100100101 101010100101110
111001011001011 011010001110001 111011011010110 001101001100100 010001001111010
011010010110010 101001100000111 100001001100001 101101011101111 001010100001100
110101001001010 010110111011110 010000000100000 001101011111010 000100011110111
011011100000010 001110010011001 010010000110000 110100110111101 101111010110110
001110111110111 001110001000000 111000101110110 001000001000100 001110011011001
001100001111000 110011011001100 110011100101100 001101000000001 101001001001010 110100011101100
010001011101110 010000101111100 110101101111001 011001101000010 100110110100110 000000101100101
110110011111001 000010111011110 011001011110100 111010011010000 010000000001010 101001011000010
110010011110010 100110101011101 000010011100100 100011101010110 111011110110110 011110000011011
000010011111011 100001111000111 010111010010000 001000010111001 111010110111010 001100111011111
001111101111100 000110000001110 000001101111100 110111010101011 000011011101101
001011001101100 100110100110010 101100110011110 011111000111111 110011101010011
000000110011010 010001111001111 011111100001000 111101101111110 000100101001111
111011110111010 101111111000010 111111010111100 010101010001110 000010110101100
001100000011100 101111011000010 000000111111011 011111010101011 000010010011110
110100110010000 111011101110101 010011110010001 111001000010110 100100111101111
100010111110011 011100001100010 100000100100100 101001110010110 100011000100001 101000111101000
000101101000011 110101100000001 000101111000101 110011101100011 111000001001011 111011110001101
100111010110100 110000010010110 101111001111001 101110100000000 000110100011101 101011101000110
010000011110010 101110101010001 110100110100100 101001001111010 100001110011000 000010001000100
010100100110011 101101111100101 010010011000101 010100001000110 110101110011111 100000100000100
110100001000000 100010110111101 111111000101100 000110000100011 100100100000110
101001100011000 100110100010110 001110110000111 101001010100111 110001110101110
010010100110011 110100010101110 000100000000101 101111110010101 101100100011000
110101011101100 100100000111100 011000110111111 010101011110001 110001110010100
101100000011110 100001100011010 101111110110011 010101000001100 001100001010111
011011000111111 011111011001101 000100000100100 010010111110001 110111001010001
000011111100010 000000011001001 110101000111011 000110010101001 111010010100100 000001011000011
000110100101111 110101000010100 111010101100000 111110011000101 000101110110100 011001000011111
110011111111110 101100011111010 010011001111000 000101100011101 011100111100110 001101101100011
011000100100000 110001010001011 001011101001001 111010000101100 001010000011110 011110111100100
101001011000010 100010100100101 101101100111000 110101010100101 101011101110101 011111001000100
100100001111110 011101010010101 001001011001101 100101110011110 010101111100000
101111100111001 111011000111101 001000011111001 101000000010011 000000011100100
010100010110001 000000011100010 010010000010110 111101110011110 011001101101110
100101000100010 001101101100010 100000100010000 100101000001011 111101011111001
000100000100100 000001100000101 011011010011010 000101001001111 101011010010001
101010010001110 110110111111011 011001000010110 010111001001001 101111011100111
100110111010110 010100110000101 100110111001101 100100001100011 110111110100101 010111000111100
000111110000001 110010001100001 111111110001111 111010000100110 000100100001010 011101110101100
110011110101111 110110010011100 100111001100101 100011000010010 101111000011100 001000010101000
001111001111100 010100000111011 011000101100011 101011010110111 011011010000011 100000110101100
000010001101111 100010100001010 110000101110000 100011110100000 100001001011010 110000000011001
000010010010010 000000001111000 101110111100101 000110011000101 010011001100000
101110101001000 010001011000011 001100111010010 100101010001011 101111111110111
010111001000000 110101001010010 101100000111100 001110110110001 110011101001010
111111110010000 100010100100011 000110001001001 100000001111101 011001000111011
111011000101011 101110011000100 010010111110100 110000100010000 000010001111101
111111111100110 000110110100001 011111010001011 101100001000000 111000000110100
001100101110111 110010110000011 001110011010101 100010110000010 001100010011111 110111111101010
100100000000110 100110011111101 101011000100110 101110001010111 111011010110100 101000000011011
111111110011100 011101110110000 101101000100001 110010101111100 000010001011100 110010111000010
100001111011001 000011110010100 110110110111100 000100110100111 100110011110011 010011110000111
110101100101110 111001010111010 110000001011001 101011001010101 000100010110100 010000101001011
111100000100010 100000100010010 101110100000111 000100011101010 101010011100110
111100100001011 001010001000010 110110100000011 000011010001001 101101000010111
000111101101100 110011111101001 000100101001001 111110101101101 100000010011101
000011111011011 000010011001100 011001100010101 000111110000011 101100110011110
001000011001000 110010111011101 001010000110000 101100110001110 001001001101110
001010011011011 000101011110111 001010100011111 000101000101110 000010111011001
011111000101101 011010010001010 101001101010010 000101001001100 110000011001001 000100011100101
100010100001101 001000000100000 111111100001011 111110100011001 001010011101001 101111000100101
010110110011001 000001001100110 001010100000101 110000101011010 100010001100000 010100110010101
111110110011010 100111000111011 111000010111110 010011011010010 100101001110111 000011001001101
101011000001000 011100010101011 100100111010101 101100001001001 010110011111010 011001010010000
