6 15 10
13 26 44 25 32 1 50 15 13 36 14 11 19 9 25
7 2 59 31 45 7 16 15 9 4 37 18 27 20 2
9 27 63 5 21 33 24 7 13 8 35 1 6 22 33
50 1 30 3 13 14 14 42 2 3 43 5 41 4 25
17 7 48 15 0 20 42 34 9 22 13 36 31 28 2
9 10 54 19 15 0 31 29 23 46 33 19 22 3 4
4 46 25 10 12 33 1 18 28 22 15 1 41 45 17
41 32 31 19 51 1 33 32 1 1 7 25 20 9 1
23 46 13 19 21 25 33 45 7 23 31 21 10 9 20
13 39 20 5 20 11 32 1 16 32 23 43 37 7 35
5 47 24 15 9 40 33 2 14 7 31 13 38 5 37
16 20 1 0 17 23 1 11 16 11 13 60 20 30 55
30 35 12 23 33 38 10 24 30 7 4 35 3 43 3
30 37 49 27 8 14 22 3 24 28 14 33 4 11 33
11 11 54 22 26 17 9 28 9 51 15 5 13 21 31
10 17 33 16 43 43 18 12 25 46 7 4 11 4 34
35 12 6 15 10 38 60 2 33 13 37 10 16 15 7
27 7 31 22 2 55 39 1 4 33 10 14 29 8 30
51 1 29 5 9 47 8 6 31 5 14 38 29 24 8
11 13 6 13 2 12 32 52 38 13 46 24 10 11 33
10 13 35 50 1 18 28 7 11 9 7 57 24 20 17
8 18 3 56 23 10 42 5 30 1 35 2 44 5 7
12 35 30 42 27 39 16 37 41 7 0 14 11 10 3
15 51 35 1 18 2 11 65 10 2 3 11 18 1 27
2 49 36 9 25 10 15 26 1 26 48 12 1 3 39
35 9 49 58 10 12 14 34 24 9 1 8 20 9 10
31 20 31 28 10 2 15 28 21 25 2 34 5 26 53
28 34 30 18 9 43 23 9 45 33 8 11 18 7 24
3 27 25 23 9 53 47 10 5 35 2 10 20 12 31
17 31 26 26 28 15 3 13 22 22 41 37 28 2 37
12 5 42 21 23 7 49 20 15 1 37 4 35 31 18
37 3 10 56 32 39 12 8 17 29 24 21 23 1 2
6 16 1 22 26 6 31 13 24 55 18 30 40 2 32
32 4 18 17 12 28 1 41 17 23 11 27 31 49 28
23 1 1 7 49 13 25 1 0 45 52 32 8 18 10
36 8 26 3 17 3 19 17 33 23 27 21 6 3 64
21 3 9 45 29 25 61 7 5 29 12 23 11 10 19
20 39 19 6 20 43 3 6 33 7 9 56 25 3 19
32 1 35 0 10 20 25 35 54 13 1 3 25 15 38
3 8 9 44 12 1 47 34 35 23 5 37 2 15 32
17 10 5 22 4 29 37 3 16 36 52 21 37 27 5
6 14 10 7 22 35 45 28 31 3 25 42 36 13 15
20 1 38 17 6 58 2 0 13 23 2 30 9 34 40
8 19 25 5 22 7 1 7 41 1 25 25 71 13 10
25 7 11 19 11 7 5 20 54 19 32 19 4 52 31
2 5 8 9 5 17 58 55 26 7 37 3 19 26 2
9 12 32 15 38 1 8 9 9 41 31 26 58 6 9
1 6 22 23 7 6 25 26 13 28 45 62 9 13 22
35 10 24 9 40 23 54 41 4 3 23 18 5 8 17
52 14 57 0 10 16 3 19 20 7 17 22 41 18 3
48 16 10 7 9 35 25 2 9 16 17 8 19 16 63
37 3 6 4 34 25 22 37 13 4 31 43 17 0 41
49 37 27 17 40 2 25 31 26 21 11 22 14 11 1
26 19 33 38 1 26 2 28 41 1 20 17 11 4 49
28 17 5 29 43 8 62 10 12 2 15 19 27 3 26
46 31 43 7 24 18 25 11 30 5 4 0 40 27 8
35 34 5 8 32 29 21 3 10 61 4 20 32 2 8
21 25 26 41 26 20 36 42 4 9 14 27 36 6 9
3 7 18 13 48 61 24 16 17 34 0 20 13 1 22
10 19 23 0 7 19 11 64 3 17 35 53 3 4 7
110000010000101 100010010010011 111010100001011 000110110011001 001000010010001
010000100010101 110101110011111 110110100100100 000100111110011 001101010110111
001111000001111 001111110001010 011001111101110 010111101000101 100000011101001
000011111001000 100101100001001 001000000101111 000000001100110 011010001110001
000100000100110 010110001011011 000010010001110 111010110100011 111001111111110
010101001110111 100100011101000 110011010100101 101110101011110 010101001000000
001111011111111 101010111110100 000110110001001 010111000011111 101000010101001 000011011010000
111100001010011 111110101100000 111110101110000 111011110011101 111100101010011 011011110001001
000000001001011 011000101011111 111001111010101 101100010001110 000001000110011 111011100111000
111111000010001 011001101011100 110011101011110 101110101001001 100000110100110 010111000001110
111110000001000 010001010110110 100001111000100 111011101001010 110111010100011 001010100111011
011000000010100 100000001000010 111000000000110 001101001011000 110011000111011
110111000100110 101001110010110 001110010100010 100100001100011 111001011100100
011100101001001 110111011000101 110110001101011 000111100100111 100001110110110
000001011001110 110010111111011 111111001111101 110001110110010 111110011100010
111011101010010 011101100111100 000000100001110 011010011000100 101100001101110
011010100100001 101011001100011 000001101111111 100100010001011 111011110100111
011110101000000 100111001000001 110000001010111 010110110010110 101110001110001 000110001000001
000010001001110 100000001011010 110000101000011 011010101101010 001001000100100 010010100010110
011000001001001 111010110111101 010001000100011 101000001010011 010010001110001 000111110100111
101011010010001 110100000001001 011100111101101 100000001111011 011111110100110 111100010111001
001011011000101 110111000110110 011001111000010 001111110100100 100111100010011 110111001001000
110001101110000 010100101110110 101011011101010 011110010001001 001001111001111
101110011111000 001010101100110 000011000101000 110000010001111 000011001111110
110001011011101 000011111110010 101111011111000 001101011000100 101111111011011
110001001101001 101010111001110 111000101110111 111111101011010 011010111001110
011110010110110 111011100000010 010001010111001 101010010011011 001101001011100
000101011000101 001100011000110 111000000110101 001000110010001 001010011100101
111100000101100 001100101111100 001111010100111 011011101100100 110000001101111 001011010100111
111000111110111 111100000001100 100010001100010 000111010001010 100110011000010 010110101101110
001110111010011 101100100110111 001101000101001 110010010111111 001011001010100 010101101111001
110010001010011 000001101000000 101000000100101 100100101110111 001100000000110 110011011110101
000011111010000 011000101010000 110011100011111 000000101111011 100111000100000 011001111111001
001000001100010 011010101010111 111000001001010 110001110000010 111110110001001
101111110001010 100010000001111 010101001111000 110110100011110 001101001111100
010010000011101 010000100011110 101111110111110 000110110001010 010011000000000
001111011001101 001110001000111 111111011000110 111101100000000 101100010101001
100011001001111 011011000101011 011111011001010 100111111010010 100001110000101
001010000101010 001101100111000 010001111110111 110010111001111 111011100101000
101000111010011 010011111101101 110000101110010 001010101010100 000111001101000 010010101001110
001010100010110 010000111000101 010001100000000 011000101001100 011110111001010 101011011001101
010011010010010 010010000010111 100000010001111 111010101010100 110000000011001 100100010100010
101010011101111 001010001111011 101001111011101 001000110001110 110101101011101 110100101111101
111000011001111 100110000100000 100101010000101 001100101100111 000001000011100 001101000000110
001011101111010 111100101010110 111110011000011 001001010111000 110010000001011
110011111100001 001011110001100 010000100100011 101100010001010 010101010010000
010100011101111 101011010111101 001110010111010 010011001100100 101000001001111
110010101111110 001110100010001 000100011101100 100111000111111 110100001001101
110000110000100 000111001100010 110110010100000 100100111000000 100101001001111
110000000011001 001011101100010 011011010001110 011000011010000 001010011000010
101110101000010 100101100000100 111100001010001 010100101010110 001011011010111 100011000011100
110110011010001 000101000101001 110100000010101 001010001010011 011010010000001 001110011000000
010101101010000 011000101011111 111110101000010 001111010111010 101000001001111 100011000000100
110100101010111 110111101001101 100010100010100 000111101001011 111010001100111 011011101001111
001100001110110 110111111010101 101010110110100 111101100110101 101011010111100 001010100011001
111100000000101 001111010111000 101011111110010 111001110100001 110000001111000
000110001100011 101010011111101 010100100011011 110101110111100 110001110011100
010111000100100 001010010101011 011000010001000 110000011010111 010101010011010
011110111011010 101010010010011 001100000111010 110111010010010 101001101101001
000111001000101 001110101100110 000010011100110 111111001000111 101011111011010
110011010101110 001101101100010 000010101111101 011011011001111 010110010000000
001000110111111 110001101000011 000011010010110 000110100101011 000010111010000 010101100111100
101110010010011 110011101011100 111000001101000 110000000000110 010111010111000 101010000110001
010101110101001 110001101000111 001000000001000 111000110101110 011110001111010 110010111011101
001010011101101 011101101010111 011011011010100 100000000101100 011111001000010 101001010100011
011001011001100 100001001000101 010011010000000 101100010101111 010100110001010 000110111101000
101001110111000 111110111011110 111100010110100 111010001010100 111001011101001
110000011011011 000010010100000 111010101001001 110110000000000 111000111011111
011100000001000 110110110111100 010101110110111 010100010101011 000011100000101
110110010111110 110010101110010 100010101011100 000110110001101 011001101100010
101001110000100 000100000010110 010010111101000 011101100000110 110011101011100
011010011110110 111010101100011 101010111011111 111011010010001 000101100010111
101001110100100 011101101101110 011011101100011 110000010111000 001110001010011 110100000011100
011010000111000 110011001011101 101110000010110 000100110010100 110010110110000 000010111000101
011000000010011 101101001110001 010101100010101 011000110111011 000001011110011 000011101110010
011011010100011 100001111111101 011101001000110 000010000111101 111101110010100 001000011110011
101010111100101 101101110110111 101000100110100 101001000000000 011101101011010 001000011101010
000100101010110 000011000101101 001011001101010 100101001000001 010111100111010
001111110011011 001111101010011 110000000011001 000010111001001 110010011110101
101000010111010 001101100010000 000001000101010 101001110101100 110111000110100
101001100101111 011000001110101 001011101010010 110000001111011 011101111010001
011100001111110 011110010011110 110000010110001 100101010011000 010000111100101
101111000111101 000001111100011 011001111011011 010000101100101 111111101001111
011011010010000 010101100000010 001100111011101 110110011000010 100010000000011 011000101111111
000010001001000 110011111001000 011001011011100 100100011101100 110100010111011 001100011111001
011111111010111 010100100111000 001110010010010 100100100011111 110110000010101 011100110100000
111110110111111 001101011101111 101011101101111 111110101010110 111110101010000 111001000101011
111010100110000 100100011101101 101011010101010 000000101011001 100011010101101 101111011101010
010110000011110 011100001111111 110010101100111 010110011100111 010101100001011
011110011101000 100111000100100 000111000100101 010111101110011 101011100000100
101110110011110 111011001101110 101110111001010 100000011111110 010000100111011
110000011000000 000011001111110 011101101100011 101101111010101 000100000101001
100001001110001 100110111111010 110010011100111 111001111001111 100100010100011
111101000011001 010111010001010 000100011000100 110011110000001 001000111001010
100110111000000 001111101010111 111110010011010 011001001010100 000011010111010 000100100101100
111001101001010 001001110000000 001110000110011 101011001101011 111001100101101 010010111000101
010110110110111 011110010101000 111001010001011 100011110010101 011010101001001 001111100101011
100110000110101 010110111011110 111011001101100 001011110010101 010000110111111 110000101011010
010101100010011 110111110100110 111101111101001 001000101110101 011000011111101 000101111101011
101011011000011 101111101000111 000110111010110 101010010111000 100100010011111
101101100111110 110101011010110 000001000100001 010110101110000 001110010010100
000010010001110 001110101010011 110001000010010 100010100101100 011001011100010
001001101100101 011011011000101 011010011110000 110000011001011 011011100111011
100000001000111 000101111001101 001000011001000 010100111000000 010010101101011
111001110011000 011101100111000 001100010011001 001001010110101 011111111011011
100110000001101 100111000001110 010000100011000 100010110001101 111011001001001 010001011011111
000011000101111 110101001000111 100111100100110 001000011101100 111100101000110 001011100011011
010011100011010 101110011001011 110010100010011 111010110111011 011000110001000 100110101110011
100010010101101 110000010001110 101110011111101 111001011110101 001100011100001 101001110100000
110011011011010 000010101100100 101110110111111 000001001100010 010110110100110 011001110101110
