6 15 10
27 5 2 7 41 1 3 53 1 22 31 17 23 42 26
15 37 8 2 45 27 17 19 34 12 47 15 15 1 30
8 38 32 7 19 55 33 14 38 20 19 24 8 4 2
8 20 25 10 21 14 44 16 16 13 2 63 32 15 20
11 1 25 20 19 11 27 32 13 9 19 63 41 15 15
8 44 20 45 7 17 24 8 23 23 40 4 26 34 13
38 67 27 1 26 4 15 6 16 11 4 23 34 6 17
20 7 15 34 49 25 12 45 39 7 4 18 0 30 16
8 17 2 28 3 14 9 8 76 14 33 22 30 2 2
18 11 63 2 6 25 5 25 28 45 18 4 19 1 27
61 22 5 35 8 8 24 3 5 0 30 31 21 38 8
55 17 44 12 40 9 29 18 10 20 18 11 21 7 18
69 18 9 28 1 11 17 11 23 15 34 15 24 4 28
17 17 18 39 26 6 15 35 19 18 32 31 0 38 36
3 23 9 35 30 70 27 12 4 19 1 16 14 15 22
25 9 32 22 13 1 21 14 38 26 7 39 7 56 5
53 15 36 38 34 15 23 16 15 1 3 32 8 25 8
19 16 44 11 20 36 15 3 32 9 15 48 1 31 28
43 15 37 34 20 16 5 1 5 22 25 27 18 32 39
11 20 17 20 7 49 28 1 16 27 5 28 3 60 13
42 19 51 16 9 36 24 27 26 10 28 4 12 19 16
45 13 7 22 10 2 28 18 62 7 23 25 7 24 18
9 9 47 8 13 54 23 41 5 27 22 26 13 10 7
23 8 49 44 16 27 22 10 8 6 31 39 28 4 12
56 25 17 66 20 11 8 9 2 0 21 2 19 5 2
13 22 2 13 39 35 38 26 20 2 28 33 4 42 15
48 42 2 1 54 2 14 8 4 18 31 1 29 20 13
30 23 9 23 19 41 30 19 10 10 2 25 61 8 5
22 20 5 31 33 17 9 31 42 36 34 28 13 23 1
32 18 19 16 6 18 16 1 25 16 13 71 24 18 21
35 29 14 34 9 6 22 17 14 33 41 12 23 45 9
14 14 13 14 5 4 21 18 17 35 71 34 23 11 6
32 31 51 32 22 3 3 7 2 22 1 3 8 56 9
11 7 5 22 15 17 7 60 15 18 55 23 21 22 10
4 8 7 2 34 29 20 16 30 48 30 47 19 2 22
33 37 22 0 14 19 34 29 3 27 46 37 3 18 6
40 17 48 9 9 10 8 12 47 34 13 12 20 6 36
3 54 45 9 13 1 58 1 6 5 2 3 16 32 5
10 15 13 6 2 48 28 19 45 39 25 24 16 27 15
18 26 6 30 27 29 28 15 2 38 41 20 25 32 17
24 12 44 15 12 7 17 12 54 42 24 19 10 3 28
9 21 5 43 27 12 1 17 70 27 8 8 25 6 7
26 7 43 33 3 24 3 9 20 49 25 27 4 10 36
17 6 22 17 55 18 18 29 26 15 49 15 12 23 10
6 3 49 22 20 27 6 23 29 6 5 7 32 58 8
62 47 2 28 6 29 3 16 8 20 8 0 36 10 13
7 38 10 35 6 27 27 14 36 0 5 41 7 39 30
5 27 35 4 20 4 51 37 3 16 42 11 18 6 33
10 50 4 1 22 18 9 11 22 38 28 13 52 25 13
0 34 5 2 69 22 6 30 19 19 23 8 30 1 18
45 19 36 29 5 9 9 7 1 13 15 1 41 15 54
30 17 3 19 9 16 43 31 2 7 26 2 8 15 65
0 33 29 7 49 34 6 32 18 45 10 22 11 5 18
19 22 10 7 21 30 11 30 15 52 19 13 5 11 55
45 12 10 8 9 5 26 4 9 56 39 40 17 11 13
33 15 1 10 8 46 42 33 3 29 6 14 16 14 45
72 7 18 23 4 12 32 2 12 14 11 17 4 41 20
2 34 8 20 38 37 44 5 20 21 15 16 32 19 30
9 11 30 8 5 37 10 3 10 0 50 40 22 6 50
22 21 4 18 27 27 1 14 68 21 29 25 1 17 15
010010110101000 001100011110001 000000001010101 010010100001111 111011101000101
010011101011101 000111010001101 110101000010111 000010101110011 011111111111110
001110000001101 001111100011100 001001001110110 010000001001110 111111011011010
110111111101000 111110010100010 111100100100100 001100000110101 000101110101111
001111001000101 000011101101111 111001110000011 000101111000101 110010110011100
010000111100111 000010111001101 100101000101111 011010011000101 101111100100000
100001111100110 010000110001011 100111011100111 011001000000001 010100111000011 111001010011100
000100001011111 010010000100100 110110101011101 100010010011000 110100100011010 111111101100110
011100001001001 001111010011100 010100101101011 110111100111000 110100001000110 111001000110100
001011111111100 101111101011101 101111110110100 110011111110011 111001001000011 011010011101110
111001101010101 000011001000100 100111010100000 011110001010010 111011010011111 111100111110001
011101001100001 001001010001100 010001110110001 100001001110101 100010010101100
110111100110100 110101000100011 011110110010100 101110001000010 100011010101010
101111011000011 111010111110010 010000111101011 010011100011101 010000010010011
011111001001001 011000100111000 110100110011010 001110010111100 111011110010001
100011000011110 100001100100010 101110010011100 000101011001111 001010001011100
010101010110001 010101111110000 101100111011011 010101101010011 110011011000100
011010101100100 110000011010000 110001110011111 000101111010010 111111011011001 110100000111000
001101110001000 110000011000111 101000011100001 010110110101110 100111110000110 100010110001101
110000001110010 011001010010100 011001110000100 010010000011011 111110000010101 011110001010010
011111111000111 000111000010101 100001110001110 111000010000010 010101000101110 100101010100100
010100011101110 011110110100111 011111000100111 001111010100001 000110011101100 011101100111001
011011001011000 101101100010100 010001011010111 111110101110010 110110001100010
100111010000001 010010010010100 000000000001110 000110001000101 100000111000100
100000001001010 000111010011111 000111101010110 001011011100011 100100110100011
010100011111111 010011101101101 111001111110011 000101010001110 101110011011001
010110010000101 011001001000010 011010101011010 011111100001111 110011000000000
100100010111110 000010000000111 100111100000110 101100001001110 001001100110100
010110100100001 100011001001001 101110110001110 111001000010111 000110100101010 000001110100111
101110001010000 100001010000101 010101001100100 101011101111110 011101011110101 110000110111110
000011100000100 010100101101001 110101000000001 101111101110011 110000011100010 100101001111001
100001111001110 101001010110010 110011000000111 100110010011110 011101111110000 001101001000111
011101011010110 100001100011100 000101010101001 110000101010101 001110010000010 011111011100100
110011101001000 100111011101011 010000011111011 011010110100010 000111011101100
111111000011110 111010110110110 111000010010010 001000010010001 111011101101011
110011010011000 001101010000010 110110001110000 111110100010001 101011110100100
000010111010000 101011001000010 010011010110111 110001100101110 110100010111101
010010110100011 100001111011100 001101101001000 100110101001110 110011100110111
101000011000101 000011000110001 001010101110110 010011011100110 011100010001011
110011011100011 100011101100110 011111100111001 000110111110010 100110001011100 011101001001100
100101111011101 010111001000010 000000000111001 111000000010101 010111000100011 010010111010101
111110010010111 100011111100010 101111010100001 111100111111000 110011011111101 011000000101011
001111010000010 001101001011101 101000110011000 101100111110000 000000010100101 111100001100110
111000011110000 001011010110110 011110000011101 011000011110101 110110010101001 101000101011000
010101011011001 011011010100110 010111010111010 001100000110001 100011100010100
111111000000001 000100101010011 000001101000101 110100100111011 001111001110101
010110011110111 101111001010010 001011010000110 001010111011011 011110110111100
110110110001110 100110001001001 000110110111101 100001101001101 110111011111010
100110101110000 011111011011100 001011101000000 111000000000101 100110111001100
101100000011000 110010100011001 110111000000001 000001111101011 111011011101101
100011111011011 100011111001011 011010000011110 101011111001000 111001100101010 110101000010111
101111000001011 101111011111110 000001111111100 111101001010101 110110000000011 100001001000000
001000110000011 100110011110010 011000011101011 101010001010011 000101011011001 010100010100010
011111000011100 101001101011111 101100011111001 010101000110100 100010010010111 011101101111010
001101011000001 110011111100011 010011111100001 001110000000010 001111011000000 101010011110111
111110000101010 001110010010111 100101011000100 010101111001110 100011110100010
111001101001000 100110011000110 011011110011100 100101011001100 011101111011111
001101100001110 011111101010000 110101110011101 100010001001110 100011110101110
101101001010110 000000111011000 110100000111000 111011101111100 101011100111010
010000001100001 000111010100110 010001100100010 000110001011000 110111100111110
010100110001100 111101001100001 101100011010100 011011011000100 010100100100110
000110001110011 101111010101111 011010001100111 101011000010111 010000000001001 110000011101111
011100000001101 110110011111011 100101010000111 001100010110011 000000010101010 101110110011111
001111000100111 110100011110100 101000111100011 001111000000100 011101111001000 010001011001001
100110001011101 011001111011001 110111100110000 000111111000010 111000000001001 111101101010101
111111110110010 001111011011110 001110010101111 110100000110000 000111001001010 011000010010101
101000010101001 000001111100001 111101101010010 100101110111110 100101011100110
100101111011000 000101111111111 010010010111000 011001110010101 110110101000110
111001001110010 000010101000010 110000110101101 000101110010001 101011110111010
110110011001000 110011101111000 100110111010000 011000101000100 011000010110110
111000101001000 010100111011010 110011110111000 001000101011101 011101100001000
010101010000001 011010110100001 010001110010101 001001101000111 010001111100011
001010100111101 000111100100011 010110101100100 111110101011110 110110001110111 101001010101100
001110000011010 101011011101001 000110000110101 010011011101101 110100011001011 100010100010001
110101100111100 011001011010010 001100000011001 110100000001000 010000001000011 110111010010000
000011110010101 111010110010101 010110010100110 111101110111110 100111111111001 001111111011000
111101010100010 100001100101000 010011001110100 100000101011110 001100111111000 100001110100011
111110100100101 001000011100001 011011011100000 010101111110010 101101110110110
001110101010101 000111101001111 000110110000000 100000010101110 011100010011011
100010001101101 110101110101011 000100000010110 110110001101101 111111011000101
111100110011001 000001001100100 011101010110110 010111011100111 000101000010011
000111000100001 100000010011010 010000000111100 010101101011001 001111010100111
010101000000110 101000100101010 000000000101000 000000100010000 110011000000110
001000010010010 010111010111100 000100011111111 111110001011000 100000111101101 110001000111000
000011000110000 010000111100111 001000111001110 101011101110101 000001100010000 011100001101111
111001100101111 111100010010101 011000110010111 010101001110111 100000110111001 101010001111101
001101110001100 101100000000011 000010001000001 110110011001010 110000000111010 000100110100001
010110001000100 101111110001001 001101001101010 010110010111011 001010000011000 010000110111100
110110011100011 001011100000111 111001110010000 000111101110011 111111110111101
110000011000001 010110000000001 101001101000010 110011111010010 011101001011110
101111010110100 111001101111010 011110110001011 010111111010100 000111010011111
111110000101011 101000011011000 111100001100101 011111101011001 110010111011001
110011100001011 100111011111110 010010110101100 110110000110101 110110000010010
101111011000111 000110110000110 100101010010110 101000110010111 111100100110111
101001000100111 001001011100101 010001110111010 000110000011001 111001100101011 001111111100001
011001101101111 011110010110101 010010001000011 001010101110101 000011100011001 110111110101011
110100001001011 010010111011011 101010000001010 110011001010001 101101000100001 111111100000110
110101000000110 101010010111100 000000010100011 100011100000100 001111110010101 011101111010000
001000101100101 001001011110001 001010101110000 000111111110010 000011101101000 010111010100111
000111111010001 011100001011111 000011101111010 100000111111101 111011010010010
100000001101000 101111110010101 111010111001101 011010010101101 011110100000001
101110000100011 111111011101100 101000110011011 000011010000001 101010111011110
001011101110111 000011100000110 100111111000101 011110100110111 000100101100100
001100101100111 110011000111111 101110101001110 110111101000101 100011010011101
100110010001101 100110100110101 001001111110110 001001111100010 001111000101110
111010001001011 011101000010101 101100110110011 111101111011110 100101111011101 000001110111100
100000000001100 101110000111101 001001110101010 011111001001000 000001100110101 001111010101111
011100110000111 110101111000110 101000101001001 111101000011001 000111111001110 010011101100011
011010100100001 111000001001010 000111111011000 101111100101001 000001001111001 110111100000111
011011101011010 100100010000100 110101010100101 110000110010011 110010110110110 100001011000010
