6 15 10
0 48 5 38 18 32 13 29 4 6 21 27 42 19 24
18 16 22 17 1 57 22 13 20 6 5 32 16 30 45
15 14 19 18 47 31 27 20 9 3 31 29 1 9 51
56 19 21 7 6 9 15 28 19 43 11 13 26 33 26
11 73 14 28 7 6 1 26 21 10 6 20 4 42 9
2 1 1 28 29 15 53 13 12 3 30 23 22 25 50
4 8 24 7 22 22 7 15 1 16 5 82 13 24 15
40 11 21 15 30 4 53 10 1 14 16 15 9 20 51
24 8 19 14 2 5 6 42 25 6 3 77 17 8 7
31 21 50 14 1 49 5 22 16 7 3 6 4 41 31
31 24 49 20 47 12 14 16 2 36 21 2 9 27 16
22 21 8 30 46 39 3 18 15 17 21 8 34 45 5
5 13 34 45 37 36 37 1 33 11 10 20 5 18 20
3 46 39 4 50 21 27 14 13 5 16 29 18 22 21
38 49 19 41 10 4 16 29 6 0 8 10 37 3 38
4 10 19 1 25 38 29 4 7 14 30 16 69 9 17
12 17 9 37 3 28 16 38 30 15 53 30 22 8 17
25 20 27 19 25 3 8 2 23 9 1 40 17 57 38
6 21 19 8 37 59 14 19 35 4 11 14 31 0 33
57 5 2 1 34 18 19 2 24 51 22 10 13 28 12
23 42 22 12 22 15 12 27 3 46 53 12 15 14 6
56 14 48 11 0 40 13 24 2 11 26 21 18 1 17
27 19 12 1 29 31 7 7 33 14 25 38 17 42 39
29 40 20 52 32 0 29 27 11 15 25 1 23 16 9
39 3 1 28 24 3 22 55 2 18 19 35 17 21 32
35 36 14 18 12 4 9 37 25 41 19 3 33 29 26
26 19 4 7 5 25 38 22 31 2 64 9 2 21 28
43 12 44 5 13 8 24 26 5 2 20 43 11 46 2
34 21 11 17 45 38 5 12 11 15 23 20 34 34 28
10 4 17 4 25 15 19 9 31 29 38 34 43 27 37
2 9 36 1 27 6 29 63 12 44 11 18 21 6 13
35 15 12 39 4 31 26 14 21 21 37 36 37 4 11
50 29 7 10 33 27 17 32 28 32 31 21 5 14 3
1 20 69 17 13 0 32 36 3 20 5 7 19 23 27
20 28 32 38 47 3 13 42 4 9 4 7 35 29 10
1 34 5 13 31 44 7 16 36 28 10 32 4 42 21
38 7 3 29 2 44 2 23 51 40 17 6 8 15 19
19 23 33 53 49 10 26 5 29 6 18 14 6 13 18
13 14 18 47 4 26 31 31 31 12 4 34 16 40 18
50 12 38 3 13 16 17 20 3 39 7 10 7 53 18
14 5 20 23 11 11 9 3 1 8 22 71 45 27 12
22 11 14 42 3 4 18 29 28 5 43 15 46 18 33
15 36 7 29 4 41 2 2 34 23 11 46 44 1 1
5 18 28 12 6 5 39 24 37 3 14 40 26 52 8
15 16 28 29 11 46 27 16 32 8 3 12 8 58 5
30 20 22 33 31 20 36 41 40 7 13 2 8 15 26
31 1 18 27 23 56 33 8 10 19 26 14 19 37 12
11 30 23 5 3 9 12 18 11 0 45 54 18 50 2
28 22 9 8 31 15 9 6 40 17 34 43 42 18 16
30 12 11 7 23 2 15 71 3 3 1 16 50 13 2
19 15 7 18 20 45 23 26 15 64 17 7 5 27 3
9 71 8 6 23 22 27 26 30 6 8 11 8 34 3
20 29 37 24 8 7 27 12 1 34 32 40 35 27 2
32 11 8 33 8 23 6 17 9 36 31 8 10 39 52
5 22 18 13 11 32 4 12 13 7 0 34 18 71 30
42 27 6 14 3 17 19 37 58 15 27 15 3 1 28
20 6 19 7 24 35 64 18 9 3 26 22 5 25 32
28 0 8 26 19 23 33 36 23 20 28 16 19 12 53
28 58 31 25 12 3 7 23 42 15 28 27 8 6 5
19 5 35 3 7 35 62 4 19 17 37 6 12 25 20
000011111001011 110000010110100 110111010111101 011101110101010 000101101001100
010110110010011 110101010101010 010101100000110 011000011000111 110101110011000
011001101101101 011100010000101 001010110010011 010001110001110 000101101000000
100001111101011 101001011010110 100100001011101 110000011011101 100111000100111
110110001000010 111010001001100 100111010011101 111110110001000 001110011110001
011101101010110 101110001010111 101110111100000 111110101100011 010100000111110
101101110000010 111001010110111 110110111100110 011011001010110 101101101111010 000111000111100
111111101011110 111001011011001 010100011010111 111010100110001 011000011011011 011000010011000
101001110000001 100001110110011 110011011010011 101011100001010 010111100010100 101101010010001
111111110111111 001111111011111 111001010001011 101011100000011 101100110111100 101110101000010
111111010101101 001100010110111 111001011111110 001000011100010 010100000011111 000011011101110
111001010011101 000110000101100 100101010000000 101010110110011 001111011110101
010101011001101 110111111111111 111110101010011 100111101000111 010010001101000
001110000011010 011010101101111 101111010010011 010100011011010 110110101000101
011111001000100 000010100101010 100011011101000 011101011110001 000010111110011
010110000111000 101111100011011 000000101110011 101110011001110 100001100110100
001101110010011 100000010000011 001010001101111 011110001110101 001000101101110
101111101111111 010011010001100 110010000101010 011001011001001 001010010111011 111101010011100
100111001011111 110001100100101 000011011001100 111111101000000 011110110011010 101001100111110
101010100111001 110010100101010 100110111001101 000110001110111 001111110100111 010110101001000
101011100010100 110101000101011 011100111111010 010111111001000 011011101111111 101000000110100
111101011011010 010101010110100 110110010000010 110010100110100 110110101001001 110011010111101
110100100011110 111110100101001 000100100110000 011011001111110 011101111111101
111111010011000 110010010101110 110100100011001 101000000110110 001110010101110
010111011110100 100000110000011 001001011110000 000100111010100 100111010111111
000110001110100 010011011111111 111000010010101 010100110011100 000001000111010
000110000110101 010111100001100 101101101111011 111000000001011 101000111110110
101001110111001 001111011011110 110111110100111 010000111011010 100001010100000
001110101100100 010111011110011 001100100101001 101111100100011 110101100010110 100100001110110
011100100110110 010110000011010 001110001111111 001110000000000 010111101111001 010000111000110
001110111101011 001010100110010 000000110100001 000010100100011 010010010011011 000010011010110
111000101101100 011111110111100 001010100101101 100001001111011 000110110011101 000101101111011
101000011101110 010010111110010 100111000001000 011100100010001 000011100101101 001111110111100
101111000000101 010010001011101 100011100011010 010111110100001 110000011000101
011010101000000 001100100111001 100010111111110 000010111010111 111011101101101
100010111111101 001111110101101 000000001101100 000011000110100 000111000111001
100000000110001 000001011000010 011110100010000 000001001101001 001000011110001
000001111010000 001111011100111 010101100100110 101100001101100 111000100010100
011000011100000 110001011001111 001101011110100 011000111000110 100101101110101
010010010100100 111111111101010 111110011111010 101100001000111 010111001111110 000110100010101
001001111111000 011010000110011 000101001000111 100000101001111 110101011111111 001010011001110
110010110110000 101100010000111 110100101010100 110101001110100 110000100000001 111010110010101
100011111010000 100001110000001 101000000001001 011000001011100 001111100100011 100111111001111
110000001000001 000001101011100 110101001010100 000110000101110 111010000010101 110100011101011
000011010111010 011001010111000 110011001110010 111100100111111 011101010101111
110011000000000 111110111110011 000000101111011 000110000011110 111000010111011
100111110110110 111011110100100 101011011110001 010111100010011 110110110100110
010001101000011 010000100110100 011111100000000 101000001011101 010001010000110
011000111011100 110110000101011 101011100111011 111010100100110 011001000100000
010001010100001 011100111011000 110111000001010 100010000101001 110000101011110
010101100110110 100111001100010 101110110101100 101100111001110 110101011011001 011101010111010
010010000000001 011010100000111 101100000010010 000101111001100 000110100001000 001110101101101
001001000111011 101111110111001 111101101011100 100100011000001 010101011100110 100111000100001
101110110011001 111011000110101 110001001100001 111101101110111 110001000110010 000000011010100
001010000011101 001010011000010 110010100100001 001010001110111 110111010101100 100100001110110
110110001110100 101001011100011 101011111010100 001011010111111 001100011011101
001100110000001 010011101000110 101101100010000 000011010111100 000000100100010
011100100100111 100111110010010 101000111010101 001110101111101 100110001101101
011011000010111 011101000101010 110101111001100 110000011111011 010100010001010
101011011111100 100010111111101 000010001001010 011101011011111 111010010101000
010000101001010 010100001101010 111011100100000 001111111110001 010101110000111
111100010100010 010111001000110 100100110010010 000111010111110 100111110011010 100100000000011
111101101010001 011000001100011 110110100001110 111010110110110 000010000011000 011010111110110
111001000010110 100010011111101 001101001001011 001000110000100 010000110011000 011011000101100
000011000101110 011000000011110 111111000001001 110000100101101 101111011111011 011001111110000
100000001110010 011101110000010 000000011010111 011011100110101 101001100011111 110010110110110
100101000011010 001101111001110 100010111010101 101100110001101 010001001110101
001011001000001 101001100100111 000111111001110 001011101110000 100100100000011
010010000011000 110110001101100 011010111111101 101001010011101 011111100010001
001111011011101 011100111010111 011000010110010 001101000110111 110011110011110
011111101111000 111111011010111 011100101110000 011110010110000 101001010110010
000101010010111 110110100111111 110110011100110 101111011110101 101100110011010
010010010001010 000010110011010 100110110111000 000101000001000 000110011110110 111000111000010
111000000111001 001110000110011 101011111010011 000000000110111 110111001011011 010111101101100
010001000001101 111011000010100 100111000100011 111111000000101 111101111100111 110000001011011
100000110001001 000100011011111 111100101010011 000010101011010 000100000011011 111101111011011
101111001000000 100101110000000 100110000110110 001011100110110 011100111010101 111011000001000
111000010011110 001101001111100 000001101101100 000100000011000 011101010001101
011011011110001 010111100100011 101001010110111 100111001010100 101001101011001
110111101001100 111110101111110 010111100111010 100110100111101 000010011000010
101000000011101 101101001001110 000011011000101 010101111001111 010001011000000
001101011001011 100111101010000 010100010011000 101010000100110 101011000010011
001000100111110 001111111001111 000011011000001 001111111000111 100010111010101
001000100000000 011110010011110 110111100010101 011010110100110 011001111011010 101001000111010
010010110011111 001111010101101 111100101011000 011010000011011 001011000110110 001101011001001
011111100100000 011010000111010 001110010001111 011000000011110 101010000000111 011110011001110
010111011000010 110110010110001 101111001110110 110110000001100 111111001111010 110110001001011
011010001001110 100100100000111 111111011111010 110111001001100 111100000001111 101010011101111
110100110100100 001010111101111 011010101011001 101101101100011 011000110111010
011110011101110 001011110010111 011101010001010 110111000101000 010110000000010
101111010001100 000001000100010 110000011100001 100100100011011 010001101101010
010000001100001 001111000000101 011001000101000 000111110001110 100100110011110
100111100011001 001000001101111 111001000000110 100111100010001 110110001001010
111101101101110 110100010111110 011100011000110 101001011010110 111000110001011
100100101001001 100110011110001 100111000110011 010101011100100 101111000110010 111111001001101
101111001110111 101010010011101 011111110001010 111100000010011 111000000110110 001001000001011
100010111001000 011101011101110 110101010110011 100110000100011 101011110101001 011101101001010
101100010111101 011101111110000 101100111001100 110001010101010 101011111011001 101101100100000
011101110111100 111101111000100 001000110011101 111110011110010 100010000100011 011001010001100
001100101100000 001000001101110 111010010011011 010100010111100 110101010110101
000111111111101 101100001111101 111011100000011 100101101010011 000110001001001
010100011101100 111011111101100 101111110000011 011010000111010 110011000110110
110111010100111 110101001111000 011010010001101 110001100111110 110101101110101
110001011011010 011100110111100 101000110111111 110011110001000 001011110001111
111110110111111 011010001111001 000100100010010 100111011011010 011011001111111
100010110100010 100101001100000 100110011000110 110101010001100 101010011101010 101111101111100
101111101000111 000100000110011 010000101101100 000001001010001 100100111011010 111011011000111
100011000010011 110000000000111 111001101111110 011111011001000 101001011100110 010001110001101
101001010011101 000110111101001 010010011001110 001110011101000 001100011011001 111001101010100
101001100001101 011001010000101 100110101000110 001000000010000 100100001111111 101000011010010
