6 15 10
8 22 12 29 27 20 17 57 19 18 11 39 14 34 16
24 23 20 20 26 3 13 2 54 45 7 37 1 7 30
30 0 11 5 3 23 41 11 30 11 65 27 2 1 25
15 14 36 3 26 21 27 8 38 19 15 44 43 8 20
20 29 3 28 35 14 29 16 5 3 35 27 30 50 3
37 48 20 7 10 33 40 16 14 29 8 4 24 24 23
2 43 19 25 37 20 40 8 14 40 20 31 14 6 18
21 11 13 27 11 15 3 2 40 15 24 70 25 11 12
21 45 27 18 14 46 44 11 11 30 4 14 19 18 10
17 27 28 23 21 28 16 30 12 15 10 12 58 18 30
25 28 16 53 31 21 9 27 35 21 16 10 17 17 26
4 6 34 64 14 2 1 35 4 14 25 12 2 43 20
36 1 17 19 16 6 15 5 35 4 34 49 25 45 5
7 21 8 4 1 24 16 27 58 26 30 12 17 20 46
24 62 23 20 15 17 14 38 6 12 4 26 16 22 31
25 8 32 33 29 1 37 2 4 34 40 9 46 5 1
53 37 26 10 27 24 18 13 40 1 12 24 12 1 28
15 47 20 17 12 4 43 15 0 21 33 44 3 33 7
4 15 7 29 16 58 7 5 2 4 22 39 54 11 11
7 2 29 43 20 6 11 3 9 37 56 37 15 10 21
0 36 59 33 15 3 15 13 22 42 6 25 19 12 2
1 22 17 23 2 29 6 33 9 43 18 21 63 4 3
1 10 40 1 32 1 67 15 43 1 0 22 8 10 10
43 21 25 8 12 34 20 29 17 26 0 10 48 31 10
13 71 1 12 15 5 44 2 24 21 21 5 29 4 8
0 17 18 43 12 8 23 37 17 23 36 16 24 46 18
12 37 30 30 34 31 1 33 34 12 1 36 7 17 20
11 4 47 13 15 20 6 35 28 16 55 18 24 13 22
25 6 6 7 8 49 36 38 28 21 4 50 9 12 11
51 29 8 35 11 41 16 18 27 5 22 17 29 20 12
31 11 13 33 36 30 8 11 2 16 1 28 46 2 45
8 40 13 16 2 12 18 37 47 5 12 60 10 5 1
37 37 9 35 4 24 6 7 25 21 40 24 27 12 34
30 9 11 9 15 1 52 19 28 22 6 13 53 14 31
8 25 3 18 39 25 18 6 35 49 13 34 23 29 13
16 7 7 15 42 23 22 20 3 20 9 19 68 29 2
1 9 43 21 2 14 24 6 35 38 2 47 28 32 5
2 14 43 27 4 22 26 14 33 33 40 13 24 21 29
29 12 33 5 28 11 20 7 21 30 24 33 30 29 42
22 0 9 53 40 2 33 22 4 32 27 16 18 19 26
28 58 22 23 21 12 14 2 12 9 29 44 14 29 2
56 11 25 19 4 51 12 5 5 28 4 32 27 10 21
57 20 20 16 6 13 6 20 56 22 0 26 21 9 16
18 10 33 27 33 3 42 10 24 21 14 1 53 13 25
12 27 20 54 8 1 2 18 21 24 13 2 59 6 26
27 45 46 3 15 2 16 4 42 0 10 4 26 45 10
11 7 11 35 9 22 23 53 8 11 41 32 21 34 8
16 39 7 4 32 29 51 29 22 3 15 25 3 7 37
8 17 35 52 6 28 17 7 20 36 3 44 11 28 10
23 40 2 1 2 6 2 19 8 38 46 48 1 6 39
3 5 20 44 16 13 6 10 21 19 24 24 41 59 5
46 0 8 15 11 12 37 17 8 5 68 29 3 9 0
10 52 67 9 11 1 29 10 27 2 13 11 19 9 1
61 14 29 4 14 39 12 5 16 8 38 14 22 1 30
25 6 24 55 22 13 13 28 17 16 16 24 15 17 47
25 12 24 31 12 29 13 18 52 2 33 0 20 29 34
8 3 0 7 6 32 35 8 14 58 58 17 15 0 7
13 9 11 49 26 15 25 30 6 6 30 13 44 40 11
32 3 18 16 37 26 3 21 44 20 28 17 12 18 45
1 40 32 10 11 7 20 41 45 22 36 18 12 13 24
110010011111100 110000111000011 110000000011110 101001111111101 001010000001000
100101011110110 000110100100000 101010100100111 100111011101110 000001111001101
001101111101110 010111111111000 101011010111001 000010100100011 010111110010100
001101111110001 110101110001101 011101111111001 100001010000010 100011100110111
100100101111101 101000001100111 000000011100000 110010110101000 000011101011011
100100101000011 101111000001011 000110110010001 110001001111111 000010010101011
001001111111011 011100000110110 010101000001111 100001011010010 101111111001111 010100001000000
011111110001100 111001010100111 101111001000101 010010100001000 000110110111010 010110011101010
000011101110010 111011110110101 000100001110111 100110010011111 001111011110001 000111010101101
001100010010000 001101011110101 010101100000100 000010010111100 000000001001000 000011111011100
010011010001011 110011000110011 100000100110001 111101100110001 001100110110000 101100010001100
100010100101111 010001110000111 011101011111000 101011010111001 110001100110101
000001101111111 001000100111000 001011110000110 001000011011001 101000000110010
111100100110110 111000000011111 001110100111010 001001100000010 010000101011111
100111110010101 001000000000101 100011101011000 011100011000111 001001010110010
111110011110100 101000010111101 001110011101111 101101111010110 111101000111101
100011110111111 101000000111011 011111011011100 011001000011110 001001111111000
100100101000100 100101100101000 000100101000001 001111110100111 111101110011010 111111100000001
101111100001101 011110100110001 001010111000111 001111001001110 010011011111100 000101101110111
100110110011011 001100010101110 011011011010111 111001100111101 101011101010110 001000000000100
110000100110001 000100111111011 001010011000010 111100011100010 100001110010110 011001011100011
110011011011111 000110001100001 100110011011110 110101000011001 001011001001110 010100001110001
000101111111010 110111011011000 011110001110101 001101000001010 010101111111100
010011010101110 110001100011100 100011100110101 110101011001011 000110000110000
000001110011110 001001000110111 110110101011100 001110110111110 100111100101101
101111010000000 011101000101111 101101010010010 101101000001001 111110010000100
110010000010000 001001010001011 100011010000100 110010100001001 001011101011001
001110000111101 100101110111100 011011011010001 011001110101110 000010011010110
110000011110001 110011001001111 011010101111101 101000001001110 010110000110011 111010101110000
011100011101001 011101011010000 101010111000010 100010001111010 101110110111000 001001001100000
001001111000011 001000100010110 001111100100001 100011111010111 111010000001110 101000000101111
100100110110010 001100100011111 101000001011100 001110100111101 110110111010000 000111111001011
100101000100011 100011101001000 010111010101000 000010011101001 010010110111111 100110100101111
110011010100010 010100110100100 110001101010011 011101100010011 101001010110110
000111010110100 100100000010000 000101001101101 101011011110100 111100011001101
100110000001110 111011111011001 001001010011001 100011110011111 001100110001000
000110010000001 101000011010001 010000001011111 100110000100111 010100000000011
000110000110101 010010001101011 011100001001001 010100111101101 100001101001000
101111011101011 110011100001111 110000010001110 111101100110010 001010101101100
110110100001001 011111000011010 000100001010010 001010111011100 111100111110011 101001001000111
111111011110110 100100000100100 000110100010101 000011101000110 100011001110110 111101101101000
111000100010000 101001010110010 010000100011101 001011110110111 011010011010010 010101111111110
100001010110111 111100100111110 011010011011000 010110001011010 000110101100011 101110101101001
100001111110101 000011010011001 100011000000011 110000001001111 011101110000000 010110011010001
010001111100000 100001100010111 110111010110000 110000110111010 000001000011010
100000011000110 001001000101100 001010110101101 111111110001001 100011011111000
111010010110000 100100111010101 011101100110111 011101111001011 111001010011001
100010111100000 001100001011101 111101000101011 010011011000001 101011101000100
010010000100101 110001011001011 000001011010101 101111110110100 001100000110110
101000110011000 110010000011101 111101101000000 011110010000111 110001100100001
000001000100100 111111110101010 001010100100110 001101010110110 100111110100100 011101000001100
111100100011001 010001110111011 101111010010001 100111000111001 011100111100001 011000011100110
110000000010011 111000011110100 011000011100010 111010101101111 000000111111111 011111000000111
101110111101011 010011110010111 011011110111010 011111011011001 101110100101111 011001000001110
111001100100000 001000110011011 100101101110100 000110111110101 100101011011101 111101111111111
010100000110100 010100110000011 110100111000111 110101000010111 101011100000101
011011101110100 010111010110101 110101000111011 000001011010000 001101010011001
100011000101101 011111101101100 000010111001011 011111001011010 100111100001000
010001011100101 010101100101111 101000001000010 001000011000111 001111101010101
010111010100101 101010011111010 110010011000001 111011101001110 100100101100001
100001101010101 110100101111101 010010000000100 000001110001010 010011001100111
000110111011100 001001110000110 010011000000000 011010000010011 001111110111010 000001010000001
111011000100001 010001110111100 100111101000101 010000001001100 001000110110100 010110101001010
100110100000111 001111111111010 010111010111110 011110000100001 111110111010100 111101110101001
110001110111101 101001100101010 000100000111101 011010111011110 011100101110110 000011110010000
111000000001011 010010001001110 011011100100001 100000010101101 010100010000111 001000001010110
001101101111001 010011110100111 011100110101101 001111011001010 011011110001011
111011011111001 000111001010101 111100110111101 001001110100000 110110101100011
110111110010110 001111110101000 110101000010001 011010100011010 010010000001101
110110011011010 011101011100000 110110110101111 001010100110100 101001111111011
011100011111100 110111001111101 011100001011001 100000100010101 111011100010101
000110111000100 101010110000010 101000000110100 101101010000100 000100100010001
111100101001100 000101011100100 100010001100001 010110101100111 100010100001101 111010011010001
000111100101001 010101101011101 011011101110100 000110010101101 011110111010110 011001010000011
100000110111110 100010001111111 011101000010101 000001101101111 000111001100000 111010101110111
000111100011001 101010110100010 100000100010110 111000100011111 011110010100110 011100100110100
100111010111111 101000101000111 011100100010110 000101101010001 000001111100111 010011010001010
000011111000101 110010010001010 100101001011111 011110111010000 110110100001000
101011011100001 111001011000001 010001100111000 111110111111101 001001100100000
010111111000000 100001110100011 011001001110110 000001000001101 000010011111111
101000100001001 010101111010001 001001011001010 111110110011000 010101011101100
110111011011011 100000111011110 000110011100011 100000111001000 100110110101111
000101000100011 110010010011000 111100000011011 101000000001000 011100101101010
010011011110000 011100010001000 011101100111111 011011110111110 001011100000001 110111001101111
000011000100101 000010101101010 111001010011010 101100111101111 010010111110000 110011101100101
100110001011011 010001111110101 110011001101010 000101100111101 101000010100010 110001101110110
101101001100000 111111111111001 011101100001001 111001100111101 100000100101000 111100100000000
100110010100111 010010100100000 111000100010001 010100100011000 010100111001011 101010000000111
001010101111011 101100101010101 111110101100000 001110111011001 111011001100001
000011110010010 101010000011010 101001000111010 001001110110100 110110111110000
111111001111011 010010001111010 101000111011001 001000111011001 101101100101001
010100111101100 100001100001000 100111101101100 101101000101111 001101000000110
100110000110000 101111110101001 101110010011111 011001100111001 000101101001100
111011010000110 010011111100110 101110000011001 000100111110101 111110101010110
001011110011101 110000111101111 010100100010101 001010111001000 011011000110001 011111010101110
010111101110010 110011001001000 101000110111101 001011101001100 010001001010100 000000111101000
011000000100110 001111010100100 100001110001110 111011011110110 000101001000111 101100000000001
100011101100010 011010110101011 101011110110011 101100011110111 000010010010011 110001001011100
100110011101101 011001011100010 011000000111100 100001111111111 000001100100010 010010010001011
111101111001111 011100101001000 110011100001100 000000101101001 000000100111110
001000010100010 001001101000010 000101101110010 010111001100110 111100000100101
000011011001100 000010111011101 110101010100001 010101010100100 110001111110010
000110010110111 111010110000000 101110001000011 001100000001110 000100011010000
001011011100011 111110101100011 011010010010001 000111111010001 101111001000101
101011110001010 110011011011100 001001010010011 000001000110011 100000000001101
001101010100111 100100001100010 010011000001110 110111000011111 011001011111100 001010000000011
100011101000111 011101111000110 111111101101110 110010010111111 000101111100101 011111110000111
010000101000101 010011011010110 011010010011001 100010010000101 001011001101100 110111100110110
010001010111101 001100010001000 001100010110111 100110010100111 110010101000100 101110011011110
100110010000011 000011001110101 011011101110010 101000111000000 010001001111001 101111000000110
