6 15 10
35 22 9 27 1 16 47 18 4 6 46 1 45 13 18
32 68 15 14 7 5 8 23 13 20 29 12 29 26 10
5 41 2 10 43 30 0 9 22 36 1 32 34 33 17
13 28 5 35 4 8 19 36 31 17 42 39 38 5 4
11 6 19 55 19 10 9 13 38 12 2 42 27 38 14
20 51 46 2 7 20 30 34 14 9 24 19 32 6 9
18 17 6 26 30 40 6 48 41 16 17 1 40 3 8
10 3 40 8 18 36 3 18 9 25 35 56 18 27 14
1 22 31 11 7 34 28 23 29 39 27 15 49 1 14
41 24 19 38 10 16 16 41 37 18 37 6 23 4 6
9 7 8 10 42 22 18 5 71 9 19 7 19 7 34
48 26 14 6 40 29 25 12 5 23 25 20 24 32 22
31 22 13 37 8 13 14 17 25 23 57 7 42 5 1
28 11 30 11 30 18 24 1 48 22 31 30 26 30 7
9 4 6 6 23 24 32 25 48 3 15 27 32 49 18
12 3 44 14 11 29 46 5 37 25 34 6 3 36 11
31 4 19 36 6 29 21 10 55 19 41 14 12 20 3
23 36 28 13 18 12 38 13 1 4 11 8 54 2 44
31 9 54 51 9 1 32 36 11 10 0 27 3 5 11
4 5 51 19 5 38 30 11 33 31 15 7 20 33 26
7 12 9 9 24 16 1 41 8 7 2 48 29 41 48
26 4 41 35 3 29 23 2 53 40 8 2 23 3 1
55 50 22 1 8 7 10 15 18 31 29 11 20 3 31
16 35 24 36 23 2 10 8 17 30 23 13 24 21 54
46 0 51 16 35 8 14 26 19 12 25 11 35 20 1
2 6 18 41 8 25 42 38 18 19 6 21 8 19 50
4 26 26 29 3 15 30 18 4 14 10 3 43 60 23
27 9 15 34 23 16 50 21 14 37 8 42 18 16 9
14 39 2 52 17 1 2 3 23 42 26 14 9 44 1
24 24 22 19 2 8 22 14 2 19 40 31 19 44 46
9 25 51 7 5 9 18 20 27 41 51 5 0 25 7
44 25 6 47 9 5 9 27 36 8 13 7 6 46 24
32 9 53 1 24 24 5 7 31 21 19 21 30 20 36
18 16 55 5 12 20 36 12 2 56 1 23 2 28 4
17 0 45 9 40 21 25 11 24 28 4 45 28 19 17
1 37 1 23 4 4 32 33 12 16 13 23 45 52 11
0 5 27 8 2 74 22 6 11 13 10 3 34 32 23
21 26 17 31 34 12 2 22 26 13 24 59 7 26 17
11 16 32 23 27 0 28 43 12 10 50 24 21 11 31
1 25 24 54 25 12 32 16 11 6 10 15 16 55 3
7 32 3 20 6 5 2 6 53 61 16 17 9 25 25
52 27 1 66 11 25 4 19 9 8 17 8 11 8 18
25 4 27 17 14 13 46 21 17 9 41 1 24 25 47
1 3 27 54 11 44 37 22 20 2 16 9 19 36 3
4 9 10 59 4 5 13 1 61 26 10 22 19 0 26
12 30 35 12 16 53 9 8 2 11 14 9 56 29 2
7 39 8 1 10 27 11 46 2 9 6 35 38 16 47
44 37 13 17 9 29 41 15 15 25 22 5 37 24 6
31 33 25 24 17 7 45 7 36 10 36 20 16 28 12
16 3 6 20 5 28 12 6 36 20 53 44 16 32 25
27 31 3 1 56 34 8 4 34 24 16 17 38 14 8
14 17 39 20 19 22 13 8 14 58 17 37 3 9 34
1 34 33 42 4 13 32 15 4 5 32 53 17 18 1
4 30 4 21 2 22 2 17 24 47 38 18 48 19 26
10 42 3 65 12 19 3 42 2 15 0 2 24 28 3
7 26 31 9 7 35 21 8 3 4 59 19 13 38 31
41 16 19 23 9 25 10 8 19 56 27 35 11 19 20
58 12 6 29 42 29 16 8 7 15 15 40 10 12 18
14 22 14 20 0 13 13 55 25 7 55 15 38 1 4
54 26 1 5 22 22 37 31 39 16 4 15 3 8 31
100001011010001 000111011011100 000010001001011 101110101101110 101000011001001
111101000011111 011000101101000 110000110000100 111100100010100 110110111110111
010101101101101 100010110100100 001111011110010 000010011010010 110101111011000
100101110010010 000010010000111 000000100010001 000110110000101 101000110011111
101001011100110 100110101010011 001101101100011 100100100001111 010110010010011
100011111001010 111111001100001 100110001100011 011001001101001 101110011111101
111101001001011 010010011111010 101001000111011 000110010101010 001110000011011 101100110111101
101111000001000 100101011011100 010111101100000 011101000000100 001101000101010 010000101010111
100100000001011 100101110011011 011110001001011 010110100001100 010111111101111 000010001011011
000110111011011 010001111000001 011000001101010 101001001001101 010001011000101 001110110101000
011010110001011 101110110010011 111000011010011 001000011111000 110010100111100 110001011000110
101010111010001 110000110010001 100001001000000 000000000000110 000000111010000
000111010000011 101100011101011 001010100111111 010010110011001 111000111001011
010101001001010 001010111100011 001011010111011 101100101111010 101011101111101
010010000101111 011101110001010 100100001110011 101000110101010 011100000100010
110110110000010 100000111010100 010010111011010 011110011101001 000011010010001
101010011110010 001111001111100 000001100111000 111101111101011 110100111100000
010111110010111 001001101101000 101100001101111 000001011001001 011110100100000 001110110010000
000101011010111 010100101001111 110011111110010 011001010111110 000011101011110 001100101010001
111010111101100 000000111101110 000001000011011 111011110100001 011001100100100 100101101000011
100011001001101 000110001101011 111100111011001 111110100110000 101110110111110 100011010001100
001110001100110 001001111101010 110000110000110 111101010110110 001100001001111 100000000010001
001011001000010 011010001110100 100111001000001 011011010101010 100010000011101
111110010110110 100111100110000 000001001111011 010000101000110 101010010100100
100001000100111 100110111010000 010011101011110 100011101110110 101011111000111
110000110001011 101111101111111 110101100101101 100000111101101 100011010010101
011000111110100 111000110000111 101111100011100 010010010001010 000010001110101
000010011110101 001001010001011 110010010010110 000001010010001 100001110001101
100001000011010 011011010101101 111100010111111 011001111101100 110100111111001 011001010110010
101000101001010 000011101010100 001101010001110 100011011010100 011010100001011 111110101111001
010001011010011 000101010111111 000000111101101 100100001100110 010110000010001 001111101110000
010101100110000 110111011101100 000000000001110 000110000110000 100101100100101 110101011101110
110111100101000 111001000001100 001110001101000 000010101111010 001011101010110 011010101101001
001111011000010 110101101011111 111000111111110 011010101010001 010100111110110
011001100000101 001001000010011 100001011101100 011000101100111 010001110100110
101001110000111 110010010011010 010000011100011 011110110110000 110001011101111
110111101111111 001010100000100 001001101110100 111101111111011 010011111010000
001010110100110 011011011001110 011010100000010 000000010100000 101110010001110
011011000111011 110110010000100 011111110101010 100100001110010 000101001001101
000110101000010 000101100101111 111111100101101 110010001001100 001010010100011 011110011101101
011010000011011 001111110101000 111011000100101 111011111000010 101011100110111 011111001101100
110111111001110 001111111010100 011011100111001 000010000010111 111111001110000 010101110100000
000101010110000 100111100100011 010110001100100 100110100101000 010011000000011 110000110010011
111010111001100 111011111101011 000011111000100 110110011111011 111011010011111 000100001111000
110111010100101 010110011101110 101101100110010 000110111100000 100110000100001
000001001100111 110000010110101 100110001100001 001001100001001 101001110001001
111110011110011 100000101100101 110111100101111 000010011010000 110010011011100
001110010110101 110000000101101 111101101010110 100101110111111 011101110100010
100110101101111 110011011110001 101000100000110 111011011000011 100001101110111
000011010011100 100000011111000 000000111011111 000011010011001 011100011000110
011111110010111 110001000011010 000011010110011 011111010100001 010011010101111 111000011000101
010110001010100 111000100101010 110111100110000 001010111000000 001011000111000 101000110111011
011100010000100 110101100000010 011111100110011 010001110111000 010000010111011 110111010110011
001010111111011 010100110010111 010010011010111 001101101100100 010001000000110 100111101110101
111011101001010 001011111000111 101100000100001 000011111101001 001111110110010 011011011011010
010010101111011 011111111010111 001010111101101 011011101010110 001100001101011
011100010011001 001001101100110 010011100001101 010000111010100 001010101000101
010101110000010 001000111111110 110001110001001 111111101111001 100111110001100
001011011101000 110011100101101 001101101111000 110011011101000 100011101110110
110010110101000 011100101011011 011100010011100 100011001010010 110011110111101
111101101010110 011011111100110 110100111011110 111010000010110 000100111100111
111010111001100 010101010101010 101111001100001 100111100000101 001010110100001 101111010111010
010010110011000 100111100011011 001100101101011 111110101101100 110010001000100 110010010010110
011000011100100 110000101011011 010000010001000 001010100100111 010011101100101 100100000111110
100100111100100 100111110101110 100111000011101 100010011110001 010010101000010 101010011000000
111011110010001 001010100110111 001000110101110 001100001101010 110011100000010 100111110111110
110101000000101 100010111010001 100101100011011 111010100110101 110011101011011
011100111101000 110010001011011 000110000110110 010001011111010 011011001110001
011000011001010 010001110111001 010111011011011 101001111101110 101111101000010
111110101101111 001011111100000 000110000000000 111100110000001 010000000101010
101111000101101 111000100001111 001011010001001 100100010011100 111010111110100
010100010000100 010011010111101 111001000100101 110101010101110 101110111110001
011000111110100 110000110000000 000010111011001 001011110101010 011000100000010 001010001110000
001011100000101 101110101110111 001010101010000 010110110010000 010111111111011 110100111110100
100010011000001 011000101110000 100011100011100 110011111101010 001000001110011 010101010101011
101000000001101 110000100111101 110000010100010 011010101111011 000011000011100 000001011110011
110111010110111 011100000001111 101010111000010 010110101111111 011010100001010 000110101000100
011001000000010 101111011001010 100010010001100 001101011010000 110111110110111
010000010001111 110010111110000 010110101100111 100011001011011 110110100111111
000010011101000 010101100101100 000111101011001 100100010011110 010000100011010
101010000111100 000000100000000 011000110101011 100110000001011 101100000000001
000101110100011 000101010101000 000000010000100 101110010010111 000110110101011
000101011011010 011011000001001 000110100001000 110110101111110 010001100000101
010110111001101 000010010000010 000011000101100 001111011000011 000011011011100 010000010110100
000111001111010 010011011011011 001011111010101 010011100010111 011111001110110 111101011001011
100110010011000 000101100110111 001111110010101 000011100101001 000000100001000 011010111101111
111110101011111 111001101011100 001100001111101 101001110111111 111110100010100 000011110111001
110011110001111 011101010101110 101101110110101 011011101111110 111110010100111 111100011001011
100101011110110 111100010000100 111011000011011 011010110001111 110010100110011
001011110111001 001101011011001 010101100101010 110000011111101 100001100010010
011101110010001 000111100111011 101110011101011 111010101000010 010101000100000
010000011111011 101100110110010 001110110110010 010010101111100 110101100001101
100110111001110 001101101100110 111111110101101 011110111000010 000101100001001
111110011001101 011100100100100 100001011010100 111001110110101 000000000010101
100111101110111 101100000001111 010010110101011 010100110010010 000100011100000 111011010001101
011110101110010 101111000111110 011110100001110 010100011011111 001111101111001 010000010011001
111011110100011 001011011111111 100110101000011 001000001101010 001100000110011 100001011001110
110110111010010 011010101100011 101001010010001 001110001001101 111001100010010 110110010101100
110100001111111 010111000011001 001111111111100 001010111011111 001011111101100 111111011100010
101110011110100 001110100010111 110000100101000 011111010101011 110010100001000
111000010100110 011010000010111 101010101011111 100010010101111 000100100111011
010111011101110 001110111011101 111110111011011 010101100100001 110010000000011
110011101111010 110010100101011 001111001111001 001110100110110 101001101111011
001000110110001 101001100111111 110100110001011 101101100010001 100111011110010
110011010101101 101101101101000 011100111110111 111101010110101 000000110101010
111101111001010 000001010011101 101101001000000 000111100010000 110110000000010 100100010010100
110011101010011 011011010001011 100110101101111 101110010010000 011101000101111 010110001000000
110111001101000 101111101111000 000101010100111 111101010001000 111111111101011 001100001001011
110101100001110 010110001000101 000011111110100 101110011010101 011010110110000 111001111101110
101110111011100 000110111111010 101100001001101 110011011010010 101111001111011 010001010000001
