6 15 10
10 14 14 36 29 1 40 20 18 30 3 11 8 42 47
14 62 20 19 7 18 23 39 3 11 10 16 22 22 38
21 4 15 25 22 23 28 44 3 11 25 10 22 36 47
54 18 8 5 11 49 7 21 10 50 21 16 5 13 10
2 34 27 39 24 46 4 8 13 54 24 1 4 3 9
34 3 11 45 18 29 3 4 25 6 12 1 50 38 28
2 11 22 17 63 2 8 11 9 23 13 41 27 31 28
18 23 35 4 26 35 16 4 39 4 23 20 29 15 47
14 24 57 17 8 27 3 17 15 42 4 19 8 24 40
32 27 16 25 16 18 54 8 41 3 6 34 7 20 23
15 45 0 23 44 13 2 19 7 52 37 19 14 0 14
1 14 4 9 15 21 47 4 2 29 43 25 5 24 54
31 39 20 13 2 3 24 28 14 43 46 9 11 12 34
17 23 27 10 25 24 19 46 31 15 13 10 16 40 36
27 24 28 26 38 19 31 9 29 26 28 43 15 0 0
6 39 10 29 39 9 29 31 25 11 24 6 24 42 18
30 20 7 43 13 2 4 46 37 26 19 9 23 4 37
6 2 24 12 67 37 13 21 16 44 1 20 10 7 2
35 53 1 4 19 15 16 22 16 5 48 0 30 12 31
5 31 0 43 0 9 1 27 31 51 37 5 27 23 11
18 14 25 26 31 8 18 43 10 62 12 2 15 24 9
22 22 3 6 7 13 31 8 5 2 59 33 17 6 53
32 23 54 23 4 2 19 6 26 41 4 17 35 20 18
47 29 20 33 42 24 2 1 19 34 23 9 10 5 29
23 1 44 22 41 4 25 30 20 13 10 25 43 10 24
8 12 10 20 28 47 29 6 19 4 2 29 10 61 18
66 31 19 5 22 23 21 11 30 9 40 1 6 9 4
41 45 32 25 17 21 7 12 9 16 10 5 38 41 7
49 12 4 19 12 15 32 6 12 33 16 2 14 46 42
22 69 34 14 17 12 4 21 15 16 27 12 1 31 10
5 32 40 54 2 17 2 11 39 16 1 3 4 44 13
3 10 29 33 10 45 2 39 22 10 23 32 43 17 7
18 3 37 32 31 17 16 15 20 29 29 5 15 56 10
23 15 25 47 39 1 12 56 28 14 3 24 5 1 2
5 33 14 1 2 22 14 55 52 6 6 36 6 25 14
34 14 52 33 1 35 39 16 12 11 21 24 1 20 8
31 1 0 42 14 2 34 42 31 38 1 4 40 8 10
9 18 14 2 21 12 73 11 18 6 38 11 9 36 3
11 27 25 17 34 36 15 25 9 5 44 8 9 44 27
11 13 11 3 6 40 13 32 2 52 44 7 1 30 34
29 44 40 24 16 7 9 25 54 19 18 16 4 13 2
4 29 30 25 36 61 11 30 23 16 10 15 8 2 22
0 40 0 30 23 18 19 4 32 46 42 27 21 9 13
43 16 29 30 34 31 11 32 2 22 19 2 5 38 22
20 17 20 10 28 34 18 7 49 7 30 37 1 27 31
12 9 7 3 12 39 43 11 40 48 39 18 8 14 9
2 32 28 57 9 1 18 14 7 30 12 15 9 7 53
19 37 28 39 11 17 26 54 11 35 13 0 18 11 11
15 26 32 12 2 40 49 13 38 22 3 40 0 8 13
9 3 9 1 23 22 11 14 21 6 41 56 38 43 3
9 14 22 50 16 8 2 17 12 25 3 5 58 25 35
28 12 20 20 20 2 23 22 6 35 27 61 28 18 2
2 23 29 11 4 32 19 34 19 36 43 11 17 45 9
28 13 1 11 51 52 1 18 1 19 8 35 7 37 15
8 0 21 55 42 9 33 10 13 45 27 5 19 4 10
14 31 7 3 23 13 15 59 23 35 38 2 10 31 14
11 3 23 12 2 12 5 64 19 34 23 18 2 50 6
2 8 11 19 2 1 34 38 20 18 44 9 37 42 31
10 6 1 13 8 26 6 4 73 13 16 4 47 28 6
37 28 27 51 20 1 17 3 1 6 26 7 19 52 5
011010011110010 000011011101100 010110011010111 001000001010011 101100100010001
101111001101000 010100100110010 111100001101111 001001101011111 101011011100111
111100101101111 001101010010011 010110000011000 101111111011011 010001100111010
110001110000011 111101001000111 010101100111110 011011011011011 001010100010011
010010111111100 010110001010001 001100111101111 111001000001010 000101011110001
001101001110000 001011001101001 111011010011101 101101110100011 101110000111010
111100110100010 101010100111001 001100101101111 010000010011111 010010110111011 010011101010100
111000101100111 111010111011110 001111100000001 001110011110000 110100111110011 111010011111111
000100101001001 000110101011001 110110000100110 011110100010010 010110100111001 110010110111100
000010101100111 011011011100101 010100100100010 011100110110101 011001100000001 000011001001011
010011100011010 100011010001100 000011101110111 110100010010100 000010110001101 110111011001000
100000100100000 110111000100010 000111010011001 010011011100110 011000101111011
111110101001000 110010111000101 010011010000010 110110001101011 000111101101010
111110100101011 001110111000111 110100101100010 010101010011001 011110100101000
011111001100100 111101111111011 110011011110010 011000011101100 010100111110101
010011010100001 111111101011010 000000101010011 000000000111001 011100111111111
000111010010110 100011101111111 101111101000111 110110000110000 100101110011000
001001010111100 101100100011110 000010110010101 100110010001100 110011011100100 101000111110101
011111100010110 010101010011100 001011010010001 001011111100110 010011101010110 010101010001001
010100100000101 110101111001000 100101000010100 011010000000010 000101011111010 100100110110111
010010110101100 111011000011000 100000000110010 110010110100010 110010001111011 001101000110101
111111010011110 111001010011110 000001000111101 011010101011001 110100110001111 001011001010010
011000111100100 010000101100000 010101011011110 001100110110010 110101010001011
011100110000110 110101011010100 100101010101101 010101110101110 101000111001110
011101110110011 110110000001101 111101000011111 101011111010101 110100111010011
011111011110101 011111000010000 000010110100011 110100011000110 101001111010010
011000010100110 110001001111110 001111111111100 110100001001000 011010011111000
110011001000100 101101001100111 010001001100111 100111100110100 001111100000100
100111101101000 110011110000011 111111101010010 110001000100100 001101100100011 000000110010001
011011000111001 000100101011101 100010101110101 111001001001010 101001010101000 101100100110110
001110100010110 010110011000011 100100110010100 000110110100100 111011000001000 011010101111100
110111001100011 111001001001000 100110011001111 101110001010100 101000010101110 101100001000100
001100011111001 010000101000001 011010011101101 101001011000110 100001011000110 000110011100011
001111000111100 110000010000011 010100000110011 000111110100000 011111001100000
110101101100000 000011100110010 011011100011101 110101000111001 010111011111101
100110110110110 101110000010100 000010110011101 101101011100011 000001011111101
101010101111011 001101001100101 011101100010000 001000010000110 111101111110000
010001101110000 100110100011000 110101010010101 100110010100101 011011100110110
101010010011110 111001110101111 000000011001100 000110111101001 010011001111111
100011010011001 100110101000000 101100000110100 010010010010101 001001111101100 000010001001101
001010010010110 100101010100000 011011111110010 101010001011100 000010111010000 000011100001000
001111010100100 110101001010110 110100000111101 010110110010010 001010001001100 010111111001100
100000101011000 001011100100010 110000000111010 000011101010000 111100001000001 010000000100000
001011010100100 010011111101101 110010011110001 000000101101101 110111110110000 110010100000001
110110000111110 010101010111000 000000000100011 110110100100000 110110011100000
011100101100000 010000101101010 111110111011101 101110001010111 000111110110010
111011111010100 110010110101101 101110001000110 101010010000101 001010110010010
111100010110100 110111000100110 001110001010001 001000110010000 001111101001101
011000100100111 111010010000100 001010001000000 111011101111110 000001101010110
000110011011011 001111110000000 101100110111010 010100100001110 000011000010000
110011111011011 001001101100100 010101001010111 011001110100100 010011001110101 001010101111001
111011111001011 100111100101110 000100010011111 001010111001110 110101110010001 111110001010111
110000011011000 100111000100000 000100100110110 011110000011111 101011100010110 111011001011101
010111001100001 110000010010110 100010101101000 000000010110011 000011010001010 100000001001111
110011110010001 010110100010011 010000010011110 101101001100100 011110001010111 101101001101100
111010110000011 111101000101010 010101111011100 010100101111001 110110010111110
101101000110100 000111001100110 010001100011000 110101011101100 011101010000111
111111010011101 011101011111110 000100010100011 101000101110100 111110010011101
101110100111111 111010001101111 110010100010011 000000011010100 110010000111101
100101110000001 011010010001111 111110000000001 110000011011011 010001010110111
000100110100000 010111111110100 011010100011001 110011111001001 010110010001010
100100001100011 001001101101111 100001110101011 111011010100110 101001111001101 000101111010110
000101000100001 101001010100100 100100001101000 111001001001000 011110111100001 101011000010110
100000111011000 110000000110110 001011101101111 110001111111101 000010101100100 111101100011000
111000101110001 111101011111000 011010011111111 111110000010001 010011011000110 001101111000000
111010011111101 001010011000010 011111011100010 010111111100101 100001111010110 101110110000000
110011110101010 011100001010010 000101001110000 001100100101101 000101111111100
010111011111101 001010101000010 101100001100101 010000010011000 110101111011000
111101111101011 000100011100000 111101100001010 101111111011010 011111101101001
101010111010110 011101101010110 010001101001100 001111111000101 110111101011100
001110000010111 000101110100111 001011001111000 010100011111000 010101100001110
110111111111110 011100011100101 000111110110101 110110011100110 110110011001110
111110111101100 111010000101010 100010110000100 101000011001110 101110111000110 010110000011100
011011100010110 000000001110001 000000111000101 100011101011011 011001010000111 100110110001000
110011110110000 000110001010010 101011101001101 011010100100001 000100010100001 111010100001101
000011000000000 011000001101101 101100000001110 101000001010010 000110110000110 001010100001001
011111101111101 001100111100101 011001001111011 001110111000011 011110111010011 011111010111000
101010100101000 010101001110001 000111011100110 111001010100001 010111110011100
000011011000101 100011001110111 111000011001110 001011100100001 010100000011010
000011010101111 010010110111011 000100100011011 000000011001100 000100100010010
001111001110100 001001111111000 100100000010001 100101100100010 000101000100110
000111010101001 101111011110000 100011010111000 110011000110000 111000110011001
000111011001101 110010110101100 011111001101101 101000100011111 010001111001001
101110001110101 010010011101111 101011110000101 111100010110000 110001111101001 100011110010101
010000111110000 010011101000000 010111000011111 011110101011001 111010001001100 101010110110011
111010100100111 110111011000010 001100100110101 111001010110111 100000111101001 010010110010000
011101100000100 001000101101101 100100010000101 110101000101101 111011100101110 100011000101000
110100101101100 100100110011000 100100011010011 001010111001010 100110000111011 000101001111011
000011101100100 110111100100010 010011001010110 001111100110010 011000000001011
011111101011100 011011110101011 000100011011110 010110000000011 111000111111111
011101111100011 000000100000101 000110100010011 011111011001100 001101100100011
111001011110000 010011100100000 101001001010011 111110101100100 010011011100101
110101101111011 011101000101110 101100010001001 101000010111000 001010101001001
001010101010110 010001100010101 101010101011010 000001111100010 110100000000100
011100001010111 111101111110101 011110000101011 010100011111001 111110000011001 011010100101000
001011000010110 011010110100011 011011000000001 110000100111101 001011110110001 100100000110010
001111100010111 111110001010100 110001010101001 010000110100001 011011001111101 100011011100000
110111000001101 100100000010111 001110111100100 100101100111101 101110010111110 000010011111011
111111100111101 001000011001011 110001101001100 011001101001011 010110100111111 100010100101110
001100011001001 110100111111101 000011110011101 111100110011011 000010101010010
000111101111010 000100110001100 000100110010101 001100000001111 010101111110011
111101101111000 110100010000010 110110101011111 101100110101100 111001010000011
110001011010110 110110010000011 011000110011010 001101010101111 111110101101011
010001111110100 110111111101100 010010100011010 101110011100110 001001001000001
000111000000010 010111111100001 011101110110000 000111110111000 010111000010110
001100010000010 001111101110000 100110001001000 110110010100110 000011011111111 010110110000100
001011000001100 001011000111111 100111101010110 111001000101001 010011011000101 000101101111100
010110110001100 110101011011110 110111011111010 011101101111011 000010100001001 101101101010111
110001011000100 000100100111110 000001010011001 010001101011110 110001000001101 000101101101010
110010011110101 010001011010101 011000100101001 011011111111100 110001111000110 000110110100010
