6 15 10
35 34 17 38 33 17 6 36 19 8 8 40 29 5 8
12 30 0 11 34 32 53 37 14 17 36 9 15 12 14
2 49 26 3 23 29 24 3 1 33 5 29 49 14 20
16 16 27 13 4 43 29 18 23 56 17 22 6 30 11
7 35 17 21 13 56 31 16 13 18 33 13 9 32 25
6 9 1 5 14 8 30 40 19 5 0 2 71 35 22
21 9 11 32 39 30 3 40 11 32 1 21 4 43 29
5 42 30 8 24 18 5 51 12 29 14 6 7 36 34
38 22 13 28 24 5 16 13 4 14 18 8 35 1 65
12 17 21 30 25 24 13 19 1 57 10 0 25 32 39
17 12 43 50 10 19 44 0 10 35 9 29 17 7 15
3 52 40 15 14 13 24 7 25 17 26 41 7 32 9
36 26 15 48 12 35 10 24 9 5 3 17 49 3 27
8 6 14 37 26 15 36 22 17 29 55 15 16 32 2
20 27 46 30 19 22 4 28 33 5 2 2 15 38 38
36 27 8 2 32 14 53 4 22 16 24 20 39 3 23
22 42 0 3 17 23 15 63 1 7 34 22 21 20 12
6 8 14 11 5 58 14 31 11 17 11 20 18 49 37
11 2 17 32 8 32 12 16 11 54 10 16 52 10 30
39 6 16 14 29 6 47 14 10 17 17 46 7 42 7
23 14 41 3 11 18 42 12 41 19 3 27 9 46 15
13 23 14 0 34 17 19 3 1 5 7 33 48 51 33
47 21 34 6 23 67 4 22 14 4 14 11 2 8 4
1 21 46 20 53 40 6 21 2 2 0 7 37 23 10
24 5 7 52 37 38 8 22 15 16 11 48 4 9 16
20 17 2 36 8 32 22 33 7 64 10 31 7 6 7
24 12 35 8 58 26 16 5 34 36 16 4 19 11 22
19 15 26 20 3 22 14 35 27 31 34 22 10 6 55
0 1 47 39 23 9 28 19 22 27 19 27 21 19 38
21 43 1 6 35 11 11 36 24 20 26 9 12 46 29
42 22 33 4 0 28 31 10 27 9 26 4 55 15 7
28 31 43 7 2 4 56 10 28 34 16 14 8 16 22
30 7 15 18 19 13 47 18 13 6 9 23 27 42 46
28 20 0 25 48 3 29 24 21 40 23 23 8 33 16
63 33 33 36 11 3 4 24 31 5 6 13 12 15 16
28 37 11 4 3 20 21 64 5 17 26 6 39 12 10
19 28 14 24 37 42 38 4 4 3 38 15 17 1 39
3 69 30 10 5 48 19 21 1 4 25 5 16 14 2
1 9 22 22 32 51 14 41 0 8 17 4 5 31 46
6 30 35 37 4 9 28 19 32 28 21 11 13 26 44
3 16 25 16 45 46 4 54 17 36 1 12 7 1 3
19 48 12 38 14 18 33 44 3 17 31 22 9 18 3
24 16 58 13 47 11 7 9 18 3 10 4 45 11 25
17 24 46 39 19 51 7 15 13 13 11 22 3 16 32
12 55 21 0 35 22 18 2 58 5 8 1 19 20 10
5 25 4 39 22 48 25 4 29 44 6 19 16 32 3
0 25 8 8 32 41 64 29 12 14 7 3 2 36 1
10 11 50 9 18 55 7 14 39 10 10 2 27 26 22
32 32 35 8 0 15 21 34 35 28 8 49 0 18 7
38 31 13 4 18 32 19 7 8 37 39 24 14 21 38
32 5 0 7 28 23 5 1 2 13 50 34 30 44 28
9 25 15 16 43 29 23 3 57 43 15 5 3 8 7
45 34 31 14 2 44 33 7 33 6 12 21 15 11 23
9 32 19 10 7 38 14 24 21 39 7 10 42 25 41
13 75 27 24 21 16 10 16 20 1 6 26 12 20 14
41 26 43 18 4 14 11 40 32 2 34 0 34 6 9
24 3 8 9 21 8 22 2 39 11 42 37 30 43 27
36 1 39 57 2 5 3 23 31 42 5 16 19 9 3
9 1 27 8 26 21 15 23 26 23 15 31 3 68 14
9 18 57 40 1 3 30 9 6 42 29 5 21 7 22
011001000101001 110100111111110 111101010101111 110000111100100 101010001011111
010101011001110 110001111011101 000010000110001 100001011100100 100101010011110
100000011101011 001001010001011 100011001111010 101011011011101 101011011000111
100101100001000 000101010111001 001000011011101 101011111000111 010111110101011
111101010110010 100111000101111 000101010001001 110001110000011 010001101001100
100100001100011 111110010110000 010110010011001 011011001000111 111101000111101
101010010001110 111001010000110 101000000010101 110111100001111 000101000110010 010100011101000
100111011000001 011000110010100 001100010001110 110000101010011 001011001010010 001101011100100
000110010001011 010111011100101 000001001101110 011100000111010 010001110111010 000100010010010
001100110001001 100101101100101 010000000010110 010000111101101 011000100001100 110010111100000
010111111101101 001100001000110 000010011100101 101001011010010 101101111110000 111000000100100
010010111000111 000001011001101 100001011101100 110110010011010 110000010000000
010111010110111 000000100110110 001000111001000 000100000000111 101101100110110
110000010010010 111000001001101 110100000001111 011000000001111 010001000011111
111101011100010 001100010001101 100010101001010 111101110110110 000010110010101
011011001110111 001001000100101 100001100000011 111110011101001 111011000001111
011111100011111 000001001101010 110011010000000 001100000000100 101110001010110
001001110011101 010111000101100 001101110100111 111000101110001 110110110110100 110101111011101
000110000000111 101011010001001 001110111100011 100111011000011 111010010010101 100001111011000
000011010011100 010001110100001 000000000110110 011111101110101 001111000010110 111000000101110
010100111100000 101111101111000 110110011010001 010101100000111 111110110110111 010000010001101
010111111111010 111001110011010 110011001000001 111100011110011 001101011101101 111100111101010
001100000011010 001101110001111 110000001101111 111100000110111 110011010000001
111110110000000 111101001000111 100000000101001 111111000111100 100100011000011
011001110011010 001110000100111 111011010011111 110010010110100 101101100100011
010110001000110 011111100011000 110111000100111 000101010101001 010011000101010
011110100011001 100110010001011 101000001111011 000111101100010 101001000000011
001000101100100 101101011110011 010111110100001 010011101111100 000000000101111
000111100110110 100000100110011 110101001010011 000000001100001 000101000101000 010111111001100
101011011001110 000010110110111 110001010010100 000011010101111 011010011000001 010000111110101
101011011011110 111001100101000 100010111000010 010010010010111 110100100011110 100110111110100
010010100100100 110110011011111 011100001101011 100011110010101 000111100000111 000000101000011
001011000011100 111101100011100 100110101011100 101100111011100 101011100001101 101011110110111
000101101100000 001011100010100 110010100001111 010110110001110 010001111110100
100110100110111 111000101100000 111101010010001 000110010100111 011001110100110
110110011101011 000100110111111 101001011111000 001011000101010 101100101010011
110011010111001 100110111011110 010101000110110 100000101011110 011000001011111
010000000110111 001001100011010 001100111010011 111100010100111 010010011010101
001011000111010 100100001110110 111000100110010 101100010100101 110111000100010
101111000111001 011010111111000 011110111101011 101100100011111 000111101000010 011101110100011
111101110101010 100101100001011 000011011010101 111010011101100 000010111110110 111100011000000
100001110111101 011011111101101 110111000110101 110011111011011 001000001110110 001011110101101
101110001110101 000110100000000 001110111110110 100001101110110 110111000110111 111011000011100
110101010010000 010101010011110 100000101010111 110100011011101 010011100110100 101001011011010
100111101100000 000010011001111 111101111001001 011100110000110 000111110101100
110110001011001 101101001100010 101010101001101 001010000111000 110111100011010
100101000110011 011010001100100 000011011111011 101011011001101 010110001101110
110000101111000 011101100000001 100010101011101 001110000001001 110101101100101
101101101100101 101100111100010 001110111001010 101011111101110 011011111001101
101110000110010 101100001001110 001001100110000 010110001111111 100000000001001
111110001110000 111101111001000 110011011110111 110011000001010 010011100010000 001000011001101
111000110111110 000100111101000 010000111111001 101010011101101 001101110111111 110000110100100
001101110000000 101011001100011 101101011111011 101000000111000 100100111000010 101110011101111
101011110100110 100110001111010 111000011110001 111101011000100 001111001001110 011001011100010
000100111110001 111100111111000 110011111011010 110100110110100 110111110100010 000110110111011
100101011101110 011101100101101 101011000001000 101010010011001 111100010100000
111100111100000 111100111010101 010110001000111 111101111110101 111000001100101
010111110111101 100011101001101 111110010000010 011010100110100 101101100011011
000110101110101 010100100000111 011111000101111 101101001111001 110001100110010
110011101011001 110111001111110 001010000100000 011110000000011 011001000001100
001010111110100 011111110110100 011010100110001 000101110010010 111110010010011
000011111111100 110001001010100 001111100001001 111101011000101 011101011011010 000010011010111
011110001001100 011000111101100 011001011110001 000110111110101 000011000111110 101101100100001
111010000000011 111011011000001 001000010100000 110110001011010 000111111101101 010100001111000
010000011010101 001100011100110 010000101111010 001100110000110 111100000001110 100100011000111
000011000101110 010100001000101 010111001001111 001100101001010 111110111000100 010100111101101
100111111010111 110011101001100 100111001011001 011101110100000 011111100001001
110001000110000 100010111101010 010111100010101 110111001111010 000011001000110
010110110101101 111101101000010 000001100001001 010010101010111 101100000001010
110110010101010 101010100101001 100011011110011 111010110111111 010100100011000
100011100001001 001011011011010 010011001100001 001000011110000 101011100010101
101101000000011 110000001101101 101011010111101 101100110100100 111001000100000
100110101111111 101100111111010 111010111101101 101001010100100 011000011111110 101110100110000
111011100000010 011101010101110 011111111111111 010011010101001 100001101010111 011111110101100
001001111001100 111011110110101 101001110111000 001011110010010 010100100111000 000001000101010
110110000001010 010010110101111 100101100011010 110010111101101 000101111010000 010100010110100
110110001111111 011111110111101 100001001011010 011100101111001 001000010010000 010011011101000
010000111000000 001011000010010 000011010111110 111010100011000 100011010001100
011110111000000 011101000011000 101111100100010 001111010101100 101100010000100
101111111001100 010000000011110 111100101101111 111011010011000 100101101011010
111011001010000 110111100011001 101100001000011 101111100001101 110110010101101
100011110101100 111000011010010 001000000100111 001000110111111 010011110000011
100010001110010 111111001001100 110001001001110 110001010011000 010011010110100
111000110101010 000011100111110 000011100010001 101101100110010 101100011101111 010001110011010
001001101110001 111100000110000 100000010110111 000100111000111 000010010110010 010010000111001
101111011000001 101100110111100 001001111001110 101001111010010 001100000101100 000111101011111
100000011100101 001000111111101 110110111101000 001000011000101 000100000000010 000001110000000
111110100101010 011010001111100 000011100101110 011101101001001 001110011010010 001111011011111
011010011101001 101001001100111 010000110010010 100010111101111 001101100001000
000000110110111 011010111001100 111000111101110 010100001010100 010000011111110
100111111001010 001010011011000 000111100011000 100000011101101 001011001000011
010101111110011 011110110000100 011001000110000 110100111100101 011000000110101
110100111010100 101011010010111 011000010101000 101010110011101 101011101100111
101011010001010 001010111100110 111001100110001 001010000101011 110100011000111
101000010101001 001000010100111 101001001010000 100000111101000 110010011011001 100011000001010
000011000100101 011110000111101 111011101111000 010110001010101 101010101100011 111011000011100
011110101010000 000000101000101 110100110001011 111001001011101 101111000011101 110011111100011
110010011100010 111001011010010 010000110111111 100001010111101 111111010011111 001011011000101
111111111011001 001011111001100 001011111100010 011011100010010 000101111010000 011111111111100
000001001001011 010111101000110 110111010000111 111001000000000 110001000001001
110000110100011 010100011100110 010000000110111 000111100101011 100100011101010
111101010000100 100111100111111 101000100110101 101000101000011 001011000001100
011101110000110 100000011111001 100000000100011 001000101110111 000100110010110
000000101011010 100001110001001 111010101111000 011011001001000 010111110011011
111010101010100 001110100001100 011101011001101 000001101101010 001100001111000
001011010001110 001111001001101 101011011111101 011001001001100 101111000010101 110001111100100
010000011101100 110001000100000 001010001101111 011101110100000 100000100010000 001010011001010
111110000110111 110000010001100 110100001101100 101000101111000 010010110010011 001000001000001
011111010111101 000111110111100 111011100000111 011000001010001 100010000100101 001001110101111
100011111110010 001101001000110 011110100111110 001101011001001 001111001101111 100111111111010
