6 15 10
24 24 24 27 23 2 44 3 34 3 46 16 19 21 26
6 31 34 17 28 30 19 44 21 39 2 3 12 1 39
18 26 27 4 13 13 14 69 6 15 10 34 20 28 15
25 14 29 10 28 45 18 21 20 1 50 26 34 9 1
2 5 38 14 18 6 30 13 36 14 13 53 48 0 12
2 6 57 8 15 48 29 1 7 11 43 6 30 5 17
46 2 53 9 34 5 20 24 0 1 10 50 1 8 12
2 28 4 35 14 16 30 13 27 5 17 47 19 51 13
36 15 55 17 8 21 17 12 30 43 13 25 26 0 6
11 64 12 59 6 6 29 12 11 8 7 9 3 12 24
2 54 14 34 21 2 37 18 14 3 45 35 6 4 9
26 55 5 6 38 55 17 0 3 20 7 9 6 29 10
7 15 21 19 34 20 49 3 0 58 13 24 20 3 22
7 17 16 42 10 3 12 7 0 34 0 1 44 38 52
21 48 9 11 5 44 6 7 23 15 59 2 24 16 5
51 5 21 13 28 38 4 11 26 24 6 41 25 15 24
13 3 9 58 7 12 33 2 11 11 46 26 31 31 11
9 33 13 48 2 28 8 50 31 16 20 11 36 2 2
62 11 24 29 7 31 0 10 0 40 6 17 3 22 32
6 9 13 30 42 40 31 17 39 26 6 9 30 31 8
27 33 9 20 36 15 10 6 25 33 14 6 16 26 56
7 31 4 26 4 43 2 43 27 33 19 10 25 37 19
40 39 20 21 8 28 11 37 33 17 35 21 23 11 3
21 2 14 12 33 28 7 20 7 19 2 49 13 25 57
44 3 35 0 29 10 39 19 21 36 9 37 27 8 6
0 38 19 35 0 3 14 21 18 36 44 9 27 39 20
36 11 21 17 16 33 4 26 27 35 27 36 12 26 31
43 11 15 20 28 22 44 2 4 35 35 37 7 14 7
24 0 36 16 31 37 18 14 17 15 2 14 5 46 47
34 22 3 31 24 24 8 0 9 36 8 30 28 15 53
0 7 10 16 11 18 31 1 52 52 22 12 10 34 32
49 29 26 13 44 24 18 1 2 8 30 4 12 39 21
2 11 6 10 20 53 6 18 37 1 6 40 17 14 52
54 24 21 7 22 37 5 29 41 19 3 19 1 21 20
12 42 34 32 1 41 4 8 23 27 24 27 10 38 1
23 6 27 17 6 23 7 20 38 31 29 7 17 59 18
32 15 7 43 33 35 35 9 20 11 7 22 28 32 17
12 17 26 25 2 6 0 7 37 6 53 35 35 38 1
13 58 16 6 4 10 19 21 18 14 32 25 31 45 14
18 20 5 35 29 11 14 8 4 7 2 45 62 3 31
30 65 8 10 51 5 6 14 6 12 32 25 6 8 0
38 46 6 18 16 10 33 14 40 23 14 42 4 15 14
38 2 5 6 0 67 50 0 6 8 17 3 25 17 13
23 17 34 9 35 2 2 17 13 13 32 32 33 1 54
5 23 25 16 23 34 12 46 29 6 2 49 26 12 22
12 33 43 27 15 10 23 20 12 34 29 23 4 30 37
14 22 25 41 50 4 21 13 2 0 14 36 5 17 46
14 58 16 42 29 5 27 4 1 34 16 29 4 7 24
12 74 22 9 7 22 6 19 2 1 46 2 18 2 19
38 7 17 19 27 32 23 11 24 17 42 11 37 33 14
8 22 10 6 28 19 13 7 18 25 53 52 17 19 30
26 18 38 27 10 18 38 39 11 18 33 21 37 8 6
43 16 30 33 8 16 8 1 44 16 44 6 1 34 12
21 30 1 39 18 40 23 3 3 1 27 44 27 28 23
43 12 7 61 1 13 16 8 16 28 35 21 19 20 17
13 13 48 3 7 53 39 26 22 31 5 12 13 21 4
39 20 17 2 27 12 25 19 44 24 26 3 37 36 7
17 1 17 6 5 14 18 2 23 50 36 25 13 43 44
31 46 17 6 20 16 31 4 14 57 4 3 9 33 18
42 22 19 2 6 22 47 1 31 15 13 26 28 37 21
000010010101010 011111110010110 001010000000100 110110000010000 100000110100100
111110101111111 010110010110110 111011010010000 110100110010111 011110110011010
011111011010001 011011011000110 000000000101011 001011001000100 011000011110011
011011010001010 011011001000101 100110000001001 111111101001100 101011001111010
101101000110011 100010000011011 110011100000001 001100010001110 110110011010000
011111111011100 000110111100111 110011000111011 111000111110101 010001111000101
101011010111011 011100010110100 000011100010111 111001010110010 100000001011111 101110000000101
001110011010100 000001101111001 101011000000010 011111111100100 000111111001001 110000010011111
011110100000011 011100101000001 010011001100010 111011111110010 111110000000000 100000100101101
101110001001000 101110011110101 010110100010101 011100100001001 011000011111000 000100011111000
010100101001110 110101111000001 011001011000110 110111000111100 100101011000111 100101110101011
100000101110101 000110110110111 000001010110110 110110010001010 111101001010110
010110010001011 011000010011111 101000101010111 000100001101110 001100011011011
011110010010010 110100001000000 011110010001100 110111001101110 011101001011010
000111100110000 111001100110011 010001100010101 101111011100010 001100101011111
100000111011000 000100101110001 001000101111011 010111000011111 110101111111010
111110101100101 111000011011101 011110000001111 010110000000101 110110100110011
011110001111001 110000010011001 101101111010110 010100010110111 101100111000111 001000101010110
011011000111010 111110010101100 011010110110111 110011111011110 011010110111000 010110000001101
010110111110100 111110011110000 101101101010111 010011010110011 101110000011000 100111100010010
100111111110100 011100100101001 111010101101100 101111000110110 010110111001101 001100000010100
111011000101101 000000101011011 000111001100000 111100011110011 011001011111101 000110110100100
101110000110010 101111101110001 010001010001111 001111100110110 010011011001110
100110000011100 000110001000000 100110100101001 100110001001101 001111011000100
111011100000110 011011010000101 100100001101100 000110010111011 001010000111001
010110011011100 111111010100010 110101110111110 011101101111100 101111010101001
111010101010000 001101000011101 000101111111001 001010011011110 000010110001000
000011001000111 110110010111001 011111010111000 101001001110100 111000110110011
000001001011000 011000001000001 001100101100101 011101010110100 111101110101110 110110000000100
010100110101110 100011000111110 001111101100110 110010001011111 000010010100101 011100001011101
011101010000010 101100111011101 001110000110010 110010000010111 111000111010011 111011110010010
001011010000100 111000111000010 010010101000111 111110000110000 011111101101011 101110011001101
011101011011001 111111110110001 111101000101100 110000011011010 010110011110111 100011111110111
100010101111111 011010101001101 101011110011001 011100001000101 011001001001100
100001111010000 010110001101010 111001111000111 010011011010100 010100100001011
101000101100010 101000111100001 010001100010110 111011011011010 110000001111000
110011001100111 000001011000111 010100000000010 010010001110001 001101100110111
110110110100011 001100100100001 011101100100110 100110001010110 010000111010111
100111101011011 111110111110011 001000011110110 001110001011100 101001011111000
001000111100101 010001000010100 001010000001100 010010001111001 101111011011000 101010011000110
110000101010111 011111011011010 011011001001011 000000011001101 001011111111100 010011011001001
110000101011101 011111111011100 101000110000100 101101110011000 100111001100010 100111110000001
101001011000101 100011001011001 011000001111000 011011100101111 010010011110000 011010010110101
111001001001011 010001100000110 010000011111010 000110111111000 110000000100010 010011100011111
101111010101110 010010100111100 110111011010000 101100111100010 000000010111001
001010110111011 110100100111101 001000101111111 011101101110101 010000100000111
100000000111110 011011110110111 100100101011000 100001100001011 010010000110000
010011101010001 110110000011000 001110011010010 000000110110010 100100100100000
011001100101100 011010100001001 011101011101111 011010111101001 111000101000100
010000101000010 010000001010011 101010000101001 101101011101111 100101111100101
010100011010110 110000011101101 001111011111011 101000101110101 011010100110000 101001001011010
110000111101010 011110110111011 010011110000010 001001101010111 101010110110000 100100100011010
000100111101110 111000111101000 110100000010010 110011000010010 010011000110100 110011110011010
001101001110111 101001000111010 000110000000100 100110100001000 011100000101100 111110101110100
111011011100110 001000110110011 001010000111100 100100101101010 010110011011110 111111100001111
011111110110110 011011101011101 011001011010011 010111000110101 011101011100001
110111011110110 000010000111010 100111100011101 110010001001100 111110000001010
010100100111001 001011111011011 111000001100110 100000110010011 101111001100011
011001001110010 101010010110101 110000100011000 001010111110011 001011001111001
000001001100100 110100000011010 100011100011100 011110010101001 100101010101011
000000011111111 011000010111010 111101000001001 001101010001011 110010001100110
100000011111101 000010111111001 001010001101110 101111011101111 010010001100011 001000011101000
001001110101100 000101110100100 011101110100110 001011111101110 001110001110100 100100110101001
001000000000100 111011011001001 000100001110010 110101000001110 100101100011011 011111100110110
101100010100000 010001110001000 110111011100010 110101111101111 000011110011011 000001101100011
110100100110011 111011011010111 110010000110011 010100111000011 010100001001111 011000001000111
100000100100100 100101001111111 100010111101101 010000000010110 101011010110010
110101001100001 111001111000101 110111100010001 110010101000101 110011001001001
110101011111111 000111101011001 110101110010110 000000101001001 000000001111100
010100010001101 110111010010000 100111110011101 011000111101000 101001011100001
010110110111111 001011110110011 010001000000100 001101001100010 000000100111000
101111111110100 101101000001101 110011111110011 001011110001000 101000010010001
011111010111100 100100010000111 011010100001111 011000110011010 010110000011011 001101011111000
100011001100101 010001000011011 100101000010111 000101111001000 111111110110111 001110111010001
000100011101000 010110110100001 010100001100100 010011010111110 110100011111001 110111010001110
100100101000001 001101010000010 011010110010110 111011100011100 111110001000000 111100110011110
111010011001010 110101101110100 011100011000110 011011111011001 010001111111001 111100101011011
010011110110101 110000011101001 001110110000111 010001000000001 001110110101011
011100010000010 001100001011101 011101111000011 010100110100111 011010000001110
011011011011101 000001011111000 000100111100011 110111000001111 100111110001101
000001110101101 000100110000110 110110011010000 110110000011000 110101011111011
001000010100011 011111100010111 010110101101001 000011101010001 100011001010101
100111100010111 100111001101110 111110100011000 010100011111010 011111101111111
000010001100011 010000111010101 010011001001011 011001110111001 110100100001101 000111011011000
100111001101111 111110010110000 111101101101011 011010110000100 101000100100001 000100110010001
011000110011011 111111110101001 101010101011101 110101000100010 011000110010100 100010000110011
101011000100110 110010010100101 000100011110010 010110101001001 101111000010110 011111011111011
000100110011010 110110001100101 010110110011101 001110011010100 111100110100100 001010110001111
000001100101011 100110100111001 111000111011100 000111110100100 001111011111110
011001010111011 000001101100001 101111110001001 111001100001001 010000001101101
100100100110111 001101001110101 101000010000010 111111101011100 110001010110001
001011110010110 010111100011001 110001001001101 101101110110011 000101111111011
010101010100010 000001011001011 011001010100110 000100000010010 000011000001100
111010110111010 011000101111000 110010000100001 101111111100010 010100000000101
010011000100001 100100011100000 010010101000000 101101001100010 100000000111101 101110111111101
110001111010010 101011010110001 010100011000010 101000011100011 111010110110110 000100010011001
101010111100111 101110001110101 100000010001011 111111111110110 101110111100000 010001010010001
110011000101100 101111001010001 011100011111100 011100000110110 011110111011001 100110000000011
111111001100111 001001001011100 010011100011100 000101010001011 000111011101010 001111111111100
111100101101110 111001100001010 111000011111110 010000110111101 111010111110101
100111110000010 101101010010101 010000110001110 101001000101111 001111011000110
101101110001000 101111010100001 111100100010100 100010101000100 000001011101100
000001000110100 110011100111110 001100111100101 001110011000111 001110101110110
010011100100111 110101100010010 011110110110011 010111010010000 111101110010111
010111011001001 001000100101010 100001010010110 001010000010111 110001001111000
000010101001110 101010110110110 110001110010011 010111100100011 101001001110011 110111011000000
000010001110100 100100011110000 010101011101011 110101110010001 110000100010100 011000011010000
111110111011001 000101010110110 011011001001001 101101011000011 010101000110001 001010111011010
010111011111011 001110110100010 100011110000010 100111110111001 001001000010100 010011111111010
011101010101111 001101111110010 111011000100110 111010011110101 011101000011001 010001000101010
