6 15 10
37 2 20 37 23 15 8 10 53 6 39 23 22 8 23
7 2 21 23 23 48 27 9 14 41 40 7 19 23 31
54 30 18 9 24 16 46 10 4 5 20 17 43 8 4
0 3 13 45 34 10 34 3 15 34 15 29 46 24 16
1 5 13 39 15 13 1 11 30 2 35 4 66 6 36
34 9 7 44 17 52 22 13 15 13 12 13 10 25 41
37 37 51 21 3 23 9 14 37 5 25 13 19 29 5
37 41 11 31 28 2 2 29 13 6 14 60 15 4 8
24 25 31 24 24 14 13 40 15 8 13 28 30 18 47
1 49 26 7 51 13 2 9 27 47 10 5 21 17 11
50 22 27 14 17 4 36 54 7 32 3 8 15 13 3
6 11 1 13 59 26 17 49 11 19 31 2 6 21 30
7 58 23 17 16 32 14 3 35 1 40 35 12 7 7
33 6 18 40 13 41 20 2 13 20 35 34 15 29 24
6 40 23 43 3 2 34 6 20 28 3 56 11 17 4
46 31 14 17 33 6 23 17 15 42 28 15 16 18 30
6 6 14 4 13 4 27 6 40 0 36 20 27 43 54
12 15 15 10 23 9 4 12 43 40 15 4 42 26 49
37 7 11 19 11 12 37 3 26 23 32 44 6 28 37
28 14 28 22 8 16 33 31 19 30 49 33 24 0 11
1 15 29 1 12 37 23 2 49 31 4 14 31 49 1
19 9 31 58 14 24 34 8 26 16 26 3 30 26 2
15 29 7 7 31 0 17 10 10 3 48 21 27 25 58
22 10 16 10 14 6 16 36 18 24 50 9 9 5 60
50 10 22 4 7 9 4 15 36 50 3 42 20 6 24
24 5 1 19 32 53 37 24 25 47 6 8 6 17 7
54 30 23 2 5 4 4 4 5 30 34 29 26 13 43
19 6 15 26 18 4 21 28 10 43 4 6 31 16 63
13 25 16 15 23 32 4 32 51 5 23 10 36 23 32
17 39 11 12 67 4 8 38 2 6 25 11 34 2 4
15 22 11 4 13 10 6 1 25 30 14 1 63 55 14
1 22 5 1 30 19 24 12 40 1 5 34 42 45 30
30 27 22 8 26 52 28 3 15 19 5 15 51 15 4
5 46 31 20 7 13 32 38 1 34 38 7 6 25 20
2 21 38 31 13 19 46 19 4 8 3 1 63 12 2
54 31 16 20 16 3 9 15 6 50 3 13 38 10 26
46 37 5 5 3 2 7 6 9 11 1 27 3 43 59
9 54 0 8 29 25 34 1 15 5 41 29 37 5 16
41 19 7 15 6 53 22 26 28 20 34 8 11 30 11
3 33 14 2 4 12 21 52 17 6 18 29 2 25 57
15 23 46 3 31 29 33 22 22 2 23 9 46 8 22
13 32 19 27 44 29 2 54 40 4 2 20 4 2 7
8 13 28 12 8 2 8 66 20 18 17 12 2 31 47
1 35 11 19 15 35 44 9 14 8 25 7 53 32 7
45 57 27 12 11 5 17 10 13 19 20 14 10 46 7
30 20 4 43 27 28 21 16 9 28 13 30 48 18 11
11 5 23 18 16 4 58 33 3 11 20 41 18 34 23
33 25 3 34 33 44 10 31 9 16 17 4 17 40 21
18 25 26 2 7 67 2 23 2 6 0 42 37 13 3
17 22 37 50 16 39 4 13 24 11 4 40 5 12 31
22 2 30 5 29 44 8 9 29 11 21 10 21 37 49
28 24 5 46 4 17 32 31 12 16 12 48 12 2 35
6 15 26 19 13 10 12 4 12 2 41 41 36 50 32
39 50 34 21 24 30 11 27 9 9 0 41 3 13 3
2 31 8 50 1 4 32 23 37 39 8 6 31 30 4
13 6 3 26 17 34 4 26 44 3 41 39 36 24 5
6 16 52 30 43 17 3 28 48 0 18 15 4 10 13
15 35 34 25 12 9 49 25 25 2 6 44 1 22 19
15 20 0 23 18 9 14 18 28 24 18 53 56 16 3
19 13 12 25 19 66 2 33 25 14 36 10 23 7 11
110010100111101 000111110110110 000101110100110 000111001000111 000011001101000
110110111010010 110111011110111 011000101100110 111111000011111 010101001100101
001001110010110 011110000111110 001110100100000 111111110111011 011001100010010
111101010100001 010000011010001 000000010100000 100101101001001 111010011011000
001011111101011 101010101101000 110111000101101 100111011010000 110001010110110
011010001000001 110001000101001 001110011010111 111010100011111 010000110101111
010011000000001 011010110100000 110111000000101 100100001110010 100000001011010 100100010010101
001101011001001 110101101001100 011001001000110 110000111100111 000001000000010 000100110010001
001110111100110 101010001111101 100101111010000 001000010000101 111001011010001 010100010000111
100010001101011 011101111001101 011111100001101 011000010100001 001011101010101 111101110010001
111000001010101 010001000100100 110100101010010 011110100000100 100010101011011 101001011010111
010000011110110 111101000000011 101110111000001 110111110010010 100111011101000
101100000001110 010110110010110 110000111101011 011101001110100 001110010111101
110010111101000 100011100101110 101111101111011 110110000000111 110000110101101
001000101001001 100001011111110 010111001110001 011010110010011 100001011110011
000000100001110 111000011111100 001000100001101 110101011000111 101110110110100
000110000011010 001011000111111 000011000011111 001111011000101 110110110001011
111101001111100 000110000101000 000000110001001 100010010101001 101110100010000 111111101100111
101010000011111 011011001001011 010101100011110 000001000100111 101011110011100 100101010101101
000101110110010 011000001111101 111111111011111 101101110111111 010100110010110 000000011101111
111001011010101 011101010110101 001111110000101 010011000101010 101000011111101 110111011011010
000101011111001 101100000010110 011101111000110 001010010001011 111001010110110 111110111000000
100011011010000 001111001110110 101001010110100 000000100111101 011001101000100
100111001011110 111010011010011 101110001000010 110100111111111 010000110110100
011001011011001 001111001110111 001100111001011 110010000011001 100011011110000
011010000000000 000000100100000 101011101011100 000011101111001 001111101001010
100000101111000 011000011001100 111011110111011 010010001100010 011110100000010
010000110010111 110101011011000 110101011011110 010110100010110 010000111100000
101010011111011 101101011101001 110000111010110 110010101111110 100000011110100 011100110011100
010110101001110 100100101111011 101111010000101 111011101011010 010010101101010 001000001000010
010000110010101 101110011111011 100001001000101 110001101110000 011001010000100 011101100011011
111111100100101 101100010101110 000011011111000 010011000000011 000100100101011 111011111001000
010010000011111 011010101100100 010010001000001 001001000100111 101001110110110 111110101010011
101000001110101 101110101010100 011111110000011 000000000100000 011010110111010
101010010011001 111111111110010 011001000110110 001111101001001 101111101010000
000011110101111 001110100100001 111001111011100 110010111111010 010100111101000
000000000011111 011010110000001 111111100110111 110101001110100 100000010001000
001110110001001 000110101001010 011100101010001 011101100001111 001000101000111
010100110101000 011100001110001 110100100101000 000111000110001 000011111010110
010101000000011 000101110100011 100111001011111 011101100011100 111100001111101 110000001001101
110010110101011 000011001100110 010110111101000 011001110110101 100110100010111 010010001111110
010110100100101 100100111010101 101000111001001 110111010001100 001001010101100 110100010001001
111001010100000 000010111000010 011110100010011 001110101101100 010001001101001 011110010011111
011011110000010 001111010000000 101110000001001 001001111101000 110100100001111 101101111001010
111101000101011 110100011100101 100111110100110 100011010101101 001010110010111
010010110010000 101010011000111 111000110010100 000111000001111 000101111111111
110011100001101 000011010110111 110110111100000 000001011111111 100011010011001
110110110100011 101110001011001 000101011001010 001101010111011 111110110111011
110111100000001 011011100011111 101110110101111 000000001001111 011010010000000
101100011100100 100101100100110 111011101011100 001100001100000 000000011111111
101010010110101 110011101110100 010000000111111 111101010110101 110111000111000 010011000000110
101011010100111 101100010001000 111011001110100 001101110011110 010100001011001 100111110100100
111000111101000 011010000011100 001100001111011 111100000011001 111011110001111 001111111110110
111111010111010 010111001000101 100000010001011 100000111001100 111111010111010 111111001101111
101000111011100 000100111000111 100010011111100 000010100110010 101101011001111 000100000110000
100000011011001 010101011100010 010000001011001 101110011111011 011001000011010
001101010010010 101001000101111 011100100110111 011101110111000 011111001111000
000000101011010 101111001011101 011100110000111 100111111110011 100000010100100
010001010110101 101111011001000 000110111111101 100010111100111 001000111101010
001110011000001 111010100010110 000100000010110 101010101011010 010101100110011
011111100101110 011100001110010 101100100101110 101010101100111 011111100011100
001101011000100 101001010111001 001110110110011 010011110110001 111110000010100 011011110101011
001010001111101 100110011111110 010110110100111 010011100000100 111011111001001 001010010011010
000110011110010 010101101100110 000101101010010 001110011101100 110000101110110 011110101101110
101101010100100 000111100101011 100111111111111 111000000100101 100000100110101 101011110110001
111110011000010 000101001001101 100000111110111 100111000110010 011010001101000 110110011111100
110011001100001 000110011010100 000011000000110 001111111111100 111000111110010
010110000101101 010110011000101 111111111011100 000000010001101 111000110110010
001010101011001 011011010001100 101010101101010 100010111010010 101011010010100
111111001011100 100000110001001 111101100111111 010110100011001 010010110000000
111110010011000 000000100100000 101100000110000 100011110111110 111010110011001
101101000111001 101111011010011 111100111001000 111001011011011 111001101001110
011111000010011 011000001100101 010101110101011 100011110101100 001101001000101 011001110101010
110111011100110 001100110101010 101111111110001 010000111101000 101001000010100 001101110011011
011110111010001 110001010111101 011100101101000 111110000001100 001000100010001 001110001001000
100111011111000 000100110010110 100101111110011 010000110100000 101101111100000 001111101110101
011001101010001 100010110101101 100111000101100 010010101111011 110111001001100 001111010000011
000110010001001 010010100111101 100001000101101 000010011001110 110100110000001
110111000110111 110011111001111 101110000011100 110001010011100 010011101101001
001101110110011 010000011100001 010100110110100 100011011011110 110111011010000
101010000111110 111111001001111 010010011000000 111001111001100 011110010100000
110000110001011 111101000010110 011001011111101 100110011111101 000011100011000
000011101000001 111100011111011 100010101001011 001110101100111 101010100011110
100111101000001 010110011111110 010001100010101 000101100110001 001001000111101 100110000001100
010100111010010 000111010101110 011111001010110 011110100101010 011110000011101 000101111111011
011100011111000 000101000001011 011110111110110 011101100010111 100000100110011 000011011000100
111111011001001 000001011111101 011000001001100 001010001001000 011110000111011 100010000000000
001000001001111 000100111011000 001101000101010 110100110110111 100011010000000 101001010100001
110001010001101 011010111100111 011011011010100 111101000111110 001011011111100
100011100101010 000010000101011 110000111011100 011111000001000 111101111100110
100011000001011 111111000110001 010001010110001 011010011010000 011100001011110
101010111001101 001100001110101 111001011100111 011011110100110 111001110010011
111001000001011 001101100110110 000001101111001 110101010110101 001001101011010
111011000101010 110110001001011 010100000100100 011111101001111 001100110101011
101001001110111 111100001101010 111101101101110 001100011010110 111001010011111 100101000001011
100001010000000 111101101100110 111001000010111 100100110010010 100001100011010 110001101000110
001101000110000 001110001000010 001010111111100 101000101010111 010011100000111 011101101110001
100001010101011 001111111011111 011110000001110 000011010011000 110011000001110 011111110111100
011100101011111 001100110110101 100100101111010 011110100110110 011000111010010 110010010011100
001111110001100 111110010001011 011011001111101 001111000111100 100011001000101
100011110011000 101111111101001 000100100111110 101100101101011 110111000110011
001110110000111 110100000010001 100010011100000 101010101101000 010010100110010
100110000100100 111100011101000 001111110010110 001001000010011 101101101110111
000011100101000 111001111010111 101000111101110 000000011110101 110010000100000
000001110110110 011010000111001 110101110101001 111110001111110 101100111100101
001100000111101 101000001100101 101000110010000 111101011100100 111100010001101 111010001000110
111101000101111 011001100010000 110001011001000 011010111101110 001110111001110 011010001011011
001001000001100 101010111001100 000000000011010 001101101000100 000011100010101 011011001001010
011000011001010 000110011101110 000001100111001 001001100010110 110010100011101 000011100001101
111010100010101 010110010000111 100111100101110 000101011111100 101000011011001 100110100101110
