6 15 10
5 6 25 26 7 48 37 52 29 22 15 12 15 5 17
23 36 15 3 14 1 55 28 8 21 20 20 50 7 10
27 10 11 7 8 36 60 5 4 27 14 36 17 29 25
6 12 43 5 27 1 26 5 19 45 4 32 45 27 17
0 57 23 22 15 0 27 10 6 43 15 10 38 15 27
11 20 36 48 46 2 4 27 34 25 17 1 9 15 26
8 9 33 8 30 19 31 26 24 23 14 26 3 26 56
58 3 2 11 35 31 18 33 7 24 4 44 7 5 18
6 4 1 1 5 27 23 41 42 44 6 9 17 41 34
42 3 11 52 0 33 3 1 31 11 38 40 5 14 0
17 6 25 2 57 49 37 4 13 32 12 9 25 5 3
8 25 25 35 20 7 10 21 19 1 18 6 48 57 15
24 52 17 25 32 16 27 27 4 7 27 9 10 40 22
36 10 3 11 20 14 11 22 5 35 29 4 66 18 23
5 34 39 10 18 23 25 4 12 15 37 37 6 34 38
20 21 31 73 22 18 20 19 12 14 7 12 14 19 14
23 28 43 19 3 35 33 12 6 10 38 18 15 17 39
5 24 16 16 23 13 40 7 60 1 45 9 29 2 4
12 43 63 17 26 1 21 44 5 17 8 2 10 16 2
8 33 12 22 30 14 11 12 10 6 65 11 6 41 25
25 7 15 22 3 9 4 31 33 46 30 28 2 52 5
12 10 16 14 25 10 54 14 50 3 20 25 23 36 9
27 35 27 19 38 3 7 38 25 11 15 53 9 9 12
30 34 4 10 23 8 25 24 16 4 39 26 19 57 7
7 1 5 8 27 21 23 42 35 17 8 29 39 43 24
27 33 33 31 14 8 18 32 18 1 9 56 11 23 16
40 55 36 5 8 29 9 22 11 26 13 12 13 2 36
31 33 45 14 4 19 3 27 12 12 41 27 29 28 17
7 22 9 34 35 37 6 4 12 38 16 56 2 3 24
24 5 7 3 42 22 32 16 11 1 30 4 47 22 45
8 1 18 29 35 19 3 23 29 22 22 28 49 38 13
51 2 5 22 17 20 6 20 12 40 20 11 11 55 16
56 1 47 16 14 7 0 1 6 48 3 33 19 18 7
20 20 28 41 4 4 12 15 50 39 45 6 8 8 10
24 16 21 22 21 11 45 53 11 8 16 13 19 7 43
50 37 3 8 1 14 3 41 34 27 31 26 14 19 3
37 14 31 34 33 16 16 36 10 12 37 31 4 10 28
1 8 11 1 31 22 40 7 21 1 34 2 40 43 41
35 29 31 6 22 31 40 22 19 22 16 14 5 28 35
25 0 14 19 1 30 10 41 1 33 40 5 2 54 22
8 27 12 48 43 26 20 2 17 37 17 33 23 10 13
8 2 23 6 28 5 7 56 45 13 29 12 15 6 44
17 24 17 8 17 11 20 6 6 39 33 43 18 56 6
25 18 3 35 45 1 40 21 24 21 3 21 33 20 27
21 10 33 43 3 35 33 37 13 10 7 30 14 29 24
22 13 15 35 23 29 45 4 4 20 31 24 0 4 51
3 3 28 17 4 43 29 40 16 17 12 13 24 52 23
36 0 44 27 30 13 4 18 0 2 25 18 5 38 46
38 26 19 18 36 36 11 11 49 42 11 6 5 6 0
2 19 8 12 54 14 6 24 14 18 42 46 5 7 36
2 4 34 2 16 1 11 23 4 75 29 7 23 12 27
38 5 21 27 35 19 41 7 5 16 42 25 29 19 8
22 10 4 67 4 20 5 32 10 22 29 26 15 20 26
5 40 33 8 36 48 4 1 6 12 50 5 9 27 11
9 21 8 6 9 9 40 18 71 24 2 37 3 17 0
7 11 9 9 3 2 27 27 41 30 38 54 1 3 35
23 60 9 8 17 16 21 21 20 23 40 16 18 33 3
21 29 22 9 20 0 8 35 31 1 41 43 18 40 1
38 25 37 50 2 28 5 26 20 18 33 5 15 22 5
1 13 34 11 30 46 4 17 25 14 10 54 21 1 30
111111111010101 011100110001110 100100101111111 001010011011110 001011100010100
011100100010011 111111010001000 111110101100111 101001011110000 100011100100111
000011000011000 101001110010101 110011100010001 100101000000000 110001110011010
001011111010010 110111011101000 111111101011001 110100111011001 000101101010101
111000100011011 000000011101111 011010110001101 000111100100100 000011011100110
111001110010001 111010010010100 011101000010101 110010111001000 111100101001110
100111010000110 101000011101111 111100001001001 000010001101011 010100111011010 111101110001101
011101000010010 001101000100011 011000110100001 110111110101010 010011111011000 100101100001010
010010010111011 010010100100101 000011100100110 011100011011011 111000001110011 011101110000011
011010101011111 100010001101111 001101100000001 010010110010110 101110000011011 011001001011000
101101001110001 111011000111101 000001101101001 110000100111110 011011011110110 110100100011001
010111001010110 010100100101011 100010000011000 010011001011000 000010000101011
010000011110111 010111001100101 111100111100100 011101001100011 001000011101011
011000101101000 000001010011000 110111001010110 001010100001010 000011011010011
110011000001000 101100110011101 010010000011101 010111010001110 010100111110011
110010111011011 010110111110010 000001110110000 001101111010001 001001011111001
011111101111111 011101000101000 011111011100111 000100100110101 011111101011001
001010000010101 100011111011000 111001001100010 110011011011100 110110110001010 100010011010110
000111101110010 100011110110000 000110111101001 100001101011101 011000110010111 110000010001110
011100011100010 111011101111011 011011110011111 001010101000100 100101110011010 010011100000000
011100011111001 000111000110011 110011100111110 110101101001100 001011111010111 110011000101000
111010001010000 110000100000001 001001100101011 011101000111100 111111010110111 101011100000011
101101001101111 000011101001101 101000110111001 010110010001110 110101101100111
010111101100110 100111011101110 000010100011110 111010010110010 110000100111110
011111100000111 011001111110011 011010111101010 110000100100101 001100001001110
010100101011101 010010101101101 110011111010010 111111111111010 010100111101100
101111011101111 111010011000011 011010011100010 011101100000010 010010111111101
011011000110101 101001000010111 111110011010110 110000010011011 001000110010100
010000010111011 100011101101111 011010011100111 001001101011011 001110001101011 010010100011100
101010011011011 111101001010100 110111001110101 110111001100100 110011011010100 110011101111101
111100110101110 100110000110011 101000001010000 101111111010100 100000101010010 011101001001010
001101110111100 010011011111001 100110111010011 101010110001010 111111000101111 110010100001000
100010110101100 001100001011110 111010001101010 111010111101101 101011010001001 001011101000100
111001100001001 111000000111110 111101011111001 101011100100011 100110011010110
000111100001100 010011101011100 111010111101100 111000101011110 111001100011010
001110011100101 000000101111001 011011110110110 011001011110100 010011010011010
001110001001001 101111100110001 000000101100001 100111001110011 101110100110001
011101001000000 010000010101100 001011110100111 000010110010101 111101001001001
001110011101101 010110110011110 111100101110110 101001010001101 101000101001101
010110101010001 000111010111100 010100001101101 110000001000000 111000110001101 101101111100111
110010110010100 101011110011101 101110100101001 111110000010011 010100101101000 010001011110010
001011010101011 011100110000001 111010010101111 000100101111100 000101100111101 001001001000101
111100011111100 010000001101100 000111010010010 111000011000111 011001011010000 100011010110001
111001110011111 000111000011001 101000010110001 011001110010010 000010111100000 011000001011001
101001000100010 010111010001100 111011011100011 101101011101110 101101110000001
010110101011100 011000111101010 110101010101101 101011010110101 101100100001111
111110101000010 101110100010100 111101011110101 100011101000011 010111000100111
000011101100111 111111010100110 101000001000101 010101000111011 111001011010110
110101001010010 011111110000000 001001111010100 111011111110011 100011000001100
101001101100010 000100010100111 000111001000001 100000010010000 011101100010010
110001011011001 100001010101111 111100100100100 111101111011100 101111001011000 101110001000110
001101000110101 011101111010011 001110110100101 100101010100110 100101110010011 101110101010010
100110110100101 101000011000011 110110100010111 100000110101001 111001100111010 010001111000111
000111011001101 100011111110111 010010010101101 111110011101111 101110101111111 011111000010011
010010010011010 100101101100001 010001100110000 000011110101001 010100100101010 110111101100000
010111001110111 111111010010101 110111001011100 100111111101010 111101011100100
001001010000101 100010001011011 001100100000010 110110011101100 110100000010011
110101001010001 111011000111010 110111100101100 001000100011010 011100011100110
101110000011010 001111011110000 100100101101001 011100111000001 000000100011011
101000110100110 110001101101111 100010010011010 010100000010010 100001101010111
110110011010110 101110010101000 011000110011100 011111011111000 000100111011011
110111110011100 111100100000111 111010110111100 011101110101010 101100010000011 111100000101111
110010101110111 100010110111111 001000101101011 011011100110011 010001111001001 110011101000110
110111010101000 010000111001101 111001101111010 100000010001111 100111100111011 101011011111101
101000010110110 101001010111011 010011101101011 110110111111110 110100001101000 110111101111001
100011101110100 101101101110010 101100101100011 011100100010000 101101101001101 111000000011100
001110101011111 100011111000111 110001001010001 001110111101000 010010101011010
001011011110101 101110110101010 010000001111000 001001010100000 010000111110001
100101110001101 111110010000011 010001001010111 101000000001010 011000111100100
101010100100010 111010101110100 100110011100111 010110111110111 001001001100101
001001001101110 011001111000110 001000101111100 110101100010100 010101001010010
010010111000011 011000001101001 100111011011011 100111110100101 110110011111011
001010010011011 100101100000000 110101110011010 101001001110100 111011001110100 011110010011010
110110011001011 011010101010000 011110101011011 010000101110011 100101100100001 011100111101101
011010011110011 100110100101101 010010101110101 101111101011010 101111111001010 111101101011111
001101101110110 101011000010001 100010011000001 100011010100101 000000000011100 001000100000100
001111111010011 011001110101011 110000010001010 110001001110001 010000110100110 011011101111100
110010101001110 010010000111101 011000001100100 110011111000001 101101111001010
111011010110101 100111101001100 011111101100101 000001111110100 101010111110001
100010100111011 101000000100011 010010001111101 101010010010010 000000111001000
011101011100011 001010111000000 101100011000101 101011001101100 010100111110000
000110101110010 100011111010110 100001111101110 001100110110101 010110111111000
000000001010000 110000111101000 110001101111011 001111110100011 001010101110011
101100110011100 001110111011000 010100110110111 111001000100011 000001100110000 101001001111010
101010000010110 111111001011100 010011101100001 011111001100111 001010110100000 110001010100011
011111011100000 010000011011010 011111110111100 100001111011000 001110000100011 101011100101111
111000100001000 000010000000010 101000101010101 011111111010111 110101101110011 011000111001001
010011000100100 101001011111111 010001010011110 000101110010100 100100100101001 000011111010001
111110110110000 101011111000001 101110011101111 100110101000000 010111000110000
111111000110110 010101110011101 111001110010101 101000001000000 100111111111001
001111110101010 010100010000100 001010101101000 110111000011101 001110000111011
010101001011110 000110001100111 110110001110111 101100011010111 010111011111100
010111010010001 111110110100110 001011100101001 101000000101111 110001000001011
100001101001001 011010000100111 101010100110000 100011110101110 011101101010001
001001100111011 010001110010010 010110010001100 110001010000010 111111101011000 000001110100000
000110100100001 101110011011110 011000110110111 100111010100000 011000010101011 010100010000110
001010111001000 110101100000011 111010101100101 001001011101101 001011100101011 000110010000011
011101110001111 001101100110010 100100000010010 111011110001010 101111000111001 011011100000101
100111101101100 110100100011000 001011010000010 110000011100011 011011101101100 111011101001011
010110100111110 001100110100001 011111111000110 000100000100110 000001111000000
010111110010100 100110011100110 010001010111100 101101001000101 100001100100100
000000100000000 110100100010100 000010101100101 111111111010110 101110101100100
110000010110011 010100001010100 101011111101000 100010011101110 110101000010011
100010110001011 010111011100111 001110010010001 110101001110011 000111001011001
101010110110111 000000100000000 110101000001000 110111010101111 110001010010100
011010010011110 010111110111010 000100111000000 001111011001101 000000010110101 000111001111011
100101111011010 011111001011010 001100110100010 110100100110101 000100011011111 010000101101111
010101110101011 010011001011000 011100010010111 101010101100001 000000011011010 110101001100001
010100110110001 000110101010101 101100011111101 100000100111000 101010111101110 101000010110010
001110100011000 111101011000101 101100000001010 101111100111111 001100110101101 010000110010011
