6 15 10
26 15 37 18 19 13 1 43 19 11 6 13 11 47 44
10 12 6 12 7 7 50 9 8 30 21 71 19 3 2
2 31 22 10 23 21 22 17 12 1 48 30 34 41 19
19 37 6 36 40 8 4 4 29 28 22 18 18 33 37
5 17 50 11 66 3 19 4 44 2 11 3 11 7 2
26 25 2 30 2 48 41 47 14 18 0 23 21 15 0
19 15 38 31 37 29 9 31 9 28 6 18 40 6 31
19 28 14 1 13 36 36 28 11 48 1 36 33 15 1
3 18 12 51 1 51 11 18 2 46 3 1 38 17 2
17 24 42 28 49 5 7 2 9 22 25 42 16 20 21
10 46 9 19 24 20 36 16 10 23 18 8 34 19 47
4 2 25 24 4 0 3 33 44 32 9 26 3 28 56
23 1 8 0 32 38 9 18 37 5 40 25 48 18 17
2 14 42 20 7 45 5 5 32 28 20 32 43 22 1
74 5 14 23 3 27 8 5 24 17 28 13 2 32 7
10 41 28 41 13 21 14 10 14 25 44 4 31 31 10
7 27 33 44 2 30 23 34 12 8 2 16 26 36 33
47 43 9 10 10 32 2 1 31 26 7 1 17 21 47
14 16 6 14 14 5 18 36 6 7 57 1 12 64 1
32 35 9 9 27 22 8 18 9 20 17 49 4 13 51
3 6 41 46 30 22 13 16 17 3 9 37 27 34 25
3 17 23 23 6 31 9 24 3 13 34 25 19 66 20
8 59 25 12 17 18 43 17 19 10 15 38 20 17 9
19 8 2 71 51 6 11 15 5 10 1 0 33 2 18
32 8 61 27 11 5 1 15 22 46 4 10 10 27 21
22 0 23 5 30 9 24 4 7 22 6 21 54 57 16
10 38 32 18 16 11 42 14 15 20 30 30 9 43 19
10 3 6 10 2 23 36 10 66 34 11 10 24 3 38
5 10 15 64 24 41 22 4 8 17 11 42 12 3 21
54 35 4 24 35 23 22 11 21 11 17 16 15 24 33
34 24 41 5 34 12 41 47 12 3 18 12 5 26 14
8 18 2 32 15 9 21 18 44 0 11 32 64 17 12
7 47 54 10 14 22 15 8 15 10 11 14 23 15 49
7 21 20 14 14 44 42 0 32 39 10 12 15 25 36
26 11 25 11 51 12 3 21 10 52 8 23 36 5 23
13 1 47 38 30 38 29 14 2 23 15 26 25 26 3
0 17 5 19 49 6 14 21 8 6 46 9 7 50 36
46 2 33 35 1 29 15 3 22 32 21 16 36 20 26
9 26 22 19 32 5 46 12 41 11 16 6 34 4 42
41 8 42 17 16 9 10 3 20 9 33 43 11 18 44
21 40 7 11 31 24 16 43 3 21 30 31 1 38 21
40 42 18 47 41 2 23 14 6 4 7 9 32 19 11
10 28 5 12 8 11 5 29 4 42 45 54 22 23 10
13 18 13 5 23 1 25 6 11 32 27 25 45 38 47
14 36 22 19 45 16 48 25 19 2 1 19 0 19 37
13 19 3 29 27 7 46 27 23 6 3 3 27 61 3
24 26 8 19 4 15 14 53 4 53 23 16 12 16 32
20 6 45 33 12 35 12 10 13 18 12 48 17 38 12
6 7 51 13 14 4 45 35 39 0 14 41 13 8 7
16 26 13 12 1 32 14 53 60 13 8 20 11 21 4
4 35 5 6 28 32 20 24 4 2 14 6 51 23 50
21 27 8 0 20 24 16 8 0 69 10 3 33 36 11
42 20 47 30 40 5 37 3 2 11 10 16 29 15 10
36 13 19 10 39 22 54 43 22 9 12 15 1 13 13
1 13 28 22 0 72 0 21 12 29 27 13 8 11 30
13 11 7 72 14 5 39 26 25 7 10 16 13 30 9
3 1 21 23 3 50 19 1 11 49 18 7 52 17 17
3 17 23 23 0 1 19 34 22 28 13 33 15 58 33
12 6 20 19 53 57 30 16 10 10 8 27 10 21 16
13 6 1 19 16 11 55 49 31 12 12 21 43 2 12
001001100100011 011010101100010 011011001111011 100101001011000 100000010110100
111111000000011 011111111011101 110111001000011 000101110010100 000011100011100
010010001110110 001010011100110 001111110011010 110000001101100 001111111011010
111011110100010 010000111000000 011010000010111 100011101010010 000000110100010
000010001010101 110101111000010 110010110010010 100011111010101 101110011100010
011001001010001 011110010111101 001100011000010 100100000000000 001101010011010
100110010010011 111000010100111 001100101100011 101111111110110 001010010101010 110010010101000
101010001001101 101000000010100 001001110001101 011100011011100 111001001100001 000011010001000
100000111100011 011111101010011 110000001011111 110001111000101 001010010011011 111110101000011
001111100011010 110111010000011 110101101111101 110000001111000 000001010101110 011010000011010
110111100100101 100101101001101 001110001010100 100101110100000 101010011101111 011111101001100
110101101011110 010010110110010 000000010100100 110110010101011 000100011011000
010001000000110 101011010001011 011000111111000 100001011111011 001000011110010
011011000111010 110010111010001 100101101101101 011111000111001 111000010111001
110010000100101 111101101000110 010010000111110 011001001101111 000011101111001
101010010001000 101000010111111 010010110100010 001111001010100 111101011000111
111000110001111 100100000000000 110110101011001 001010010100001 000111110101100
011011000100110 011011111001011 011111000010001 001111001000101 011111011101011 101011110101011
100000100010110 011101100010101 101011011111110 100110011100001 110000011100000 111101100111100
101010111100111 111111111011111 010011100110100 101101000110101 111101010000101 100000011010010
100010110101001 011110011011011 011000100110000 110011101001111 110110011010000 111001101100110
100101110001011 100001000010000 000100110011011 001110011110010 111010001101100 000010111001000
110101111011110 001011100110011 000011011000101 111110101110010 101010001011110
110110011100011 101110100011000 010010010011001 110010001010000 010110100011101
000001010101000 000101001100110 110000110110110 110010001000111 010111010111001
010111100010001 111101110111100 100111111011100 001010101100100 000100101011110
101001110011011 100101011101111 111101011100011 010100110111110 001010010101110
010100111111001 011111110001000 101110011011000 111001100110000 100101011100111
011111011110101 100111110100010 000110111011100 110100101010010 011101100011010 101000010100001
001101000000000 100011010111011 010011111001111 111111100111011 100001100011111 100001010101110
110010111011000 011011111110100 011001000100011 101000100000000 110010110110111 100010111001100
101110010101000 010011001101111 000100110110101 101000011101001 111101011001101 000101110101110
001111001001100 001111100100110 001000111011100 110100000000011 101000101010010 100000101000100
010010100000111 100100101110000 110011110111101 101100000101101 110000001101111
101000010100000 011001001101101 110101011111100 000110010000111 010100110001100
010100101101001 011111101100010 000011001100000 111101100001110 011101101101111
111100111100111 110011011000101 101111100100111 011111000011001 100011101111110
010101100100110 101111010000010 110110101000110 111000011110000 100100100001001
100011010111000 000101111000001 101010001110100 010000111100001 101011011001101
010001000101010 011100101111010 000101000011110 110001111111011 001101111010001 101010110101100
101001001001111 111111000000101 111000010000111 000011110000111 001101011111010 001110001110011
011011110010100 101111011010111 010111101101100 001101011011111 101101001001010 000110101101101
001101110011011 101011000100011 000011111011010 100101001000000 001110100001010 110000110000000
100011101001100 001000001100001 110011101111011 100111101101001 101111100100101 000100100100000
100110000111111 000111001101101 110000110111010 000101110010000 011111001011001
100011110001101 000010101010011 100010100111111 010110101111100 000101000110111
000011101101000 000110110100100 101110010101100 111100101000110 110101001110000
000000000101100 001101010001000 011000000001000 110110101000010 110011001011110
101111101011111 110010001011111 111010011000010 011011001110111 000100100000011
001110110110101 001101110010100 011111011010000 101000110011010 100111001110111
000001101010010 111111010110100 111000010111100 011100010110001 011010111010001 010111111101101
011100010011101 110010000100001 110000000000000 001000001101001 100001001001010 110001101001101
110010110000111 100011001001110 110010011111110 101101111011010 101111100110010 001011001100111
010100000010010 101001110011010 101110101101010 000111011001001 100110010111011 111110111101011
011010111001101 011000000000101 100110110001101 001111000001111 001111001111001 000000101010011
010010000101000 010110010010010 101111001001000 110011011000111 100000101000101
000011001100100 010010110110111 010001010011111 111101101110101 110000101111000
001100101111110 110011110101011 000011001000000 110101000011111 001011010110000
011110000001111 110111100100010 110100100110100 010100101111011 101011100010110
011000000011000 100100100001000 111101000111000 111011001010100 100011011110101
011010111111100 111010100111001 011011001010100 111000001101111 111111000000000
100101111110011 011100110000101 000000111111000 101111100101101 110110111100100 100001010010010
100110010000011 110101100111111 001100000001001 101011110100100 110101000101110 100111111111111
001011011101100 111010111111100 101011001111001 100100000111000 101010110000101 011001001001110
000000010011011 101100010000111 111111101000101 011011101111111 101010011100010 011101000000101
101001111010101 001111110010111 110100110000000 111001010110000 010111111101011 101110000001100
110011110101000 111101110011001 100101001101000 110011100010000 000011100000001
011110001001100 011100010010010 001011110010010 110110010111101 000110011111111
111111010000001 100100001011011 001001100001000 110011101101001 101010110100000
110011110111101 000011110001100 010101111110011 101100010000101 100000101001011
100110011100011 000010000111100 110100001100100 101100010000100 001000111110000
111110001010111 111011000000110 010011110000000 101101101000011 100001100010110
111000000110111 110101011100000 000001101010101 111000100011001 010001110011101 100010110101011
111101110000110 001001111111110 111100100110100 110100000010011 101000010000011 101010101110100
100011111001100 000101001110111 011101001001101 111101011011110 110111001000110 001100111000111
111111001011000 110110010110110 110101101010001 001011000111010 000011100100010 010110010111100
111001101101100 101110001111000 111111100111110 011001001100110 010111000110110 111110100110111
101101100101100 110111001011011 011110011001011 110110001010001 111111100101011
001001101111001 111000110010110 010100010100001 011010011011101 101101110011111
110111001101000 101000111001010 010011100000001 101101010000100 110010010000110
000010110000110 001110100111100 011111001110110 010000011000001 000000001110101
001010110101110 010000111111001 010100000100000 110010100011010 010000100100100
111101010110000 100000100100111 001000101011101 000001111100100 011110101111001
010111111000111 101000000011000 010001001110001 110010110000011 010110010110011 011000101000000
010101101110100 001100011101010 011100010000000 010111011001110 101101111101011 110001001000001
011111010011100 111110010010110 100001101001100 111001101111100 111110101101110 110011000111010
110011011001001 010000100101100 110111110011011 111110011101011 011001000011101 111011010010110
011011000010010 101110111010010 000011010010111 001001011110110 001001101111100 101110001110101
001110010001110 010001000001001 011010111000101 111100001000011 000111100110000
000001001000000 001111000011010 000111100110000 011011001001011 010100110011001
110100111010001 100001000110100 110010010011101 110101010011001 001000010101000
110010100111101 000000110010111 010001010100101 000100010100100 101010001111011
011001001001110 111110001000101 000000100000111 010000010011111 011100101111000
101000110110100 010111111010100 011101111010000 000111110110101 100011111101100
101011101110011 001001100111001 100110011111110 100110000000101 000100000110100 010001001001001
000101000010000 011110100110011 111001010001111 101111010111000 110110110000101 000010001010011
110011001111000 001011011010000 101011000101101 010110111111001 000010000011110 001111111011110
000110111000100 110111100100110 100001111000001 101101000101001 101000011101100 111111010101101
111010011000110 000110001001111 111100001101100 001101000000110 101111011010011 011010001001111
100101011100110 101011110001110 010101111100111 100001101011001 010001101000100
010101100010000 110010110100110 100011011100100 110001001100111 010111010100100
001101010010101 100011110111110 010100110111110 110110101001011 001001111001011
010011110111101 110000110111001 000011001011010 110101011111001 101100000110101
010011010111111 111000000011011 100100101011100 100111000100100 111001100010010
101000011110100 100000101001010 001100011111001 100000001000100 000010111011111
101100010100000 100011000101100 111001111110101 101011011001000 010001110111111 010011100010000
111011011000011 111001100100110 101101000010011 011110010011000 011000011000111 101101111010000
000001101110010 100110011001010 010000000000010 111101000101100 110110111001011 010010100110101
010101110001001 000011001011100 010001110111111 100100110000111 000100110011000 001011110101010
100111000011001 101000001110001 110100011111101 100101000000111 100111110100111 010100111111100
