6 15 10
44 20 9 52 28 20 17 3 14 17 24 4 16 39 24
32 25 4 49 57 5 34 10 26 5 6 8 17 16 5
17 16 21 27 16 16 63 40 16 11 12 1 28 30 0
29 28 28 38 19 27 24 8 33 54 19 3 2 2 2
9 2 27 28 19 20 23 29 62 10 14 24 28 17 22
17 25 4 8 37 24 23 0 2 26 16 13 20 71 9
29 26 12 31 23 4 22 46 2 26 38 15 3 32 29
10 3 39 3 13 36 16 18 39 10 36 27 49 12 9
7 38 3 21 19 62 3 11 5 4 2 9 5 16 58
3 18 40 17 57 6 2 36 35 2 27 2 8 14 31
52 43 6 4 24 37 35 8 17 10 5 27 14 12 28
23 40 43 31 40 13 32 13 5 2 23 18 11 22 25
1 1 1 30 12 15 11 2 43 28 46 21 19 47 27
24 37 12 17 59 28 28 17 22 1 20 14 22 16 24
3 35 8 39 57 13 35 13 17 27 27 21 12 2 0
13 2 22 32 30 19 16 23 3 57 7 53 2 10 7
3 31 19 27 35 19 20 52 37 22 0 31 11 12 13
5 18 10 6 20 8 37 21 3 27 17 61 7 25 42
3 13 27 16 31 30 16 12 22 8 22 44 38 47 2
27 4 36 21 39 6 23 57 8 11 27 24 21 6 17
10 47 23 13 23 22 7 10 32 23 17 4 6 47 42
11 23 28 5 38 37 23 16 35 10 11 2 47 32 15
10 27 3 9 61 15 23 28 15 27 20 12 6 37 31
32 4 51 11 23 41 35 23 36 15 22 3 3 16 10
22 42 2 1 12 17 47 18 21 3 21 53 30 13 6
14 7 0 42 19 33 32 10 21 10 20 31 36 48 5
1 2 36 45 11 27 23 9 14 3 35 16 39 31 31
37 5 30 9 26 14 31 17 26 17 9 36 27 10 48
19 50 3 49 25 26 2 3 8 32 17 4 24 1 38
42 25 35 25 4 11 30 36 22 9 12 13 13 21 45
47 41 3 18 25 33 20 46 8 4 11 17 31 10 8
12 21 4 15 5 72 23 22 42 6 5 24 15 19 4
39 39 4 29 16 28 2 41 23 14 23 3 8 42 14
7 39 5 7 27 12 31 8 5 10 46 64 8 12 2
8 4 46 40 54 27 12 4 9 3 1 9 15 2 44
35 28 8 13 31 15 5 10 17 26 10 15 58 0 43
15 29 15 46 39 6 8 24 8 8 27 5 47 35 2
11 13 1 13 45 2 69 15 12 18 38 15 6 3 20
2 30 27 13 3 2 24 1 76 9 6 8 16 9 37
5 5 14 34 36 15 12 67 10 10 23 5 25 21 25
20 6 23 24 14 29 1 26 11 65 37 26 19 4 6
20 46 8 29 18 0 29 15 26 20 22 37 9 46 11
30 26 26 35 36 12 29 22 5 24 8 12 43 14 30
9 4 17 1 37 13 59 14 22 32 18 6 20 32 34
7 43 47 35 1 28 18 23 22 24 26 7 6 10 34
15 14 29 15 46 10 13 14 8 25 32 26 40 12 42
2 15 12 24 38 26 16 2 11 35 56 40 1 21 8
24 22 8 14 11 56 10 22 25 3 13 46 17 1 42
49 11 7 25 7 17 35 0 27 21 7 12 27 36 43
13 13 22 0 25 18 7 26 23 44 36 38 31 33 14
30 28 15 22 15 35 43 5 17 13 11 1 28 43 33
12 47 5 6 23 27 39 24 9 14 39 8 7 47 12
11 13 10 19 10 18 9 46 57 42 18 10 4 34 6
7 16 31 25 39 1 38 40 7 28 32 38 11 4 9
19 21 7 34 25 34 10 15 40 23 9 46 12 20 33
12 13 7 39 34 47 10 23 33 16 22 6 41 22 10
32 41 14 15 10 27 30 9 46 17 7 18 28 23 30
43 18 45 49 11 27 2 34 3 12 25 5 20 2 16
40 48 44 0 23 13 8 16 2 13 28 23 1 38 16
3 6 18 15 16 15 29 54 33 17 3 13 8 7 60
011011000001011 100011001010110 010101001010000 000101011001001 101100001000000
000000100000101 111111110011000 000010000101100 001111010001011 000101111110000
111100100001010 111011011100011 001010100111111 010100010100010 110111011100000
010110001001001 110111100011001 110011111111011 101110000000011 110011011000010
010101001100010 100011101001110 010100111110000 100111011001011 010010100101011
010001101111100 010010110011111 110111101101110 101010001110011 110001100000110
110010000010101 000111001011001 110011110010100 010111110111010 110101101110110 101000001100111
000001010100011 111110001110000 100010001101001 000100001001100 111011101101011 001010011000100
010011011101000 011010010100011 110010000001010 000111101010001 101010011111101 011100000001010
101010100011100 111010000111011 110110001101011 101001100011000 101101101110111 100110100000101
000100001010101 111101110101011 011011111011100 101011011010010 101110011001111 011110111101011
010110101001001 100101100010000 010110101000010 011010010101110 010110100111011
001110001010111 101101010101101 011011100101011 101001101000011 101101110001110
111101001000010 010110100000111 000011010100110 111010011100111 000110101011100
101101101111110 011111110110100 101110000100011 001111011011100 111101011110110
011111111010000 010010111000001 011000101111010 010001011110100 010100010101011
001011010000101 011101111010100 001000101011110 011100010110000 001011101111011
110000110000010 011110110111101 001101011101010 100100001110011 110001010010010 111000010011100
111001101111101 001100100100010 101111111100001 011111000100101 110111110111100 100001100010000
010101100010000 100011110010010 100010000001110 001010111101110 001111100000001 110101100110000
000110001010011 011010001101111 111110001111011 101111011000001 110010011011101 101101100111100
100111101100101 010010001100001 011101111100101 010001100010101 000110000111100 101000101111000
011111111001100 000000001111000 001101001000011 011101100100111 011010000001111
111100001000100 001101011000011 100110001011010 000001101001010 110111011011101
111110000010010 010001000011001 100010100110000 101110110011111 011101011000110
101000001011011 010101110011101 101011110001101 111111101011101 111001111000001
111000010011001 010111111111101 010011001001001 100110100110111 000111111100000
011110101011011 001101010101101 111101000100010 100011011001101 101101100000111
000000000001000 110100101000110 111001011011111 100110110010100 110011000101110 100110100100011
011000101111001 001110111011111 011000111111000 000001100001001 010011011100100 100001111011010
110110010111011 101111000011000 011000100011101 001000000001001 011111101000001 100011110000100
001001001010101 000010011110001 100000010011010 110010111001001 011101010001111 000001101111010
110100000011111 111100111110010 110110000100010 010111001000100 010110001101110 100001101010111
001101011110110 000101001101110 110111001100110 001111000010100 010000101100011
010111101110101 000110110010110 000111000011101 111111101101101 111001110101010
011100000111100 110000101001000 001001000110111 011100000110011 010000101010010
101101111110010 000010001010100 001111000001110 101111010110010 011000110110100
001011111100101 101000110011100 001111000001110 100000110100101 011010111111010
000000010111001 011010001111000 010100111111000 000100101011001 001010000100011
111010111010110 000110111101101 110011001110101 001011011100101 100101011000101 111011000010100
000000101000110 000000110000000 001010010101100 000111000010111 001000101011111 110111100011001
100000110110100 000010100000011 001010100001100 110001101001011 010110001101011 111000111110101
011111100011101 110011001101000 010110100101100 110111000011110 011000110001110 111000100110001
101101100011011 101000001010001 000011011010000 000000110010101 000011011111110 101000000011101
011010001100110 111101010100110 001111000100001 110111101001111 000011000011101
111111100010010 000110100010000 111011100101111 001000110000100 110111011010010
111000110111111 101001111000001 010100001111010 100101001001011 101111100010010
011101001011101 000100011001010 110000111010010 001100110010010 010110011100011
100101101011101 110110010101100 111000011001001 010110111011100 011110101100110
101111011010010 101001010011000 101111110011101 000111010110100 111110001100110
010111101101110 001110001000110 001010001000010 101100100111000 000100011010010 101100100111000
110100101100111 111001000001110 111000011001001 010000001000110 111110000100101 111010011001111
110000101001000 111011010001100 011110111101111 010010101101001 010011101100110 010111000011000
111000000001010 011011011001110 000101101010010 101111100011011 001001100110010 011110010100011
010000111110101 000100111100001 110110011101110 110101100101011 011100111000100 101001101100011
111110010011001 101110001001100 000100101100100 101111000010100 100010011011110
100011011010110 110110101110110 001001111000000 101000010011000 011110001011110
101011100100011 101111111101100 100101000000010 010100010011001 001101111001101
111000000000000 010000011000100 100101010000011 001101110110110 111001110110110
001101011010000 100100111100010 100011011010000 111101000000100 011111111000110
100110110000110 010101111000001 000001101011011 111100001011101 001110001011011
011100101011011 110011101111001 001100101101010 011111111101110 111100110111111 101000101000000
100000100110000 000110010110001 011100010100001 101010010100100 100101001111000 011111011000111
100011101000010 100001100000101 111111000100100 010101011111001 001010000011101 001011010101001
010010111101011 111101010011111 100110111100110 011000110011100 110111011000110 011100001010000
100100101100110 010000111100100 001010110011111 110011011001010 001011101010000 110111010101010
101000111110001 000000111100100 111000111111111 110111110101100 010111100111001
110100001011001 010010110101101 100000000000010 001011001111101 001101101110001
001000001010000 101110111011111 011010001101001 101010100001000 111010110110100
010110110110011 010111000111011 100000111100011 100011001011011 000100110100001
011001001101000 001101111111000 110100100001011 110010111010011 100000001100011
010011101100100 010111010101000 110111100100000 111011101000010 010110100100010
010010101010110 001111100111101 101101111001100 000101000101111 101101010110001 110000110011000
011000101110011 110111011110001 001110010110100 110100111110000 110011000100100 001110000110100
100000000001010 011011000110111 111001000100010 010001101001011 101000010010100 001111111111100
111010101001000 100011010110010 001110111111100 101000110010001 011001011000010 111110100100100
000110110011001 011001010001001 100010011110110 001001010011111 011100111011111 111111110000000
001010000010010 000101110001101 011111010111110 100101101000011 000101000011110
010111111011000 010100111011100 111000110000101 010101111001010 100010101101100
001100000111100 001010001110011 110100011000100 101000100101000 010101100100111
011001010100001 101110101100111 000000100010010 110001011011000 111011011111110
011010110000111 011011010001110 110010110010011 100110100111011 010000111101110
101011001101101 101000100111010 111001010111001 011011100010001 100001101100001
011110000100001 111110111011111 100101100010000 110101001100001 011001110001111 000101100011010
101110000101000 000000000001010 110000000010010 100010111000001 000011100001000 010101000101011
000010011111111 101111011000001 001011010111001 000111000001100 000111101011001 110001101111110
110010111111101 100111011110110 000100011100001 001101110000001 011101010101010 011100010100111
110101111110111 100100110101000 001100111100111 010010101001010 111111010110001 010000001111100
111000101111010 101000111001100 111011000001101 111010010010101 000000010000000
100010010000000 110000011000101 011000101001001 011100101101110 101001010011011
100110111110100 101111110110100 111010001100111 110001001100110 110101001011100
101011101100100 010010100010101 110111100000010 001000111010011 010111001100100
110111111000010 001000000011000 110000010001100 101000110000111 101101100000111
000011101111010 101001110010010 100010011000100 010011110000001 000101001000110
110100011110111 110100100011001 110101000001000 101011111101100 000100000110011 000001101001100
111110110100000 100010010110111 100101001101100 011000100101001 100001101100101 111011101110111
000011111101100 001111101101011 001011110001001 001101101100100 101010110010100 010001000110000
110010000111101 100000010000100 011111001010001 100001001010010 111000111010110 110111100000011
001001101001101 101111010001101 011110001011101 001100010011000 001011010101100 100111010010100
111011010000000 011111011111111 001001110011000 100100111011001 100011000100010
010010001111001 100001110100110 100000111000011 001001011010101 101101000010100
101101100110011 010000010100001 111001000100100 111100101111110 001101111100101
101110010000010 001111110010010 010110001010000 110111010110001 100101010011101
011110100001110 100100101010000 000011101101001 111000001010110 010001011110101
110010001100110 010000101011001 011011101100100 010101101101010 010000000111110
110000111111110 011111011001101 100010111110100 100101100101110 000011000101111 100100001011001
000000001001111 110110011111000 001001111110001 001001110000111 011000100001010 001110001100110
011011000001111 100011100000100 110010101010011 110101010001101 101110010101011 011000001000000
000001001101001 100100110011100 010101101101100 100010101110000 011011111001101 001101000111001
100111101101111 011010010110010 011100000100001 111011000000000 101000101011100 010000100110011
