6 15 10
28 52 6 24 4 20 4 13 12 2 15 61 20 21 22
12 57 8 7 59 13 18 23 21 0 14 18 12 22 19
28 2 44 2 58 8 41 35 9 2 1 20 6 4 19
26 31 21 17 12 17 3 49 11 18 38 31 41 5 13
27 3 32 38 19 18 16 7 9 19 18 28 59 14 22
21 38 33 19 37 2 11 24 25 41 20 5 10 22 36
3 30 11 12 45 59 4 34 27 8 12 12 28 14 3
45 3 4 3 13 9 31 30 30 60 10 15 22 18 17
5 24 52 16 60 4 10 16 18 33 15 25 6 6 13
22 15 1 30 15 9 38 39 42 40 21 33 8 10 6
24 67 32 4 10 8 25 5 24 5 1 27 36 23 6
52 5 47 20 23 23 5 25 1 26 22 24 27 9 21
13 25 1 47 34 7 47 31 15 1 7 15 29 6 35
41 13 25 1 22 12 8 5 24 32 49 27 35 21 19
54 11 4 28 2 3 4 22 31 42 38 23 20 21 9
64 13 49 13 3 4 28 6 4 27 27 3 16 9 23
24 14 6 37 72 20 1 3 12 22 1 24 10 18 25
29 22 11 29 16 0 19 38 6 44 16 39 15 7 41
3 23 0 15 31 42 47 17 17 3 22 42 2 22 30
15 3 27 63 13 23 7 7 43 11 3 9 14 44 9
12 14 1 8 21 9 4 34 9 3 46 21 11 68 22
36 20 16 16 16 31 37 22 19 21 40 35 20 12 24
17 19 32 47 35 14 14 32 29 10 12 31 10 4 35
2 19 21 26 8 30 35 52 23 20 13 31 15 14 34
20 43 12 5 6 35 39 7 25 34 15 18 19 34 30
59 6 11 17 26 41 25 23 37 29 14 4 6 13 4
14 17 16 28 59 25 35 9 0 20 42 11 2 10 26
51 10 40 4 2 31 16 6 25 29 50 5 19 5 13
38 23 25 1 11 58 4 19 2 42 8 30 23 14 8
12 14 44 14 15 7 26 36 15 3 58 5 20 13 32
8 13 11 5 20 21 8 5 6 7 73 28 42 16 23
1 38 1 33 63 40 6 3 11 29 5 14 17 8 15
15 28 10 5 48 11 29 31 23 35 35 1 39 13 6
63 31 12 2 8 25 23 17 42 3 14 11 33 2 13
26 33 20 8 2 19 26 38 39 27 14 10 7 33 40
50 14 40 8 18 4 5 20 9 27 28 14 21 22 47
6 4 7 29 18 34 16 13 38 6 12 33 31 44 40
29 9 30 47 33 32 14 37 6 7 8 27 17 20 26
9 21 28 30 0 36 59 15 1 17 8 7 41 11 24
14 11 51 11 6 2 17 26 8 4 53 46 3 1 30
49 12 30 5 33 19 41 0 28 1 27 19 32 24 1
47 5 56 10 19 11 1 5 13 39 38 16 4 6 24
29 4 49 13 15 23 17 42 11 35 38 9 6 22 20
10 7 4 37 6 14 18 35 7 73 7 19 2 28 6
38 43 28 1 12 34 13 44 8 25 1 33 9 15 20
40 15 34 17 22 33 53 11 8 23 15 18 19 27 6
15 33 48 20 16 63 20 1 14 18 9 10 13 5 23
18 7 16 6 6 55 18 18 2 9 45 19 11 33 43
37 50 5 11 10 0 10 45 10 25 13 49 11 20 2
44 21 6 17 17 35 6 55 4 28 2 2 35 12 21
7 40 28 25 42 29 11 18 35 40 2 24 17 4 12
25 3 17 37 33 29 31 10 1 45 10 20 41 21 7
54 36 1 5 25 18 28 0 33 26 32 13 2 32 10
9 31 23 9 15 45 22 21 15 5 62 18 0 26 6
3 56 21 44 4 38 25 2 31 6 11 13 4 31 10
45 10 21 23 34 44 19 3 20 32 2 13 33 27 7
25 5 28 36 2 41 32 18 14 10 19 34 28 33 24
26 30 14 23 60 15 7 40 9 11 6 40 10 19 1
18 18 2 38 13 49 13 41 3 4 36 33 29 3 16
3 10 19 12 26 15 0 63 47 16 21 12 13 31 18
011011100100010 001001100011011 011110001110101 001110011101101 001101011000010
110111000101100 000110111010111 100010110101011 101010001110010 110001101110010
010101110010000 001100000001000 011010100110011 100110111101000 111100001010001
011011110111000 011010011100000 011110000001101 001101011000100 100000101111100
110101110001110 001000111011100 010110100100011 111110101101000 011000010010010
100100111111011 000011010101011 000010010010101 110111011000011 001100010011111
000011010000100 000110001101011 110011010111001 111011000111000 101111110011011 110111101011101
111011011111001 111111010000010 001010010000110 000110111000110 100110010010000 001101011000010
000001111011100 010011111100101 110100001111101 010111101101011 000110111110111 011000000001000
001101110011101 000000100010010 100111011100000 001010101111111 101100101000101 101001101001100
111111000011001 001001110100101 111000111001100 010010111111111 100011010100110 110010001010011
101101001010011 110011001000011 110110110001110 101011110011010 011100000100111
011111010011000 110000011011100 110010110001101 100101111101110 001110010111101
011011010010110 100001000111100 000100001001000 101000100001010 000010011110110
010110110111111 011011111001110 000101110101100 111111000100011 001010110001000
001100110101010 110101101010110 010100100010001 101110100101010 000111111110110
101000100111010 100111011110101 010000110011010 000110000101110 001010110110111
111100011010011 010011001111010 001001001110001 100001101111100 011010001111000 100011000000101
110100001010001 001111011100101 110100011010011 001011011011100 000111000000101 111000100011111
010011101011001 011010011010101 111010111000000 110000011101111 100100111001100 000011000000010
000101001101011 101100000000111 111100111000010 011100001100000 111100101001101 101100011011010
000110111011001 110101101000111 010100100111101 100111111110111 000001010100101 001001101110110
101010000100101 100011100010100 010011110100000 111001101010110 001010100000000
101011110111010 111100111111010 000110111100010 111100001101001 111110011100101
000011001000010 100000110110001 001010110101100 001011101110010 001100101010011
000011010000000 100011111011100 110011011011110 111000010010111 111110010010100
100001001111101 100011001000110 101000111011010 111011011110000 000010000001100
001100001001010 110001110001111 111110100111111 101000010110101 011110110010000
011110000100011 110000010100101 001000010111000 111000111100110 100000100110010 110101010000000
100000010001001 101000010100010 110101001010000 010101010100010 011101110101111 010111111001000
111111001100000 011100011101001 110100010010001 110001001110110 101100100110100 100111110000011
111111100000001 010110001111001 110000111010000 010111111100111 011110001010111 000101010110011
100000000110111 001000110001111 111100110100100 000011011010101 100000010111011 101011110000101
010010010001110 000111000000011 111111110100000 000010001111100 000100110111100
110011000100100 000100101010111 110101011111010 111101011111110 001001100011101
110100101011100 011000111001101 011111001111000 101111010111111 000100110011010
010000001000111 011100011010001 010100010111011 100011111000000 001000111101010
010111011101011 100111010111100 101100011101000 100110110101101 100000001101101
101011100001001 011100010111111 000100011110100 000010101101010 100111010011001
010010110011100 110111110011001 110101101111011 011001000010010 000111111011001 000001010111011
100100100000110 101000110100101 101100110101110 110000111101110 111010010110011 111010011000010
111001101101111 100111100100001 100011111111101 101111010101111 011111000100010 100010001011010
101111010101110 101101010000000 100100100101110 101011110111110 000110000010101 010001010000011
001010001101111 011110011110100 100001011100111 011000100111100 001111001010001 101100010010110
111100111011000 100110001000101 110110011110100 010110111011001 101001101101010
110101100110010 111100010101010 010111000001101 110100100100000 011111010001110
111110001001110 000010011011010 011011100011100 011100000001110 010111100111100
010101101110101 110110111001111 011111000001000 111011111100100 010010001101001
111001011111010 111100000010000 010001011000110 011111000010111 000010001010011
010001111111001 001111010101010 001010111011111 110010100010010 110101100111011
000101111000011 001100011010000 100101010000000 111010010110001 001001010100001 111001111000000
000000000100001 110001001010000 101001100100100 011111110101011 011010011010010 111101111011110
111111111101001 011001111011101 111100100011110 111011100111111 110010111100111 000010100001100
000101011001100 011110010101000 101111100001100 111011000110010 011111011001100 100011110101010
001001010011111 001000101101111 001001101101101 010000100110000 010110010111111 110100000100101
000101010010011 101111010010001 011010010000110 000011100011111 000110101101001
011100001111101 001001011000101 110011110110001 001010001110000 010011101011001
110000100110101 000101001100110 111110111100100 000101010010010 110011010010011
001011000011111 101011001000000 100101110000111 110100111010111 111010010000001
101011110011010 001010010001101 101101000101000 110011001111100 010111000001101
001101010011000 010110000010000 001001100001011 101111101101100 110010001100111
000010110101001 000001100000100 011001001001111 010011010111100 000000111111100 011010010010110
000111110111110 110100101100111 101001111011011 011010100101001 000100001011011 100001001000010
001010011011111 000001011100101 010111010000001 000111011000011 111001100110111 010101111100111
100111111100111 000111101001011 000111011111000 110111010100101 010101001000011 011000110000101
110000101100001 111010011100011 000100100100001 010001000101000 010011001101011 000011011101010
100001110010000 101100110000110 011110100010110 111010010011010 001010100010111
010111111100001 110100110010110 010001110001011 101110100111110 010110111101001
110111011000111 110111101011001 011010011110000 000110000010100 101100011110000
011000011001101 001011000110111 000000000110000 001100110100110 001111101001111
010001111110110 110010110001011 110001100110001 000010010001000 010111111011100
001101000000010 100111100000001 101111100101011 001010101100010 111101001110011
110100111100100 000010010101001 001100001110000 100000110110010 100010111011010 011101001011001
011011101011100 101000011010100 110011110001010 001001101000001 010101001101010 000101100111111
011110110001010 011010111000010 001100011111110 011001111101110 111000010100010 011111100011111
011110111111100 100010001110010 010100010110100 111101111000000 010000001011110 110001000100100
110100100100000 111011001110100 100010100000000 010111001100110 000011000011110 001001010000011
100001101110110 011001111111100 101001011101101 100111110111000 101000010001110
001110010100101 010111011010001 100010010001111 001001101010101 111100111101011
000000101011100 110001110010100 000001110001011 111111011100101 100011101101000
100100101000000 011110001111100 111010010100100 110100000010011 011001000111011
100011101110100 000011001101001 111000001000001 001000100111010 101111000001011
001111011000010 000001101110100 111000000100101 110001001111000 101111010011110
110110101110001 101101011010110 101110110111010 011111010000101 011000111001000 101110000011010
011111001010010 111110001010101 111101110101111 010111000011101 110011011000111 011100011100011
000001001100100 011001100001111 101001111101110 011111111101001 111100010110001 111101000100101
111101100111011 111011010011001 001010100011011 001010010010010 110110110001100 011000011011100
001111100110100 011011011111001 100010000000111 001010010010010 110011111011001 011110000000010
111001011011111 100010011110101 000011000010110 001100011001011 111011000011110
011101100000100 011111000111000 100000000111000 000001011000010 010110001111110
001010000010101 111111010010111 000011101010010 111011110111110 011001100010001
110001001000000 011001000000110 100111111011110 100100110111010 011001100111111
011101000010010 010010010010001 101111101111100 010111110001110 011111110101001
011100100011000 111001111001011 010100000000000 101000111001011 011101010000010
000000111101110 100010001111111 100010101101001 100010000101001 011010110110110 000001001100001
100111011110100 010000001001000 011001000010101 011111111110111 000101101100101 110110000110000
000100010001011 000110001111011 100101010100001 011101010110011 000110111110110 010110100010011
100000000111010 100100101011001 101101000111000 100011110000100 010011000101000 010100010011100
100111101001110 110000111001011 101110011101001 001011101101100 100100010110011 010000001101101
011011011100110 001101000001100 011010110011000 100000110100001 101110001001011
011001110101111 110111011011010 001011111000011 101111100010100 111111010111010
011101000010010 110100111011100 010010100100011 001101011110000 101101011100101
111000101010000 000100011111111 100010001000110 000011101101100 110110000111101
110000000100011 100000001100000 101100010001000 101110000010011 000111101100111
111111100010000 111101100001000 001001011000001 010001001110011 001110000011001
111110111110110 111000001010101 011010010001011 100011010111010 001111011110001 011110011111000
001111101100010 001001111110000 010101101111010 010001100101011 110011010111011 000111010001111
101111110110100 001001001001001 110011010000100 000001010111011 111110000101100 010101000101110
001111111000100 000100010011001 001111011100010 011000100110110 000000110101100 011110101010010
010001101001111 111010110100111 110000010001110 110000000010001 100011011001001 111010100011110
