6 15 10
3 43 4 28 41 6 31 26 6 7 20 10 58 5 6
22 7 21 22 0 28 48 18 24 39 12 45 18 17 16
42 10 0 12 7 10 1 42 11 23 63 10 12 34 5
39 41 4 37 4 27 23 26 19 22 29 6 4 20 36
24 18 19 2 18 31 71 4 16 2 33 29 6 7 13
5 34 36 23 41 42 39 2 21 5 4 21 30 17 4
25 9 12 37 37 15 20 3 16 19 63 19 9 18 21
34 23 5 8 10 46 7 11 17 15 33 12 33 26 47
16 14 45 5 4 25 38 31 36 9 46 28 11 9 6
15 32 3 5 53 28 17 4 9 45 1 47 0 12 19
22 23 8 53 5 18 32 39 46 2 20 25 11 9 4
7 10 32 15 7 28 37 22 38 18 14 60 9 6 16
10 2 12 31 26 8 57 20 18 36 25 44 1 14 9
13 18 9 11 11 7 34 21 61 12 15 34 34 32 9
37 23 34 8 2 24 7 19 12 21 20 11 61 27 18
47 24 22 13 13 21 9 28 21 40 4 1 16 41 33
25 18 39 10 13 13 57 16 3 34 6 9 6 48 3
3 19 13 44 55 5 41 5 3 5 47 5 17 2 10
27 10 50 36 5 39 16 5 24 13 38 15 13 24 20
7 26 37 11 11 41 18 14 26 13 25 20 6 14 57
21 41 17 17 19 19 9 46 3 16 58 27 1 5 5
37 9 54 18 16 11 29 23 44 17 21 24 7 14 6
31 20 11 19 5 16 13 31 11 54 16 13 51 26 1
4 1 21 45 33 17 40 3 14 24 2 11 4 55 25
18 14 46 38 16 47 14 15 18 29 33 7 6 1 25
20 17 2 22 10 34 31 25 19 15 34 23 10 26 54
0 1 22 5 5 45 13 17 51 17 34 14 34 25 31
15 34 6 14 3 3 4 43 41 8 58 18 20 26 5
36 26 5 49 0 16 41 24 14 19 19 11 37 5 26
42 35 18 47 8 5 2 8 22 29 6 24 37 14 29
13 9 38 5 8 35 6 5 22 3 14 57 19 18 49
28 17 32 26 28 32 1 29 2 36 32 5 30 30 22
4 36 1 41 13 24 9 2 15 28 12 21 13 57 33
47 0 30 32 27 9 1 23 32 19 20 2 4 44 27
38 17 8 62 1 14 7 55 3 11 9 25 7 12 7
29 13 15 19 43 0 30 22 0 41 10 43 17 30 16
40 5 35 6 29 33 11 61 10 4 14 25 7 19 3
13 22 0 28 26 6 16 21 19 0 8 53 10 51 35
12 23 18 1 25 13 55 5 14 0 16 23 47 30 34
29 32 23 49 34 24 7 10 15 3 24 9 21 44 11
25 21 11 58 1 24 1 0 12 57 14 25 3 26 7
9 37 22 52 34 15 18 47 22 5 11 14 21 12 6
54 37 41 31 1 22 30 10 17 10 9 24 3 16 18
79 2 8 18 8 32 5 24 17 4 23 5 19 19 11
22 58 6 4 12 1 17 39 29 9 23 35 28 16 21
25 20 18 23 12 15 37 42 18 35 43 1 12 3 32
8 19 13 55 25 6 5 12 10 8 27 39 8 54 13
60 25 25 31 20 17 5 9 31 6 37 2 5 22 20
29 41 11 14 31 35 7 20 52 15 11 21 6 13 30
16 7 28 4 1 30 24 6 35 63 31 15 30 9 1
35 9 29 55 16 2 43 21 15 15 14 4 3 1 41
32 45 13 13 20 19 8 27 8 23 17 4 3 48 43
9 9 15 10 32 33 66 4 3 2 27 37 15 10 25
25 33 10 0 24 27 3 39 28 34 48 0 22 7 24
56 11 12 15 36 3 52 23 24 3 8 18 7 23 18
10 1 15 33 18 5 1 45 24 20 36 26 56 3 15
8 6 31 26 31 14 17 21 8 57 2 2 31 47 1
31 1 49 15 13 35 22 1 2 8 42 5 17 33 35
52 22 3 5 5 10 8 3 28 13 49 35 13 7 42
34 6 18 15 6 23 3 0 1 25 15 65 51 2 2
100111111001011 111000111001101 101001001001000 000000000100011 001100011101000
101000110100111 011100100000101 111110001111100 101011110011111 010100100110101
010111111011111 001001010110100 011111110001111 100110100010111 000001101011110
111110000011100 000000100001010 110100101101011 000000100110111 011111111111110
001110010010111 000111001101010 111001000011011 101001011001101 011101001101101
000100100011100 101110000001110 011110111111101 011010011010001 111100001100110
111001111010110 110011001100011 111011001100000 011100000110001 011111101010010 001100011000100
001100101110001 110100111011101 100011111011001 011111101100011 010011011001001 000010011111110
110110000000001 110110110010111 001110001010000 101101011010110 010100110101011 000000000111001
100100000100010 100111010111001 010000011111101 111101110100110 100110100110101 000011111010011
000011111001011 011000100000110 101011100010010 111111100100100 010011111001001 100110100101001
011010001111110 100010001111000 111000100011110 010001111000101 010011010100011
110100111110010 110110010001101 010110111011110 011011100011010 100010101001110
011101111101011 100011011100101 111010011000110 100010010110001 111000111011111
101001000110101 000000101101010 010001011101011 100111100101101 101011000110001
100000000111000 011110000110111 010110101111010 000000100001001 101000110001000
000100101100011 001111010010100 111101011100011 001010011000001 101000011110101
000100001011111 000101101111101 100000111001101 100010001110010 011110001100100 110011101010001
111000000110011 001111000000001 010111101110101 101100010010010 101010110101111 010001000010101
010001101001111 101010010101011 100011010011001 011000010001110 001101010001001 111100011100000
111110111001111 010011010011100 000111111110011 001011011011001 100010101101010 001000100110101
010001010010110 000000001101110 110110110001110 000001001100110 001010110000100 110000001100100
111111000111110 111111101010001 000010100100010 110011001001011 010100010110000
100100110001011 101100010001100 001101000010101 000011111110001 100011111110100
110010110010101 001110000110001 001011111110111 111000111011000 111001110011000
101101011111011 001000100100001 100001000000000 001101111101001 010011010110111
010111000111010 110111110010001 110111111010000 011101001110011 010101101110001
100011111000100 001100110010110 011000101110001 010100000010101 101100110001000
001000110011001 001111100111010 111100011011010 001111111001001 100001000011000 110000101100100
001010110101010 001101100111000 010110110010101 111000001011011 110001001100011 010100111100101
011111110110010 110111011100010 010011110100011 011011110011000 011001000001101 100110110100001
001110110111101 110101000101001 111010100110111 001101110110001 011011110000100 100111000111101
001110101011000 101111110110010 100110111010101 101101001100111 100110010101011 010100100001111
100100000010110 001100001101111 000111110011101 111101011010001 101111110100110
101110101100100 110111110110010 110100111111101 000000010000111 011111011010011
100001011100010 011110000110110 010000010101000 001010011100101 001110000010110
000110101001100 111001010101101 001001111101101 100100111110001 110110111110001
011010010000001 011110101100011 010001010100011 111000110010110 001000000111100
100011110000010 101010111110110 010000010100101 101110101011100 011100001101011
100110101100100 110101111110000 010001110110110 011110100100001 101100100110011 011011110011011
010001101011100 011010011110011 011110000000001 100101110101011 100111111000010 100111110011110
010100101110001 100000011111000 100011010100110 100000101010110 110001110101001 111011111101110
110100100110101 010101111001101 111111100101110 010011011110001 110101011110000 111111010101011
010010010100101 100100011000101 110110010000101 000001110110111 010100101101111 011000001011010
111100100010100 111101000111001 001111000111001 100010110110100 110100011111011
000000001001010 000111100110100 011101100100011 001110001010111 101101110010100
101010011100010 101000100111000 010110010011110 001100011101001 101100001000100
110010010100100 111001111000100 100001001100100 011000001110101 110000110110101
000000010100111 100100001000111 101111000101110 010000011000111 100010111101010
110101011110111 010101110010110 000111111011011 000111001100010 110110010111111
000010010101000 100010100010111 101010001110010 001100010001011 100110001011010 011101110111100
000010010000100 000100111101010 001000110110001 010000100111101 101011110100000 101011010001011
000101100011000 111101111111011 100111000101110 001000110101111 110001100001010 100100111010101
011111111001001 110011010101011 100000010110101 001110001111000 111001101000110 111001110100000
011101110100100 011001000100011 010110110111111 000101010110110 100010000001101 101001110111110
010110110000100 101111101001011 110111110100001 101000101000011 101011000001110
110110011111010 000101100010000 000010100111011 111011110011000 101001011010110
000010100101010 011011101100011 000001000010010 101011010111101 101101011011100
011101110000000 011000100010001 110101100010011 010001000110000 011011101101000
010100101000011 010110010000110 110010100110001 011011111010110 000001011011010
011111001010001 111101111000010 001110100011110 101110101010011 100101010011010
111010010010001 111001011011101 010001110011010 101000101011110 100110001111001 111001110100011
111001001100000 110100111111011 111011000111010 001101011000111 000000001110011 011111011101110
011001101000010 001010000011000 110001111010100 110100111011001 001111100000001 110111110101000
110110011010111 011011101000100 100010111110001 101101100001011 111111101100110 101111001001111
110001011000111 101011110110100 100011111001101 111010000010111 101011100000110 111101110000011
101010010111111 101000110001111 101001100100111 111101010011110 010110110100010
110010010000100 100001000011110 110110101111000 111001111011011 101001101011011
101001101110110 001001011010110 001010010010010 000000101101100 010100101101010
111110100011001 010101101100110 000001001001010 111100011010010 111100110101001
000101011110111 010100110011010 100010111111001 100001100100000 001011011000100
111011001111001 100111111000010 101101100100101 100110011110010 011010011010011
010001111010100 101000100001000 101111001001010 011010100110101 010101101000010 101110111001111
001100000000111 100101111010001 111111000010111 011100010110010 111010111110000 100100100010110
110001111010111 111101000101001 111000000111101 100100101001011 110000111000011 110000010101001
000100000101101 011110011100011 011111001110011 100111000010001 111111111001101 011110111011100
011101011101100 000110111101111 000011100000000 001101101101010 100000100000011 001111000111111
011111001000101 111000101110110 000011001110100 010111111111111 010101101010001
100010000011100 111011110001001 100010010101000 100001010100000 100001000101100
100111101111001 001000010100101 111000000111000 101101111100001 100000011010010
100100010000000 010010101110010 110010001100100 111001000110011 010101110110011
100001000100010 001100101000010 001000010101110 100000010100111 111110111101011
011001101000001 100001001000111 101010011010001 110101101010111 010001010000000
101101000101110 011011110000011 110110100001111 100111011010111 100101110011110 100010011011101
100101011100100 011101111101011 011010111011001 101111001000110 000001000010110 111001000011010
010100101100110 000011111011011 011011111110110 111000110001000 011000000111111 100111001110111
000011111110011 010110110000110 110110001111110 100100110111111 011010101001001 000110010011001
110001110010110 101100111010000 110010101000011 000100111111000 010101111000001 101001100111110
010000001001000 011011110100111 110101100101110 000111110001010 000011100001110
101101011110110 111110011101000 101000010001011 101011000111011 000011000011110
111111101001000 011110110100111 100010111010111 100110101111100 010011001101101
001110111101111 111101000101001 000010001000000 100110100011110 011001001110000
101101110110111 011111011011101 111100111111100 001011110010111 110000011100010
101100001100000 101110010110011 001000100001000 000010001101010 010100001110010
100110010011010 001110000100110 100000011001000 000111001110000 011100110000010 011001010000101
101110000110110 111110000100000 100110010101100 011110011111101 110100111000111 010000001000110
000000001001111 101110010100011 110001011100000 110000010000001 110111110101010 111000101010110
111110000011011 111100100011011 011000100100010 011101001000010 001101001100011 010110100100101
001010010110000 110011110111011 110011111111001 101101010111101 000011011101101 111100000010001
110001011110011 000110111100000 110101101001100 101000000100010 110111010001101
001001000000101 111110111010100 111101010111110 100011010001110 110010101100011
010010011110011 011110011110001 000001011110000 110010101001101 110100000101100
100110100100100 101011011101101 110111101111011 100101110111111 011100101000000
000010101110010 001011100000100 000100000001101 111110110001100 111110101101001
101101110101010 111100100011010 101001100100110 111010101011000 110011100111100
001011111000111 111100101000111 100111111010100 111011001100101 110000100111011 000101010000001
100110100101001 100110101100100 001001001001101 110000011000011 010110011010101 110011111101000
110100000101101 110111100000111 101100111110101 110001110101001 010100101111111 110100001111101
000111111100101 110000100101011 101010010011110 100010101001100 111001110101100 010001010111000
000101110000111 000101000010001 001010110111001 100110010100110 111000000011110 100010000000100
