6 15 10
23 3 43 28 11 7 0 45 30 9 18 44 3 16 34
28 4 13 21 24 28 60 28 13 30 17 17 15 20 25
5 9 1 41 26 8 63 3 3 35 10 11 19 38 13
22 22 32 4 20 7 20 1 17 46 6 43 10 19 49
34 8 28 37 11 55 11 16 9 45 6 14 11 24 10
38 34 1 13 38 25 46 12 23 35 9 25 7 1 18
23 13 20 9 11 58 20 35 7 43 9 34 5 7 21
26 59 43 19 12 29 2 23 7 8 25 8 33 2 17
15 22 16 1 56 30 5 38 38 1 6 42 1 12 9
20 25 24 24 21 52 28 4 7 15 19 16 24 26 41
8 28 14 50 34 14 26 29 5 18 13 52 1 10 16
11 48 5 9 26 2 5 30 8 23 21 20 31 31 49
18 34 44 14 15 37 17 7 52 25 16 23 14 10 9
2 10 56 8 1 49 26 45 3 1 29 12 4 22 8
49 55 30 37 13 19 3 15 0 8 10 27 15 5 19
36 17 38 4 10 36 27 31 5 31 22 20 45 5 1
2 17 23 23 20 30 25 30 3 23 30 27 33 32 39
20 29 23 17 29 21 29 13 27 22 15 49 1 30 31
43 22 0 24 41 17 12 54 9 14 2 31 18 20 10
27 15 31 12 1 17 33 21 44 15 16 11 50 34 2
6 7 67 11 25 31 25 21 24 24 19 9 24 17 14
23 5 23 39 21 11 12 35 26 1 28 27 50 21 20
35 18 15 37 35 8 15 6 57 9 19 34 3 4 21
46 22 20 15 16 19 25 5 8 1 39 18 8 10 58
10 6 18 6 10 9 34 4 2 25 2 51 22 13 65
13 33 5 0 30 38 45 34 38 24 24 2 14 21 2
27 54 45 15 40 9 21 3 16 24 2 13 11 24 13
8 11 5 12 24 47 33 10 54 28 34 5 2 20 21
27 9 4 14 18 26 50 38 4 4 16 20 11 22 52
56 14 10 7 10 29 48 19 24 6 3 0 48 0 4
2 14 31 23 5 26 65 13 24 39 23 6 7 18 15
1 9 18 41 8 39 13 17 2 66 19 30 7 6 14
4 50 13 45 26 28 13 16 0 6 14 32 34 12 29
21 12 9 11 4 53 5 34 20 4 35 37 27 38 3
62 6 36 35 2 36 8 10 6 20 28 7 4 27 4
19 7 5 8 46 11 40 24 10 20 8 32 21 5 55
6 18 57 5 27 33 4 16 43 28 29 4 28 3 7
8 18 9 46 18 6 8 8 10 20 40 24 57 10 31
11 5 18 66 4 47 1 1 26 8 37 2 12 12 22
60 8 61 13 4 8 24 2 6 22 5 14 26 5 17
22 4 6 41 24 14 23 19 21 50 2 20 40 32 11
5 24 28 24 44 41 19 28 47 9 5 5 21 14 20
18 13 39 28 20 6 14 11 4 54 14 29 45 4 21
7 3 32 66 2 37 32 13 3 14 27 17 6 12 24
67 50 9 9 25 5 21 17 1 4 17 13 22 15 15
19 40 52 17 17 18 30 26 2 1 23 43 8 0 19
40 18 9 39 25 2 13 12 26 21 22 30 24 39 29
21 28 5 30 18 27 12 30 10 16 41 23 54 16 5
12 41 0 5 6 4 13 14 0 1 11 37 18 12 76
54 2 9 23 2 4 13 29 23 6 52 28 30 20 12
42 20 15 10 43 9 19 7 4 52 7 8 4 49 0
22 5 10 19 34 35 28 16 33 35 11 4 55 10 5
9 46 36 10 18 12 11 17 1 31 9 27 17 53 25
25 0 45 50 9 47 9 14 15 29 12 4 13 18 23
2 29 55 45 17 13 9 24 33 20 6 24 6 20 20
2 14 5 12 39 10 10 26 13 30 12 40 64 14 12
60 9 4 37 48 17 25 1 33 19 2 2 19 1 3
18 27 10 8 52 31 23 11 28 19 29 27 4 6 42
7 18 30 34 14 4 25 11 6 37 29 46 3 38 28
9 5 55 29 22 17 4 4 9 5 7 7 65 23 15
000101001111000 001001010000010 111100101101100 111010110000110 111001000100110
010010000111111 100100111011001 111001100000010 100110101011001 010101101010001
110001111011111 100111001001000 000000001011001 011101100000010 000010101101010
110011101101000 111111000101011 111111101101110 001001011111001 001110111101011
100000101110011 101101010110010 000010101101111 000100101000110 101001001110010
111110101111001 110010000101110 000110101000111 010101001101001 011110101010001
001101100111010 010000000101010 101001111100000 100100000101111 001100011101011 000111000001110
000011111101100 000110010011110 010001110001101 100100011000011 010001101101110 001011000001101
011011100101100 110101011101001 011011000010100 001111000111000 110001100110110 110111011001101
101111101011110 111111111011100 000010010110000 101011110001111 111010111100011 111101000001110
101101110110000 011111101110011 101101001010001 001110100010001 111011111111111 110000100111101
111110101011010 110100110000111 011110001101101 001110010110111 111100001111110
000001011001111 011111000101001 100100011100101 100110001000010 110100110101101
011100011111110 110000100111001 100110110001010 001110010101100 000010110110001
011100000101110 001101101111101 100111110111010 001000101110011 001100011010110
011000111101010 110001110000010 001101011100110 000110111010111 101010111000011
101010011101100 000001001101100 000010011110000 101100101010110 110011010000100
110000011100010 001001011111111 111010110111110 111101010000100 100110010000001 010101111101100
010101000001011 111111110011101 000000001001111 111110011000101 011101101101001 011100100101000
000011010000010 011000010110110 101011010000010 001101111001001 100011111101111 010110000010010
011000001001001 011111001010111 110000011000100 011001101000000 100111100001110 000011111101010
111111011001010 000101010111001 010101000011010 100111001101100 011001010101010 111101010000111
001111111000011 111100010000001 111100010101111 111010011001011 001101010011010
001100101111010 100010101001111 110100100101011 100111001001100 001111110101011
100001010011111 100010101110011 111110110110110 111100111100111 001001100101101
011001100001101 001001000011011 011101100010101 000110100111100 011111001110111
010110000100101 010100000100011 101010001110110 011011000011101 001110100101000
110111101110011 111111001110101 111001100101101 011111001000101 111100001001011
100100101101101 110101111111001 010011000001101 011000010110000 010001101110011 111100101001001
111101001010101 001001110100001 001111001011000 001011110001010 000011011001110 000011010111001
100011001000001 110111101000110 110101110101001 010110011110111 110001100100001 101000111010011
001111011001001 110001010010000 110111011011100 100001111010000 111110100010100 110000011100100
011001011100101 111100000001000 011100100000001 011100011000000 001011100011011 100001010000001
010001011011110 110101110001101 111001001011110 011101100011001 001110111001010
001010010011111 001100000010010 001111100010100 111100101001100 001001011111000
101010001110101 111111010001100 011101011101111 111001101001011 010000100011100
111000100000001 111110111110001 000010100000000 000110100101001 101001001100000
111111111010111 001011001010001 000011000010111 011000000000100 100001010000000
010000100101001 111010010110010 110000010101011 001111011011101 101111011010110
001111110101011 111010010111111 000101000010000 100011000100110 000111101011101 100110001000101
010000011000101 001010110010100 111010111101111 100110110101011 101111000111100 101000111001000
110011001000000 010111100110011 000100000100101 111010100001010 110001111010000 010010000100101
000000011100011 100111010101000 101000010100011 110010010111111 001011110110000 110100100101101
010101101111000 100111111111001 110010111101011 001111101000000 111101010011010 101001101101111
100100011100000 101110111110011 000001101101100 111100110101001 110001001101000
011001010011100 010011110011001 000101011100100 110100110111100 001001101101111
011110110000010 101001000110000 101011000101100 000010011000001 111011100111001
010000011001011 111111111011001 110101011011001 000101101010101 011111010010010
000011100011010 001000001111111 011110100011011 110010111111101 000011101100011
111110100100101 101100101010001 000101111101111 101101001001001 011111100110111
010000001011001 001111101110010 100101111010011 000100010011000 001000000110111 111110011110110
111010101011111 101001000000001 001010111110010 110100101010100 000100001110000 000001000001110
001100101000010 101101101110101 010101100110010 001111111101111 110100100011110 101111111011111
001000101111101 001110000011001 110111111101011 001010101111100 110110000110010 101011110111011
010011101110000 101010100101110 101001001010100 110100111000010 100111000110010 000111011000001
100010000000011 100001000110001 010100001111001 001001111100001 101111111111000
010000100010100 001101110010010 001110110010110 010100111000011 100011100011100
100101101001000 110100000011001 111000101011010 010000100100110 000010001001000
101100111000000 011101011110001 000110001101001 001000101010010 100011010001100
110010101010111 100000100100101 000111101000101 011101001001111 110101011111101
100011111101100 011111010111100 000101011110100 111111000010101 111010010100110
111011111111100 011011000101111 101100010010110 101100110011001 000101001110000 001001110100001
110000100010000 001001110011011 011100111101011 001010111010001 100000100001011 000100011100000
001011010010001 011000000000000 101111010101001 100111001101010 101001110010100 000100100011111
011111100001111 111011100110001 110000011101100 010100001010010 111010000000011 110011000010010
101010011110110 110011001110110 000011010110101 101000111010010 000011110110111 110011110001000
110000010000111 101100101001100 100001111100100 100001100111111 000011001110011
011111001000000 111100010010001 110111011011100 110100000110110 111001100001010
110110011001111 100101100111001 010110101101110 000011111111011 001111000110001
100010001101011 001000000010010 010000110101010 110011000000001 101011000111000
001100100100100 001001111010111 000011110010111 001010100011001 010110010011111
010011001101001 101000010100000 001110001001101 101111111011011 110001001001010
001111100001111 110001000110111 110100111000111 110001011110100 011001011110010 111011111111101
111010100111100 001101111011111 101010101100110 100100010010100 101011100101010 100110000011110
110101110100010 010101001001001 110010010000110 110001100001011 011010100000000 000001011111011
001010010110111 111010100011111 011101101001110 110001011101111 110001011111110 111010111100000
100101000101100 000111011111110 001110011100100 001000001101001 100011100001001 011000101000010
010100000110010 000111001001110 110111110001110 110111101110010 000110111110011
011010011001100 110101111010010 001111011000000 011100011111011 111100000100100
101100000110100 110100010011001 111111110110100 111100110101011 101000010011011
001100001111001 101100100011100 110011010101001 111000100111011 101111111011111
011111111001101 000000111111101 010011011010100 111101010110011 100101000100110
111001000011110 110001110100111 101010100101111 000101110110111 100101000000101
110110101010100 100110001110001 000011100000000 000000010000011 010000011110010 100101000110000
100110101010000 100010101010111 101001101111101 010010111000001 001100111010101 101000110111101
110001010001011 100011101000001 000110001101100 000110110000010 011111100011101 100011000101111
000011011110011 010010111111000 101110111101100 001011101010101 111001000110100 001101011000010
011001110011010 101111100000100 110110111001010 110010000010110 000101010011101 111010111110000
100010010101001 001001100101000 011001111111111 000010001000110 100101001110111
111111100100100 111101000011001 010000000111101 101010110001011 100001111010101
110111110001001 001010000101110 110011101001101 110011110110001 111100010110010
011111111100011 111110100100001 111111100001110 101011110111101 110101110101111
100111000010101 001111111010000 011110000110111 101000101001001 110101101011111
001111011011101 101101011010000 001000010011011 011011010111000 101110101100101
001001111011101 110000000000011 100111011100010 001000000110100 101011011000001 011001001101011
111000101101111 111101111010101 011010000011001 101100010001011 011100011111110 010110010101111
010100011001010 110111111000111 000011101100101 100110111010101 101010011010111 111011110001010
010000101010011 011100110001101 010001111111001 100011101110011 010010001100110 110010000000000
010011100110100 010000110010111 011001110111010 100010010101011 011111010011111 111111001110100
000001110111100 100101000000101 110011101011000 010000001100000 001000111010101
111100011000011 111011111100010 001111011100011 010010100000110 010010011000111
011101010110010 111011000011100 011011010100000 000001000011110 100010010111010
001110100011110 100011001101100 110000010010100 101011001100111 011101100011101
000101010101011 011110011101101 101010010011111 010110100011101 100101010000110
011001111000000 000001001000001 001000011010110 010111111010101 110101011111011
101110001100001 011110000100101 110001111000101 000010010000101 100011011000010 010110100101010
011001111011010 011110010100011 011100110010010 010101110000010 111111101101110 000110111111110
000001110101010 100000010110100 001011110110111 110101100011010 001100011101010 010001011001010
000001000100111 101100100111010 011110011011010 110001000000001 000101000100001 011001100000101
011101001110100 101011101111010 010000111000100 010000110000010 111110000000110 011001011110011
