6 15 10
28 10 5 7 15 9 39 49 6 42 5 12 15 22 46
2 35 11 14 30 41 31 14 9 34 20 23 17 13 46
21 12 44 16 16 5 8 27 23 43 23 44 29 7 20
24 9 18 17 16 43 4 27 12 12 41 7 43 21 40
4 26 30 44 39 5 31 2 24 27 40 11 13 4 27
36 10 13 13 10 17 29 9 9 22 63 21 9 5 43
1 6 49 1 45 17 19 33 24 2 21 11 40 17 27
28 5 21 22 26 32 1 24 31 33 22 15 40 9 40
7 51 7 12 18 6 22 4 6 42 47 19 21 19 33
4 0 8 6 20 56 18 1 11 23 48 21 14 48 12
4 39 2 9 56 23 20 45 2 4 19 18 39 6 3
4 17 22 37 9 2 6 38 15 6 19 61 27 26 22
31 29 50 29 44 0 0 0 24 20 13 27 32 3 3
8 16 5 11 23 5 2 29 22 10 49 11 52 31 38
28 10 15 7 19 15 23 34 0 53 41 0 13 13 42
6 32 25 25 44 41 9 13 14 14 46 14 23 10 20
43 24 20 30 15 7 18 10 43 42 4 35 22 1 11
34 5 1 69 28 16 2 10 18 19 21 13 37 1 12
0 11 5 25 44 1 15 34 21 23 32 35 6 42 27
27 28 10 37 12 13 51 11 25 25 6 49 9 2 16
37 2 7 36 4 9 17 2 18 32 12 11 29 53 40
9 36 11 42 4 45 37 48 7 17 7 1 12 20 9
1 10 32 50 23 0 25 3 32 17 45 21 16 2 34
30 3 23 53 36 16 16 17 5 8 39 27 10 9 34
58 9 9 4 7 25 19 27 16 25 53 5 18 1 25
0 33 24 31 18 21 24 28 7 21 11 51 39 17 17
22 29 22 4 0 34 29 13 19 26 13 5 3 59 37
1 4 6 15 77 33 5 20 32 21 2 27 4 8 6
16 38 3 47 38 1 15 27 19 46 17 29 1 8 5
43 8 16 22 64 18 43 16 0 3 18 1 19 7 8
53 39 22 0 13 5 30 7 32 14 25 42 14 1 18
6 40 18 31 28 14 13 16 36 13 36 25 40 24 10
3 19 24 10 35 34 39 5 2 11 30 61 15 1 10
17 23 29 44 46 1 33 38 10 4 14 9 35 5 8
26 11 1 9 10 52 27 34 4 6 22 33 24 33 34
9 11 12 5 27 26 16 31 38 63 19 20 10 20 19
4 7 29 48 2 31 3 2 51 31 24 18 2 25 29
59 0 34 15 36 17 16 1 7 22 4 22 33 13 33
1 1 34 36 23 35 2 32 6 4 5 22 42 45 19
10 47 13 6 22 24 35 22 39 9 27 14 24 36 19
6 14 35 7 38 6 28 33 3 28 56 25 10 3 20
49 58 8 21 17 13 12 12 5 18 17 14 14 43 8
5 10 13 8 7 14 59 8 52 8 38 13 15 17 31
51 38 8 1 14 11 24 33 37 6 23 4 30 29 15
38 25 7 5 15 19 40 31 34 14 24 10 12 47 17
14 28 36 26 9 34 10 7 60 26 7 16 18 28 3
27 23 29 28 17 27 6 42 20 30 17 8 34 1 39
17 11 8 14 40 13 30 29 17 30 20 12 19 51 32
32 12 5 17 32 12 18 23 5 20 37 42 53 5 9
27 54 28 13 9 11 36 10 8 29 8 11 37 28 23
24 44 23 37 14 29 18 24 46 8 27 8 8 23 3
24 1 11 10 9 25 7 19 2 8 5 23 13 58 63
19 27 13 18 29 3 4 47 10 41 28 41 12 23 18
1 38 30 13 3 20 5 25 25 6 6 5 59 23 42
16 4 35 26 8 29 43 21 44 37 2 17 4 27 21
36 13 21 27 2 34 14 26 20 23 39 14 22 33 32
15 29 38 23 43 26 16 15 13 22 33 23 22 23 24
40 32 16 1 12 24 21 36 11 23 18 48 24 1 27
14 17 19 18 1 24 55 10 59 14 20 5 24 3 22
15 33 26 2 6 35 36 9 18 48 17 38 8 14 26
001101100110111 101000010100011 101111011010111 111100000000010 001010001011110
100000110000001 000111100100111 010011001110110 010100000101110 110011001001111
100011001100111 111101011010100 101111111011000 100011110101000 010000100001001
110010010110010 001100100011110 101010100001111 110011110000100 011011101111110
010010000100101 100100000100010 010001011101010 111110111011100 011101111100010
001000001110011 110110001111000 011111101000001 010110101110100 101101000100101
011000110110010 100111010100001 101001111011001 110011100011100 000011011011000 100000010011101
000100110011011 100011101000001 001111011111000 000101111010110 101111100111101 101010000111110
011011010000101 101001011110111 011111101000111 111010001110001 001110011100111 000111010101010
000110100110001 001100111111111 111000100010110 001111111000010 101100110010001 010010000000001
010001010111101 010010000101010 110110110101111 110111011011011 101000001000010 111000011000110
110000101010000 101010100100110 011101111000110 110000100110101 010001011110110
011111100100000 100100100001100 010111100110110 111110101010100 111000101111011
011000101000100 001010000111001 011011011011100 110001101111010 110111111000101
001011111010001 011110100110001 000011000100000 000111011101110 001100010001001
111001010000100 101011000111010 011101110111111 101001111101100 000010000000010
100100010100110 110010011101110 101010000110010 100111100001001 010100100010011
001011000001000 010100000011101 001001101111111 011000000101011 011110101001000 111010010010101
110001001010001 000110110110101 000110101001010 110001110001110 111011111111101 010111001101100
011010000111101 100010000011100 101011100001011 101010001011111 110111111011101 101110011000011
011011011010011 010011011001111 101000110110110 100010110110010 001011101011011 101101111010000
001101010011100 101101111011110 111010010011000 010100101111101 101010001111100 101100000010011
111100010110110 001011100110010 111010000001010 100000100111010 010101000100110
110010001111110 001010111110001 101111001110101 001011001010011 010101110110100
010101001011111 000100111010011 111011101100101 101111110101000 100100100101101
001101100100111 101000001111101 010001101111000 110110110001100 100000100010111
100101010110110 111101010000111 100010011001000 100101010101110 011011000111001
000011001100000 001001110101100 110111001110100 000010111011001 100110101111110
100010001111101 011111001001011 111110111101011 011101011100110 011000110101011 110100100100111
111111010110101 000111101011001 000000001110001 100000110000111 100010100110100 001010000110111
100010010010100 001101000100000 110100101011011 100111011110100 010110111000111 001101111101111
110100010101010 111000110000000 111001011001000 001110010100000 111111100100110 011011011101100
010100000011100 111111001011111 100000110011000 000011101011111 101000101110011 101110100000000
010010110011011 000010111001011 101100011010000 000010110001001 111001010100010
110100111001100 011000101000101 100000101011000 100110000101110 101010100001011
101010100001001 101101000101100 110000111001010 000110100011011 111101100011111
001100111000000 101001010100010 000111000100000 110010110100011 010010111001101
100100101110001 100100000001001 011111100000010 001001010110101 110000111011001
110011000010101 010010100110110 100000011001101 111001000000011 011111010001001
010100110001100 111001011001010 101000110011000 101000110011111 000101000001111 110101011011000
000110100001101 010100111011110 010110100111001 101100011101011 001110111001011 110111110000101
011111011000110 110111000000100 010111110011000 011011101011111 111011010110100 110110101111110
111000111101110 010110100100010 010011110000011 101001100010111 111110111000010 010011000001111
001100100110110 100001101011101 111000000011111 111000000101101 001001000010110 000100111000101
011101000010111 010111010010000 111000000010111 101100011011010 001011001010100
011110111010011 100001100100010 000110111100100 011010110000111 101001001111010
110010111010010 011110011100100 001011001010001 011111111001110 001001011011111
001010011100000 110101011111101 001011101111000 100100110011010 000111101110000
101000000001000 101110011101011 111011000111000 100001101011100 101000011001111
011100010111100 010001010000100 100110100110011 011111100000101 010110000000110
101110000101100 000011011111100 011110100111000 100100101100011 010100100010000 011111100010110
101110110100110 000010101011111 111111110101100 001101010010101 110011101001001 011111011111101
011001010101011 111101000011001 000000101101001 000001111101100 101100000011000 111010011101101
001011000111111 101101111111101 110100000011000 101101001101001 101001000111100 101111110010010
000100011101100 000110111000000 100011101001111 011110000000001 010101001101111 101011100000011
000111010011100 110110101100011 101010111100100 000110010100010 111101000100100
001001010001110 001100011101000 001111000010110 010111101100011 100100000001111
100101011100110 010101011000010 100110010111011 011000111100011 001101111110100
000110010110101 001000110100011 001101101111101 100110000101000 011000010000011
000010011000110 001000010111110 110100001110001 111010110010000 010001110110100
101010110001001 011101111110100 011101010001111 111100010111110 011011110100011
111101000110100 110011111001100 000011111101001 000000000111101 110000010110110 011011100010011
110001101001111 101010110011011 001111111000111 101011101011100 010101010100001 001010111101001
000011001010011 000100001011010 000000010011010 000111110101111 001001110111101 100011010111111
100000011111001 110101111011011 110100111000000 010100100101111 010100010011100 100010010100101
110111010111101 010100110111110 001101101111110 111001100110100 000011111110111 011011110001010
111110000000111 001001111110011 111100001000110 110110100110010 011000110110110
001001011011110 100110111111011 100011100001101 111011000000101 010101100110100
111000000001101 100011100100111 110010000100010 100111110011110 001100111011001
001001111010100 110001000001100 000100001101101 001001011101110 111101010110100
110110011001110 001111010000111 101011101111001 110010100011000 001011111110100
101010001010111 110111101111001 010101010000101 101110100001001 000010010011011
000000001110011 111101011000111 001110110001100 100001000100010 101010101111001 001100101101011
010010000000011 010001010111110 000010111001111 100010111000011 011100010111000 100111000100110
001001100011010 001101010001001 011111100001110 101101001111100 110111110101111 100001110111011
011000010110101 111101001100011 111111000100010 001111010101001 110110010111000 000000011110111
110100011100111 110011110101001 000110010101100 011000101110101 110101110101000 101110110010111
110001000001010 001111010010101 100000111000111 011101110011000 101111110100001
001111010010110 001010111000011 011101110001001 000110111001110 001110101001011
110010011100111 100101011001110 110111101110000 101110101011111 101000100101011
000000001010000 101010100000001 101100000011000 100010110101000 100010011000000
100100000000001 011100100000000 111101111110111 101110011111110 000110001010001
010011111011010 110110000101111 101100011010100 111010001100111 000100011100000
111010011000110 010010010010001 010011111001001 010111011011000 010110011111000 100011101000001
101011011000000 010010001010010 000011111010111 101110111110010 110101010001011 010000011111011
101101001110101 010001001110011 100000001100011 011101111110110 001101110100100 001011111001001
010111101011111 101111111011011 010110111100000 011001110111000 100010000001110 100100100000010
000010010111101 000111111100010 110101110100001 000111010011100 011110010001111 111100001011000
110000011101000 110110101001100 000110111010110 111100100010001 100100110010110
000101111000111 001100100000101 000001100110100 011111011110011 100110100011000
100000011000011 011000101000011 111110011011000 111101000101100 001011001100010
110111111100001 111110101011111 001000101111001 011110110110001 000001101011000
110111110110100 110000111101011 001010010100111 100011110101101 011011011011100
101011101110101 110000010100001 000110000001101 011100001000010 111010110001011
111101011100001 111001100101001 111001111110101 001100110001000 001001000001011 111110101000001
111110110010010 110110110111010 101010111010011 011110011110110 101111111000000 110111111001011
011100001100011 110001001111100 111100100011001 100000011000010 001111100010010 011011100000100
110111000101001 100111011111100 000111100110100 100011101111001 010111010101010 100001001010101
000010111011010 101110010100000 010001001000111 100111011011011 101101110001100 010010000001101
010111010010100 010011010001110 001010010100011 110001110110100 111111111100111
100001100011100 010001100010011 001011101110000 001101101001110 001000111100010
100000010000010 011111110111100 101011011010101 001011001010001 110001011101101
001001100000110 101111100100110 000010110101101 111110001011100 101101000111101
010011111001001 001011101000000 101000000001111 010001001111010 101101011110000
101110100101101 110100100011101 101111010010010 001001111110100 101000110000001
111101111010100 100110111010001 111001000101000 100110101011010 101000010101000 111110000100101
111110110011111 100110001001110 100110000101110 110011010011010 011100110000100 011101110011001
111100011001000 111010101000010 011000101111101 101101000100100 000110101111100 101000111001100
001100000000101 010110101111100 101100111100011 001100100000000 110011101001010 100000010000000
100100011111101 111010001011011 000101011111001 001111110001001 011101111000001 110010111111100
