6 15 10
2 65 8 36 7 10 14 14 23 13 20 10 25 18 41
18 11 19 29 1 18 3 64 10 31 23 6 7 14 45
8 43 9 12 20 7 16 14 6 34 18 11 16 71 2
1 17 27 14 34 15 29 12 34 31 36 5 19 45 22
24 7 21 2 5 48 8 38 20 33 49 19 13 16 21
2 58 30 39 19 4 8 11 20 11 42 12 7 16 31
11 41 32 3 8 32 9 25 44 23 14 30 13 7 38
22 35 12 28 17 43 10 34 53 12 22 14 11 9 15
40 4 43 25 14 41 19 1 18 22 21 11 19 36 24
6 1 32 5 2 3 31 2 18 2 10 70 4 51 8
15 15 25 23 0 23 19 1 29 16 49 41 29 39 6
41 28 21 22 14 2 20 12 9 44 55 5 26 5 8
25 28 19 8 25 22 11 1 19 30 12 26 1 42 55
22 24 18 16 3 24 36 21 31 49 21 8 30 1 36
8 12 9 21 13 18 9 65 44 22 14 1 27 33 8
2 8 53 11 16 41 6 30 52 6 32 11 13 8 0
3 14 11 5 43 22 11 12 48 22 2 54 19 30 10
24 9 32 21 13 17 29 22 57 10 10 42 9 28 7
44 25 23 40 21 39 6 12 24 3 36 15 26 11 17
17 15 1 14 49 23 0 19 29 22 35 37 28 32 16
26 17 22 45 4 31 29 5 55 15 16 6 14 17 28
9 26 25 49 3 12 22 13 6 2 9 56 36 29 9
35 33 18 28 28 16 44 12 5 14 40 32 24 11 1
1 6 2 11 39 5 35 39 11 4 21 50 38 17 26
1 19 49 24 23 1 40 14 13 21 36 8 23 3 42
23 29 13 48 15 17 1 42 17 32 5 38 14 26 16
27 3 8 37 1 13 8 32 2 32 14 35 27 47 35
49 9 28 10 15 8 44 3 6 26 7 18 0 30 48
48 55 37 18 27 6 18 17 2 21 12 4 25 1 20
32 41 2 20 30 22 27 12 20 17 25 36 15 17 39
13 9 56 48 30 18 2 10 10 2 6 11 19 48 11
7 3 18 27 3 47 31 36 6 40 20 36 15 5 30
18 32 1 0 36 10 1 21 27 5 46 10 6 51 35
28 0 9 7 33 51 37 9 22 10 30 38 31 1 2
5 40 7 23 0 37 29 9 17 30 28 7 54 15 18
6 9 6 16 27 14 38 51 16 10 6 20 12 8 60
15 52 10 2 19 36 24 15 3 36 41 10 37 5 10
14 31 19 15 37 33 19 3 25 26 46 32 14 9 26
1 20 10 6 1 73 23 14 1 21 12 14 17 27 40
27 26 26 33 25 6 17 45 21 39 2 15 34 16 14
9 30 3 36 17 12 2 29 43 49 36 0 24 10 16
53 12 27 31 13 5 22 18 22 33 21 8 8 41 24
42 8 11 25 34 64 11 7 9 35 9 6 9 7 22
35 1 25 47 20 5 25 33 21 6 0 15 49 21 14
33 1 21 2 32 48 42 14 32 25 16 10 14 30 1
5 19 13 14 27 2 65 7 24 10 38 16 26 8 35
15 32 16 2 19 21 37 37 51 35 10 8 19 21 15
5 50 2 18 11 0 12 18 1 17 0 4 5 79 4
16 11 33 11 8 25 12 44 11 36 23 4 13 43 40
10 12 14 25 4 13 59 23 17 3 42 7 19 43 19
17 8 60 28 51 2 18 8 21 4 3 9 40 11 0
18 26 24 32 24 64 22 2 3 12 20 39 2 10 6
56 25 28 5 15 13 29 3 2 6 23 28 14 49 15
28 12 17 12 31 54 8 9 28 50 34 1 12 4 4
4 20 19 48 50 2 31 15 24 40 10 16 2 25 3
67 15 12 17 8 11 23 19 22 23 36 10 21 16 26
1 9 16 29 5 26 45 43 1 36 18 33 31 26 2
14 12 45 4 17 17 3 6 20 26 4 46 24 31 48
1 21 3 58 19 48 16 2 11 12 4 16 10 51 6
42 68 7 14 20 14 8 12 16 16 2 21 28 28 2
011110000111011 110010100001101 101011010010001 100011010010010 110101110001011
010101001101000 001110011010101 111001101000000 000011100110110 010001111100110
011110011000111 111110000001011 000001100110111 000110100010001 011000011111011
010010111101110 010111110011011 011001000110010 111000100110000 010010100101111
111101100101100 101010010000000 011011001111011 110110111110101 111100001000110
110001010110100 111110000010110 010111011111110 100001010111101 111011001011010
111011101111010 111001010111010 110000001100000 011111101010000 100011101100011 011100000000101
011011001100001 101001101001100 011010010000011 010011111000000 000001001101000 101001101111010
010001001011001 001100100011000 010001111001101 011011010101011 100110000010100 011110111110000
111011001011101 110100100111111 000101111001100 011010111110100 011110011010101 000000111110101
010111010101100 111001111010000 011010001101011 101101000000001 001000100001111 101000000111110
011110011001100 010010000100101 001000101010100 111100011101011 100010110101111
010000101101110 000111101000001 101100010111011 100100011100011 110111010111100
100001000000000 000101010001101 000100010000001 110001001010110 111100010111010
010010010000001 101110100111101 111110011110101 001110111110101 110011110010000
101100011011000 110100101100101 000101111011100 001100100110100 001011111000000
101110001000101 111110100101110 110100110111011 110100111011000 011101100001111
011110010001101 101000101111000 111110110010111 111001101000101 110100000011100 001010111110110
011101010000010 010101111011011 011000000111101 101010101001000 101100101100000 110110110010000
001000001000110 001100011111001 011100110110011 000001100110011 000011001000101 101000110111001
011001101100011 011011000011011 111001101111101 001111010011110 110111000001111 010000111111000
110100101100010 111010000011011 100010101001111 111001001000111 011100100001001 001011010000110
011011001010110 111011010110111 110000011011100 000010111011001 011110001001011
011011100000010 011100100000001 100111001011001 110101101010111 111110100111001
010100111110100 100010000000111 010000000011000 010111000010100 010011010110100
000100011001011 110100110100100 001101010101000 100101010000010 111110110101011
110100101010001 000001000000011 110111000000101 100011101100101 010111010010111
000010110011010 001001110001000 101010101000101 000111000001000 011101101101000
110011111100000 110010111100110 000000010100101 010010010110010 100100100110001 110110000001110
000010111100111 100101011100111 101110001011101 000010010111001 011101100101001 010010000111000
101101001010111 111000101101111 000101001010111 100011010110001 000011100110100 010010000101011
101010110111110 000101101110100 110001110000101 100000101011000 011100001010110 010101100000001
101101001001010 010000100110101 110011100010101 111111010100011 000011000101111 011110100010010
101000110110010 010000011001100 101110011111011 000111010111011 100010100100101
001001011011101 010000100010100 111001100010011 110101000010100 111000011101101
011101100101001 000100000011001 111110101110001 011000111011111 110100110001100
010110010010111 101100100111001 010110000111011 010101000001011 000010010011001
000101010001110 001001011011101 010101100001011 110111110011100 111101000010010
000111101110111 110110111110000 011000001010100 001110100101010 000000010111111
000101010000111 010110001011010 111111011001110 001011000110000 110101001100110 101110001010001
101101101100101 111111110101000 011000101111000 000111010111001 100010110101111 110110111110000
101110011010010 100010110011100 010011000011001 000010001011110 100010110010100 110111001000010
101100010110010 111101011001000 000011110110111 101011000001001 000111110111001 010111111100100
010011000000011 101100010100010 110101011100001 000000111100100 110001010011111 100001101011001
100100001011110 111011010010100 100001100101100 000111100001100 000010101111101
101110111010110 110100110110111 101010010011111 010100110101010 110110010110111
111001001101011 111010000110000 101000100000111 100000101100111 000000110101101
110011110011100 101111100100001 101110101010010 110001100111101 010111111101101
100010111111110 000010000101001 010011111111001 111111101011001 010110101111011
100000101010010 100001111001001 110010101000111 000001001010101 100000001110011
101111111001100 110110011100100 010101111010010 001111001110111 000110100110001 000000000001001
111101001001011 001110111011110 101101000111011 010000010000001 011010101100100 110101010110110
111101000111110 011011110101000 000011111111010 100000101001001 100000100011110 000011110011100
100100111111100 011101111011110 111111000100000 001100110111101 011110011100001 100001101111001
010111000011101 111101000100000 111011010110110 111011111100101 110100000010101 111011000100001
100000100110001 111010110001110 001110101011011 111101111110011 001000010110001
000111110011100 001011001110101 010110101010010 100000100010010 001010110010111
111111101010101 010110011111100 000010100100011 110110000100010 111101011101000
001110000010100 001001111001000 101001100001001 101111100111110 001010000010101
110110011000100 100011101110111 111101100011100 011101100010100 110111000011111
101100101101110 110111110100111 100010101110101 010001100111000 010111100101110
010010001011011 000010000111110 110001011100110 001000110011111 101000011100100 111111001111100
110001110111011 101110000110110 010000011100001 100010100101000 110100111000011 111000011010100
001101110111011 011111101001011 100101101001011 010010100010100 011001100100010 111011110011111
110011000101100 011011001000110 001101001001100 110110011000011 011010100000101 010100000111111
101101101100110 010011100111011 111000001000101 001111000100110 001111010001111 001110011100011
000011000100110 001001010001101 011011001110001 111010010001000 110011101111010
000101011010111 101000110001111 111000110101010 111111010111110 000000010101100
001001000110110 110101110011111 011111100110011 110100101101111 100101001011001
111110001010101 111101000001110 011001011100000 110101000001011 001100011010101
000010111111010 100011110100101 111110001001110 110110111010111 101111100101001
000000001001100 110110001100010 010110001000000 111101010010111 111010000000111
100111100011000 101101110001110 010101010100001 101010110101111 001100010100010 011001010110110
100111011100000 101001000011010 100000001010111 001101100011111 111111000101000 101001011110111
000011001001000 011101111001101 000100001000001 001001111100010 011011101101111 100010000111110
011001000000011 110100111000001 101111011110001 111101000001011 110100010010011 101001101100011
000000110010100 011001100110001 000000010101110 010011011010001 001110011000110 011101001101011
111011101110011 101010111010111 110110100010001 100110111101000 101011011011101
100110110011110 101111011001010 100110000110110 110001000011101 100000001010101
010101110011100 110011111100101 111100110100110 000001001111001 010100010010011
011110000111110 111011100011001 101000101011001 111010000110011 111110010101100
010110000011111 001011000110101 101011100000100 101011110101111 110110101001001
101101011001110 011101100010010 100001110001010 000000000001001 010011100011110
010000111001011 111111001001111 100111101001000 001011001110000 110110101110101 100100101111001
000101100101011 010001101101000 001001011111011 000100001101110 000000111110000 010110000011111
011110110110100 100101000010100 010100110010111 001100001111001 101100111111011 111100000100101
111111001100001 100000101110011 001110100100001 111100110110111 010000001001000 100000100111001
000100011101101 111111011011001 011010100100010 111010000100110 000001110010100 110011110000100
110111010000111 001100000110011 111001110011010 101111100100110 000100000000010
100000011111100 010101101111100 101111110000011 011011010100100 010110110100100
110101010101000 000011110100011 111000110010010 000101011111110 010110111110110
010000101111011 000100101010001 110000101011011 010100100011110 100000101111101
010001100000000 011010001110111 010000000001111 010110110010010 000101001001111
111011010100110 000111111011000 000111010011011 101011101011001 100101111011110
100100010011100 011110010111000 011001011101011 011111101001000 101001010001011 110101000101011
001101010000011 100101100000111 110001000101100 111111110000000 010010000011110 000001011101000
101101100000010 110101111110001 001110101011010 000101000110100 011101001011001 000010001000101
000011011000011 001000101010101 010100000010011 111001001010001 100001000111100 001010101000111
001110101111000 111100100100010 001111111101111 000101101011110 101101000101011 110001010011110
001111000010101 010011001110010 011010001010100 110101101100111 111011011111101
001001100110000 111001101001111 010100111011010 001001010001010 111000000100001
011111101111001 110001011001101 001001101010011 111101001001111 111011111000110
001011100000010 001011101111110 111101110001010 001010001011111 000001110011010
100100001000101 011111011111101 010110000100100 111011110110001 000100010011001
010110000010111 101011010011100 100000000111100 000110001100010 001010110000010
011000111100011 100101001101011 001001011111011 100100110111111 110010010111110 011011111001111
001110010000111 011111011100000 111100000001100 011011111100000 011101011101001 110101011011011
011000010001011 100111011111110 101101000001011 010001100000101 001001001001010 001110101001011
010001100100010 000010111110110 011100010000001 010100000011010 011111011011001 100001001011111
111100100110110 010110111000110 111000111101010 110000011110100 101110000110110 111011110000001
