6 15 10
14 32 27 11 18 26 27 16 16 3 42 54 28 0 13
4 15 9 12 16 27 50 29 41 52 1 21 6 18 7
18 7 28 16 6 4 32 25 32 18 40 12 9 43 43
51 15 10 11 12 31 15 21 44 16 4 2 18 0 51
23 36 26 6 27 5 31 15 17 15 26 59 24 2 18
3 6 9 27 11 23 37 23 17 48 45 13 9 39 16
28 17 8 5 30 6 37 49 25 38 13 25 11 25 23
20 0 11 35 15 30 15 24 12 12 50 6 16 56 12
29 11 1 31 15 7 30 64 28 12 3 0 42 0 5
29 9 21 34 11 4 4 39 1 71 3 15 16 6 14
12 8 33 21 27 41 22 25 28 22 8 42 29 7 28
1 16 17 29 21 20 11 1 19 7 24 3 38 69 22
11 22 22 41 24 33 15 7 18 25 22 36 4 19 47
2 7 13 11 45 17 10 43 24 34 20 21 30 44 1
54 26 30 24 2 17 3 18 38 34 7 4 4 25 30
21 45 13 9 6 17 32 27 10 20 2 10 28 53 32
29 5 26 19 53 28 4 6 22 31 3 42 14 31 10
10 15 41 16 1 10 19 22 2 16 49 37 22 42 25
22 11 29 16 60 42 19 23 28 1 19 20 11 12 13
2 36 8 46 9 20 11 28 17 36 30 40 3 22 26
20 23 43 20 47 13 42 46 3 3 4 18 7 4 7
6 40 8 46 22 9 52 12 6 13 10 1 7 48 2
28 5 18 55 48 24 1 8 6 42 13 6 9 1 28
23 28 17 18 13 28 43 3 5 10 4 50 6 42 30
35 16 9 45 22 19 28 10 48 4 19 23 34 12 12
45 6 38 6 33 28 29 7 5 18 6 30 8 20 44
10 18 51 23 9 39 11 33 36 21 23 19 28 12 8
9 12 48 40 45 16 7 13 33 2 34 20 16 20 12
20 32 24 10 15 37 36 0 27 45 22 27 31 12 9
3 17 18 24 29 58 3 4 24 17 17 36 46 6 2
9 15 19 8 9 14 32 24 37 1 13 14 36 65 13
47 27 44 25 38 4 38 0 18 12 0 24 9 17 10
25 18 8 1 44 7 20 37 54 5 24 17 21 13 28
35 35 3 7 4 4 19 1 54 32 32 2 18 34 26
20 9 14 21 15 17 6 40 18 26 6 17 22 65 25
44 7 23 14 11 51 11 37 27 29 18 25 7 19 10
0 16 48 36 13 10 3 15 41 9 24 27 9 34 36
1 28 25 21 14 8 30 40 12 8 0 9 11 68 18
31 14 12 38 39 3 48 17 34 0 12 3 11 3 42
12 11 3 22 42 17 49 25 8 37 12 14 3 29 40
26 16 30 24 11 12 4 10 37 26 23 7 64 19 11
5 35 0 38 31 47 34 12 12 8 26 16 26 18 26
15 2 10 26 26 9 47 39 12 56 26 11 9 18 0
10 12 21 10 27 57 36 17 6 17 38 19 34 6 19
33 10 42 1 3 8 4 20 32 16 47 14 7 36 39
34 16 11 8 2 9 38 47 15 57 3 13 16 10 24
16 36 7 12 2 37 16 7 2 47 8 44 37 30 4
6 11 22 10 27 32 9 14 34 14 5 13 26 59 39
19 18 3 12 37 22 5 37 10 62 29 19 10 25 5
2 23 20 25 18 25 38 29 53 30 30 9 2 6 22
13 5 12 64 45 1 5 38 10 17 21 21 19 13 15
10 55 1 4 9 35 4 7 23 40 10 6 16 49 24
2 3 44 21 12 24 37 5 32 1 35 12 41 13 36
35 39 18 9 36 31 18 11 16 24 15 38 20 10 34
50 12 3 34 1 9 34 31 23 29 9 2 9 50 4
18 36 4 21 19 3 14 46 33 16 50 17 16 31 0
29 12 4 8 19 19 1 64 5 17 53 6 25 8 16
17 51 18 1 43 9 24 52 7 12 2 6 3 13 34
44 12 5 41 4 22 32 22 8 4 19 56 2 17 19
5 29 13 4 17 8 48 38 3 40 40 15 23 23 19
010100000111000 001001011011110 110001000010110 010010111011110 010100100001001
001110011011100 101011000011000 010101101101010 111101000010111 101101011111101
111000000111111 011101000001101 100010110011001 000100001001101 010000111010011
100000111001011 000111100011110 010110001011101 100101111111101 001010110110011
000100000001101 000110110110011 000111100011010 010001010000111 000111111001011
101001000110011 100100011010010 101110011101001 110101111100101 010110010011001
110011010010001 111110111000110 110000100001001 111000000111111 110010101001100 111000001101011
011100001100010 100101110011101 001110111100101 011001000100010 101111010101001 110011011000111
111111100000011 011101000100111 000000101001101 011010010000101 000100000100111 111111110000001
100111111101010 100111000101101 000010001001100 000010001111001 001111111011010 101110111111000
011011100101100 001110101100111 010110000110000 011111100111001 101110101010101 110000101001111
110011100110010 111011010010110 010000000001100 010100001111000 011110101000110
111101101100111 111010010101110 001110000111011 001100111000100 001101001000010
101001001101011 011111100101101 100010111000110 100111111011001 111010101011010
100110101001010 110011011010011 100100111000101 011101111110001 101010000111000
010011111100010 000110111111001 111001010010101 110001011100010 010101111110111
011001101110111 111101111011010 110110110110011 110010001011110 011010111011000
010110101000110 110111111010011 111101010110001 110111101000111 110011100111011 001011000010111
000001101101010 111010110101111 111001000001110 111011011100100 011010011000101 100001000111111
000110111110100 010000110000001 110110011010111 010100101110110 011011010000001 011100000011110
000001101100111 011110010110110 010001111010101 010001101110010 010001000011101 111011101110001
101111100100110 110100100000100 010101110111111 001001011010010 011011101111010 000001010101011
011111110001111 110110011100001 101100101011111 001010001111010 010111110101000
111101111101000 001010111100111 100011010101000 000101101000000 000101001100000
100100110101101 110010110101100 111011010110100 000111011111011 101001001100010
001001011110000 000100000100011 100001111011111 000111001011100 000010010000001
011010000110110 001100110100101 111001001111110 011101000001010 101100000011001
111110110010101 101011101101111 011011110110001 000010001110010 011010010011110
100000101111011 001111001011100 110101110111010 110001000101101 110000001110110 011100101110100
000010101111100 100011111000100 101001100011000 100001111110111 101111100111000 111101111010001
010110001111011 001100110101011 001010101101000 101010010101111 000010101101100 001011000100111
100011011010010 101110000100000 101110110011100 001010000110110 100101000001111 010110111011111
010110101000100 110111000101110 110100000010001 001110110100101 110001110101100 010110111010010
100100010010011 110001101111111 111111001000011 001110111001101 000100000111100
010010101000110 110100001100010 000100111011101 110011101100110 101110110100110
111111010010100 101100100000011 000101000101000 011111010010100 101000110011011
101111111010010 010000011011111 000001101100110 100101000001001 011011001110001
100100011000110 001110100000000 101111011100001 100101010000100 001100110101100
000011100110110 000000010010001 010000111111101 000101111000101 111010011100110
100000111100101 111001100000110 010100100111000 110000011100001 111100010100001 001001011001001
100110001100000 001011011010101 001111010000100 011010000110100 001100011101111 101011100001011
000010011001001 110001001110111 011100011110100 000001100100100 011100101101001 011100011101001
111101111110000 010001100101100 111100010001100 110100111001111 011011100101011 101001001011111
001010010010011 000100010100101 011101110110100 101110010100100 111010000111000 101000000011001
011100110110110 100110110100001 111010110111110 111101111110001 100001011010111
110111000100001 001010100000101 101001001011001 100101001110000 110101001000010
010101010101000 011111000101011 100010110111000 011011001011001 001101010100010
001001101010100 000010110011101 001011110000111 011010110101000 001001011001111
101001011011010 010001100010110 111010001111001 000010010110111 011111000011010
010100111101010 001001001110010 001110001111010 100110101111011 101100010111110
001101111000111 101010100001011 001010011001101 101101101111111 001101011110101 010010100011100
011000101100111 010111101001011 011110011110100 101101001001011 100001001001111 001100110010111
110111111010011 101000100111111 011001011100001 001000101000010 111111101001011 000111100000100
110100001011110 100001010111110 010111010100111 100100110010000 000010111111100 111100011101000
011101000000101 010101000001011 001010111100110 101101101110001 001001100010111 011010110100000
000000011110111 110101000101110 101001011001101 011101001100110 011000101010011
101101011110011 001011000000110 011111100001000 000110000000010 011001001111000
000000010101001 010110100101100 010101111100110 110110101011100 010001111010001
000100001111010 110101110101000 000001100010010 000001101010010 101101111010101
100101100111101 000010000100100 010110011001011 110000101111001 110001011001101
010101110010110 011111101001110 000100000010111 110111101110101 101101100000001
101101010011111 010101110111111 011000110000101 011100101011000 011110001111001 001000000101110
000011101110010 000001100011110 100111110000001 101011011001111 001101000010110 001100001010111
100001011110100 010011001010101 111111100111111 001011111101100 111011001111110 000101100110100
000101010100100 110111111101110 001001011010101 001011001110101 111110000110011 011111010011110
000010101000100 101111000110011 101010011000011 000010010010100 111000110001101 110011011100110
000111100111011 110110111101110 000011010001001 000110100010100 100011011101010
110101110011111 111111111111001 001000111110011 011111101010100 011011010101101
110000011001101 101100100110111 011010011010001 011111001100100 001001110101111
111000110001000 001000111110010 001100101000011 111011100001010 000011010110100
011111111100011 100001110101010 100111000100011 011000110101100 001000010110101
000001011111010 100110010110101 011000000100100 101011110000100 100101010101000
101101110100101 000001001001101 101101000101101 110101101011000 000001000000101 000111000001101
010001110001100 100001110010010 000111010010001 011110110001100 011000010100000 010110101111111
110000001110110 000000100010111 100100010011111 011100110110010 010001000101001 011000000110011
011100010101101 110001110001001 011111101000101 100100011101100 100110110010011 101001101011101
001010101100001 010011101110100 000101011011011 011000010100111 000110101110011 101110011010111
110000101101111 101011110110100 011001000010011 010110101011011 101001010111101
111111000011100 111001100001111 010000000101100 011000100001010 011110010100110
000011000011000 110000100011010 111011000100010 101110111110111 110111100110101
111000011001001 111010101110011 011011100000000 011111001011010 100000111011000
001101101100111 101101010101100 011011110110011 111100110110001 111010011000101
111110101000111 011011100110010 100010101011011 101000101110001 100111111001110
100001010010011 110001010110010 100110011101010 001101011101110 000001111110110 110011001110010
011011111011111 101100010101010 110101000111000 110000110011110 001001100111101 001010011010011
111111001011000 001101001000010 011100000000000 010110000111100 110100101001001 110100001101101
110100101111110 111100111001100 101101111010001 011110100010010 110110101000001 011011001011001
011111000010111 111111100010000 011100111001100 001000110100111 110010111001100 101011000111100
011101010110001 001001010001100 110001010111110 000000011100001 110011001100001
111100011100110 110011010100001 110111010100101 100001100100001 000010110100001
111001000011010 010100010111010 011100110011001 110010111001110 010101110100110
010011111011000 011011000111001 111111101101110 011000110110110 011100010000010
010101100101000 110101110001101 100010101011100 110000110001001 111101101110111
101110101000000 110011111001110 101101011011101 110110010110011 111100010011000
011111001111111 110110101010110 010111101100110 100100111100001 011001100111010 101111000001110
110000111010100 111100110010010 001101110110000 011001101000000 010011100110111 010111001111111
010111101111110 110010100111010 000010111110000 110000010011110 010001110100010 010010001101011
111101101001000 000000101010011 100010011111101 011100101000010 111110000100111 100101101110101
111011010011001 101101000001100 001101010010111 100011000000001 000011110001000 110110001011000
010100110100000 111001101011001 111010011011010 100101101011010 100001001010101
101010000010110 111100010001111 010010100101001 101110011000100 011011100011011
001100000100100 011100110000000 000110000001101 100101001001110 100101101101011
010111110001000 000111010001000 101010001111111 111010101011100 000110010111001
100100111110111 110000101101001 101111110101011 010101001110010 100001000000111
001001110110110 011000110000111 110000011100000 000100111100101 100100001010100
101011100010000 000111111001110 111010110011111 010011111101010 111010011010111 011101010001001
111101101010011 110110101000111 010000110100110 110100001000101 100011001010100 111000100000101
011111010110011 011110101010100 111011000100001 001111100110000 001100110010000 100010110111111
100101101011001 010110100100001 010111001001000 101101000110001 100000010001110 011010000010011
000101001101010 001011110011111 101100001001110 101001010100001 110001001100100 101010000111000
