6 15 10
3 13 22 38 29 7 15 4 45 35 15 16 25 31 39
13 36 27 27 38 7 0 59 20 16 4 32 16 4 12
12 8 4 43 18 15 14 8 14 45 43 6 35 9 42
22 21 20 35 24 4 25 58 22 32 1 5 24 17 19
2 14 27 40 8 27 42 2 0 37 19 23 15 45 20
26 29 42 18 33 8 20 30 22 23 40 9 18 26 11
4 30 12 6 3 22 43 26 10 12 6 2 14 16 71
12 11 53 45 32 3 10 19 29 4 21 1 27 36 7
22 24 44 5 46 37 18 21 33 2 6 29 4 25 10
18 19 24 0 7 13 38 7 24 36 39 14 19 17 53
73 21 6 23 13 11 1 29 11 1 21 8 2 43 2
34 36 9 21 29 15 30 9 46 13 25 16 36 16 18
44 25 25 23 1 1 21 55 10 5 35 31 7 19 7
6 30 40 6 15 62 8 15 35 21 10 4 21 6 29
39 14 34 6 8 30 7 31 3 8 5 3 22 28 61
3 2 31 12 50 10 30 33 48 18 7 2 39 12 1
28 27 47 5 22 22 3 19 19 50 21 2 22 34 2
38 18 10 18 3 42 30 25 16 4 22 25 13 50 22
18 29 13 5 15 9 29 3 2 60 3 12 18 58 0
14 13 0 39 11 26 55 18 19 34 21 21 21 1 34
31 28 50 29 41 9 6 21 10 17 37 14 8 24 6
34 15 4 5 18 72 6 7 27 1 6 30 20 12 28
2 29 34 15 18 20 12 6 46 35 37 36 12 25 7
3 9 10 50 38 39 6 19 8 8 15 1 46 24 31
20 37 4 24 7 13 5 34 34 27 11 53 10 36 7
33 7 30 37 35 6 3 23 16 43 19 13 30 22 29
10 8 22 35 49 56 7 20 9 12 11 4 14 4 39
36 1 2 25 7 35 30 33 36 24 31 21 19 31 14
25 23 13 37 13 20 38 1 9 47 34 7 7 19 36
10 7 29 44 14 6 2 62 5 22 1 27 16 38 4
4 22 0 16 7 35 51 14 27 9 47 17 8 3 43
20 36 33 39 32 13 16 10 43 28 18 27 3 19 13
21 22 5 9 1 72 29 40 6 1 25 20 13 5 2
3 34 34 10 22 35 2 3 36 4 57 30 2 4 19
42 25 14 21 17 25 19 47 4 31 26 8 10 1 41
29 30 1 11 29 9 23 7 13 15 50 18 38 32 31
19 10 10 16 56 2 22 25 7 14 28 38 15 41 24
28 15 8 3 20 11 15 32 42 18 22 8 7 46 50
16 12 16 3 24 55 7 41 2 2 21 23 19 14 49
21 17 4 13 26 16 25 19 70 13 24 15 18 12 27
16 13 12 3 30 40 23 15 41 19 3 57 1 2 29
3 70 7 37 32 16 15 9 3 15 4 27 7 22 23
26 23 10 37 20 29 17 6 2 10 2 37 4 39 53
15 22 30 9 16 9 21 6 5 26 16 70 12 23 30
24 27 4 23 34 42 26 27 10 3 39 16 32 28 12
1 7 10 19 4 25 34 14 10 33 47 15 62 9 6
15 25 5 9 26 8 18 0 24 0 24 22 54 4 59
20 23 0 45 27 8 36 5 37 35 32 16 19 20 15
2 6 16 42 30 47 47 8 39 12 17 14 9 10 11
28 11 9 6 15 69 13 2 37 2 28 14 35 14 4
8 20 16 30 14 23 6 15 22 29 47 59 11 3 16
11 11 53 13 20 11 15 32 17 12 14 37 7 53 14
25 0 20 35 14 5 7 36 17 12 28 48 38 26 22
16 27 17 12 34 5 43 1 22 41 19 18 39 9 32
27 10 61 32 1 21 18 19 9 29 19 11 38 19 9
41 34 0 16 4 2 30 9 60 10 29 31 0 1 23
5 13 32 11 11 3 11 15 36 4 7 5 42 2 71
14 12 34 23 40 29 41 7 22 37 36 10 2 11 22
26 15 3 10 20 33 7 9 14 14 2 38 42 54 30
7 7 4 13 61 16 28 24 27 48 30 14 8 8 12
001011101100000 110000100011111 110101000110001 100111010110111 110001111101000
001110101100111 010011000110110 000011110110010 111100110100100 110011100101101
111100111110111 000000001000010 011101001101011 111011110001110 101001100010101
010101011100010 010001011000100 110111000100011 101011001100010 111101011011010
100000101111000 000111010001011 111111101110000 011100111011010 111000000111100
110111101011011 101001100000001 111111010100110 111111110000000 010001110000001
011000101110110 110110001000100 000000001000001 101011101100010 111111011100101 100001000111101
010000000001110 111011001111111 011100010010110 110110010111101 110010100011111 101111010101100
100100011011101 110100110010001 111110011000111 111101110001110 000111010101111 000111000000111
001000000000011 011111110010100 100000010010101 011010110011101 010110011001101 010110001001001
110001011101000 101100110100111 101101010001001 000000000111001 011100011101110 001101001110000
110000111101001 111110000011110 100111011101100 110101100001100 111101000111110
111100000100001 101000110011011 110101000101001 011111001100100 100011001001000
000100100110101 010111010010111 011101101101101 001011010110010 110100000101000
010000100110110 011101101110011 011100010010111 001001001001101 010011001010010
110110011101000 010001101000011 111100001100100 010000011101111 110100011101010
001000101111001 100001101110001 100100111111101 110101110000101 010010111101100
111110000100110 011110101110000 100111100000111 100100110101110 010010111110010 101101110100011
111100001010000 101100011101001 110101110101110 010000011110010 000100110110110 011111011000000
001010011010101 001010101110001 101000000011001 101111000001101 110010011111101 100000100001001
001111000111100 010011111101111 101000111100011 101110010101011 100110111011011 110011110000111
001011001010001 011100110001111 100010011001000 100010110001100 110110001100011 100110111111100
011100011011000 101001111110010 101101001000101 100011010110001 110110101011000
110101011111110 010101100011111 001101101000101 001101010010011 010000010110000
000000000100001 110001110101000 010110100110100 000011111101111 110010011010001
010011100000100 111010011100111 010001010110111 110000001111111 010000111111100
000011110011000 100010101100000 110100110000001 011111000001100 111011010000100
000000001001111 010010100011111 001011000100010 111100111110111 111001011001000
110110011101101 111011101110011 011110111000011 001010011000011 000000000000110 110011011011010
010000011010000 111101111000001 011011010101110 101000001010101 110101110010101 001100000000000
111000000011100 100110011010001 000111110110000 001001001000111 001001001011110 001110101100101
100000110001001 101101010001011 011011110011010 011000000000000 101001101010000 000100110000101
111100110000011 111010000101011 010110011111101 000011111010101 111100111101111 010011100110011
000001010100011 000111011011101 101101001010001 001100011011001 110010010100000
001011001000110 010011000110110 010011101010010 011001111011111 100100100100101
110111001011110 110010111010100 101010011001110 101110000010110 111011111010010
000101011101001 011001101000010 001100001000110 111100111010010 011011100101111
110001101000010 010100001000010 100000111010001 011001110000000 010010011001111
000101101111101 111011001110101 001100100110100 111101010000110 110001110001001
111010011101001 001110100000001 110101101111110 111100011110110 100101011011110 100111100001111
101111101010001 001011011110101 001110001110011 010011001001100 110110111110000 100111110100111
100110011111100 011001111000100 100111011000100 000111100010101 001000111101111 010111100111111
001011011111000 000100111101111 001110001100001 000010111010010 110010001101000 000110011100110
100100110110110 011110011001111 101101000010011 011010111101010 010011111101111 101110001111010
010000101110011 101100100111110 001111101110101 001000001111001 101010000101100
011110000110001 001101010110011 100101100110000 001111100001111 111011000010001
110101000100010 010100001000000 001011000111001 011011011101011 110101111111011
101000000011011 001101111101010 001001000100001 000101100011101 001010110111111
011001101000111 100100101100000 111000011110000 101111010000001 001000111000111
110010010000000 110010110111101 001000001110001 101101111101011 101110001110111
001011010101001 001111111001010 001110101100101 000110011111101 000111101011100 100100110001111
101110100010111 010001001101000 001111101101110 000011010101101 111111011001010 010101101100000
011010111011000 001111110011011 110001001010001 000001110110110 000100000010100 011011001011010
110011111000010 100011110100011 110101110010110 000011100101101 010100001101111 110010111110101
100011010001101 101100010000010 101011000001000 011001111001011 010011111001001 101000001111011
010110100101100 001101001110111 010010110011001 010000110101111 010101010001111
010110000011011 101000110000100 101011100110111 001101010110101 011111011010101
110011101010000 001010111011110 110110011000001 001110010101111 001100101110110
001000000100101 010001001101100 011100011011100 000001101110011 001101010111000
110011000000110 100001010011010 001011101101111 101111111011110 001101100101111
011100101111001 010001110000111 110101110000101 100001100001110 101110111010010
101011100100100 010011111110000 010000110000010 111000100000001 111110100001011 110100001110111
101010010100011 000111101111100 011001010010001 000100010011111 100101001101010 011000111110001
011011001101111 011110111011101 010001100110010 100001111000100 100001011011011 110100101100100
101101001000100 010001110101001 010001111110011 010001001110010 110101101101010 001001111111111
000000011010111 111110011000110 000011111101010 010101100000011 100000100101100 110000001010100
100001001101110 110110001001001 110011010011110 110000101111001 111100011001000
011010110010101 010100000011111 011000110001000 110000101001111 110010001100100
000001100001101 110111000101100 001001100101011 100011011100001 110011111010100
100011010001111 000011110011001 101011000001100 100010000111010 011110010000111
010010110000010 010101100011011 000110110000111 000001110101001 101100101110111
101100111011001 000011001101011 101111011111100 010010100100110 010101010010000
011011100001000 000010110110010 011010011010110 001011111000000 111110001010111 011001001010101
110010111101001 111100100101010 101000100111011 011011110101001 100100001001111 100100000010010
001110011110101 011101000110101 110110010111011 011111001110110 100101110111011 001011110110010
101001000000101 100101111000101 001000110111010 100000110100101 000110000001110 001011010010011
010110000010001 110111101110111 111000100110110 000011110110110 111011000010111 101111010100011
001010101000110 100111111111101 111011011011001 001011011011101 101010111111110
110111010000001 101101001001011 101100010111111 010110111100001 000111000110110
011000110111010 000101101101110 000101000010011 101101000100110 001011110011001
111000010011001 111001111110111 101010000011101 011001010110110 011010111111101
001111011001111 000110100010001 101001010011100 101011111011111 010111110000101
011100110001100 110000111010110 101010101110100 000011110111111 101101000010001
100110101010111 110111000110010 011110010001011 110101111100011 101100111111101 001001100011110
001100001101100 011000110001111 110000101010001 011110010001101 110011111111010 111010010100001
110001100011000 011100011100111 011011010011110 101100010011111 011010000001111 100010101011101
111111100100001 000111000110100 011010011000000 010010001101010 010101110110111 111000100011111
011101001101010 001111111011101 110101000111100 100010110000111 110101101111010 110101011111111
011000110100000 110000110010101 000111110001000 000110000010000 111111111100010
111011000001010 100110100011111 001010001100010 010000000110011 111110111001111
010100010110101 000101110011011 011111010001111 110010000111111 101111001001000
100111101101001 000110010100001 011100001000011 111110101011110 110111010001101
100111010000101 110000000111011 010110101011110 001100010111101 100111110110111
100111100001000 000010001111100 000100110111100 111010001000101 000100001011100
111101000101010 101011010111000 011001111110010 101011110100000 101011100000011 000010011101110
001000011011101 110010111110110 111100001001101 110100110010111 101001000000001 000010110010011
110010010000011 000010100101110 111001011110001 000010100101001 111000000000000 001000001010110
100101100111011 011101110010000 100010011010111 000010100111010 111011000011000 011110110101011
001010000110010 101110011101011 100011010101011 011100110100100 111101001000010 100111110010100
001101011011011 011100110011111 101000101010000 010100001101100 101100001010000
000101001110101 010100101100111 101100111100111 111111010110111 111011011011010
000001111110011 011011001010111 110100010100100 111001111101000 001011011000011
111010101011011 001100111101010 100001110101110 111111111100010 001000010101100
001110110011011 010010111001001 011111101101000 011100010100000 101010001001111
101001001101011 110111000010111 001000111010001 101111110101000 101000110001110
111000010000101 010001110011111 110110011000101 001011010111001 011001111100011 000101100111101
001000101000000 100010100000111 100000111101001 000010110101000 111111010111011 100000111111111
011100111010001 101011101000110 000100000100101 111010111100001 011101010010011 001000001110111
110101100001001 111110101000010 101101101011111 111110111000000 111001001010100 110000010010111
101010001001011 111010101101111 001011011110100 010010111011111 001111110010110 101011110000100
