6 15 10
30 16 40 44 16 32 7 5 16 8 23 16 3 48 24
16 16 34 4 38 5 37 13 16 9 39 22 43 18 29
9 47 11 37 43 27 18 4 38 7 18 16 13 28 14
13 20 34 23 38 29 4 35 33 11 10 25 45 11 11
22 16 19 25 33 16 10 38 16 12 14 14 55 19 36
15 25 9 11 25 44 6 59 0 26 30 10 20 6 26
9 38 34 9 40 2 24 29 21 47 4 38 2 3 10
15 49 5 35 10 33 24 14 11 9 9 24 6 3 57
22 34 0 25 14 16 7 1 52 26 13 5 11 30 52
18 51 26 5 34 11 15 47 10 29 27 1 15 25 10
8 20 40 53 20 32 13 14 7 32 18 39 13 2 17
7 30 13 58 26 1 9 28 26 1 55 2 15 9 3
30 37 46 7 21 5 2 17 10 6 38 31 45 3 16
19 9 40 18 45 9 27 4 39 3 30 18 45 2 1
45 6 33 11 31 2 7 16 45 38 13 15 6 28 28
45 17 7 43 2 49 8 12 11 18 28 24 35 0 15
28 23 26 29 28 24 36 29 44 0 6 28 25 6 14
37 12 1 38 23 34 42 27 0 25 23 3 32 12 22
17 61 17 4 3 4 20 6 16 59 19 4 13 9 31
14 61 12 47 1 27 26 0 9 1 39 19 6 2 16
17 37 39 3 23 12 13 31 19 41 34 8 37 17 11
11 40 20 52 2 25 9 13 13 33 7 51 8 17 8
33 3 0 5 22 45 40 20 5 39 14 17 10 6 46
14 17 33 14 12 7 30 16 4 12 59 40 37 6 18
27 39 6 3 28 18 3 32 13 11 38 22 19 8 55
11 22 33 15 31 45 9 30 24 19 40 1 38 10 7
33 32 37 4 13 14 62 19 0 22 0 12 4 2 36
25 1 51 17 19 31 24 42 25 40 17 7 10 9 10
8 28 22 11 11 27 35 11 7 16 62 1 14 39 21
47 40 9 45 19 29 43 10 21 10 7 11 14 9 1
36 7 53 28 8 15 1 5 27 17 28 4 48 17 17
11 6 10 3 1 40 14 8 57 14 21 49 27 22 19
45 17 17 14 14 35 4 8 38 13 14 13 29 3 55
0 3 2 16 29 46 22 8 21 14 37 36 46 10 27
41 14 7 48 29 14 16 37 14 9 5 27 15 43 3
38 4 49 16 8 27 21 3 24 31 44 6 13 28 14
44 3 2 5 18 11 14 17 15 23 1 39 18 50 46
26 11 44 33 33 34 30 6 22 10 6 26 40 5 8
19 14 33 28 11 31 32 13 6 55 40 15 18 14 0
15 18 35 24 7 4 7 20 22 18 10 38 65 8 23
2 50 18 7 25 33 20 32 9 3 10 20 54 11 19
12 8 2 22 55 21 15 27 44 2 16 32 15 11 38
8 11 36 18 29 31 15 38 59 28 13 14 4 4 9
43 27 31 33 16 34 18 34 18 15 8 32 3 13 25
3 28 3 9 15 1 40 13 5 52 2 28 25 22 50
13 7 9 19 36 29 40 39 1 27 3 55 13 2 16
5 3 3 0 28 32 51 21 3 2 13 24 54 36 10
43 31 15 25 12 8 16 18 36 4 55 12 32 11 3
30 6 27 33 31 31 6 5 12 3 30 49 17 37 9
14 29 24 26 22 48 25 10 22 6 38 14 40 21 6
3 28 7 15 45 40 13 15 36 39 22 34 6 9 19
18 21 6 16 20 46 3 27 59 34 16 16 3 18 12
4 1 24 20 1 20 15 57 11 40 32 6 9 42 21
7 49 13 28 1 45 24 23 40 7 4 28 23 0 24
11 35 7 1 21 18 6 46 3 48 2 15 21 16 50
21 19 26 13 30 6 51 28 8 0 43 13 28 32 11
17 55 21 7 48 3 26 31 11 27 2 24 24 2 17
43 8 54 32 24 7 25 10 7 16 31 4 2 5 39
14 30 12 47 0 41 2 26 35 22 20 26 11 18 32
18 11 36 5 50 20 41 36 1 26 4 9 14 33 17
001001101101101 110101001000011 101010100010011 111101100011010 101010010101101
100110011101101 011110001001101 111101000111100 010000101010011 100011001011110
110100001111110 101110110110111 001000010111011 101011001011000 001101111010111
010111011010111 110010001101011 001011101110010 110000011000000 100011110001110
010110000111000 110001110100010 001000010110110 111000000101110 010011011111010
000001011110100 010100011000101 010101001000011 111101100110110 101101001111100
101011000110110 111100111011111 101111011010010 101110011001000 110001000101111 000001111101011
011111110101101 101000000111000 001001000111110 011100111011001 010000110001100 111100000100101
111111010000100 101101000110001 101101101011001 101110000101100 000111101110110 110011101101100
001010001000001 100111111111000 100111110010100 110101110011111 100110110010111 010100001111001
010111110011010 110101111110010 011000010111011 010100101111011 011100010100111 000011100010101
001010001101111 100000001100011 110101010000101 000101100010101 111000101000111
010011100001111 011110011011001 110011100001010 101001000101110 111110110100101
100010010111101 000111011110001 011011101100011 000111101010100 100010110010110
111101111001100 100100110011010 011011010001011 100101001011110 001000011010101
010100111110100 110100000110000 010110010001100 101000110100110 110011000111110
110010100100101 111101111100010 101100010001111 100111110110110 110000100000111
101010001110010 010011011011010 111111010101111 000001011100000 011000011001001 011011010001000
010110000110001 011100011101110 100011110101101 000001010110011 001011111011011 101100001000000
100111101000010 010100010010110 111000101001000 111001111110001 001011111101001 001001100010000
000111000000101 100101000101110 110011111101010 000110000101100 001001110000100 101000000111000
010101100011011 110000001001010 100011101011000 100111101100110 000011110111001 000000001101101
101001011100100 011111010010100 110111001000110 101011101000001 011000111001100
110110111111110 011110001000110 010110011100101 000101000011001 101100000100000
101000010001110 001010001000111 000011001011101 100011110000100 010011011101010
011110111011000 111000100001001 010111011011011 011111100110010 111000101001100
101011010101110 101001010000011 000001001011000 100111011001011 111101110001100
011001111100011 011000000001001 001011110010111 010001101110101 110100001111001
001011100110000 010111011110000 100011110010000 110011001000101 111001101011000 110101111011100
001111110000111 101110101011010 111101011100111 110011010011010 011000011001100 000101001100000
100100011111110 110011010010111 010001111100101 111001000000110 000010000010100 110001101100110
110111001100101 000111101111110 101011100101110 000111110010101 010100010001000 100100011110000
110000000001000 101010010011011 101100110101100 110010110010110 100001101011101 011100001010000
101101110101101 110000010000100 001011001000100 011100000110010 001001100010110
011000001001000 001011110111100 000000100110110 011000110010001 101110100111100
000011000001000 110001010010101 111110011010101 110101100110011 110100111100110
010100111010011 100111111100001 110110110101011 111001011101100 110100010100001
010110000011011 011000110111011 100010100111011 111110100010111 111001000101001
001000100011100 001000110000011 101000011001000 111011101110011 000001100111001
010000110010011 111011001100000 101011001001110 010010000101001 000001111100101 100100011001011
100010001101001 111001000101101 001011011000001 110111001111001 010010110011111 010000001111101
001000110100011 001011100110100 011010011000011 111000101101011 001100111100010 001010010100101
101000001110010 010010010000011 011001011001001 011011101000011 001011000100111 001111100010011
001010000101011 001000011111001 100001101100001 000100111001010 001101110110110 101110100100101
000010100000011 110001011000011 100100111010001 001111001011000 101100100100111
101001100000011 101001110100011 010101111101100 111100011100000 100010001001011
110101110001011 011000100000110 111000111000101 101011101101010 111101100101010
111110010100001 110110111011000 001101011011010 100011010001110 000001110101011
010010010010111 011010010100011 101101111001110 110011100001001 100011011101111
001100100111001 100000110110100 000111110100110 110001111110100 110110100101010
110011001000101 010011001111010 100001100000010 000001110101110 101100010110001 111110101000011
010011011010101 011101111011101 101010011000110 010001111001010 101110000011001 110011001001010
000100110100011 110011111111011 011101000100100 000111001010001 100011101010111 001110111001010
010101001010111 010100100010101 000111100010100 111011111010010 110100010000101 011100111001110
100010001000101 001111111110101 101110111000101 000010110011011 110000001111101 111100100000101
000010011000010 111101010001111 111101110111100 110010100011100 100111010110111
000010011010000 011001110110011 010010001001010 100101101110110 001000110000011
010101011011111 010100011011011 010111001110001 110110100110101 011100110011001
001100000101100 001000111100100 001000000111001 110101010110011 001100110100101
001111011100010 110101011000111 101111011010000 010111000001001 100000010010011
011111001001110 101000101011011 000111110001001 101001010101110 101100001100100
101101001001010 101111001110101 001001001110010 000011010110001 001011100111110 010000000100101
001100101111111 011011000000111 001011111111110 101100111111010 010111000001100 010111011110000
110000000010101 011000001001101 010100011010010 011000111101111 000011100110010 101001101110101
101001010100111 100101010101000 111001111100101 110010110110111 100110110110110 100011111100010
111110111110011 011001000011000 110111000000110 110011100101100 101111101101111 111110110000111
011011011100111 101100111110000 100010001001000 110101111001110 001011110000011
110110000011101 011111000001110 101101011011010 000111010101101 110000010101110
101100000011001 010011101101010 000111011011001 100111001111011 111100011100000
001010011001111 001111111110001 111111111100111 010101001001101 101100101111101
101011001000000 001000101100010 001011011100001 110010010100111 101010100011101
110111101110111 110110100000111 100011010001010 101000000101010 011000110110101
111001111110100 111100101110010 110011000011001 011101101111111 011000100001000 110010111010111
111011010011000 011101111111001 101100101010011 010100111100001 111101111010100 001001110001110
011000000001011 001100100110010 010101101011001 011000001001101 000101111110011 000100111010010
001010100000011 110111101111001 010000110111100 011001101001110 010001110010100 000011000111111
001001000111011 100111011010000 111000110100001 101100100100001 110110010000100 001010010101101
101001111001100 111010000010000 110110110010000 110111000001100 011100001101000
000011010001111 101101001001111 000011101011010 110100100110011 001111000111111
001110111011000 001000111001111 001001110000111 001101000100000 000110100001101
001001111100010 010001011111100 001101100111000 100111011010000 001000000111000
011001101110100 010101101111101 001101111111011 011001100101111 011111111000101
001111000100000 010110101111111 000101010110011 110000100011101 111101100111110
011000001100110 011001110110001 111111011101100 010110000100000 111100010101110 101110010110100
101111110001110 110100001010101 111010011110011 010011000011111 110001011010110 001110111111010
011011101100010 110111010100001 100000110001100 111101101110100 110110100100110 001010101010000
100011010001011 111001000010111 110010110100010 001010101111111 001110011011000 000100111101011
000000010101000 000111101011011 101101111111001 110110110110001 100110100110111 001110110110010
010111010011111 101010111110011 000100000010101 010001100000001 100110100101111
111000001101000 101110001001010 010111010010001 010011110111011 000011010010001
001001111110110 010110000101001 000110001100011 100100101101101 100001100100011
101100111001001 110000010010101 011000101010111 000101011100111 011101011101000
001001101101101 011001110100000 110001100101010 110010010011001 111100000000000
101001001101101 101101000100001 100011000010110 011010111101101 010111111111101
001010010110000 111000010000010 111011001000010 010010101100100 011010011000101 010000001011101
010100100000110 001011101111001 110001000110110 000110111010100 101110001010011 111110101011110
111101010111100 111010110010011 100010010011001 110010101101001 110000100110000 111101010101011
000101001101001 000111111101110 000011110101110 010101111111111 000001000001001 011011010010101
000101001101100 001010111100100 111011000100100 100101110100011 100001000010110 011100111110011
000101100100000 101010001000001 011100011111110 101100100010101 001101001010100
001111111100110 011001001101100 000000001011101 100101110011110 111101011001100
011110101110010 111000111000000 000011110101011 100111101001111 000010001110010
101001111011110 001000010100000 110000110100000 001010101110010 110100101100001
011010101001111 111001010110010 111101111011011 100101110100000 010101011110101
111001001011101 111101010110111 010001101001001 110100000110100 001111100011101
010111000111000 000001100000000 011110010001100 010101010011110 001001011101001 110101011011010
000101100111000 100010110101001 101100111110100 011101010110101 011100101010101 101100010001010
001000111110110 101011110111011 101001111011100 000001101111110 111101001010000 000010011110010
011101101110001 101101111001100 000110111001111 101111101110000 010001111100101 010111011011110
100000111011101 101001110001110 101011110000011 100000101001100 000101100110011 010100010010100
