6 15 10
24 18 41 53 4 14 5 55 17 7 18 6 16 17 9
44 52 4 13 26 44 2 9 21 8 0 25 22 20 20
11 3 19 14 15 3 48 13 43 17 38 52 5 15 5
56 18 31 11 10 6 0 30 21 18 21 4 5 56 4
14 21 22 57 23 9 7 2 25 18 49 2 5 8 39
14 16 23 19 20 1 17 46 15 68 2 10 12 9 26
24 4 26 29 26 1 13 1 22 20 46 2 51 35 12
20 26 22 34 30 9 20 32 43 23 28 5 13 1 38
1 14 50 18 23 6 29 47 34 19 14 17 5 18 31
15 51 31 45 43 33 2 6 5 14 5 11 15 13 23
6 25 11 38 49 55 17 6 16 1 19 6 26 26 9
3 20 32 2 29 3 18 38 6 54 23 7 38 26 16
6 3 3 49 2 10 36 34 9 9 18 32 10 58 9
10 18 4 36 9 43 33 6 19 35 4 32 50 11 0
13 58 9 6 2 17 1 0 21 10 7 55 2 20 44
18 45 50 9 23 23 7 12 33 49 1 12 6 8 8
36 11 30 8 24 2 35 39 55 21 7 3 13 19 15
18 18 2 34 31 23 5 9 54 26 47 9 27 5 2
7 59 11 13 29 24 6 2 23 25 14 42 20 35 9
58 19 26 3 16 26 9 18 44 35 6 15 13 19 14
9 6 45 35 28 37 25 31 7 20 21 13 11 21 35
56 11 20 9 6 13 46 40 2 2 3 8 22 22 37
47 18 22 0 48 27 15 9 3 15 7 20 11 3 53
25 44 14 2 37 35 26 12 28 18 5 3 35 19 35
19 24 29 20 11 1 15 49 54 7 31 32 7 3 4
1 42 0 31 12 1 3 1 67 6 6 23 9 36 25
29 3 11 8 32 19 4 37 39 44 25 4 4 27 37
10 36 8 19 16 27 43 34 27 43 2 10 33 15 13
30 54 23 21 12 19 9 17 22 46 9 32 23 12 2
22 37 44 27 38 37 31 19 23 4 22 15 6 0 5
1 25 12 22 19 61 9 7 23 32 26 31 25 23 13
24 24 5 15 24 8 21 35 10 1 32 20 66 17 12
24 12 44 25 26 8 21 21 35 7 13 19 53 20 12
31 18 30 35 24 21 24 13 17 0 5 14 41 28 43
2 13 50 4 37 8 2 21 18 7 45 2 13 38 38
46 31 15 17 18 15 13 41 18 10 19 36 11 36 22
8 22 3 49 30 36 14 37 9 35 16 26 20 12 21
27 35 40 24 36 5 8 5 36 21 25 21 0 35 21
9 15 1 23 22 57 2 26 11 13 3 26 28 31 44
8 41 15 40 19 12 27 2 20 3 12 51 2 37 25
32 12 11 9 16 7 50 49 9 9 13 49 7 7 23
15 20 49 41 12 20 42 20 37 21 9 6 10 7 20
9 26 24 7 3 40 2 37 33 20 5 51 2 4 38
10 8 31 3 13 44 14 37 2 32 56 23 21 8 4
22 12 6 3 24 11 45 25 21 58 31 23 15 20 7
37 17 16 13 38 27 17 3 17 4 38 35 34 34 13
70 20 18 37 3 41 28 7 11 4 8 1 14 1 2
31 20 9 5 13 9 33 45 7 13 13 7 59 29 21
28 14 36 45 11 43 16 4 30 3 9 37 9 21 26
51 1 11 43 24 26 1 29 45 6 28 2 7 1 21
1 26 65 23 21 16 26 11 20 15 46 2 4 11 13
30 65 16 16 9 23 38 18 23 30 16 19 7 1 1
21 17 5 19 19 11 25 41 8 28 18 6 47 46 24
43 26 15 27 39 25 6 25 36 2 30 29 24 2 4
34 10 12 17 42 16 30 29 32 40 26 26 1 17 15
33 10 23 3 5 33 22 8 44 7 8 40 14 21 48
8 13 26 39 35 18 40 51 23 13 8 9 2 31 1
39 12 35 47 7 12 10 32 39 19 21 4 11 30 14
12 20 40 65 15 45 5 5 4 23 10 3 15 10 16
39 4 35 32 0 3 4 26 25 26 21 10 31 50 19
110010000000000 101101001001101 101111110000110 001111010110010 100010100100010
001100100100110 111010111011111 011011110010101 001100011010001 001010100011100
100010011101001 010110010011100 100100001011100 110111111110111 110100010011010
100011111011000 110101001100110 101011110100001 001000010001100 101010001111100
010110110110001 011010010011010 011010010010001 100010011011010 010010000000001
001001001001000 100010000010001 010001000010110 001010110100000 011110110100111
100010010000001 010000111000001 101011101111111 001000001110110 101000010001111 111000010010001
110010011100010 000001101100100 111101111101010 101110000010110 010010001111111 101010001010011
101110010101010 010000110110011 001011001111110 110000111010000 001110101100110 001110110100111
011001000001001 011001000111000 110001110010111 011011100000011 110001000101111 001101110001111
100000101000101 111001011110010 101000110011011 000011001111010 100100101000001 101001100001110
011101001101010 010001011000100 111111111011001 000011100011100 101001111110101
111101101110111 000001011010101 001100100010000 110010000101001 010101110001010
001001110000100 111100001001000 101011010110110 100000110001100 110110001101000
111000101100111 111011110100110 110100001111101 011000001110101 010001110010100
000110110100101 100001001000001 010101111001111 100111101100011 010011111110111
111110110000100 011101110101001 101101001110100 011101000000011 100011101000110
111001111111000 010011001100100 101101110000110 000001110100100 001000101110011 010001101010010
111010001101010 100110110110111 010101011010011 011110101010111 111010000001010 111101110111110
001000011010101 001001101100101 010010010011101 110010000000001 111100001001010 101000011111111
101001001110111 110101100010011 000100100110100 111100001011000 110111100101001 000110000001100
100011000000111 100010000110000 101101011110001 001000010110111 110011000010000 011011010111111
011111100101010 001010101000110 011011110011100 010010111110000 001011001111110
010011110101001 010101101000101 111101011101111 100100111101011 011010111101001
100111000100110 101000110100100 010001010100011 111101001000101 101110110000001
011111011111000 010100110111010 101100010111101 101010001101110 101011111111010
011110110110110 101011111011000 010011110110111 100001010100000 000001011001000
000001010101010 000110101010011 011010011110101 101111110011000 000110001010000
101000000011100 000010110110100 011110110010001 100110100011010 011100010110110 001000110101001
100010110010111 101011011111101 001110101111101 011100100110100 001000011001011 111110010011111
100101111100010 000101001110010 111010101001110 110010101001001 111110101001110 000011111110101
000011111100111 010001010001011 111011010110111 011101110111001 001001011011110 001011011100101
100100101110111 111110101100000 010101100101101 010101111110011 001100101101111 111010010110011
110110110110001 111011001100100 101000101011001 000011000100011 001111100111101
100010101111100 101110100111001 111001110100000 000101001100010 000011010111110
001100101001111 011101000111111 110100000100001 000110101001011 101110000010011
101000110011100 100001100010100 100011011101100 000101011010110 010011010010101
101000001010010 101011011011001 110010001010001 010110010100011 101010001110101
001111010111111 000001110000100 110001000101000 101010000000000 010000110100010
100001110101111 000111100011001 001000101110000 111101111011100 011011110110010 111110010110101
011010010010100 000001011010000 111110000010000 110101110110101 000110011011111 001110111111110
111101010001011 110111011011011 010010100100001 100100001110001 011011000001001 011101000111010
101100110000111 101100010100110 101000100000001 110110010010001 100100000101010 011001001110010
010100011000101 101001011101111 011110100101110 100111011111011 100100111000111 101110001001110
111001011110000 100000010100101 011101100001101 000110110001001 010000110110011
011110110110100 100110101101011 010000110001010 111111111001110 100110100111001
111101101001110 110110001110001 011110110010011 110011000001000 000111101000111
001011101000100 000100100010100 000101101100011 101011001100110 101011100001000
001001011010011 011001010001000 010011100000100 000010111111010 100000110110110
101110110111000 101111101001111 011100011111101 101000000101001 111111111000101
111101001101001 011011010011101 100100101001100 111100111011001 110000111000001 100000111111011
100011010011000 111111000001000 101001010010001 001001010011100 000001000010010 101111111001110
011101000000010 011010111010100 101100011111010 010000110111011 101001110111110 000111100000010
001100100110000 101011011001100 000101100011101 001000100001110 111100111110101 101010001100000
001001000110011 110011111100010 010011010110110 101111110110100 101001100110110 000000111111011
111100100000010 101011010111110 011011001000011 010111000110111 011101011100111
111010110100111 010001011101010 010001011000111 110110110111010 100000101001000
001000001011110 110011000001010 101010010101001 110100110101101 100100001011001
110011110110101 001010010100001 110111001111011 001010001111111 110100000101001
100010001101110 010011000011011 010111101111011 110101110111000 101010010000101
001111000000101 011010000111100 111111001000101 000011101011010 100010101011000
111010010111000 111011011010011 110010101111101 010011101011000 011101001100000 110001011011110
110110100101010 110011010110101 010101111101001 000000011100011 010010011010010 000000101011100
001011010000101 010111010010000 001000110011101 110111010010000 101111111111011 001111110100110
000001100100111 110011111101001 101101000010001 111110001011001 000001100001100 111101011100010
000110111011110 010001001001010 011001101111000 111101100110101 110010100001111 000000011101100
010101111011111 110011110010010 100100101010011 111010001101100 011101101011011
100000101110100 101001111010001 110111011111001 111110000000100 000111011011000
011101110111101 100001001001111 010100101110101 010011110000010 010011011000001
000101110111101 010111011100100 111010000000011 010001111100100 010001100111010
111000111100001 101001010010001 111010010000100 110011000110101 001010011000011
000001101110110 001001011001101 110010101001101 101001101000001 110001110100100
011011110010011 101100110011010 110101111110000 101001110101100 101101011101010 001010000000000
000101100100100 011110000101001 100000111110110 101001000010011 000011001000011 001000001100011
110000100110110 000001001010101 110011101101101 110110101010110 010101001010010 111101100101000
100111100010001 100001001000011 111010101011100 000101110001100 010010110101011 010110010100101
010100000111000 100111100001000 001100110010001 010001110100011 110111101110101 010100101110000
011000101001000 101010110000010 111001110010001 111010111000010 110100011111011
110001000010001 001110100001011 010101111011110 111010111011010 101101010100101
100010011100101 001111110110110 100100010000100 011111110100110 100001011101110
111111100100111 111100001101100 001101010010100 001001110110110 110000011001110
110000100100110 101010001010010 010010000001011 011011111000101 010100001100111
000011001101000 001101011101101 000110010101010 110100001010000 010011110101111
110110110010010 001100000001001 100010010010010 100011000000101 010110110000100 010011010000000
101111010110110 100001101011001 100100010010011 011100100101111 010000101111110 111000110010111
111110110000010 000000110011000 100001001000010 101011111110011 011011101111100 001101000100101
010110111100011 100100100011000 111100101110000 011001010000100 001010000000010 110101010010111
111110111000110 011010011000110 110100100101101 100111100010111 110111111010011 101110011110011
111000100100000 110000110110011 000100110010011 001001101101101 101101110011100
110001011100100 001010101101110 010010111110011 101010000101000 110010010001100
001011010011101 001110001110010 000010110000010 011011100010101 111000010010100
111111110111101 111110011011011 011101110010011 111001001011011 100011011111001
110101010011101 111111111001011 011111011111001 001011011010011 111000010101100
100011011001011 010011110001010 000000000101010 110011110011011 100111100111000
101001000100110 000111110001110 100100001000110 101011011100101 010010001101111 111010110000010
001111101101100 000101110000010 111001001000110 001101010000001 011001101010000 001111110110111
100101010110110 011001100001000 010100001101101 011110011100110 001100101000010 111010110110100
001111101100100 111101011000100 110101000110100 010101101010010 010011000000100 010101000000111
010011010100100 011010111101110 111001100011001 001110100101000 000111101000011 001011100000111
110011101111011 101011110100100 101010111100000 101101101000100 010010101101011
010110010100111 010000001101101 001010101011000 100100111100011 011100101000010
101000100111100 001001110101001 010000110100011 101111111000111 011011000000011
011010100011100 100011111010101 011111010101000 011111110100100 000111011111100
111101001111110 010110100011011 100010000010111 001101100010001 101010000111100
101000010010001 110100010000011 111111111000101 011110000000110 001101000100100
010100001111110 101010101101110 100001000111011 111100111101100 111111001000000 100101000011110
011110100001111 010000111010101 111111100001111 010011000101010 001000110011011 000110011101011
100101010000011 010011001001011 111000111000010 100111001100010 010001101111110 111011111000101
111011001110111 000011010010110 001011001010110 001110010100101 100000010011100 011011001100101
111111100001111 111001110111010 111011011101011 010110010101000 111011111110000 011110011110111
