6 15 10
22 29 7 36 16 16 41 27 15 31 14 16 49 14 15
15 17 23 33 10 18 33 23 1 15 43 21 5 37 44
37 48 45 21 33 1 22 1 27 21 2 13 23 8 19
16 6 12 24 18 47 21 26 12 43 25 13 47 16 1
10 6 10 17 28 47 43 6 34 7 22 10 48 14 19
19 4 11 21 4 70 8 28 45 4 15 2 1 26 15
35 35 30 3 3 10 19 43 21 17 60 4 0 1 5
13 6 16 24 1 6 40 16 53 32 16 44 28 17 5
5 20 7 6 16 26 0 19 31 9 29 37 63 17 25
2 22 5 5 21 28 28 29 13 20 56 47 12 2 23
16 18 33 7 9 49 11 30 17 17 1 25 5 57 18
9 7 35 5 38 29 4 5 29 11 23 13 47 50 2
29 14 15 38 16 43 3 17 9 18 7 6 14 38 53
8 2 36 2 35 15 10 59 16 21 8 20 47 5 14
4 18 29 53 8 50 9 23 26 14 6 17 7 30 26
20 10 4 49 9 8 48 1 24 20 15 57 7 10 4
39 33 19 18 32 32 14 3 24 33 19 17 24 39 6
21 6 9 26 37 18 18 10 31 30 10 38 22 49 20
15 30 2 5 31 4 47 4 40 35 0 24 44 13 3
22 20 38 24 36 5 12 18 16 10 10 27 4 16 63
39 0 44 4 18 49 8 4 2 9 1 53 25 2 13
18 18 9 36 0 9 45 39 34 22 37 11 11 28 18
2 30 22 16 36 37 25 8 28 28 30 26 10 16 38
23 18 29 46 31 27 45 28 2 7 32 3 6 23 1
39 40 12 15 25 34 45 27 30 1 1 17 10 17 20
67 5 0 14 29 9 25 20 8 13 7 4 11 15 53
16 5 20 28 15 17 2 17 29 17 18 34 35 37 50
9 27 23 11 11 18 0 13 52 55 25 18 12 12 31
22 12 4 53 26 30 20 36 12 9 50 9 16 10 10
15 36 11 4 8 42 36 17 50 29 27 7 1 21 17
12 8 5 9 28 34 20 42 23 29 42 24 5 44 1
39 25 27 48 2 12 39 9 21 16 25 35 13 12 13
1 22 14 29 5 47 30 32 3 42 12 19 3 37 25
21 9 21 46 46 7 5 29 29 3 4 12 16 43 27
22 18 0 3 45 7 1 0 42 5 61 21 5 5 33
29 1 59 13 28 16 22 45 3 25 5 3 31 5 18
2 8 11 13 26 45 16 20 38 9 0 26 18 58 18
50 20 26 0 29 3 7 0 32 43 21 24 37 4 17
23 5 8 65 15 22 39 11 23 3 26 31 15 19 5
5 23 58 16 22 24 21 15 3 46 41 1 14 12 2
15 11 3 29 20 17 27 2 41 1 56 32 2 14 37
7 18 19 36 8 20 9 3 26 26 40 23 41 46 13
9 34 42 7 6 11 13 27 29 39 25 14 16 21 45
3 2 7 11 37 36 58 16 53 4 5 14 11 16 5
1 5 1 29 39 22 29 8 6 41 49 14 2 25 35
10 28 0 9 5 13 42 24 34 6 28 39 11 52 12
10 3 37 3 6 13 19 21 13 2 31 6 22 67 38
32 27 23 18 1 15 53 34 37 6 16 32 17 7 8
26 4 24 4 30 10 52 8 3 35 13 29 1 15 50
14 23 4 18 39 33 14 31 32 31 2 47 25 18 1
9 11 10 33 17 27 48 13 23 54 5 7 27 16 24
36 10 38 16 29 22 26 10 63 18 9 8 19 4 5
28 26 6 41 20 14 40 39 24 28 8 22 6 34 10
23 9 13 11 20 9 43 31 8 31 8 65 2 1 23
23 40 33 9 4 12 25 11 4 6 63 24 25 1 23
25 33 22 17 5 54 14 8 15 0 47 3 26 13 33
26 63 16 1 15 15 7 10 6 16 12 24 42 4 42
7 11 24 18 25 19 46 17 38 23 45 11 6 24 28
8 50 1 9 9 17 29 7 25 28 35 41 9 10 39
25 8 14 16 29 7 22 18 20 23 41 25 8 14 60
010001100111001 001001001010000 110000100000101 110001110110100 101110011111111
011100110010101 011110000110010 110100101100100 111011011100011 101001001110001
101110000000111 111101101100110 100110110100101 010011110111110 101110110101100
000011100011111 110000101110011 000000110001000 001000101100000 001111010001010
011001010011100 101000101000011 001010111101010 110110101000000 000101100101101
110100100011010 001011011111101 011100111100000 001010010011010 010111001001100
100010110011100 000110110111111 010111101011100 101100110000100 001000101110000 011110101101001
111011001010011 111000110101000 110110100010110 100101100101111 111100001010100 110101000011110
101101111100100 101111000110001 011010100110110 000100100100011 001100010011010 111001010000010
001110011010010 001111101100110 011000010010010 010110111010110 001110111000001 001110110011011
111011001011101 110100010100110 011000100100010 101010110100011 001001000110001 111111000001011
001110101100110 110100010101010 111100010001011 110010001111000 110010001100111
010100100000111 010001000001001 100110110110100 010000011011111 101111011101001
001011010001110 010100110101000 110001100110110 101000011010010 100110111001001
111111001101000 011010000001111 010011110101100 100110111000110 111111011100010
110010100000110 101001010011100 000110000011101 111111100110001 011101011000011
100100110111100 100111101000100 001100110001010 110111110101101 100100111000111
010011011101000 011111110001110 011001011011101 111100000110110 001101111001001 111011110110100
110010101110110 011101101010100 010001001010001 001111010110011 011000111011000 110011010010000
100100001001111 100001111010010 111001000100101 110101001101000 101110011110010 100111010010110
001011100110010 000001001100001 001000001100000 111100010010100 100011011111010 000010110010100
000111010101100 010011001001001 110011100111000 100011110111111 001010001001000 111110000001111
001100101100111 110101111000011 110001000101010 111001000101001 111101110011000
111000000110010 101001011010001 000011111111111 101001110001000 011101000001011
110100100000010 100000011001011 100011100100101 000000000001100 101110101100010
111001001101111 010110110110001 110011010001100 110100010110000 110111011000010
011000100000010 001010001101111 010110111000000 100010001101010 010000100011111
100010000001001 001111101100010 000000110000101 100101110110010 110110000101110
000011010110000 101100011111111 110111110110001 100111010010111 010011111111001 001010001010011
101010101010000 011011010000111 101101101101111 000111010110101 000011001111101 100001110100011
111111101100111 111110001010111 001110101110111 100001001101001 011111000011010 010100110111100
000000001101010 000011111011010 111011000000010 000101010110010 001100110011100 111101100011110
111001101000011 100011010011000 110010100010001 011101111001101 000100101111111 101110000101100
111110111001011 110011110011111 010011111101011 011100100011100 011110010001100
000011101011001 000000110001101 101110100000000 111000100111101 000000111010001
000000010100111 001011110000101 111011000110000 011011001010101 110000001101001
111000100000110 111101101111010 001110110010000 000010001100100 001010101001000
110001010111011 100110010111001 110010001000000 101011101001100 101111010100111
011110111001010 001101011000110 010001110001010 011101000001010 010100011010000
110101011011110 110100101100100 001010010010011 010011000111010 111001111011111 001001111010011
110110001001001 100011100100000 101000111110000 011101111000011 100000001011010 010010101101100
000011111000000 011110000000001 101100011000110 100111001000001 111000110001010 010001010100011
010000110100010 011100110001101 011011000001110 011000000111101 001001100010011 001010010110010
001111100011010 111111110010100 110011010000001 100111001101110 010100111111010 010111100110101
111011011100110 010011111000000 010101101000010 010101010000010 010111101011011
101101111001111 100001001001001 001011100011111 110100110010110 011100001111110
011101101000110 010010010001101 110101110101101 011110001101011 010101001110100
010100011010100 100110100010010 101000110100011 000011001010000 100100101110100
011000010001101 100111011111111 011100001110100 010001111110101 100101100100010
101111101101111 111111011100011 010011110110001 100010000110010 000111000101010
100011100111111 011111000111001 011110101001010 101100011110101 000110011111110 110101010110011
101101110000010 011111110101111 101011101111001 010000001111111 111110011000000 101101110001101
010110000000000 101000111100100 011001110111000 001000000110010 101110010011000 010000101000000
000101101110001 111001111001100 100010000101001 011000011011010 010011100000000 111011001100111
101101011000010 100000100110010 101101010110111 001100001011101 001000001010100 111111101000101
111111000111110 010101010000011 111110010111011 100000100001001 111110011000010
100111101001101 100110101011100 011110010001000 101001111101101 011000010110011
000100110001001 110001001111000 101011100101011 110111010100101 010000011101011
101111001100101 111110101100011 001100001011111 101011001101000 111001101000101
111100000000100 011001101010101 000100110000001 011110101010100 111010011100000
111110011100111 101000110110001 000111100101000 110011110100001 011110010111001
100010101110000 000001010000011 100000001101000 101100011100010 111011011100110 101111011010010
000111001011000 010100100001010 011010100101101 000100101111111 100110001100011 111001010001111
101001110001011 011011111110000 011101001110111 011101110110101 101110111110110 110111000011110
111111001110111 111110010101010 110010000011111 100011101101001 111010010101010 101010010111010
001100010101101 101100100001000 000001010010000 010011011100101 111100100100011 101010110101111
001011100000101 110000100010110 110001100010010 011111100101110 010111011001111
011110001011100 101100111011001 010100110000011 001111011011000 010110101101101
011111010000010 001111001110111 110011101010001 000111011011001 001001001100011
111011011011001 000001000011101 000000101100000 110011101110011 110000010111000
011110000001101 100011011001100 010101011011111 000001101011010 001010101010101
110100001000000 000011110011000 110100001101001 100010111101011 010101010011011
110101001001101 011101001011001 001100010001000 001001000110001 010000010001000 011100001111000
011101011101110 010101010011000 000000100101110 110010111001100 000000101011101 101000111010111
010010100001001 110100011000101 111101101010110 111001001100111 001001000010111 111100001101010
100110000111100 111101100001000 000110100110011 100001010011001 111111000100110 010101010110000
011100100111100 110001111100111 100001001110100 010100100000101 001110110010110 011001011001111
010011000100001 000010110010111 000011110110000 110010010001101 111001001011001
010000001000100 011000010011001 000011101010011 010111010011001 110010000011001
110010100100101 011011000101011 011101001111110 010001010110110 110010101011001
000000110010010 100001100100101 100000011001100 111100011010110 010000100011111
110101010001100 010101100000011 100110010010011 101000110011010 010011001111001
100000111001000 001000010011110 101111101000001 000011011101011 111100111010110
011010101000011 100110101010001 001000000000011 111110001011101 111110000100101 100001110110110
100000001101001 100101110111010 100111111111010 101011010100011 000100011001100 100010001001011
001010011000110 011010011101000 100111000100010 000101010100111 010100110001110 001111011101101
010100101111010 110010100100100 001011101100011 000100111011101 010000011001000 010011110001111
000001100100100 111110100001100 000100010100000 010110101100000 010111101010101 110011001011100
010011001100001 001011001111100 111111011010011 111011011001111 100101000110110
100011100000000 100000101011000 110011100010110 011100011011101 001101010100100
110001010011010 011010011011011 100010111001111 001101101101111 011110011011010
011110000001111 011000101001001 001000001100011 100111100111011 011010000110100
100111110011101 011110101101010 100111011001101 111011011110111 110111111000101
100000101011101 001001110001110 100000011100001 000100010011011 000011000101000
010110011000101 100111110001001 010011101000100 111101100111111 110111000100000 010110001111010
000010001011110 000011100111110 010010000001010 101011011000010 011010110100100 000001101010010
001111010101111 011110111100011 001110001011101 101110011110000 010110011111010 101001011011010
001110001100111 000101010010011 001001000010000 101010010101001 100111000101010 100011110111110
101010111100110 001110101011101 110100101000001 001010000101111 100100100110001 000001000000001
001111011101101 010000010010111 101001110001110 100010100011000 011011110010000
010000000000101 000011100010010 110111111011001 101110001011001 010101101100111
100100101111111 000011010110111 110011001111100 010101000110001 100101001010100
011010100111011 101001001110010 111000011001101 001011100011100 001110011101110
010010011000110 011100101011100 100000010100110 010011110001000 101100101011100
110011010111000 001000101011100 011101100001100 111011101101101 110001111111101
010101010000000 100100010010101 010101010101111 111011001111111 110100111110100 000000111010100
111100001011111 001110101101010 001100011001110 100101011010001 110110110100100 111011011100110
100001110000111 000011110100000 010001001011011 000110010101010 000000100000000 110100010100101
001000000101001 000100001010111 110000101001100 011111001000011 000100111101010 011000001111010
001111100100000 111101010010111 010010001110010 111101000000001 100111011000010 110011101001101
