6 15 10
17 3 1 15 27 29 16 12 11 63 14 21 43 29 5
35 13 12 42 18 4 10 13 65 29 5 14 25 13 4
17 20 2 15 43 0 9 27 26 26 27 14 31 56 6
8 11 39 14 4 2 13 61 10 1 16 42 16 43 2
18 20 27 28 39 15 9 0 29 13 49 39 18 8 25
28 30 20 20 17 14 16 11 52 3 14 17 12 48 32
12 16 29 4 24 29 7 10 6 48 24 10 8 63 13
9 14 27 36 53 15 9 5 27 21 31 17 6 20 40
6 27 16 12 27 17 33 20 10 16 52 0 27 46 21
1 29 43 6 27 23 31 0 4 55 25 14 4 21 26
8 36 32 47 18 13 26 0 44 15 0 2 26 33 17
40 34 9 1 29 3 15 7 25 32 54 23 15 19 20
7 11 57 20 58 35 11 3 1 11 13 29 15 6 10
13 6 18 11 5 6 3 23 25 31 36 41 14 63 5
35 45 23 47 3 26 18 7 9 27 1 1 32 24 21
9 22 3 16 5 10 38 17 14 37 48 32 7 38 31
12 57 9 14 10 6 45 33 41 2 2 5 24 5 29
11 51 4 15 30 3 14 50 21 3 13 44 27 3 10
5 5 11 0 21 18 67 6 36 8 7 21 14 18 47
16 10 40 36 32 41 9 7 24 33 31 5 17 16 27
25 15 1 16 6 33 45 2 53 31 20 16 29 20 8
21 46 7 12 39 13 18 42 13 39 19 5 25 23 14
9 24 8 9 16 41 47 20 48 18 7 14 27 8 32
0 30 2 36 33 44 9 7 2 37 36 2 11 23 37
39 34 29 52 19 1 18 19 34 26 1 27 11 7 3
36 20 29 2 12 25 10 24 39 15 21 12 15 56 16
22 16 43 5 23 12 20 3 17 6 43 0 28 47 35
13 6 25 34 30 22 4 9 61 31 29 17 24 5 4
24 11 5 51 8 7 20 2 19 26 42 26 28 18 39
32 0 38 21 15 25 28 50 1 19 18 41 10 23 8
13 38 33 15 44 14 30 2 18 15 7 33 42 16 14
9 72 2 11 22 9 8 37 0 31 16 1 28 21 10
12 25 6 36 16 25 19 32 7 65 11 6 12 11 29
17 11 6 26 20 4 37 3 19 51 10 37 28 18 40
25 8 20 19 34 13 17 1 25 66 16 26 24 6 20
3 20 35 26 30 28 27 55 19 1 3 9 4 43 2
6 2 9 18 19 0 6 8 61 37 33 45 25 18 2
16 8 4 28 33 12 45 17 47 8 23 44 8 21 3
18 1 25 33 2 15 18 1 70 22 25 24 20 2 19
20 48 23 10 7 13 22 10 15 59 10 18 1 39 15
5 30 6 33 12 34 37 24 29 8 11 0 17 10 57
11 27 8 5 42 35 26 15 20 46 22 7 34 29 11
57 18 18 12 50 18 4 12 8 11 1 20 9 48 1
3 0 2 9 57 2 15 4 17 62 22 37 8 11 14
32 1 3 10 45 54 23 14 29 17 17 5 13 26 29
17 3 35 3 4 14 19 10 16 57 19 26 53 20 2
38 29 25 6 0 60 28 14 13 11 30 14 28 9 15
50 7 17 11 11 56 18 26 7 16 17 11 15 40 11
11 8 7 5 65 27 9 14 2 6 2 16 57 26 18
1 22 6 39 42 18 44 18 11 34 15 35 24 6 15
20 37 31 6 17 22 2 13 27 9 51 19 30 37 18
27 41 26 12 27 59 24 12 3 15 13 8 20 31 5
11 30 42 45 7 36 21 24 28 27 35 1 6 11 5
23 4 10 34 12 11 27 26 18 7 24 13 47 46 34
1 33 20 1 16 63 25 49 22 16 4 7 6 19 2
28 6 10 27 1 40 26 17 19 44 34 1 5 8 46
27 36 9 28 35 42 8 37 1 0 21 18 4 31 28
8 22 37 11 15 10 2 6 25 6 67 31 4 32 21
29 34 18 40 22 29 3 22 39 23 16 37 1 21 13
51 4 5 35 16 4 18 63 5 9 3 13 16 33 7
000101101101011 100011011000110 010011100101011 001100010100010 001010000100101
000000101000100 100100101001001 010000011110001 001111001101101 100111100101000
010110100111001 100111111011011 100101010100111 011110101111011 010001101001011
011010101101011 101011111110000 100101010100111 101000000010110 110001100000111
011011110111010 010110111100000 110010010000011 011100011110101 100011010101010
000111011000111 101011111111001 100001110010011 011110011011101 011011001000000
101100110100100 100100100100001 111101011101101 111101100011011 100000101011011 111011110011101
101010100000100 001010100100001 011001000010111 011111011001101 000111000100010 101000100100001
010110111000101 110101100111101 001000100111111 011101001001011 110001001111101 101001101001000
001011001100101 001010001100010 011110111111001 000110111010110 100011000000010 001101010111111
001000011101000 100110010000000 111111001000100 011001000000011 010000010110001 000110001000011
101010010000111 000001110000101 001001010010011 000001000000011 010000101100000
111011000111000 100100100011000 110001111100011 011111011000110 110010100000001
000001001101010 010010001001011 110010101010011 100100101111101 000100000101011
011010011100000 000100010000110 001111000100111 110000011011001 001111011110001
011100111010100 000011101011100 010010101011100 010100001111010 100011110001010
000100001001100 010101100011001 111010010110111 111010010000001 000111001101101
111011100111011 101000010100111 011011100101110 010111110010101 001111110111010 010101000011100
011011010111111 010100000011110 011101010111110 000110001000100 001011101000010 100001001001101
000111000001010 010110110110110 011101001101011 001111001011100 011111101100000 010001100111011
110010110010101 110110001110000 101111101000101 001010001011001 000110011100100 101100101110010
001001000101000 010110010100100 000100111011110 111101101111111 000101101011011 001001101001010
011110110001111 101110101011011 011010010000010 111001101010010 111101000000101
110101111100111 010000111110110 101011110001001 101010000001001 100111100010001
001100111111110 110001101111110 111110011101010 111110010100100 100011000000010
011100001001101 001000110110011 100000010001100 101000111001011 001000101111100
101011000011100 101001001000001 111010010110101 001111100100101 100100111010000
010111011101100 001100101100101 010000100010100 111111100111000 010110100100010
001010010111110 111111001101110 001000111110010 011111001101100 101000101110111 011000011011100
001111011101100 000001110101000 000100001000001 101001011001011 001010111011010 010011011000111
101001110100011 011000010100011 011111110110110 011000011000101 100111110110110 111101010010001
001101000011111 000000000101101 101110101000101 010100110011101 110110000001001 110010110000001
110101011011100 111111100100010 010111010001010 101011000011000 001110111011110 000000001101011
101011100011000 111101001101110 001101000111001 010010101010010 010010100011111
000001001100111 100111111010011 001111011001000 101101000101001 101001111111000
101100100100001 100011001000001 010000101000010 101100011000100 111110010101111
101110101001010 010011000100111 010111011000001 011101000010110 110001010000101
011010001100001 111100011000110 110010000100100 011111111100000 111110100011000
100001101000000 001011010011001 000001010011111 110111001001101 111001011110111
000001111011100 010001111101001 101100110000000 111100010000001 100011111110110 000011011100010
000101101101110 101001101101100 100011111100100 100000000011101 111110100001111 111100110010100
101000001100111 110111110010110 100100111110100 110100100111100 000011101000100 101111100101010
101011110010110 111101010000001 011101010011011 011011100011010 101000111001111 100110000010010
000011100001011 101011000110100 010000000100110 100110010010100 010011010100011 111011011000010
100010110100000 010001111011011 001100110101010 000011110001001 001110010010011
011010111010100 011000101111010 001000101011100 101110110100100 110010010111100
001111000101111 100111100111010 001101010100101 110001101111011 111001101010111
100000110101010 101110111110000 001111001010100 011101001110000 001110111111101
011001010100000 101110011111100 101000001110000 111101011111001 100100111101010
000000101111010 011001110010000 001101010011101 100001100001110 001100011110010
101000010000011 010011101100100 101010010101000 010110000111010 000100111101111 001100000000011
000000100011000 011110000101000 111111110000100 010100001010110 011110011001110 010111011101001
000111001010101 010011001001101 101001100010101 111011011000010 011110111100100 010010100111001
111001001011111 101011101101100 000100011001011 101011000111001 000110111001110 011011011000100
101111101100001 000111001011010 000111101100011 011010110110100 100011011100110 101010110011010
111011001000100 011101110000000 000111110111011 001111100100100 011000100001110
010001101100011 101010100000100 011101001011101 100001011110100 011011010000100
110000111010001 001010101100001 011001111100001 101101100101000 000101011011010
000010000100110 111010000111001 111000110110110 011010001110100 001100100111000
110001111011001 111001111001111 100000110111101 101001101111000 111001101011011
000110010101010 111001010010101 111100000111000 000000000001000 110110001111000
001001101001111 000110110010000 011110110110111 111111110000110 101100110010000 110111011110111
011000110010100 111111011111110 110110011010011 101111000100111 100010010010010 000001101010000
101000010001011 010101000011101 100110011100001 110001100110001 001110101001001 011011011101101
000011101001111 101010010111110 110010010110111 001010111100110 000000000001111 100001000010010
111010100011010 011000010100100 111000110111101 010011100110111 101010111010010 011000011101001
010011000110100 011010101110010 001100000001101 001001101001001 010010001100010
010001000011011 111001001011000 001111001111011 111111001101100 100101101100101
101101001011101 010001000101001 000000000110010 100010100010011 110001011100010
111100001110110 111110000010000 101000110001100 000011001011100 111110011111010
011111110011011 011000100111111 010000100101111 000101000100101 111000011100001
100100000011010 101010111100010 000100100000001 100110001110100 011100000000011
111100010001110 001001000000100 001011111001011 110010100111001 000100110010000 011101010001001
010101011010101 010011101001010 010111010100111 011010111110001 010100001001001 010110000011100
011101111000101 110011000101111 111000000101100 010011001001100 010010100111110 100010110010110
111100100101001 111010001110000 100000000111011 110111011100001 100101111000001 101011101100111
100010011001011 010100011100011 111010111111111 011101010110110 001100101100111 110110001110010
001111001011011 110101010000101 010010100101010 111111111000111 111000000101001
111101100110011 111110000011111 001111100110010 111011011011110 001010011100011
110100000110100 101111100001010 011000101111100 110001010101000 100001101101101
101010000101101 101010100010100 011100101001101 100100100110110 100110001110011
000111000101110 011000100000110 010101010110101 011000100000010 100101001011101
100000000100101 010100001100111 011000110010011 111110101010100 011111000011001
010111000010000 110100110001100 011101001010010 101000101101100 000001100111011 111010100110111
001111110011101 000110010000111 110011001110011 111110001111101 001010110111101 000011010011100
101011110011001 011100111010100 001101001010111 101111111010011 000111111001011 001110011011101
100011011101101 011010010111000 100010011100011 011010110000001 110001010101000 011000010000110
111010010100111 100010011001111 111000110111101 100001011000100 100011011000011 100011111011001
001001010000001 101011000010001 100101000111011 010110101101011 110101011100100
110100000100010 111100010010100 000100001110111 001001110100100 101110110011010
011001000111111 010100110001000 000110101000010 000110010011110 000100100100011
111010110101000 110110010101010 101110110100001 111100000101110 010110001001101
000110011010101 111010110111001 100101100001010 110001100001100 000010001111101
000111101110011 100011000011000 000100110110100 010000100101100 001101100000100
001101000100111 111010100011101 000001110001000 010110001000110 011001101110100 010001111101001
000010000011111 101111001011110 100010110111100 110110010111010 110000011111100 001001010001111
100100110001100 001100100110010 000110100111011 101100111101011 110100111100010 101000111100111
100110101001010 100111100110100 101010010011010 110110111111010 100001100111000 010100111011110
111100111011000 010101010010010 100100100000100 001100101001001 110001010010011 011110000000011
001101010011110 101111101100110 001110110101111 100001101000110 101001100001110
100100100110011 101110001010111 110100100000101 110001010000011 101100111011011
101110011001100 111100101010110 110000000101111 100100010000010 111000001001001
101110101100000 010110111110001 110110101011100 011111100100110 100011110000000
101011011100000 101000001111010 111000111010010 101100110111111 110110101111001
101001000011110 101000000000110 110101110001001 100011100000001 100010000111100
101011000110000 101000001001110 100101000110100 001011100011011 111100000101110 111000100110111
110001101110011 011100000100110 100111111011101 101101110100110 000100100001101 111110101101111
011000001100010 101011101111100 110001011111100 111110000010010 111000011011111 100101000111100
010100111000001 000101100101010 000101101100010 001101001000000 010001110001010 000011011100011
111010001011000 010010000011110 101101001011110 001101010000011 101100001100001 010101010000000
