6 15 10
38 6 39 8 43 14 31 7 2 12 16 9 20 7 54
23 18 16 32 18 2 26 52 25 40 21 3 10 29 24
8 36 47 37 6 6 30 18 22 37 24 4 19 30 10
18 21 11 7 2 24 16 12 6 39 23 25 36 40 50
3 28 15 20 19 21 6 44 9 40 53 10 6 32 15
3 43 18 13 21 15 38 20 18 43 33 27 9 17 26
26 25 43 16 16 7 25 52 32 17 2 8 1 40 5
7 51 24 1 46 15 20 36 16 15 5 40 20 10 12
39 15 11 8 15 25 51 28 9 1 17 40 14 10 39
15 5 24 58 14 19 6 0 32 6 36 9 48 21 7
1 14 3 29 5 7 2 64 11 49 22 15 20 20 28
43 38 17 9 28 34 11 2 19 8 53 5 10 25 19
11 30 29 32 26 36 1 55 21 6 8 6 3 39 1
31 35 29 1 4 19 17 55 21 16 38 5 6 14 29
36 14 30 6 18 18 5 1 15 38 15 19 43 37 37
11 18 21 23 6 10 27 20 30 1 14 14 5 19 75
11 9 9 17 54 1 5 30 57 37 21 16 12 9 6
37 8 47 5 36 14 18 3 16 23 5 34 7 49 3
6 52 7 14 12 15 15 47 5 32 40 36 11 1 14
5 22 22 32 8 10 46 39 18 22 22 16 38 4 34
15 34 12 3 6 3 51 21 54 10 32 3 8 26 26
9 16 45 0 43 25 22 17 45 4 8 8 18 26 34
11 10 50 8 1 23 36 25 22 18 23 24 5 11 52
5 6 17 18 19 28 9 41 69 4 15 12 23 13 22
13 44 8 39 8 0 17 44 23 21 44 32 12 5 1
2 4 33 28 20 4 29 41 39 25 15 39 12 15 29
11 10 33 16 26 44 9 6 16 14 44 23 10 47 21
38 7 33 30 32 51 38 9 1 29 1 8 18 8 8
23 48 2 8 9 5 34 19 31 8 19 27 45 36 6
9 0 9 60 1 1 8 20 10 54 18 15 27 30 25
43 16 32 11 7 18 1 18 57 31 8 15 24 12 29
3 50 25 25 15 8 17 14 17 13 16 25 57 25 19
3 13 45 12 3 45 57 24 5 19 23 12 20 10 17
15 19 20 31 18 20 33 46 19 18 28 10 7 34 36
11 58 33 20 19 6 4 6 1 5 49 24 24 5 31
20 30 26 29 20 1 11 15 56 6 16 28 20 33 27
6 13 5 15 3 11 51 56 3 45 16 18 20 25 7
35 30 44 1 11 8 20 23 13 35 31 45 19 9 5
5 26 14 17 9 36 11 28 37 15 19 60 11 21 19
7 35 5 40 15 16 19 21 10 44 38 1 19 21 39
25 56 6 25 8 8 12 7 57 1 26 22 21 15 13
18 4 45 4 33 39 0 39 41 10 26 11 11 27 5
7 23 2 26 21 7 53 20 9 26 42 29 16 34 19
39 48 29 14 19 4 9 21 16 13 30 27 20 0 42
36 3 11 59 13 1 31 16 28 17 29 2 19 29 23
28 30 33 10 13 0 30 46 21 23 6 24 36 10 31
39 3 7 28 50 0 24 11 12 31 36 17 37 16 11
14 1 17 6 5 33 6 48 52 5 25 22 28 36 10
1 48 2 18 11 22 41 34 28 4 10 27 24 29 31
56 11 13 3 27 31 3 30 25 23 7 28 24 15 34
26 5 19 38 29 27 43 29 8 48 8 14 6 10 19
16 14 19 1 10 24 26 43 12 50 30 38 12 13 27
26 21 37 8 45 13 3 2 17 30 32 47 14 17 17
25 17 23 30 7 12 26 50 6 23 19 8 20 35 42
25 1 31 13 23 0 33 24 29 52 24 22 38 4 6
10 3 47 18 4 23 37 29 17 3 11 4 43 5 47
13 66 16 31 24 9 45 17 8 18 17 14 16 10 9
33 19 39 47 16 24 33 2 10 26 10 2 40 6 19
34 10 16 7 10 22 21 34 21 5 44 36 37 1 35
5 32 33 4 42 21 30 27 41 31 18 28 1 15 2
000010010000101 101000001111100 010010001101000 010000111110001 111101001001110
111000101010110 010101110100111 101010101001000 011000001011110 011110110001110
010001110000011 111000110000100 110011000011001 101100100010001 101001000000100
011011001100101 100101101010100 111100111111101 001100010000110 000011100110001
001011000000011 101110111111110 001011011110100 011101100111110 101111111010110
100000101010101 010010011010101 100011101111111 010101001111000 000110011011001
011001100001001 000100110110011 011001100011010 011011001000111 110001001101010 001000101101010
000110011101111 111000100101110 111001001111100 001010001010100 100101110101011 110000100111100
000000100101000 011110011000001 001011100011011 101011001111011 001110010111101 001101101101011
010110101001011 100000011001011 010010010001001 110111110101010 011011010101001 000010000101001
110100000100110 011011110000110 001110101111110 010110111000001 100101000101001 000110001001110
101000000111100 111010111111001 000000110011110 011000100000011 101001110100111
111100101101001 001101001000010 101001111101101 010011011011011 111001011000111
101100000101000 110111110110010 000000001000100 101110010001010 000101111000011
101011001000101 011101100111111 110011010110111 100001100011010 100100010001001
000001111011111 000100101000010 000010110111011 010011100000000 010011100000011
001110100100010 100111000000000 111100110101011 100000100001100 010110101010011
000001100010101 101100101000011 111100111001000 000110101101010 011010011001101 110000101100000
111110111001011 001001101001010 001011101011100 111010001001011 110010100111111 110100110001011
000001010111011 111100101100000 001011011110100 100000101111001 101010010110001 101110110000011
110100110101000 000111111100010 010100001011001 000111111011010 100100101001111 000010010101000
001100111011101 110000101100001 110100000010010 101001110000010 101010010100111 001000000001111
101111000111000 000101000101101 011100110100001 000100000001101 110100100010110
100000110001111 111011000100100 110011010010010 100101101001110 101100010001101
111010110001011 001001111110100 011101000010001 011100101100010 011010000011010
100010101111010 111000100000111 110001001111101 011000111000101 011001001010000
110111101011010 110011011100011 101100110000111 100100001010000 000100001100001
011001000000011 000011000001100 111111100001101 111101001000111 110101101010000
010011001001001 111101111000000 101011001110011 100100001010000 101010010010100 000100010000100
011010101010101 111010110000110 001100110011110 010111101010101 101011111001000 100000001010000
011001001000100 100110001010110 110000010111011 100010101111000 000010100011110 101101010001101
110110010110011 100110110111000 001011010011001 110000101011001 101001110101110 001011100001101
111101000001001 100000100001101 111000101111111 011100110000100 010100110010001 001110110011101
111000000110111 100101101110110 010010101010000 010011001111001 110001100111011
100100110010101 111000010000010 111100010001000 001110110111100 101011110110101
010001101001001 000101011110010 000101000100100 111000010001001 101101011110111
101100110100001 110110010010000 111001000100101 111001110100000 001000010011101
001110101010110 110010011000111 010011111100100 011110111001101 111010111011101
101011111001101 010111011010100 100110000111100 101000010111110 000011101010011
111001000110110 110101100000011 010100011111110 111101101000110 010010100100110 000000001010100
010001100001101 111100110100001 000110010111111 011100001110100 101000111101110 110000000010111
101000110011111 000001011000111 101010011000101 100100001101101 111001010110011 000100101011010
111000001111011 110010001010000 000100010111101 001010010111010 010101011011001 111101011101101
010100111000011 100011011000110 111001000110011 001101111110010 001111101101010 010000000111100
110000101100010 000101001010100 100011111000110 011011101100011 101001010011110
110101111000100 100010100011011 001011101010100 110010010110101 110000110110111
100011110001010 010010101000011 000010110010011 111000111010001 011100100100010
101011001000100 111110101001100 100011001101000 111011000000111 010000001111100
001110110111000 000100110010110 000010010100011 101011010111010 011101000111111
110100010101110 100011001111010 100101111011011 100001101110100 100000110011110
001111100110000 011110001011110 001101010110110 111111011110110 011110000000101 001111101010011
011100001011100 100011101001011 100011101101101 101011001111100 010101100000001 100000000011001
100110000010001 010100011001001 001111100101100 101010001111001 010001110100000 001011011101101
100110011101111 110010100010001 110001010010101 110011000110011 100001101111001 110110000111101
111011010100100 100010010010000 011000001001001 100110010011111 001001110011001 010000110000110
101010110101110 101010011010101 010010110000110 111000101100110 011010010011101
001000110000110 011001100110111 100100101001110 010101000000100 010100011100111
100000000110011 010001100100100 010010001101111 010001001010000 110000011110110
111110010011010 010110010111110 100011110001011 110011001100110 100110100111111
000010111010000 000110000100100 011001011100111 011000010110110 011101010110011
101101100111000 110011100101011 100011101100001 000010000000101 011000001100010
010111100111011 011001000100110 001100010110010 101100101101010 110111100010000 010110010010110
101100011001000 001111010011101 011110000011100 010001100110100 110001001110111 100001011011100
000011010001100 111001011011000 110000011110011 110101110011101 111100110001101 100100101110000
011110001100010 000101100001110 000100100100111 001101001100000 011101101011110 001101110111100
110011001101100 101100011011011 101010111001010 111011101011110 110011110011110 001110111100100
100001110111000 110111011011110 110111000101100 010010011001101 000001100010101
100100011000110 101111101001000 110010010000110 010000000111000 110011110010001
001100010101110 001100011001100 101111100011011 000100001010000 101111001111010
011000110101111 101101011101000 001010101000001 001110001011001 000001011100111
110000100000011 111101000010110 100010101010001 110011000101010 010100001110000
110100010101011 101001110100011 000010100101011 011011101000001 010101001000000
101110001001101 011001111100001 110010101001100 000010011101010 010010100110110 100011111000000
110001011101101 101101101001000 100101000111000 011010011111010 000000010011010 101010110111101
111001001011101 010010001111101 011011000000100 101100011110100 000000111101011 000001001010000
100100011011001 100001001010001 111110011000001 110001000111111 000011011111110 011011011011111
011110110011111 011101110111001 101100010000111 101110100100101 101100010011010 000110001110011
001100100000000 000010100001100 101111111000001 111010101100100 000111010110110
011100110010010 111101011010111 001101101001111 000101001011111 011000001101010
010001001011110 110000100110001 111011101000111 111101010101010 011100001101110
100011101101110 011000010000000 010010101110011 000111000011100 001011110010001
010011001001011 110010111100011 001010110100101 101101100110101 110101010110111
111010011110000 101010111101011 001100111011110 010111100101101 000001110010001
001000100101101 101101110101100 010100111000101 111100111011100 110100010100000 010111110010101
000110101011001 111101010100101 000001110010100 000111101000110 010011000100001 001000111000010
110100011101111 011000101011010 100100111110011 001111101001110 000000001100110 111111011111010
110001001100010 001011110110000 011110101111100 111010100101000 011000010011101 100110000110100
000101100010101 110001101010000 001110010000000 001110001110001 101001000111011 111000010001101
000010111010001 101101000100000 111000010100011 101010100010001 110101111001001
010001110011011 110110000001100 101110001111011 111100000111011 010101000100110
111111101101011 110011001110110 110111001110101 001111011001000 000001000001000
111000010100100 111001011101011 101100110010100 011111110100011 100011100011100
011110101110010 110110111001001 010111011100111 010000001110101 111101010100001
010110100111001 101011001010100 010101010110101 111001111001000 000000001011001
000010110101011 111101100110111 001101101100101 110101010101101 000001000100111 100111010010001
101101101001100 001110010111010 111101010100000 100100011111111 000001000000101 011111110001100
010011011000010 000110011001010 101110010101001 100011010101001 010111011010101 001110000111110
101100000001101 101011000111010 101001100001100 010010011010011 000101110000111 100100101011101
111000011100111 111110011101101 111101100100101 000011101011000 111110110110000 001010110111100
000001111010101 100001000110111 001111100010001 111010101001101 100000000010001
011100110000101 110111011100011 001111010000110 101000111001011 101101010010000
000101000000100 000110000100100 100101001101111 001011010010101 011111110000000
010101010011111 110000110101101 011110011110011 000000111011100 010100100110010
000111111000111 101110110110011 111010100110011 110100010110110 000010101100110
110011001111100 000110100011010 010110110101010 101001111000001 110001101010000
111011100001100 011100000011100 010011001000001 110100000010110 101100100000010 011101110001101
111001100111000 101000010110100 010001110010100 100111010110010 000010001010100 101101101000000
101010001100100 111011100101101 100010001010001 110100101001110 111111100110110 101110010100000
100010010111000 101100001011000 111010101100011 110111100100001 100010011000101 111000111111101
000110101010010 111100010111111 100100110110101 010101100000101 011110110000100 101100001101110
