6 15 10
11 8 24 9 41 14 3 3 13 33 15 2 16 3 74
33 51 21 9 0 9 53 6 23 33 3 8 26 4 20
63 12 9 30 15 1 12 40 21 34 3 2 9 14 33
3 30 42 33 65 21 9 8 14 18 20 3 1 8 21
37 36 4 31 13 30 38 24 6 44 10 2 8 4 33
2 35 40 38 9 27 44 24 21 10 34 9 13 7 18
15 40 24 11 9 33 41 2 7 2 14 47 44 16 5
2 51 11 30 8 32 15 3 17 42 5 7 38 36 9
17 27 27 13 8 1 21 21 53 31 32 7 20 26 34
1 1 9 8 30 13 23 15 54 7 36 9 8 7 60
19 44 10 25 4 10 39 48 1 33 7 7 23 14 35
27 2 61 10 37 10 0 10 10 53 0 2 12 17 22
11 25 8 40 12 16 22 27 3 56 40 2 19 6 30
19 1 26 18 1 5 28 1 26 28 28 33 8 42 51
21 13 16 20 17 10 78 18 2 8 25 27 5 6 22
7 33 49 1 54 46 19 2 6 2 7 4 2 8 30
20 3 11 43 9 31 19 68 4 1 11 31 23 3 9
20 17 34 4 25 24 27 11 3 43 23 16 54 22 1
36 23 3 16 12 3 49 15 39 5 13 39 31 8 29
22 39 14 16 5 19 26 11 40 18 19 18 6 39 46
3 29 16 14 52 3 21 17 7 1 47 43 29 2 17
25 15 17 23 8 4 50 8 36 12 9 13 25 33 48
34 64 19 44 5 27 1 6 22 4 8 4 26 14 13
15 1 24 17 49 25 29 17 22 6 25 27 4 35 39
55 6 31 27 19 31 8 13 18 11 6 36 17 34 24
13 18 44 2 47 15 0 13 10 4 23 26 19 45 35
20 29 28 19 21 37 50 6 12 2 46 6 2 29 13
16 30 26 13 3 18 8 44 56 12 26 24 26 19 10
13 9 25 15 23 59 13 27 36 3 29 9 14 19 34
13 11 11 9 36 15 10 70 10 29 27 16 25 1 20
4 5 8 41 55 4 5 28 7 25 2 38 16 38 22
5 27 26 44 15 50 15 39 13 4 12 4 15 41 6
17 18 16 26 20 14 48 14 4 15 34 11 47 37 17
20 27 33 34 10 22 11 4 52 5 8 43 21 2 29
10 24 36 19 6 12 1 9 10 13 6 29 77 2 15
8 13 9 33 28 7 10 31 22 61 3 4 40 12 27
1 12 10 12 3 25 23 13 23 33 10 30 31 21 65
8 1 40 22 21 44 4 13 25 4 30 22 33 22 41
31 4 15 34 72 18 21 22 1 11 13 0 16 0 25
36 23 13 19 7 37 24 39 11 18 6 41 24 36 12
15 24 69 45 11 2 23 4 9 3 6 35 13 6 16
20 8 5 10 6 20 3 85 17 22 20 8 14 7 16
12 8 15 4 13 20 34 9 20 0 41 44 8 19 58
14 60 10 25 17 18 18 13 13 1 34 30 47 0 0
8 38 23 5 15 23 5 18 40 58 2 6 16 0 40
6 45 26 5 1 6 45 50 39 6 20 7 1 23 7
23 18 33 27 27 11 10 21 49 11 12 35 29 14 31
15 36 56 5 19 5 15 42 22 31 10 4 15 24 22
22 8 1 4 52 29 33 28 8 11 40 17 18 33 22
46 3 26 2 9 41 34 11 15 18 40 5 8 37 23
15 51 8 9 55 25 13 6 7 45 11 5 23 7 17
2 28 46 30 19 10 7 49 2 24 9 46 12 4 18
7 39 4 14 9 56 38 11 8 16 36 22 20 25 17
31 12 20 28 62 19 15 4 1 13 3 23 50 8 7
26 20 30 36 31 8 4 24 41 45 7 2 35 4 3
24 39 12 14 8 12 8 3 48 9 3 10 2 69 3
29 56 20 8 31 10 45 10 43 17 5 8 2 6 10
16 9 33 31 37 42 6 12 27 27 20 29 10 24 30
13 44 30 26 12 50 3 24 22 10 32 24 19 7 23
6 35 55 14 14 12 19 9 34 16 41 39 5 8 0
101110100110001 101101010101011 101111100110101 011111011100100 101111001000101
000100101111010 000011010100001 110110100010101 001010011000010 110010000010110
101100101110010 110011011101000 111101000001010 101001110100110 010010011000011
110100101001011 111001101110000 110000111000001 111101110010100 111111011100001
111110101011100 111100110010111 100001110011101 100000110011011 000010110010100
110011111010100 110000010001111 001110101111000 010100110101110 111000111000000
110100111100111 000011100010010 100000010111101 111111100111001 001111101001101 100010011101001
000000010000111 110011011010010 101100111001011 110101011101110 111001001111100 100001001010001
010100001110001 110010010010000 001100100011101 010111001110111 011000110101110 111101001110010
100000011101110 000111110000101 100111011101111 000000110111010 011000011110011 001100111010101
011111100110000 011111110010001 110011100111000 110100101011011 101001000110011 110000110010111
101100010010101 010010000100011 101001110100000 101000001000010 111101000010000
011101110001011 100011001011001 010010011010001 010011001100010 101010111000010
101011011000110 001111111000101 100001100010010 100000110110100 110011110000100
101101110101010 011100000101011 111101010001011 111011101100000 100000111000011
110001100111101 010011111111111 101000100000001 100110011010100 010101010111011
101001110000110 100101110110001 101110111010100 010011100011010 101011110110000
011110001111101 001110101110110 010110010000000 100100100010101 101111000101010 011011001111110
000000110001111 111001010111001 010011011011100 010101010010100 101110111111110 100010011011000
110100110110011 010101000001010 011000101001111 111101010010000 000010101100101 001111000111001
011000010000010 100000010010000 000000001101100 101100101101110 101101001111000 001010100011011
100000010100110 000001000000100 010011101100011 010110010000011 000001011010111 101111001111001
101010110001001 111011111111011 011010100110111 001001011000100 100110111110100
011001100000001 101110110011101 110011100100111 011000100100110 010101010000010
011000000101111 101011011110110 010111010000111 111110100100010 101001110101111
110101110011101 010101000011000 100110101011101 000101101001111 101101111101110
000001011101011 001000101111100 100111010110000 101110111001111 101011010001000
000111011110100 100000011001100 101000111111101 100110101011001 001101000011010
100010001110101 110001010111110 110000010010101 101010110100000 100100001000111 000111011001000
111111001011100 000011110100001 000111000101101 001000110010100 010010101010111 000000100000110
010010011111000 110101101111110 101000100000001 001010100110000 100011000010010 001001000001101
110010001110101 000111100001000 001010101100110 100000101011100 001100101111011 101011111100110
000100111110110 011110101000000 000010010110111 110000001001011 110101001101100 000000010010101
011001110010010 011100001001001 011100110010001 101010100010111 110111110000110
011110101010011 110111100100110 011101111010001 111100111111010 000010111100001
101000101111011 111000000101011 011001111001101 111110011110010 110011010101000
101100101000010 011101101101110 101100101010000 011111100100010 001101101111101
000000100000110 100110100110011 011011100110011 011100111100010 001011011001101
000000010101001 110101010010011 111010101100011 110001101010001 100000011111011
011000100000111 100101011011111 000100111001110 010100110001111 110101000000111 011000111101000
001111010010010 111011111111010 010101010100101 001100101101000 011101001110111 101011010011110
001011100111010 101100000000001 110001001000101 010100111111010 111101001001000 101101111111011
101010100000000 100111000111111 011001110110101 110100111110101 110100100010100 111111110000101
111101110110001 101001000010100 011101110010010 000101000001101 101011001000101 110000101110000
011110011100110 110001110011000 011110000110101 001110011111001 100000011000111
011100100100000 000001101010011 011101001001001 111010111001111 111100101110001
110101101100111 100011001101010 111011000110111 000101010111110 101111111001100
100101010000111 010010000101100 001100001010110 100110111010110 100111111110001
101101010110111 011000010100011 001000111000100 001100111010010 101110100011111
101011000010101 100001111010110 110011101011101 011011001111011 110000111010010
011100010101100 011010110010000 000110000011001 000101000110101 100100110101010 111111110110100
110001001011111 111110100100111 110100100101000 110001000101100 010010111001001 100101101000101
100010101110110 111110100101111 100011001110101 100010011101111 011010111011101 111101011010001
100110010000111 010101101110011 000110010110001 101111001001010 110111000101010 011001110001001
101100111000010 101011010100001 010100000110010 010111001000101 100100100110001 010110110010101
111100001001000 000110110110011 100101110110011 101101010010001 110100100101010
001010100111111 000100110011010 100110000101001 010000011011110 100010100011100
011001111010010 111011010110000 011111010001011 111101100000101 110011111011101
110000000111000 101110101010110 110001101001011 111001111100010 101011111001000
000011000100111 010010110000110 001001100010001 110100001010010 001011110001010
111111100000000 000011111011011 010101101100101 101101110101110 100011010001000
001000100101110 110110001001001 011100010011100 010110101010101 111100011011100 110110010011000
100101110011111 000010111011100 110110100100110 101000011100001 000011110111111 010000001011101
111010011101001 001100100100101 010101101100011 101011111001100 101110011100011 001010000000010
010101010110001 011111001101011 000100011111010 110001101011111 110100010001011 110000100010011
000000100110001 100001011000001 111110111011011 011110010101001 110111111000100 001111011001000
110010011101101 101011011001100 011101100101011 101111100010110 000010000110111
110101000001011 011011011110000 110110000011111 100100100100010 001110110011101
010110001001001 011001101101011 001101000000010 111001001101000 001000100001011
101110001011101 110001111001111 100101000111011 000110000111010 001011000000111
111111010011001 110001011000110 101001001111000 010111101011001 111001001010110
110111010110110 010110100001110 001110011001011 001010000000001 110010001101000
110010110001111 110010111101110 110110011100000 100010100011100 101100011000001 001110101100011
011111000101110 000111011111000 110100001110101 001000110000001 000111001101100 111111101100011
001001100011001 110111101100100 011010001101111 000101110100011 101101111011100 111010101101010
000001101001011 100100101011001 010010110100111 111000000111101 001100101001000 111111001011100
101111101110001 001101010100101 010000111001000 010100100011101 101010001001011 100011111110101
111111100101111 010111101101101 000000011101001 111100111111100 010001100001000
000001011101101 110110110100011 001110000010000 010101001101000 001110110101000
100001000101011 000011000001110 011011110111100 101111000001000 001011010000011
111001011001110 111001110101101 010101111000011 110100001000100 111011000111000
011100001100101 100001111110011 110000011011000 100111010111111 111101101010101
110010010000001 100110110100010 100010111001110 111101001110000 001001011101000
101001000000000 100001001101010 111000010001000 100001001111011 000010110010111 111100011000010
010011100010011 001111011001110 110101011001100 111100110110010 101110100110001 100101000100000
011111011001001 110011011111101 000001101011001 010111110010011 011000100000110 011111000101001
000101111011010 110010101111101 101110101110010 001001011000010 010110000011110 111100001011101
010111010110001 110001011000000 100000001111001 100110011001110 100001101010101 111001001010000
011111100000000 110000100001111 010010100101101 100011101100110 010110111001100
010101111110111 111001111110000 101101110011100 101101111010110 100101000011100
000010001100001 011111111001110 000011001111001 011100101101000 100001010111110
010000110010101 000010000000100 100010000000001 100101001101100 011011100010010
001010011111110 101101000010111 000100110101111 100111101101011 110100100111100
111100000000101 000010000101101 010000001010011 111101110000111 000001011001110
011000011100000 101010010000001 101010110001100 010001010011011 000010001010011 000110100100101
111001111001110 011000111111001 101111110010001 011011101011110 001001011101110 110100000011001
011100111010101 010111100001110 011101101100000 101110001110001 100101110000011 010101001110000
010100000010111 001001000000011 101110100011111 000000110000010 000101100111000 001110000101111
101011010001111 001100110001111 100100000110010 010100011011110 011110100111100 011001000110001
110100101100000 010011011111011 101001011111110 000101011000101 110101111000000
101000011111011 100001111000101 010111011011001 101000010100110 000111111100011
101111011111100 100001010101100 110001111011110 000000000110111 100100010111000
000101101011111 111011011010000 111011101111011 011100101010101 011000110011110
000011011101101 101000001000111 100010110101111 010001100010111 101001010111100
110110101010011 010011101100110 111011011110001 101100111010010 010000001000010
011001000001101 001001011010011 101011101010010 001011011101010 001001010100010 101110011010001
010000111011000 101010000111101 101101001001110 100100111101011 011000111010100 100110111010010
110011000101110 001010010010001 100101011011100 111100101011111 001000000100000 000110101100000
110011010010011 110100011100101 010111101001110 101111001110011 111000000110100 111110110111101
111111010010000 110010110010011 100010001011001 111011000110101 100000101001101 101101011000110
