6 15 10
23 6 45 21 53 2 19 27 7 25 31 4 17 15 29
21 1 33 12 16 32 30 21 15 9 42 38 45 10 3
8 13 7 17 22 1 32 23 18 14 49 46 49 1 7
16 38 16 34 10 7 11 31 14 15 24 7 47 48 14
68 16 3 8 5 42 23 29 2 14 34 5 16 12 8
18 11 24 54 4 53 13 8 49 15 6 1 18 5 4
8 3 24 29 22 39 5 56 18 7 25 21 9 28 31
14 14 2 1 50 21 3 20 7 17 17 22 21 2 69
5 14 24 6 12 6 6 25 64 30 51 7 14 15 15
12 10 48 19 16 3 15 42 9 1 3 66 14 14 5
27 8 7 8 16 44 21 1 36 18 30 28 11 45 33
19 12 13 16 66 1 34 34 2 9 12 1 15 44 3
9 10 4 5 15 17 14 24 43 31 19 5 70 5 19
44 11 11 14 52 7 39 8 16 12 18 45 15 18 2
4 10 20 6 57 15 5 19 4 22 31 23 37 38 29
2 37 21 6 50 2 47 7 12 31 42 17 9 7 10
11 38 34 11 35 25 19 10 53 11 38 13 8 7 13
52 4 34 5 15 19 17 1 26 7 4 61 16 5 19
9 51 6 34 9 9 7 33 27 10 36 21 7 24 40
16 27 23 8 39 0 6 34 41 24 27 10 43 7 26
42 7 0 10 55 12 2 3 8 56 23 17 7 10 27
3 8 5 21 26 3 41 5 25 27 53 25 45 13 10
1 47 7 22 5 14 25 8 2 31 3 33 42 17 47
10 4 11 6 7 20 65 27 58 10 0 4 13 7 22
26 41 7 26 47 4 32 43 3 3 17 32 18 10 11
2 13 34 13 24 8 47 47 27 17 16 2 2 22 40
20 27 13 13 29 14 31 13 43 43 29 31 28 0 4
25 3 52 9 25 2 25 12 26 11 3 8 27 60 3
28 18 12 41 0 14 55 29 3 24 40 7 2 24 13
36 13 28 45 25 14 22 20 16 48 27 8 25 1 7
41 33 27 27 22 42 26 5 11 27 38 10 2 14 10
66 19 28 9 15 16 34 12 27 24 4 14 21 9 25
13 29 18 8 19 28 59 11 41 13 24 11 21 24 18
50 53 20 9 8 5 17 18 13 6 38 26 5 25 23
31 51 12 34 9 15 1 8 31 10 36 47 8 10 10
10 24 7 11 36 47 19 36 20 34 43 5 4 15 17
14 46 13 1 9 5 8 0 32 6 12 27 27 3 68
33 22 53 6 16 24 24 15 9 10 26 42 33 17 8
8 15 34 36 3 39 38 10 25 19 26 32 39 6 4
31 54 7 26 5 27 7 25 1 9 3 7 32 40 35
21 10 20 12 7 36 17 23 16 22 66 11 37 1 15
10 35 46 32 5 16 0 25 5 22 29 47 2 32 7
34 1 40 22 10 16 4 28 29 41 5 52 14 12 5
4 41 35 5 9 26 0 10 17 6 10 39 30 58 4
20 19 9 25 7 11 17 57 32 8 29 25 13 23 41
0 19 35 54 10 37 26 6 26 6 19 31 10 33 7
4 10 30 7 16 13 14 40 34 36 22 45 25 33 4
40 61 22 18 0 18 7 16 3 8 19 4 15 10 49
35 12 53 22 56 6 5 20 11 13 1 3 24 22 17
19 30 7 24 53 25 30 20 23 40 18 23 12 7 15
26 1 3 24 22 2 3 5 19 20 70 25 29 26 20
10 12 9 31 26 4 37 9 15 72 0 9 29 14 3
8 23 25 58 22 7 8 25 19 6 50 22 21 1 18
7 19 56 16 19 34 4 13 14 4 48 18 1 35 20
0 16 20 11 35 3 40 5 21 20 13 37 23 20 55
27 10 17 5 12 33 61 25 27 18 13 16 25 16 31
27 72 27 20 24 4 5 18 14 10 18 15 3 35 4
17 2 30 9 11 4 24 15 6 65 46 3 29 19 10
10 53 4 38 10 7 1 13 29 33 24 7 4 24 48
34 41 52 24 11 12 37 15 30 15 4 16 3 9 22
011111001111010 000110101001000 100010111111010 011001011001000 000111101110001
100110001101001 110000010110000 000011010011111 011000011011010 000101000110111
001000011001000 100111111000011 010111100011011 111100110110011 100001000101100
101001110110101 101111100000001 001100100100000 001110011010111 100111010011001
010000010100010 111100000100100 100110110101100 110110001010001 111110100010110
011101011110101 110101011010111 100111011011010 100010011111001 101111000011010
111111001001110 001001101011000 000100101010001 000011111001001 011110101001101 011111110110100
000011001010110 000000101000010 001100000001100 100111101101000 000001011010101 110111111011000
110011101111001 110010111001111 100111000111100 001011010110001 111110000100111 100101000101011
101010011110010 001010111000010 100010010010101 100010100001000 001111001010010 010001100001110
001000001000010 110101010110100 101101110100011 100011000011100 000011111110010 101101001101011
001110110101000 101101000100111 011100000011101 101011111001000 100011110000111
001111000000010 100111110101111 011100110011010 000001101010001 000111001000110
111110100111011 101001001110110 100100111110000 101111100001010 000000110000101
010101001001100 111111101100011 101011101111010 100111010011100 110001011000010
100011101001111 111111001011000 011111001010100 010001000000001 001101011110010
001011000101110 010000001100100 101110000100000 011011110111100 111010111100011
101000011100000 101101011001011 000100011100001 110000101100111 001011111100110 010010101001110
111100010011110 110110100111100 101111000001101 100010101011010 010011100000100 111111001001011
101010000101111 010010010101010 010100110011111 111001000010110 000010001011101 000001001100110
011010010010000 101110110110010 000110110001110 011100010111110 011101100111000 101101111111001
111010100110101 010010010101111 001011111101111 100010101111101 000100010111010 111001000000011
100000100001101 110000110010010 111110111101101 110001011100101 001111010011001
001110010001010 010011100011011 010000000111101 111101101001011 010010000010100
011101110011011 100001101100011 011100010111000 001001001001001 010110110001111
100011101100100 010000111101010 000010110011100 010011101001100 001000100111100
110101110110101 110100001011010 010010001000011 001010010000001 110010000110111
111010110011011 010001011010010 010111111001000 010101011110010 000111110001010
111000000011110 001010101001101 011010110110111 000001111100110 101000000000010 101110100101011
101000010111001 111110001110101 000011111001110 011011111010110 101011100100001 101100010111000
110010101110110 110011000010010 010011101000101 001011110010010 011101110111110 010100101011011
111111010001111 001001000100010 100011110001101 101010101110111 111100100101110 101101011010110
011001100100110 111101100101011 001011111100100 101110110100100 101001110110010 011000010001101
110010110001011 010111001011100 111010001100110 100001000111011 000010011111011
111010100011101 001000010010110 000000101111001 110010101110011 001000111010101
010000110111010 011111110110110 001110010111001 010110001011110 001000100000110
111111100000001 110011011000001 110101011101000 101111100111000 111111000010011
001011011001011 111100000010001 001000010010110 110111010110011 000010000011011
000110110010011 101110001001011 100110110110000 101110011100011 101111001011101
010101110010000 110001010000011 001011001001011 101101111000111 000000010111101 000110101001000
101010011000111 111101001100100 010101110000101 001110100110111 010101101010010 100101101101010
111110010001000 011100001010101 110101011010011 101110010100001 100001010010101 000000011010010
010111011000011 000011101101110 000010001110011 000111110111111 100010101100111 110011111000010
011010010101111 000001111101100 110111111100001 011101100100111 101001101000110 001010010100110
000000000110110 110100000110010 001001010000111 001100100010010 010111011110000
010100111000000 011011001010011 010110000101111 111100111011011 011010100011001
110110000110110 101001010111110 100100011101010 101011110100111 000111110001011
010011001000010 000101111100011 111100101110001 001111011111001 111110011111010
101100101000101 000010111000101 001110010010000 101001101000111 001001110001101
101010010000001 110101001010010 110111101000100 010001010000010 011100110101110
111010000110100 001110101011000 001010010010100 110100101000101 101111100011111 010010001101001
001100000000100 001100010000001 010000101101100 011101110011100 110000101000000 010110101000111
001010111100000 011010010101100 100100011110111 100011011011000 010110010100000 101110110111100
111111010100010 110010100100100 110010110011011 000110100111110 110111001000101 100110011000111
111101011101101 111011000001101 010000111100000 110101000101101 110011010111110 100101110101101
011100110100100 110001100011100 011001011110110 001100001011100 001000101111001
001010100001001 000010010010000 010101001000001 001111101011001 000001110001001
111110000100000 100001110100010 101110110011000 000010011010011 111101011101110
001011010101101 111011100110001 100011011110100 011110110101010 100011010000010
010100101000011 001101001001011 100101010000110 101011111100001 110101110001101
111100000110000 010101101001000 000110000100011 111001101001011 010100110010000
111000111011001 010000111111101 010111001110110 011110011000001 111110100001111 010111000011000
010000010111111 110011100100001 111111101011010 111000000010101 110010100111001 010111111101010
010001010101011 001001101111111 010010010100101 110011010111011 001111100000010 011100110100011
011010010111000 110100001001010 111111000010000 011001111101010 111011001111000 100000100011110
101101011111111 011110111001010 110000101101101 010100101111100 011100110111101 010111011111010
000000000010011 000011111100001 110001010101111 001100111111101 100000011111010
000001011011000 110011001000101 000001111101000 010100011111000 110001001001101
110000000010010 001010111110110 100111011100111 111000000010100 001101000010010
110000101010000 001010010100000 110110111110111 101111111001010 000000011000001
101000010110111 010111101101110 001011000000010 100101001111101 011001111000110
100101100001110 100101110111001 011001000110100 111110110010100 110000100111110
010100110000101 101111101001000 100010101100110 110001010000111 011100001000011 010011001001110
001011000011111 011111000100110 011011001110101 111111010001100 101001011000101 101101010111000
101001010011001 000011011010001 001100100001101 000011011010110 111110000000111 101011100100110
000101101010000 001001010000111 101110101010100 111011100100001 000010111110001 001001001011010
100010110010011 001111001110011 101111111011100 010011101100010 000010101010101 110110110010010
011101010000110 101001101100011 100000011111001 110111001000101 001001100100000
100011101111001 111011001101100 100111011010100 101011001011100 110000110000000
111010110000000 111010110111011 101101011101010 010111110100001 100100111110011
000101100010000 110010110101100 001110100101011 000111001000101 011110001101101
100010000011000 001010010100101 000101110110111 101110101011110 011011100010101
001011011000010 010010000001100 000100010100010 010110001000100 011100100001101
100101000111000 000011111110001 110010111001011 011101110101101 000100100100001 001011011111010
111100001011011 111011011010010 101101010110110 000001010011110 110001000011000 110101000011110
010001001111100 001111100110000 110010000011110 001011110110111 111110111011011 101011110000101
000110000111111 011001010010110 111100100110111 000011110011100 010111111110111 101011110110101
010111110110000 101010001010000 010110000100001 011011110110101 111011110101110 001111101011010
011100101010010 010100001001100 010111000011011 100100110101110 101110011110111
100001111101000 111010101100111 100010110010000 000111001101001 001011001100000
101001101010111 010101011000110 101111110011100 110010011110110 010111110110000
100011110110011 001110110111111 101100101010111 101111010001001 111011100000000
111101110110101 111111010111011 011101010010111 001110000010101 010100101110001
001001100101110 000010011100100 001101100011100 011100111001111 100010110101010
110111111001010 101110011011010 010111010111111 100101101011100 011000011101001 010101001111110
110110110100110 000100111000011 111011001111111 101101011010111 101000101110011 101100100111001
010111011111111 111111000000100 110001001111110 100100111101110 010101101101000 100011100101110
110100010110001 011011100000100 000101011001010 110010010010100 101110001111101 010110110000101
111010111001100 001100010011110 001011111000010 110110011011010 100001010111001 000101001001000
000111100000110 001101100111111 101101111100110 000001100000101 000100101011101
000100100011100 111011111101001 101011101100110 101111010111101 000011110001000
111011101110110 000000100100001 010010111001000 011111010100000 001011110110110
001110010000101 100100010010111 111110001010110 011000110100010 100000111011000
100011100010011 011011101001000 000111011011100 101110101010001 000100101001101
110010101100011 100010010000001 010001010110100 000101000101010 101011000001011
111001111011000 100010011010011 100110000101010 001110000110111 111100001011011 110111010000101
001111010010011 111101111000000 101010010110110 001010100111001 110011001001100 000001011110010
100101010001111 110111101110001 110001000011001 100010110111101 100100101111110 111011010111010
111110011000000 111010101001011 101100111111011 000100001001010 000101100111001 001101111101001
110111011111010 110110100101011 100001101001001 100010010010100 000010101101100 111110110000110
