6 15 10
1 11 23 26 12 20 12 1 16 27 34 4 12 74 15
65 29 29 12 2 3 26 27 12 22 25 30 12 9 15
12 28 29 3 22 47 23 22 31 21 28 27 11 7 39
41 9 30 46 2 44 29 2 13 14 5 5 2 43 16
10 3 4 19 22 32 10 27 16 4 63 14 3 50 14
23 9 30 10 31 5 1 34 38 16 30 1 3 60 8
17 45 16 6 36 1 0 39 1 28 21 6 37 35 25
12 42 11 4 50 16 9 36 13 12 12 21 48 16 20
17 13 9 8 37 25 34 11 16 20 19 42 3 57 13
18 51 42 13 14 11 24 19 5 30 28 38 19 19 8
40 38 20 6 9 9 4 29 39 11 42 33 15 13 27
14 20 10 12 29 66 27 6 5 30 16 33 29 4 10
14 22 36 0 13 33 30 22 14 25 2 53 28 24 21
25 18 15 34 39 4 9 62 27 11 21 15 4 11 22
26 15 17 44 31 13 31 49 29 12 6 25 3 15 23
47 24 25 26 24 22 37 23 18 12 22 42 13 11 3
16 13 40 26 29 9 32 1 13 42 26 8 3 28 43
12 13 27 28 4 5 13 16 10 42 7 58 24 43 5
16 27 30 28 17 9 5 23 32 56 3 15 16 22 36
1 30 31 9 13 58 13 3 31 39 0 32 5 25 13
4 9 38 46 9 0 48 18 36 17 2 35 10 20 17
15 8 36 29 45 18 19 23 4 12 12 15 18 55 20
15 15 38 6 28 46 9 16 59 3 30 6 2 5 21
10 37 8 36 9 32 47 49 5 17 14 23 10 11 13
6 3 8 6 12 69 25 19 25 25 38 17 19 14 21
15 40 17 11 30 9 26 27 5 33 8 13 37 47 19
54 30 1 29 0 40 4 15 26 25 22 16 26 24 11
4 29 3 43 14 39 17 5 20 7 45 25 11 27 37
30 9 2 20 0 3 24 38 35 7 12 23 52 16 41
21 31 37 26 11 16 14 14 26 28 24 42 32 26 16
30 10 9 49 3 21 36 27 33 26 33 23 14 22 3
2 4 2 26 25 7 22 32 5 26 15 65 15 21 36
32 10 11 47 8 37 26 9 13 18 14 55 25 8 5
1 19 10 19 39 13 11 19 19 4 4 71 3 30 25
65 22 5 4 39 27 13 5 34 23 18 14 10 18 12
21 36 4 4 56 5 23 33 19 39 19 19 19 21 6
2 14 64 2 22 19 28 34 5 29 4 12 12 33 25
22 4 13 7 15 66 10 14 1 14 5 41 31 14 38
2 14 20 25 13 1 53 3 49 14 25 17 31 35 9
13 7 36 16 26 39 27 36 47 4 35 20 3 4 14
30 8 20 0 33 24 22 1 26 58 18 31 16 28 13
23 11 63 23 17 1 15 19 2 37 2 25 12 38 18
13 17 2 37 40 24 49 10 47 6 20 2 25 16 8
10 3 14 11 13 21 41 3 3 24 40 14 53 42 19
18 50 11 2 25 56 15 8 1 1 43 1 19 24 15
39 2 10 45 6 12 10 20 4 0 17 45 56 4 12
21 11 17 44 12 6 15 12 39 15 22 43 4 39 32
29 28 3 24 29 2 18 53 19 19 12 49 14 9 16
25 8 10 14 25 5 20 29 25 66 37 12 13 0 19
19 12 1 45 11 29 33 4 15 22 6 33 29 15 50
24 24 36 16 7 55 11 5 3 9 2 39 25 42 8
23 19 22 36 44 15 27 21 31 8 28 40 7 13 20
9 53 30 17 18 20 21 12 17 1 26 43 13 28 31
6 18 3 6 4 61 9 19 25 18 18 4 20 12 59
9 15 41 15 18 35 4 24 3 12 4 65 12 7 34
15 20 65 29 2 43 9 12 0 14 23 5 0 11 36
2 30 11 24 7 2 17 34 60 14 4 16 49 21 6
28 25 30 27 32 26 16 31 10 29 12 31 27 32 13
39 7 45 14 12 42 13 37 15 3 28 12 15 14 34
30 9 4 38 8 17 39 15 63 16 20 26 2 6 12
101101100111011 011001111001001 111101111011100 011011111010101 111011001011101
111111000110000 111100011101110 011001011110101 001010100001110 110000001110100
100110000000011 011010101011111 110001000001010 101110010000001 011111110101000
110001100101000 110000100100010 010010001110111 111001111010011 110111010100101
001000000000110 110110101101001 011011001111101 111101101101010 011011001010110
010110001010110 001010010110001 110101100110110 110001010111000 000011010111100
001110101001011 100001010011000 111100111101000 110101101010001 011001011001111 011001111011100
111011111110110 011110111001111 011110110101001 001101101001001 001101111111100 011000110100111
111011110010100 001100101101000 101011001011000 100100110100000 101100101011011 111111101011100
111010011011110 111100010110001 101100110000100 001111110111010 001101000110010 111101001011001
001010110001001 001001000001010 100111000001111 100001100000001 111101110100011 001001110010011
000101110010100 000111010110111 111110101011101 010001010010011 011010111110100
100010001011111 000101001001100 010000011100101 011100001000110 000100011010110
110001111100001 101100110000110 010100111101100 001100010101010 111000110110100
100011000110000 101010011101110 101001111000110 110011101011001 000100010100000
110111000001011 110111001011001 100110100000101 010110000010110 010101110100100
100000110010010 110000101011110 110111000110111 111110010111110 011001000001111
011101000011000 101100011001111 001011010010010 001100001100100 011110011010001 000110110011110
111010110011001 011101001011000 110010111101110 001010001001010 111100010010011 101101100110010
101101001000010 001100000011111 010100101001001 001100111111011 011110110010110 000010001101011
001111110011110 100110100011111 000001000000111 000010001110111 010100110001100 000101000000011
010111100000101 111110001101101 111001110001100 111010010111011 100110001100011 111011000110111
011111101000010 000011010011010 101000011111101 001100000110111 001000001000110
000000100110111 000000010001010 110001000010100 110101100100101 101011111010011
011101110001110 110010111000110 011101011110111 010010100110101 101010111100010
111100010000100 101011000000010 101000001100010 100100100001100 110010001100000
000010100111110 110111001000000 000111010010001 100111110000111 010110110101101
100101011101001 010000010001110 101110001001000 000010110111110 110001010110001
000010010011011 010010100001011 100100011011011 001100111011011 110011001100110 000000001000010
000101000111100 000111101001001 010101000111100 001000010011100 101011100110001 011000100100001
101010100111000 110101000110000 001010010000101 010111000100000 111110001101110 001100001001011
110010001101111 100111001100110 011000001111101 101011010110100 110000011001100 010000110001101
101001110000011 110101100101010 011001100110111 000001011110100 111000100000010 110110111000011
110000110010111 111001111111111 101110011111111 111011110110110 001010000100000
010101111010000 001001111010101 110001010101001 110111010011011 000011000101100
010000110000111 010101011110101 011001111011111 001000111001100 011010111011001
010011001001010 001110111010010 110111010000000 001010111111001 001100000111100
010010111111101 011110101100011 000000010010101 000001001010111 100011101001110
101111000101010 010111011110110 010010001110011 001110000110101 101011000000011
101110010111010 100000011001011 010110101010110 100000000010110 111010100101001 110010111101110
000010111010110 100001100111011 000001101111011 110000011110000 011101111111100 010010001100001
100111110011001 011101101001010 001101110010000 100010011100011 010001000111110 000111101101100
010010110001101 101001110001011 111001001011110 000100011011010 111001101011111 010011011010111
101010110100010 101001101001011 000110111001101 010010011001101 001110111010001 001010011001100
101000111100100 110110000000000 100010110001001 100010010000000 100100001001111
101110110001110 001100111000101 001011000100010 110100101101101 100111111111011
101101011000001 100001001000111 000100000000110 011100001110000 100011110000110
011001011100101 001010111111111 011001100101111 000000011101100 010101000101110
100101101011000 011100001100010 100101011101111 110011000010111 101011111101010
000100111010010 000000110011011 011110010100010 100001111010101 110001001100000
101001111101010 110001010100010 011011010101111 011110010001110 000100011010100 010000100001110
110111000000010 011001111101000 010100110101101 110011101110101 111100000000010 101011100010111
001010101111010 110110000100000 010111110111000 001000001011010 001100100010010 010011000111110
100101101010001 101100100011001 010100010101100 100010011011000 110010100000100 101000001111110
011001001100100 010110110010010 000111001001111 101111101100110 111000110110110 111111110010000
111101010010101 100001111000000 011100011010011 010101111110000 111100010110110
101000000111101 001101111000011 010010110001010 111000010000011 000011101010011
101101011000010 101110011111101 011000011010100 101101100101100 111110011000111
100110101101010 011000011110110 010110011110000 101001011110100 101011110101111
011000010100110 111010010011001 010100110001100 000111110001111 110011010000110
101000001100000 101000010111100 101101011101001 010110100010101 110011100001001
001011000001011 101101000101110 111011001111110 101001101100001 000111011010101 100111101011000
001100111011110 000101101110110 111000100000100 111010001100110 101010000001010 110101110101011
111101101110101 011001110100011 110111101111111 111001110011100 000001011101001 001101010001011
100110101011111 111010000000000 100101111000101 011000000011101 101101010001101 110011100010010
111111101101110 111010010100000 101111100010101 011111010100100 100000000101001 000001101000111
001101110111000 110100011001000 010101000111001 111110110101110 101010000100111
110111010111011 100011111000100 011010000110010 101100110110111 101111101111001
101110010011100 110011110010000 100010001101101 110001000010100 000000000100011
100111000100011 010001110110101 110011100101101 001110110111111 100100010101110
011000011001011 011010011110101 110000111011010 111101111110000 010010100110111
010001110000010 110101011010011 000001101101001 111000101100011 111000111101001
100100000000010 010110101110010 010110111101001 111101010110010 011100100100001 001101011001111
101010100111111 001100010100111 111000110111111 111111110001010 101110100100000 100111011110110
111110111011010 110001101000100 011001001010101 100010011101101 000101101001101 100101110100010
100010101001111 011100010010001 011100111111101 111010010000001 101100111101110 000011010101011
100011011100101 110100001110010 000001010000011 101100000100000 111101100100100 110100101001000
100101001100111 010101100010101 100101001100010 010111000101010 001111101101010
010010111110000 101110011100000 001110111111000 111000110010001 100000111000010
100011000010110 101001101111111 000000100100111 000110101000011 010010101001111
000000101000110 000000010010001 011111010110010 100110000010100 001111010101101
011010000110100 010010000011010 011110111110110 100010100101011 101011110001110
100110100001101 001100101101101 001100011100111 000111111010001 111010011101100
110000000101001 010101001000011 111000011000111 001110101010111 100100000111011 001000010000001
011011111111111 110100101100100 010001100100101 010000000101011 100011000000001 110110111111000
011011000100001 001101001001001 110011010001010 011001001110100 110001111110111 001000011100101
101010101000001 101100011100001 000001000101001 100001011100011 101010100000010 111000101001000
001010111000111 100001110111111 110111110011110 010100100100100 011001111011101 101000101010110
010011100010001 010000110000011 110000001100010 001100111100111 100011010001010
001000101001110 110001010011001 010110011000000 101001011011110 101110011110000
101011000010111 111011010010011 100100101010010 010110000100111 011001111011000
101111000000010 010100101100101 011100001100000 111110111001000 110111001111110
110011111111001 110110001000111 000110100011010 011000010111110 100111111110010
011110111101111 001000101000011 011110111011011 010001011010100 000001100011101
110000011011011 110100001010111 011000001110001 101010111010101 110011111010001 101111100111010
000001111010011 100011011001111 111111010000101 110100111010010 101111110101010 000100011110110
100101001000101 111101011011110 010000100001011 111101001111101 000001010100001 111011011101101
110001010100110 111001010011101 001010010110111 000011111001100 000101010010010 111000110000010
000111001011111 111000111011001 010100110001110 001010100001001 110110110100101 010011111110010
111011010000110 111010010101100 000011000110110 000100011001000 111010000001101
010001000000101 000100011100001 001001101111101 100001101100001 110110101100011
100001101100001 011110111111111 000000101111101 100010110101000 110110111000111
111001100110100 010010110110001 001110010111100 000010010000100 110100000100001
001101000101101 000001010111100 010110001110001 100011001011011 000001101001001
111110000110000 101101101000100 110000011111101 010001101111111 011011111001011
110100100111010 001011000110010 101001101011111 011001101101011 001010010010101 000101000111110
110111001101100 100000100000000 110100111000111 001101001010010 000101100011111 101111000100111
000000010111100 010101111111000 100011111101000 110100100100100 101001101010010 001101111111111
010110111001011 000100010110100 111000101111000 001111010101100 100011111010001 011001011111010
000011000111011 001010100100101 100100111011000 110010001010011 111100011101101 010111100110010
