6 15 10
16 8 17 20 6 27 12 28 29 21 21 54 51 1 11
32 11 23 13 17 2 38 27 11 1 11 41 48 31 22
21 36 60 30 15 20 17 10 41 1 5 9 5 9 30
7 2 50 39 6 12 27 9 6 19 50 38 19 1 16
19 13 46 2 14 3 1 44 0 9 5 15 45 41 33
37 11 22 30 16 36 37 15 52 10 10 8 12 12 26
2 8 9 4 14 47 40 45 6 35 3 14 2 48 6
24 56 15 18 41 4 56 3 12 5 7 5 4 14 19
27 22 40 26 7 26 40 2 26 5 7 49 10 19 24
1 24 12 33 13 16 63 3 25 37 15 17 5 22 27
36 29 16 16 37 6 25 26 2 5 20 26 56 14 13
12 19 24 60 45 21 8 18 32 12 6 14 31 7 8
46 15 30 13 8 40 0 45 17 23 12 18 29 14 24
44 8 9 30 53 10 18 14 27 0 11 31 17 34 19
2 18 2 17 8 3 44 35 55 16 25 20 33 15 22
3 10 6 13 4 3 46 26 14 11 52 4 13 57 20
45 17 4 25 17 13 23 18 61 24 16 9 11 3 31
6 18 27 56 16 25 5 1 6 12 23 15 61 7 12
13 21 24 6 9 27 21 12 44 50 32 11 32 24 16
62 3 1 24 2 26 3 3 31 53 14 28 9 5 4
66 19 47 11 22 7 21 32 11 22 9 7 5 0 16
4 30 28 38 27 15 20 11 15 21 50 33 11 26 20
12 9 6 19 24 21 3 7 19 0 7 50 68 28 3
9 20 5 15 18 8 53 14 8 33 1 45 7 16 48
2 30 2 20 18 18 46 16 48 33 8 23 16 39 0
14 43 31 36 28 39 17 26 2 11 26 39 1 2 0
25 32 11 32 14 26 6 23 39 7 21 27 44 31 10
45 24 24 7 18 9 40 41 15 16 48 14 2 11 1
17 3 5 7 3 23 2 16 56 22 5 23 40 55 0
21 44 1 25 12 47 2 12 39 32 18 21 18 2 29
11 0 31 4 58 10 20 4 56 18 14 1 37 2 1
24 13 40 18 48 23 7 31 19 15 1 50 16 11 7
3 64 27 24 18 19 17 36 21 38 8 10 11 3 12
23 30 3 2 45 36 0 0 29 12 37 8 10 51 7
21 45 2 14 10 17 34 14 47 15 23 30 4 42 6
19 47 38 32 13 43 6 17 2 23 37 8 23 5 10
38 31 16 14 21 10 7 8 1 30 32 21 49 6 41
9 24 14 2 20 51 32 5 42 19 2 7 29 23 40
22 28 7 10 20 6 9 3 34 7 60 16 21 44 26
16 30 42 22 10 49 2 15 23 35 12 20 33 20 3
12 18 15 30 34 23 17 34 13 26 23 31 45 30 2
5 4 27 39 60 21 16 14 1 2 5 23 8 6 50
4 14 16 13 27 35 15 37 29 12 9 62 22 7 20
16 7 23 1 3 9 18 4 17 17 4 20 37 36 72
30 5 36 15 33 18 13 1 9 19 56 8 28 20 34
37 29 29 13 19 30 31 32 30 30 33 18 12 6 11
6 27 0 2 42 39 6 28 0 1 19 25 17 46 41
30 25 7 9 28 2 35 12 61 4 8 43 3 13 15
37 5 39 11 25 9 22 19 4 63 22 3 21 22 6
18 8 19 68 15 39 9 13 8 3 7 40 8 19 23
42 21 8 21 10 29 56 7 9 4 31 31 11 29 12
28 28 0 5 24 16 28 44 12 30 10 33 10 43 24
9 11 7 18 46 13 53 46 42 18 3 2 10 5 1
7 44 13 40 6 22 17 21 9 36 38 42 11 8 16
29 23 11 35 16 60 2 2 12 34 24 3 34 2 20
21 40 9 46 22 0 15 1 22 6 46 22 29 32 13
34 5 26 46 38 26 12 30 5 42 14 24 13 8 10
14 10 1 20 61 22 2 19 31 13 11 26 33 37 19
25 42 31 10 14 10 47 17 10 22 40 7 36 5 16
22 30 20 8 22 33 3 20 24 8 16 70 3 0 18
101101010101011 110101101001110 111010110100101 010101001010111 010111100100001
100111110011010 101100110000100 001111101100010 001101001000110 110010011010111
111010110011100 110011100101011 000001010100000 011110110011000 111110101001100
100001011010001 001010011010111 100101010000010 100010111000101 110011001000101
111110101000010 010001100010011 100010011001001 110001101000011 001011011011111
110000101010001 010000100010000 110111101111001 101110000101000 001011011100101
010010011100010 101100010001101 011010100000010 000010011011000 000110100001010 111110110110000
111011111010000 111000111011001 011100001101100 001101001010011 011000000010111 000001011011101
100111111001111 101000100010101 100010101111111 111101010110011 111011101001100 000001000110111
100001110101011 001110100101100 110100111000101 001000010000110 011000111100010 111110001111110
011101101001111 110001111010011 000011001100100 011101001011001 101110001001101 010111001101101
111000100111010 010000011101111 000010101010010 000011101110111 011000100111110
001001110010010 001111100101101 100110000000101 001100101011111 010101001011011
010110001011111 110110101101011 101010111010011 001101101110010 111110001011000
010001011110111 010100011110100 001010101000101 000001001101001 011110011101001
100001001011101 000000000111010 011101000100011 001011001110010 010011001100101
110101011000010 010100010110101 011100010011111 110110011101100 111011100011110
111100010111100 110001111010110 011010011110001 001010110010010 001011100001001 001000101111110
011001001100001 011010000101001 001010001000001 010001101000000 101101000000101 111010101110111
011101100100000 000010000010011 100110101101100 000101100011001 010111010011011 101011011101111
101000110110010 101111111011001 110110001101110 101101001111111 001100101111000 000010100100011
011001000000111 101010001000111 101001101111011 010111110111010 000100010001100 010100100010000
101100010100000 011011000010001 101001000000110 011001111000100 010001000100011
000111010101111 111110111110000 010011011111110 000001010101100 111100101100010
010110110111110 001011000011110 110111101100001 101010101101010 101110001110101
011100011100110 000101001010100 000110101000110 101011000011111 011100010110101
001110111010010 111010111010010 101011101111010 100110111001010 111011000011011
100101101001001 010000111010010 101110110111111 110000010000010 101010010110010
001110101110101 110011011100110 110100010000100 001100011010011 101100011100110 000100100111000
111010000001000 010111001110010 001111101000011 011101100100010 101111010001111 010000100001100
100001011100111 101010011101000 111101011100111 010100101000100 000001111011011 001010101010000
110101000110110 111011001011110 000110111110000 010001111110110 110110001000001 011111110110001
101111000011101 111000001100100 101101111100110 011010010001110 011000010100110 011010111101011
101100101110101 101100100000001 111110000001100 001101101011000 111100010000111
101000101101010 110010111011111 110000010101000 001001101110010 110101101010010
100100001010111 100101110011110 000100111111111 010000110100100 011010101110110
001010000101010 111001011001001 000010010101111 101101110101001 010111011101010
111111001100001 001011110011110 001000101000110 110111011001010 010001001000100
000110000011101 100011011111110 011100110101000 111011101100110 010100100110100
110000001110011 101011010010111 100000110000110 000101101110010 001001011000000 111100100000111
100000011001100 111100111100000 000000100101011 110100000100000 010100111011101 000010110001110
000111011100100 100100111111001 000100110010011 111010011011001 001000100001111 011000010011001
100101111100001 011100110111110 001011010100011 100111001010011 111011001110010 100010010000000
000110011111011 001110110010010 111110111101100 011001101110101 010000111111000 111111011010000
011100111010011 101010111101010 010011111001101 001001000000001 010101011010101
011100111010000 000100101100111 011001101100101 111101001111101 101100101101100
010000010110001 001111000010000 100100100011101 001110001101000 110000000010001
011111001100100 111000011000010 011110001001001 101010101011011 011001000011001
111101111000000 110010000101000 000111011000011 010110100101110 100011011101000
101100001101110 000011010101011 010010101100100 000001010110010 110101111101001
001111110110011 011011101100001 011010010001110 010100110111111 101100101110001 000111000111010
100101011000101 100011100101111 100011101100110 110100000011000 011101100100000 100111110100101
010010010101110 110110000110011 111001000010011 110110011011010 010110100001111 011111100101010
000101010010011 010100011001100 111100100010100 101111110111111 110010010100001 110101000011011
100101101101011 110100011111010 010110111111111 010000000101111 110100111100010 010111101110101
100010100101001 110110010110011 111111000011111 100100001001110 011100001000100
111011001011111 111101101101101 111010111100001 011101101011100 001100100110111
111011001111000 110110001110100 011010110100110 100001100101100 111100010010101
110011011110110 110000000111000 001101111001010 111000100111111 011110001000111
110010011000001 001100010001011 011010101011010 000100010100111 110011100010100
000011101100100 110001011111100 010011101100001 000110110000001 001100110100000
101010100010101 111100101111110 001010110100011 111101001001101 100010111111100 100111100100110
010111100101000 000110111101101 111111101001111 100001100101011 111101000001110 011101001010100
010001110111010 110000001111000 011101110010101 110001101101100 110010000001001 101111111110010
011011110100110 110011100011011 000110010101011 001001000011100 100011111000010 011111010011001
101100011101001 001110001101011 100000010000100 010011110101110 110010101001010 100010010100010
011001110011001 011000001101101 011111111000011 010111111001110 101100001101101
011010110101011 110101001001110 111000010110110 111111001101101 101101111011111
111101001100101 101110011001000 101011011100010 011010010110100 010101111000101
011101100100000 101110101110010 001111110000101 110001101101001 000000010101001
110110101101110 101110001101000 010010000111011 001101100011011 111010001110100
010011100001001 110011010101100 010101110110001 000011000010100 101110011110110
001000000101111 110011011010110 110110100001000 110100110010010 000011111101000 100110110111110
110111100101010 011010101001111 001101011100110 001100011011111 000110100101100 111100101100101
111001101111001 011111111111111 000100101011111 101010010011010 100010100011000 111011010100110
001010101101011 111010010001000 000000110100101 111000100100011 010100000100010 111110010001001
001101111000100 011101101001100 110111110100001 010011111010100 001001101101001 001111010111111
111001110110001 111011011101001 111011010010101 100010000111010 000000000111110
100111001101001 000010100100011 110111110100100 110101010000011 100101110100001
111100011000100 100011001100010 001101001111111 001000110010011 101110010110111
000100001111010 010111000111111 010101101001010 010100101101101 101100010010010
010111101101001 001010111010111 100110001100111 111100000100001 100111001001001
010111100011101 000101011000100 001000011101110 110100011100101 011110000111110
011110110110010 001100000000011 111000101111111 111101110111001 011001110010000 110001100000111
011110001010001 100011101100011 101101010001011 001010110101110 001010011000011 011000011001010
011001001100110 110101001110100 111011111000100 010010110111010 110110100001000 010010000001000
100010001000011 100111100110101 111110100111001 110111011010100 111011110001000 101111110000010
000101110110000 011111001000011 011000100100011 100001011100110 100011011111011 101001111100100
001101111101011 010101101001011 010000101000001 101111010111010 000100000000011
100010001110001 010010111110000 011110110000000 010001110010110 101111101100111
011000101101010 001011110000000 111011100010110 001100001111001 001101010001001
111011101110100 101000101011001 100100011110100 000001100010011 101001000010111
001011001110010 001000111011010 101000111000101 001111000001111 101111110011011
100111011010100 010000001001010 001000000110110 110110100101100 010101110010101
000001001110011 001001011111010 101101000001101 001011010101000 001011111000010 101110110001000
011110011100011 000010101110011 110010101111001 011110000000110 100010010110111 000101101110101
100000010101100 000100101111111 010011010110010 111100010101000 100001010011110 111011100000001
111100110000011 110001001110110 001000011001011 111111010111110 100001000111011 100100110001000
000010110111000 000000001101010 001111010000110 000000100110011 010010001000011 110111111110110
100000101100101 111101010101101 110101001110100 000111110011001 100101101101110
111000110010010 000101111111001 000000110011110 000101100011000 101011010101001
101111001000101 100000001100010 010001000110101 101101111110101 001110010011100
100100111010000 010100101010010 101000111001001 010011100000110 110100110100111
000001101100110 010010010011011 010000110101100 100010001001001 100001110010000
101110110011110 111100001100100 111100000001100 010110101111000 101001100001011
110100011011000 111001111111111 110110010100101 110101001010001 100010000100110 001011011011101
001000010001100 010100111110111 111000100100101 100001111110010 111001010111001 110010011100100
001001011111001 110111010000100 111110001000011 001011111101001 100110100110100 111010111000001
010010000001010 001010100111000 100001100010011 101001101101110 011111011111000 101000010010100
110111000001011 000010101101111 111110000101011 011010101111101 001101001101011 110011100010111
