6 15 10
59 19 8 14 28 10 5 21 28 20 32 5 47 3 11
9 6 31 27 22 17 13 19 52 3 10 37 11 21 46
30 22 7 37 30 48 7 4 9 44 23 25 24 6 14
4 21 35 14 14 32 6 44 24 1 10 1 21 60 17
37 18 17 15 31 11 57 21 1 8 10 14 19 23 43
27 4 22 7 36 8 51 36 30 21 36 6 17 19 13
2 7 31 36 9 69 20 9 7 6 23 22 0 35 6
1 15 10 24 37 6 48 2 40 25 14 25 32 29 23
23 30 36 12 16 37 1 10 36 42 24 25 19 25 16
37 18 11 6 29 4 3 1 6 14 15 6 81 11 9
48 12 16 5 28 20 27 31 9 21 15 2 59 12 4
13 16 12 27 25 5 39 16 38 23 43 17 39 13 23
16 23 38 16 28 43 12 28 12 47 16 19 22 10 19
1 7 15 41 60 4 26 31 7 42 15 16 19 8 11
3 0 3 31 4 29 12 70 13 31 8 0 3 44 3
50 7 11 1 4 12 58 26 2 27 31 1 28 17 20
11 23 27 10 7 14 43 32 3 24 32 54 16 27 3
4 22 15 5 32 9 15 24 48 10 5 65 8 17 18
10 8 28 7 14 26 28 24 30 61 3 19 13 40 1
41 5 15 36 40 2 28 0 3 11 16 37 6 41 29
52 18 2 13 17 2 10 16 5 1 39 41 42 7 33
0 20 20 30 20 0 61 4 10 15 17 37 41 14 15
3 32 6 36 31 2 9 25 7 21 44 18 3 1 57
44 17 43 39 22 12 32 12 26 12 27 7 1 3 33
7 41 7 57 20 20 10 9 0 18 25 51 18 3 10
0 1 11 5 33 6 32 19 37 43 32 15 7 20 49
31 27 34 7 3 7 27 9 27 6 46 20 42 20 28
10 1 16 50 30 16 22 6 60 3 28 7 27 13 7
17 15 29 37 53 40 13 5 38 19 14 9 19 13 4
15 12 25 12 20 18 2 7 13 31 48 40 48 13 23
10 13 4 18 36 80 1 11 1 18 9 30 8 15 7
23 21 31 6 31 7 59 39 3 22 4 26 9 1 29
33 3 10 7 13 11 9 15 38 13 30 25 32 34 54
29 13 17 7 38 5 9 1 3 22 41 48 47 2 18
11 0 50 20 6 1 31 15 33 28 6 14 37 47 3
32 23 45 2 24 4 26 8 13 40 22 18 35 1 36
5 42 8 12 35 22 35 17 37 7 35 1 22 40 10
31 16 17 18 34 5 40 56 10 20 18 23 20 1 23
41 4 24 45 21 18 46 35 13 2 14 11 13 30 8
0 1 43 16 24 40 15 7 41 48 16 4 4 4 33
10 13 66 20 45 27 19 18 24 11 5 18 7 11 16
31 39 54 12 17 32 6 2 7 17 35 7 11 17 33
8 25 39 12 11 19 12 14 5 48 25 40 41 23 12
3 20 11 14 34 11 35 54 2 5 36 6 25 42 10
32 4 41 6 15 21 28 27 37 7 23 9 19 51 1
13 63 16 36 20 29 2 6 20 43 8 23 5 8 12
6 23 14 17 25 10 2 42 30 41 9 36 31 14 37
7 5 31 25 27 13 20 35 14 6 32 60 10 22 20
29 19 27 36 6 48 20 27 15 31 17 20 15 31 17
13 29 20 10 14 39 35 1 48 25 9 21 31 33 10
3 24 26 10 23 17 18 50 8 27 7 10 22 49 35
10 34 18 11 18 43 37 7 1 3 10 14 53 15 38
14 13 23 28 23 20 29 11 36 25 43 15 11 40 26
34 28 9 3 61 19 31 12 28 12 33 0 17 13 18
41 26 16 33 14 21 5 21 16 32 21 40 14 40 9
29 25 4 8 20 56 38 16 32 24 30 15 3 20 10
9 23 23 8 42 29 15 10 32 39 18 31 42 15 9
71 14 12 7 7 32 20 37 18 22 5 21 21 9 4
26 60 11 26 15 13 9 30 11 10 24 25 44 2 14
26 4 20 20 38 50 50 1 25 25 19 10 1 11 15
100000101000101 001101100110001 111100101100011 111101011001010 000000000001110
010001001110001 100001100111110 011010111111000 100001011011101 101011000010000
111010001101011 001010001111100 110100111100100 000001100101000 111111100011110
111011111000101 010011011101101 101001110011101 110000001111101 100011011110111
001100000000011 001001101111011 101001110010000 110011111001011 100111110001011
011100100001010 011010110011001 001100111000100 100111010000011 000111110100111
100011001000111 011000001011000 011000100010101 101100011000001 011000101000100 110101111111110
110111110100000 110001011110011 110100000100100 000010101010010 010100011111111 110110111001100
011110101001011 000011010000110 101111000101100 111001000100100 001110001011000 010111100110011
101000110000101 000101100110111 000010010111110 000001001011000 010110001010010 111110001000010
000110110000110 110110010000101 101010111010110 010100011100010 001111110110011 111011000010101
101001111100111 101111011001000 001001011100010 100100101001101 000110111011100
011000001010011 111110001111010 010000100100100 010011110100100 101110111010100
111101101011011 100000010100110 101010101100010 011000100010110 001001010010101
001011000001000 101001010000100 110000011001011 000110100111111 110000100001110
001001001110110 001110011010000 100101100010100 001100000000011 001111000100010
111011111000010 100100011101100 110011111101110 010010100100010 011111100010111
000010010101000 110111011111110 000101110100011 110101010110100 010000010011011 000101101001001
011110001110011 111101000111010 111001110010010 101111111011100 111010000110000 000010011000000
111001010011011 111110110001110 000000000111010 000110101100011 000101100100001 110010011010001
101101010110001 010000011001101 111101011101111 111011010000000 001111111110110 011000001101101
011011001110100 000010100100000 100101001100010 000010001010101 100100110011111 011010011001100
110001011100100 001101110100001 110001111011100 010110000101011 001110100000010
110011111100001 100001110010000 101111110010110 100100100101110 101110010001000
111101001100111 111111000010010 001000111011001 101001010011011 100000011101110
100111010101101 110100110011000 010110111110011 011000100110001 010100101010010
111000000110011 101100000111011 001100111100001 000100011111001 010101101111000
101010010011001 000111100000011 000110100101001 111001100001011 000010010101010
010100101001100 011010100101001 011001100010000 101111011111011 110010010111011 011011011100110
000010110010000 001111001011010 101001101001101 100011011010000 111010101011010 001001101110111
011101110010010 010111101011000 101101100001010 011101000110001 011011101010011 110000110011110
101011101111100 010100001101001 101000100000110 000110010010100 001010001001001 111000100001001
111100010000110 110010100111110 111111111001110 011100100011001 011001000000000 011000001001111
111110101001000 111011100010011 001001100001011 101101001001101 000010100100100
010110111001001 111010010100111 001110000010100 011101011010001 010000011100110
011010010101000 110000110100000 100011010010100 110011011111001 000011011111000
000101010011001 101010101110100 000000110011110 100100001010001 001011101010000
010101000011010 010110111011011 010011011111110 100110110110000 001100000101010
000011001110001 110110010001010 011001101010100 000000111100100 011100101010011
011001101101000 110010100110110 001011011011000 101000001001000 111111010101110 110100110000001
000100101010100 111101010100001 011110011101010 101110001001011 000110000010011 100100010111110
011101010100000 011101100101110 010101001111110 111000000000001 110111111101011 010100111000010
110001100001101 110110011000011 110111000010111 100011100100101 011111010111110 111010111001000
001101110010001 111110110001100 110110010100101 101100000101101 101100011100100 001100101111100
100101100000111 011100110011001 010000100101001 101011001100110 110111111100010
101000111000111 100000010100110 111110010000101 100001110101011 111110100110010
111110000010011 001101001001110 110011110111001 111100110000110 011011010000000
010100010111000 010011011111001 110101111101001 101001010001001 000111101010010
011011110111001 100000011110011 010011100010110 011000100000000 110001110001100
010110111111010 111100101000111 010000101100010 100010100011000 010011011011001
001100011110100 111011000001011 000110001011001 001000100011110 101101100101101 110001000000111
000100110111100 010110100101011 100100011011101 011000011101011 001000111111000 100100001011011
010000001001111 110000111111010 111001000010111 011010111001010 010010001111001 011101011000100
010010100100111 010010010001010 111000110110010 010011101110101 000111001101000 010111000011010
111111100001000 011110101000010 101110011011110 010100101010110 010011101010010 110110100001001
001011111101001 100001010001101 110100001111001 010111110111011 010001011101000
010111100110000 111010100100000 000011000011001 101000000100100 111010101110011
011111010100011 011000010101100 011101111100010 001010000001100 110010110011000
011001110011001 110100000001111 110011011010100 100001100011100 011101100111110
111110000110110 101110011101100 011000100010010 110110100000011 000101110110010
001111111111011 000100001100100 100110100011110 001001010101100 101101010001011
011010010001001 110000100010001 000100010101001 011100000111110 011010010010100 111101101010000
110101101011101 101001110111011 011111111010001 111110100110100 011111110011000 000001100010111
100011110101010 101110001100100 011011110000111 111111001011111 111011101011000 111100010101000
101101111110001 101000110011000 110011011001001 001110110011001 011001000110100 001101011101100
100110111101000 001001000101111 111110100101011 010101110100100 110000001001110 011101110011011
001100011011011 110000010011101 101100011000001 011111011101000 001011001111100
011111000001000 111111001111100 100110111110000 100001001000111 011011010001111
010010101101100 001000110001011 011000101110011 010010101111111 110100101100001
001100000010011 010101101011000 101101000111101 100110100010010 001010111001110
110010001000111 001100100111000 000111101110100 100011101000110 110000101111110
110000001111100 000010010001101 101110011101010 001010010110001 101011001110010
100011100000100 010000000111001 100100010111000 011010001010111 011110010100011 111111010010010
010001001100011 100010111000011 010111101110011 111101011101110 100011111001010 111010110011001
111111011010100 011100001111011 010100011100111 000111011000100 011110011010100 001000010011000
011001100111110 101000011011001 101111100110010 111000000100110 001010101001010 000110110111011
010001000000101 001001111101000 110000111110011 100111100100001 011110011000011 100000010110001
100111100000110 011001100011001 101011101001010 010000101000100 010000010000000
100010010000101 010001101001110 101110110100111 000111111001100 011111111001001
110000001100101 010001110110101 111111011011101 111100000001000 111100001100011
011011010000110 011001100111010 001010001011111 100110101101101 010100100010111
001000001110001 100111110100111 100010101001011 100001110111100 100100000001000
101011010011011 100000000001110 111001101110111 111011111101111 100001110101111
010111110111111 110101110111010 111100010000111 011000110110110 011101101011110 110111111001101
101001000010100 110011110010100 111011110111110 101010111101000 010101000100101 010101010110001
001100000011100 100100100111111 011100001110111 000100011010111 111100111010010 001010100000011
001011000010001 100111001110100 101011111000100 111010101110001 000100101101011 101001110001111
100111110010111 100111101010111 111010111011011 111011111111010 110010001110110 011111000101111
100011010011000 110011010010111 011111100011011 110111101001011 110001010010010
101111101010100 001001101100010 100111000101100 011111100110010 110101100100000
111111000001110 000101100101011 101010111010111 000011110110111 000100100101000
111110100100111 111000000100110 111001010000011 000101001010100 101110110000100
001010011100011 101101011110100 011010010001000 001101110001001 001001111000000
011001110110110 001110010111110 111110111000101 010001000100110 100100111001010
000100111111111 010011011111100 000101111100101 111111010100001 111100000011111 100101111111110
111100011000101 000110011010011 110111001001110 001110111000010 101100000010100 110111001010001
010110010101111 100010100110111 001011100101110 100011010001110 110101000011101 011011010110000
000111000110001 001001101011111 011001110110100 100100001101101 000100001000100 100001101101111
011001111000101 001101100100001 011001011101000 110100111001000 011011011010110 110101110111100
110010111001001 011101001101011 111000111110101 110000000100111 101110010011111
001011100000110 011100101111100 111010001010000 110000101000001 111100011010011
010001010001001 001000000010111 110101100111111 111010111100011 010100101111100
101100111010101 110100111010101 011010011011001 111000000111101 110011110101011
111111111100100 110100000110010 101000000110111 100111001011001 111010100111101
011011010011110 101111010100101 011011110010000 111011000010100 101110100110000
011111100000100 110101100100110 000001000101100 001100100101001 101011101111110 010101110110111
110100110101100 100001010000010 010111100111010 001001001011010 100001101001001 011100110111100
100001100010111 101100110011110 001111100110100 110010010001101 111001001001011 010100111101001
000010110111001 010111010011100 110001111111001 000010101000110 110001000101010 100110100011011
011101100110000 100100001011101 010001111000000 000101101011001 111100100100001 101010101010100
