6 15 10
28 34 2 54 37 10 35 6 2 44 13 7 13 10 4
3 5 37 21 11 3 49 64 6 13 6 22 3 26 9
2 8 11 2 15 18 39 21 13 3 39 4 22 66 28
32 0 35 21 2 12 6 33 19 26 16 30 15 60 7
45 18 1 30 18 17 46 17 25 12 1 13 26 21 41
9 1 16 55 35 59 15 17 3 13 30 10 16 9 1
17 32 41 33 5 23 22 23 7 18 34 26 30 3 35
31 9 4 41 35 33 43 18 36 27 0 7 15 22 3
24 28 4 41 37 12 39 10 40 19 10 10 14 35 14
38 17 21 0 29 7 47 28 28 23 7 7 43 21 14
29 26 17 26 35 13 4 37 11 12 19 33 2 42 35
7 21 40 5 2 20 65 28 27 7 13 22 0 18 26
35 35 8 34 34 2 24 5 36 31 5 8 7 45 5
4 19 7 6 24 25 7 10 35 39 25 0 5 28 63
59 35 9 22 27 3 19 9 41 6 5 18 35 16 1
20 10 29 16 0 27 60 9 24 39 23 27 22 6 13
36 42 1 7 7 41 20 30 15 32 5 38 28 18 3
6 23 27 25 39 48 13 6 5 7 27 35 5 42 17
20 13 35 34 41 19 16 14 22 2 12 30 45 19 24
9 10 25 5 15 5 2 42 1 6 53 56 2 23 25
25 0 4 7 39 19 51 32 8 30 13 13 17 20 42
34 12 13 12 7 69 2 5 7 21 10 44 23 16 13
43 34 2 6 27 19 30 37 8 11 13 22 20 25 41
9 16 28 10 18 46 23 26 10 7 44 13 0 39 37
39 17 5 30 34 45 0 18 26 40 9 8 19 33 5
8 57 4 29 39 26 31 29 17 6 7 16 18 16 26
22 23 31 23 33 13 33 14 28 2 8 37 36 18 34
32 46 32 8 37 0 16 10 21 24 23 32 15 34 7
13 37 3 31 6 5 7 21 40 31 29 7 3 47 35
26 44 1 36 23 6 28 32 7 35 25 7 11 16 37
17 17 40 7 11 16 15 56 30 33 23 21 15 26 8
18 29 38 33 1 41 13 4 12 6 60 24 1 3 9
46 15 24 22 16 11 18 4 21 62 9 23 15 26 2
11 4 28 5 15 48 1 23 17 10 41 30 39 37 8
7 12 9 18 24 6 21 12 57 38 0 35 46 14 4
11 7 4 7 19 22 19 53 7 57 32 17 20 29 5
11 24 37 4 33 52 0 10 12 15 5 20 9 32 46
7 28 11 36 26 15 13 21 24 20 34 49 9 30 26
14 35 19 22 29 4 66 7 7 17 30 17 9 20 23
43 17 5 1 18 22 4 32 2 2 50 14 34 38 25
3 38 3 29 14 26 48 16 4 26 34 10 48 6 1
29 6 46 18 11 14 5 36 35 13 32 15 19 25 38
8 15 13 15 15 8 11 55 4 4 28 61 15 32 12
25 7 26 33 20 32 18 9 47 2 2 8 8 41 41
12 2 28 47 17 12 19 15 21 39 7 45 23 9 34
3 2 23 4 52 0 54 4 34 30 11 32 2 18 17
4 30 12 12 25 23 52 26 14 18 59 2 2 17 2
7 23 25 51 44 26 7 39 22 3 28 4 3 11 24
23 19 33 54 8 4 33 49 20 7 18 16 4 20 14
3 38 7 13 6 28 8 38 65 11 9 14 25 1 28
0 54 17 8 36 1 14 23 38 26 8 25 24 36 9
17 5 5 36 14 11 3 3 33 30 24 56 6 41 25
14 34 4 20 47 24 14 27 31 20 49 17 15 19 2
16 32 4 39 24 22 9 4 25 32 6 52 29 26 11
38 12 29 27 36 29 2 12 40 28 23 18 2 32 19
19 13 36 7 25 14 29 60 26 8 7 15 19 3 39
2 19 14 27 3 25 64 6 8 33 21 16 34 16 25
2 37 6 54 9 5 10 44 12 11 18 18 3 18 48
2 2 29 18 5 59 39 19 32 13 29 19 27 12 13
12 5 5 35 23 35 44 30 18 24 22 20 23 32 26
110010010011100 001011000011010 001011010000001 110011010100110 001111100111110
111111010101110 011111000100000 011011010101101 010111001100100 101000100101010
000010010101110 000001011011100 000101111110110 011010111110111 010110110011011
011100101110111 000101100111001 001111000011110 111000000110011 011000111100011
010100000001110 101010011101011 111110101011000 011100101111111 000011000010100
011111000000010 110001001011110 000110000011110 000010010000111 011110010011111
100010100000100 010000100000011 011111111100100 000101001011010 000010101101000 111010001001111
010001010000000 001000001100100 100111010001110 100100010100111 010101100111000 100100000011101
001000101010011 011101111011001 011110000100001 100110101101001 110000010110000 011010111101111
011000110111010 000100110111110 111000100000111 111001100010111 111111100101000 010110011000111
001000110011001 111010010101011 100110011011000 110101101101111 110100100100000 100010100011110
111110001111001 000000011111010 001001101001011 110111101101101 001010010001110
011011110101000 100101101101001 001000011100010 011011100010000 000101111010000
000110101010010 011111100111100 101101001000010 001100101110111 110011110100101
000011010111100 010011111111101 001010100110011 100011110010000 000001101110110
001011111101110 011101100001100 111101101101011 111001001110100 001000111011001
010010011011100 101010011110011 011110101100011 000101000101100 001100101100001
111011101111010 111010100011111 110010000111100 010111001111101 010100000001010 001000011000111
000101100000111 100001101000110 100010011011101 010011111001011 001010010011011 111111000110110
110000111010111 100010001111000 100110010100001 001010100111001 100010000100000 110100100101000
101111011011110 001110010001001 011111000001000 010011010100110 010110100010100 000101101111000
001100101001111 000000010011000 000110010111001 001110010010100 001010110000000 111111111101111
000000101111100 111001011001110 011111000010111 011010000010000 110100101111011
111001110001100 010010111100000 110110011111111 110010110011001 011100111101100
011101011101001 100100001101101 110010110010111 110010000110110 011011101111111
110100000011000 110101101011111 010111111000100 101110111110010 011000001011111
011100001010010 100111111100011 010000111101101 110001101000010 110000001111100
111010000110010 010010110000010 001000000010000 011101110001001 001000001101101
000100100110010 100000011000010 110101101100110 101001110111001 111101100111110 100001010011000
011110010100000 011011000100111 010111010001010 101001101101111 010001011110111 110101000110111
001000000111100 001110101101011 100001100101000 010101001100111 001101011001111 001011011011110
110110100111010 000011111011111 101110011000110 000100010111000 010100110111001 011101001011100
001010111000001 110010100111101 101110011101011 101011001101111 000100000001100 101000101010001
111011110111011 101111100100111 010010110000001 000011100111001 101111000000001
001001011110001 001001111111010 011001000001011 110110011110111 010000101001010
001010000100110 000110110000000 111010001110100 110000000101101 110110111001011
000110011100100 101001110110101 101110101110010 011110111000100 111100111011010
000011110111111 000110111001010 101010101001110 100100010001011 000110011001100
001001110111000 000111001110011 111101001011110 110100111001101 001100110111011
100101110011011 101100010010001 011010001010101 111111011110101 101100101011111 000101111001111
000110110011010 110010110011100 100101001101110 010010010110100 101111000100010 111011010110001
010111100001011 101111011000101 101010011111101 001101111011000 000110101100111 000011011111111
110101110011111 101000111100010 101010101001110 000000111011010 001111010111111 001110010111001
100110000000100 000111111111100 101001110011001 100001110010100 010000000101010 010111101000110
100100111011001 111010110010110 111011010110000 111010000100001 010000101001010
000011011001111 000100110011011 000111000010011 100111001101001 011001100011100
110010000000010 010101001101000 000110000111111 011110000111111 001101111010110
001000011101011 000111110101010 110110001001010 111000100110011 011110100000100
100111000000011 000100000110011 010010011010100 110000000010100 110010001100100
010101100110001 101000101110110 100101101010011 111101001001001 100111100101110
111011000110001 010010000010000 010110101000110 100010100010011 111110111000110 000010000011110
010010001110000 100001010100010 100010111111001 011001001001010 011011111111101 111100000010011
011011000111000 001101101000011 001111000100101 110100011000111 010001110001111 001101101000001
001011111001111 000100100111001 110100100101010 111110000001000 110101011111111 011101010111111
011111101011001 000101010000111 010011111101101 110101010111110 001100001101101 111001100011111
001101111111100 011110111110100 001010011001100 101001110000000 011011101001110
011111101100010 101101110100010 000110110111011 110010001011110 111011010011111
111001100000010 111010111110010 000110010011001 010110010010000 011111011010101
101101101100110 001110100111111 010011010011001 011010110000000 010110111100010
101000011100101 010111101011111 111111110000100 110100100001010 101001111000001
111010111011101 010101001001001 111010101100101 000000011100110 100111010000111
010101001011100 011100011101101 011010101111011 001001101001010 001010000000111 010000010101111
101011011110000 011111111101010 101101001000101 010011111110110 111011010101110 010111111100100
010110000111111 001010001001010 110011001001000 111111100001001 110110110000010 101110100111001
011001000000111 100001011011011 101000111100000 011000101000110 111100010010010 000110011000010
111110111110110 010101000110111 000010110000110 011111111101010 101101111011101 110001001111110
011010100100011 101100101010000 010001001001011 001011110000011 110111101101100
111111110110110 100111010010100 111001011000101 001111101011100 110010110101001
110010011000100 100001101001111 110001011110101 101111010101110 011111010001110
000001101110100 000000100100010 011100000000010 011001001100001 011111100111100
111011111011111 001100000110010 101011100101000 010010101111011 100000000010101
111101110110001 000010001001101 101000000011001 011111000100110 100111100001101
001100110111000 010000101001000 110110101111000 100010011011000 011111110000110 000011101111100
011101110000101 100100110111011 100100001001100 001000101100110 011101010001110 101000101101011
111110111000101 011001110011001 001010110100000 101101100010100 101111111100000 000000110010000
100001110001000 101101000001000 001001010100010 010101111011111 010010101100110 101101101110000
001111111101001 000100100011110 100100100011110 101001011101000 111000111011110 000000100100111
110100001111011 111001000100011 111111100000110 000000111000000 000000101101010
010111111011010 011010110101001 111011010111100 001100001001000 000011011000111
101100011001110 001110001000111 100010111111001 010100111110001 001111000100110
010110110100001 101100111101100 011101110101100 101001001110101 101110101110000
101001000001110 010101111101010 010011000100011 010110101110101 100010111011000
101000000001000 111100100101010 100110000111010 010110110000001 110011010010011
010011111010011 110011000011110 001110111001010 000010001110110 011001001111010 010110001111000
000000101111110 000001101100101 110000111111100 101010101011000 101010011011110 011011111101111
111011001000100 110110000010110 000011111100110 111101101111000 001011100101100 001100101001011
111110100101001 111010101110001 101101111001111 010000100100110 111001011101010 010011011100101
010011001011010 001011110000101 000101011001111 011010000011000 010101001011011 100001110111101
111011001100100 100111001101000 011111101111111 100100110111001 000011111001001
011010011001010 110100010001011 111010110111001 101111000011000 100010101101111
011011001110001 101010000100101 011000111001011 001000100110100 101101100000000
011000100000010 011110100000000 111000000001001 100100011100101 010110101000101
010001100110100 100011000001000 110111011000110 101101100101110 011111110001101
110101011010110 011000100000100 111110000110001 101111000111101 101011100000110
000111100010000 110111101111001 001000001000110 011110010000111 111110101010001 101101110000101
000010010110101 100110101111111 011011110010100 110000111110111 011111001000010 000111101111101
100010000101010 010001000111000 100100000101111 011111111000011 110011010000011 010110100110000
101111001001011 000010111000010 110010000001000 011100000101011 011110011011101 000110101011111
101011000011110 000100111011101 111011010100000 111011101000001 010100010000000 110000001011001
001110101011101 011011111100100 101110100101101 111010101010000 111000011011111
110011010010001 100010111100001 000101100100001 111110000101001 101000101001001
100010110110111 011011001001101 100001101110110 010000000011010 011010010000101
101100111101100 100101101101111 101001110000101 011101011000111 011101000101100
001111001110010 101010110001011 010111010101100 100011001110010 000010011101101
001011000101000 100000100000010 000111101100001 101000000011111 011100010011000
001101100111000 010110001111111 101110110101100 100101110000111 000011111010010 011011101000101
111100111101101 000101010001011 111000001011111 110110000101010 110110000010001 000111001111010
000111111100000 010001001110011 000100010101100 010111000000011 101101010101011 110101010100100
101110100111000 101111100111000 001000100000000 111010100001100 101111100011110 111111110001001
010110001110111 110000000001101 100111100010101 000001110010000 111011010011010 101111011100011
