6 15 10
10 16 26 21 7 20 7 24 16 3 51 40 36 27 30
6 22 16 6 11 34 33 11 15 50 14 15 41 29 32
46 29 2 3 55 8 9 21 48 6 7 18 24 11 4
8 3 14 26 40 17 27 2 46 17 18 50 27 15 17
27 7 31 1 7 2 36 49 50 4 1 14 2 37 21
20 25 28 9 55 6 2 5 5 31 27 11 23 51 1
6 14 33 9 47 17 7 28 30 31 38 19 40 7 5
16 13 20 3 19 33 36 7 66 27 9 6 5 21 26
6 28 4 38 44 10 15 2 14 30 41 27 25 26 26
7 28 17 31 5 42 27 46 12 24 20 26 10 3 35
10 9 1 64 10 33 25 8 27 12 3 9 11 19 49
4 18 36 60 5 26 19 27 15 23 33 11 12 18 23
26 13 18 21 30 28 6 21 45 33 3 38 24 27 20
13 15 2 58 12 1 5 1 4 53 20 6 33 25 34
49 21 1 29 55 14 8 14 24 12 15 33 1 8 28
24 24 31 6 19 34 8 43 3 25 2 38 3 39 28
3 1 62 20 23 20 28 20 14 4 34 10 6 7 46
17 43 36 4 4 42 7 20 42 10 2 14 13 44 12
7 44 22 19 39 13 32 4 16 28 28 5 18 10 46
1 13 46 19 45 23 55 4 11 14 25 13 2 22 11
3 20 1 0 27 34 19 20 50 34 35 9 13 24 35
20 9 13 50 18 43 1 2 26 10 23 20 28 21 42
48 30 4 8 34 25 11 21 18 15 41 22 39 14 2
0 21 1 13 40 2 9 10 62 30 3 24 23 42 5
55 4 17 25 20 6 10 22 14 5 32 12 55 5 24
17 5 10 0 8 6 2 0 38 17 24 33 42 32 57
18 1 3 21 3 46 17 29 21 3 9 24 21 10 66
19 4 26 17 42 13 51 10 2 1 23 22 52 6 16
2 7 9 29 14 10 10 13 15 26 34 66 29 8 34
60 47 24 9 17 12 29 13 4 1 36 6 24 10 9
47 37 5 5 11 34 9 23 26 53 1 17 11 20 15
10 15 22 7 47 7 6 26 25 39 54 12 14 26 3
17 15 28 25 25 18 9 47 32 44 23 34 5 2 14
16 6 19 4 9 43 37 28 29 6 9 34 56 4 9
37 17 2 0 28 19 54 36 1 26 25 14 4 29 24
9 25 15 20 39 13 37 2 39 1 34 22 43 2 25
7 9 5 1 17 30 60 24 50 8 3 36 17 19 5
30 14 2 0 3 19 15 64 3 13 46 34 14 24 3
29 8 41 28 43 13 14 21 22 28 8 22 28 0 37
35 29 19 3 21 71 10 0 11 18 6 10 1 22 31
10 6 14 6 30 5 8 32 37 18 51 11 34 5 46
30 10 21 36 10 6 12 40 0 6 28 5 5 52 42
0 2 5 29 62 11 22 23 37 45 0 4 5 27 1
31 13 16 39 34 16 14 7 23 15 6 59 2 28 20
45 7 10 19 28 34 17 19 14 44 46 20 7 14 4
10 45 11 44 13 6 45 55 10 1 2 12 10 1 13
32 33 37 25 14 15 9 0 19 3 36 18 32 26 41
34 26 3 5 7 47 6 30 36 21 6 24 5 20 47
2 36 17 26 18 42 24 18 45 37 13 12 31 2 10
23 43 30 41 23 21 9 7 32 8 23 44 22 3 2
35 10 11 35 38 27 20 1 25 7 14 1 60 16 2
9 27 55 16 4 18 8 18 45 26 33 19 24 7 16
1 15 0 21 7 27 12 26 25 8 56 54 15 25 11
7 12 24 25 20 40 46 19 11 36 23 1 26 30 24
4 16 46 45 28 16 32 7 52 12 22 6 2 11 2
14 29 5 3 51 25 17 28 8 8 47 39 2 4 28
33 32 22 11 10 36 12 17 14 19 10 24 2 30 57
63 4 42 39 27 0 11 19 3 0 11 8 30 19 6
61 19 14 27 11 23 31 3 17 9 7 44 12 11 28
8 23 21 1 20 44 24 32 39 27 19 33 6 36 1
011000111000001 001110010011011 011010011100100 111101100100101 010100101000011
110011110111101 001101111001111 110000001010001 000001010111001 110000110101110
000000000111011 101000010101111 111110010110101 111110001111100 101001101000010
111001001110110 010000011111101 100001000011000 010010000100001 011000001100100
111000001111110 111010000000000 101011100101000 100111000001101 000001110101100
001100010101010 100011010000100 011111110110100 100000001110110 001100011010010
001110011000010 000100000110100 011001100100100 101001101001111 010001001110001 101000100001101
100001101001000 001001100010111 011101011111101 001000011011001 001010010110111 001011110010110
101110000011000 001100011111110 010100000110011 101010110110001 011101101010011 000010111100110
100110111001100 101010100110111 011000010111001 101010000110101 110011111010101 000111111100011
001001000101101 010000110101001 001111011101000 010111001100000 011000111101011 010000111011010
111110100100111 000011110011010 101000010111010 011010101001000 110001000001010
011101111101001 001001110010100 010100011101101 101011111001001 000111001111001
111000011000001 011111110101100 001001100001111 111010010001101 100110110111111
000101110100011 000000001110110 100001101000101 111110101011111 101110010100101
011011011110101 001010100101100 001111001010011 101111111101111 001111000000100
111000111010001 001110011110010 111011001010000 111111101010110 101101111010111
110000010000101 101110110011010 111111101010101 111101110111010 110010000111001 100111000110001
011000000100001 101110010110110 101010110000010 110000111100111 000010001100110 001010001001111
010000100110011 001010010101100 100101101100100 010100100001110 110111010001111 101011110011111
110100011101010 111000100001101 000010011110101 101011110001100 011000111001111 110100101011110
110111010010011 000011001000010 000001100010010 001111100100111 001110000111001 111011011101110
001011011010011 111110110001001 110111111000001 011100010000011 110100110111000
111100010001100 111010111101100 110001110000000 000111110110001 001010011001100
110111011110101 011111010010000 000110101011000 101100010101010 000001100101100
100100110101110 110010011111110 100101111101110 100101111001011 101011101000010
100100111010110 101011000110111 100010001111101 111010001010100 000001000111111
011100001001010 011111111111011 100110010010001 000000101000111 101110111011010
111100010000101 111010101100001 000101010100111 110100010000010 011100000100110 000000010001011
110000011010001 101001101111010 100000101010110 111110010000111 111100110010111 111011000011101
001000111101000 101010101001100 000110100101101 100000111010010 110101101010000 110011001101100
110010110100111 100110001110110 101110001101111 110110001111000 100111111101111 001110001010011
011010111011111 101001101011100 001100101000100 101010001111101 000110010110100 100011011111001
100110000100111 101110001110011 011000001000110 111111101110000 100000101101111
111111110111111 111101111001000 111010001011100 011100001001011 000100111001101
111001111011101 110111011100001 000110000100000 110010111001100 101111100011100
100011111111001 011001101001101 100110000000110 110001011101100 100010010010101
011100000010100 111000001110101 000101100110001 011100001000100 010101000010101
101010100100110 011101010101011 101011100111001 101000001111100 000111001110101
111001111101101 001001001110000 101001110010000 111101000100010 010111101000011 110011010011111
000010010110000 111101110111111 011010000110100 011011011011110 100011000000010 001010000011010
101001100101101 001010010000011 011110111000010 001011111010110 010010100111011 000010100010101
011001000000010 000101100001100 111111010010101 001110111110111 101101010000111 111001000010010
101111010100101 101111110011110 001010011101010 010010101101101 100101110110010 101010101111011
110111101100100 100000011100000 001100010011010 001100111111111 000011100111100
001011000101101 011000100100100 011110001001000 110010101100001 100101100100001
011110011101111 010001010011001 100101100100001 000101111000011 010100111110011
110001011111011 111001011111011 101000000001110 001001001100101 000110101001011
110101011001100 111110000001001 111101111101000 110110001111101 110101010011011
010000110100000 111000111100010 000010010111101 110111001110001 101000001110000
111111001111011 011010101100101 011010101001110 111010110001101 111111011000100 000000000010010
100011010000011 011101001101101 111010110100000 001111010001000 111010100100100 100001110111110
010000000001011 100100111100010 011110110100110 010011110111101 101001001011111 111110011110001
010001011110111 010011111101001 000110001011010 111101010001010 001001001011111 101100000011111
001101111011110 110101111100001 110011100101100 010011011101100 110000101111000 001101100111110
100111101110001 111001010111011 000111000111110 110100001100111 000110010000011
101000100111011 100110000101100 011001101100011 101111101000001 110100101100100
100110011111011 100010000011100 100100111111010 001111101001110 111001001000011
101001111111101 110111000111110 011111100111000 001110001010011 111101011110100
101111100000100 011101000100110 111111100011000 011111011010101 011100111101000
110000100101001 011101111101101 100011101101001 111001000000100 100101001110111
110010010101110 000010000111101 111100101100010 111101001100100 001100001100011 111100100110100
110100101101010 111011001110010 100011110100000 100110101000111 100010111000100 010000011011001
101010111001000 001010001001111 001011000110010 110110100001101 001000100100000 010011101101000
000000100000101 000001011101000 101001100110010 001001100001110 101000100001010 011001111011001
111111011001100 000100100011001 001001101000110 110010101101010 111010101000000 010101100010000
100100010110100 110110010000110 101001011011110 111000010001011 100101100001111
011110101010111 100001010110110 110001010100111 001111010101001 110011001111110
011001100001000 001000110011000 101111110000100 110010001000001 001001010000001
110011110000011 000110011010010 011110110011011 101001101110101 010110011110001
101110100011010 011101101110011 111001111011010 011100011010011 100010011001011
010111011101001 011110010100010 010101001000001 111110111000000 010110110011010
011011101011111 110000100110011 000011110000000 101100001111101 001111000101010 000110010110001
001011001000001 111100000000100 010001000000101 000100001110110 001111101100011 010111010111111
011100011111111 011001100110100 110101110000101 011011001001101 111011011000101 111000101011011
001101000100110 101100000011010 000010000100110 100111100001100 111001111010101 000111111001101
000001001101110 101110010100011 101011110010010 101100101001101 101001010011010 110000111110100
011011100010000 010101101100100 010011010001000 101110101110011 110111000101011
111010111100010 110111010111101 100110111011010 101000000100100 100001011100011
001011000010000 011000100101001 011110001110111 001000000101001 011110000010010
111010110011000 000010000000010 011101111101101 100111101110010 011111100110111
110011010101101 110111100010100 011111001100011 000001001000001 111101000000111
001111111111100 101011110100110 010000100011001 100011110101111 000011011100011
101010101011101 111000110110101 001110010110001 001110011111001 010011110000011 100011000110101
000010101110010 000000001110010 100001100111011 000000000011010 101100101000000 010011101000000
101110100011001 111101010011010 111011101011000 111010000110111 011001001100000 001100101010111
100001000100000 100011000001011 110000101001011 011001000011110 011100011100101 011111001100001
111100111101001 100111111101011 101010000101000 100101110000101 100011111111010 011101111111111
101010110010111 101010101000001 000100001011001 000111001010101 100101110101001
111101110001000 011101010100010 100011011001110 100110100100110 100110101111110
101111100100110 100110100011001 110110100000101 010001101001011 101110011010001
100010001101110 011010101010111 100001001110111 010110111011010 000100110110010
101100001101011 011101000011100 101010101000000 001100110110100 010001011011110
010101010011101 100001001100111 001001010110001 100001111111000 101100111010101
001100100001010 111100000111101 011101111110110 010010000110100 000011101010000 011101011111001
100101110101001 111110011110110 101010110111110 010101001111101 001111110111010 110111011011110
001111100001101 111000111001011 110101110101011 100000101001101 001000101101101 001101000010011
101011110011110 110100110001110 111001000000100 100011011001010 110010011100001 010011011000111
001111101101001 100101101001001 110110111001111 111001110001010 110110100110011 111001011100110
011100110110011 110000101010011 000101001000001 110111001001000 101010110011110
100111110111010 101011110011001 001111010001100 101100111110100 000101000101100
001110101101001 000110000111111 010010110010111 111111010111000 100011100100100
101011011110010 011010111101011 110100001011010 111111000100110 101001000100010
111100110111101 111011001000010 110111001110100 010000110001111 101000100111110
000100100101011 110000001010000 111000101111101 011101001111110 110101001000100
010100100011010 100011000001010 010100010110011 001001101000101 010100001011110 001110110011100
010111110110111 010100010000010 101100101101100 110000100001010 001100000101110 110011011001101
100110000001101 000000010100010 000111110011010 000111101100100 101000010101001 001100001011011
100100101011111 000110010101010 100010110100100 111000011001111 100111000010001 000011110001110
010001001101101 110101101000111 110111010100110 110100100000110 010111111010100 010111010100100
