6 15 10
11 37 8 20 11 39 7 14 10 18 31 6 65 12 21
1 34 46 16 21 40 14 3 0 17 43 23 33 13 14
7 42 8 19 26 10 8 1 32 23 51 18 29 6 39
6 23 26 5 21 32 35 22 5 9 1 1 13 62 38
28 12 14 27 1 4 50 14 55 5 28 12 19 28 16
10 36 1 41 19 8 4 6 14 10 40 18 48 42 11
30 56 9 38 17 0 13 15 9 4 7 24 25 17 45
30 11 2 44 1 9 13 7 18 22 20 37 29 56 8
42 11 2 56 9 5 24 1 22 35 30 1 39 2 12
57 8 3 43 31 11 12 35 13 28 19 23 23 7 11
7 27 21 30 3 10 10 17 15 14 36 44 17 47 35
28 11 5 29 18 26 12 35 27 20 52 26 22 2 29
16 4 32 30 19 40 1 29 33 21 17 30 35 9 32
27 10 7 50 14 29 15 6 8 5 58 36 8 6 23
45 14 35 1 3 15 32 15 15 10 27 59 1 15 17
22 6 8 28 27 34 26 21 15 24 30 26 50 23 13
40 6 11 7 17 11 19 55 9 47 28 17 1 7 32
1 31 19 8 28 5 39 40 41 23 40 1 9 22 18
8 26 0 21 20 23 10 39 5 56 18 33 41 4 7
26 15 15 27 1 39 18 25 34 2 10 45 30 9 38
2 13 12 5 63 7 2 45 12 27 21 32 23 26 1
5 6 27 9 14 24 10 40 4 34 13 51 10 33 39
31 62 2 13 38 11 36 4 26 16 16 18 1 11 23
41 20 5 18 13 3 16 6 14 7 17 77 4 21 12
43 47 49 1 16 0 24 1 12 10 12 8 40 6 24
12 8 34 32 13 9 10 19 11 3 28 46 28 37 42
6 6 29 9 36 15 19 14 48 24 39 16 5 48 2
25 56 8 3 9 30 2 7 35 9 6 32 37 26 28
19 10 23 20 0 32 41 20 39 24 2 12 53 7 20
14 6 13 23 23 30 21 23 43 47 5 34 3 26 28
23 25 5 20 17 15 17 69 23 17 16 21 26 24 9
29 61 8 1 10 32 28 21 19 28 31 23 16 11 0
5 7 4 3 26 20 33 40 52 24 15 20 43 7 17
5 9 2 18 7 39 30 5 18 8 48 5 39 16 50
5 26 24 23 16 6 13 21 7 45 38 16 44 19 36
9 18 13 25 5 40 16 33 29 18 33 4 20 34 44
0 51 8 35 17 33 12 1 5 29 25 11 36 30 26
3 34 4 5 19 6 24 1 9 8 51 51 4 49 8
3 28 59 32 12 6 7 4 10 37 13 45 3 29 2
17 26 7 18 15 47 34 49 0 13 3 33 31 4 23
12 12 15 40 11 13 4 37 19 39 18 12 16 25 55
17 30 6 42 9 22 66 5 15 13 6 10 10 18 33
34 10 58 13 3 14 15 43 16 31 16 1 31 21 7
22 3 27 7 7 8 28 11 32 0 1 5 23 67 42
43 25 18 26 31 24 4 4 3 29 1 58 14 19 11
38 5 60 6 23 5 27 23 14 14 18 23 37 19 14
22 6 26 11 22 14 46 29 21 4 19 30 55 3 14
11 3 21 7 46 17 21 11 26 20 40 15 50 24 21
20 30 33 1 43 8 1 4 31 16 34 27 12 32 39
10 38 46 14 42 12 3 7 0 4 4 5 62 1 13
41 30 19 47 9 17 14 11 11 11 0 10 47 32 25
23 15 23 3 53 14 3 14 11 40 48 4 26 25 15
25 14 23 9 27 7 12 20 29 48 12 2 61 2 13
3 38 36 26 8 40 15 14 39 25 28 10 17 33 9
18 4 7 24 19 46 11 12 26 21 26 28 23 33 46
1 20 29 21 11 6 31 12 45 14 56 0 14 36 15
39 31 13 1 9 14 16 32 2 3 52 42 31 20 2
23 39 9 43 42 2 21 41 2 16 1 9 40 15 1
20 25 43 45 17 4 2 19 44 5 22 37 18 13 14
54 4 12 21 20 29 5 0 23 14 49 28 31 19 4
000100111101101 011101001011011 110111001010100 111011110001100 010000001000101
010011011001010 110010100001110 101000100011110 101010110011010 010100000100000
000100001111000 011110010101010 010010011111111 101001111100100 101010111111010
000101011011101 110110111001000 101001100110110 001011101100100 101100000101000
010011011110101 100111110111100 100110010010011 101111111101000 010010000001111
110011011000110 011110010110011 101110001010111 001110100100101 001001111001111
111100000000001 001001000110010 111000000010001 011111111111010 101101110010000 001100010110111
011100101111001 111011000001011 010010111110010 001011101101100 111100010110000 001110010110101
010110010000111 111110110110100 100000001010000 001000110011111 000101001110001 011001101111010
001111010110110 001010011100001 111100001000001 100110010000010 001011110100001 000110111001110
010110011110101 110001110001110 001011010100101 100000011111011 110001111000000 010001011111100
101010111110000 111111001001101 110000011011101 101001001101101 000110110111111
010100011111000 001000110000000 010001000001100 001100001010110 100001001101001
100100111010000 001001011100010 111001011010001 011110100001001 111110001100111
110111000000010 101111111010001 110100100110111 011000010100101 000100110110101
010001111010011 110000111101001 110010001111011 100001000001101 101011100100111
110111000011110 000010000000110 001010100101000 110000110010001 111100110010110
100010100000010 111100010100000 111010000101101 010011010011101 000010101101001 010110001001000
000010010111000 011001100000111 000010000101001 011010111010101 011001101001100 011000110010100
011101100101011 101100110011110 011100011001111 010000011111001 111100011110000 010010100110111
000010011100010 001011001000100 110010111100010 001101101110100 110011000011011 101011100011111
000110011101110 011111110101101 110000001010110 110010100111100 100100101001011 110011001100101
000101000010010 001110101101101 010100110111110 011010100001101 001110010010111
101110010011100 011011101111101 000100100101110 101011001111010 010111110010100
001010110110010 011101111000010 111010000010101 101001111101101 000001110101110
110011011000100 001001111111011 111001101010100 000100010000100 110001100111000
000111010101101 001010100001111 111010101000100 001111011000101 110000000010100
011110010101011 110000111111101 011011011110001 011011110010001 011111111010011
101100001010111 011101111100111 001010001011000 101000000011001 110011001110101 001100001000100
011110001111101 100010110011010 001011101010100 111111000010110 011010001010011 100001101000011
010011101110111 010111001111001 111010111001100 101101100010000 111001110100110 001100111111001
000001010110001 010111110101111 011100010011001 011110111011100 011001111110000 101001111010010
001101100111011 111001100110011 011011001011010 101000101111011 010111110001100 110001111100111
111111101100111 101101000101101 011101000101010 000001110101001 111111101101001
010001111011101 100110011000111 111011010101010 010111000111110 010010111101110
110100111011000 010011100010010 011111010000001 110101010000001 010101001010110
000100001100011 000110010101000 110111101010010 010111011010111 001101100110010
101101110010001 100011111010000 110000000101011 111010011110111 000110100001100
010001111010100 110111010101100 001010110001111 110001101000000 110010111000110
111010111011100 101000110001110 110111011001110 101011011010100 001010000100001 010010011000100
010110011010011 110110110100100 000111011010000 110011010000011 100101010011001 010100111111010
011101111110110 010100011011000 000111101011011 010000111001001 111001101100101 111110011011011
001111010011001 000011110110001 110011101110011 010010110001000 011011001111111 010110100110000
100010010001110 110011101101110 111101010011111 100101011101100 000010010010110 101001010001101
100101010101010 010011100001011 011111110111111 001011111010101 111111111010010
111010101001010 100001010101000 101111011011000 111110011011110 000011111110010
000111000110111 001010111001001 101111010001011 101111011011100 000100100111000
011010110101100 010011110011100 000000110111111 010001011000111 111010000100001
010001010111100 011111100111001 010001100100001 001101011110101 110101111101111
110011100101011 101110001011011 100011111000111 111101011000110 010100001101000
101011001111000 000000111001111 000111010100010 100001101110000 100101010001010 111001101111011
001010000000101 110110000001011 100000111110011 000010000110100 011101111001011 111010100010010
001101011101111 011100111011001 011101101101100 011100110111011 001110010011100 101101000100010
010001001011010 000011010010111 001101100110001 000001011110001 000100011110111 101110001100100
100100100010001 100001111011110 011111101111010 101111000101011 100011000001011 010110111100000
011000110100010 101001000011101 011011000110100 111011010011000 011111100001100
000001101101011 011111010110111 010110101011010 010010101011011 101110111011001
010011001110001 111000101101001 011100011001000 110001000100010 011001110111010
100010000001101 110101000001010 000111010110011 011000000101100 001111001101001
010101110000000 111101001010000 100011110100010 110000010111001 000111001010010
110111110011001 001000010010111 100101000000010 000010011100001 100011110101111
010110001011101 111011111110010 011111111101101 011011011011011 110011110111111 001111101011011
110010001001100 011110111111000 111100000110100 110001010000000 000001101011110 101110100001100
100011010101000 001100010111000 000011001000111 110110010011111 011001010101001 101111101101000
101000101101010 111110111011110 110010000001100 110010001100010 111011111100100 100101111110011
011000010100101 010000111000101 010101011101001 010100110010111 101000110001001 100101000000101
111101010000110 100000011100101 000110101110101 010110110101010 000111000101110
100001111010110 101011000101100 010101100001111 001110011010101 110111001101010
101100100111010 001101111000010 110101011111110 111100110100001 011110110010011
000010011011110 111010010110111 001110101001101 110101000111001 101100010100001
000111100111111 100010010110100 111100100101000 111001110110111 010011001111011
100001111111110 100110011011011 111100011001110 001111010001111 000011000110001
011011101100100 000000100110000 010011000011110 100001111001001 110000001111100 110011101001101
011110100011010 110101101001010 100111011111001 010101100011110 011110100000110 010111100110000
000001011000011 100111000111001 110101010100111 111101101101100 001111100000100 101011101110111
101010000000111 100101111111011 000100001111100 111000100101000 011001111100100 110101010010011
001111111110101 110100101100000 001100010001010 000001110101000 000110010011100 111111000111010
000011011111001 100010111011110 011010111011101 100110000100101 001001110110101
101000010011100 000111011101010 001000010110010 101011101100110 101110111111110
100111010111000 101010111110001 000001010110011 000010101000011 110110111101111
001101000011100 100000101101111 000011101001110 010011000011000 000000110010111
010101111100000 100000111010001 010111010010111 100111001111100 100101101000100
110001010101100 011001110001001 110011111110100 010011110000111 010000111101111
000001110000101 100110111000001 100010011000010 010110111001011 011101000000101 111000001111100
111000100101101 000001000010101 011101010001011 101111001001110 010001000011000 010010100011001
000110000010101 111100111110101 010010001101101 110101100100111 000010101110110 100110111001110
011100010011011 100000001010000 110110011100110 000110010111101 111100101110000 110111110010000
101010111001101 100111011000011 011111100010000 100100010101110 110101000101001 000000100100010
110111010110011 011011100111011 111110001111110 010100100111011 001010001011111
010010000011111 011000110110111 011110111010111 111100100011100 101000101100010
101101110110001 011101000110011 100011111001011 011101001100001 001000001110101
010110100111000 000101110101001 111101010010010 010010110010101 011011110000010
111111100111011 110001010000100 001110101111001 000101010111101 000101010001001
100111100111011 100110010010000 000101111101011 111010011110001 010101101001101
010000100111000 101101100010000 100101001101101 101011000000100 101110111001110 011001110011100
001101110100111 000111001100010 000000010001110 010000101110001 111111110101010 111100100000100
010110110110101 000001001100011 010111001011011 101010111000000 011111011011111 111111011110010
010101011011010 100111110100011 101100001001100 010110001000001 110000010001010 111111010010001
101110111001011 111101000010110 110011011011001 011000110110001 100100000111010 000001110011101
001110100100111 011000010011001 011011111110010 101100001101001 101010000000111
101011000000000 110010111001101 001000111010011 110010010001010 001000001001111
000000001000000 101100101001010 100100001001000 010111011000000 110000000000010
100001010101001 101110000000111 100010100011100 001100111000100 000000110100000
111100001010111 100111111010100 101000100110100 000001011011011 000111010000111
100000001101010 100011010100001 001110010010101 011101100000000 111001010111100
010000000110011 110100001010110 111001010001100 001100000001110 111000101010010 110011111001001
011011110101111 000100010101001 101001010101000 011011001111010 000011001011000 101100011010010
100011111011001 110010011110011 010011111000100 111111000001101 000111110011110 110000011010101
110100000001110 000110011111001 000010101100010 100011110101110 110101011101100 101100111010001
000010101010101 000011000101001 011011011001001 101010010000011 100000001100100 110011001100000
