6 15 10
13 4 1 4 27 9 17 4 20 50 41 4 8 0 64
10 51 11 23 37 16 21 9 12 19 53 7 33 3 8
24 23 24 22 16 9 16 57 27 19 37 20 35 3 2
36 40 10 17 9 36 26 15 1 45 13 32 22 8 27
44 2 35 12 33 1 23 21 18 10 25 16 16 4 55
20 30 1 16 26 19 52 47 17 19 0 22 8 32 16
11 4 27 21 52 3 7 41 19 17 13 30 43 5 25
49 33 27 23 15 19 13 16 1 36 27 26 37 8 8
41 2 12 57 25 21 30 21 6 30 7 18 26 2 22
12 23 27 29 17 15 29 17 37 7 37 7 6 17 54
26 15 25 2 20 26 19 0 23 8 31 64 3 33 16
18 4 18 20 24 19 34 32 25 47 4 22 34 22 29
41 16 5 16 3 27 6 48 13 57 16 7 7 10 28
11 14 59 4 15 31 27 18 14 19 28 19 20 28 32
41 45 51 33 3 3 3 18 30 13 2 16 5 5 31
74 9 11 5 6 25 49 13 19 8 2 4 18 8 15
5 2 16 15 6 13 23 48 4 39 65 5 14 20 12
19 22 30 36 25 14 32 40 16 20 23 18 27 21 30
49 6 46 22 12 31 5 2 23 2 6 41 0 30 27
13 8 13 61 9 6 28 2 6 26 1 29 13 46 34
28 56 11 15 11 9 7 3 17 43 31 18 2 25 38
37 1 7 36 27 9 17 47 23 17 32 8 11 30 32
19 38 50 15 9 29 20 4 5 28 17 21 11 18 47
11 8 1 21 33 11 46 3 25 7 36 6 54 29 18
22 15 2 36 28 14 28 4 8 40 21 10 48 17 37
30 4 34 43 19 31 7 31 35 13 4 18 12 36 24
2 5 23 6 7 19 10 3 54 57 24 41 12 3 17
1 19 21 16 17 17 30 23 10 13 9 0 59 3 56
6 5 32 19 18 24 2 51 32 33 21 20 42 19 5
55 17 35 21 11 25 14 17 36 25 12 36 7 5 20
40 15 14 0 28 20 18 36 30 9 5 12 47 16 39
12 4 19 6 55 9 31 37 19 37 0 8 22 41 12
16 25 1 19 12 4 41 3 22 10 28 49 12 48 26
18 18 8 30 6 68 14 26 31 11 28 30 2 6 7
2 14 17 55 57 12 18 39 1 8 15 19 10 21 10
14 34 14 14 12 28 11 31 26 29 36 2 36 21 40
30 36 31 43 2 16 26 3 28 31 19 15 21 32 13
4 15 15 8 31 6 22 33 37 15 37 11 45 27 32
12 36 12 4 9 20 24 60 11 4 20 37 23 35 11
15 19 3 5 20 63 42 11 14 27 6 23 33 0 24
6 41 2 11 30 37 17 36 27 27 33 12 25 30 9
50 52 37 20 17 13 31 0 5 3 18 12 2 25 21
29 16 17 19 64 9 13 3 2 15 43 10 24 15 31
8 37 11 36 38 31 5 30 38 28 3 18 33 14 1
15 16 42 50 18 34 31 36 4 9 1 10 3 26 24
25 1 18 7 45 32 56 26 39 19 11 9 5 1 11
21 11 29 15 1 35 7 35 10 14 20 9 44 36 43
6 2 9 18 12 16 10 1 5 37 78 12 19 18 26
25 6 17 29 7 48 10 13 10 20 20 30 61 12 4
1 23 22 4 21 22 62 21 29 34 8 20 21 8 29
14 19 43 42 22 19 15 36 22 28 13 26 17 27 20
2 27 19 6 31 35 31 19 64 5 9 16 7 19 22
48 14 28 6 8 18 20 20 43 56 6 17 13 2 4
6 25 2 12 31 3 40 23 13 30 5 53 43 19 3
10 29 37 21 5 8 50 13 15 56 2 3 12 20 23
21 6 5 9 54 18 8 12 15 15 15 30 25 54 27
2 24 54 26 17 46 9 31 26 16 30 4 3 22 9
12 6 39 0 53 15 9 0 10 52 24 26 1 4 34
12 47 33 7 27 12 2 8 16 23 4 1 26 15 62
40 22 17 20 35 6 54 1 28 15 22 33 13 7 16
010101010101101 000110011100001 101010010000001 000101111101110 111111011010100
100100010010100 110011010000110 100101010011011 011000110001001 100100100100100
111000110100010 110011111111111 001011000111011 001011000100010 111000001110010
000000001100110 111000100011011 110000100110111 010000111101010 011110010010100
111111000001111 101000010001100 100010000001001 111110101111101 100111100010111
111001010100101 010111000000010 110010100010011 010000000000011 110000000110100
110110010100111 010101000100101 001000001011001 001110011011110 001001111010110 010101001011110
010100000011111 111010101010110 101111101100101 110101000101101 110100010110101 111110011000111
011110111001110 011010011111100 000000011011100 010011110101011 001010000010101 100100001111100
001100111000101 010100010010000 010000111100001 011100011000000 101000000100000 010111011111110
001011001100001 010011101110110 000101010110000 011011101010111 001010111000110 011101110010100
110000111111011 111011100011000 100101000111010 100110110011001 110000011000111
110110010101100 111000110101000 110110101011011 101101110110000 010101100000011
111100010000111 101111000000110 001000101100111 001101101100100 111010100100100
000110011101001 011011101100011 111001011000101 110110001101100 000100111111001
011101001101100 011001100010010 111001011010011 001000001010001 001111000011011
000001100010001 100101010111101 110110100000100 010101000100101 000000101011001
111011101001010 100000000100001 101110100000000 110110111011100 001110010100101 011111011001101
011101011000101 010111101110011 011011111001000 000101110001000 001000110110100 010010010111010
010000111111110 010000111110111 101101110110001 010110010101111 111100100011110 001000010110101
000011101010010 101101101100001 001101101010011 100111010110001 000100100111110 111101001011001
100100111101000 110111111001010 001110100000111 101000101100001 101110010010111 010000100011111
010110010000101 111101011110010 110001000111000 000111001100011 011000000001010
111100101010110 110101010110111 000110001000110 000100110111101 101001010001100
001100110100000 011011001111001 011010111110000 101110111001010 011000000001110
000001101110100 010001101010010 011010100111101 001101111010101 100010110011010
001101010011100 101101011001101 011111011010001 110101000110000 110111010010010
110001011110010 100100100001101 110000110111111 110000110111101 111001000011101
010011000100110 011100111101101 000100101001111 111110010100111 010001111001000 010101001101010
000011010001001 010001110011011 111000011000110 001011100001111 011100001010101 111110111000110
010010010101110 110010001111001 001111101011111 000110110101001 101101101001101 100100101000000
010001001110111 010110101101011 010101011011001 100000011111011 101011000110000 111010010110000
111100000100000 110011001001110 111011111110001 101010110111110 110010100010010 000011011011001
100100100111001 100110000111010 000101010111000 110011100010010 101101010100100
000011011101110 111111101010101 100010101100101 011000001011001 100111111000000
100101000000110 101010010110000 101110110010001 000010010100010 010100001001101
011010111010010 101100110001011 011001001011101 101010111101111 010000010101011
101111110001001 101001110001000 100110001100000 111111011100111 101111101011100
100000000111100 111000111101110 010101110100111 000011000001101 111010011100010
100010111000100 011111001111110 000111001111010 000100100000010 001000110010011 001101000001000
010000010111001 101001010000011 111010011001010 000111111101000 000101001101001 000001001101010
011011010011000 110011101011000 001110111001000 111110111011001 101111000010100 001111000010101
000100001111110 001001100000101 110000011100101 111110110010111 100110101111000 001010011101010
010100001001100 001000101110110 001011010100010 100110000010010 101000100111001 001110011001001
111011111011010 001100001011101 000000000011001 001010110111110 011000010001000
110111011111110 000001010000011 110100111001001 011111110111111 010110110010100
111110110011010 000010010101011 010010111110101 100000000001110 001010111100000
010110000101110 110001100000011 101001100011100 101011101011011 010011011111101
011001011011010 111100111010011 001011111110111 110000001001100 000000011011101
000100100101111 100110011110000 010001000100110 010011110111101 110101001010110
011111110010100 100101111111000 111001011110010 001111101001001 110111100011010 000011011101000
110110110010100 110110011001000 000101001100001 111001000000100 010001011110000 010111000100101
011000011001011 011011110111011 000101101010001 110001010100010 111001111110011 111110000110101
001011100011010 100001011000110 010001001011000 000011111100010 001101000011010 111101101101001
100110110100100 111111100010000 000001110001011 111000100100101 000110011000101 101110001100110
101001010110110 111010010100100 110110110001110 000000010001001 101001001100100
101001000110001 010001010010011 011100110101110 101011010101101 110000111001111
010000010011100 101011100111001 001000011100001 000000010001000 101000000001001
100110111110100 011011001111111 011011001001001 101111001001010 000011110001100
010011111001011 001011010100000 001010110111101 110001110111110 010011000000101
111001100010100 000100111110000 010000011011010 011000100001111 111011100011111
101010011110001 010101100110101 111000101101111 100011001001000 110001000000001 001101011101111
100000111001011 101010110001010 100100001111110 011010101101001 011011101111111 110011111010011
100111000001011 101101100001110 110100010100000 000101110111111 101111101010111 000101101011110
110001110100000 110100110110110 101010001010111 000000100010001 110110101001000 000110111111011
100000011001111 001100100001100 000011100001010 011000011111000 100011011101000 000111101010011
000000110111100 101111111111101 001101100110100 110001000101111 000011110101010
111111111011010 111001101000001 100001101100000 100010010110110 010100111111011
110010100011100 010010101101011 101000000001001 111010000000001 100010010010100
111100010010000 000000111100010 100100000111000 000001001101101 010100100010101
101001011101100 011010011100011 010111111101100 000011100001100 101111111111000
001111011100001 111011101111011 110001010010000 001101011010110 111111111100000
011001100001011 000000110000100 111001110010110 011110110010011 100100010011111 111001000000101
100100010001111 000000110011000 011101001000101 110011111100010 111110001101001 101111111011100
001000000001000 110001100100001 000111100010000 010100001101011 011101110110000 011110010011010
100011011000000 101110110000101 101110000001001 100111110100100 001011000010100 001010100011101
010110111010110 000110111110101 101100100010001 100000001000000 010111100011100 110100010111000
001010010000000 010111010000101 111001001110011 100011010000010 101001011100110
111000011001000 100100101001101 100011011000010 010101101010111 010100000001010
011011010000101 001110001101011 101011101001101 100100101100110 100110100001010
010110111010010 100101011110010 110100110100011 001000111001110 010100000011101
111111010100000 001101101011000 001000111000000 001010100011110 011001101001100
101100100101101 011000101010010 011011110001111 111110110111110 100000011100010
111110111111100 110011100001101 011001100011000 001101111000011 111101100001110 101111000010100
100000011101111 110110110001110 101100010001010 100101110111101 010011111100000 001111010010000
010111010101010 110010110100101 110001010100010 101000100100110 110010101110100 111110100000011
011101111010101 101000010100100 011100111010111 011000101001010 101010000011101 000010010010100
000100001001111 001100110111010 100110111111011 011001110111001 011000010000100 001011001111001
110011100101010 010011010000101 110111101001101 111100011101001 100010011100110
010110100100101 010010001100011 101000000111001 010001000010101 000011100011101
100111010100110 110010001111011 011101101110010 001101001000110 111110000010110
110011000001110 001100101000010 010011000110010 001000110000100 100110100011000
110001000001001 101111110000110 101100011111101 001100000010110 000101101111101
001011001000011 011010111101101 010111101010010 001111011001111 010000010011010
110111001100111 101011001011000 101010100101001 110001001101001 100011111000010 011010100001001
101101100110101 001010110010011 011011110010111 111010100001000 001100001010010 001100001111101
100110110100001 110011001110100 100100001111100 010111001011010 101011011000101 110000111010010
011001101100000 000101011001011 100010111000010 110111010110011 111111110001001 101000000000100
001001100110111 010100110011110 111000011001010 101011111110000 000000110111010 100110011001100
001110111000101 001000111001101 000000010011010 110110110101111 110010110101001
001111000010100 010011000011001 101100111010010 110001011111101 101111000011101
001110100100110 001011001110000 011000011000100 100001001000001 111110000001010
010010010111101 110001100001011 100110111111101 001110100111000 111000000110101
110100001011001 111110010101101 110001011111101 101010000001000 100110001111010
111111010101111 110010010010110 001001111111101 110010111000100 101101011011011
010110001010000 101111000001110 000100001001000 110110010000100 010000011111001 000110010010110
001101101001100 110110111011100 111011110111011 101111100111100 100111000010100 110100000110000
110110010001010 111101000110111 001111100011101 010111000001101 100010100111011 001010000111000
100100111111000 000000001101111 101110100010101 111110011101100 100101101000011 100110110111110
000100111000001 000100000110111 101010010101100 011101111010111 110001101111101 101001010100000
