6 15 10
12 21 17 20 41 9 20 23 46 46 15 22 25 23 5
4 9 72 7 1 24 12 0 21 10 5 39 5 43 5
27 36 20 8 6 12 50 5 12 5 12 20 47 12 42
14 8 28 46 47 1 3 33 27 7 11 24 0 38 26
11 49 20 43 4 5 39 6 1 34 41 7 16 15 19
51 27 5 4 39 2 41 10 33 22 1 3 28 30 7
31 32 9 69 9 23 10 18 2 15 16 39 4 5 7
12 13 29 36 38 13 9 25 26 7 25 26 7 37 42
3 13 5 10 12 33 9 47 26 37 47 36 15 12 18
7 45 47 24 13 0 1 22 41 12 21 21 36 23 4
4 54 3 7 19 27 21 5 29 26 25 22 24 9 46
30 14 31 32 2 23 14 34 19 37 28 37 24 14 21
20 1 13 21 11 43 10 30 46 29 22 20 28 24 28
45 10 11 32 28 20 11 42 2 2 9 28 51 3 16
35 15 6 13 14 9 49 6 13 53 11 1 33 19 33
20 10 22 0 28 4 52 17 15 25 35 17 15 42 30
15 33 5 16 48 26 23 27 31 29 20 32 1 11 27
2 21 71 4 8 23 1 5 2 3 19 40 15 40 7
15 30 13 4 27 13 21 54 40 12 11 1 24 45 2
38 23 1 47 50 6 50 6 8 15 11 10 14 10 0
10 11 14 7 31 27 6 35 44 31 21 23 10 49 12
44 18 21 30 44 18 24 17 29 6 15 18 32 3 30
39 13 15 12 14 19 60 17 5 31 37 11 28 5 12
22 45 7 13 25 13 14 34 16 52 9 16 31 26 11
5 29 11 1 14 6 37 51 27 27 0 32 4 33 34
59 10 43 8 12 28 18 22 0 43 11 16 9 17 11
6 45 31 17 23 35 25 4 10 9 36 51 11 12 2
9 28 45 17 7 54 11 4 5 31 11 17 48 5 1
25 27 15 21 7 68 13 15 32 12 34 10 8 22 3
9 12 18 8 13 50 21 32 36 6 28 52 15 13 6
1 21 11 9 17 11 6 1 10 72 0 26 13 50 19
6 21 18 34 6 53 2 18 9 5 13 8 44 1 51
8 23 5 6 29 24 25 31 8 41 47 37 28 12 3
3 55 8 7 34 25 5 6 15 16 52 29 12 29 5
13 7 2 25 19 17 9 64 30 16 4 36 33 15 22
13 25 31 33 12 31 19 22 5 19 4 29 56 11 25
37 21 14 40 5 39 10 5 11 25 4 49 21 29 17
14 47 35 15 26 16 40 11 9 8 5 45 13 28 20
29 6 15 1 22 13 37 47 5 53 6 6 30 29 9
33 5 24 31 8 16 49 12 31 17 5 37 24 26 24
8 21 44 7 15 1 30 58 13 24 24 29 26 15 10
5 60 42 31 5 32 13 9 23 1 6 29 15 27 10
7 7 20 21 39 18 27 13 9 62 9 12 41 13 19
13 53 23 4 11 41 26 24 8 9 21 3 18 44 24
33 17 30 57 14 21 25 28 22 13 2 18 36 13 0
36 1 28 14 47 27 5 28 28 29 6 30 31 19 2
2 6 11 15 8 48 7 47 22 0 28 17 50 22 20
17 8 47 6 53 2 13 5 24 17 21 34 2 42 6
32 0 37 14 48 1 16 32 14 32 4 17 38 8 30
23 22 5 26 13 13 18 30 36 11 27 13 23 50 36
26 34 25 5 20 2 9 12 5 15 64 25 36 23 6
1 49 6 46 20 11 14 32 8 48 4 30 12 17 2
20 22 9 12 38 21 44 7 22 40 33 25 28 4 20
16 23 41 44 9 46 11 6 13 44 15 9 3 3 29
6 6 14 34 69 23 30 27 14 15 12 21 6 16 20
18 12 1 15 1 34 23 16 14 46 6 53 11 40 21
5 9 21 9 73 18 4 37 10 18 10 15 20 22 27
4 4 17 19 34 51 1 24 2 17 48 17 4 32 33
2 26 18 27 19 12 26 18 4 33 3 18 54 38 31
0 31 50 6 28 11 4 21 13 44 33 3 19 26 30
110000010000000 111111010010101 101101110010101 010010001110101 110001110010011
100100111110000 011101111101001 100011111101101 001111011010010 111110101000111
011100111010111 110101000101001 111101001010101 011100001110110 000110000010001
000100101001101 110010110101001 010010000110101 101101100101111 110100000010001
011001100010001 101001101001001 111100101010101 111100001000101 111111110000010
011010010100001 100100110001011 101001111111110 110000101010101 010111000010000
001010000000001 111101000010010 001001101001100 001000110010101 110000001000011 101011001111010
001000011010011 011111001010001 010110100101010 110111110001110 001101000111110 011100001111001
110010110011011 101111100111110 101101000110000 000000011111000 111111100010000 000100100001111
100111011110000 110011101100001 110000001111011 010110001001101 110111011101110 100101000110011
001001001001000 001101011010011 101100000000010 011000110110001 100010110010111 100010110100101
110001111010100 011001101110000 001110100001001 111010100010110 000011100011111
100011101100010 111111010001011 000011111100000 011100010010100 001011101010111
011101111010001 010010100110000 110011000100101 110100010010000 010001011101010
010110001010111 101111010101010 100100010000010 000101110110000 100001110010100
101111111101101 010011001101110 100100001111010 011011001010000 000011010101111
001001101111000 001100010000111 110101000111011 100000100000111 111011000110110
110010001101000 111001000111011 110011110001001 011101001111100 111110100011000 010001100010000
100010010110011 011000001111111 010010011011000 011110010000010 110111111101100 111110001101000
001111100000001 101000101011000 110010110100011 000000111111001 101101001011001 000101111010111
110010011011100 011110101001100 001000010000101 001110111110111 101010101110000 110101111001110
110110001010011 100010110000111 110001111101111 101100010010011 110111000000001 110101010010000
000000101100010 011100110110110 110100011101001 110110000010011 000101110100100
100111000111111 010110100010110 000110001010011 100010011101111 110010101001100
001111110001010 111010001100000 010110010010110 101011011101111 101000100001111
000000100111011 100100000000010 011100011110100 001111001110110 101111101011011
101000110110101 010110010010000 010101000100000 001001100011111 111100100011100
001001011100111 100010010001101 011011100110101 111110100011010 100011111101010
110101010100111 110101111001100 011111011010011 100010010001000 011001001000011 001011000001011
010101001011101 110101100100010 011110110100100 110001101001110 011111101101011 110011100011101
101100010111010 011110001110011 000001111010010 111110111100010 010001101111001 111110000010110
000000111110100 011101001000010 011001111000010 101110010111010 000011100010101 000011101111001
100011010010000 111000000010000 011001101101111 001011101010010 100001111011000 111000110100001
100001110011100 001011110110100 100111001101011 011101111101111 111010100001011
101101000011110 001111011010110 011010111000110 100110000110000 010010001010101
000011100000100 101101100000100 110011001000110 101011101001100 000100010010000
000000110000011 001101010101100 111100111100111 110111101111000 101100001111000
010110011001110 100110011011010 101110000111111 101011100110110 010110010001000
101101110000101 110110010111010 010011111110011 110110101001100 000100011010000
001100111100000 000101001111100 000011101011010 010000010011011 111111011111000 011011101010010
110000110111001 100000010101110 110100100000001 010011110111101 111000111101101 001000000001100
011010101100001 011110001100010 111010100101101 101010010010000 111111111100111 010011011101000
101111100001011 011010111111001 101000101100000 111001010001010 111011101000110 100000100100000
101011000010001 111101100100001 100010001010001 100000001101011 101111110000001 111010010101110
010101111101111 101011110001010 010000011011100 011101000000001 101100000110011
001101001100101 010111101111010 001000100100011 011011101000100 100001111011011
011100111010000 111110001001110 101010001101001 101111011100000 111100010010111
100110001011100 110100001011001 101011111101111 011101111100011 111101000011001
000110111010111 111001101101000 010101101001101 011101001101001 111111011010100
101111111101111 000100011001100 101100010101101 011110111100111 010010110110001
010011010000010 100001100110011 110100111110000 010010011000101 010010011001101 001011100110010
001011101110110 110101101101111 011100011110100 000011011010000 011110111000001 010111000010111
100001111110101 010100111000010 111100101010011 000000100111101 001100001010000 110000100111101
000001010101001 100110111000010 001111100100101 011010001100001 010011111100000 111111101010000
111110010000000 100100000100110 101001011000100 001010011101001 000011011101111 010000000010101
111100100010000 010110111110000 010100100001101 101111101011111 010001001101110
000101000000001 001101111001001 010011000011001 001100000101000 100101110000110
000000000000100 001011110111000 001000100110001 000111001100011 010111111110011
000000111001110 111001000110101 000001001010110 100010010110111 100110001000000
000000100001011 100100001111111 111010111000010 100010100001010 010100110000100
110001100001000 100110100001011 111110000001110 011011010011110 001000100011000
011101110101001 110000001001110 011011100100010 001010110111101 111111010101010 110100001000010
011010111000000 110111101010110 001100000111000 101111000011001 001011111011111 101000001100111
000101000001101 001011110110001 000110110011011 101111111110101 111110110100000 100010010100101
010110100010100 110111011110011 000101101011101 010000111001011 011111110010101 010010101110001
001011101010100 110010000100110 001000111010100 101110011011011 001010101010111 101001111111001
110001101001011 101101101011000 001011000011001 110011011110011 101101110010010
010100110101010 110100111000000 100110110100000 010111011110010 101100111110110
100011101100010 111111010001101 011100101100001 110110001001011 001101111100011
101111011110100 000111010001101 000111010010011 000001011110011 101111110000111
001011001001111 101001010100100 001001000100111 011001001001111 110000111100000
111001000000011 010010001111100 101101111101000 011111001111111 011111011101101
000110101000001 010100011111100 000101101011110 111010101100010 111100110110010 000000110111111
100101100111101 111110001111100 011001000000110 011111010101001 110110011010101 100000101100011
001110101101001 001001010101001 001011101000001 110000101111001 011000010101101 101010100010111
101011011000110 010000010111010 111100100011001 000010010110111 101101001000010 010101010100000
000011111101101 101011101100101 000010010110101 011110001110011 110100110111101 001001111110100
100100011011111 011000111101011 110110111001010 001100011111111 111000101011100
000100100011001 110010011000011 100001110111000 101001101110010 111101100101110
111011010101001 111101010010100 101001001111100 010111001111100 011000000100101
010010011011110 011001010001101 001010011110011 011001000111010 100000001011011
110111101101101 010010000011111 100101110100001 000001111111010 111011000110010
110100011010001 111001011001110 111101101100001 011000010001111 011110100000111
011111111111011 111000110011011 011001100111100 001111110001000 100000000000011 111101011111001
110010100001000 110110000100100 011111010001001 101000011000110 110110000001100 100101010010011
111000111110110 101000101000100 110101100110111 111011100100100 111111100111011 100010010101101
011101100001000 010010110011101 011101110110000 110111010011011 100010110101010 011111111111110
010011000110010 001001111000010 100001000101011 111111001011010 101100101100001 011011011110001
100011010100100 101011101110101 101000111111111 110110111010001 011000011010010
111001111000110 011011111101111 111010110011100 101000000101010 101100101111001
010000010011101 100101010110011 000001111111110 110111110011000 101110010001110
111111000010011 011111110011011 001001000110110 101011111100100 010110011000101
100001000110100 101010110101101 101101001110000 010000111011001 100001101000100
011000110010100 100010111101010 010100011100001 100011100011101 101110100011000
011110011101011 000100111101111 010011000000111 001001110111010 100000010010010 010100100100010
110100000101000 010000001110110 110000011111101 111001101010010 011101011001000 000000001100101
010000111110110 000011000100101 010010100101110 010011110000001 111110101101101 001001100011000
001010111110011 110100101100011 000111000101110 010001011110001 011110100000011 101101001011011
110100011111110 100000010101000 001110110010011 100010101011110 110000001000101 001000010110110
101001011100011 001111011110110 011101001110100 111111001100001 001001011000111
111010101101000 001101110101101 101110011100101 010101000101010 111101011101111
011000001101101 011001101001001 001010101001011 110011111101100 101100010101011
010001011110111 001001011110101 111111101000111 011001110000110 110011001110000
001010101001010 101111001101000 011000010010110 110101101000011 001000001000010
101100011000010 010011100010011 011010000111011 111101011000100 010100100100011
100100000010000 000101011110101 100010000001000 110101100111110 011111100000001 000110101110000
111001001001110 010011101101101 111111110100000 101110010011000 000000111001100 001001110010010
001000010001111 111111100100101 011101110001100 001000101101001 010000001110000 100010101110000
000100011110100 000000100100001 010000110011011 010110000000001 111110001110100 010001010110110
101010111110001 110101000110010 101000101000011 110101111011010 010111110110111 100110101000100
