5
200 100 200
1 3 10
1 2 20
5 6 10
5 7 20
9 11 10
9 10 20
13 15 10
13 14 20
17 19 10
17 18 20
21 22 10
21 23 20
25 27 10
25 26 20
29 30 10
29 31 20
33 35 10
33 34 20
37 39 10
37 38 20
41 42 10
41 43 20
45 47 10
45 46 20
49 51 10
49 50 20
53 55 10
53 54 20
57 58 10
57 59 20
61 62 10
61 63 20
65 67 10
65 66 20
69 71 10
69 70 20
73 75 10
73 74 20
77 79 10
77 78 20
81 83 10
81 82 20
85 86 10
85 87 20
89 91 10
89 90 20
93 95 10
93 94 20
97 99 10
97 98 20
101 102 10
101 103 20
105 107 10
105 106 20
109 110 10
109 111 20
113 115 10
113 114 20
117 119 10
117 118 20
121 122 10
121 123 20
125 127 10
125 126 20
129 130 10
129 131 20
133 135 10
133 134 20
137 138 10
137 139 20
141 142 10
141 143 20
145 147 10
145 146 20
149 151 10
149 150 20
153 155 10
153 154 20
157 159 10
157 158 20
161 162 10
161 163 20
165 167 10
165 166 20
169 170 10
169 171 20
173 175 10
173 174 20
177 178 10
177 179 20
181 182 10
181 183 20
185 186 10
185 187 20
189 190 10
189 191 20
193 195 10
193 194 20
197 198 10
197 199 20
2 3 19
3 4 1
2 4 1
4 5 1
6 7 18
7 8 1
6 8 1
8 9 1
10 11 18
11 12 1
10 12 1
12 13 1
14 15 18
15 16 1
14 16 1
16 17 1
19 18 18
18 20 1
19 20 1
20 21 1
23 22 18
22 24 1
23 24 1
24 25 1
27 26 18
26 28 1
27 28 1
28 29 1
31 30 18
30 32 1
31 32 1
32 33 1
35 34 18
34 36 1
35 36 1
36 37 1
39 38 18
38 40 1
39 40 1
40 41 1
43 42 18
42 44 1
43 44 1
44 45 1
46 47 18
47 48 1
46 48 1
48 49 1
50 51 18
51 52 1
50 52 1
52 53 1
55 54 18
54 56 1
55 56 1
56 57 1
58 59 18
59 60 1
58 60 1
60 61 1
63 62 18
62 64 1
63 64 1
64 65 1
66 67 18
67 68 1
66 68 1
68 69 1
71 70 18
70 72 1
71 72 1
72 73 1
74 75 18
75 76 1
74 76 1
76 77 1
78 79 18
79 80 1
78 80 1
80 81 1
83 82 18
82 84 1
83 84 1
84 85 1
86 87 18
87 88 1
86 88 1
88 89 1
91 90 18
90 92 1
91 92 1
92 93 1
95 94 18
94 96 1
95 96 1
96 97 1
99 98 18
98 100 1
99 100 1
100 101 1
102 103 18
103 104 1
102 104 1
104 105 1
107 106 18
106 108 1
107 108 1
108 109 1
111 110 18
110 112 1
111 112 1
112 113 1
114 115 18
115 116 1
114 116 1
116 117 1
118 119 18
119 120 1
118 120 1
120 121 1
122 123 18
123 124 1
122 124 1
124 125 1
126 127 18
127 128 1
126 128 1
128 129 1
130 131 18
131 132 1
130 132 1
132 133 1
135 134 18
134 136 1
135 136 1
136 137 1
138 139 18
139 140 1
138 140 1
140 141 1
142 143 18
143 144 1
142 144 1
144 145 1
146 147 18
147 148 1
146 148 1
148 149 1
150 151 18
151 152 1
150 152 1
152 153 1
155 154 18
154 156 1
155 156 1
156 157 1
159 158 18
158 160 1
159 160 1
160 161 1
163 162 18
162 164 1
163 164 1
164 165 1
166 167 18
167 168 1
166 168 1
168 169 1
171 170 18
170 172 1
171 172 1
172 173 1
175 174 18
174 176 1
175 176 1
176 177 1
178 179 18
179 180 1
178 180 1
180 181 1
183 182 18
182 184 1
183 184 1
184 185 1
187 186 18
186 188 1
187 188 1
188 189 1
190 191 18
191 192 1
190 192 1
192 193 1
194 195 18
195 196 1
194 196 1
196 197 1
199 198 18
198 200 1
199 200 1
200 1 1
200 100 200
1 3 10
1 2 20
5 7 10
5 6 20
9 11 10
9 10 20
13 14 10
13 15 20
17 18 10
17 19 20
21 22 10
21 23 20
25 27 10
25 26 20
29 30 10
29 31 20
33 35 10
33 34 20
37 39 10
37 38 20
41 43 10
41 42 20
45 46 10
45 47 20
49 51 10
49 50 20
53 55 10
53 54 20
57 59 10
57 58 20
61 63 10
61 62 20
65 66 10
65 67 20
69 70 10
69 71 20
73 74 10
73 75 20
77 78 10
77 79 20
81 83 10
81 82 20
85 86 10
85 87 20
89 91 10
89 90 20
93 94 10
93 95 20
97 98 10
97 99 20
101 103 10
101 102 20
105 106 10
105 107 20
109 110 10
109 111 20
113 115 10
113 114 20
117 119 10
117 118 20
121 123 10
121 122 20
125 127 10
125 126 20
129 130 10
129 131 20
133 134 10
133 135 20
137 139 10
137 138 20
141 143 10
141 142 20
145 147 10
145 146 20
149 150 10
149 151 20
153 155 10
153 154 20
157 158 10
157 159 20
161 162 10
161 163 20
165 167 10
165 166 20
169 170 10
169 171 20
173 175 10
173 174 20
177 178 10
177 179 20
181 182 10
181 183 20
185 187 10
185 186 20
189 191 10
189 190 20
193 195 10
193 194 20
197 198 10
197 199 20
2 3 19
3 4 1
2 4 1
4 5 1
7 6 18
6 8 1
7 8 1
8 9 1
11 10 18
10 12 1
11 12 1
12 13 1
14 15 18
15 16 1
14 16 1
16 17 1
19 18 18
18 20 1
19 20 1
20 21 1
22 23 18
23 24 1
22 24 1
24 25 1
27 26 18
26 28 1
27 28 1
28 29 1
30 31 18
31 32 1
30 32 1
32 33 1
35 34 18
34 36 1
35 36 1
36 37 1
39 38 18
38 40 1
39 40 1
40 41 1
42 43 18
43 44 1
42 44 1
44 45 1
46 47 18
47 48 1
46 48 1
48 49 1
50 51 18
51 52 1
50 52 1
52 53 1
54 55 18
55 56 1
54 56 1
56 57 1
59 58 18
58 60 1
59 60 1
60 61 1
62 63 18
63 64 1
62 64 1
64 65 1
67 66 18
66 68 1
67 68 1
68 69 1
70 71 18
71 72 1
70 72 1
72 73 1
75 74 18
74 76 1
75 76 1
76 77 1
78 79 18
79 80 1
78 80 1
80 81 1
83 82 18
82 84 1
83 84 1
84 85 1
87 86 18
86 88 1
87 88 1
88 89 1
90 91 18
91 92 1
90 92 1
92 93 1
94 95 18
95 96 1
94 96 1
96 97 1
99 98 18
98 100 1
99 100 1
100 101 1
102 103 18
103 104 1
102 104 1
104 105 1
106 107 18
107 108 1
106 108 1
108 109 1
110 111 18
111 112 1
110 112 1
112 113 1
114 115 18
115 116 1
114 116 1
116 117 1
119 118 18
118 120 1
119 120 1
120 121 1
122 123 18
123 124 1
122 124 1
124 125 1
127 126 18
126 128 1
127 128 1
128 129 1
131 130 18
130 132 1
131 132 1
132 133 1
135 134 18
134 136 1
135 136 1
136 137 1
138 139 18
139 140 1
138 140 1
140 141 1
142 143 18
143 144 1
142 144 1
144 145 1
146 147 18
147 148 1
146 148 1
148 149 1
150 151 18
151 152 1
150 152 1
152 153 1
154 155 18
155 156 1
154 156 1
156 157 1
159 158 18
158 160 1
159 160 1
160 161 1
163 162 18
162 164 1
163 164 1
164 165 1
167 166 18
166 168 1
167 168 1
168 169 1
170 171 18
171 172 1
170 172 1
172 173 1
175 174 18
174 176 1
175 176 1
176 177 1
179 178 18
178 180 1
179 180 1
180 181 1
182 183 18
183 184 1
182 184 1
184 185 1
186 187 18
187 188 1
186 188 1
188 189 1
190 191 18
191 192 1
190 192 1
192 193 1
195 194 18
194 196 1
195 196 1
196 197 1
199 198 18
198 200 1
199 200 1
200 1 1
200 100 200
1 2 10
1 3 20
5 7 10
5 6 20
9 10 10
9 11 20
13 15 10
13 14 20
17 18 10
17 19 20
21 22 10
21 23 20
25 27 10
25 26 20
29 30 10
29 31 20
33 34 10
33 35 20
37 39 10
37 38 20
41 43 10
41 42 20
45 46 10
45 47 20
49 51 10
49 50 20
53 55 10
53 54 20
57 58 10
57 59 20
61 63 10
61 62 20
65 67 10
65 66 20
69 70 10
69 71 20
73 75 10
73 74 20
77 79 10
77 78 20
81 82 10
81 83 20
85 87 10
85 86 20
89 91 10
89 90 20
93 94 10
93 95 20
97 99 10
97 98 20
101 102 10
101 103 20
105 106 10
105 107 20
109 110 10
109 111 20
113 115 10
113 114 20
117 119 10
117 118 20
121 123 10
121 122 20
125 127 10
125 126 20
129 131 10
129 130 20
133 134 10
133 135 20
137 139 10
137 138 20
141 142 10
141 143 20
145 147 10
145 146 20
149 151 10
149 150 20
153 155 10
153 154 20
157 159 10
157 158 20
161 163 10
161 162 20
165 167 10
165 166 20
169 171 10
169 170 20
173 174 10
173 175 20
177 178 10
177 179 20
181 183 10
181 182 20
185 186 10
185 187 20
189 190 10
189 191 20
193 194 10
193 195 20
197 199 10
197 198 20
3 2 19
2 4 1
3 4 1
4 5 1
7 6 18
6 8 1
7 8 1
8 9 1
10 11 18
11 12 1
10 12 1
12 13 1
14 15 18
15 16 1
14 16 1
16 17 1
18 19 18
19 20 1
18 20 1
20 21 1
23 22 18
22 24 1
23 24 1
24 25 1
26 27 18
27 28 1
26 28 1
28 29 1
31 30 18
30 32 1
31 32 1
32 33 1
34 35 18
35 36 1
34 36 1
36 37 1
39 38 18
38 40 1
39 40 1
40 41 1
42 43 18
43 44 1
42 44 1
44 45 1
47 46 18
46 48 1
47 48 1
48 49 1
50 51 18
51 52 1
50 52 1
52 53 1
55 54 18
54 56 1
55 56 1
56 57 1
59 58 18
58 60 1
59 60 1
60 61 1
62 63 18
63 64 1
62 64 1
64 65 1
66 67 18
67 68 1
66 68 1
68 69 1
70 71 18
71 72 1
70 72 1
72 73 1
74 75 18
75 76 1
74 76 1
76 77 1
78 79 18
79 80 1
78 80 1
80 81 1
82 83 18
83 84 1
82 84 1
84 85 1
87 86 18
86 88 1
87 88 1
88 89 1
90 91 18
91 92 1
90 92 1
92 93 1
94 95 18
95 96 1
94 96 1
96 97 1
98 99 18
99 100 1
98 100 1
100 101 1
102 103 18
103 104 1
102 104 1
104 105 1
106 107 18
107 108 1
106 108 1
108 109 1
110 111 18
111 112 1
110 112 1
112 113 1
114 115 18
115 116 1
114 116 1
116 117 1
119 118 18
118 120 1
119 120 1
120 121 1
123 122 18
122 124 1
123 124 1
124 125 1
126 127 18
127 128 1
126 128 1
128 129 1
130 131 18
131 132 1
130 132 1
132 133 1
134 135 18
135 136 1
134 136 1
136 137 1
139 138 18
138 140 1
139 140 1
140 141 1
142 143 18
143 144 1
142 144 1
144 145 1
147 146 18
146 148 1
147 148 1
148 149 1
150 151 18
151 152 1
150 152 1
152 153 1
154 155 18
155 156 1
154 156 1
156 157 1
158 159 18
159 160 1
158 160 1
160 161 1
163 162 18
162 164 1
163 164 1
164 165 1
167 166 18
166 168 1
167 168 1
168 169 1
170 171 18
171 172 1
170 172 1
172 173 1
174 175 18
175 176 1
174 176 1
176 177 1
178 179 18
179 180 1
178 180 1
180 181 1
182 183 18
183 184 1
182 184 1
184 185 1
186 187 18
187 188 1
186 188 1
188 189 1
190 191 18
191 192 1
190 192 1
192 193 1
195 194 18
194 196 1
195 196 1
196 197 1
198 199 18
199 200 1
198 200 1
200 1 1
200 100 200
1 3 10
1 2 20
5 6 10
5 7 20
9 10 10
9 11 20
13 14 10
13 15 20
17 19 10
17 18 20
21 23 10
21 22 20
25 26 10
25 27 20
29 30 10
29 31 20
33 34 10
33 35 20
37 39 10
37 38 20
41 43 10
41 42 20
45 47 10
45 46 20
49 51 10
49 50 20
53 54 10
53 55 20
57 59 10
57 58 20
61 62 10
61 63 20
65 67 10
65 66 20
69 70 10
69 71 20
73 75 10
73 74 20
77 79 10
77 78 20
81 83 10
81 82 20
85 86 10
85 87 20
89 90 10
89 91 20
93 94 10
93 95 20
97 99 10
97 98 20
101 103 10
101 102 20
105 107 10
105 106 20
109 110 10
109 111 20
113 115 10
113 114 20
117 119 10
117 118 20
121 123 10
121 122 20
125 126 10
125 127 20
129 131 10
129 130 20
133 135 10
133 134 20
137 139 10
137 138 20
141 143 10
141 142 20
145 146 10
145 147 20
149 150 10
149 151 20
153 154 10
153 155 20
157 159 10
157 158 20
161 163 10
161 162 20
165 166 10
165 167 20
169 171 10
169 170 20
173 175 10
173 174 20
177 178 10
177 179 20
181 183 10
181 182 20
185 187 10
185 186 20
189 190 10
189 191 20
193 195 10
193 194 20
197 198 10
197 199 20
3 2 19
2 4 1
3 4 1
4 5 1
7 6 18
6 8 1
7 8 1
8 9 1
11 10 18
10 12 1
11 12 1
12 13 1
14 15 18
15 16 1
14 16 1
16 17 1
19 18 18
18 20 1
19 20 1
20 21 1
22 23 18
23 24 1
22 24 1
24 25 1
27 26 18
26 28 1
27 28 1
28 29 1
31 30 18
30 32 1
31 32 1
32 33 1
34 35 18
35 36 1
34 36 1
36 37 1
39 38 18
38 40 1
39 40 1
40 41 1
43 42 18
42 44 1
43 44 1
44 45 1
46 47 18
47 48 1
46 48 1
48 49 1
51 50 18
50 52 1
51 52 1
52 53 1
55 54 18
54 56 1
55 56 1
56 57 1
58 59 18
59 60 1
58 60 1
60 61 1
62 63 18
63 64 1
62 64 1
64 65 1
66 67 18
67 68 1
66 68 1
68 69 1
70 71 18
71 72 1
70 72 1
72 73 1
75 74 18
74 76 1
75 76 1
76 77 1
78 79 18
79 80 1
78 80 1
80 81 1
83 82 18
82 84 1
83 84 1
84 85 1
87 86 18
86 88 1
87 88 1
88 89 1
90 91 18
91 92 1
90 92 1
92 93 1
95 94 18
94 96 1
95 96 1
96 97 1
99 98 18
98 100 1
99 100 1
100 101 1
102 103 18
103 104 1
102 104 1
104 105 1
107 106 18
106 108 1
107 108 1
108 109 1
110 111 18
111 112 1
110 112 1
112 113 1
115 114 18
114 116 1
115 116 1
116 117 1
118 119 18
119 120 1
118 120 1
120 121 1
123 122 18
122 124 1
123 124 1
124 125 1
126 127 18
127 128 1
126 128 1
128 129 1
131 130 18
130 132 1
131 132 1
132 133 1
135 134 18
134 136 1
135 136 1
136 137 1
138 139 18
139 140 1
138 140 1
140 141 1
143 142 18
142 144 1
143 144 1
144 145 1
146 147 18
147 148 1
146 148 1
148 149 1
151 150 18
150 152 1
151 152 1
152 153 1
154 155 18
155 156 1
154 156 1
156 157 1
159 158 18
158 160 1
159 160 1
160 161 1
162 163 18
163 164 1
162 164 1
164 165 1
166 167 18
167 168 1
166 168 1
168 169 1
170 171 18
171 172 1
170 172 1
172 173 1
175 174 18
174 176 1
175 176 1
176 177 1
179 178 18
178 180 1
179 180 1
180 181 1
183 182 18
182 184 1
183 184 1
184 185 1
187 186 18
186 188 1
187 188 1
188 189 1
190 191 18
191 192 1
190 192 1
192 193 1
195 194 18
194 196 1
195 196 1
196 197 1
198 199 18
199 200 1
198 200 1
200 1 1
200 100 200
1 3 10
1 2 20
5 6 10
5 7 20
9 11 10
9 10 20
13 14 10
13 15 20
17 19 10
17 18 20
21 22 10
21 23 20
25 27 10
25 26 20
29 30 10
29 31 20
33 34 10
33 35 20
37 39 10
37 38 20
41 42 10
41 43 20
45 47 10
45 46 20
49 50 10
49 51 20
53 55 10
53 54 20
57 59 10
57 58 20
61 63 10
61 62 20
65 67 10
65 66 20
69 71 10
69 70 20
73 75 10
73 74 20
77 79 10
77 78 20
81 82 10
81 83 20
85 86 10
85 87 20
89 91 10
89 90 20
93 95 10
93 94 20
97 99 10
97 98 20
101 102 10
101 103 20
105 107 10
105 106 20
109 110 10
109 111 20
113 114 10
113 115 20
117 118 10
117 119 20
121 123 10
121 122 20
125 126 10
125 127 20
129 130 10
129 131 20
133 135 10
133 134 20
137 139 10
137 138 20
141 143 10
141 142 20
145 146 10
145 147 20
149 150 10
149 151 20
153 154 10
153 155 20
157 159 10
157 158 20
161 162 10
161 163 20
165 166 10
165 167 20
169 170 10
169 171 20
173 175 10
173 174 20
177 178 10
177 179 20
181 182 10
181 183 20
185 186 10
185 187 20
189 191 10
189 190 20
193 194 10
193 195 20
197 198 10
197 199 20
3 2 19
2 4 1
3 4 1
4 5 1
6 7 18
7 8 1
6 8 1
8 9 1
11 10 18
10 12 1
11 12 1
12 13 1
15 14 18
14 16 1
15 16 1
16 17 1
18 19 18
19 20 1
18 20 1
20 21 1
22 23 18
23 24 1
22 24 1
24 25 1
26 27 18
27 28 1
26 28 1
28 29 1
31 30 18
30 32 1
31 32 1
32 33 1
35 34 18
34 36 1
35 36 1
36 37 1
39 38 18
38 40 1
39 40 1
40 41 1
42 43 18
43 44 1
42 44 1
44 45 1
47 46 18
46 48 1
47 48 1
48 49 1
50 51 18
51 52 1
50 52 1
52 53 1
54 55 18
55 56 1
54 56 1
56 57 1
58 59 18
59 60 1
58 60 1
60 61 1
63 62 18
62 64 1
63 64 1
64 65 1
66 67 18
67 68 1
66 68 1
68 69 1
70 71 18
71 72 1
70 72 1
72 73 1
74 75 18
75 76 1
74 76 1
76 77 1
78 79 18
79 80 1
78 80 1
80 81 1
83 82 18
82 84 1
83 84 1
84 85 1
86 87 18
87 88 1
86 88 1
88 89 1
90 91 18
91 92 1
90 92 1
92 93 1
95 94 18
94 96 1
95 96 1
96 97 1
98 99 18
99 100 1
98 100 1
100 101 1
103 102 18
102 104 1
103 104 1
104 105 1
107 106 18
106 108 1
107 108 1
108 109 1
111 110 18
110 112 1
111 112 1
112 113 1
115 114 18
114 116 1
115 116 1
116 117 1
119 118 18
118 120 1
119 120 1
120 121 1
122 123 18
123 124 1
122 124 1
124 125 1
127 126 18
126 128 1
127 128 1
128 129 1
130 131 18
131 132 1
130 132 1
132 133 1
134 135 18
135 136 1
134 136 1
136 137 1
138 139 18
139 140 1
138 140 1
140 141 1
143 142 18
142 144 1
143 144 1
144 145 1
146 147 18
147 148 1
146 148 1
148 149 1
151 150 18
150 152 1
151 152 1
152 153 1
154 155 18
155 156 1
154 156 1
156 157 1
159 158 18
158 160 1
159 160 1
160 161 1
162 163 18
163 164 1
162 164 1
164 165 1
167 166 18
166 168 1
167 168 1
168 169 1
170 171 18
171 172 1
170 172 1
172 173 1
175 174 18
174 176 1
175 176 1
176 177 1
179 178 18
178 180 1
179 180 1
180 181 1
183 182 18
182 184 1
183 184 1
184 185 1
187 186 18
186 188 1
187 188 1
188 189 1
191 190 18
190 192 1
191 192 1
192 193 1
195 194 18
194 196 1
195 196 1
196 197 1
198 199 18
199 200 1
198 200 1
200 1 1
