#[0] 3, 3
#[1] 4, 3
#[2] 3, 4
#[3] 3, 2
#[4] 2, 3
#[5] 2, 4
#[6] 1, 3
#[7] 2, 2
#[8] 3, 1
#[9] 4, 4
#[10] 5, 3
#[11] 3, 5
#[12] 4, 2
#[13] 3, 0
#[14] 5, 4
#[15] 4, 5
#[16] 5, 2
#[17] 4, 1
#[18] 0, 3
#[19] 1, 4
#[20] 2, 1
#[21] 1, 2
#[22] 2, 5
#[23] 0, 4
#[24] 5, 1
#[25] 0, 2
#[26] 5, 5
#[27] 1, 5
#[28] 2, 0
#[29] 1, 1
#[30] 4, 0
#[31] 0, 5
#[32] 1, 0
#[33] 0, 1
#[34] 5, 0
#[35] 0, 0
#Turn 0
18 52 46 24 16 10 
35 55 30 27 42 59 
58 49 33 25 53 54 
38 32 37 9 2 29 
26 12 1 40 3 36 
15 56 19 31 13 44 
#Base: 917
#Max: 366
#399128
#Turn 1
#2 21 24 0 30 34 0 0 29 9 36 41 36 27 43 
#2 21 16 27 16 47 6 0 29 0 22 41 23 9 4 
#39 8 30 27 16 15 6 42 4 0 37 32 23 9 44 
#3 41 10 16 8 15 12 13 4 17 37 15 40 4 44 
#36 16 8 16 4 13 7 43 56 17 14 16 13 41 6 
#9 54 28 30 34 2 36 19 28 7 15 30 14 22 0 
#23 27 2 30 44 27 4 18 7 21 26 2 14 4 0 
#1 27 2 6 25 63 4 20 31 24 9 2 34 4 25 
#21 13 14 6 25 63 23 48 21 4 9 8 8 44 27 
#58 41 14 24 3 2 23 48 39 20 23 8 23 44 27 
#56 17 54 22 9 15 29 19 20 38 36 3 36 26 3 
#56 20 1 43 9 25 0 4 20 38 36 44 18 26 15 
#46 23 1 6 9 68 2 60 13 44 23 44 29 1 9 
#18 23 18 27 8 19 2 6 13 3 15 61 29 1 40 
#18 4 31 6 53 19 11 0 14 17 5 61 25 10 24 
#34 47 34 62 18 9 29 7 22 5 7 39 16 43 26 
#34 47 10 48 16 9 17 67 2 7 20 17 16 23 1 
#6 25 10 48 13 24 13 29 17 14 20 17 9 3 34 
#3 13 14 16 7 24 13 29 17 14 14 35 8 70 7 
#15 13 14 10 7 48 12 8 17 22 14 35 15 15 7 
#3 0 16 36 21 2 13 34 44 3 23 36 18 11 35 
#11 33 16 36 9 9 1 45 37 1 2 36 32 32 20 
#12 15 14 17 11 9 10 22 37 28 10 19 10 4 16 
#33 6 14 17 46 15 12 8 22 28 10 60 11 2 16 
#40 5 34 9 43 5 12 8 7 15 6 5 24 2 38 
#14 49 34 0 16 6 53 33 13 6 34 38 33 16 3 
#13 19 19 0 16 45 1 18 14 28 15 20 33 20 0 
#5 19 19 8 2 26 11 18 51 9 18 24 17 13 0 
#5 13 32 12 7 26 10 25 45 6 33 24 54 13 10 
#15 11 28 41 7 24 33 5 44 0 40 34 54 11 12 
#6 49 8 11 30 2 23 32 28 7 15 32 25 22 28 
#2 21 28 0 34 5 0 0 45 34 5 41 14 38 4 
#23 27 30 9 16 47 6 20 7 0 22 2 23 9 58 
#1 13 7 21 22 63 45 1 31 24 9 34 40 36 25 
#21 3 14 16 8 39 9 13 21 4 23 8 8 4 27 
#40 41 23 24 3 2 7 43 16 20 14 16 23 17 4 
#2 17 54 11 31 15 41 19 29 31 13 41 25 22 12 
#3 3 25 30 34 13 36 18 20 38 26 30 16 38 0 
#23 20 1 9 44 25 4 20 8 24 23 2 34 4 58 
#1 13 7 27 25 63 2 6 31 44 15 19 17 1 25 
#18 4 5 32 53 19 11 48 22 3 21 61 8 10 40 
#19 24 23 24 3 53 8 11 14 17 5 25 25 10 16 
#2 16 36 22 31 8 29 7 19 31 13 11 14 43 12 
#34 9 25 43 9 9 0 4 20 38 36 3 16 26 3 
#46 26 10 48 16 13 17 67 8 2 23 44 18 0 15 
#6 23 18 76 8 68 13 29 13 14 6 3 29 1 34 
#18 13 14 6 53 19 12 0 22 3 14 61 2 10 7 
#19 9 21 10 39 53 8 34 14 17 22 23 32 15 62 
#19 16 56 62 21 2 29 34 19 5 23 42 14 11 35 
#34 47 34 36 16 9 1 5 22 1 2 39 16 32 1 
#12 26 7 48 16 9 17 32 2 0 20 17 9 23 26 
#21 25 14 17 13 15 76 29 22 14 6 3 10 3 16 
#33 6 40 9 46 10 12 8 17 2 14 60 15 70 7 
#15 5 21 10 43 9 0 8 7 15 22 5 32 5 62 
#10 15 56 25 29 6 13 34 13 6 23 38 18 16 35 
#14 49 16 0 16 35 1 45 14 1 15 28 33 32 17 
#13 19 19 8 2 45 11 32 37 9 18 8 17 36 26 
#21 15 14 12 5 15 10 25 45 28 62 24 10 4 10 
#33 6 40 9 7 30 12 8 35 6 6 35 54 17 25 
#40 11 28 31 43 9 0 16 44 15 40 5 24 11 38 
55 28 4 59 57 7 
2 54 18 40 36 32 
46 39 9 44 15 58 
11 16 48 12 52 10 
38 14 8 45 33 25 
5 23 51 47 29 0 
#Base: 917
#Max: 398
#434024
#Turn 2
#14 13 32 0 16 35 1 45 45 1 33 28 54 32 17 
#36 16 8 16 4 13 10 25 56 6 33 16 13 41 6 
#40 11 8 16 43 13 0 43 56 17 14 16 13 41 6 
#40 15 28 31 43 15 10 16 45 15 40 24 24 4 10 
#21 15 2 12 5 63 10 25 31 24 62 24 34 4 10 
#39 8 56 25 29 6 6 34 13 0 23 32 23 9 35 
#10 15 14 25 29 24 13 34 17 14 23 35 8 16 35 
#3 4 14 32 7 19 13 48 17 3 14 61 8 70 40 
#18 4 5 32 31 15 41 19 29 31 13 61 25 10 40 
#23 27 30 11 16 15 41 19 7 31 22 2 25 22 58 
#18 13 7 6 53 63 2 6 31 3 14 19 17 10 7 
#58 41 7 24 3 2 23 6 31 20 23 8 17 1 25 
#46 41 14 48 16 13 17 48 8 20 23 8 23 0 27 
#34 26 10 48 16 13 17 7 22 5 7 39 16 43 26 
#33 47 34 9 7 30 29 8 22 6 6 35 16 17 26 
#34 20 10 48 9 9 17 4 20 38 20 44 16 26 1 
#34 16 10 48 21 2 17 67 19 7 23 42 14 23 1 
#46 16 56 6 21 2 2 60 19 44 23 42 29 1 35 
#46 6 40 9 9 68 2 60 17 44 23 44 15 1 7 
#33 6 40 9 9 15 12 8 17 38 14 60 36 26 7 
#18 4 31 9 44 19 4 20 14 24 23 61 25 10 58 
#18 4 31 6 53 63 11 48 21 17 9 8 25 10 24 
#6 13 18 76 8 63 23 48 13 4 6 3 29 44 27 
#1 13 18 21 8 68 13 29 13 14 6 34 29 1 25 
#1 49 34 21 22 63 53 1 31 24 9 34 40 36 3 
#33 6 14 17 34 2 36 8 22 28 15 30 11 22 0 
#21 25 14 17 46 15 76 29 22 14 6 3 11 3 16 
#19 9 21 10 39 15 76 34 22 17 6 3 32 3 62 
#19 9 28 41 39 24 33 34 14 0 22 34 54 15 62 
#15 11 28 41 30 24 0 0 29 0 40 34 54 11 12 
#14 49 30 0 16 15 1 42 14 0 15 32 33 9 17 
#5 13 32 12 29 26 10 25 45 6 33 38 54 13 35 
#3 16 14 16 7 13 13 43 17 17 14 16 13 41 7 
#40 4 5 31 43 19 11 16 22 15 40 5 8 11 40 
#2 17 14 12 31 15 10 25 29 28 13 41 10 4 10 
#1 27 30 9 16 63 6 20 7 24 22 2 34 4 58 
#18 13 14 6 16 19 12 0 4 0 14 61 23 10 7 
#10 15 7 25 29 63 2 6 13 6 15 19 17 16 25 
#58 13 14 24 7 2 23 48 17 14 14 35 23 70 7 
#18 26 5 48 53 13 11 48 8 2 23 44 18 10 15 
#2 17 34 11 18 15 29 19 29 5 7 39 16 22 12 
#33 27 30 9 16 47 12 8 35 6 22 2 23 9 58 
#18 13 14 6 53 19 0 4 22 3 14 44 2 10 7 
#34 47 7 48 16 9 2 6 2 7 20 19 17 23 1 
#58 41 14 24 21 2 29 34 19 20 23 8 23 44 35 
#46 23 1 48 16 13 17 67 13 44 23 44 29 1 15 
#33 6 40 62 46 9 29 8 17 5 14 39 15 43 26 
#33 17 40 9 9 15 12 19 35 6 36 3 36 26 3 
#23 20 1 43 9 25 0 20 8 38 23 44 18 4 58 
#18 4 31 6 16 19 17 0 2 7 5 17 25 10 1 
#21 13 14 62 21 63 23 48 21 5 9 8 8 44 27 
#6 23 18 76 8 68 2 60 13 14 6 44 29 1 9 
#33 13 40 21 22 63 12 1 17 2 14 34 40 70 7 
#14 49 54 0 9 15 29 33 20 6 34 3 33 16 3 
#9 20 28 9 44 2 36 20 28 7 15 2 14 22 58 
#18 6 14 6 46 19 12 0 22 17 10 60 11 2 24 
#21 13 14 6 13 15 23 29 21 14 6 3 8 3 27 
#6 23 21 76 39 53 13 29 14 17 6 23 32 15 62 
#1 13 28 21 22 63 33 5 31 0 40 34 54 36 12 
#2 49 24 0 16 6 0 33 13 6 34 38 36 27 43 
3 53 39 16 8 29 
59 41 0 27 44 48 
12 26 17 52 24 35 
58 7 18 51 22 28 
19 21 38 57 45 20 
5 31 4 50 46 2 
#Base: 917
#Max: 429
#467830
#Turn 3
#14 15 28 31 43 15 10 16 45 15 40 24 24 4 10 
#14 26 5 0 53 13 11 48 20 6 23 3 18 16 3 
#34 26 5 48 53 2 11 67 19 7 23 42 18 23 15 
#34 16 5 48 21 2 41 67 19 31 23 42 14 10 40 
#15 4 5 32 31 24 41 19 29 0 13 34 54 10 40 
#33 27 24 9 16 6 12 8 35 6 22 2 23 27 58 
#33 13 30 9 16 35 1 8 45 6 33 2 23 9 17 
#19 13 21 10 39 15 76 34 45 17 6 3 32 32 62 
#19 41 21 24 39 2 29 34 22 20 6 3 23 3 62 
#58 41 1 43 9 2 0 34 8 20 23 44 23 44 58 
#46 25 14 17 16 13 76 29 8 20 6 3 23 3 16 
#21 16 14 6 46 2 2 29 22 44 6 42 11 3 35 
#33 16 40 6 21 63 2 60 19 2 14 42 29 1 7 
#1 49 40 21 22 63 53 1 31 2 14 34 40 36 7 
#1 49 34 21 22 63 6 20 7 24 9 34 34 4 58 
#1 4 28 32 7 19 13 5 17 0 14 34 54 36 12 
#46 4 40 9 9 19 2 48 17 3 23 61 15 70 7 
#46 6 18 76 8 68 2 60 17 14 23 44 29 1 9 
#6 13 18 76 8 68 2 60 13 4 6 3 29 1 27 
#19 13 18 41 39 63 33 48 14 4 22 34 54 15 27 
#33 6 31 9 9 63 11 8 17 17 9 60 36 26 24 
#58 13 14 6 7 63 23 48 21 17 14 8 25 70 24 
#6 23 21 76 7 53 23 29 17 14 14 35 23 70 7 
#6 23 1 48 16 53 13 67 13 44 23 23 32 15 15 
#18 4 1 48 16 13 4 20 13 44 23 44 25 1 58 
#39 8 56 12 29 6 6 34 45 0 33 32 54 9 35 
#5 15 32 12 5 26 10 25 31 6 62 24 34 13 35 
#21 15 14 12 5 63 10 25 31 5 9 8 34 4 27 
#33 6 40 62 46 9 23 48 21 5 14 8 15 44 26 
#33 6 40 16 43 13 29 43 56 5 14 39 15 43 6 
#2 49 28 0 43 6 10 33 13 6 34 24 24 4 43 
#14 49 54 9 9 47 29 8 35 6 34 3 33 16 58 
#14 26 5 48 53 13 11 45 8 2 23 28 54 32 15 
#19 16 21 48 21 2 76 67 22 7 6 42 32 3 62 
#58 4 14 24 31 15 29 19 19 31 23 61 23 44 35 
#15 20 28 43 30 25 0 0 8 0 40 34 54 4 58 
#2 49 24 48 16 13 17 33 13 6 23 38 23 27 27 
#21 25 14 17 16 47 12 8 22 6 6 3 11 3 58 
#46 16 56 0 16 35 1 45 45 44 23 42 54 1 35 
#33 9 40 21 39 63 76 1 22 2 14 3 32 3 7 
#1 49 34 24 21 2 29 34 31 24 23 8 23 44 35 
#23 27 1 43 9 63 6 20 7 24 23 44 34 4 58 
#46 41 14 48 22 13 33 5 31 0 40 34 23 0 12 
#3 25 14 17 46 19 76 48 17 14 6 3 11 70 16 
#46 16 40 6 9 68 2 60 17 44 23 44 29 1 35 
#6 13 18 21 8 63 2 1 17 2 6 44 40 70 7 
#6 13 34 21 8 63 53 48 13 24 9 3 29 44 3 
#1 9 28 41 39 24 33 20 7 24 22 2 34 15 62 
#1 6 40 21 22 15 12 5 17 38 14 60 36 36 7 
#18 4 14 6 7 19 11 48 21 3 9 8 8 70 40 
#46 6 40 24 7 68 2 60 17 14 23 44 23 70 7 
#6 23 21 76 39 53 13 29 13 14 6 44 32 15 62 
#6 13 1 48 8 13 17 67 13 44 6 3 29 1 15 
#19 9 28 41 39 24 33 20 14 0 22 34 54 10 58 
#39 8 56 9 9 15 6 34 17 38 23 60 23 26 7 
#18 4 31 12 29 26 10 25 45 6 33 8 54 10 24 
#58 15 14 12 7 63 10 48 17 14 62 35 23 4 10 
#6 13 21 62 39 63 13 29 21 5 6 8 32 15 27 
#33 23 1 62 16 13 29 8 17 44 14 39 15 43 26 
#40 11 8 9 43 13 4 20 14 17 23 61 13 10 58 
20 57 28 3 41 35 
32 12 14 22 34 45 
53 2 7 44 38 23 
13 43 51 33 17 56 
29 31 19 50 21 39 
54 25 16 18 9 46 
#Base: 917
#Max: 459
#500545
#Turn 4
#33 6 31 9 39 63 11 29 21 17 9 60 32 26 27 
#33 13 21 62 39 63 13 29 21 5 6 8 32 44 27 
#34 6 40 62 21 9 41 67 19 31 14 42 15 44 26 
#23 16 5 48 21 63 41 20 7 24 23 42 14 10 40 
#23 27 28 43 30 25 6 0 8 24 40 34 54 4 58 
#33 26 5 48 21 63 2 45 8 2 23 42 29 32 7 
#1 49 40 21 21 63 2 60 19 24 9 42 29 1 7 
#1 49 21 76 22 53 6 20 7 24 14 35 34 4 7 
#6 4 21 24 31 53 29 29 19 14 14 35 23 70 35 
#58 4 18 21 8 63 29 19 17 31 6 44 40 44 35 
#34 9 28 41 53 24 33 20 14 7 23 42 18 23 58 
#19 13 5 10 53 15 11 67 19 7 23 42 18 23 62 
#46 16 21 6 9 15 2 34 45 44 6 44 32 32 35 
#46 16 40 6 16 35 1 60 17 44 23 42 29 1 35 
#46 16 56 48 16 53 13 45 13 44 23 42 32 15 15 
#1 25 14 21 46 63 76 48 17 14 6 3 11 70 7 
#6 25 21 17 39 53 13 29 17 14 6 44 11 70 62 
#19 23 21 48 39 2 13 29 13 7 6 42 32 3 62 
#19 6 18 76 8 68 2 67 22 7 6 44 29 1 62 
#58 15 18 12 8 63 2 60 17 14 23 35 23 4 9 
#14 49 54 16 9 47 29 8 56 6 14 39 33 16 58 
#19 49 18 41 39 63 29 48 14 4 34 3 54 16 27 
#46 6 40 41 39 63 2 48 14 4 23 44 23 70 27 
#46 6 14 6 7 63 23 60 17 17 14 8 23 70 7 
#58 13 40 21 39 63 23 48 22 2 14 3 25 70 24 
#39 8 56 12 29 15 6 34 45 0 33 60 54 26 35 
#39 8 56 12 9 19 6 48 17 0 33 32 15 70 7 
#46 4 18 9 9 68 2 60 13 4 23 61 15 70 7 
#6 41 18 76 8 2 0 60 8 4 6 44 29 44 58 
#6 13 34 43 8 63 0 34 13 20 23 44 29 44 58 
#14 6 31 9 9 63 11 45 8 2 23 60 36 32 24 
#33 13 21 62 39 63 13 60 19 2 6 42 32 1 27 
#33 49 34 62 46 9 23 48 21 24 14 8 15 4 26 
#34 16 21 76 7 2 41 67 17 14 14 42 14 70 7 
#58 4 14 24 31 63 6 19 7 24 23 44 23 4 35 
#15 13 28 21 8 63 2 1 17 2 40 44 54 4 7 
#19 26 28 48 39 24 11 45 14 2 22 28 54 10 58 
#34 26 5 6 53 2 11 60 19 2 14 42 29 1 15 
#19 49 21 10 39 15 76 20 45 17 6 34 34 32 58 
#46 23 21 6 7 53 2 29 17 44 14 44 23 1 35 
#58 16 56 0 31 15 29 45 45 44 23 61 54 1 35 
#6 13 18 48 16 63 2 1 17 2 23 23 40 70 7 
#19 49 28 41 22 24 33 1 14 0 14 34 40 10 7 
#34 26 14 17 46 2 11 67 19 7 23 42 11 23 15 
#19 13 21 76 39 15 13 34 45 14 6 44 32 32 62 
#46 16 21 48 21 68 76 67 22 44 6 42 32 3 35 
#46 16 18 0 8 68 2 45 17 44 23 44 54 1 35 
#58 23 14 48 16 53 13 67 13 44 62 23 23 15 15 
#33 6 40 16 43 63 53 43 31 5 14 34 40 43 6 
#14 25 14 17 46 47 29 8 17 6 34 3 33 70 58 
#19 23 18 41 39 53 13 29 14 4 22 44 32 15 62 
#19 16 40 48 21 68 76 67 22 7 6 44 23 3 7 
#46 6 14 6 7 68 23 48 17 14 23 44 25 70 24 
#33 9 14 12 39 63 10 48 22 14 62 35 32 4 7 
#33 8 40 9 43 13 6 34 56 5 23 39 15 43 6 
#39 49 54 9 9 47 6 8 45 0 34 3 33 9 58 
#46 4 18 41 39 19 2 48 17 4 23 61 54 15 7 
#46 13 18 24 7 68 2 60 13 14 6 44 29 70 7 
#58 13 14 43 7 63 0 48 21 20 23 8 23 44 58 
#6 13 34 21 8 63 76 48 22 2 14 3 29 3 7 
50 6 29 52 46 53 
36 23 25 33 31 9 
55 21 15 22 47 20 
57 24 18 45 51 44 
1 14 28 40 27 48 
56 16 58 38 2 49 
#Base: 917
#Max: 547
#596510
#Turn 5
#19 49 18 41 39 53 2 60 19 24 22 42 29 15 7 
#6 49 40 43 21 63 0 34 19 20 9 42 29 1 7 
#6 6 14 6 8 68 23 34 13 20 23 44 25 70 58 
#46 6 18 6 7 68 23 45 17 14 23 44 54 70 35 
#46 16 14 0 8 68 2 48 22 44 62 35 54 1 7 
#19 6 28 6 7 24 23 45 14 2 14 8 23 70 58 
#39 6 14 6 7 15 6 60 17 0 14 8 54 70 35 
#39 16 56 76 29 15 6 34 45 14 33 42 54 70 7 
#34 16 21 76 39 63 41 67 19 2 6 42 14 70 27 
#58 4 18 21 8 63 29 60 19 31 6 42 40 44 35 
#39 49 54 41 39 47 6 48 45 0 34 3 33 16 58 
#1 25 18 21 39 63 76 48 14 4 34 3 11 70 7 
#46 25 14 21 39 63 2 48 17 14 6 44 23 70 7 
#58 6 40 48 16 63 2 48 13 44 23 44 23 70 15 
#58 23 14 16 9 53 13 8 13 44 14 39 33 15 58 
#58 13 40 24 7 68 23 48 22 14 6 44 25 70 24 
#19 6 18 76 39 63 2 67 22 7 14 3 25 1 24 
#19 16 18 76 8 68 76 67 22 7 6 44 29 1 35 
#19 16 21 48 21 68 76 67 22 7 6 42 32 3 7 
#19 16 40 76 39 68 13 34 22 7 6 44 32 32 7 
#46 13 21 48 16 63 13 29 21 44 6 8 32 15 27 
#46 41 18 48 16 2 0 60 13 44 6 44 29 44 58 
#6 41 56 76 8 2 29 45 45 44 23 61 54 1 35 
#46 4 18 9 31 15 29 45 45 44 23 61 54 1 35 
#33 6 40 16 9 63 2 43 31 4 14 34 40 43 7 
#6 25 21 17 39 53 13 48 17 14 6 61 11 70 7 
#58 13 21 17 39 53 0 48 17 20 23 8 23 44 58 
#58 49 14 43 39 63 76 48 21 20 6 8 34 44 58 
#19 6 40 62 21 9 76 20 45 31 14 42 34 32 26 
#14 25 14 62 46 9 41 67 19 31 34 42 15 70 26 
#19 26 18 41 39 24 13 29 14 4 22 28 54 15 62 
#1 49 14 21 21 63 2 60 17 24 9 42 29 1 7 
#39 8 34 43 29 15 0 34 13 20 23 44 54 26 35 
#46 16 21 6 7 68 41 67 17 14 14 44 14 70 24 
#46 13 21 62 8 63 2 45 17 2 6 44 54 1 27 
#33 4 18 21 8 63 29 48 17 14 6 44 32 4 7 
#39 26 54 9 9 24 6 45 14 0 34 3 33 9 58 
#46 49 14 6 39 63 23 48 14 17 14 3 54 16 27 
#39 25 14 21 29 63 76 34 17 0 33 60 54 70 7 
#46 6 40 41 39 2 2 67 17 4 23 42 23 70 7 
#58 23 14 48 39 53 13 60 13 2 62 42 32 15 15 
#58 4 54 16 8 63 29 8 17 6 6 39 40 44 58 
#46 49 18 9 9 68 2 8 13 0 6 44 29 70 58 
#19 49 40 21 39 63 29 48 14 2 14 3 54 70 27 
#1 6 14 21 8 68 76 67 17 7 6 44 29 70 7 
#46 6 40 48 39 63 2 48 14 44 23 42 32 3 35 
#19 23 40 48 16 53 13 67 13 44 6 44 23 3 15 
#14 13 54 16 9 47 13 34 45 6 6 39 33 16 58 
#46 13 18 24 39 68 13 60 21 14 6 8 32 70 7 
#58 16 40 48 16 63 13 48 13 44 23 3 32 70 15 
#6 41 18 76 8 68 0 60 22 7 6 44 29 44 62 
#46 16 21 0 31 68 29 67 22 44 6 42 32 3 35 
#19 16 18 9 21 68 2 67 13 4 23 61 15 70 7 
#19 13 21 16 39 15 13 34 45 5 14 44 32 43 6 
#46 4 21 62 39 19 2 29 17 4 23 61 54 44 7 
#6 16 56 48 39 53 13 45 13 44 6 42 32 15 62 
#58 41 18 76 8 63 0 48 21 20 6 8 29 44 58 
#58 16 21 0 31 15 29 20 45 44 23 34 54 1 58 
#34 6 40 62 21 9 2 67 19 31 14 61 15 44 7 
#14 25 14 16 46 47 29 43 31 6 34 3 40 43 58 
58 39 42 55 11 52 
23 4 9 50 18 41 
19 45 56 7 17 21 
43 13 22 27 8 10 
48 3 44 38 29 40 
12 28 33 49 15 51 
#Base: 917
#Max: 581
#633588
#Turn 6
#34 6 40 41 21 9 2 67 17 4 23 61 15 70 7 
#46 6 18 9 9 2 2 67 17 0 6 42 29 70 7 
#6 16 56 9 39 53 13 8 13 44 6 44 29 70 62 
#6 25 56 21 39 63 13 48 13 44 34 42 32 15 62 
#1 16 18 21 21 63 76 67 14 4 34 61 15 70 7 
#46 16 18 9 8 68 29 45 45 44 62 35 54 1 7 
#58 4 14 21 8 68 29 48 22 31 62 35 54 1 7 
#58 4 18 76 8 63 29 60 19 31 6 44 40 44 62 
#6 41 18 76 21 68 0 67 22 7 6 44 29 44 7 
#19 4 54 16 8 68 76 67 22 7 6 42 32 3 58 
#46 16 40 76 39 63 2 48 14 44 6 42 32 3 35 
#58 41 18 48 8 63 0 48 21 44 6 8 32 44 58 
#39 41 56 76 29 15 0 34 21 20 6 8 29 44 58 
#19 16 56 76 29 15 76 67 22 14 33 44 54 1 35 
#46 41 18 48 16 2 76 67 13 7 6 44 29 44 35 
#58 49 40 21 16 63 2 48 13 2 14 44 23 70 27 
#58 6 40 76 16 63 29 45 13 44 23 44 54 1 35 
#6 41 56 43 39 63 29 48 45 20 23 61 34 1 58 
#34 16 14 76 39 63 41 48 21 2 6 8 34 70 58 
#34 16 54 76 39 47 6 48 19 2 34 3 33 16 27 
#46 13 18 24 39 68 13 45 21 14 6 8 54 70 7 
#46 6 14 21 7 68 76 67 17 7 23 44 29 70 7 
#39 25 14 21 8 63 76 67 17 0 6 60 29 70 7 
#14 25 14 62 46 63 41 67 17 31 33 60 15 70 26 
#14 23 14 62 46 9 13 60 13 31 62 42 32 70 15 
#19 25 40 21 21 9 2 48 17 31 6 44 23 32 7 
#19 16 40 6 21 9 76 20 45 31 14 42 14 70 24 
#58 16 21 48 7 68 13 67 13 44 14 3 14 70 15 
#58 13 40 24 7 63 23 48 13 44 6 3 32 70 15 
#58 16 21 0 31 68 29 67 22 44 6 42 25 3 24 
#46 4 18 9 21 9 29 45 19 44 14 61 15 1 35 
#46 6 40 41 8 68 2 67 17 4 62 42 54 70 7 
#46 4 18 21 8 63 29 60 13 0 6 44 29 70 58 
#6 16 56 48 39 53 0 45 22 44 6 42 29 44 62 
#19 25 18 48 39 63 76 67 14 7 6 3 11 70 7 
#58 16 54 9 8 63 2 8 13 6 23 39 40 70 7 
#46 16 40 9 31 68 29 34 45 7 23 44 32 32 7 
#46 16 14 48 8 68 2 48 22 44 62 35 32 3 35 
#58 4 18 76 8 63 29 48 19 20 6 8 29 44 35 
#6 16 56 76 8 68 6 60 45 14 33 44 54 44 7 
#19 16 21 76 8 68 76 67 22 7 6 44 29 1 7 
#46 41 54 16 16 63 29 8 13 44 6 44 29 44 58 
#19 16 40 21 39 68 13 34 22 7 6 3 54 70 7 
#46 6 40 48 16 63 2 48 14 44 23 44 32 3 35 
#58 41 56 76 8 2 0 45 45 44 23 61 54 1 58 
#39 16 14 43 39 15 76 48 21 14 33 42 54 44 7 
#34 16 21 76 8 63 41 67 22 2 6 42 29 1 27 
#46 41 18 41 16 2 6 48 13 44 34 44 29 16 58 
#19 49 18 24 39 68 29 48 21 2 6 3 54 70 7 
#46 6 40 6 7 68 2 45 17 44 23 44 23 70 15 
#6 6 14 76 8 2 29 67 17 44 23 61 54 70 7 
#39 49 14 21 39 63 76 48 21 0 33 60 34 70 7 
#34 25 14 62 46 63 41 67 19 2 6 42 15 70 26 
#58 49 54 41 39 47 13 60 13 2 62 42 33 15 15 
#46 13 14 24 39 63 2 48 21 14 6 44 23 70 7 
#19 6 18 62 7 68 76 45 45 14 14 42 34 32 35 
#1 16 14 6 7 68 41 67 17 14 6 44 29 70 7 
#39 25 40 48 29 63 76 48 13 44 33 3 32 70 7 
#14 25 14 24 46 68 23 48 22 31 34 42 25 70 24 
#58 16 14 48 39 68 13 67 22 44 6 42 32 3 35 
37 27 11 10 3 58 
5 15 59 17 9 34 
14 33 31 57 13 24 
22 39 7 44 23 53 
45 50 52 51 16 55 
32 41 4 18 21 40 
#Base: 917
#Max: 584
#636859
#Turn 7
#58 16 14 48 7 68 2 67 22 44 14 35 32 3 35 
#58 41 21 48 7 63 13 48 21 44 6 8 14 70 15 
#46 16 18 76 8 63 0 48 21 44 6 8 32 44 58 
#6 25 56 76 39 63 13 48 14 44 6 42 32 3 35 
#14 25 14 21 39 68 13 48 13 44 34 42 32 15 62 
#58 16 40 9 8 63 29 48 13 44 62 44 23 70 7 
#58 16 14 21 16 68 13 48 22 2 6 44 32 70 35 
#6 16 14 48 39 68 13 67 45 20 6 42 34 1 58 
#6 41 56 43 39 63 29 67 22 7 6 42 34 1 58 
#19 4 54 16 8 63 76 67 22 7 6 42 32 3 7 
#6 16 18 48 16 53 0 67 22 44 6 42 29 44 62 
#46 6 56 48 39 68 0 45 17 4 62 42 29 70 62 
#39 6 40 41 29 68 2 48 13 4 62 42 54 70 7 
#19 25 40 76 29 63 76 48 13 44 33 44 54 1 7 
#14 16 14 76 29 15 13 67 22 31 33 42 32 70 15 
#39 16 56 76 8 68 6 67 45 14 33 44 54 44 7 
#58 4 56 76 8 63 6 60 19 14 33 44 40 44 62 
#58 4 56 76 8 2 29 60 45 44 23 44 54 44 62 
#14 25 56 76 8 63 41 45 17 44 33 61 54 70 58 
#14 25 14 62 39 63 41 67 13 31 62 42 33 70 15 
#39 6 14 43 39 15 29 67 21 44 23 61 54 70 7 
#34 25 14 76 8 2 41 67 17 2 23 42 15 70 26 
#34 49 14 62 39 63 76 67 21 0 6 60 15 70 26 
#58 49 14 21 39 63 29 48 13 44 33 44 54 70 35 
#19 6 40 76 16 68 76 45 13 14 23 44 34 1 35 
#46 41 18 16 16 63 29 8 13 44 6 44 29 70 58 
#1 16 18 16 16 63 29 8 13 44 34 44 29 44 7 
#1 16 14 76 39 63 76 67 14 2 34 61 34 70 7 
#34 16 14 76 7 63 76 67 17 7 23 44 29 70 7 
#19 16 21 21 8 68 76 67 17 7 23 44 29 1 7 
#46 16 18 9 8 68 2 48 45 44 62 35 54 1 7 
#58 49 40 48 7 63 2 67 13 44 14 44 14 70 27 
#58 16 14 48 8 63 0 48 22 44 6 42 32 3 58 
#6 16 40 43 39 63 29 48 14 20 6 61 32 3 35 
#19 25 54 16 39 68 13 48 13 7 6 42 32 3 62 
#14 25 18 48 39 68 23 48 14 7 34 3 11 70 7 
#46 41 18 48 16 2 76 45 13 44 62 35 54 1 7 
#58 49 56 21 16 53 2 45 22 44 14 42 23 44 27 
#46 6 40 41 39 68 13 67 17 4 6 42 54 70 7 
#6 41 56 48 39 63 29 48 45 20 23 3 32 1 58 
#19 16 54 76 8 68 76 67 22 14 6 44 32 3 58 
#14 25 18 62 39 63 13 67 13 7 62 42 11 70 7 
#46 41 14 21 8 63 76 67 17 0 6 44 29 70 7 
#6 16 56 76 39 68 0 60 22 14 6 42 29 44 7 
#46 6 40 41 8 68 29 60 19 31 6 44 40 44 7 
#58 41 40 48 8 63 76 45 13 44 23 3 54 70 7 
#19 16 56 62 46 15 76 67 22 14 33 60 15 1 35 
#14 49 14 41 39 47 13 60 13 31 62 42 33 15 15 
#39 16 14 21 39 15 76 67 17 0 33 60 29 70 7 
#6 16 14 76 8 68 6 60 17 44 33 44 54 44 7 
#34 25 18 62 46 63 41 67 19 31 6 42 15 70 62 
#58 49 56 21 8 2 0 48 21 0 33 61 54 1 7 
#58 25 40 76 16 63 29 45 13 31 23 44 15 1 26 
#19 6 18 41 7 47 76 45 45 14 62 42 34 15 35 
#39 16 14 43 8 63 29 48 13 0 33 44 54 70 58 
#46 6 14 76 16 63 29 67 13 44 23 61 29 44 7 
#34 25 18 21 46 63 41 67 19 2 6 61 15 70 7 
#34 16 14 21 39 63 41 48 21 0 6 60 34 70 58 
#58 6 40 76 16 68 76 67 13 44 23 44 54 1 7 
#19 16 18 76 8 68 76 45 45 7 6 44 29 32 35 
53 3 42 5 38 48 
37 36 20 50 54 8 
24 12 45 23 11 59 
40 16 58 18 22 15 
39 55 13 17 27 28 
49 57 46 19 31 41 
#Base: 917
#Max: 665
#725191
#Turn 8
#6 6 18 76 39 47 76 45 45 44 6 42 34 3 35 
#6 25 56 76 8 63 76 48 17 0 6 44 29 70 35 
#46 41 40 9 8 63 29 67 17 44 62 44 29 70 7 
#58 6 40 9 39 68 29 67 13 44 6 42 23 70 7 
#46 16 40 41 39 15 76 67 17 0 33 60 29 70 7 
#46 49 56 48 16 53 2 45 22 44 14 35 54 44 27 
#39 6 14 43 39 2 76 45 21 44 23 35 54 70 7 
#39 6 14 43 46 15 41 67 19 31 6 61 54 70 62 
#39 25 14 43 46 63 41 48 19 31 33 42 15 70 62 
#6 16 56 43 39 63 29 48 13 7 33 44 54 1 58 
#19 6 40 76 29 68 2 45 13 14 23 44 34 1 7 
#39 41 40 48 8 68 76 45 13 4 62 3 54 70 7 
#58 49 14 48 8 63 29 45 13 44 33 44 54 70 7 
#58 49 56 21 39 63 29 48 17 4 62 42 29 70 35 
#19 16 18 48 39 68 76 45 45 7 6 42 29 32 35 
#58 16 56 76 8 63 76 60 22 14 6 44 40 3 58 
#58 4 40 76 16 68 76 67 13 44 23 44 40 44 7 
#14 25 56 76 8 68 41 67 17 44 33 44 54 70 58 
#14 25 14 76 39 63 41 67 17 0 33 60 54 70 26 
#34 49 14 62 8 63 76 67 45 14 33 44 15 44 26 
#46 41 14 76 39 63 29 48 45 20 23 3 32 44 58 
#19 25 40 76 29 63 29 48 13 44 23 44 29 1 7 
#19 25 40 76 8 63 29 60 13 44 23 44 54 1 62 
#1 4 56 76 39 63 76 60 14 2 23 61 54 70 62 
#34 16 14 76 7 63 76 67 14 2 23 44 34 70 7 
#6 16 14 76 39 63 41 48 21 0 6 44 54 70 58 
#19 16 14 62 46 63 41 48 21 0 33 60 34 1 35 
#14 16 56 62 39 63 41 67 13 14 62 42 33 70 15 
#14 25 40 48 39 63 2 67 13 44 62 42 33 70 15 
#14 49 18 48 7 63 13 67 13 7 62 44 14 70 27 
#58 6 18 21 16 53 76 45 45 44 14 42 34 15 27 
#46 25 56 76 39 63 13 45 13 44 6 42 54 3 7 
#39 6 14 21 8 63 76 67 21 44 6 61 54 70 7 
#58 16 40 9 8 63 29 67 13 44 6 44 23 70 62 
#39 6 40 43 39 63 13 48 13 0 6 44 54 70 58 
#6 41 14 43 39 15 76 67 17 0 33 42 34 70 7 
#19 49 56 21 16 53 76 45 22 14 23 44 34 1 35 
#46 6 18 41 29 68 76 45 13 4 62 42 54 1 7 
#39 41 14 48 8 63 76 67 21 44 23 61 54 70 7 
#58 25 18 21 46 63 41 48 13 44 6 42 54 70 35 
#39 6 14 43 8 63 0 48 13 0 33 42 29 70 62 
#19 16 56 76 39 63 29 67 22 7 6 44 34 32 35 
#19 16 40 76 16 68 76 67 22 14 23 44 34 1 58 
#58 6 40 41 29 63 2 48 13 4 33 42 40 70 7 
#58 6 40 76 8 63 76 67 13 44 23 44 54 70 7 
#14 25 14 21 8 63 41 48 17 44 33 61 54 70 35 
#46 6 56 48 39 63 0 45 21 4 6 60 29 70 62 
#39 16 56 76 8 68 6 45 45 7 6 44 54 32 7 
#6 16 56 48 8 63 76 48 22 20 23 3 32 1 58 
#58 4 56 76 8 63 29 67 19 44 33 44 40 44 7 
#58 25 40 76 16 63 76 67 13 44 33 44 54 1 7 
#58 25 56 76 8 63 29 60 45 44 33 61 54 44 62 
#1 16 14 76 39 63 76 67 14 2 34 61 15 70 26 
#34 16 56 76 7 63 76 67 17 14 23 44 29 44 7 
#6 16 56 76 8 63 6 60 17 20 23 44 54 1 7 
#34 16 14 21 16 63 41 48 13 44 6 60 29 44 7 
#19 25 40 62 29 15 76 48 13 44 33 44 15 1 7 
#14 4 56 62 8 63 29 67 13 44 23 44 54 44 15 
#58 49 14 48 39 63 2 67 13 2 34 44 34 70 27 
#34 25 14 76 39 63 13 67 13 7 62 42 29 70 7 
24 33 22 28 53 46 
5 25 7 16 2 1 
32 42 50 38 13 52 
8 27 44 51 23 19 
4 11 49 17 15 20 
45 58 12 18 39 59 
#Base: 917
#Max: 718
#782988
#Turn 9
#58 16 40 9 8 63 76 67 14 44 6 44 23 70 7 
#19 25 40 9 8 63 29 67 13 44 23 44 23 1 62 
#19 25 40 48 39 63 2 67 13 44 23 42 54 1 15 
#34 16 56 76 39 63 2 67 13 44 23 44 29 70 15 
#46 6 56 48 7 63 0 67 17 4 23 60 29 44 62 
#46 49 56 48 16 63 41 48 21 44 14 44 54 44 58 
#39 16 14 43 46 63 41 67 21 31 6 61 54 70 58 
#39 6 14 76 46 15 76 67 19 44 23 44 54 70 62 
#46 41 40 76 8 63 29 67 13 44 23 44 40 44 7 
#46 25 40 76 8 63 76 67 17 44 62 44 29 70 35 
#19 6 14 21 8 63 76 67 22 44 23 44 34 70 7 
#58 16 40 76 16 68 76 67 13 14 23 44 54 1 7 
#39 25 14 76 8 63 76 67 13 44 23 61 54 70 7 
#58 49 56 48 39 63 76 67 21 4 62 42 54 70 35 
#1 16 56 21 39 63 29 67 17 2 34 61 15 70 35 
#14 25 14 62 39 63 41 67 13 31 62 42 15 70 15 
#14 16 56 62 8 63 76 67 13 14 23 44 54 70 15 
#58 6 56 76 8 63 76 60 45 44 23 44 54 70 7 
#1 4 56 76 39 63 29 60 14 44 23 61 54 70 62 
#34 4 14 76 39 63 76 60 14 2 33 44 54 70 26 
#39 16 40 48 8 15 76 67 13 4 62 3 54 70 7 
#58 41 56 76 8 63 76 67 13 4 33 44 54 70 7 
#14 25 56 76 8 68 29 67 19 44 33 44 54 70 7 
#58 16 56 76 8 68 76 60 17 14 33 44 54 3 58 
#46 41 14 76 39 63 29 60 45 14 23 3 32 44 58 
#58 25 14 48 8 63 2 67 17 44 33 61 34 70 27 
#58 49 14 48 8 63 2 45 13 44 34 44 54 70 27 
#58 49 14 48 8 63 29 45 13 44 33 60 54 70 7 
#14 25 18 21 46 63 41 67 13 44 33 42 54 70 26 
#58 25 18 21 39 63 41 67 13 7 6 42 54 70 7 
#46 16 14 48 7 53 76 45 22 2 23 44 34 70 7 
#58 16 14 76 39 63 29 67 13 44 6 44 23 70 58 
#19 6 14 43 8 63 41 60 13 31 23 61 54 1 62 
#14 4 40 48 16 63 76 67 13 44 62 42 40 70 7 
#34 41 40 9 7 63 29 67 17 44 62 44 29 70 7 
#6 6 56 48 39 63 76 45 21 4 6 44 29 70 35 
#46 6 56 48 16 63 76 67 21 44 6 61 54 44 27 
#19 16 14 76 39 63 76 48 21 14 6 44 34 1 58 
#58 6 40 43 16 15 41 67 13 31 33 61 54 1 7 
#58 4 14 76 8 68 76 67 21 44 23 61 40 44 7 
#46 49 40 9 39 63 29 48 17 44 62 44 29 70 7 
#1 16 56 76 8 63 76 48 17 2 6 44 15 70 35 
#39 6 14 21 8 63 41 48 19 44 6 61 54 70 62 
#14 16 40 76 39 63 76 67 13 14 62 44 33 70 58 
#58 25 40 76 16 63 76 67 13 44 33 44 54 70 7 
#39 25 14 48 8 63 29 60 21 44 33 61 54 70 7 
#58 4 56 21 39 63 76 48 17 4 62 42 54 70 35 
#1 49 14 76 39 63 76 67 14 2 34 44 15 70 26 
#39 16 14 41 39 63 41 67 17 31 33 60 15 70 7 
#39 16 56 62 8 68 76 45 13 4 62 3 54 70 15 
#58 6 56 76 8 63 76 67 13 44 33 44 54 70 7 
#58 25 56 76 8 63 41 60 17 44 33 44 54 70 58 
#1 4 56 76 8 63 76 60 22 2 6 44 54 3 58 
#34 41 14 62 39 63 76 67 45 14 23 3 15 44 58 
#14 25 14 41 8 63 41 67 17 0 33 60 54 70 35 
#58 41 40 48 39 63 76 67 13 4 62 3 54 70 27 
#58 4 14 48 8 63 29 67 19 44 33 44 54 44 7 
#14 25 14 76 8 63 41 67 17 0 33 44 54 70 26 
#58 25 18 76 8 63 41 48 13 14 6 42 40 3 58 
#34 25 14 76 39 63 13 48 45 20 62 3 32 70 7 
25 47 24 22 53 49 
15 28 33 50 40 8 
3 39 5 43 17 19 
36 21 44 13 9 18 
45 31 46 51 55 12 
26 27 23 7 6 16 
#Base: 917
#Max: 744
#811341
#58 25 14 48 8 63 76 67 14 2 33 44 34 70 27 
#46 41 14 76 39 63 76 60 45 2 34 3 32 70 58 
#46 41 56 76 8 68 29 67 19 14 33 3 32 44 7 
#34 25 14 76 8 63 76 67 19 44 23 3 15 44 7 
#34 16 14 62 8 68 76 67 13 14 23 3 54 44 58 
#14 25 18 21 46 63 41 67 13 31 33 42 54 70 26 
#14 25 18 48 46 63 76 67 13 44 33 42 54 70 7 
#14 6 40 48 16 63 76 67 13 44 62 44 54 70 7 
#46 49 40 9 8 63 29 48 13 44 62 44 29 70 7 
#46 41 40 76 8 63 29 48 17 44 62 44 40 44 7 
#34 16 56 76 39 63 76 67 21 44 23 44 29 70 7 
#58 49 56 48 16 68 41 48 21 44 14 44 54 44 58 
#46 16 40 48 16 63 76 48 21 44 62 44 54 70 58 
#14 6 40 76 8 63 76 60 45 14 23 44 33 70 58 
#58 4 14 76 39 63 76 60 14 2 33 44 54 70 26 
#46 41 56 48 16 63 76 67 13 4 6 61 54 44 7 
#58 41 40 76 8 63 76 67 13 44 33 44 54 70 7 
#58 49 40 48 39 63 76 67 13 4 62 42 54 70 7 
#46 25 40 48 8 63 76 67 21 4 62 44 54 70 35 
#46 4 56 76 8 63 29 60 17 44 23 44 54 70 62 
#58 25 14 48 8 63 29 60 13 44 6 61 54 70 7 
#58 16 14 21 39 63 29 48 13 44 62 44 23 70 58 
#58 4 56 76 8 63 41 48 17 4 33 44 54 70 58 
#58 41 40 76 8 63 76 60 17 4 62 3 54 70 27 
#58 41 14 48 39 63 76 67 13 4 62 61 54 70 27 
#58 49 14 48 8 63 29 45 13 44 33 60 54 70 27 
#58 16 56 76 8 63 76 60 13 44 33 44 54 3 7 
#39 16 56 76 8 68 76 67 17 44 23 44 54 70 58 
#39 16 14 76 46 63 41 67 19 44 23 44 54 70 62 
#39 16 56 62 8 63 76 67 21 14 6 44 54 70 58 
#14 25 14 48 39 63 41 67 17 31 62 61 15 70 15 
#14 49 18 76 46 63 41 67 14 2 34 44 15 70 26 
#14 4 14 76 39 63 76 60 13 14 62 3 32 44 7 
#14 25 56 76 8 63 76 67 19 44 33 44 54 70 7 
#46 49 14 62 39 63 76 67 45 14 23 44 29 44 58 
#46 16 56 76 8 63 76 67 13 44 62 3 40 70 15 
#14 16 14 62 39 63 2 67 13 44 23 44 15 70 15 
#58 4 14 76 46 63 41 67 21 44 23 42 40 44 26 
#14 4 40 48 16 63 41 67 21 44 62 42 40 70 7 
#14 6 56 76 39 63 76 67 13 14 62 44 54 70 58 
#58 49 40 9 39 63 76 60 45 44 62 44 29 70 7 
#46 4 14 76 39 63 29 67 14 2 23 44 40 70 7 
#46 6 56 48 39 63 2 67 21 44 23 44 54 44 27 
#58 41 56 76 8 63 76 67 21 44 33 44 54 70 7 
#58 49 40 48 16 63 41 48 13 44 14 44 54 44 58 
#14 16 40 48 39 63 76 67 21 14 62 42 33 70 58 
#46 6 56 76 8 63 76 60 45 44 23 44 29 70 7 
#1 4 14 76 39 63 29 60 14 2 33 44 54 70 62 
#39 6 14 48 16 63 29 67 21 44 33 61 54 70 27 
#58 41 14 76 39 63 29 67 13 44 6 44 23 70 58 
#58 25 40 21 16 63 76 48 17 44 33 42 54 70 7 
#58 49 56 48 8 63 41 67 21 4 62 44 54 70 35 
#58 41 40 48 8 63 76 67 13 4 62 44 54 70 35 
#1 25 14 76 39 63 76 67 14 44 23 61 54 70 62 
#39 49 14 48 8 63 2 60 21 44 34 44 54 70 27 
#58 49 14 48 8 63 29 67 13 44 6 44 54 70 7 
#58 4 56 76 39 63 76 48 17 14 33 44 54 70 58 
#39 6 14 76 46 63 76 67 19 44 23 44 54 70 62 
#39 16 14 48 46 63 41 67 13 4 6 61 54 70 58 
#14 25 14 62 8 63 76 67 13 14 23 44 54 70 15 
#Base: 917
#Max: 718
#782988
