#[0] 3, 3
#[1] 4, 3
#[2] 3, 4
#[3] 3, 2
#[4] 2, 3
#[5] 2, 4
#[6] 1, 3
#[7] 2, 2
#[8] 3, 1
#[9] 4, 4
#[10] 5, 3
#[11] 3, 5
#[12] 4, 2
#[13] 3, 0
#[14] 5, 4
#[15] 4, 5
#[16] 5, 2
#[17] 4, 1
#[18] 0, 3
#[19] 1, 4
#[20] 2, 1
#[21] 1, 2
#[22] 2, 5
#[23] 0, 4
#[24] 5, 1
#[25] 0, 2
#[26] 5, 5
#[27] 1, 5
#[28] 2, 0
#[29] 1, 1
#[30] 4, 0
#[31] 0, 5
#[32] 1, 0
#[33] 0, 1
#[34] 5, 0
#[35] 0, 0
#Turn 0
51 9 1 50 23 27 
10 54 4 29 40 30 
34 55 15 0 14 56 
57 8 6 7 21 20 
28 45 58 33 26 47 
53 31 16 24 59 11 
#Base: 961
#Max: 350
#364204
#Turn 1
#43 29 2 8 3 13 17 58 11 27 16 13 27 1 39 
#43 28 45 1 3 13 36 31 6 51 16 18 27 1 39 
#22 22 19 19 11 65 36 21 4 9 25 19 33 55 20 
#36 22 19 23 61 65 11 21 4 9 1 16 33 16 8 
#35 22 16 6 61 0 1 45 38 23 1 7 31 16 7 
#34 17 20 32 7 2 25 15 37 4 17 1 9 9 15 
#34 22 2 21 39 15 17 62 12 4 17 27 10 17 34 
#60 42 2 16 4 10 5 5 12 51 6 11 18 17 34 
#60 42 10 3 4 10 5 16 11 35 4 11 18 12 15 
#13 2 55 24 27 5 5 16 15 35 3 42 37 15 15 
#3 9 47 49 16 21 30 10 3 6 6 56 16 30 33 
#3 16 4 17 28 18 16 10 28 14 17 56 20 69 0 
#8 16 3 4 28 18 18 37 28 32 17 11 17 8 4 
#1 0 54 4 21 23 4 2 26 32 12 11 28 8 4 
#23 0 31 4 4 23 27 2 30 11 12 25 68 7 45 
#11 10 21 66 19 55 12 29 9 30 6 8 13 13 23 
#14 28 7 56 10 24 34 38 9 13 24 70 3 28 4 
#3 28 28 26 10 24 34 7 29 23 3 2 0 12 71 
#11 4 28 6 43 13 26 7 29 56 2 2 19 11 71 
#19 58 3 10 3 4 26 20 37 56 2 0 59 14 11 
#4 37 4 11 24 16 34 25 1 39 10 20 8 11 25 
#63 4 25 25 4 38 34 14 10 39 59 10 11 20 8 
#63 5 14 11 9 10 38 13 10 1 8 9 23 55 2 
#8 48 6 29 34 10 2 30 58 5 67 9 9 55 2 
#8 1 59 29 34 30 13 2 18 5 21 3 42 1 11 
#12 14 13 25 21 11 54 16 4 45 49 14 36 2 33 
#8 14 32 25 21 48 14 21 6 23 9 18 53 4 15 
#4 47 6 22 29 48 2 9 24 42 6 38 27 4 66 
#4 16 6 22 19 15 66 28 13 33 28 16 29 12 66 
#9 2 30 22 3 2 11 28 13 4 28 34 29 18 12 
#29 31 25 32 30 11 20 15 11 58 12 9 9 4 15 
#43 17 20 10 3 3 17 31 27 4 16 1 27 1 39 
#22 22 2 21 39 7 36 62 6 6 16 27 33 17 20 
#60 42 10 19 11 65 5 21 11 51 4 19 18 8 8 
#48 22 7 3 27 0 13 8 38 35 1 16 27 12 15 
#13 34 5 6 11 22 5 45 18 46 3 42 31 14 7 
#12 9 25 32 16 2 30 32 3 6 6 25 16 29 33 
#34 29 20 42 7 21 16 10 39 14 33 56 20 30 10 
#25 22 2 18 39 18 17 62 28 15 6 14 10 69 34 
#60 42 54 4 21 10 5 5 26 32 4 11 18 8 29 
#23 0 6 3 1 23 13 2 39 35 10 16 68 12 35 
#34 10 31 24 4 22 27 16 30 2 3 42 37 15 45 
#3 5 47 66 16 16 30 29 3 6 33 25 13 29 33 
#14 29 4 17 27 21 5 38 9 13 6 56 3 30 10 
#3 16 6 18 10 18 34 37 12 15 24 14 17 12 0 
#1 16 28 6 21 61 10 7 29 32 3 2 28 8 4 
#40 4 3 1 3 23 4 20 17 11 2 25 59 34 35 
#19 58 31 4 7 17 51 3 30 14 8 57 3 7 21 
#11 37 4 66 19 26 12 25 3 30 10 8 13 53 23 
#14 10 7 56 24 14 34 38 9 13 59 10 3 28 4 
#3 28 6 26 10 24 38 13 10 25 8 70 0 20 14 
#11 48 10 11 43 10 2 5 58 1 3 9 19 55 2 
#8 4 3 29 3 7 26 20 17 5 67 18 9 13 11 
#5 1 30 12 30 4 51 16 18 14 21 3 5 1 21 
#20 37 13 32 42 17 4 25 15 18 10 20 36 2 33 
#42 4 25 25 21 11 34 14 1 39 5 15 53 11 2 
#63 47 27 25 4 48 14 13 10 32 9 18 24 4 16 
#4 48 10 11 18 10 2 21 7 1 17 38 27 55 66 
#9 16 6 23 19 30 66 30 17 4 28 18 29 13 9 
#31 1 59 22 30 2 11 44 18 38 22 34 50 1 12 
58 32 25 51 10 7 
50 4 49 18 39 37 
40 15 19 28 16 14 
47 57 27 23 33 59 
22 56 2 38 21 48 
6 1 11 3 42 17 
#Base: 961
#Max: 381
#396462
#Turn 2
#9 16 6 21 39 7 66 62 6 4 16 27 33 13 9 
#12 22 2 25 39 11 54 16 6 6 16 14 33 2 33 
#12 48 10 11 21 11 54 16 58 1 49 9 36 2 2 
#3 9 10 11 43 21 30 10 3 1 6 9 16 30 33 
#3 9 47 49 16 10 30 10 12 6 6 11 16 30 34 
#3 22 16 26 10 0 1 13 38 23 1 7 0 16 14 
#35 22 16 56 61 0 34 38 38 13 59 7 31 28 7 
#11 4 28 6 24 13 34 38 9 56 59 2 3 28 4 
#11 42 28 4 43 13 5 5 26 32 4 2 19 11 71 
#60 42 54 4 21 21 5 5 26 14 4 56 20 30 10 
#23 10 6 66 1 23 12 29 39 35 6 16 68 13 35 
#11 10 21 66 19 4 12 29 37 30 6 0 13 13 11 
#19 16 6 22 3 4 26 20 13 33 28 0 59 14 11 
#4 28 7 22 19 15 34 28 9 13 24 16 3 28 66 
#14 0 7 56 10 23 34 38 30 13 24 25 3 28 4 
#4 48 31 4 7 17 2 3 30 14 8 57 27 55 66 
#4 47 6 22 18 48 2 9 24 1 6 38 27 4 66 
#4 47 6 29 29 48 2 9 58 5 6 38 9 4 2 
#8 42 10 19 11 10 2 21 58 5 67 9 18 55 8 
#31 42 10 19 30 2 5 21 11 51 22 34 50 8 8 
#63 5 27 25 4 10 14 13 10 1 8 9 24 55 16 
#22 22 19 19 4 48 36 21 4 32 25 18 24 55 16 
#22 22 2 18 11 65 36 62 28 9 6 19 10 69 20 
#63 4 2 25 39 38 34 62 10 15 6 14 10 20 34 
#11 37 4 25 19 38 12 25 3 39 59 8 11 20 23 
#34 22 2 21 3 15 36 31 12 4 16 27 27 17 34 
#3 16 4 17 28 13 36 10 28 14 16 18 27 69 0 
#36 16 19 23 28 65 16 10 4 9 17 16 20 69 0 
#3 22 19 66 16 16 11 21 3 6 33 16 13 29 33 
#3 5 47 26 16 24 34 7 29 6 3 25 0 12 71 
#3 28 6 23 10 30 38 13 17 25 28 18 29 13 14 
#35 22 2 21 61 7 36 62 38 6 16 27 33 16 20 
#14 14 13 25 21 11 54 16 9 45 49 14 36 2 33 
#11 48 10 11 43 13 2 5 58 1 3 9 19 55 71 
#3 42 54 4 16 10 5 5 3 6 6 11 18 30 29 
#60 42 2 16 7 21 16 5 12 14 6 11 18 30 10 
#3 28 6 26 10 24 13 2 10 35 8 16 68 12 35 
#11 22 21 6 61 0 1 29 38 23 6 8 31 16 23 
#14 58 7 10 3 4 26 20 37 13 2 10 59 28 4 
#4 4 6 6 19 13 26 7 13 56 28 2 19 11 66 
#14 42 7 56 10 24 5 38 26 13 4 70 3 28 29 
#23 29 31 42 7 21 16 2 39 14 33 56 20 30 10 
#23 58 6 3 1 17 13 2 39 35 10 57 68 12 21 
#4 48 21 66 19 10 2 29 7 1 17 38 13 55 23 
#4 58 3 10 3 4 26 20 24 42 2 0 59 4 11 
#8 48 6 29 34 15 66 28 58 33 67 9 29 55 66 
#14 28 10 56 11 24 34 38 9 51 4 70 18 28 8 
#23 0 31 22 30 23 11 44 18 38 22 34 68 7 45 
#63 58 31 11 9 17 51 13 30 1 8 57 3 7 2 
#63 48 27 25 4 48 2 13 7 32 17 38 24 4 66 
#22 47 6 19 29 65 36 21 24 9 25 38 33 55 66 
#8 48 6 18 39 10 2 30 58 15 6 14 9 69 34 
#60 42 25 25 4 65 34 21 11 39 59 19 18 8 8 
#11 37 4 66 19 2 12 44 3 30 22 8 13 1 23 
#34 5 14 11 9 15 38 62 10 1 8 9 23 55 2 
#63 47 45 1 3 48 36 31 6 51 9 18 24 4 16 
#22 16 19 19 28 65 36 21 28 14 25 19 33 69 0 
#25 22 2 23 61 18 11 21 28 15 6 14 33 69 34 
#63 5 47 66 4 16 34 14 10 6 59 25 11 29 8 
#11 28 4 66 19 24 34 25 3 23 3 8 0 53 23 
54 17 2 31 27 7 
32 29 9 6 40 16 
8 23 33 58 49 57 
56 15 22 45 52 46 
59 47 42 50 55 51 
41 43 18 48 10 0 
#Base: 961
#Max: 551
#573361
#Turn 3
#34 47 6 11 9 48 2 9 58 5 6 9 9 4 2 
#12 48 6 11 29 48 2 9 58 1 6 38 36 4 2 
#35 22 2 11 21 11 54 16 38 1 49 9 33 16 2 
#36 16 19 23 28 65 16 62 4 9 17 16 33 16 20 
#36 4 28 6 24 13 16 10 9 9 59 2 3 28 4 
#3 14 13 25 16 11 54 16 9 6 49 14 0 2 33 
#60 42 47 4 21 24 34 5 29 14 4 56 0 30 71 
#60 42 54 4 21 21 5 38 38 13 4 56 31 30 10 
#14 42 7 56 10 0 5 38 26 13 4 7 31 28 7 
#14 47 7 56 18 24 2 9 24 1 6 38 27 28 29 
#11 42 28 4 39 38 34 62 26 15 4 14 19 20 71 
#63 4 10 25 43 38 2 5 58 15 3 9 19 55 34 
#11 5 10 66 4 16 2 14 58 1 3 9 11 55 71 
#63 5 47 66 4 48 2 14 7 6 59 38 11 29 8 
#25 22 27 25 61 48 2 13 7 32 6 14 33 69 66 
#22 48 31 4 7 65 36 21 28 14 25 19 27 55 0 
#22 22 2 4 7 17 36 62 28 9 8 19 27 69 20 
#8 22 2 18 11 65 66 28 58 33 67 9 29 55 20 
#60 48 6 29 4 65 34 28 11 33 59 19 29 8 8 
#14 42 10 25 11 24 34 21 9 39 59 70 18 8 8 
#11 0 31 66 30 23 11 25 18 23 3 8 0 53 45 
#23 0 31 3 30 17 13 2 39 35 10 34 68 7 21 
#23 47 6 3 29 17 13 2 39 35 25 57 68 55 21 
#63 47 6 19 29 65 36 21 6 9 9 18 24 4 66 
#63 47 6 1 3 10 36 30 6 15 9 18 24 69 34 
#4 48 21 42 19 10 2 29 7 14 33 56 20 55 10 
#4 42 10 66 19 10 2 21 58 5 17 38 18 55 8 
#63 58 31 11 11 10 2 21 30 5 8 57 3 55 8 
#63 58 31 66 1 17 12 13 30 1 6 16 3 13 2 
#23 10 6 66 1 7 66 62 6 4 6 27 68 13 9 
#14 5 14 25 21 11 54 16 10 45 8 9 36 2 33 
#3 5 47 26 29 24 2 9 29 6 6 38 9 4 2 
#12 42 10 4 21 11 5 5 58 14 4 56 20 2 2 
#35 22 16 21 61 7 34 62 38 13 16 7 31 16 7 
#36 16 7 56 28 24 5 10 26 9 4 70 20 28 0 
#4 47 6 6 24 48 2 38 9 1 6 38 27 28 66 
#14 14 13 25 21 11 54 5 9 32 49 14 36 11 71 
#3 4 47 26 16 24 34 7 29 15 3 25 0 20 34 
#60 48 10 11 21 21 2 5 58 1 4 56 20 55 10 
#63 22 16 66 4 0 34 14 10 6 59 7 11 28 7 
#14 42 27 56 10 48 2 13 7 32 17 38 3 4 29 
#4 22 6 23 18 18 11 9 28 15 6 38 27 69 34 
#22 16 28 19 28 13 5 21 28 14 25 19 19 69 71 
#63 48 2 25 7 17 34 3 10 14 8 14 27 20 66 
#11 48 10 18 11 13 36 62 58 9 6 9 10 55 20 
#8 48 47 29 4 16 34 14 10 6 59 25 29 55 66 
#63 48 25 25 4 65 34 21 11 39 17 19 24 4 8 
#25 28 10 23 11 18 11 21 9 15 4 14 33 28 34 
#11 16 19 19 28 24 36 21 3 23 25 8 33 69 23 
#23 0 31 4 30 23 2 44 30 38 22 57 68 55 45 
#22 22 6 18 1 17 36 62 39 35 10 57 68 12 20 
#22 47 6 19 29 65 66 28 58 9 67 38 33 55 66 
#63 42 45 1 3 65 36 31 11 51 9 18 24 8 16 
#8 48 10 18 39 10 34 38 9 51 4 14 9 69 34 
#11 29 4 42 19 24 16 2 39 14 3 8 20 53 10 
#4 48 31 22 19 23 11 44 7 1 22 38 68 7 23 
#8 58 6 3 1 10 2 2 39 35 67 57 68 55 21 
#63 47 6 19 9 65 36 21 24 1 8 38 33 55 2 
#63 47 6 66 3 23 36 29 39 51 9 16 68 4 35 
#9 48 6 21 39 7 66 30 58 4 6 14 33 13 9 
33 59 26 38 24 28 
36 19 11 6 7 44 
39 27 29 49 14 46 
22 13 56 51 58 18 
15 10 57 17 45 50 
43 53 12 23 52 42 
#Base: 961
#Max: 608
#632674
#Turn 4
#35 48 6 21 39 7 34 30 58 13 16 7 31 13 9 
#9 42 6 21 19 10 2 21 58 4 6 14 33 55 8 
#60 48 10 11 19 10 2 5 58 1 4 56 18 55 8 
#63 48 6 1 21 21 2 30 6 15 4 18 24 69 10 
#63 58 6 1 1 17 12 30 6 15 9 18 3 13 34 
#14 42 10 25 21 11 54 21 9 39 49 14 18 8 8 
#14 4 10 25 11 38 34 5 58 15 3 9 18 8 34 
#63 4 47 25 43 38 2 5 58 14 4 56 19 55 71 
#60 42 47 4 21 21 34 38 29 13 4 56 31 30 10 
#11 42 10 4 21 21 5 38 38 13 4 56 31 55 20 
#63 22 16 11 4 0 34 14 10 6 8 7 11 28 8 
#23 10 6 66 11 7 66 21 6 4 8 57 3 13 9 
#23 0 6 4 1 23 66 44 6 4 6 57 68 55 45 
#23 22 27 25 30 48 2 13 7 38 6 14 33 69 66 
#25 48 25 25 4 48 2 21 11 32 6 14 33 69 66 
#63 47 6 3 4 48 13 2 39 6 59 38 68 29 8 
#8 5 47 66 1 48 2 14 39 6 67 38 11 55 8 
#22 47 6 19 29 10 66 28 58 9 67 57 68 55 66 
#22 47 6 19 29 65 36 28 39 51 9 16 33 55 35 
#60 48 6 29 3 23 36 29 39 51 59 19 29 8 35 
#11 42 31 4 39 38 36 62 28 14 25 14 19 55 0 
#11 47 6 19 39 65 34 21 26 1 8 14 33 20 71 
#63 22 6 19 11 65 36 21 58 33 8 9 29 55 20 
#8 22 47 18 11 65 34 14 10 33 67 9 29 55 66 
#8 48 6 18 4 17 34 14 10 35 10 25 68 55 66 
#8 48 10 25 39 10 34 38 10 14 8 14 27 69 66 
#11 48 10 18 4 16 34 14 58 51 4 14 9 69 34 
#11 47 6 19 4 65 36 14 58 1 3 18 24 4 66 
#63 42 45 1 3 65 36 21 11 51 9 18 24 4 66 
#63 42 28 19 3 65 36 21 11 51 25 18 19 69 71 
#14 14 13 21 21 7 34 62 9 13 49 7 31 16 7 
#14 48 6 21 11 7 34 30 9 39 6 14 18 13 9 
#4 4 10 66 43 38 2 5 58 15 3 9 18 55 8 
#60 42 10 11 21 24 2 5 29 14 4 56 0 55 71 
#60 42 54 4 21 10 36 30 38 15 9 56 31 30 10 
#63 58 31 66 1 13 12 62 58 9 6 16 3 13 2 
#63 14 13 66 4 0 54 5 10 32 49 14 36 28 71 
#63 58 31 25 11 10 2 21 9 39 8 57 3 8 8 
#23 10 6 66 43 38 2 62 6 4 6 9 68 55 34 
#23 0 31 4 21 23 34 44 30 14 22 57 68 55 71 
#25 22 27 25 21 21 5 13 38 32 4 14 33 69 66 
#63 48 10 25 11 65 36 62 58 39 17 9 10 55 20 
#63 22 16 66 4 17 13 2 39 6 25 7 68 28 7 
#63 5 47 11 4 10 2 14 7 5 8 38 3 55 8 
#23 10 6 66 1 7 2 2 6 35 67 27 68 55 9 
#22 47 31 4 30 65 2 28 58 9 67 38 33 55 45 
#63 22 6 66 3 23 36 13 39 32 6 14 68 69 66 
#63 48 25 25 4 65 34 21 11 33 17 19 24 4 8 
#23 47 6 3 7 65 13 21 39 35 25 57 27 55 21 
#11 5 47 4 4 38 2 14 7 15 59 14 19 20 71 
#63 58 6 19 1 10 36 2 39 35 8 57 68 55 21 
#22 47 6 19 11 65 66 28 58 9 67 38 33 55 66 
#63 48 47 29 3 16 34 14 39 6 9 16 29 4 66 
#22 48 6 18 4 65 34 62 39 33 10 57 68 8 8 
#63 48 31 25 7 17 34 3 28 14 25 19 27 55 0 
#11 42 10 18 39 38 34 62 9 15 4 14 9 69 71 
#63 47 10 66 4 65 36 14 24 1 8 38 33 55 2 
#63 47 2 19 29 65 66 21 6 33 9 18 29 55 20 
#8 42 47 29 3 16 36 14 10 6 59 25 29 8 66 
#22 22 6 18 28 17 5 21 28 35 25 19 68 69 20 
8 21 33 55 19 25 
13 52 16 45 12 48 
24 18 50 7 41 22 
57 53 29 17 46 56 
34 15 36 51 39 38 
42 44 35 23 28 14 
#Base: 961
#Max: 607
#631634
#Turn 5
#11 47 47 4 39 65 34 21 26 1 4 14 31 20 71 
#60 42 6 19 39 65 2 5 26 1 4 14 33 20 71 
#60 42 10 11 21 38 2 62 9 14 4 56 9 69 71 
#60 48 10 18 39 23 34 62 39 51 4 19 29 69 35 
#60 48 10 25 39 23 36 29 39 51 8 14 27 69 35 
#63 48 47 29 3 48 2 14 39 6 9 14 33 69 66 
#8 48 47 29 3 16 34 14 39 6 9 16 29 4 66 
#22 47 47 4 1 65 2 14 58 6 67 38 11 55 45 
#22 47 31 4 30 65 66 28 6 9 67 57 68 55 45 
#23 0 6 4 1 23 13 44 6 4 25 57 68 55 45 
#22 47 6 19 29 65 36 28 39 51 9 16 33 55 66 
#22 47 6 19 29 10 36 2 39 51 8 16 33 55 21 
#63 58 47 25 1 10 2 2 39 35 8 56 19 55 21 
#63 4 10 25 11 38 2 62 58 39 17 9 10 55 20 
#63 22 10 25 11 65 36 62 58 33 17 9 10 55 20 
#63 48 6 19 4 65 66 21 6 33 9 18 29 8 20 
#22 48 28 19 4 65 36 21 11 51 10 18 68 69 71 
#63 42 6 19 3 10 66 28 58 51 67 18 19 69 66 
#22 22 6 66 3 10 36 13 58 32 67 14 68 69 66 
#63 47 6 66 3 23 36 13 24 32 8 38 68 69 66 
#60 47 6 3 21 48 36 2 39 15 9 56 68 30 8 
#63 47 6 3 4 0 54 2 10 6 49 38 36 28 8 
#63 47 13 66 11 0 54 28 58 32 67 38 33 28 66 
#22 47 31 19 21 65 34 28 58 14 22 57 68 55 71 
#23 10 6 4 43 23 34 44 6 14 22 57 68 55 34 
#63 22 16 66 4 17 2 2 6 35 67 27 68 28 9 
#63 58 31 66 1 7 2 2 6 9 67 27 3 13 2 
#63 58 31 18 1 13 12 62 58 9 6 16 29 13 66 
#63 22 47 1 11 65 36 14 10 33 9 9 24 55 66 
#25 48 25 1 3 48 2 21 11 51 6 18 33 69 66 
#60 22 27 4 21 21 2 38 7 13 4 56 31 69 10 
#63 48 6 29 3 16 34 14 39 6 8 16 29 20 71 
#8 42 47 11 21 24 2 14 29 6 67 38 11 55 8 
#11 47 10 4 39 65 34 62 58 9 67 38 9 55 45 
#23 48 6 4 1 23 36 44 39 4 59 19 68 8 35 
#23 48 10 25 39 10 34 38 39 35 8 14 27 69 66 
#8 22 6 25 30 48 2 14 10 38 10 25 68 69 66 
#63 48 47 19 3 65 34 28 39 6 9 16 33 55 66 
#8 58 6 66 1 10 2 14 39 6 8 57 68 55 21 
#63 47 47 25 30 38 2 28 58 9 67 56 33 55 71 
#23 0 10 25 11 65 66 44 6 39 17 9 10 55 45 
#63 47 6 19 7 65 36 21 58 35 25 9 27 55 20 
#8 48 6 18 4 65 34 14 6 33 9 18 29 55 66 
#22 47 6 19 4 65 34 28 39 33 9 57 68 55 35 
#63 58 28 19 3 65 36 2 11 35 8 18 68 69 21 
#22 4 6 19 43 10 2 28 58 14 67 57 68 55 66 
#63 22 6 25 3 23 36 62 58 32 17 14 68 55 66 
#63 47 6 19 4 65 36 14 24 1 8 9 29 55 20 
#63 42 2 19 29 10 36 21 6 33 9 18 31 30 20 
#22 47 6 18 4 65 34 62 39 6 10 57 68 8 8 
#63 42 28 66 4 65 36 21 10 51 49 18 19 28 71 
#22 47 6 19 29 10 66 28 58 9 67 57 68 55 66 
#63 22 31 4 21 23 36 13 39 14 22 14 68 55 66 
#63 47 10 66 4 38 2 14 6 1 8 9 33 55 2 
#63 42 54 4 4 17 13 2 38 15 25 7 31 30 10 
#23 10 6 66 1 48 2 2 39 6 67 38 68 55 9 
#63 14 13 66 1 0 54 62 10 32 6 16 36 13 2 
#8 47 47 19 11 65 34 14 10 9 67 38 33 55 66 
#23 42 45 4 21 65 34 21 11 14 22 18 24 4 66 
#25 48 6 66 4 48 2 21 6 4 6 14 68 69 34 
36 20 41 2 4 25 
38 27 10 18 5 28 
49 7 19 22 23 14 
37 50 17 39 8 16 
35 43 45 51 33 57 
59 52 3 46 44 55 
#Base: 961
#Max: 629
#654527
#Turn 6
#60 22 6 3 30 48 2 2 39 38 9 56 68 30 8 
#63 47 6 3 7 65 36 21 39 15 9 9 27 55 20 
#63 47 6 19 21 65 2 62 58 14 25 9 9 69 71 
#60 42 10 25 39 23 2 62 9 51 4 14 27 69 71 
#63 22 16 25 39 23 2 29 6 35 67 14 27 69 35 
#63 58 31 18 1 10 2 14 39 6 6 57 68 13 66 
#22 58 6 18 29 65 36 62 58 9 9 16 33 13 66 
#22 47 6 66 3 65 36 28 39 51 67 16 33 69 66 
#63 22 6 66 3 10 36 14 39 6 67 14 33 69 66 
#63 48 47 1 3 65 36 14 10 33 9 14 24 69 66 
#22 47 6 4 1 65 34 14 58 6 67 38 68 8 8 
#22 47 6 4 3 23 36 13 58 32 8 38 11 55 45 
#63 47 6 66 3 0 54 13 24 32 8 38 68 69 66 
#63 47 13 66 21 65 34 28 58 32 67 57 68 28 71 
#22 47 31 19 11 65 34 28 58 14 17 9 10 55 71 
#63 48 47 66 4 65 34 21 10 6 49 18 33 55 66 
#63 42 6 19 3 65 36 21 10 51 49 18 19 28 71 
#63 42 6 19 30 10 66 28 58 51 67 56 33 55 71 
#63 47 47 25 30 38 2 28 6 9 67 57 33 55 45 
#22 48 28 4 4 65 66 28 11 51 67 57 68 55 45 
#23 47 6 19 4 10 34 38 39 33 8 57 27 69 35 
#22 47 6 19 43 10 34 28 58 14 67 57 68 55 66 
#22 47 6 19 29 10 66 28 58 9 67 57 68 55 66 
#11 47 10 4 29 65 34 62 58 9 67 38 9 55 45 
#8 47 47 4 39 65 34 62 58 9 67 38 9 55 45 
#25 22 31 66 21 48 2 13 6 4 22 14 68 69 34 
#63 22 10 18 39 23 34 13 39 14 22 19 29 69 35 
#60 48 10 25 3 23 34 62 58 51 4 14 68 69 66 
#63 58 28 19 3 65 36 2 11 35 17 14 68 69 66 
#63 58 6 66 3 65 2 2 11 35 8 18 68 69 9 
#8 58 6 66 30 10 2 14 10 38 10 25 68 55 21 
#60 47 31 3 1 48 12 2 58 9 6 16 68 13 66 
#63 47 6 19 7 65 36 28 39 51 25 16 33 55 66 
#22 22 6 66 3 10 2 62 58 32 67 14 9 69 66 
#60 48 10 29 39 23 36 29 39 51 9 14 33 69 35 
#63 22 16 1 4 65 2 14 10 35 67 9 68 28 66 
#22 47 6 18 4 10 2 62 39 6 10 57 68 55 8 
#63 58 31 4 1 65 12 62 58 9 67 16 11 55 45 
#63 47 6 66 3 23 36 28 24 32 9 38 33 69 66 
#63 47 13 66 11 0 54 13 58 32 67 14 33 28 66 
#22 48 47 29 3 65 2 14 39 14 22 57 68 69 66 
#63 22 47 25 11 65 36 62 10 33 9 9 24 55 66 
#22 47 47 19 3 65 34 28 39 6 9 57 33 8 8 
#22 47 28 66 1 65 36 14 10 6 67 38 19 28 71 
#63 47 6 19 3 10 66 28 24 32 67 38 19 69 66 
#63 47 47 66 30 38 2 28 58 32 67 56 33 55 66 
#22 47 31 19 30 65 34 28 58 9 22 57 68 55 45 
#63 22 28 19 4 65 36 62 11 51 17 18 10 69 20 
#63 48 47 19 39 65 34 28 39 6 8 14 33 69 66 
#63 47 28 19 4 65 36 28 39 33 49 18 19 55 35 
#22 42 6 19 43 10 66 28 58 14 67 18 19 69 66 
#22 47 47 25 29 10 66 28 58 9 67 56 68 55 71 
#22 47 10 4 30 65 66 28 58 9 67 57 68 55 45 
#8 47 28 19 4 65 34 21 10 51 10 18 33 69 71 
#25 48 6 25 39 48 2 21 39 4 8 14 68 69 66 
#63 47 31 19 21 23 36 28 39 14 9 57 68 55 35 
#60 4 10 19 39 23 2 28 39 14 4 57 29 69 35 
#63 22 6 25 3 23 66 62 58 9 67 14 68 55 66 
#63 58 28 4 3 65 34 2 11 35 67 38 68 55 45 
#23 47 6 66 11 48 2 14 10 6 67 38 68 55 66 
3 43 23 48 50 8 
55 41 44 57 39 18 
38 28 7 52 19 2 
15 22 17 13 51 58 
33 46 24 45 27 37 
29 32 40 21 12 59 
#Base: 961
#Max: 718
#747138
#Turn 7
#22 47 28 25 1 23 36 14 10 6 67 38 19 69 71 
#11 47 10 4 29 65 34 62 58 9 67 38 19 55 71 
#63 47 47 19 39 65 34 28 58 6 8 38 33 69 45 
#22 48 6 19 43 65 66 28 39 6 67 18 19 69 66 
#63 22 6 19 3 10 36 28 58 6 67 18 33 69 66 
#63 47 31 25 21 65 36 62 39 14 9 57 24 55 66 
#63 47 47 19 3 10 36 62 10 33 67 38 19 69 66 
#63 22 6 19 3 23 66 28 24 32 67 38 68 69 66 
#63 22 13 66 11 23 66 62 58 32 67 14 68 28 66 
#63 47 47 66 30 0 2 28 58 9 67 57 33 55 66 
#63 47 28 66 3 23 36 2 24 32 17 14 68 69 66 
#22 47 6 66 3 65 36 2 11 51 67 16 33 69 66 
#22 47 6 66 30 65 66 28 58 51 67 16 68 55 45 
#22 47 28 4 4 65 66 28 58 9 67 57 68 55 45 
#63 47 28 19 4 65 2 62 58 14 67 57 9 55 45 
#22 47 6 19 4 65 34 21 58 9 49 57 33 55 66 
#22 47 6 19 30 10 66 28 58 9 67 56 68 55 66 
#63 47 13 66 30 65 34 28 58 51 67 56 68 28 71 
#22 47 13 25 21 65 34 28 58 32 67 56 68 55 71 
#22 58 47 4 3 10 66 2 58 35 67 56 68 55 71 
#22 22 6 66 3 10 2 62 58 9 67 57 9 69 66 
#22 47 47 4 30 65 34 28 58 9 22 38 9 55 45 
#8 47 47 4 39 38 2 28 58 32 67 56 9 55 45 
#60 48 47 66 3 38 2 62 58 32 4 14 68 55 66 
#63 48 31 25 1 23 34 62 58 51 67 16 68 55 66 
#63 47 6 66 3 65 2 28 11 35 8 18 68 69 9 
#63 47 6 29 3 65 36 28 39 14 22 16 33 55 66 
#22 47 6 19 3 10 34 28 39 14 67 57 68 69 66 
#63 47 6 19 43 0 34 13 58 14 67 57 68 55 66 
#63 47 6 66 11 0 2 14 10 32 8 38 68 55 66 
#63 47 31 25 21 23 2 62 39 14 9 57 68 69 35 
#22 22 28 25 11 65 36 62 10 33 67 38 24 28 71 
#63 47 10 19 3 65 34 28 58 9 67 38 19 69 66 
#63 22 6 25 39 65 66 62 58 6 67 14 68 69 66 
#63 42 6 66 43 0 54 13 58 14 67 18 33 69 66 
#63 22 6 66 30 38 2 14 6 9 67 57 33 55 45 
#63 47 31 19 3 23 36 28 24 32 9 38 68 69 66 
#63 22 47 19 3 65 36 62 11 35 17 14 68 55 66 
#63 47 6 19 3 65 36 28 39 51 67 16 33 69 66 
#63 47 10 25 3 65 66 28 58 9 67 57 68 55 45 
#22 48 13 66 4 0 66 28 58 51 67 57 68 28 45 
#63 47 47 19 21 38 2 62 58 14 25 57 9 69 45 
#63 47 6 66 4 65 36 21 10 32 9 18 33 69 66 
#63 47 28 19 3 10 66 2 11 35 67 14 68 55 66 
#22 42 6 66 3 65 66 28 39 51 67 56 33 55 66 
#22 47 13 66 21 65 34 28 58 32 67 57 68 55 71 
#22 48 47 4 29 10 66 28 11 51 67 57 68 55 45 
#63 47 6 4 3 65 34 62 11 35 67 9 9 55 71 
#22 48 47 66 3 10 2 62 58 32 67 18 33 55 66 
#22 47 31 19 29 65 66 28 58 9 22 57 68 55 45 
#8 47 47 19 30 65 34 62 58 51 67 56 33 55 71 
#63 47 47 66 30 65 2 28 58 32 67 57 68 55 71 
#22 48 10 25 29 23 34 28 58 9 4 14 68 55 71 
#63 58 28 4 1 65 12 62 58 35 67 16 11 55 45 
#22 58 6 66 3 65 2 2 58 32 8 14 9 69 66 
#22 47 31 19 7 65 34 28 39 51 25 57 68 55 66 
#8 48 47 4 3 65 34 14 39 9 67 57 9 55 45 
#63 47 47 66 30 38 34 28 58 14 67 56 33 55 66 
#63 48 10 66 3 0 34 13 58 32 4 14 68 69 66 
#63 58 31 4 11 48 2 62 58 9 67 16 11 55 66 
41 3 14 28 46 53 
37 2 16 12 49 7 
48 38 39 50 57 5 
9 24 45 51 33 18 
6 34 19 17 44 13 
1 55 40 8 23 32 
#Base: 961
#Max: 756
#786681
#Turn 8
#22 47 47 19 21 65 66 28 39 6 25 57 19 69 45 
#63 48 6 19 43 65 2 62 39 14 67 18 9 69 66 
#63 47 6 19 4 65 2 13 58 14 67 57 68 55 66 
#22 47 6 4 43 10 66 13 58 14 67 57 68 55 45 
#63 48 47 4 1 10 66 62 58 51 67 16 68 55 45 
#63 47 47 19 39 65 36 62 11 35 17 38 33 55 45 
#22 47 47 19 30 65 34 28 58 9 8 56 68 69 66 
#22 47 6 19 30 10 66 28 58 9 67 56 68 55 45 
#22 47 31 66 29 65 66 28 58 51 22 57 68 55 45 
#22 47 31 19 3 23 66 28 58 9 67 57 68 69 45 
#63 48 6 19 3 10 36 62 39 32 67 18 33 69 66 
#63 47 10 25 3 65 36 28 39 9 67 57 33 69 66 
#8 47 10 25 30 65 66 62 58 9 67 56 33 55 45 
#8 47 47 19 30 65 34 62 58 14 67 56 33 55 71 
#63 47 31 66 30 38 36 28 58 14 9 56 33 55 66 
#63 48 47 25 30 0 2 28 58 51 67 16 68 55 66 
#22 48 31 66 21 65 34 62 58 32 67 57 68 55 66 
#63 47 13 66 30 65 34 28 58 32 67 57 68 55 71 
#63 47 6 25 39 65 2 28 58 6 67 14 68 55 66 
#63 47 13 25 39 65 66 62 58 6 67 56 68 55 71 
#63 42 6 66 43 0 36 62 10 14 67 38 19 69 66 
#22 42 6 4 43 10 54 13 58 14 67 56 68 69 66 
#63 47 47 66 30 65 66 28 58 51 67 56 68 55 71 
#22 47 13 66 3 65 34 28 39 51 67 56 68 28 71 
#22 42 28 66 3 65 66 28 58 9 67 57 33 55 66 
#22 47 31 4 29 65 34 28 39 9 67 38 19 55 71 
#22 47 31 66 4 0 66 28 39 51 25 57 68 55 66 
#22 22 13 66 4 0 66 28 58 51 67 57 68 28 45 
#60 48 13 66 3 38 2 62 58 32 67 14 68 55 66 
#60 47 47 19 3 65 2 28 58 32 67 38 68 55 66 
#63 22 47 19 3 38 2 62 11 35 25 14 68 69 66 
#22 48 6 19 43 65 34 28 39 6 67 18 19 69 45 
#22 47 28 19 4 10 66 28 58 14 67 56 68 55 66 
#63 47 6 19 43 0 34 28 58 51 67 16 68 55 45 
#22 47 47 19 29 10 66 28 58 51 22 57 68 55 45 
#63 58 6 4 3 65 12 28 58 32 67 16 68 69 45 
#63 22 47 19 3 10 2 62 58 35 17 18 68 55 66 
#63 47 6 19 39 65 34 28 58 51 8 16 33 69 66 
#22 47 6 25 30 10 66 28 58 9 67 57 68 55 45 
#22 47 6 66 30 65 34 28 58 51 67 56 68 55 71 
#63 47 31 66 29 65 34 28 58 14 22 57 68 55 66 
#63 47 6 25 3 23 66 28 39 14 9 57 68 69 66 
#63 48 47 66 30 10 2 28 58 32 67 57 33 55 66 
#63 48 31 25 1 23 36 28 58 51 67 16 33 69 66 
#63 47 10 66 3 65 66 28 58 9 67 57 68 55 45 
#8 47 47 66 30 65 2 28 58 32 67 57 68 55 71 
#63 22 6 25 30 38 34 62 58 14 67 56 33 69 66 
#63 47 13 25 21 65 36 62 39 32 9 56 68 55 71 
#63 47 47 66 30 0 36 62 58 33 67 38 33 69 66 
#63 48 6 66 43 23 34 13 58 14 67 16 33 69 66 
#22 47 13 66 3 10 34 2 58 35 67 57 68 55 71 
#63 47 47 66 30 65 2 28 58 32 67 57 68 55 71 
#22 42 6 66 39 65 66 62 58 51 67 56 68 55 66 
#22 47 13 25 21 65 66 28 58 9 67 56 68 55 71 
#11 47 10 19 3 65 36 62 58 33 67 38 19 55 66 
#63 47 31 19 7 65 34 28 39 51 67 18 33 55 66 
#22 48 13 66 4 0 66 28 58 35 67 57 68 55 45 
#63 47 13 66 30 65 34 62 58 32 67 56 68 28 71 
#22 48 47 66 3 65 2 28 58 51 67 14 68 55 66 
#22 47 10 4 3 65 34 28 58 9 67 38 19 55 66 
5 11 56 4 46 55 
49 34 29 16 58 6 
26 23 39 51 17 28 
53 48 57 22 19 40 
15 42 45 52 8 24 
43 12 47 44 13 14 
#Base: 961
#Max: 838
#872008
#Turn 9
#63 47 10 19 3 65 36 28 39 35 67 38 33 55 45 
#22 48 13 66 3 65 36 28 58 9 67 57 68 69 45 
#63 48 47 4 4 0 66 62 58 51 67 57 68 55 45 
#63 22 47 25 30 10 34 62 58 51 67 56 68 69 66 
#63 47 6 25 7 38 34 62 39 14 67 56 33 55 66 
#22 47 47 19 43 23 66 28 58 14 22 57 68 55 45 
#60 47 47 19 29 10 2 28 58 51 22 38 68 55 45 
#22 47 31 66 3 65 34 62 58 32 67 57 68 55 66 
#22 48 31 66 21 65 34 28 58 51 67 57 68 55 66 
#22 48 47 66 30 65 2 28 58 9 8 14 68 55 66 
#22 47 31 66 3 65 34 28 39 51 25 57 68 55 66 
#22 47 13 66 3 65 34 28 58 51 67 56 68 28 71 
#22 47 47 66 30 65 34 28 58 32 67 57 68 55 71 
#63 47 47 66 30 65 34 28 58 32 67 57 68 55 71 
#60 47 13 66 3 38 34 28 58 32 67 57 68 55 71 
#63 47 47 25 21 0 66 28 58 33 67 56 33 55 71 
#63 47 13 66 30 65 34 62 58 33 67 38 33 69 71 
#63 47 47 66 30 65 66 28 58 51 67 56 68 28 71 
#63 47 13 66 39 65 66 28 58 6 67 56 68 55 71 
#63 47 31 66 29 65 34 62 58 6 22 57 68 55 71 
#63 48 47 25 30 10 2 28 58 51 67 57 33 55 66 
#8 47 47 66 30 65 2 28 58 32 67 57 33 55 66 
#8 47 47 66 30 65 66 62 58 51 67 56 68 55 66 
#22 42 6 66 39 65 66 28 58 51 67 56 68 55 66 
#22 42 31 66 29 65 66 28 58 51 22 57 68 55 45 
#63 47 10 25 30 65 66 62 58 51 67 16 33 55 45 
#8 47 10 25 30 65 66 62 58 9 9 56 68 55 45 
#63 47 10 66 21 65 36 28 58 32 67 56 68 55 45 
#63 47 10 66 30 65 34 62 58 9 67 56 68 55 45 
#8 47 31 19 30 38 34 28 58 14 9 56 33 55 71 
#63 48 6 66 39 65 34 62 58 35 17 16 33 55 66 
#63 47 10 19 3 65 66 28 39 51 67 57 33 55 66 
#60 47 47 19 4 0 2 28 58 35 67 57 68 55 45 
#22 48 47 4 21 10 34 62 58 32 67 16 68 55 45 
#63 22 6 66 3 38 34 28 58 51 67 14 68 55 66 
#63 47 47 19 7 65 34 28 39 51 67 18 68 69 66 
#22 47 6 66 43 0 34 28 39 14 25 57 33 55 66 
#22 47 13 19 29 10 66 28 39 51 67 56 68 28 45 
#22 47 6 19 3 65 34 28 58 32 67 38 68 55 71 
#22 47 31 66 30 65 2 62 58 32 67 57 68 55 66 
#22 48 47 66 3 65 2 28 58 32 67 57 68 55 66 
#22 47 13 19 30 65 2 28 58 9 8 56 68 55 66 
#22 47 13 25 4 0 66 28 39 9 67 56 68 55 71 
#63 47 13 66 30 0 34 62 39 51 67 56 33 69 71 
#22 47 6 66 30 65 34 28 58 51 67 56 68 28 71 
#63 47 47 66 30 65 66 28 58 32 67 57 68 55 71 
#63 47 13 25 30 65 34 62 58 6 67 56 68 55 71 
#60 47 31 66 3 38 34 28 58 14 67 14 68 55 66 
#63 48 47 25 30 0 66 28 58 9 67 16 68 55 66 
#63 47 47 66 30 10 2 28 58 32 67 57 33 69 66 
#63 47 47 66 30 65 34 28 58 32 67 57 68 55 71 
#22 47 47 66 39 65 66 62 58 51 67 56 68 55 71 
#22 47 13 66 39 65 66 62 58 51 22 56 68 55 71 
#22 42 28 66 29 65 66 28 58 9 22 57 68 55 66 
#63 48 47 25 1 23 36 28 58 51 67 16 33 69 66 
#63 48 10 25 30 10 2 28 58 9 67 56 33 55 45 
#8 47 47 66 30 65 2 28 58 32 9 56 68 55 71 
#63 47 6 66 39 65 66 62 58 51 67 56 68 55 66 
#22 47 47 19 30 65 66 62 58 51 22 57 33 55 45 
#63 47 28 66 30 38 36 28 58 14 67 57 33 55 66 
30 15 43 27 14 11 
49 2 44 13 46 35 
53 24 18 22 50 25 
28 52 17 51 45 16 
40 39 8 57 23 7 
31 59 3 12 19 58 
#Base: 961
#Max: 840
#874089
#63 48 47 25 39 0 34 28 58 33 17 56 33 55 71 
#63 47 13 25 30 0 34 62 58 51 67 56 33 55 71 
#63 47 13 66 21 0 36 62 58 51 67 56 33 69 71 
#63 47 13 66 3 38 36 28 58 32 67 57 68 55 71 
#22 47 13 66 3 38 34 28 58 32 67 57 68 28 71 
#63 48 47 66 4 0 66 62 58 51 67 57 33 69 66 
#22 47 6 66 30 65 66 62 58 51 67 57 68 28 45 
#63 47 47 66 30 65 34 28 58 51 67 56 68 55 71 
#63 47 47 66 30 65 34 28 58 6 67 57 68 55 71 
#63 47 47 25 30 65 34 28 39 51 67 18 68 69 71 
#22 42 31 66 29 65 66 28 58 9 22 57 68 55 45 
#63 47 13 66 39 65 66 28 58 6 22 57 68 55 45 
#63 47 47 66 30 65 66 62 58 51 67 56 68 55 71 
#8 47 47 66 30 65 34 28 58 51 67 56 68 55 71 
#63 47 10 66 30 65 66 28 58 32 67 57 68 55 71 
#63 47 10 66 30 65 66 62 58 9 67 56 68 55 45 
#63 47 47 66 30 65 66 28 58 51 22 56 68 55 71 
#63 47 47 66 39 65 66 28 58 51 67 56 68 28 71 
#22 47 47 66 30 65 66 62 58 51 67 56 68 55 71 
#63 47 47 66 30 65 66 62 58 33 67 38 33 55 71 
#22 48 31 66 3 65 2 28 58 32 67 57 68 55 66 
#22 47 31 66 30 65 34 62 58 32 67 57 68 55 66 
#22 47 31 66 39 65 66 62 58 51 67 56 68 55 66 
#63 42 6 66 39 65 66 28 58 51 67 56 68 55 66 
#22 47 6 66 3 65 66 62 58 32 67 57 68 55 66 
#63 47 10 19 30 38 66 28 58 51 67 57 33 55 66 
#63 47 28 25 30 10 34 28 58 14 67 57 68 69 66 
#63 22 47 66 30 10 34 28 58 32 67 56 68 55 71 
#63 47 47 66 29 65 34 28 58 32 22 57 68 55 71 
#22 47 31 66 29 65 66 62 58 51 22 57 33 55 71 
#63 47 6 66 30 10 2 28 58 32 17 57 33 55 66 
#63 48 47 4 4 0 66 62 58 33 67 57 33 55 45 
#22 47 13 66 30 0 34 28 58 51 67 56 33 69 71 
#63 47 10 66 21 65 34 28 58 32 67 57 68 55 71 
#63 47 13 66 30 65 34 62 58 32 67 56 68 55 71 
#22 47 13 66 7 65 34 28 39 51 67 56 68 28 66 
#22 42 28 66 29 65 66 28 58 9 67 57 33 69 66 
#22 42 31 66 4 0 66 28 58 51 22 57 68 55 45 
#63 47 6 66 30 65 34 28 58 51 67 56 68 55 71 
#8 47 47 66 30 65 66 28 58 51 67 57 68 55 66 
#63 47 47 66 30 65 34 28 58 6 67 57 68 55 71 
#63 47 47 25 7 65 66 62 58 51 67 18 68 69 45 
#22 42 10 66 30 65 66 28 58 9 22 57 68 55 66 
#22 42 13 66 29 65 66 62 58 51 22 56 68 55 71 
#63 47 47 66 39 65 66 28 58 51 67 56 68 55 71 
#22 47 47 66 30 65 66 62 58 51 67 56 68 55 71 
#63 47 47 66 30 65 34 28 58 32 67 57 68 55 71 
#63 47 10 66 30 65 66 62 58 51 67 16 33 55 71 
#63 48 10 66 3 65 34 28 58 9 67 57 68 55 66 
#22 47 31 66 30 65 2 62 58 51 67 56 68 55 66 
#63 48 31 66 21 65 34 28 58 51 67 56 68 55 66 
#22 47 47 66 39 65 66 62 58 51 67 56 68 55 71 
#63 47 47 66 39 65 66 28 58 51 67 56 68 55 71 
#22 47 31 66 30 65 34 62 58 33 67 57 33 69 66 
#63 48 47 19 3 65 66 28 58 51 67 57 33 55 66 
#22 47 31 66 30 65 36 28 58 14 67 57 33 55 66 
#22 48 47 25 21 65 34 62 58 51 67 57 68 55 66 
#22 47 47 66 39 65 34 62 58 32 67 57 68 55 71 
#63 47 31 66 39 65 34 28 58 6 22 57 68 55 66 
#22 47 31 66 3 65 34 62 58 32 22 57 68 55 45 
#Base: 961
#Max: 872
#907388
