#[0] 3, 3
#[1] 4, 3
#[2] 3, 4
#[3] 3, 2
#[4] 2, 3
#[5] 2, 4
#[6] 1, 3
#[7] 2, 2
#[8] 3, 1
#[9] 4, 4
#[10] 5, 3
#[11] 3, 5
#[12] 4, 2
#[13] 3, 0
#[14] 5, 4
#[15] 4, 5
#[16] 5, 2
#[17] 4, 1
#[18] 0, 3
#[19] 1, 4
#[20] 2, 1
#[21] 1, 2
#[22] 2, 5
#[23] 0, 4
#[24] 5, 1
#[25] 0, 2
#[26] 5, 5
#[27] 1, 5
#[28] 2, 0
#[29] 1, 1
#[30] 4, 0
#[31] 0, 5
#[32] 1, 0
#[33] 0, 1
#[34] 5, 0
#[35] 0, 0
#Turn 0
53 9 54 14 25 49 
5 50 13 46 28 1 
29 34 33 21 51 20 
57 4 10 12 40 43 
24 44 36 42 37 19 
22 56 52 23 32 31 
#Base: 920
#Max: 348
#378261
#Turn 1
#14 8 9 12 9 7 46 40 27 11 27 40 43 11 6 
#51 4 7 33 9 22 35 11 7 23 26 35 15 59 6 
#3 26 7 33 16 22 22 31 19 23 40 32 0 16 53 
#52 26 32 13 17 6 3 32 19 15 17 32 16 16 30 
#47 45 4 22 17 23 27 36 9 35 17 6 21 14 30 
#29 4 27 48 38 52 8 20 41 31 9 6 6 10 23 
#29 4 52 18 38 52 2 19 41 44 47 6 16 10 16 
#6 8 52 20 5 28 2 67 31 44 6 6 16 3 4 
#34 3 25 12 2 3 11 1 13 9 35 27 4 16 5 
#6 15 25 16 2 40 53 1 13 4 35 44 38 50 5 
#43 9 48 8 8 31 31 10 10 18 52 4 32 11 26 
#25 30 48 14 4 11 12 17 10 22 26 55 9 60 4 
#25 12 16 0 7 28 12 17 1 20 10 43 14 60 19 
#19 37 16 24 4 28 21 21 19 0 10 43 19 24 21 
#13 52 29 24 43 1 69 36 19 7 27 3 19 24 13 
#38 7 18 10 19 10 8 1 65 36 20 5 17 7 15 
#11 2 11 2 20 32 8 24 65 36 15 5 17 10 15 
#24 2 12 7 41 9 12 11 34 67 26 10 7 10 6 
#11 0 41 70 27 10 12 9 16 24 26 8 7 18 6 
#11 0 46 3 9 10 34 32 16 24 33 4 29 18 60 
#1 29 9 24 23 62 6 3 58 37 27 10 0 15 18 
#43 29 14 24 8 62 20 33 26 37 13 10 0 15 23 
#56 1 14 2 8 12 7 2 54 21 13 9 5 11 3 
#56 7 41 2 5 29 7 2 54 24 15 3 46 14 61 
#8 7 41 17 5 12 41 53 22 24 21 3 16 14 22 
#0 1 7 45 50 51 11 10 15 20 30 20 22 6 14 
#10 25 7 45 50 24 22 20 36 33 32 30 22 9 36 
#10 25 16 6 61 18 16 12 36 4 46 30 2 6 36 
#32 62 16 18 4 12 8 19 24 0 17 9 5 6 49 
#32 0 17 21 58 20 33 2 24 3 17 40 17 12 49 
#14 34 20 48 27 15 8 21 29 4 1 6 43 30 19 
#51 8 20 12 38 52 8 13 9 11 9 40 21 10 6 
#6 4 52 20 16 28 2 19 7 44 26 35 15 59 38 
#34 31 15 30 2 6 22 31 25 14 40 25 27 16 4 
#6 3 32 13 33 24 53 1 19 9 17 27 4 14 5 
#31 15 4 16 11 40 42 36 25 35 13 6 21 43 6 
#44 9 27 48 27 15 32 8 6 11 8 56 32 30 26 
#29 30 48 14 38 12 8 10 10 31 52 4 9 11 4 
#6 12 52 20 5 28 2 17 21 20 47 6 14 3 16 
#34 31 16 30 2 3 11 67 25 25 6 43 18 16 19 
#6 37 24 24 4 24 69 21 13 0 10 3 4 50 5 
#31 52 13 21 43 19 2 36 5 7 27 44 38 30 13 
#52 36 17 8 19 20 15 8 29 18 14 56 5 11 10 
#38 30 11 14 20 10 8 10 65 22 30 5 9 11 4 
#25 2 15 7 41 11 12 24 21 20 15 10 14 10 11 
#3 68 16 6 7 9 21 11 34 25 26 43 18 16 19 
#11 9 2 24 27 10 29 9 16 0 33 3 19 18 27 
#13 0 29 21 43 19 34 32 1 7 7 2 29 4 60 
#44 36 24 18 19 17 15 3 58 9 20 7 12 22 10 
#1 7 9 2 20 10 8 29 65 37 9 10 17 15 15 
#11 1 14 7 8 32 20 50 34 67 13 10 5 10 3 
#24 7 2 72 48 12 12 11 54 7 4 26 7 11 2 
#8 15 41 70 27 10 0 12 15 24 15 3 6 18 27 
#5 0 30 3 9 15 34 32 1 4 7 25 29 4 22 
#41 1 24 27 23 51 11 3 22 4 30 7 5 22 18 
#0 29 7 24 50 24 22 33 15 33 9 10 22 9 23 
#43 25 14 21 8 18 16 50 16 4 13 9 5 23 36 
#56 7 16 19 4 12 7 2 13 15 46 26 12 6 41 
#8 0 34 2 5 12 8 19 24 0 15 9 1 12 49 
#32 7 30 17 41 12 33 2 4 4 21 40 17 10 31 
2 15 47 45 10 37 
43 28 19 11 5 42 
31 27 20 32 7 52 
1 9 51 23 6 39 
25 26 41 14 36 50 
4 18 21 40 29 17 
#Base: 920
#Max: 401
#435870
#Turn 2
#3 7 7 33 16 22 8 31 65 36 40 32 0 7 53 
#13 7 29 21 43 19 34 32 1 7 7 2 17 7 15 
#3 0 16 21 43 9 21 11 34 7 7 43 29 4 60 
#43 9 48 6 7 9 31 11 34 18 52 43 32 16 19 
#29 9 48 8 8 31 8 10 10 31 52 4 9 11 26 
#32 30 11 14 20 10 8 19 65 0 30 9 9 6 49 
#32 0 46 3 9 10 34 19 16 24 17 4 29 6 60 
#25 0 48 14 4 11 34 32 10 22 26 55 29 18 4 
#29 4 27 14 38 11 12 20 41 22 9 6 9 10 23 
#29 4 27 8 19 20 8 8 41 18 9 56 5 10 23 
#51 8 16 12 38 18 8 13 36 4 9 40 21 10 36 
#10 25 9 24 23 62 6 12 36 4 27 30 2 6 18 
#1 4 52 24 16 62 2 19 7 37 26 35 0 15 38 
#6 8 52 20 5 28 2 67 31 44 26 6 16 59 38 
#8 15 41 70 27 28 2 67 15 44 15 6 6 18 4 
#51 4 7 16 9 22 53 11 7 4 35 35 15 50 6 
#24 15 25 72 48 12 53 11 13 7 35 44 7 11 2 
#56 7 41 72 48 29 12 11 54 24 15 3 46 14 2 
#56 7 52 18 5 52 2 2 54 44 15 3 16 10 16 
#29 31 52 18 2 52 2 67 41 25 6 43 18 10 16 
#10 1 7 45 50 24 11 20 15 20 30 30 22 6 14 
#10 52 7 21 50 24 22 20 5 7 32 44 22 9 36 
#13 52 29 21 43 1 2 36 5 7 27 44 19 24 13 
#44 52 29 48 27 1 69 8 19 7 8 56 32 24 26 
#44 9 27 48 8 15 32 8 6 67 13 10 32 10 26 
#47 45 41 22 17 23 12 36 9 24 17 6 21 14 6 
#11 29 41 24 27 10 20 9 26 37 13 10 0 15 6 
#43 37 14 24 8 62 69 21 26 0 10 3 4 15 5 
#32 37 24 21 58 20 69 2 13 3 17 40 4 12 5 
#32 2 17 21 58 20 12 11 34 67 17 40 7 12 49 
#38 30 11 33 20 10 22 10 65 23 30 32 0 11 4 
#32 62 16 18 19 10 8 19 24 36 20 9 5 6 49 
#11 0 29 21 9 10 34 32 16 7 7 4 29 4 60 
#25 68 16 6 4 11 21 17 34 22 26 43 9 60 4 
#29 9 27 8 8 31 31 20 41 31 52 6 32 10 26 
#29 36 17 8 19 12 15 8 10 18 52 4 9 11 10 
#51 30 20 12 38 52 8 13 9 11 9 40 21 11 4 
#10 25 16 18 4 18 16 19 24 0 46 9 5 6 49 
#1 0 9 24 23 62 6 3 58 24 33 4 0 15 60 
#6 4 52 14 16 28 2 19 10 22 26 55 9 60 38 
#29 8 27 20 38 28 2 67 41 31 6 6 6 10 23 
#8 15 17 8 19 20 0 8 15 24 14 3 6 11 10 
#51 4 20 12 38 22 35 11 9 11 26 40 15 10 6 
#10 15 25 16 61 18 53 12 36 4 46 44 2 50 36 
#24 29 9 72 48 62 12 11 58 37 4 26 7 11 2 
#56 4 52 2 16 28 7 2 54 24 26 35 15 59 38 
#6 8 52 18 5 52 2 19 41 44 6 6 16 3 4 
#34 15 16 70 27 3 0 12 15 24 6 43 18 16 27 
#0 4 7 45 9 22 11 11 7 23 30 35 15 59 6 
#6 25 25 16 50 24 53 20 36 33 32 44 22 9 5 
#31 52 13 21 48 12 2 36 54 7 27 26 7 11 2 
#56 52 29 2 5 1 69 2 54 24 15 3 46 24 13 
#44 4 52 48 27 15 2 19 41 44 47 56 16 30 26 
#11 1 14 7 8 3 11 50 25 67 6 43 18 16 19 
#47 1 4 45 50 23 27 10 15 20 17 6 22 14 30 
#10 25 41 45 50 10 12 9 36 24 32 30 7 9 6 
#43 52 13 21 8 62 2 36 5 7 27 44 0 15 13 
#6 52 24 24 4 1 69 21 19 7 10 3 4 24 5 
#32 9 27 21 27 20 33 8 24 3 17 56 32 12 49 
#11 1 14 7 41 32 12 11 34 67 26 10 7 10 3 
2 57 40 39 3 30 
5 53 49 45 56 47 
21 24 43 52 13 12 
27 19 51 17 23 16 
58 0 18 44 14 33 
31 50 28 29 38 15 
#Base: 920
#Max: 471
#511957
#Turn 3
#6 52 24 24 4 9 21 11 19 7 10 43 29 24 60 
#29 52 24 20 38 28 69 67 19 31 10 6 4 10 5 
#6 8 27 14 38 28 2 67 41 31 6 6 9 10 38 
#43 4 48 14 7 9 31 19 10 18 26 43 9 60 38 
#38 9 48 6 7 10 31 11 65 23 52 43 32 11 19 
#11 1 11 14 20 10 11 19 65 0 6 9 18 16 49 
#11 25 25 16 8 3 53 50 25 33 32 43 18 16 19 
#6 25 52 16 50 24 7 2 54 24 26 44 15 9 5 
#56 52 13 21 8 28 7 36 54 7 26 44 0 59 13 
#34 52 13 70 8 3 2 12 15 24 27 43 0 16 27 
#10 9 7 48 8 24 22 8 6 7 13 10 32 9 36 
#44 15 27 48 8 15 32 8 36 67 13 10 2 50 26 
#10 4 25 48 61 15 53 19 36 4 47 44 2 30 36 
#44 4 52 20 5 15 2 19 41 44 47 6 16 30 26 
#6 4 52 20 5 28 2 67 7 44 26 6 0 59 38 
#43 37 14 18 8 62 2 67 26 25 10 3 4 10 16 
#29 52 52 2 5 1 2 2 41 24 6 43 18 10 16 
#56 52 29 72 48 29 12 11 54 24 15 3 46 24 13 
#56 7 41 72 27 29 69 8 54 7 15 3 32 24 2 
#44 15 25 72 27 12 69 11 13 7 35 56 32 11 2 
#32 7 27 33 16 22 8 31 24 36 40 32 0 7 49 
#56 7 52 33 16 52 2 2 65 44 15 32 0 10 53 
#24 29 52 72 5 62 2 2 54 37 15 26 16 11 2 
#8 29 9 70 48 62 2 11 58 44 4 26 7 11 2 
#8 68 16 70 27 28 2 67 34 44 26 6 6 18 4 
#32 62 16 21 19 12 2 36 24 36 27 26 7 6 49 
#31 37 24 21 58 12 2 2 13 3 27 40 4 11 2 
#32 37 24 21 58 20 12 2 34 3 17 40 4 12 5 
#32 0 9 24 58 20 6 3 34 24 17 40 0 12 49 
#51 4 7 16 23 22 6 3 58 4 35 4 15 50 6 
#3 0 11 21 43 9 21 11 65 0 30 43 9 6 60 
#6 52 14 24 4 1 11 21 25 67 6 43 4 16 19 
#29 25 25 20 38 24 2 20 36 31 6 44 6 9 5 
#56 4 52 14 16 28 2 19 10 22 26 35 9 59 38 
#43 9 13 21 7 9 31 11 5 7 27 44 0 15 19 
#34 30 11 33 20 3 0 10 65 24 30 43 0 16 27 
#32 52 11 21 20 10 22 19 65 7 30 44 9 6 36 
#11 1 14 48 8 15 32 8 25 67 6 10 18 10 26 
#10 25 25 16 61 18 53 12 36 33 32 44 22 9 36 
#56 4 52 48 16 28 2 19 54 24 47 56 15 59 26 
#43 8 52 21 8 28 2 36 31 7 26 44 16 59 13 
#1 15 16 70 27 62 0 19 15 24 26 43 0 15 38 
#10 37 14 24 8 24 69 20 5 0 32 44 4 9 5 
#29 9 27 48 8 52 2 67 41 67 6 43 32 10 16 
#56 52 29 16 61 1 53 12 54 24 15 3 46 24 36 
#44 7 52 48 27 29 12 11 41 24 47 3 16 14 2 
#44 52 29 48 27 28 69 67 31 7 8 6 16 59 26 
#1 4 52 24 48 62 2 19 7 7 26 44 0 15 38 
#43 9 14 24 27 20 69 8 24 3 10 3 32 12 5 
#3 31 7 18 16 52 2 31 41 25 6 43 0 7 16 
#56 52 29 18 5 1 2 2 54 44 15 3 46 24 16 
#56 29 9 72 48 62 12 11 54 37 15 26 7 11 2 
#44 52 41 48 27 1 69 8 19 7 15 6 32 18 4 
#25 15 25 6 4 12 53 11 13 22 26 43 7 60 4 
#32 9 27 18 19 20 33 8 24 36 17 9 5 6 49 
#31 52 13 21 16 22 8 31 65 36 27 26 7 7 2 
#32 37 52 18 5 20 2 2 54 44 15 40 16 12 5 
#24 2 17 21 48 20 12 11 34 67 4 26 7 11 49 
#8 0 9 70 23 62 6 3 58 44 33 6 0 18 60 
#25 4 7 6 4 22 21 17 7 22 26 43 9 60 6 
55 13 47 4 33 45 
57 3 38 43 11 30 
36 41 24 51 44 50 
1 58 18 46 17 22 
9 52 23 39 21 12 
7 40 14 19 8 15 
#Base: 920
#Max: 517
#561957
#Turn 4
#44 52 52 20 16 15 8 19 65 36 27 6 16 30 2 
#44 4 52 24 48 62 2 19 7 7 26 6 16 30 38 
#38 4 52 6 7 10 31 11 7 7 26 43 32 15 19 
#56 4 48 6 16 28 31 19 10 22 26 35 32 11 19 
#44 4 52 14 16 29 2 11 41 24 26 35 16 14 38 
#43 4 48 21 48 20 12 19 10 67 4 26 9 60 49 
#10 4 25 16 7 9 31 19 36 33 32 43 9 9 38 
#10 25 25 48 8 18 53 12 36 33 6 43 22 10 16 
#29 15 27 48 8 52 32 8 36 67 13 10 32 50 16 
#44 15 11 21 43 15 32 11 65 67 13 10 9 50 60 
#1 52 11 21 20 62 0 19 15 7 26 43 9 15 36 
#8 68 16 70 27 28 2 67 34 44 26 6 6 18 38 
#8 68 9 70 27 62 2 11 54 44 15 6 6 18 4 
#56 52 9 16 61 1 12 11 54 37 15 26 7 11 2 
#56 52 29 18 5 1 2 2 54 24 15 3 46 24 16 
#8 52 24 20 23 28 69 67 58 44 33 6 0 18 60 
#56 7 9 70 23 29 6 8 54 44 33 3 32 18 2 
#56 7 29 48 27 29 69 67 31 7 8 6 16 24 2 
#56 52 29 72 48 29 12 11 54 24 8 6 16 59 13 
#56 29 52 72 5 29 2 11 54 24 15 3 46 11 2 
#34 52 41 70 8 1 2 12 15 24 15 43 0 16 4 
#8 29 9 48 48 62 69 8 58 7 15 26 7 11 2 
#56 4 52 48 48 62 2 19 54 44 4 56 7 11 2 
#56 7 52 48 16 52 2 19 54 24 15 56 15 10 53 
#56 4 52 48 16 15 2 19 36 44 47 44 0 30 53 
#6 8 52 21 8 24 7 2 31 24 26 44 15 59 5 
#43 8 52 21 8 28 2 36 31 44 26 44 16 59 38 
#6 15 52 72 5 28 69 67 13 7 35 56 32 11 38 
#44 52 13 21 8 28 69 11 54 7 26 56 0 59 13 
#56 37 14 18 8 28 7 67 54 7 26 44 4 10 16 
#24 2 17 21 16 20 8 11 34 36 4 26 7 11 2 
#43 4 52 14 7 15 2 19 10 18 47 43 16 60 26 
#1 25 52 16 61 18 2 19 36 7 26 44 22 15 38 
#29 9 48 48 8 10 31 67 65 23 52 43 32 11 19 
#44 4 52 48 16 15 32 19 36 22 26 10 2 50 26 
#3 0 11 21 43 29 21 11 41 24 30 43 16 14 60 
#32 52 11 21 20 20 22 19 34 7 4 26 9 11 49 
#43 15 16 70 7 9 0 19 10 24 26 43 9 15 38 
#10 68 25 16 27 18 2 67 36 44 26 6 6 9 36 
#56 29 27 72 48 62 12 67 41 37 15 26 7 11 16 
#56 52 29 16 61 15 53 12 54 24 15 10 46 24 26 
#3 0 29 21 5 1 21 11 54 0 30 43 9 24 16 
#29 52 11 21 38 10 69 67 19 7 30 44 9 6 36 
#8 0 16 70 23 62 0 19 58 24 26 6 0 15 38 
#8 68 16 70 27 29 69 67 54 7 15 3 6 18 2 
#56 29 29 48 27 28 69 11 31 7 15 26 7 59 26 
#56 52 29 16 48 1 53 12 54 24 15 3 46 24 36 
#56 52 52 72 5 62 2 2 54 37 15 3 16 24 2 
#29 52 24 70 8 3 69 67 15 24 27 6 4 16 5 
#8 0 41 70 27 62 69 3 58 44 33 6 0 18 60 
#56 29 41 70 27 29 69 8 54 7 4 3 32 11 2 
#44 52 52 48 27 28 69 67 31 24 47 6 16 59 26 
#56 52 29 33 16 29 2 2 65 44 15 3 46 10 13 
#24 4 52 48 5 62 53 19 36 4 47 26 16 11 2 
#34 25 13 70 50 24 2 12 54 24 26 43 15 16 27 
#44 8 41 48 27 1 69 8 19 7 26 44 32 18 13 
#6 4 52 70 48 62 2 67 7 44 26 26 7 59 2 
#44 4 25 48 27 28 2 11 13 7 35 56 15 11 2 
#56 52 52 21 16 52 2 2 65 44 15 32 0 10 13 
#43 37 25 48 61 15 2 19 36 25 10 3 4 30 36 
29 16 17 24 42 54 
53 8 45 44 46 21 
26 12 47 39 15 58 
28 22 56 51 27 23 
52 48 11 49 18 50 
38 5 40 33 9 19 
#Base: 920
#Max: 596
#647826
#Turn 5
#56 7 9 18 8 28 7 8 54 44 26 3 32 18 2 
#56 7 29 70 27 29 6 8 31 7 33 3 16 24 2 
#56 7 29 48 16 29 69 19 31 7 8 44 0 30 2 
#29 52 52 48 16 10 2 19 19 7 47 44 0 30 53 
#29 25 13 70 50 24 69 67 19 24 30 44 15 6 27 
#29 4 27 48 5 62 32 8 36 67 13 10 32 11 16 
#56 15 27 48 8 52 69 11 31 7 13 10 32 59 16 
#56 29 29 48 27 29 69 11 31 7 15 26 6 59 2 
#8 68 16 70 27 1 69 67 54 24 15 3 46 24 2 
#8 29 29 48 48 62 69 8 54 24 15 26 46 11 36 
#43 68 9 21 27 28 2 36 54 44 15 6 6 59 4 
#56 68 52 72 27 62 2 2 54 37 15 6 16 18 2 
#56 52 27 72 5 62 12 67 41 37 15 3 7 11 16 
#8 29 27 72 23 62 69 67 58 37 15 6 0 11 60 
#8 52 52 20 23 52 2 2 65 44 15 6 0 18 13 
#56 4 13 21 48 28 2 11 54 44 26 56 0 59 2 
#6 4 52 70 48 62 2 19 7 44 4 26 7 11 2 
#6 52 52 48 48 28 2 67 31 44 47 26 16 59 26 
#44 15 52 48 5 28 69 67 13 7 47 6 16 11 26 
#56 7 52 72 5 52 69 19 54 24 35 56 32 10 53 
#29 52 29 70 8 3 2 2 15 44 27 6 4 16 5 
#29 68 24 70 27 28 2 67 34 24 26 6 6 16 5 
#8 0 16 70 27 62 2 67 34 44 33 6 0 18 60 
#56 0 41 72 27 29 69 3 54 24 33 6 16 59 60 
#56 29 41 70 48 29 12 8 54 7 4 3 32 11 2 
#43 68 48 16 27 20 12 67 36 67 4 26 6 60 36 
#56 52 29 21 48 15 53 12 54 24 4 26 9 24 49 
#29 52 29 48 61 15 31 12 65 24 52 10 32 11 19 
#29 9 48 48 43 15 31 11 65 23 52 10 32 50 60 
#44 15 52 21 5 29 2 11 65 24 13 3 9 50 2 
#56 37 14 48 5 62 53 19 54 4 47 26 16 11 2 
#56 15 27 70 8 29 6 8 36 44 33 10 32 18 16 
#56 7 29 48 27 29 69 67 31 7 8 6 16 24 26 
#56 68 16 70 16 29 69 67 36 44 47 3 0 30 53 
#56 52 29 16 38 10 53 67 19 7 15 44 46 6 36 
#8 25 13 70 50 62 2 8 54 24 26 26 15 11 27 
#24 4 52 21 5 28 2 19 36 44 26 44 16 11 38 
#8 15 9 48 27 52 32 11 54 44 15 10 32 50 16 
#56 29 52 72 5 62 69 11 54 7 15 3 16 59 2 
#8 68 27 70 48 29 69 67 54 37 15 26 7 11 16 
#56 52 24 20 23 28 69 67 58 24 15 3 0 24 60 
#8 29 52 21 16 52 69 2 65 7 15 32 0 10 2 
#43 52 52 21 8 28 69 36 54 44 26 44 0 59 13 
#56 4 52 70 48 62 2 11 54 44 4 6 7 18 4 
#6 52 52 70 48 62 2 67 54 37 15 3 7 24 2 
#56 52 27 48 27 28 69 67 41 24 47 26 16 11 16 
#8 52 52 20 23 28 69 67 13 44 35 56 0 11 60 
#56 7 52 21 16 52 2 2 54 24 15 32 0 10 13 
#56 52 13 33 8 29 2 2 65 44 26 3 46 10 13 
#56 52 24 48 48 62 2 19 54 44 27 6 4 16 2 
#8 68 52 70 48 62 2 67 7 44 26 6 6 18 38 
#8 0 41 70 27 62 69 3 31 24 33 6 0 18 60 
#6 52 52 72 5 29 12 67 13 24 8 6 16 11 13 
#56 29 41 48 27 52 2 8 54 7 15 56 15 11 2 
#10 68 29 33 27 18 2 2 65 44 15 6 6 9 13 
#43 4 48 70 8 3 12 67 10 24 27 26 4 60 49 
#56 52 29 16 27 15 53 67 34 44 26 10 6 24 38 
#29 0 41 70 8 62 69 3 65 44 33 43 32 11 19 
#44 15 29 21 43 29 32 11 54 24 13 10 9 50 13 
#56 29 52 72 5 29 2 8 54 24 15 3 46 11 2 
7 32 55 4 22 26 
6 18 51 38 12 49 
27 9 46 39 50 34 
44 57 23 33 13 17 
30 28 45 19 25 8 
21 43 11 42 40 56 
#Base: 920
#Max: 604
#656522
#Turn 6
#56 29 29 48 27 29 69 11 31 7 15 6 16 59 26 
#43 7 29 70 8 3 69 67 10 24 27 26 16 60 49 
#29 4 13 70 50 3 12 67 10 24 30 26 15 6 27 
#8 25 16 70 27 24 2 67 19 44 33 44 15 18 60 
#8 52 29 70 27 62 53 67 54 44 4 6 9 18 49 
#56 15 27 48 8 28 69 11 31 7 13 6 32 11 26 
#8 0 41 70 5 62 69 67 13 24 33 6 16 18 26 
#56 0 41 72 5 62 69 11 54 24 33 3 16 18 60 
#56 52 27 72 5 62 69 67 41 37 15 3 7 11 16 
#56 52 24 48 48 62 12 67 54 37 27 3 7 16 16 
#29 29 29 48 61 62 69 8 54 24 52 26 46 11 19 
#8 29 52 48 23 62 69 67 54 24 15 56 46 11 36 
#8 52 27 70 23 29 69 67 54 44 35 56 0 11 60 
#8 68 27 70 48 29 69 67 7 37 26 6 7 18 38 
#8 52 52 70 38 10 53 67 19 7 26 6 46 6 36 
#29 0 52 70 8 62 69 3 65 37 33 3 7 11 2 
#29 0 41 70 27 62 69 3 65 24 33 43 16 59 60 
#56 0 16 72 27 29 69 67 54 24 33 3 16 59 60 
#56 29 27 72 16 29 69 67 36 44 47 3 0 11 53 
#6 52 27 72 23 62 2 67 58 44 47 26 0 11 60 
#29 37 48 48 5 62 31 11 54 23 52 10 16 50 2 
#29 9 48 48 43 15 69 11 41 24 47 10 32 50 16 
#56 52 27 48 27 28 69 19 41 24 47 26 32 10 16 
#56 68 48 16 5 20 69 19 54 67 4 56 32 10 53 
#43 68 48 70 27 20 12 67 54 24 15 3 46 24 36 
#29 4 52 70 48 28 2 67 34 24 4 6 7 18 4 
#56 68 52 70 48 62 2 2 54 44 4 6 7 18 4 
#56 68 52 21 27 28 69 2 54 37 15 6 0 18 13 
#43 52 24 20 8 28 69 36 58 24 26 3 0 59 13 
#56 52 29 16 27 15 53 67 34 24 26 10 0 24 60 
#56 29 27 48 27 29 69 11 31 7 15 26 32 59 2 
#56 15 52 48 5 29 69 67 13 7 47 6 16 24 26 
#8 4 41 70 27 62 69 3 10 24 33 26 4 18 60 
#29 25 52 70 50 24 69 67 19 24 15 44 15 6 2 
#8 0 27 72 27 62 12 67 34 44 33 6 0 18 16 
#56 52 29 21 48 62 53 12 54 44 27 26 9 16 2 
#56 52 29 48 61 15 31 11 31 24 52 10 32 59 16 
#8 15 52 48 5 28 69 67 13 24 47 26 46 11 26 
#8 52 52 20 23 62 69 3 13 24 33 6 0 11 60 
#56 68 27 72 5 62 69 67 54 37 15 26 16 11 2 
#8 68 52 70 5 62 12 67 7 44 15 3 6 11 16 
#56 52 29 48 48 10 53 19 19 7 15 44 4 6 36 
#29 52 29 48 61 62 31 12 54 24 52 3 32 24 2 
#29 0 41 70 48 62 69 3 65 44 15 43 46 11 19 
#56 52 41 72 23 28 69 67 54 44 33 6 0 59 60 
#8 68 27 70 48 29 69 67 36 37 47 3 0 11 16 
#8 29 27 70 48 62 69 67 7 44 26 6 0 11 38 
#56 52 52 16 38 10 53 67 19 7 47 26 46 59 26 
#56 52 14 48 48 62 2 67 54 37 47 26 16 24 2 
#29 0 48 70 43 62 31 3 65 44 52 43 32 50 60 
#56 0 41 48 27 29 69 67 41 24 47 26 16 59 16 
#56 68 52 72 5 29 69 19 54 24 35 56 32 30 53 
#43 29 48 16 27 62 69 67 36 67 4 26 0 60 60 
#8 68 16 48 48 28 2 67 54 44 47 26 16 24 26 
#29 68 24 70 5 28 2 19 34 24 26 6 6 16 2 
#29 4 52 48 48 62 2 11 54 23 4 10 32 18 60 
#56 52 27 72 27 28 2 2 41 24 47 26 16 18 2 
#56 7 52 72 8 28 69 19 54 24 26 44 32 59 53 
#56 68 48 16 27 20 12 67 36 24 15 3 0 24 60 
#8 68 29 70 27 1 53 67 54 24 26 3 6 24 2 
29 14 46 10 13 42 
35 33 45 39 48 1 
53 24 57 12 16 7 
18 17 52 44 49 43 
36 8 19 51 11 4 
22 26 50 23 47 9 
#Base: 920
#Max: 664
#721739
#Turn 7
#8 52 52 16 27 15 53 67 34 24 26 6 0 6 60 
#8 52 52 70 48 62 69 67 19 7 26 6 46 6 38 
#29 29 29 48 61 62 69 8 7 44 52 6 46 11 19 
#8 68 27 70 48 62 69 8 7 37 52 6 46 11 19 
#8 52 27 70 48 29 69 12 54 37 52 3 32 18 38 
#29 52 29 70 48 24 69 12 54 24 15 44 9 16 2 
#29 68 52 70 48 29 69 67 36 37 47 3 0 11 16 
#56 68 27 72 48 62 69 67 54 37 47 3 0 11 16 
#56 52 27 48 48 62 69 67 54 37 15 26 16 24 2 
#56 52 29 70 8 3 2 67 54 24 27 26 16 24 49 
#8 68 48 70 27 28 12 67 54 44 47 3 46 24 36 
#56 7 52 70 8 20 69 67 54 24 15 44 46 59 36 
#56 7 27 70 23 28 69 67 54 24 26 56 32 11 60 
#29 52 41 70 23 62 69 3 54 44 33 43 16 59 60 
#29 0 41 70 5 62 69 11 65 24 33 3 16 18 60 
#56 0 16 72 16 29 69 67 54 24 47 3 16 11 60 
#43 29 48 16 27 29 69 67 54 67 33 3 0 59 60 
#56 29 41 72 27 62 69 67 36 44 33 26 0 59 60 
#56 52 48 72 43 28 31 67 54 44 52 43 0 59 60 
#29 0 41 70 43 62 69 3 65 44 52 43 46 11 60 
#56 52 27 48 5 15 69 11 41 37 15 3 32 59 16 
#56 52 27 72 23 62 69 67 58 37 47 26 0 11 60 
#6 52 52 72 23 29 2 19 58 44 47 56 32 30 60 
#56 68 52 72 23 29 69 19 54 24 35 56 46 11 36 
#8 29 29 70 27 62 53 67 54 24 15 6 46 11 36 
#56 52 27 48 48 28 69 19 54 44 47 6 7 10 16 
#56 0 52 70 27 62 69 2 41 24 4 6 7 18 16 
#56 0 48 48 5 20 69 19 41 67 47 26 16 10 16 
#56 52 52 16 38 10 53 67 54 7 4 26 32 10 53 
#56 52 52 48 38 10 53 67 19 37 47 26 46 16 16 
#56 52 29 16 48 62 53 67 34 24 26 26 0 24 60 
#8 52 52 70 38 10 69 67 19 24 26 44 46 6 2 
#8 68 27 70 48 62 69 67 36 37 26 6 0 11 16 
#29 29 29 48 5 62 69 67 54 24 15 26 46 11 2 
#56 68 27 48 48 29 69 67 54 37 26 26 16 18 38 
#29 7 29 48 8 62 31 67 10 24 27 3 16 60 49 
#56 52 16 48 48 28 2 12 54 44 27 26 9 24 2 
#43 68 52 70 27 20 69 67 54 24 15 44 15 24 36 
#56 68 52 70 8 29 69 19 54 37 26 3 0 11 53 
#8 68 27 70 5 62 69 67 54 44 35 56 16 11 2 
#56 52 14 48 48 62 2 3 54 24 33 26 16 24 2 
#56 7 41 70 5 3 69 11 10 24 33 26 16 18 49 
#56 68 16 72 16 29 2 67 36 44 47 26 16 24 53 
#43 0 48 70 27 29 69 67 54 24 15 3 46 59 36 
#56 29 48 16 8 62 69 19 54 24 4 44 32 60 53 
#8 52 27 72 23 28 69 67 54 44 35 6 0 59 60 
#29 0 48 70 43 62 69 3 65 24 33 43 32 59 60 
#56 0 41 70 48 62 69 3 54 44 15 43 16 18 19 
#56 29 29 48 16 15 69 67 31 44 52 10 0 11 16 
#56 0 27 72 27 62 69 67 54 37 33 3 16 59 16 
#43 52 48 16 23 62 69 67 58 44 4 26 0 11 60 
#56 52 52 72 5 29 69 19 54 24 33 56 32 30 60 
#29 0 52 70 23 62 69 67 65 24 15 56 46 11 36 
#29 0 29 70 27 62 53 3 54 44 4 43 9 18 49 
#56 52 29 48 61 15 31 11 31 24 47 26 32 59 16 
#56 52 27 72 5 62 2 67 41 44 15 3 7 11 16 
#56 52 41 48 27 29 69 67 41 44 47 26 0 11 60 
#56 68 52 16 5 20 69 19 54 67 4 56 32 30 53 
#8 52 52 16 38 62 53 67 54 24 47 56 46 11 26 
#8 52 29 48 27 62 53 67 54 44 4 6 9 18 16 
15 47 1 49 50 42 
38 29 8 46 39 22 
44 57 19 7 23 43 
56 51 13 18 21 37 
30 58 34 17 52 12 
32 6 16 11 45 10 
#Base: 920
#Max: 709
#770652
#Turn 8
#56 0 41 72 48 29 69 3 54 24 47 43 16 11 60 
#56 0 41 70 48 62 69 67 19 44 15 43 16 6 38 
#8 0 52 70 27 62 69 67 19 37 26 6 16 6 38 
#56 0 48 16 23 62 69 67 54 37 4 3 0 11 16 
#56 68 48 16 16 62 2 67 58 44 4 26 16 24 53 
#56 52 52 48 8 29 53 19 54 37 26 3 46 11 16 
#56 52 52 48 38 62 69 67 54 37 15 26 46 24 16 
#29 0 27 48 43 62 69 67 54 24 33 43 16 59 60 
#29 68 27 70 43 62 69 67 65 44 35 43 16 59 60 
#6 52 27 70 5 62 69 19 58 44 35 56 16 30 60 
#56 29 52 16 8 62 69 19 54 67 4 44 32 30 53 
#29 68 52 70 5 62 69 3 65 44 52 43 32 30 60 
#29 0 27 70 48 62 69 3 65 37 47 3 46 11 60 
#56 68 27 72 23 62 69 67 54 37 47 3 0 11 16 
#56 68 52 70 27 29 69 67 54 24 35 3 46 11 36 
#56 52 41 72 27 29 69 67 54 24 47 26 32 30 60 
#56 52 52 72 23 29 69 3 54 24 33 56 16 59 60 
#29 52 48 72 23 28 69 3 54 44 52 43 16 59 60 
#56 52 27 72 23 62 69 67 54 37 52 43 0 11 60 
#43 52 52 70 23 20 69 67 54 24 47 26 15 24 60 
#56 52 52 16 38 62 53 67 54 24 47 26 46 11 26 
#56 68 27 16 38 29 53 67 54 24 26 26 16 11 38 
#56 29 41 72 48 29 69 67 36 37 33 26 16 59 60 
#29 29 41 72 23 62 69 67 36 44 33 56 46 59 60 
#56 7 27 70 23 62 69 67 54 24 26 56 32 11 60 
#29 68 27 70 48 29 69 67 36 37 26 3 0 11 16 
#43 29 48 70 27 29 69 67 36 67 33 3 0 59 60 
#43 7 48 16 27 29 69 67 54 24 15 44 0 59 60 
#56 52 27 70 8 28 69 67 54 44 15 44 0 59 36 
#8 52 27 72 23 28 12 67 54 44 47 3 46 24 36 
#56 0 52 72 8 29 69 19 54 37 26 3 16 11 53 
#56 0 41 48 48 62 69 3 19 37 15 26 46 16 16 
#8 52 27 48 48 62 69 67 19 37 26 26 16 6 38 
#29 0 27 70 43 62 69 67 65 24 33 3 32 59 16 
#8 68 27 16 23 62 69 67 58 44 4 26 16 11 60 
#56 68 16 72 16 29 2 67 36 44 47 56 32 30 53 
#56 68 48 16 8 29 69 19 54 24 26 44 0 11 53 
#56 52 52 48 38 20 69 19 19 67 4 26 46 16 16 
#56 52 27 48 43 62 69 3 65 37 15 43 46 24 60 
#29 0 27 72 48 62 69 3 54 24 33 3 32 59 60 
#8 68 52 70 23 62 69 67 54 44 35 56 16 11 2 
#43 52 52 72 23 29 69 67 58 24 15 3 32 30 60 
#56 29 41 48 8 62 69 19 54 24 4 26 0 11 60 
#56 68 52 72 5 29 69 19 54 67 4 56 32 30 53 
#29 0 41 70 43 62 69 3 65 44 52 43 46 59 60 
#56 52 27 72 43 28 69 67 54 37 47 3 0 59 16 
#56 52 27 72 23 62 69 19 58 37 35 56 0 11 60 
#43 0 48 70 27 20 69 67 54 24 15 3 15 59 36 
#56 52 29 48 48 29 53 67 34 24 26 26 0 24 60 
#56 52 52 16 38 29 53 67 54 24 33 56 46 30 60 
#29 52 41 48 48 62 69 3 54 44 26 26 16 18 38 
#56 52 41 72 27 28 69 67 54 44 52 26 0 59 60 
#29 0 27 72 23 62 69 67 58 24 15 26 0 11 60 
#56 68 52 70 23 20 69 67 54 24 15 56 15 11 60 
#8 68 27 70 48 62 53 67 34 37 26 6 0 24 16 
#29 68 52 70 48 62 53 67 54 24 47 3 0 11 26 
#43 68 27 16 27 29 69 67 54 37 33 26 16 18 38 
#56 29 52 72 27 62 69 67 36 24 15 26 0 59 36 
#8 52 52 72 23 62 69 67 54 24 35 56 46 11 36 
#56 68 27 70 23 28 69 67 54 44 47 3 32 11 60 
1 33 20 19 7 13 
9 35 40 11 24 28 
41 26 22 44 18 46 
59 58 15 8 51 6 
55 14 53 23 49 17 
10 45 38 43 16 57 
#Base: 920
#Max: 757
#822826
#Turn 9
#56 0 27 70 43 62 69 67 65 44 15 3 16 6 38 
#29 0 27 16 38 62 69 67 65 24 47 26 46 11 26 
#56 52 52 16 23 20 69 67 54 24 47 26 15 11 60 
#29 0 52 48 23 62 69 67 54 24 33 43 16 24 60 
#29 68 27 48 43 62 69 67 54 24 33 3 0 59 60 
#56 52 16 72 16 62 69 67 58 44 35 56 32 30 60 
#8 68 52 72 23 62 69 67 36 44 47 56 32 11 2 
#8 68 52 70 23 62 69 67 54 44 35 56 16 11 60 
#56 68 27 70 23 62 69 67 54 24 26 56 32 30 60 
#56 7 27 70 23 28 69 67 54 24 15 44 0 11 60 
#43 29 52 72 27 29 69 67 58 24 15 3 0 59 60 
#43 29 48 72 48 29 69 67 36 37 33 26 0 59 60 
#56 0 41 70 48 62 69 3 65 44 33 26 46 59 60 
#56 52 41 72 43 62 69 3 54 37 52 43 0 11 60 
#56 52 27 72 23 62 69 19 58 37 35 56 0 11 60 
#8 52 27 70 23 28 69 67 54 44 47 56 32 11 60 
#8 52 41 72 27 29 69 67 54 24 35 56 32 11 60 
#29 68 27 70 27 29 69 67 65 44 47 26 32 59 60 
#29 68 41 70 43 62 69 67 54 44 35 26 16 59 60 
#56 52 52 72 38 62 69 67 54 44 52 26 46 24 16 
#29 68 52 70 27 62 69 67 54 24 35 3 46 11 36 
#56 68 52 70 27 20 69 67 54 24 15 3 15 11 60 
#29 68 52 72 23 62 69 67 36 44 15 56 15 59 60 
#29 29 52 72 38 62 53 67 54 24 33 56 46 30 60 
#29 52 48 72 38 28 69 3 54 24 52 43 16 30 60 
#56 52 27 72 8 28 69 19 54 37 4 3 32 59 53 
#56 52 27 72 43 62 69 67 65 37 47 3 0 24 16 
#56 52 27 72 43 62 69 3 54 67 4 43 46 24 60 
#56 52 52 72 23 29 69 19 54 67 33 56 32 30 60 
#56 29 52 72 23 62 69 3 36 24 15 56 0 59 60 
#56 52 41 70 5 62 69 19 58 44 35 56 16 6 60 
#56 68 16 70 43 62 69 67 36 24 33 56 32 30 53 
#8 52 52 70 23 62 69 67 54 24 47 26 16 11 26 
#43 52 52 70 5 20 69 3 65 44 52 26 32 24 60 
#56 0 27 48 23 62 69 67 54 24 33 43 32 11 60 
#56 52 27 72 23 28 69 67 54 44 15 44 0 59 36 
#43 52 52 72 23 62 69 67 58 44 35 56 32 30 60 
#56 68 48 70 27 29 69 67 36 67 33 3 0 30 60 
#56 68 52 72 48 29 69 67 54 37 35 26 16 59 60 
#29 68 52 70 43 62 69 3 65 44 52 43 46 59 60 
#56 52 27 72 23 62 69 67 54 37 52 56 0 11 60 
#56 52 27 70 8 62 69 67 58 44 35 44 0 11 36 
#43 68 52 72 23 29 69 67 54 44 47 3 32 11 60 
#8 52 48 72 23 29 69 67 36 24 35 3 0 11 60 
#56 52 41 72 27 29 69 67 36 37 47 26 16 59 60 
#29 68 27 70 43 62 69 3 65 44 35 43 46 59 60 
#56 52 41 72 27 28 69 67 54 37 52 43 0 59 60 
#56 52 27 72 38 62 69 19 58 37 35 56 0 11 60 
#56 68 27 70 48 28 53 67 54 24 47 3 0 11 26 
#8 52 52 70 27 62 69 67 54 24 35 56 46 11 36 
#56 68 52 70 27 20 69 67 54 24 47 26 32 11 60 
#29 68 27 72 43 62 69 67 65 44 33 43 16 59 60 
#56 52 52 72 27 28 53 67 54 44 52 56 46 59 60 
#56 52 52 72 38 62 69 67 54 37 52 43 46 59 16 
#29 29 52 70 8 62 69 67 54 24 4 3 32 11 26 
#56 52 27 70 43 29 69 67 54 37 47 3 0 59 36 
#56 52 27 48 23 62 69 67 54 37 15 43 46 24 60 
#29 29 41 72 23 29 69 19 54 44 33 56 32 30 60 
#56 52 52 16 23 29 53 67 54 24 33 56 46 30 60 
#29 29 52 72 27 62 69 3 54 44 15 26 0 59 36 
6 13 49 7 42 47 
30 37 50 18 56 11 
20 40 19 51 38 27 
31 5 36 52 39 17 
15 44 45 53 8 46 
35 12 28 22 23 58 
#Base: 920
#Max: 778
#845652
#56 52 41 72 23 62 69 3 54 37 47 43 32 11 60 
#56 52 52 70 43 62 69 3 54 37 35 56 46 11 36 
#8 52 52 70 27 62 69 67 54 44 35 56 46 11 60 
#8 68 52 70 23 62 69 67 54 44 35 3 16 11 60 
#43 52 27 72 23 62 69 19 54 37 47 3 0 11 60 
#56 52 48 70 27 29 69 67 58 67 35 56 0 30 60 
#56 68 48 70 27 29 69 67 54 24 33 3 32 11 60 
#29 68 52 70 43 62 69 67 54 24 47 26 32 59 60 
#56 68 41 70 23 62 69 67 54 44 35 43 16 59 60 
#56 52 48 48 23 62 69 67 54 37 15 26 46 59 60 
#56 68 27 70 27 62 69 67 54 24 52 56 0 11 36 
#56 52 52 72 38 62 69 67 54 37 52 56 0 24 16 
#29 52 27 72 38 62 69 67 54 44 33 26 16 24 16 
#56 68 52 72 48 29 69 67 65 44 33 26 16 59 60 
#56 52 27 72 48 29 69 67 54 37 35 26 16 24 60 
#56 68 16 70 43 62 69 67 36 44 33 56 32 30 53 
#43 52 52 72 16 62 69 67 58 44 35 56 32 30 60 
#43 52 52 72 27 28 53 67 58 44 52 56 46 59 60 
#29 68 52 70 43 62 69 67 65 44 52 43 46 59 60 
#29 68 52 70 27 29 69 3 65 44 47 43 46 59 60 
#56 52 41 70 27 29 69 67 54 44 47 26 16 59 60 
#29 68 41 70 27 29 69 67 36 44 47 43 46 59 60 
#56 52 27 72 43 62 69 3 65 44 35 43 46 59 16 
#56 68 27 70 38 62 69 67 54 37 26 56 32 30 60 
#56 68 27 72 27 28 69 67 54 24 26 56 32 59 60 
#56 0 27 72 48 62 69 3 65 44 33 44 46 59 60 
#56 52 52 70 23 62 69 19 65 44 33 56 32 59 60 
#56 68 52 72 23 62 69 67 54 67 15 56 15 59 60 
#29 68 52 72 38 62 53 67 36 24 15 56 46 59 60 
#56 29 52 72 23 62 53 67 54 24 33 56 46 30 60 
#8 52 41 72 23 62 69 19 58 44 35 56 16 11 2 
#56 68 48 72 27 29 69 67 36 37 52 3 0 30 60 
#8 52 52 70 27 62 69 67 54 24 47 26 32 11 36 
#8 68 52 70 23 62 69 67 54 44 35 56 16 11 60 
#43 68 52 72 23 29 69 67 54 44 47 43 46 11 60 
#43 29 48 72 38 29 69 67 36 37 33 26 0 59 60 
#29 52 52 70 5 62 69 67 58 24 35 56 46 6 36 
#56 68 27 72 27 62 69 67 54 37 52 3 0 30 60 
#56 52 52 72 27 20 69 67 54 44 52 26 32 11 60 
#29 68 41 72 43 62 69 67 54 44 35 43 16 59 60 
#56 68 27 72 23 29 69 67 54 37 35 43 16 24 60 
#43 52 48 72 43 29 69 3 54 37 4 26 0 59 60 
#56 68 52 70 43 62 69 67 36 24 33 56 32 30 53 
#56 52 16 72 23 62 69 67 58 44 52 56 0 11 60 
#43 52 52 72 38 62 69 67 58 44 35 56 46 24 16 
#29 52 52 72 43 62 69 67 54 44 33 43 46 59 60 
#56 68 52 70 43 29 69 67 65 44 52 26 46 59 60 
#29 68 27 72 43 29 69 67 54 44 4 26 32 24 60 
#8 68 16 70 23 28 69 67 54 24 47 56 32 30 60 
#56 52 41 72 27 29 69 67 36 37 47 26 32 30 60 
#29 52 52 72 23 62 69 3 65 44 35 56 46 30 60 
#56 52 52 72 38 62 53 67 54 44 52 43 46 59 60 
#56 68 27 70 43 62 69 67 65 44 26 56 46 30 60 
#56 68 27 70 27 29 69 67 54 44 52 43 32 59 60 
#56 52 27 70 23 28 69 67 54 44 15 44 0 11 60 
#56 52 41 72 48 62 69 3 65 44 47 26 46 59 60 
#29 68 27 72 43 29 69 3 54 44 33 43 46 59 60 
#29 68 52 72 23 62 69 67 54 44 15 56 46 59 60 
#29 68 52 72 23 62 69 67 54 24 26 56 32 30 60 
#56 52 41 72 23 29 53 67 54 24 33 43 46 59 60 
#Base: 920
#Max: 829
#901087
