#[0] 3, 3
#[1] 4, 3
#[2] 3, 4
#[3] 3, 2
#[4] 2, 3
#[5] 2, 4
#[6] 1, 3
#[7] 2, 2
#[8] 3, 1
#[9] 4, 4
#[10] 5, 3
#[11] 3, 5
#[12] 4, 2
#[13] 3, 0
#[14] 5, 4
#[15] 4, 5
#[16] 5, 2
#[17] 4, 1
#[18] 0, 3
#[19] 1, 4
#[20] 2, 1
#[21] 1, 2
#[22] 2, 5
#[23] 0, 4
#[24] 5, 1
#[25] 0, 2
#[26] 5, 5
#[27] 1, 5
#[28] 2, 0
#[29] 1, 1
#[30] 4, 0
#[31] 0, 5
#[32] 1, 0
#[33] 0, 1
#[34] 5, 0
#[35] 0, 0
#Turn 0
15 53 54 52 22 50 
29 23 46 47 38 6 
1 4 39 24 31 7 
49 3 8 51 33 11 
57 48 20 18 37 55 
45 16 26 43 35 27 
#Base: 923
#Max: 346
#374865
#Turn 1
#28 20 4 52 8 12 13 21 32 22 34 27 24 3 36 
#23 20 4 24 17 7 13 21 16 27 17 27 16 43 32 
#23 29 16 24 17 7 5 14 16 42 21 9 19 8 21 
#5 4 16 57 0 39 33 14 6 5 21 9 19 8 17 
#5 28 6 57 47 20 33 6 12 29 5 6 32 17 0 
#29 4 26 1 54 14 48 17 36 0 4 18 1 1 44 
#19 15 26 50 54 14 18 34 36 35 8 15 1 20 28 
#1 15 7 50 2 23 15 34 16 2 23 15 17 5 20 
#1 65 5 52 2 12 15 44 30 1 23 1 17 5 23 
#33 38 15 52 50 36 26 9 47 17 0 21 44 1 13 
#17 21 15 3 12 15 4 19 18 28 10 21 30 4 5 
#20 41 40 3 13 4 8 19 12 32 38 4 30 22 10 
#50 41 40 12 13 25 8 7 19 64 16 4 6 63 18 
#7 6 24 21 9 24 25 29 19 10 13 1 5 63 7 
#7 13 24 4 47 24 25 29 7 21 40 26 22 6 30 
#53 2 9 39 9 22 25 6 56 7 33 24 47 12 51 
#17 2 26 39 9 5 38 28 67 27 33 4 4 13 2 
#17 12 24 19 32 5 11 2 3 5 1 7 6 13 2 
#26 8 6 19 16 32 64 2 4 18 52 7 6 3 2 
#0 8 4 20 16 32 64 2 4 20 52 9 8 16 3 
#28 14 9 2 19 33 14 12 6 28 59 30 0 7 30 
#38 22 9 2 20 25 14 4 27 27 59 30 43 66 29 
#8 22 6 3 62 14 2 2 27 27 35 15 5 17 29 
#56 8 8 3 8 14 0 2 62 40 26 29 7 17 29 
#4 7 21 0 4 40 10 25 62 28 32 25 7 25 15 
#7 6 49 27 29 17 32 22 17 40 3 37 17 18 22 
#40 58 18 27 4 12 27 22 28 52 10 24 16 18 22 
#5 58 5 27 21 12 27 17 28 4 10 24 19 16 20 
#1 27 5 10 32 41 22 17 1 1 21 12 19 16 65 
#7 34 45 37 62 41 13 15 1 9 16 12 9 9 55 
#28 52 4 5 29 4 48 42 12 0 34 18 36 24 44 
#29 30 26 2 6 12 13 21 32 35 17 27 2 1 28 
#23 15 49 24 28 9 18 34 16 2 10 15 57 20 21 
#23 59 16 17 2 39 15 44 6 11 21 9 19 8 3 
#5 43 6 52 47 20 22 6 47 5 9 6 6 1 5 
#19 38 27 27 13 17 26 25 7 29 0 29 44 19 13 
#40 4 4 1 12 17 48 12 18 0 12 21 36 24 44 
#29 21 15 3 54 15 4 17 36 32 38 46 1 1 10 
#19 41 40 12 13 4 18 14 23 2 8 4 8 20 18 
#1 6 31 17 9 25 15 7 30 10 13 20 6 63 23 
#7 28 33 4 15 24 25 9 47 1 9 1 5 6 5 
#19 38 5 6 47 6 26 47 7 21 0 26 22 19 13 
#53 8 51 34 12 17 25 6 23 28 10 3 47 4 5 
#9 2 15 39 50 22 4 28 12 27 33 24 4 21 2 
#20 41 40 33 13 5 8 14 23 0 16 4 8 22 18 
#50 6 6 21 35 25 25 2 3 10 83 7 6 63 7 
#0 28 4 20 16 32 25 29 31 18 52 4 5 16 3 
#12 13 5 0 12 33 38 2 7 21 40 26 64 10 26 
#28 2 1 5 19 33 24 6 23 28 18 55 0 7 3 
#9 16 9 39 12 22 14 28 56 1 59 30 4 21 2 
#8 22 7 33 32 20 38 26 27 0 1 4 4 66 29 
#26 6 6 19 62 14 6 2 3 5 83 29 6 17 2 
#4 8 8 11 16 40 0 25 4 40 52 4 7 11 3 
#19 0 14 0 4 33 38 2 20 20 33 9 64 10 2 
#28 14 49 42 19 33 24 12 17 40 12 55 0 1 18 
#38 16 9 27 12 25 32 2 6 52 59 37 43 13 22 
#8 58 7 27 20 20 2 4 28 4 35 24 15 66 29 
#5 8 6 10 62 14 14 17 1 1 23 31 19 17 65 
#4 17 8 19 8 41 0 25 1 40 32 12 40 11 15 
#7 34 21 37 9 30 10 8 23 9 16 12 30 9 2 
20 22 19 50 34 33 
25 24 5 9 42 28 
4 47 55 15 29 18 
54 56 21 45 12 8 
53 6 23 51 30 49 
0 37 16 57 26 32 
#Base: 923
#Max: 415
#449621
#Turn 2
#8 22 9 3 19 14 2 2 6 27 59 15 5 7 29 
#8 22 6 20 62 14 64 2 27 20 35 9 5 16 3 
#0 22 7 33 16 20 38 26 27 0 1 4 8 16 29 
#5 43 6 33 47 20 38 26 47 0 9 6 4 1 5 
#5 59 6 17 47 39 15 6 6 11 21 9 6 8 3 
#7 7 21 0 29 40 10 22 17 28 3 37 7 18 22 
#4 4 26 0 54 14 48 17 62 28 32 18 7 25 44 
#33 4 26 1 54 36 26 9 47 17 4 18 1 1 13 
#53 8 51 52 50 36 26 9 47 17 10 3 47 4 5 
#1 8 5 10 32 41 22 6 23 28 10 12 19 4 65 
#12 28 6 0 47 20 38 2 7 21 40 26 64 17 26 
#38 13 5 0 12 33 32 2 6 52 40 37 64 13 22 
#38 16 9 27 12 22 32 6 6 52 33 24 43 12 51 
#7 2 45 37 9 41 25 15 1 9 33 24 9 9 55 
#7 34 45 37 16 32 64 15 1 18 52 7 9 3 55 
#8 14 7 42 20 20 24 4 17 40 12 24 15 66 29 
#8 22 9 27 20 20 2 4 27 4 59 30 15 66 29 
#38 22 6 2 35 25 14 2 3 10 83 7 6 63 29 
#50 6 6 12 35 25 8 2 3 64 16 4 6 63 18 
#1 41 40 12 13 12 8 44 30 1 23 1 17 5 18 
#19 0 14 0 4 14 18 2 36 20 33 9 1 10 28 
#56 15 26 3 54 14 0 2 62 35 8 29 7 20 28 
#26 6 8 3 8 14 6 2 3 40 26 29 7 17 29 
#26 6 6 5 29 4 48 2 3 0 83 18 6 17 2 
#9 16 4 39 12 22 48 42 12 1 34 18 4 24 44 
#28 20 4 52 8 15 4 17 36 32 34 27 24 3 10 
#29 21 26 3 9 5 4 28 36 32 38 4 4 13 10 
#17 2 26 39 62 5 38 28 67 1 33 4 19 13 2 
#5 8 18 10 62 14 14 17 28 52 23 24 16 18 22 
#23 15 18 24 4 12 27 34 28 2 10 24 57 18 21 
#28 14 49 2 19 33 32 12 6 40 59 30 17 7 30 
#8 7 21 3 4 40 10 25 27 27 32 15 5 25 15 
#29 4 26 20 16 14 48 17 4 0 4 9 1 16 44 
#33 38 7 33 32 20 38 9 47 0 0 4 44 66 13 
#5 8 6 34 12 20 22 6 23 28 10 3 47 1 5 
#1 27 5 17 2 39 15 44 1 1 21 12 19 16 3 
#7 28 49 27 47 20 33 22 12 40 5 37 17 18 22 
#12 13 21 0 4 33 38 25 62 28 32 25 7 25 26 
#38 4 9 27 12 25 48 17 36 52 4 18 43 1 22 
#33 2 15 39 50 36 26 6 56 7 0 21 47 1 13 
#7 34 45 37 62 17 13 6 23 28 10 3 9 4 55 
#1 8 5 19 32 41 22 17 1 18 21 12 6 16 2 
#28 14 49 42 19 33 24 6 17 40 12 6 32 17 0 
#12 58 7 27 20 33 2 4 28 4 40 26 15 10 26 
#38 22 9 27 20 25 14 4 27 52 59 30 43 13 22 
#50 6 6 39 9 25 25 2 3 7 83 7 6 63 51 
#7 34 45 12 13 41 13 7 19 9 16 12 6 63 18 
#26 8 5 52 16 32 64 2 30 18 52 1 6 3 23 
#19 14 49 42 4 33 24 2 17 20 33 9 0 10 2 
#19 15 7 50 54 14 2 4 36 35 8 15 1 20 29 
#38 8 8 2 8 25 0 4 27 40 59 30 43 17 29 
#26 6 6 19 35 25 6 2 3 5 83 29 6 63 7 
#28 52 4 12 29 25 48 7 19 64 34 4 6 63 18 
#1 16 5 52 2 12 15 44 30 1 23 30 17 21 2 
#28 20 4 52 4 33 13 21 20 20 33 27 24 10 36 
#19 21 26 50 54 14 4 17 36 35 8 15 1 20 28 
#17 2 8 39 9 5 0 28 67 40 33 4 7 17 29 
#5 6 6 19 62 14 14 2 3 1 23 31 6 17 2 
#28 52 4 27 4 4 48 22 28 0 10 18 16 24 44 
#9 15 49 39 28 9 18 28 16 2 10 30 57 20 21 
49 58 56 30 50 13 
28 55 1 27 10 59 
37 12 33 51 14 38 
44 6 8 45 17 18 
46 16 47 52 21 23 
24 15 39 11 40 36 
#Base: 923
#Max: 418
#452871
#Turn 3
#19 52 7 50 54 14 48 4 36 0 10 18 1 20 44 
#28 2 4 39 9 5 0 28 67 0 10 18 7 17 44 
#28 2 49 2 19 33 32 12 67 40 59 30 7 7 30 
#38 8 8 2 19 25 32 12 6 40 59 30 43 17 29 
#38 2 8 2 9 25 25 4 27 9 33 24 9 17 29 
#19 21 26 50 62 14 4 17 28 35 8 15 1 20 28 
#8 21 26 20 54 14 64 2 27 35 8 15 5 20 28 
#8 22 26 20 62 5 64 28 27 20 33 9 19 13 3 
#12 2 6 39 62 20 38 28 67 1 33 4 19 17 2 
#9 15 49 39 47 20 38 28 7 21 40 30 57 20 26 
#38 13 9 0 12 22 32 25 6 52 32 25 43 12 51 
#38 38 9 27 12 20 38 9 47 0 33 4 44 66 13 
#33 38 7 19 35 20 6 9 47 0 83 29 6 63 7 
#26 6 45 37 16 25 6 15 3 18 52 29 9 63 7 
#7 4 45 27 16 25 64 15 36 52 52 18 9 3 55 
#38 22 9 27 20 14 48 17 62 52 59 18 7 25 44 
#53 8 51 52 54 36 48 17 47 28 10 3 7 4 5 
#50 8 6 39 9 25 26 2 47 7 83 7 6 4 5 
#38 22 6 2 35 25 25 2 3 10 83 7 6 63 29 
#50 6 6 2 35 25 14 2 3 64 16 4 6 63 29 
#8 34 9 12 13 20 13 7 19 9 59 30 15 66 29 
#26 22 9 52 16 32 64 2 30 4 59 30 15 66 29 
#26 52 4 52 29 32 64 7 19 64 34 4 6 3 23 
#56 52 4 3 29 14 48 2 19 64 8 4 7 63 28 
#56 6 26 3 29 4 48 2 62 35 83 29 7 17 2 
#8 14 7 39 20 20 48 4 12 40 12 18 15 24 44 
#33 14 7 39 20 36 24 4 56 40 12 21 15 66 13 
#38 13 5 0 12 36 26 2 56 7 40 37 64 13 13 
#38 13 45 0 62 33 32 6 23 52 10 37 9 13 55 
#7 28 49 37 62 17 33 6 23 40 10 37 9 18 55 
#5 15 18 50 62 14 14 4 36 52 8 15 16 20 22 
#28 52 26 27 54 14 48 17 36 0 8 15 16 24 44 
#17 22 6 20 62 5 64 28 27 40 33 4 5 17 29 
#28 2 26 2 62 33 38 12 6 1 33 30 17 13 30 
#12 28 6 0 47 20 38 2 7 21 59 30 64 17 29 
#9 15 45 37 9 41 25 15 16 9 33 24 57 9 21 
#12 13 18 10 4 14 14 17 28 28 23 24 16 18 26 
#38 16 9 27 54 22 32 17 36 52 8 15 43 20 51 
#8 38 6 20 32 20 38 2 27 0 35 4 44 16 3 
#26 6 26 19 35 25 6 2 67 1 33 29 19 63 2 
#12 34 6 37 16 32 64 2 7 21 40 7 64 17 55 
#38 15 9 39 12 9 48 28 36 52 4 18 43 20 21 
#38 13 9 0 4 25 14 25 27 28 32 25 43 25 22 
#38 16 26 27 54 22 32 17 6 52 32 18 7 25 51 
#53 38 7 52 50 36 26 9 47 17 0 4 47 66 5 
#50 6 6 39 9 25 6 2 3 7 83 7 6 63 7 
#7 34 45 2 35 32 64 2 3 18 83 7 9 3 29 
#50 6 9 12 12 25 48 2 3 64 4 4 6 63 22 
#7 22 9 27 20 41 13 7 19 52 16 30 43 63 22 
#8 22 9 0 54 14 48 17 62 28 32 18 7 25 29 
#53 8 5 52 50 32 64 2 30 18 52 3 47 3 23 
#50 6 6 39 9 25 25 2 3 7 34 4 6 63 51 
#56 15 26 3 35 14 0 2 62 35 83 7 6 20 28 
#50 6 6 5 35 25 8 2 3 0 16 18 6 63 18 
#9 16 4 12 13 41 13 42 19 1 16 18 6 24 44 
#8 22 7 27 20 20 2 4 27 4 59 30 15 66 29 
#33 2 15 39 50 32 26 2 56 7 0 1 6 1 23 
#38 52 5 12 29 33 32 2 19 52 40 37 6 13 22 
#7 34 45 3 54 14 13 2 62 35 10 29 7 20 55 
#26 28 6 27 29 20 48 22 12 0 5 37 17 17 2 
49 19 0 58 34 32 
27 31 17 23 37 43 
8 9 15 52 12 11 
28 46 50 24 21 16 
39 29 40 44 22 18 
48 26 45 14 2 47 
#Base: 923
#Max: 462
#500542
#Turn 4
#8 22 6 2 35 25 48 2 3 28 16 4 7 63 29 
#50 52 7 50 54 25 14 2 36 0 16 4 1 20 29 
#7 52 7 50 54 14 13 4 62 0 10 29 7 20 44 
#7 34 6 3 47 14 13 2 62 35 59 30 64 20 55 
#17 28 6 0 62 5 38 2 27 21 59 30 5 17 29 
#28 13 5 27 54 14 48 2 36 0 40 15 64 13 44 
#50 8 26 39 54 25 48 17 47 0 8 15 6 24 5 
#56 8 4 39 9 25 48 2 19 7 83 7 6 4 28 
#56 52 9 27 54 14 32 17 36 64 8 4 7 63 51 
#38 16 26 27 54 22 32 17 6 52 32 18 7 25 51 
#9 15 49 39 62 20 38 28 7 21 40 30 57 20 26 
#38 15 9 27 47 14 48 17 62 52 40 18 57 25 26 
#38 15 9 3 35 14 48 17 62 35 59 18 6 25 44 
#56 38 7 19 35 20 6 9 47 35 83 29 6 20 28 
#33 38 9 27 35 20 38 9 47 0 83 29 44 63 13 
#7 34 45 0 62 33 32 6 3 52 10 37 9 13 55 
#53 34 5 52 50 32 64 2 30 18 52 7 47 3 23 
#53 6 5 3 50 32 64 2 62 18 83 3 47 17 23 
#56 6 26 52 16 32 48 2 30 35 59 30 15 66 2 
#26 22 51 52 16 32 48 17 47 28 59 3 7 66 29 
#7 28 26 37 35 25 6 2 67 1 10 37 19 63 55 
#7 34 6 37 16 32 33 6 7 40 10 7 64 18 55 
#53 34 7 52 50 36 26 2 47 21 40 7 47 66 5 
#26 52 4 52 29 36 26 9 47 17 34 4 6 66 23 
#26 22 6 2 35 32 64 2 19 64 34 4 6 3 23 
#7 22 9 39 20 41 13 7 56 52 12 21 43 63 13 
#33 14 6 39 20 36 6 2 3 7 12 7 6 63 7 
#50 4 45 39 9 25 64 15 3 52 52 7 6 63 55 
#28 2 45 2 16 25 64 12 67 40 59 30 9 7 30 
#28 6 49 2 12 33 32 12 3 40 4 4 6 63 30 
#38 22 5 0 12 36 26 17 62 7 40 18 64 13 29 
#50 52 6 2 54 14 14 17 36 64 8 15 16 63 44 
#50 8 6 39 54 14 26 4 36 0 10 7 6 4 44 
#56 52 4 3 29 14 13 2 19 35 8 29 7 20 55 
#12 28 9 0 47 20 38 17 7 21 59 15 64 20 51 
#38 16 6 20 54 22 32 28 27 52 33 18 5 25 29 
#12 2 5 39 12 36 38 2 56 7 33 37 19 13 13 
#28 15 26 39 54 20 38 17 36 21 40 30 57 20 44 
#38 8 6 27 9 25 26 17 62 7 83 18 7 4 5 
#56 15 4 3 35 14 48 2 19 64 83 4 7 20 28 
#33 38 9 27 35 22 6 17 36 52 8 15 43 20 7 
#38 16 9 27 12 22 32 9 6 0 33 18 44 25 51 
#12 13 6 0 62 33 38 6 67 52 33 37 9 13 2 
#7 15 49 39 47 32 38 2 7 21 83 30 57 3 26 
#53 22 9 27 20 14 64 2 62 18 52 3 7 25 44 
#56 15 26 3 29 14 0 2 62 35 83 7 6 20 28 
#26 38 7 19 16 20 6 9 47 4 83 29 6 63 7 
#38 8 9 52 54 20 38 9 47 0 33 4 7 66 5 
#26 6 26 19 62 33 32 2 23 1 33 29 19 13 2 
#7 34 49 37 62 32 33 2 23 18 10 37 9 3 55 
#12 34 6 52 50 32 64 2 30 21 40 7 47 17 23 
#53 6 26 3 29 4 26 2 47 35 0 29 47 66 5 
#26 22 9 52 16 32 64 7 19 64 59 4 6 3 29 
#53 22 6 2 54 36 25 17 47 10 83 3 7 63 29 
#26 22 9 19 20 25 6 7 67 52 33 30 19 63 2 
#33 14 49 39 20 36 24 4 56 40 12 37 15 18 13 
#50 6 6 39 16 25 64 2 7 7 40 7 6 63 55 
#53 4 7 52 50 36 64 9 36 52 0 4 47 66 5 
#28 2 49 2 29 33 32 7 19 40 34 4 7 7 23 
#50 22 6 12 35 25 25 2 3 64 4 7 6 63 22 
54 5 23 44 56 42 
34 25 37 22 52 12 
47 20 19 53 14 10 
11 18 8 17 27 3 
15 45 31 57 43 28 
49 50 13 16 39 46 
#Base: 923
#Max: 503
#544962
#Turn 5
#26 13 9 19 54 14 48 7 67 0 33 15 19 13 2 
#26 13 4 27 54 36 48 2 47 0 34 4 64 66 23 
#53 52 9 27 20 36 26 2 47 18 52 4 7 66 44 
#50 22 9 27 16 25 64 2 7 18 40 7 7 63 55 
#12 13 6 39 62 33 38 2 67 7 33 7 6 63 2 
#7 28 9 0 20 41 38 17 7 21 12 15 64 20 13 
#7 22 9 39 54 20 13 7 56 21 12 21 43 20 44 
#28 34 26 52 50 36 38 2 36 21 40 7 57 20 44 
#26 34 7 52 50 36 26 7 19 64 59 4 6 3 29 
#38 15 9 3 16 14 48 7 62 64 59 18 6 3 44 
#38 8 26 37 35 25 38 9 47 1 33 37 19 63 55 
#7 28 26 37 16 25 48 2 67 28 59 37 7 66 55 
#53 22 51 52 16 36 48 17 47 10 83 3 7 66 29 
#53 38 6 27 35 36 38 9 47 0 83 3 44 63 13 
#9 15 9 27 62 20 38 9 47 0 83 29 44 63 26 
#56 6 26 27 47 14 48 2 62 35 40 18 15 66 2 
#56 52 9 27 54 14 48 17 30 64 8 30 7 63 51 
#56 6 5 3 54 32 32 2 62 18 83 4 47 63 51 
#50 6 45 39 9 25 64 15 3 52 52 3 47 63 23 
#50 34 6 3 47 14 64 15 62 52 52 30 64 63 55 
#56 34 26 0 62 14 32 2 3 35 10 7 6 13 55 
#50 52 6 3 54 14 0 17 62 35 8 7 6 63 28 
#50 52 6 52 54 14 14 9 36 64 8 15 16 63 5 
#7 4 49 39 47 32 64 9 7 21 0 4 47 3 26 
#7 15 49 39 16 25 64 2 67 21 83 30 57 3 30 
#12 34 6 37 62 32 64 2 23 18 40 7 47 3 23 
#56 34 7 52 50 20 64 2 30 35 83 7 6 20 23 
#56 38 7 19 50 20 6 9 30 35 52 29 6 20 23 
#53 34 4 3 35 14 64 2 30 18 83 7 7 3 23 
#26 38 7 3 35 20 48 9 19 64 83 29 6 20 7 
#12 28 9 0 20 20 38 17 7 52 59 30 64 63 51 
#7 13 5 39 54 14 48 7 56 52 12 15 64 13 13 
#28 52 4 52 54 36 26 17 47 17 40 4 57 20 44 
#53 22 7 52 20 14 64 2 47 18 40 3 7 25 44 
#50 6 9 52 16 25 64 7 7 64 59 7 6 63 29 
#38 15 9 3 35 33 38 6 67 52 59 37 6 25 44 
#12 8 9 52 47 20 38 9 7 0 33 4 7 20 5 
#7 22 9 37 20 25 13 2 56 52 12 21 43 63 55 
#26 15 51 39 16 32 48 17 47 21 40 3 7 66 29 
#53 22 7 2 54 36 25 17 47 10 40 3 7 63 29 
#33 22 9 27 16 32 64 7 19 0 59 4 44 63 13 
#38 15 49 39 35 14 48 17 7 35 40 18 6 25 44 
#38 8 9 52 54 20 38 9 62 52 40 18 57 66 5 
#56 28 26 37 35 25 48 2 30 35 59 37 19 66 2 
#26 22 51 52 54 14 32 17 36 28 8 4 7 63 51 
#53 22 6 2 50 32 64 17 62 18 83 3 7 17 29 
#50 38 45 39 35 20 38 15 47 0 83 7 44 63 13 
#7 15 6 39 62 20 38 28 7 21 59 30 64 20 55 
#38 15 45 27 47 33 48 17 62 52 10 37 57 25 26 
#56 15 26 52 16 14 48 2 30 35 59 7 15 20 2 
#50 52 6 27 54 14 32 17 36 64 8 15 7 63 44 
#53 6 5 52 50 32 64 9 62 18 83 3 47 66 23 
#50 4 45 39 47 25 64 15 3 21 83 7 57 3 26 
#28 2 45 3 16 25 64 12 62 40 59 30 9 20 30 
#7 34 45 0 62 33 32 6 23 52 10 37 9 3 55 
#56 34 6 52 29 32 64 2 62 21 40 7 6 20 28 
#50 52 6 2 54 20 6 9 36 64 83 29 16 20 28 
#53 34 7 52 50 36 64 2 36 52 52 4 47 3 5 
#7 15 4 39 47 32 48 2 7 64 83 4 57 3 28 
#26 38 45 19 16 20 6 12 67 4 59 29 9 63 30 
59 10 15 34 30 55 
44 35 58 42 43 2 
1 50 16 46 24 32 
48 52 12 19 17 57 
7 56 26 51 13 14 
53 22 45 11 18 47 
#Base: 923
#Max: 611
#661972
#Turn 6
#38 38 26 37 35 25 38 9 67 1 59 37 19 63 30 
#38 6 26 27 35 25 38 2 62 35 40 18 19 63 2 
#56 6 9 52 16 14 64 7 62 35 40 7 6 63 29 
#50 28 9 52 16 20 64 7 7 52 59 7 64 63 51 
#56 28 9 52 29 32 64 17 62 21 59 30 64 20 28 
#38 22 51 3 54 14 32 17 36 28 8 4 6 25 51 
#7 15 4 39 35 32 48 2 7 52 59 4 6 25 28 
#38 8 4 52 54 20 48 9 62 64 83 4 57 66 5 
#56 28 26 37 54 25 48 2 30 52 59 18 19 66 5 
#53 28 9 37 20 25 26 2 30 35 52 37 19 66 2 
#50 52 6 27 54 14 32 17 36 0 8 4 64 66 44 
#56 52 9 27 54 14 32 17 36 64 8 30 7 63 51 
#50 38 9 27 35 14 38 17 30 64 8 30 44 63 51 
#50 15 49 39 35 20 38 15 67 0 83 7 44 3 30 
#28 15 49 39 54 25 64 17 67 17 40 30 57 3 30 
#38 4 45 27 47 25 64 17 62 21 83 7 57 25 26 
#53 4 45 52 47 36 48 17 47 21 83 7 57 3 26 
#53 34 6 52 47 14 64 15 47 52 52 3 64 63 29 
#56 6 6 3 54 32 64 2 62 18 83 30 64 63 51 
#53 34 7 52 50 36 32 2 36 18 52 4 47 63 5 
#50 34 6 2 54 36 38 2 36 21 40 29 16 20 28 
#56 34 6 52 54 20 64 2 36 35 83 29 6 20 28 
#56 34 5 52 50 32 64 2 62 35 83 7 47 20 23 
#53 38 5 27 50 36 38 9 47 0 83 3 44 63 13 
#9 38 6 27 35 20 38 9 47 0 83 3 44 63 13 
#28 2 6 3 54 14 14 9 62 40 59 15 9 63 30 
#50 52 6 52 50 14 64 17 36 18 8 15 16 17 5 
#53 22 26 37 50 32 64 2 67 28 83 37 7 17 55 
#7 28 26 37 9 25 64 15 67 28 52 37 7 66 23 
#50 6 45 39 9 25 64 28 3 52 59 3 64 20 55 
#26 38 51 52 16 14 32 12 36 4 59 29 9 63 30 
#38 15 26 3 35 33 38 9 67 1 59 37 6 63 44 
#56 15 26 27 47 32 48 2 7 35 40 4 15 3 2 
#50 8 9 52 16 25 64 9 7 64 59 7 57 63 5 
#56 28 9 37 35 25 38 2 30 52 59 37 64 66 2 
#56 52 9 27 29 36 64 2 62 18 52 4 7 20 28 
#26 22 4 27 54 14 32 2 36 28 8 4 64 63 51 
#38 15 9 3 35 33 32 17 36 52 8 15 7 25 44 
#56 52 9 39 47 14 48 17 30 64 83 4 7 3 51 
#50 8 9 39 54 20 38 9 62 0 83 7 57 66 13 
#56 28 49 39 16 25 48 2 30 35 83 30 57 66 2 
#28 52 9 52 54 36 26 2 47 17 40 4 7 66 44 
#38 15 45 27 54 33 48 17 47 0 34 4 57 25 23 
#50 4 6 39 47 25 32 15 36 64 83 15 7 3 44 
#56 22 9 27 16 36 48 17 47 10 8 30 7 66 29 
#50 38 45 39 35 14 64 15 62 52 52 7 44 63 13 
#7 15 49 3 54 32 64 2 67 21 83 30 57 63 30 
#28 34 7 52 54 36 64 2 47 52 40 4 47 3 5 
#38 34 26 52 47 33 38 2 62 52 10 7 57 20 26 
#50 52 6 2 54 25 64 15 3 64 83 7 57 20 26 
#56 34 7 52 16 36 48 2 47 35 83 3 7 66 29 
#53 34 6 52 47 32 64 15 62 52 52 30 64 66 23 
#56 6 6 3 35 36 38 2 47 18 83 4 47 63 13 
#53 34 9 27 62 20 64 9 47 52 52 29 44 63 26 
#28 2 45 3 16 36 38 2 62 40 59 30 57 20 44 
#50 52 6 52 54 14 14 9 36 64 8 29 16 63 28 
#56 34 7 52 50 32 64 17 30 35 83 3 7 20 29 
#7 28 5 37 50 32 48 9 62 28 83 37 47 66 23 
#53 6 6 39 9 25 38 9 3 52 52 3 47 63 13 
#7 15 6 39 62 20 38 28 7 0 59 30 64 20 55 
41 19 8 34 23 55 
48 13 29 45 50 33 
0 21 22 17 27 14 
49 53 46 51 7 4 
12 38 3 18 40 15 
28 56 39 57 16 11 
#Base: 923
#Max: 652
#706392
#Turn 7
#53 52 9 52 50 36 32 2 47 18 52 4 7 63 5 
#56 34 7 52 50 25 32 2 30 18 59 18 19 66 5 
#56 28 9 37 54 25 48 2 30 52 59 37 64 66 5 
#56 38 9 27 50 25 38 2 30 0 83 37 44 66 2 
#50 38 6 27 54 14 14 9 36 64 83 29 44 63 13 
#38 15 26 39 35 20 38 15 67 52 83 7 57 3 26 
#50 15 45 39 35 25 38 15 67 0 83 7 64 20 55 
#50 6 45 39 35 14 64 28 62 52 52 3 64 20 55 
#56 34 45 52 35 14 64 15 62 52 83 3 7 63 13 
#50 34 9 52 16 36 64 2 7 64 59 3 7 63 5 
#38 34 26 37 35 20 38 9 36 35 59 29 6 20 30 
#56 34 6 52 50 32 64 2 36 35 83 29 6 20 28 
#53 34 6 52 50 32 64 2 47 52 52 7 47 20 23 
#53 22 26 52 47 32 64 2 47 28 52 37 7 63 29 
#53 15 49 37 54 25 64 2 67 28 83 30 7 17 55 
#50 52 9 2 62 20 64 15 47 52 83 29 57 20 26 
#7 15 9 27 62 20 64 2 47 52 52 29 57 63 26 
#53 34 49 3 54 32 64 15 62 52 83 30 57 66 23 
#53 34 6 52 47 32 64 9 62 64 83 4 64 66 5 
#38 28 4 52 29 32 48 9 62 21 83 30 57 66 28 
#50 38 9 27 35 14 38 17 30 64 83 30 7 63 51 
#50 28 9 39 16 14 64 17 7 64 59 4 64 3 51 
#56 6 9 3 54 20 64 2 62 18 83 30 64 63 51 
#56 6 49 39 16 25 64 2 30 35 83 30 64 63 2 
#56 28 49 27 47 25 48 17 62 35 83 30 57 25 26 
#7 28 7 37 50 25 64 15 30 28 83 3 7 66 29 
#50 34 9 52 54 20 38 9 30 35 83 7 57 66 29 
#50 8 5 39 50 20 48 9 62 0 83 7 47 66 13 
#53 28 45 37 47 36 48 17 47 28 83 7 57 3 23 
#56 4 9 52 54 36 48 17 47 64 8 7 57 3 26 
#38 34 26 52 47 36 38 2 62 17 10 4 7 20 44 
#50 34 49 52 35 20 38 2 36 0 52 7 47 63 5 
#56 28 26 39 54 25 48 2 30 52 59 18 19 20 5 
#56 38 45 37 35 25 64 15 62 52 52 37 44 63 2 
#56 38 5 52 16 36 38 2 47 0 83 3 44 66 13 
#50 8 6 52 16 25 14 9 7 64 8 7 57 63 5 
#38 38 26 37 35 33 38 9 67 52 59 7 19 63 26 
#50 34 49 52 54 20 38 2 36 35 83 29 6 20 30 
#56 34 5 52 50 25 64 2 62 52 59 7 64 20 23 
#53 34 6 39 35 14 64 15 47 52 52 3 64 63 13 
#56 22 26 37 50 32 64 2 47 35 83 3 7 17 29 
#28 8 49 39 54 25 64 17 7 17 40 30 57 63 30 
#50 52 6 37 35 25 64 9 3 64 83 7 57 63 30 
#53 34 6 52 54 20 64 2 36 35 83 29 44 20 26 
#56 15 5 3 50 32 64 2 62 21 83 30 47 20 30 
#53 34 6 52 47 32 64 15 47 52 52 3 64 66 29 
#38 22 4 37 54 20 48 9 67 64 83 37 7 66 55 
#28 28 9 52 29 25 64 17 62 17 40 30 64 20 28 
#50 52 6 27 54 25 38 15 30 64 8 30 57 63 51 
#53 34 9 39 47 20 48 17 30 64 83 29 44 63 26 
#50 15 49 52 16 20 64 7 67 52 83 7 64 63 51 
#56 6 6 52 47 32 64 15 62 18 83 30 64 66 23 
#38 8 49 39 16 20 48 2 30 35 83 30 57 66 2 
#56 4 45 52 29 32 64 17 62 21 59 30 57 25 26 
#50 38 9 27 9 14 64 17 67 28 52 37 44 66 51 
#56 34 9 52 47 32 64 17 30 64 83 4 7 20 51 
#50 28 9 52 16 20 64 9 62 52 83 7 57 63 51 
#56 28 6 3 54 32 48 2 62 18 83 30 47 66 51 
#56 28 49 39 16 36 48 2 47 35 83 30 57 3 2 
#56 4 9 27 54 25 64 17 62 64 8 30 57 63 51 
36 4 54 19 53 39 
20 28 26 46 38 6 
43 55 45 56 33 23 
42 24 51 17 18 22 
13 7 59 50 8 15 
12 2 14 49 57 48 
#Base: 923
#Max: 677
#733478
#Turn 8
#38 38 26 27 35 14 38 9 36 52 59 29 19 63 26 
#50 38 9 27 54 14 64 17 36 64 52 29 44 63 13 
#50 28 4 27 9 14 48 17 62 28 52 37 44 66 51 
#38 4 4 52 29 32 48 9 62 21 59 30 57 66 28 
#53 34 45 52 29 14 64 15 47 21 52 3 57 63 13 
#50 28 9 37 47 14 38 17 30 64 83 30 7 63 51 
#50 34 9 52 54 36 48 9 30 35 83 7 57 3 29 
#38 34 9 37 54 20 48 9 30 64 83 37 57 66 29 
#38 22 4 37 54 20 48 9 67 52 59 7 7 66 55 
#50 15 5 39 50 25 64 2 67 0 83 7 64 20 23 
#56 34 9 52 47 20 64 17 36 64 83 4 44 20 51 
#53 34 6 52 47 32 64 17 47 64 83 3 7 20 51 
#53 28 6 52 16 20 64 9 62 52 83 7 57 66 29 
#56 38 45 52 16 25 64 9 62 52 83 37 57 63 51 
#56 38 49 37 16 25 64 15 30 52 83 37 64 63 2 
#50 52 49 37 35 25 48 9 62 35 83 7 57 63 30 
#56 6 6 52 47 25 48 15 62 18 83 30 64 25 26 
#53 6 49 52 47 32 64 15 62 52 83 30 57 66 23 
#53 34 6 52 54 32 64 15 62 64 83 30 57 66 23 
#53 6 9 52 54 20 64 2 62 18 83 30 64 63 5 
#50 6 26 39 47 32 64 2 62 28 52 3 7 63 29 
#50 6 9 27 35 14 64 28 62 64 52 3 64 20 55 
#56 4 49 52 54 25 64 7 67 52 8 7 57 63 51 
#56 15 49 52 35 20 64 15 67 52 83 7 7 63 51 
#56 52 9 2 62 14 64 15 62 52 83 29 7 20 26 
#53 28 9 52 54 25 48 2 47 52 59 7 47 20 5 
#53 28 49 37 54 25 64 2 30 28 83 37 64 66 5 
#53 34 49 39 47 25 48 2 67 64 83 30 44 17 26 
#56 34 9 39 54 20 48 17 30 18 83 29 47 63 26 
#56 28 6 27 54 25 38 2 62 64 83 30 57 66 51 
#38 38 9 27 35 14 38 9 67 52 59 30 7 63 26 
#50 28 6 27 54 36 14 17 47 28 83 29 57 63 13 
#50 34 9 27 9 20 64 9 30 28 52 37 44 66 29 
#38 28 4 52 29 20 48 9 62 21 83 30 7 66 55 
#56 34 45 52 29 32 64 2 62 52 59 7 64 25 23 
#50 15 6 39 35 25 38 15 67 0 52 3 64 20 55 
#50 38 6 52 54 20 64 2 30 64 83 29 7 63 26 
#56 28 45 37 47 36 64 17 30 64 83 4 57 20 51 
#50 34 6 52 54 20 38 9 47 52 52 3 57 66 29 
#50 22 4 37 54 20 48 9 62 52 83 7 57 66 55 
#56 38 5 37 35 25 64 15 62 52 59 37 44 63 2 
#56 15 45 39 35 25 64 15 30 35 83 7 64 20 55 
#53 34 6 52 54 25 64 2 36 64 83 7 44 63 26 
#56 34 9 52 47 25 64 17 62 35 83 4 57 20 51 
#53 6 6 52 47 32 64 15 62 18 52 30 64 66 23 
#53 28 9 52 54 32 64 15 62 52 83 7 57 66 51 
#53 34 6 52 47 32 64 15 62 52 52 37 44 66 5 
#56 6 9 3 54 25 64 2 62 35 83 30 64 63 2 
#50 22 26 37 35 25 64 2 47 28 83 7 57 63 30 
#56 6 45 27 47 14 48 28 62 35 52 3 57 20 26 
#56 6 6 27 54 32 64 17 62 64 8 30 57 63 51 
#50 34 49 52 54 20 64 15 67 52 83 30 57 63 51 
#53 34 6 52 47 32 64 9 62 52 83 4 7 63 13 
#56 6 9 2 54 20 64 15 62 52 83 29 64 20 51 
#53 34 6 52 50 32 64 2 47 52 52 37 47 63 29 
#50 6 9 37 54 25 64 2 30 52 52 37 64 66 5 
#53 15 9 27 54 25 64 17 67 28 8 30 7 63 55 
#53 15 9 52 47 20 64 17 30 64 83 29 64 63 26 
#56 34 6 52 54 32 64 2 62 52 83 3 47 63 13 
#50 52 6 2 54 20 38 15 30 52 8 29 57 20 51 
28 48 40 43 10 52 
11 53 34 15 7 41 
36 42 37 45 29 12 
26 23 17 51 18 27 
19 22 39 13 57 46 
1 50 54 14 58 44 
#Base: 923
#Max: 741
#802817
#Turn 9
#50 34 9 37 35 20 48 17 47 18 83 29 47 63 30 
#50 22 26 37 35 25 64 15 62 28 59 7 57 63 2 
#56 34 5 52 47 25 64 15 62 35 59 4 44 63 51 
#56 34 9 52 47 20 64 17 62 64 83 4 57 20 51 
#53 34 9 52 47 32 64 17 36 64 83 4 7 63 51 
#53 6 9 52 54 20 64 15 62 52 83 3 7 20 51 
#56 34 45 2 54 20 64 15 62 52 59 7 64 20 51 
#56 34 49 37 35 32 64 2 62 52 59 7 57 63 23 
#50 34 49 37 54 25 48 9 62 35 83 7 57 63 29 
#38 34 9 37 35 20 48 9 30 35 83 7 64 20 55 
#50 38 6 52 54 25 64 2 30 64 83 29 7 63 26 
#53 34 6 37 47 25 64 2 36 64 83 4 57 63 26 
#53 28 9 52 47 32 64 17 30 52 83 4 57 20 51 
#56 28 9 27 54 25 38 15 62 64 83 7 57 66 51 
#53 28 6 52 16 25 38 2 62 52 83 7 57 66 51 
#53 28 49 37 35 20 64 15 67 52 83 7 64 66 51 
#53 15 49 52 35 20 64 15 62 52 83 30 57 66 51 
#53 34 49 52 54 32 64 15 67 52 83 30 57 63 51 
#53 34 6 52 54 32 64 15 67 64 83 30 57 63 23 
#53 34 49 39 54 25 64 2 62 64 83 30 57 17 26 
#56 6 49 52 54 25 64 2 67 52 8 30 57 63 51 
#50 22 49 52 54 25 48 9 62 52 8 7 57 66 51 
#50 22 45 52 54 20 64 9 62 52 83 37 57 63 55 
#53 38 45 52 16 20 64 9 62 64 83 37 57 63 51 
#53 15 9 52 47 20 64 15 30 52 52 29 64 63 5 
#56 38 9 27 54 32 64 17 36 64 8 30 44 63 13 
#53 6 6 52 54 32 64 2 47 52 8 30 47 63 29 
#56 34 49 37 16 32 64 2 30 52 83 37 47 63 2 
#56 38 49 37 54 32 64 15 62 52 83 3 64 63 13 
#56 6 6 52 54 32 64 15 62 52 52 30 64 66 13 
#53 34 9 52 54 32 48 17 47 18 83 29 7 63 26 
#56 22 9 37 35 20 64 15 62 28 83 7 64 63 51 
#56 34 5 37 29 25 64 15 62 52 59 7 44 63 2 
#56 52 9 52 47 25 64 9 62 35 83 4 57 20 30 
#56 34 9 52 47 20 48 17 36 64 83 4 57 20 51 
#56 34 45 52 47 25 64 15 30 52 83 4 7 63 55 
#53 34 6 52 54 20 64 2 47 64 83 3 7 63 26 
#56 34 6 52 54 20 64 15 62 64 83 29 44 20 26 
#56 28 45 37 29 36 64 17 62 52 59 4 64 20 23 
#53 52 49 52 35 32 48 9 62 35 83 7 57 63 51 
#56 34 9 37 54 20 38 2 62 64 83 30 57 66 51 
#53 28 45 52 35 25 64 15 62 35 83 7 57 66 29 
#53 38 49 52 54 25 64 2 30 28 83 29 64 63 5 
#53 34 49 52 35 20 64 15 36 52 83 7 44 63 26 
#56 28 49 52 47 36 64 17 62 52 83 30 57 66 23 
#53 34 49 52 54 20 64 15 62 52 83 7 57 66 51 
#56 34 6 27 54 25 38 15 62 64 83 30 57 66 23 
#53 34 6 52 47 20 64 2 67 52 83 30 57 66 26 
#53 6 49 37 54 20 64 2 62 18 83 30 64 63 5 
#56 4 49 52 35 25 64 15 67 52 8 7 7 63 51 
#53 6 49 52 54 32 48 15 62 52 83 7 57 66 23 
#56 34 45 52 16 20 64 9 62 52 83 37 57 63 51 
#53 34 6 52 47 32 64 17 62 64 83 29 64 63 23 
#53 34 49 52 47 32 48 15 67 52 83 37 44 17 5 
#50 38 9 52 54 14 64 2 36 64 83 30 64 63 13 
#56 4 49 27 54 25 64 7 62 64 8 7 57 63 51 
#50 34 4 52 50 20 64 2 62 52 83 7 47 66 29 
#56 38 49 52 16 25 64 9 62 52 83 37 57 63 51 
#56 34 9 52 54 32 64 2 30 64 83 29 64 63 26 
#53 6 6 52 47 32 64 15 62 52 52 37 44 66 5 
56 31 42 47 43 29 
2 35 13 16 8 37 
20 46 51 57 23 53 
40 18 45 17 22 39 
54 50 28 44 52 19 
21 3 58 15 41 7 
#Base: 923
#Max: 756
#819068
#50 22 9 52 35 20 64 15 62 28 83 7 47 63 29 
#53 38 9 37 35 20 64 2 62 28 83 7 64 63 51 
#53 38 6 52 47 25 64 2 30 52 83 30 64 66 5 
#53 34 49 52 47 20 64 2 36 52 83 30 44 66 26 
#53 6 49 52 54 32 64 15 36 52 52 7 64 66 26 
#56 34 5 52 47 25 64 15 30 52 83 4 44 63 55 
#56 28 45 27 54 25 38 15 62 64 83 7 7 66 55 
#56 15 9 27 54 20 38 15 62 64 83 30 57 66 51 
#50 15 49 52 54 25 64 15 62 52 83 30 57 63 51 
#56 34 6 52 54 20 48 9 62 64 83 29 57 63 29 
#56 6 6 52 54 25 38 2 67 52 83 30 57 66 51 
#56 34 45 27 54 25 64 9 62 64 83 37 57 63 51 
#56 34 45 52 16 20 64 9 62 52 83 37 57 63 51 
#56 38 45 52 16 20 64 9 62 52 83 37 57 63 51 
#53 34 49 52 47 32 64 9 62 64 83 37 57 63 5 
#56 34 9 37 54 32 38 2 67 64 83 30 57 66 23 
#53 34 49 52 54 32 64 15 62 64 83 30 57 63 51 
#53 34 49 52 54 32 64 15 67 52 83 30 57 66 51 
#50 34 45 52 54 20 64 9 67 52 83 37 57 63 55 
#53 22 45 52 54 32 48 9 62 52 83 37 57 63 51 
#53 38 9 52 54 14 48 15 36 52 83 30 57 63 23 
#53 6 49 37 54 32 48 15 62 52 83 3 57 63 23 
#56 28 49 37 47 32 64 15 62 52 83 3 57 63 23 
#53 34 49 52 47 36 64 17 62 64 83 29 57 66 23 
#53 34 6 52 54 32 64 17 62 64 83 29 57 17 26 
#50 34 49 52 47 20 64 9 62 52 8 7 57 20 51 
#56 34 9 52 54 20 64 17 62 64 83 29 57 63 51 
#53 28 49 52 35 20 64 15 67 64 83 29 64 66 26 
#53 28 45 52 35 25 64 15 67 52 83 7 64 66 51 
#53 28 45 52 35 25 64 2 62 35 83 7 57 63 29 
#50 34 5 52 50 20 64 15 62 35 83 7 47 63 29 
#56 34 45 37 47 20 64 15 62 52 83 7 64 63 55 
#53 28 49 52 54 25 64 2 62 28 83 29 64 66 51 
#53 15 49 52 47 20 64 15 67 52 83 30 57 66 51 
#50 34 49 52 35 20 48 15 62 35 83 7 57 63 29 
#56 34 6 52 54 20 64 15 62 64 52 29 44 66 13 
#56 34 5 52 47 25 64 2 62 35 59 4 44 63 51 
#56 34 6 27 54 25 64 15 30 64 83 4 7 66 55 
#56 34 9 52 54 25 38 9 62 64 83 7 57 66 51 
#53 15 49 52 35 20 64 9 62 52 83 30 57 63 51 
#53 38 49 52 16 20 48 9 62 64 83 7 57 63 29 
#53 34 6 52 54 32 64 15 67 52 83 37 44 17 5 
#56 6 9 52 54 20 64 2 67 64 8 30 57 66 51 
#53 34 6 52 54 25 38 15 67 64 83 30 57 66 23 
#56 34 49 52 16 20 64 15 62 52 83 7 57 63 51 
#53 34 49 52 16 25 64 9 67 52 83 30 57 63 51 
#50 38 45 52 54 20 64 9 62 64 83 37 57 63 51 
#53 34 49 52 35 32 48 9 67 35 83 37 57 63 51 
#56 38 9 52 54 20 64 2 62 64 83 30 64 66 13 
#53 34 49 52 54 32 64 15 62 52 83 30 57 66 23 
#53 34 49 52 54 20 64 15 62 52 83 7 64 63 51 
#53 34 49 52 47 36 64 15 62 52 83 30 57 66 23 
#53 22 6 52 54 20 64 9 62 64 83 37 64 63 55 
#53 34 49 52 35 32 64 2 62 64 83 30 57 17 51 
#50 38 9 52 54 14 64 2 62 64 8 30 64 66 51 
#56 6 49 52 54 20 64 17 62 52 83 4 57 20 23 
#56 38 9 37 54 32 64 2 30 52 83 29 64 63 26 
#56 28 49 37 47 20 64 15 62 52 83 7 57 66 23 
#53 28 6 52 47 25 64 17 62 64 83 7 64 63 23 
#56 34 49 39 35 32 64 2 62 52 83 7 57 63 26 
#Base: 923
#Max: 763
#826652
