#[0] 3, 3
#[1] 4, 3
#[2] 3, 4
#[3] 3, 2
#[4] 2, 3
#[5] 2, 4
#[6] 1, 3
#[7] 2, 2
#[8] 3, 1
#[9] 4, 4
#[10] 5, 3
#[11] 3, 5
#[12] 4, 2
#[13] 3, 0
#[14] 5, 4
#[15] 4, 5
#[16] 5, 2
#[17] 4, 1
#[18] 0, 3
#[19] 1, 4
#[20] 2, 1
#[21] 1, 2
#[22] 2, 5
#[23] 0, 4
#[24] 5, 1
#[25] 0, 2
#[26] 5, 5
#[27] 1, 5
#[28] 2, 0
#[29] 1, 1
#[30] 4, 0
#[31] 0, 5
#[32] 1, 0
#[33] 0, 1
#[34] 5, 0
#[35] 0, 0
#Turn 0
32 1 21 7 44 48 
14 36 56 37 38 47 
53 15 22 42 26 57 
45 18 54 43 2 30 
31 29 25 3 19 59 
17 8 34 13 0 24 
#Base: 915
#Max: 354
#386885
#Turn 1
#39 33 13 22 2 36 41 3 21 17 4 20 10 27 41 
#29 33 22 22 2 41 19 15 28 31 4 20 8 1 41 
#23 16 28 23 3 17 19 7 15 31 22 33 8 3 46 
#34 11 1 9 3 32 44 21 16 44 16 9 38 18 46 
#34 11 1 32 19 7 44 28 6 37 16 36 38 18 18 
#2 6 15 2 16 5 1 34 47 57 20 17 8 29 32 
#2 6 14 58 41 20 25 8 17 28 12 17 8 40 32 
#17 1 63 58 41 20 21 8 49 10 12 1 35 2 1 
#7 8 63 34 24 6 38 7 49 9 7 23 41 13 49 
#2 49 2 13 49 6 20 9 44 37 7 14 10 35 49 
#35 23 20 2 4 1 5 5 23 10 42 26 9 4 22 
#22 42 20 19 51 1 15 13 14 27 12 9 9 4 22 
#38 37 3 9 0 14 0 13 65 18 12 9 48 4 7 
#13 31 3 21 4 65 0 9 2 18 15 15 48 63 7 
#28 31 2 21 3 65 9 8 31 1 41 26 0 14 36 
#22 26 12 7 1 5 43 26 0 14 62 30 20 36 5 
#11 35 0 0 3 13 10 26 66 1 51 46 29 1 5 
#19 15 22 0 3 18 42 5 13 9 4 2 3 70 16 
#10 0 3 2 43 18 42 21 38 20 7 2 12 70 16 
#10 0 22 2 40 39 68 1 16 20 13 8 58 5 16 
#1 44 12 8 24 2 13 7 33 36 53 7 56 7 18 
#34 8 6 20 24 2 13 48 13 31 21 4 56 7 15 
#12 9 0 19 29 69 14 7 13 21 39 44 13 6 32 
#12 9 18 64 3 69 14 9 39 3 18 44 13 6 2 
#27 21 25 64 3 19 5 31 17 7 18 33 18 42 20 
#31 46 6 44 19 12 6 18 12 25 12 25 36 20 25 
#23 63 12 2 37 9 10 21 7 25 12 25 56 20 21 
#23 13 7 10 24 9 6 21 5 28 30 37 10 15 12 
#6 29 38 10 58 25 5 56 22 26 15 37 23 15 20 
#6 10 38 9 12 25 5 52 22 17 15 0 23 35 20 
#41 16 13 2 16 5 8 27 21 57 20 24 5 27 4 
#39 6 22 41 16 22 41 3 28 28 4 17 10 40 32 
#17 18 13 58 53 20 19 15 17 10 12 1 8 3 14 
#23 8 63 34 24 32 59 7 16 9 20 4 4 4 1 
#34 2 10 9 49 7 44 21 13 10 16 9 38 18 41 
#1 49 4 13 1 27 20 0 6 37 6 14 10 27 13 
#35 16 15 2 25 3 5 27 23 19 20 26 5 29 23 
#2 23 20 19 16 1 15 5 14 10 17 52 8 40 22 
#17 1 3 58 41 14 25 13 65 10 12 1 24 4 5 
#13 37 3 5 4 21 21 7 13 9 15 7 48 2 7 
#2 2 10 21 49 6 38 9 2 1 11 23 43 13 49 
#16 49 2 13 52 35 20 8 44 37 5 26 10 35 13 
#22 27 12 7 23 3 43 0 13 14 62 16 1 32 16 
#11 26 20 29 1 1 15 5 14 10 51 52 20 1 22 
#38 42 3 0 3 13 25 13 66 5 12 9 24 4 5 
#13 15 3 2 10 11 0 35 13 18 7 7 3 63 7 
#2 0 3 21 3 65 26 9 2 20 11 2 12 5 16 
#28 3 22 19 52 39 9 1 31 9 41 8 58 14 8 
#22 44 12 8 23 8 43 0 13 36 62 16 15 33 18 
#1 8 61 29 1 5 10 26 0 31 51 7 56 7 5 
#19 35 6 0 3 13 25 4 66 5 39 4 29 9 32 
#12 15 0 4 10 18 14 7 39 12 5 2 13 70 2 
#27 0 18 15 43 3 68 9 38 3 13 33 12 5 16 
#3 3 22 2 46 39 16 1 16 7 14 5 30 11 59 
#15 44 6 44 19 5 3 18 33 13 53 37 15 33 25 
#31 33 8 20 24 23 6 48 39 31 21 25 56 20 21 
#34 63 7 19 24 9 10 4 7 28 30 20 10 40 12 
#18 13 0 4 29 9 6 7 39 26 5 37 10 15 42 
#6 29 38 9 3 25 5 9 17 3 18 33 18 35 20 
#3 10 25 23 23 19 36 31 1 17 9 5 30 11 59 
40 42 15 20 24 53 
5 6 54 16 52 3 
56 14 28 19 49 12 
22 18 13 23 8 33 
17 41 26 7 38 55 
34 50 48 9 47 44 
#Base: 915
#Max: 406
#443716
#Turn 2
#22 2 12 7 49 6 43 9 13 14 11 23 43 32 16 
#22 26 12 7 23 3 43 0 0 14 62 16 20 32 5 
#22 26 12 7 24 2 43 26 33 14 53 7 56 7 5 
#1 44 12 64 24 19 13 7 33 7 18 7 56 42 18 
#3 3 22 2 3 39 16 31 16 7 14 5 18 42 59 
#2 6 14 58 16 5 1 8 17 28 12 17 8 40 32 
#2 6 14 58 19 5 25 18 33 13 53 17 15 33 25 
#11 44 6 44 3 5 10 26 33 13 53 37 29 1 5 
#27 0 0 15 3 3 10 26 66 1 51 46 12 5 16 
#27 11 18 9 43 3 44 21 38 44 16 9 12 5 46 
#28 63 2 21 3 65 9 4 31 28 30 20 10 40 12 
#6 29 38 10 3 25 5 56 22 1 15 26 23 14 20 
#10 0 38 10 58 39 68 56 22 20 13 8 23 5 16 
#1 0 22 29 1 5 10 26 0 20 51 8 58 5 5 
#38 37 61 9 1 5 0 13 65 31 12 9 56 4 5 
#12 0 0 2 29 18 42 21 38 21 39 2 13 6 16 
#10 31 3 21 43 18 0 21 2 18 15 15 12 70 7 
#12 9 18 64 3 69 0 9 39 18 15 15 48 6 7 
#12 9 63 64 24 6 14 9 39 9 7 23 13 6 2 
#23 8 63 34 24 6 38 7 16 9 20 23 41 4 1 
#19 15 2 0 52 35 42 5 44 9 4 2 3 35 13 
#16 49 2 2 52 9 10 21 44 25 12 26 56 35 13 
#17 63 63 2 37 9 10 21 7 25 12 25 56 2 1 
#17 1 3 58 41 14 21 13 65 10 12 1 35 4 1 
#17 1 8 58 24 14 25 48 39 31 12 25 56 4 5 
#19 2 6 9 49 7 25 21 13 5 39 4 38 18 41 
#22 44 12 0 23 8 25 0 66 5 62 4 15 9 18 
#2 49 12 13 49 6 43 0 13 36 62 16 15 35 49 
#2 3 22 13 49 39 20 1 44 9 41 14 10 14 8 
#38 3 22 19 52 13 9 13 66 9 12 8 24 14 5 
#2 6 10 21 16 6 1 34 47 1 11 17 43 29 49 
#22 6 14 58 41 20 25 8 17 14 12 16 1 40 32 
#22 26 6 44 19 5 43 26 33 13 53 30 15 36 5 
#11 44 0 8 24 13 10 7 33 36 53 7 56 1 18 
#27 0 18 64 43 3 68 9 17 3 13 33 12 5 16 
#3 11 1 2 46 39 16 1 16 44 14 5 30 18 59 
#2 63 7 2 24 5 1 34 47 28 30 20 10 29 32 
#28 31 14 21 41 20 25 8 17 1 12 17 0 14 32 
#15 29 38 44 19 5 3 56 33 26 15 37 23 33 25 
#11 35 22 0 3 13 10 1 66 20 51 46 58 1 5 
#1 0 18 29 43 3 68 26 38 31 51 7 12 7 16 
#34 11 1 9 0 14 0 21 65 18 16 9 48 4 46 
#34 9 0 19 29 9 14 7 7 28 30 20 10 40 12 
#28 31 2 21 43 18 9 8 38 1 41 26 12 70 16 
#6 29 38 10 4 25 5 56 2 26 15 37 48 63 20 
#12 9 22 64 40 69 68 9 39 3 13 44 58 5 2 
#1 8 61 29 24 5 38 26 0 9 7 23 56 7 5 
#38 37 63 9 24 14 0 13 16 18 12 9 4 4 7 
#12 9 22 0 29 18 42 7 13 9 39 44 3 70 32 
#10 49 3 2 43 18 42 8 38 20 7 26 12 35 16 
#23 63 12 2 4 65 0 9 2 18 12 25 48 20 7 
#17 9 18 64 3 69 14 8 49 3 12 1 13 2 1 
#7 8 63 58 24 6 38 13 49 9 12 23 24 13 5 
#23 8 8 34 24 32 59 7 39 9 21 4 56 20 21 
#19 15 22 9 49 7 44 21 13 9 16 2 3 18 16 
#16 35 6 13 52 35 25 4 66 5 39 4 29 35 13 
#22 63 12 8 37 8 10 0 13 36 62 25 15 33 21 
#17 49 2 58 49 20 20 8 49 10 7 14 35 2 49 
#17 1 22 58 52 39 9 13 31 10 41 8 24 4 8 
#31 33 8 0 3 23 6 13 39 31 12 25 24 4 5 
29 2 38 24 53 32 
33 36 48 22 21 58 
8 43 17 39 57 26 
40 44 14 45 27 55 
41 50 3 12 10 51 
46 23 52 34 56 18 
#Base: 915
#Max: 457
#499454
#Turn 3
#22 3 12 19 52 13 43 26 66 9 53 7 56 14 5 
#22 29 38 7 19 2 3 26 33 26 53 37 23 33 5 
#17 29 38 58 19 14 3 48 39 31 12 25 23 4 5 
#23 8 8 34 24 14 25 7 39 31 12 25 56 20 5 
#23 26 8 34 24 32 43 7 33 13 21 30 56 20 21 
#11 63 0 8 24 5 10 7 33 36 30 20 10 29 32 
#2 9 7 0 29 5 42 7 47 9 39 44 3 29 32 
#17 9 22 0 29 18 10 7 13 9 12 25 56 70 1 
#16 49 2 2 37 9 10 21 7 25 12 25 56 35 1 
#16 1 2 2 52 9 10 13 44 25 41 26 56 4 8 
#27 31 2 15 3 3 9 26 38 1 41 26 12 5 16 
#28 9 2 21 43 69 0 9 39 1 15 15 12 6 16 
#12 35 22 64 3 69 10 1 39 18 15 15 48 6 7 
#17 35 2 58 3 13 10 8 49 10 7 46 58 1 49 
#22 44 2 58 49 20 20 8 49 5 62 14 35 2 18 
#6 29 18 10 43 3 5 56 2 31 15 7 12 63 16 
#6 29 61 9 1 25 0 13 2 26 12 9 48 4 20 
#38 9 61 64 40 5 0 13 39 31 13 9 58 5 5 
#2 9 22 13 49 69 68 9 39 3 13 44 15 35 49 
#2 49 6 13 52 6 25 0 13 5 39 4 29 35 13 
#23 11 12 2 4 65 0 21 65 18 16 25 48 20 46 
#1 44 12 64 4 65 13 7 2 18 18 25 48 42 18 
#10 0 38 10 24 19 68 56 22 20 18 7 56 5 18 
#28 63 38 21 58 39 9 4 22 20 30 20 10 5 16 
#28 9 2 21 3 69 9 8 31 3 12 20 10 2 1 
#17 8 61 29 41 5 38 13 65 9 12 23 35 4 5 
#7 8 3 58 24 6 21 13 49 9 12 23 35 4 1 
#7 0 63 64 43 3 38 13 17 3 13 33 24 5 16 
#22 0 18 8 37 8 68 0 17 3 62 25 15 33 16 
#12 63 63 8 37 6 14 9 13 36 7 23 13 6 2 
#38 44 0 19 52 13 10 7 33 36 53 8 56 1 18 
#2 63 7 7 24 2 43 34 33 14 30 7 10 29 5 
#12 9 22 44 19 5 42 7 13 26 15 44 23 33 32 
#17 1 8 2 24 14 10 21 7 31 12 25 56 2 1 
#23 8 8 2 24 9 10 7 44 9 21 26 56 20 21 
#17 26 6 58 19 39 9 13 33 13 53 8 15 36 8 
#27 44 0 8 3 3 10 26 33 36 51 7 56 5 16 
#28 31 7 2 24 5 9 34 38 28 41 26 12 70 32 
#12 9 18 0 3 69 42 9 13 9 15 44 48 70 32 
#11 63 63 2 37 9 10 21 66 20 51 25 58 1 5 
#17 49 2 58 52 20 20 8 44 25 7 26 56 35 49 
#17 1 12 0 52 8 9 0 31 10 41 4 24 9 18 
#1 0 18 15 43 3 68 26 38 31 51 7 12 7 16 
#6 31 2 21 4 25 5 8 2 26 15 26 48 63 20 
#12 9 18 9 1 69 0 13 65 31 15 15 56 6 7 
#12 9 22 64 3 13 10 9 66 20 51 46 58 1 5 
#17 49 12 58 49 20 20 8 13 10 7 14 15 35 49 
#16 35 6 13 52 35 25 0 66 5 39 4 29 35 13 
#34 0 18 9 43 3 0 26 65 31 16 9 12 4 46 
#6 29 12 2 4 65 5 56 2 26 12 25 48 63 7 
#38 44 12 64 1 5 13 7 33 31 18 9 56 42 18 
#10 9 38 10 58 39 68 9 39 3 13 8 58 5 2 
#2 63 2 13 3 65 9 0 13 36 30 16 10 35 49 
#16 9 6 64 3 69 25 4 66 3 12 1 13 35 13 
#1 8 1 29 24 5 38 21 0 18 7 23 48 7 46 
#23 63 3 2 41 14 21 13 2 18 12 25 35 20 1 
#1 44 63 64 24 6 38 13 33 7 12 7 56 13 5 
#10 0 18 10 43 39 68 9 17 20 13 8 12 5 16 
#22 63 2 21 37 8 10 4 31 36 30 25 15 40 21 
#12 9 63 64 3 69 14 8 49 3 12 1 13 2 1 
48 15 37 30 47 2 
58 42 44 0 22 46 
28 52 56 38 17 25 
21 14 45 39 40 53 
29 50 49 18 59 12 
35 27 13 51 20 23 
#Base: 915
#Max: 468
#511475
#Turn 4
#34 29 18 9 43 3 0 56 65 31 15 9 12 4 46 
#6 29 7 10 43 5 9 34 2 31 41 26 12 63 16 
#38 31 7 2 52 13 10 7 33 28 53 8 12 1 32 
#38 44 0 13 52 13 10 0 33 36 53 8 29 35 18 
#17 29 38 58 52 35 25 0 39 5 12 4 23 35 5 
#1 0 18 21 43 3 68 4 38 31 51 7 12 7 21 
#1 0 18 15 1 3 0 26 65 31 15 15 56 7 7 
#22 9 18 9 52 13 43 13 66 31 53 7 56 14 5 
#10 0 38 10 52 19 68 26 22 20 18 7 56 5 18 
#10 49 38 58 49 20 20 8 13 10 7 7 56 5 18 
#2 63 2 13 3 8 68 0 17 3 62 16 15 33 49 
#1 63 63 64 3 6 9 0 33 36 30 16 56 13 49 
#12 44 18 0 3 69 38 13 13 7 15 44 56 70 32 
#38 9 18 0 3 5 0 9 13 31 13 9 48 70 5 
#17 9 61 29 40 5 0 13 39 31 13 23 58 4 5 
#1 44 2 58 49 20 13 8 2 5 18 14 48 42 18 
#12 9 22 64 3 13 20 8 66 5 62 14 35 2 18 
#11 63 63 2 37 13 10 9 66 20 51 25 58 1 5 
#11 63 63 2 37 9 20 8 44 25 7 26 56 35 49 
#16 9 6 64 3 20 25 8 66 25 7 26 56 35 13 
#12 63 63 8 1 6 14 9 33 31 7 23 13 6 2 
#6 44 12 64 4 65 5 7 33 26 12 25 48 63 7 
#6 9 22 2 4 69 5 9 2 26 13 25 15 35 49 
#12 9 22 64 3 69 68 9 49 3 13 44 13 35 1 
#12 9 63 64 3 69 10 8 49 18 12 15 48 2 7 
#7 26 6 58 43 3 38 13 33 13 13 33 15 5 8 
#17 0 2 64 3 13 10 8 49 3 7 46 58 5 16 
#10 35 38 58 58 13 68 8 39 3 7 46 58 5 2 
#23 11 12 2 58 65 68 9 65 3 13 8 48 5 46 
#23 11 38 21 4 65 0 21 22 20 30 25 48 5 46 
#22 63 2 9 43 8 0 26 31 36 30 9 12 40 21 
#6 29 18 15 43 3 5 56 38 31 15 7 12 7 16 
#12 9 18 2 1 5 9 13 38 31 41 15 12 6 7 
#22 3 0 19 52 13 10 7 33 9 53 7 56 1 5 
#16 35 6 13 52 35 68 0 22 5 39 4 56 5 13 
#17 49 38 58 49 14 20 48 13 10 12 14 15 35 49 
#22 0 18 8 37 8 68 4 31 3 62 25 15 33 16 
#1 63 2 15 43 3 68 26 38 36 30 16 10 35 16 
#1 9 18 9 1 69 38 13 65 7 15 15 56 6 7 
#12 9 12 0 3 69 43 26 13 9 53 44 48 14 5 
#10 0 38 64 24 5 0 56 39 20 18 7 58 5 5 
#17 49 61 29 49 20 20 13 65 10 7 23 35 4 49 
#22 0 18 64 4 8 13 7 17 3 62 25 48 33 16 
#22 63 2 13 3 65 9 0 49 5 30 14 35 2 49 
#12 9 63 64 24 13 10 9 66 20 51 46 58 13 5 
#11 63 18 0 3 69 42 21 66 20 15 44 48 70 32 
#17 9 2 58 52 5 20 8 39 31 13 9 56 35 49 
#16 8 6 64 41 5 38 4 66 9 12 1 35 35 13 
#12 63 12 8 4 65 13 9 13 36 7 23 48 42 2 
#38 44 2 64 1 20 13 7 33 5 62 9 56 2 18 
#6 9 22 2 4 13 5 9 66 20 12 25 58 63 5 
#11 63 63 2 49 69 10 9 66 3 13 44 15 35 49 
#12 9 63 64 3 20 20 8 44 25 7 26 13 2 1 
#16 9 6 64 3 69 10 1 39 18 12 15 48 6 13 
#12 26 6 58 37 39 14 13 33 36 7 8 13 6 2 
#38 44 12 64 43 5 38 7 33 31 13 9 56 5 16 
#6 29 2 2 4 13 5 56 49 10 12 46 58 1 7 
#2 9 22 10 58 39 68 9 39 3 13 44 15 5 49 
#12 9 12 2 4 69 0 8 65 3 12 1 13 20 1 
#28 63 38 21 58 39 9 1 39 18 30 20 48 5 16 
29 9 16 55 19 38 
8 48 46 17 49 0 
40 57 12 27 11 43 
7 23 28 45 44 41 
47 37 24 51 18 35 
3 34 10 21 59 39 
#Base: 915
#Max: 522
#570492
#Turn 5
#10 11 38 21 49 65 0 8 22 10 30 25 48 5 46 
#10 49 22 64 49 13 20 8 13 10 7 14 35 2 18 
#38 44 22 64 43 13 38 7 66 5 62 9 56 5 18 
#38 9 12 64 43 20 38 8 33 25 13 9 56 5 16 
#16 9 6 64 1 69 38 8 65 25 7 26 56 35 7 
#12 0 38 8 52 19 68 9 13 20 7 7 56 5 18 
#17 63 2 8 4 5 13 9 13 36 13 9 56 35 49 
#17 63 2 2 37 13 20 8 39 20 13 9 58 35 5 
#38 63 2 64 37 13 13 9 33 5 51 9 56 2 5 
#34 29 18 64 1 20 0 56 65 5 62 9 56 4 18 
#2 9 38 10 24 39 0 9 39 20 13 7 15 5 5 
#2 44 18 0 3 69 68 9 13 7 15 44 56 5 32 
#10 44 18 0 58 69 68 8 39 7 7 44 56 70 2 
#10 35 38 58 3 6 9 8 39 3 30 16 58 13 49 
#1 63 2 64 3 65 9 0 49 36 30 16 35 2 49 
#12 9 22 9 3 13 68 9 66 3 13 44 13 35 1 
#12 9 12 64 58 69 68 9 49 3 13 44 13 35 1 
#11 63 12 0 58 65 42 9 65 3 15 8 48 70 32 
#11 9 18 0 24 69 42 9 66 20 51 44 58 13 5 
#12 9 63 29 24 13 10 9 66 10 7 46 35 13 49 
#1 8 6 15 41 3 68 4 66 9 12 1 35 35 13 
#1 9 63 64 43 3 10 26 49 18 30 16 48 35 7 
#11 9 63 2 49 69 10 9 49 3 12 15 15 35 7 
#11 63 63 2 49 9 20 8 66 3 7 26 56 35 49 
#11 49 63 2 49 9 20 48 44 25 12 26 56 35 49 
#38 44 6 13 52 35 68 0 22 36 53 8 29 5 13 
#2 63 2 13 52 35 68 0 17 3 39 16 56 33 13 
#6 63 12 64 4 65 68 0 33 3 12 25 15 63 7 
#28 44 12 21 58 65 9 7 39 26 30 25 48 63 7 
#12 9 38 21 3 39 9 26 39 18 30 20 48 5 5 
#23 11 38 10 4 65 68 21 22 20 30 25 56 5 18 
#10 49 12 58 49 20 13 9 13 36 7 23 48 42 18 
#12 9 2 64 3 13 20 8 39 31 13 14 35 35 18 
#38 44 63 64 37 5 38 9 33 31 51 9 58 1 16 
#16 44 2 64 3 20 25 7 66 5 7 9 56 2 13 
#1 9 18 9 1 69 0 56 65 31 15 9 12 4 46 
#10 0 38 64 24 5 0 56 22 20 18 7 58 5 18 
#2 63 22 8 4 65 13 9 13 3 7 44 15 5 49 
#17 44 2 0 52 69 20 8 13 7 13 44 56 70 32 
#10 35 38 58 58 13 10 8 39 3 7 46 58 5 2 
#38 63 63 64 3 20 9 0 33 36 30 16 56 13 49 
#34 63 2 13 3 65 0 56 49 5 30 9 35 2 49 
#22 0 38 64 24 5 43 13 66 20 53 7 58 5 5 
#12 9 22 64 58 39 68 9 49 3 13 44 13 5 1 
#23 44 18 0 58 65 38 13 65 3 15 8 56 5 46 
#11 63 38 0 3 13 42 8 66 3 7 46 58 5 32 
#1 63 63 64 24 13 9 9 66 20 30 16 56 13 49 
#22 49 2 29 49 65 9 13 49 10 7 14 35 2 49 
#16 8 6 64 52 13 38 4 66 31 53 1 35 14 5 
#1 63 22 64 3 3 68 26 49 36 13 16 10 35 1 
#12 9 12 2 58 65 68 9 65 3 13 15 48 2 46 
#11 63 18 2 49 69 10 9 66 3 15 44 15 35 49 
#12 9 63 2 24 13 10 8 66 20 51 26 56 35 5 
#17 49 61 29 49 20 20 13 13 10 7 23 35 4 49 
#38 44 6 13 41 5 10 0 66 9 53 1 29 35 18 
#16 63 2 15 43 35 68 26 22 36 30 4 10 5 13 
#2 63 2 64 3 8 68 8 17 18 62 15 15 33 7 
#6 63 63 2 49 69 10 9 66 26 12 44 48 35 49 
#28 63 38 21 58 9 9 8 44 18 7 26 56 35 16 
#17 9 38 0 3 14 43 26 13 10 53 14 15 35 5 
47 30 21 4 26 25 
11 58 42 33 18 45 
48 41 16 40 2 49 
28 23 46 57 17 51 
8 14 44 12 27 38 
52 43 50 24 9 56 
#Base: 915
#Max: 551
#602186
#Turn 6
#23 11 2 10 4 65 68 13 49 20 30 25 56 5 49 
#23 11 38 64 43 3 68 21 49 20 30 16 56 35 18 
#1 9 6 64 43 69 38 26 49 25 30 16 48 35 7 
#16 63 6 64 1 69 68 8 65 25 39 16 56 35 13 
#38 44 6 13 52 35 68 0 22 3 53 8 29 33 13 
#2 63 38 0 3 69 68 8 13 7 7 26 56 35 32 
#22 63 38 21 58 9 43 13 66 18 7 7 58 35 16 
#38 44 38 64 37 5 38 13 33 31 53 9 58 1 5 
#38 44 18 0 37 69 42 9 33 20 51 9 58 13 16 
#11 63 18 0 3 69 42 8 66 3 7 44 58 13 32 
#34 63 2 64 52 65 38 4 49 31 53 9 35 14 49 
#34 63 12 13 58 69 0 56 49 3 13 9 35 35 1 
#12 63 12 64 58 69 68 9 33 3 13 16 56 13 49 
#38 44 63 64 3 13 9 7 33 5 62 9 56 13 18 
#1 63 22 64 43 3 68 7 66 5 62 16 56 35 18 
#28 63 12 2 58 9 20 8 39 3 7 25 48 63 7 
#11 63 63 2 24 13 9 8 66 3 7 16 56 13 49 
#6 63 63 2 49 13 9 9 66 20 12 44 48 35 49 
#6 63 63 2 58 65 42 9 66 26 15 44 48 70 49 
#11 63 12 2 49 69 10 9 65 3 15 44 15 70 32 
#38 63 2 64 3 13 9 0 49 36 30 16 56 2 49 
#23 63 18 0 3 65 9 0 49 36 15 8 35 2 49 
#10 44 18 0 58 69 38 8 39 3 15 44 56 5 2 
#10 63 18 64 4 65 68 8 33 7 7 44 15 70 7 
#6 63 2 0 52 69 20 0 33 7 13 44 15 63 7 
#12 9 22 2 24 13 10 9 49 3 51 44 13 35 1 
#12 9 12 2 58 39 68 9 49 3 13 44 13 2 46 
#11 9 12 2 58 65 20 48 65 25 12 26 56 35 46 
#11 29 18 2 49 20 0 48 65 25 12 9 56 35 49 
#2 29 2 64 3 8 68 56 17 5 62 9 56 4 18 
#22 44 2 0 49 65 9 9 13 10 7 14 56 2 49 
#28 63 38 10 4 65 9 21 22 20 30 25 56 5 16 
#22 9 38 64 43 3 10 26 66 20 30 7 48 5 7 
#16 44 63 64 1 5 38 9 65 25 7 26 56 35 7 
#11 9 2 13 24 69 68 9 17 3 39 44 58 33 5 
#11 63 6 13 52 13 42 0 66 36 53 8 29 5 32 
#2 44 6 64 3 13 68 9 66 7 15 44 35 14 5 
#28 63 2 21 3 65 0 56 49 5 7 26 35 2 49 
#12 9 38 64 58 5 68 9 49 3 13 44 13 35 5 
#38 44 63 64 37 5 9 9 33 31 51 9 58 1 16 
#11 9 22 0 43 13 42 7 66 20 62 44 56 13 18 
#11 63 22 64 3 13 68 26 66 3 13 46 58 5 32 
#16 8 6 21 58 65 38 7 39 31 53 1 35 63 7 
#34 63 63 13 3 9 0 8 66 3 7 26 35 2 49 
#1 63 12 64 58 69 68 9 66 20 13 16 13 35 1 
#6 63 63 64 3 69 10 9 33 26 30 44 56 35 49 
#38 44 22 0 43 65 42 7 65 5 15 8 48 5 32 
#11 63 22 2 3 3 68 26 66 36 13 44 10 35 1 
#38 63 12 64 37 13 13 7 33 5 30 25 48 2 5 
#1 63 63 64 49 65 20 8 66 3 30 26 56 35 49 
#1 44 63 64 58 65 9 13 66 20 30 8 56 13 49 
#10 63 18 2 49 69 10 9 39 26 7 44 48 35 2 
#6 63 12 64 58 65 68 9 65 3 12 8 15 63 32 
#11 63 18 2 49 69 10 8 66 3 15 44 56 70 32 
#12 63 2 64 37 13 10 8 33 20 51 26 56 2 5 
#12 63 2 64 58 65 68 0 49 3 13 44 13 5 1 
#23 44 12 2 58 65 38 9 65 3 15 15 48 5 46 
#10 49 63 0 49 69 68 8 44 7 12 44 56 70 2 
#6 29 12 64 4 65 0 0 33 5 12 25 15 4 7 
#2 44 2 64 3 69 20 8 13 18 62 15 15 70 7 
51 59 9 1 2 20 
46 5 33 10 6 42 
8 39 3 52 45 11 
23 12 50 18 57 44 
13 27 41 49 14 17 
0 7 19 53 55 56 
#Base: 915
#Max: 626
#684153
#Turn 7
#2 63 2 2 3 69 10 8 39 26 62 44 48 35 2 
#11 63 18 64 3 69 42 8 66 3 62 15 15 13 7 
#11 11 38 0 43 69 42 8 49 3 7 44 56 35 18 
#1 9 6 64 43 69 68 21 49 20 30 16 48 35 7 
#1 63 6 64 3 13 9 0 49 25 30 16 56 35 49 
#2 63 22 0 3 69 68 8 13 7 15 26 56 35 32 
#16 63 38 64 3 5 38 8 13 7 7 26 56 35 32 
#34 63 63 64 1 5 38 9 49 25 53 26 35 14 7 
#34 63 38 64 52 65 43 4 66 31 7 9 58 35 49 
#16 8 6 21 58 65 43 7 66 18 7 7 58 63 7 
#38 44 63 64 37 5 42 9 33 31 51 9 58 1 16 
#16 63 6 64 37 69 68 9 65 31 39 9 58 35 13 
#6 63 12 64 58 65 68 8 65 25 39 16 56 63 32 
#6 63 63 64 58 65 10 9 65 26 12 44 56 63 32 
#6 63 63 64 58 69 10 9 49 26 30 44 35 35 49 
#10 63 12 64 58 69 68 9 33 7 13 44 56 70 49 
#12 63 63 64 58 65 68 9 33 20 30 8 56 13 49 
#1 44 63 64 58 65 9 13 66 20 30 44 56 70 49 
#10 49 63 0 58 65 68 9 44 7 15 44 56 70 2 
#1 63 12 64 49 69 68 8 66 7 13 16 56 70 2 
#11 9 63 64 3 65 20 7 65 25 62 9 56 13 46 
#11 63 22 2 3 13 68 26 66 25 13 46 58 35 46 
#1 63 63 64 49 65 68 8 66 3 13 46 56 5 32 
#1 63 63 64 49 3 68 7 66 5 62 16 56 35 18 
#6 63 22 64 49 3 68 9 66 20 62 16 48 35 18 
#38 44 2 10 37 65 68 13 49 31 53 9 58 5 49 
#38 63 12 64 49 5 38 13 33 31 15 44 15 1 32 
#11 63 18 2 49 69 10 8 65 3 15 44 15 70 32 
#12 63 2 64 58 69 10 0 66 3 13 44 13 70 32 
#23 44 2 2 58 65 68 9 49 3 13 44 13 5 46 
#10 44 18 0 43 69 10 7 39 5 7 44 48 35 32 
#2 63 38 64 3 69 68 8 13 18 62 26 15 35 7 
#11 63 63 0 3 5 42 8 65 25 7 44 58 13 7 
#34 11 2 64 52 65 38 4 49 31 30 9 35 14 49 
#1 63 6 64 43 69 38 26 66 25 30 16 48 35 7 
#16 8 6 21 58 65 38 7 39 36 30 1 35 2 7 
#38 44 18 0 43 65 42 7 65 20 51 8 58 13 16 
#2 63 63 64 37 69 9 8 33 7 51 9 56 35 32 
#16 63 6 64 1 5 68 9 65 25 39 16 56 35 7 
#34 63 2 64 58 65 38 9 49 3 12 8 15 14 32 
#22 63 63 21 3 9 43 13 66 18 7 7 56 35 16 
#34 63 6 21 58 65 0 7 49 3 13 1 35 63 1 
#10 63 18 64 4 69 42 8 33 7 51 9 15 70 7 
#12 63 12 64 37 5 68 9 33 31 13 16 56 13 49 
#1 63 63 64 1 65 9 8 65 20 30 8 56 13 13 
#6 63 63 64 58 65 68 9 66 26 12 8 48 63 32 
#10 49 63 64 3 69 10 9 33 26 30 44 56 35 49 
#34 63 12 64 58 69 0 9 66 20 13 9 13 35 1 
#10 44 63 64 3 65 9 8 33 5 62 9 15 70 18 
#11 63 12 2 58 65 20 48 65 25 12 26 56 13 46 
#11 44 22 64 3 13 9 13 66 3 30 46 56 13 49 
#1 63 63 64 58 65 42 9 66 3 15 44 48 35 49 
#1 49 22 64 43 69 68 7 44 7 12 16 56 70 18 
#6 63 12 64 49 13 68 9 66 20 13 16 13 35 1 
#23 44 63 64 4 65 9 7 49 20 30 25 56 5 49 
#11 9 38 64 37 65 38 13 33 31 53 26 58 35 5 
#11 63 12 2 49 13 10 26 65 3 15 46 58 5 32 
#11 63 18 2 49 69 20 8 66 3 30 44 56 70 32 
#12 63 2 64 58 3 68 7 66 3 13 16 13 35 1 
#6 63 63 2 49 65 9 9 66 3 12 15 48 35 49 
33 36 55 37 49 3 
48 21 25 8 34 31 
10 28 22 15 51 20 
18 16 13 45 12 11 
44 57 19 17 14 24 
7 54 46 23 52 59 
#Base: 915
#Max: 652
#712568
#Turn 8
#38 11 2 0 43 65 38 4 65 20 51 8 58 13 16 
#38 44 38 64 43 65 42 13 65 31 53 8 58 35 5 
#2 9 38 64 37 65 38 13 33 31 51 26 58 35 5 
#2 63 12 64 37 65 20 8 65 7 51 9 56 13 32 
#11 63 6 2 43 65 68 48 49 20 30 16 56 13 46 
#11 44 22 2 3 65 9 26 66 25 62 46 58 35 18 
#38 63 2 2 3 65 68 13 66 25 53 9 58 35 49 
#34 63 38 10 52 65 43 13 66 31 7 9 58 5 49 
#1 63 38 64 43 69 38 26 66 25 30 16 48 35 49 
#2 63 6 64 3 69 68 8 66 25 62 16 15 35 7 
#38 44 63 64 37 5 10 0 66 3 13 44 58 1 32 
#12 63 63 64 49 69 10 8 66 3 13 44 13 70 32 
#1 63 63 64 58 65 68 9 66 7 13 46 56 5 49 
#10 63 63 64 58 69 68 9 33 7 15 44 48 70 49 
#11 9 63 64 3 65 42 9 65 25 15 44 48 35 49 
#10 49 63 64 58 65 68 9 33 7 15 8 56 70 2 
#12 63 63 64 58 65 68 9 65 20 12 8 56 13 32 
#6 63 63 64 58 65 10 9 65 26 12 44 56 63 32 
#6 63 12 64 58 65 68 8 65 26 39 8 48 63 32 
#6 63 6 64 58 69 68 8 65 31 39 16 56 63 13 
#11 63 63 2 49 69 20 8 65 3 30 44 56 13 13 
#11 63 18 64 49 69 68 8 66 7 30 16 56 70 2 
#1 44 63 64 58 69 68 8 66 7 13 44 56 70 49 
#1 63 63 64 58 69 10 13 66 20 30 44 35 70 49 
#6 63 22 64 58 3 10 9 66 26 30 16 35 35 49 
#23 44 63 64 1 5 9 7 49 25 30 25 56 14 49 
#10 44 63 64 3 69 9 9 33 20 30 44 56 5 49 
#10 49 63 64 49 69 10 7 66 5 62 16 56 35 49 
#1 63 63 64 49 69 68 7 66 5 12 16 56 70 18 
#1 49 22 64 49 69 9 9 44 7 12 16 56 70 18 
#10 11 63 64 52 65 9 4 49 5 62 9 15 70 18 
#11 44 18 2 43 65 42 7 65 25 13 46 58 13 46 
#11 9 2 64 37 65 38 13 49 31 53 9 58 35 5 
#34 63 38 64 52 65 9 4 33 31 51 9 56 35 49 
#1 63 12 64 43 69 20 48 65 25 30 16 48 13 46 
#2 63 6 64 3 69 68 8 13 18 62 16 15 35 7 
#38 44 63 64 37 65 9 8 33 5 62 9 15 1 16 
#12 63 2 64 58 13 10 0 66 25 13 46 13 35 32 
#38 63 63 64 37 65 68 13 49 3 13 9 56 5 49 
#34 63 38 64 52 65 68 4 66 7 13 44 58 70 49 
#1 63 6 64 43 65 38 9 66 25 15 16 48 35 7 
#2 9 38 64 3 69 20 7 13 18 62 9 56 13 46 
#38 44 63 64 37 5 68 9 44 31 51 9 58 1 2 
#12 63 2 64 58 65 10 0 33 3 30 44 13 70 49 
#6 63 63 64 49 65 10 8 65 26 13 46 56 5 32 
#6 63 63 64 58 69 68 9 33 26 12 44 48 63 32 
#6 63 63 64 58 65 68 9 66 3 15 16 48 63 32 
#11 9 63 64 37 69 68 9 65 25 39 9 58 35 13 
#10 49 63 64 58 65 68 8 65 7 15 8 56 13 13 
#11 63 18 2 58 65 20 9 33 3 30 44 56 70 49 
#6 63 63 64 58 69 68 8 66 26 13 16 56 63 2 
#6 44 63 64 58 65 9 9 66 26 12 44 48 63 49 
#6 63 63 64 58 69 68 9 49 25 30 44 56 35 32 
#16 63 22 64 37 69 68 9 65 20 62 16 48 35 13 
#1 63 63 64 1 65 9 9 65 25 30 26 35 14 13 
#23 44 63 2 49 69 9 8 49 20 30 25 56 5 32 
#10 63 63 64 49 69 10 8 66 26 13 44 56 35 2 
#1 44 63 64 58 65 68 13 66 5 30 44 56 35 18 
#6 49 22 64 43 69 68 9 44 26 30 16 35 35 49 
#6 63 22 64 49 65 68 9 66 3 62 16 48 35 49 
4 14 56 16 33 48 
6 58 21 50 53 47 
44 1 46 45 23 38 
19 17 13 39 52 28 
34 27 51 22 12 18 
7 11 8 57 59 15 
#Base: 915
#Max: 695
#759563
#Turn 9
#11 63 63 2 3 65 42 9 65 25 15 16 56 35 46 
#11 63 63 64 49 65 42 8 65 25 15 44 48 35 49 
#10 63 63 64 49 65 68 9 65 20 12 8 56 35 32 
#12 63 38 64 52 65 9 9 33 31 51 8 56 35 32 
#10 49 38 64 58 65 68 8 65 31 51 8 56 13 13 
#6 63 22 2 3 65 68 13 44 26 30 9 35 35 49 
#6 63 22 64 43 69 68 9 66 26 30 16 35 35 49 
#11 63 18 64 49 69 68 8 66 26 13 16 56 63 2 
#6 63 22 64 58 69 68 9 65 26 62 16 56 63 13 
#16 63 22 64 37 69 68 9 65 25 39 9 48 35 13 
#6 63 38 64 49 65 10 13 65 31 53 8 58 35 32 
#38 63 63 64 58 65 68 9 65 3 15 16 48 63 5 
#6 63 63 64 58 69 68 9 33 3 12 16 48 63 32 
#6 63 63 64 58 69 68 13 66 20 30 44 35 70 49 
#1 63 63 64 37 69 68 13 49 3 13 44 35 5 49 
#6 63 6 64 58 65 68 8 65 26 12 44 56 63 13 
#6 63 63 64 58 65 68 9 33 7 15 44 48 70 32 
#10 63 38 64 52 69 68 4 66 7 13 44 48 70 49 
#6 63 38 64 52 65 68 9 66 7 13 44 56 70 32 
#1 63 63 64 58 69 68 9 66 25 30 16 56 70 32 
#10 63 63 64 43 69 10 7 65 25 62 16 48 13 49 
#6 44 63 64 58 65 10 7 66 26 12 44 48 35 49 
#1 44 63 64 58 65 9 9 66 7 13 44 48 63 49 
#1 63 63 64 58 65 68 8 66 7 13 44 56 70 49 
#1 63 63 64 58 65 68 8 66 7 39 46 56 63 49 
#12 63 63 10 52 69 43 8 66 31 13 44 13 70 32 
#1 63 38 64 49 69 10 26 66 25 13 44 48 35 49 
#1 63 38 64 43 65 38 26 66 25 30 44 48 35 49 
#1 63 63 64 49 65 68 13 66 5 30 16 48 35 18 
#10 49 63 64 58 65 68 9 33 3 15 8 56 70 2 
#11 63 2 2 3 65 68 48 49 20 53 9 58 13 49 
#11 9 22 64 3 69 68 9 44 25 15 16 35 35 49 
#10 63 63 64 49 69 68 8 66 7 13 44 56 35 2 
#6 63 63 64 58 69 68 8 66 26 13 8 56 13 32 
#16 63 22 64 52 69 9 9 33 31 62 9 48 35 13 
#10 9 63 64 58 69 68 9 65 7 15 9 58 13 13 
#6 63 2 64 3 65 10 8 66 25 13 46 58 35 49 
#6 49 38 64 43 65 42 13 65 31 30 8 58 35 5 
#11 63 18 64 58 65 68 8 66 7 15 16 56 63 2 
#6 63 63 64 58 69 68 8 33 26 12 44 56 63 2 
#16 63 63 64 58 69 10 13 66 20 30 16 35 70 13 
#38 63 63 64 37 69 68 13 49 25 13 9 58 5 49 
#6 63 63 64 58 65 68 8 65 26 39 16 56 5 32 
#6 44 63 64 58 65 42 13 65 31 53 44 56 35 32 
#10 63 63 64 58 65 68 9 66 7 15 44 48 63 49 
#34 63 63 64 52 69 68 4 33 7 13 44 48 63 32 
#6 63 63 64 58 69 10 9 66 25 30 44 56 70 32 
#38 63 63 64 49 69 68 13 49 3 12 9 56 70 18 
#1 63 6 64 58 69 20 48 65 31 39 16 48 13 13 
#6 63 63 64 49 65 10 9 65 5 12 16 56 35 32 
#6 63 63 64 58 69 68 9 33 26 15 44 48 63 49 
#34 63 63 64 52 65 68 4 66 7 13 44 56 70 49 
#1 63 63 64 58 69 68 9 49 25 30 44 56 5 32 
#6 63 12 64 49 65 68 7 65 26 12 16 48 63 32 
#34 63 12 64 43 65 43 48 66 31 30 9 58 13 49 
#10 49 63 64 49 69 10 7 66 5 62 44 13 35 49 
#6 44 63 64 58 69 38 26 66 25 30 16 48 35 49 
#1 44 63 64 58 69 68 8 66 7 30 44 56 70 49 
#6 63 63 64 58 65 68 9 66 3 62 16 48 5 49 
#6 49 12 64 58 65 68 8 65 7 39 8 56 70 2 
21 26 41 47 42 20 
6 40 58 23 54 15 
32 11 43 57 19 52 
1 50 44 13 24 45 
33 16 8 51 46 56 
12 39 27 17 18 2 
#Base: 915
#Max: 718
#784699
#6 63 38 64 49 69 10 26 66 25 12 44 48 35 49 
#1 63 38 64 49 69 10 26 49 25 13 44 48 35 49 
#38 63 63 64 37 69 68 13 49 25 12 9 58 70 18 
#6 63 63 64 58 65 68 8 49 3 39 16 56 70 32 
#6 63 63 64 58 69 10 8 65 25 39 16 56 5 49 
#16 63 22 64 58 69 68 13 66 26 30 16 35 35 13 
#6 63 63 64 58 65 10 13 66 20 30 16 48 70 13 
#1 63 63 64 58 65 68 8 66 3 62 16 56 5 49 
#1 63 12 64 43 65 68 48 66 31 13 9 56 13 49 
#34 63 12 64 43 65 43 8 66 26 30 44 58 63 13 
#10 63 63 64 58 69 68 9 65 7 13 16 48 63 2 
#38 63 63 64 58 65 42 13 65 3 15 16 48 63 5 
#1 44 63 64 58 65 42 8 66 7 30 44 56 35 32 
#1 44 63 64 58 69 68 9 66 25 30 16 56 70 32 
#1 63 63 64 58 69 68 9 49 25 30 16 56 5 32 
#11 63 63 64 49 69 42 9 33 26 15 44 48 63 49 
#6 63 63 64 58 65 68 9 66 7 15 44 48 63 49 
#6 63 63 64 58 69 68 13 66 7 30 44 35 70 49 
#6 63 63 64 58 65 68 13 66 7 39 44 56 63 49 
#34 63 63 64 58 65 68 4 66 7 13 44 56 63 32 
#6 63 63 64 58 65 68 8 66 7 15 8 48 70 32 
#6 63 22 64 58 65 68 9 65 7 62 44 48 70 32 
#34 63 63 64 58 65 68 9 65 26 13 44 56 63 49 
#6 63 63 64 52 69 68 4 66 25 13 44 56 70 32 
#6 63 63 64 58 69 10 26 66 25 30 44 48 70 49 
#6 63 63 64 58 69 68 8 33 3 12 16 56 63 32 
#1 63 38 64 58 69 68 26 66 25 12 44 56 35 2 
#1 63 38 64 52 65 68 26 66 25 13 44 48 35 49 
#10 63 38 64 52 69 68 4 66 7 13 44 56 70 49 
#10 63 63 64 52 65 68 9 66 7 12 8 56 70 32 
#6 44 63 64 58 69 68 9 66 26 30 44 35 35 49 
#1 63 38 64 58 69 10 26 66 25 30 44 35 35 13 
#38 63 63 64 37 69 68 13 66 3 13 9 58 5 49 
#38 63 63 64 58 69 68 8 66 7 12 44 56 70 18 
#34 63 12 64 43 65 43 48 65 31 39 16 56 13 32 
#6 63 63 64 43 65 68 8 65 25 62 44 56 13 13 
#6 63 22 64 49 69 68 9 66 7 30 16 35 35 2 
#38 63 63 64 58 69 10 9 66 20 30 16 35 63 5 
#6 63 63 64 58 65 68 9 66 31 62 16 48 35 49 
#1 63 63 64 58 69 68 8 66 7 30 44 56 70 49 
#34 63 12 64 58 65 43 48 66 31 30 9 58 70 49 
#6 63 63 64 58 69 68 9 49 26 30 44 56 63 32 
#10 63 63 64 49 65 68 8 66 7 15 44 56 35 49 
#38 63 63 64 58 69 68 9 65 26 15 44 48 63 49 
#6 63 63 64 58 65 42 13 65 31 15 44 56 35 49 
#6 44 63 64 58 69 68 13 66 20 30 44 56 70 49 
#1 63 63 64 58 65 68 9 66 7 30 16 56 63 49 
#34 63 63 64 52 69 68 9 49 7 13 44 56 63 32 
#6 63 63 64 49 69 42 8 65 25 15 8 48 13 32 
#6 63 63 64 58 69 68 9 33 7 15 44 48 70 49 
#6 63 63 64 58 69 68 9 66 7 15 44 48 63 49 
#6 63 63 64 52 65 68 4 66 7 30 44 56 70 49 
#1 63 63 64 58 69 68 8 66 7 30 44 56 70 49 
#34 63 63 64 52 69 68 26 66 7 13 44 48 35 32 
#6 63 63 64 58 69 68 9 66 26 13 16 56 63 32 
#6 63 63 64 58 69 68 8 33 26 12 44 56 63 2 
#1 63 38 64 58 65 38 26 66 25 30 44 48 35 49 
#34 63 63 64 52 65 68 4 66 7 13 44 56 70 49 
#6 63 38 64 52 65 10 9 66 7 30 44 56 70 32 
#6 44 63 64 58 65 38 26 66 20 12 16 48 35 49 
#Base: 915
#Max: 742
#810929
