#[0] 3, 3
#[1] 4, 3
#[2] 3, 4
#[3] 3, 2
#[4] 2, 3
#[5] 2, 4
#[6] 1, 3
#[7] 2, 2
#[8] 3, 1
#[9] 4, 4
#[10] 5, 3
#[11] 3, 5
#[12] 4, 2
#[13] 3, 0
#[14] 5, 4
#[15] 4, 5
#[16] 5, 2
#[17] 4, 1
#[18] 0, 3
#[19] 1, 4
#[20] 2, 1
#[21] 1, 2
#[22] 2, 5
#[23] 0, 4
#[24] 5, 1
#[25] 0, 2
#[26] 5, 5
#[27] 1, 5
#[28] 2, 0
#[29] 1, 1
#[30] 4, 0
#[31] 0, 5
#[32] 1, 0
#[33] 0, 1
#[34] 5, 0
#[35] 0, 0
#Turn 0
2 46 42 10 54 24 
57 53 37 41 30 39 
43 28 34 21 48 5 
9 22 31 32 12 29 
38 23 1 52 7 15 
19 35 11 58 0 33 
#Base: 947
#Max: 358
#378036
#Turn 1
#38 29 23 40 36 27 12 6 5 7 21 7 24 47 16 
#2 23 20 49 36 27 12 29 2 21 15 6 11 18 23 
#2 10 20 49 28 6 29 16 2 21 15 15 40 13 23 
#14 22 37 18 28 43 34 28 10 9 7 15 16 0 3 
#14 7 5 16 37 43 12 8 25 35 35 9 21 0 3 
#23 20 18 9 1 11 44 55 31 12 16 20 8 52 27 
#26 9 18 45 1 32 24 47 31 12 13 30 25 43 1 
#41 9 21 45 3 2 25 22 32 20 13 0 6 1 1 
#41 15 19 5 23 16 17 22 9 20 36 14 6 1 13 
#28 25 19 5 23 16 46 15 52 32 13 28 20 27 35 
#4 19 17 33 4 20 38 36 34 21 4 57 8 13 20 
#18 11 15 26 6 47 56 8 46 1 15 7 42 23 41 
#1 9 11 10 6 1 56 14 39 5 4 11 42 48 70 
#1 9 24 17 34 10 29 14 39 5 29 28 14 29 12 
#0 10 24 16 2 0 21 4 1 6 69 33 45 29 18 
#20 18 34 13 30 45 26 29 2 9 12 8 7 36 16 
#11 18 3 13 12 6 3 14 62 49 12 20 3 36 16 
#38 20 16 67 8 0 75 5 14 5 4 14 3 30 10 
#4 20 16 41 52 14 11 4 14 5 6 14 9 30 24 
#9 25 18 22 52 12 11 36 20 5 6 66 16 7 30 
#38 23 3 5 39 56 1 26 24 18 2 7 13 23 8 
#38 23 14 5 19 56 15 26 17 5 2 7 7 0 8 
#58 12 14 30 19 45 15 1 17 76 16 13 2 0 14 
#9 57 14 30 3 19 21 8 20 52 3 34 27 18 14 
#2 4 14 54 13 34 3 13 20 45 3 34 27 18 14 
#47 37 4 48 33 11 24 46 21 1 21 4 10 27 6 
#18 8 5 48 8 31 11 46 18 34 9 4 34 47 18 
#12 59 44 38 6 31 11 33 12 14 14 4 2 47 5 
#12 33 21 38 10 23 18 33 12 14 29 29 5 1 22 
#18 13 42 15 10 23 9 17 26 22 22 6 23 1 19 
#23 20 23 40 38 11 44 6 5 7 4 7 8 52 1 
#30 23 18 33 36 6 12 55 31 21 16 3 6 6 27 
#2 38 21 45 3 33 25 47 32 29 15 6 25 4 23 
#41 15 57 18 28 2 26 28 6 21 36 15 6 13 10 
#14 25 37 16 37 43 34 27 10 29 63 28 7 22 3 
#18 7 3 38 30 4 46 4 25 35 13 9 6 48 38 
#29 19 22 25 38 11 38 12 34 21 4 20 8 13 20 
#30 11 18 9 1 47 15 55 46 9 16 30 48 43 27 
#18 11 15 45 6 32 56 47 32 34 4 0 42 48 1 
#41 9 64 17 9 10 17 14 6 20 29 30 21 21 70 
#0 10 19 5 23 16 4 4 1 29 69 28 14 29 12 
#18 14 3 1 30 4 46 21 12 26 13 20 6 27 18 
#29 11 17 6 30 20 38 29 2 21 4 8 8 13 16 
#11 11 9 26 12 47 15 36 46 49 15 20 7 36 16 
#38 11 15 10 47 1 24 8 10 5 24 11 42 6 41 
#4 20 16 17 9 0 75 14 14 2 4 30 6 30 70 
#0 10 24 22 34 14 11 4 28 6 6 28 14 29 12 
#63 13 19 22 12 12 21 36 12 26 16 33 16 14 3 
#30 29 18 19 30 45 1 29 2 9 15 8 13 4 40 
#38 23 8 13 12 23 3 14 62 5 2 7 7 36 8 
#38 4 3 30 19 45 24 5 17 38 24 7 16 0 14 
#4 33 16 30 8 0 21 1 16 2 19 13 6 30 14 
#11 25 14 25 52 14 11 7 28 52 3 34 9 7 30 
#2 4 38 22 13 12 3 36 20 45 16 34 16 14 3 
#30 29 18 30 53 0 1 13 21 18 21 27 13 19 6 
#18 23 3 48 18 35 17 26 18 1 9 7 34 23 18 
#58 8 14 8 8 31 11 16 17 34 16 4 16 47 5 
#12 33 8 30 6 12 21 1 12 76 19 13 2 46 14 
#11 33 12 25 10 23 9 8 26 52 3 34 5 1 14 
#18 4 42 15 13 59 3 17 35 22 15 34 7 13 19 
20 31 40 9 52 24 
0 56 16 37 6 33 
47 35 57 22 38 32 
5 34 39 45 12 27 
30 23 14 17 11 25 
49 10 26 19 43 59 
#Base: 947
#Max: 405
#427666
#Turn 2
#38 23 3 33 36 6 12 26 24 18 16 3 6 6 27 
#0 23 19 5 23 6 4 55 31 21 69 28 14 29 12 
#0 10 19 5 23 16 4 15 52 32 69 28 20 29 12 
#28 25 19 25 52 14 46 7 28 32 13 28 20 27 35 
#11 4 14 25 13 14 3 7 28 45 3 34 9 7 14 
#38 8 14 40 8 27 12 6 17 7 21 4 16 47 5 
#58 18 14 8 12 31 11 14 17 49 16 20 16 47 16 
#11 11 18 13 1 6 15 55 62 49 12 30 3 43 16 
#26 11 18 9 1 32 24 55 31 12 16 30 25 43 27 
#41 15 57 18 28 32 26 28 31 12 13 30 25 43 1 
#63 7 3 22 12 12 46 4 25 35 16 9 16 48 38 
#18 7 8 30 6 4 46 4 25 35 13 9 2 48 38 
#12 33 14 30 6 12 15 1 12 76 19 13 2 0 14 
#58 12 14 45 19 45 56 47 32 76 16 13 2 48 14 
#18 11 21 45 6 33 25 47 32 29 4 6 25 4 23 
#23 20 37 16 1 11 44 27 10 29 16 28 8 52 27 
#41 9 64 17 9 43 34 14 10 20 29 28 7 22 3 
#4 20 64 17 9 0 75 14 14 2 4 30 6 30 70 
#4 20 11 17 6 1 56 14 14 2 4 30 6 48 70 
#12 9 11 38 6 31 11 33 39 14 4 11 42 48 5 
#23 20 14 30 3 11 44 6 5 7 3 7 27 52 14 
#0 10 14 30 3 19 21 8 20 52 3 33 27 18 14 
#38 20 24 67 2 0 75 4 14 6 4 33 45 30 10 
#38 11 15 26 8 47 75 8 14 5 15 7 42 30 10 
#47 11 15 26 6 11 24 8 21 1 21 7 42 27 6 
#4 19 17 13 4 23 38 14 34 21 2 57 7 36 8 
#4 8 17 33 8 31 11 36 18 34 9 57 34 13 18 
#9 8 18 48 8 31 11 46 20 34 6 4 34 7 30 
#9 25 9 22 52 47 15 36 46 5 6 66 7 7 16 
#18 11 9 26 12 59 3 36 35 49 15 20 7 13 16 
#38 23 23 5 39 56 1 26 24 18 2 7 13 23 16 
#58 23 18 33 8 31 12 16 31 21 16 3 16 6 27 
#11 18 19 5 12 16 3 4 62 29 69 20 14 29 16 
#28 11 18 5 1 47 46 55 46 9 13 28 20 27 35 
#26 9 18 25 1 32 24 7 31 52 13 34 25 7 1 
#41 15 14 18 28 34 26 28 6 45 36 15 27 13 14 
#38 13 23 40 12 12 12 36 5 7 21 33 24 14 3 
#58 8 14 38 8 4 46 16 25 34 13 9 6 47 38 
#11 33 3 30 12 12 3 1 62 76 12 20 3 46 16 
#58 12 18 9 1 45 15 55 17 9 16 13 2 0 27 
#26 9 18 45 6 32 56 47 32 12 4 0 25 43 1 
#2 38 57 18 3 2 25 28 6 29 36 15 25 4 23 
#63 20 18 9 12 11 44 36 31 12 16 33 8 52 3 
#14 7 3 38 37 4 34 4 25 35 63 9 6 48 3 
#12 9 8 30 9 12 17 1 6 76 19 13 2 46 70 
#58 12 16 17 19 0 15 14 14 2 16 30 2 0 14 
#18 11 11 10 6 1 56 14 32 34 4 11 42 48 70 
#2 59 44 45 6 33 11 33 12 14 15 6 25 4 23 
#23 20 18 9 1 11 44 55 5 7 4 20 8 52 1 
#9 57 37 16 3 43 21 8 20 29 63 34 27 22 3 
#41 10 24 16 2 10 17 14 1 6 69 33 45 21 18 
#38 20 16 67 9 0 75 5 14 2 4 30 6 30 70 
#18 11 11 26 6 47 56 14 39 5 15 7 42 48 41 
#12 59 44 38 6 31 11 46 12 14 21 4 2 47 5 
#38 23 8 13 12 23 44 14 62 7 4 7 7 52 8 
#9 19 17 33 4 20 21 36 20 21 3 34 27 18 20 
#18 10 5 16 8 0 11 4 1 34 69 4 34 29 18 
#38 20 16 22 8 0 75 36 20 5 4 66 16 30 30 
#11 11 9 26 12 47 15 36 46 1 15 7 7 36 16 
#18 37 42 15 33 59 3 17 21 1 21 4 10 27 6 
59 12 50 10 2 39 
29 47 40 38 1 16 
3 37 46 57 44 43 
18 28 22 13 17 52 
6 32 7 51 49 42 
8 9 53 23 33 54 
#Base: 947
#Max: 497
#524815
#Turn 3
#18 37 42 30 6 12 3 1 12 76 19 4 10 27 6 
#12 10 24 30 6 10 15 14 1 6 19 33 45 21 14 
#41 10 3 16 12 10 17 4 25 35 16 9 16 21 18 
#63 7 19 22 23 16 4 4 52 32 69 28 20 48 38 
#0 10 19 9 23 45 4 55 52 32 69 28 2 29 27 
#2 59 9 26 6 59 11 33 12 49 15 6 25 4 23 
#2 59 18 45 6 32 56 33 32 14 4 0 25 4 1 
#26 33 3 45 6 32 56 47 32 12 12 0 3 43 1 
#0 33 19 30 12 6 3 55 31 21 12 28 3 46 16 
#41 23 64 17 9 43 4 14 10 20 69 28 7 29 12 
#58 8 19 25 8 14 46 7 28 32 13 28 20 27 38 
#18 8 14 10 6 1 56 14 25 34 13 11 42 48 70 
#18 20 11 10 6 1 75 14 20 34 4 66 16 48 30 
#12 9 16 22 9 0 75 36 6 5 19 13 2 30 30 
#12 7 3 38 37 4 17 1 25 76 63 9 2 48 3 
#4 20 11 22 6 47 56 36 14 2 4 66 7 7 16 
#38 25 9 67 52 0 75 36 14 6 4 66 45 7 10 
#58 20 14 67 2 0 75 47 14 76 4 13 2 48 10 
#4 12 14 17 9 0 56 14 32 76 16 13 6 48 14 
#18 11 11 26 9 47 56 14 39 5 4 30 42 48 70 
#11 18 19 8 12 16 3 4 62 49 69 20 14 29 16 
#11 18 19 13 1 16 3 4 62 29 12 20 3 43 16 
#38 11 18 13 9 6 15 5 62 49 4 30 3 30 16 
#9 57 37 16 9 43 21 5 14 29 63 30 27 22 70 
#9 57 37 9 3 11 21 36 31 12 16 34 8 22 3 
#41 15 18 9 28 32 24 55 31 12 13 30 25 43 27 
#41 59 57 18 6 31 11 28 31 12 13 4 25 47 5 
#38 11 15 38 8 31 75 46 12 14 21 7 42 30 10 
#38 11 18 5 1 47 46 8 46 5 15 28 20 27 35 
#38 11 8 5 1 23 44 14 46 7 13 28 7 27 35 
#18 11 9 15 12 59 3 36 35 1 21 4 10 27 16 
#12 33 14 45 6 12 11 1 12 76 15 13 25 0 14 
#26 10 18 45 6 10 56 14 1 6 4 0 45 21 1 
#11 7 3 30 12 12 46 1 62 76 16 20 3 46 16 
#0 23 19 5 23 6 4 15 52 21 69 28 20 29 12 
#58 9 64 9 9 45 15 55 17 9 16 13 2 22 27 
#28 11 9 26 52 59 46 36 28 32 15 28 7 27 35 
#58 8 44 38 6 4 46 33 25 14 15 9 25 4 23 
#18 11 18 45 6 32 56 14 32 34 4 11 25 48 1 
#38 33 3 22 12 12 3 1 62 5 12 66 3 46 30 
#0 9 8 30 23 6 17 55 6 21 19 13 14 46 70 
#41 7 64 17 9 4 34 4 25 20 63 9 6 48 3 
#28 20 19 17 6 1 56 14 28 32 13 28 20 27 70 
#9 25 9 22 8 47 46 16 46 5 6 66 7 7 38 
#38 20 11 67 6 0 56 4 32 34 4 11 42 30 10 
#58 12 16 45 19 0 56 36 20 76 16 13 2 30 14 
#4 9 64 17 9 12 17 1 14 2 19 30 6 30 70 
#18 11 11 26 6 4 34 4 25 35 15 7 6 48 3 
#4 18 14 17 12 1 56 14 17 2 16 20 6 48 16 
#9 18 19 22 52 16 3 36 46 5 6 20 14 29 16 
#38 20 24 67 2 0 15 4 62 49 12 33 3 43 16 
#58 12 14 45 19 45 56 47 14 2 16 30 2 30 14 
#4 20 64 17 9 0 75 8 14 29 63 34 27 30 70 
#18 11 11 9 6 47 56 36 39 5 16 7 42 52 3 
#26 18 14 8 1 32 11 55 17 49 16 30 16 43 16 
#11 15 19 18 12 32 26 4 31 29 69 20 14 29 16 
#11 11 18 13 6 6 11 55 12 49 12 30 2 43 5 
#38 20 15 26 8 47 75 8 14 2 15 30 42 30 10 
#28 11 18 5 1 43 21 55 20 9 13 28 27 27 3 
#63 20 18 13 12 11 44 36 31 12 16 33 7 52 8 
25 15 43 41 18 5 
6 40 44 19 39 53 
59 57 4 3 45 26 
51 50 23 17 16 12 
7 35 9 52 14 36 
46 20 11 33 27 42 
#Base: 947
#Max: 464
#489968
#Turn 4
#4 20 18 9 6 32 24 55 31 2 4 66 7 7 27 
#4 25 9 22 8 47 56 16 14 2 6 66 7 7 38 
#41 25 64 22 9 4 46 4 25 20 6 66 7 48 3 
#41 7 14 17 9 4 34 4 32 20 63 9 6 48 14 
#2 12 9 26 9 59 56 14 32 49 15 6 6 4 14 
#0 9 8 45 6 6 17 55 32 14 4 13 25 46 1 
#0 9 11 67 6 0 17 4 6 34 4 13 42 46 70 
#38 20 11 67 9 0 56 4 39 34 4 11 42 30 70 
#18 11 3 22 12 47 56 1 39 5 12 66 42 48 30 
#38 33 3 22 12 47 3 1 62 5 12 7 42 46 3 
#63 20 15 13 8 11 75 8 14 2 16 30 7 52 8 
#0 10 15 26 23 47 4 55 52 32 69 28 42 30 10 
#63 7 19 9 23 16 4 55 52 32 69 28 2 29 27 
#63 7 19 45 23 16 4 36 52 32 16 28 20 30 14 
#41 59 16 45 19 31 11 28 20 76 16 13 25 30 5 
#38 20 14 67 2 0 56 4 62 49 12 30 2 30 16 
#38 57 24 67 9 0 15 4 62 29 63 30 27 22 70 
#58 57 37 67 2 43 75 5 14 29 4 30 27 22 10 
#38 20 14 67 2 0 75 47 14 76 4 66 45 7 10 
#38 20 9 10 52 0 75 14 20 6 4 66 16 7 30 
#58 9 3 9 9 45 56 47 32 12 16 0 2 43 1 
#58 23 64 9 9 43 4 14 10 20 69 28 2 22 12 
#41 23 64 17 9 0 4 8 10 29 63 34 27 30 12 
#4 7 3 17 9 4 17 8 25 29 63 34 27 30 70 
#12 7 9 38 37 4 46 1 25 76 15 28 7 27 3 
#11 9 64 8 9 12 3 1 62 2 69 20 14 29 16 
#18 8 14 10 12 16 56 4 25 34 13 20 14 29 16 
#18 7 14 30 12 1 56 14 62 34 13 11 3 48 16 
#11 7 3 38 8 31 46 1 12 76 21 7 42 30 16 
#38 20 15 17 6 1 75 14 12 14 13 28 20 30 10 
#41 15 18 45 6 32 56 33 31 14 4 30 25 4 27 
#0 9 8 22 23 6 17 55 14 21 4 13 14 46 70 
#38 25 11 67 6 0 46 16 46 34 6 66 42 7 10 
#41 11 64 17 9 47 34 4 25 20 4 9 42 48 70 
#4 33 14 17 12 0 3 1 62 5 12 13 6 48 30 
#18 11 9 26 6 47 56 33 39 49 16 7 25 52 23 
#63 59 18 13 12 11 56 33 31 12 16 0 25 4 8 
#0 9 15 30 8 6 75 8 14 2 15 13 42 46 10 
#0 20 19 9 23 0 4 55 32 32 4 11 42 29 27 
#63 11 19 26 23 47 4 4 39 5 69 28 42 48 38 
#58 33 3 45 12 0 56 36 62 5 16 66 2 30 14 
#41 11 11 18 6 31 56 36 39 12 16 4 25 47 3 
#63 12 18 45 12 11 56 36 14 2 16 33 7 52 14 
#38 20 15 26 2 47 15 4 14 49 15 30 3 30 10 
#9 10 19 9 23 45 21 55 52 29 63 30 27 29 70 
#63 7 19 22 2 0 4 4 52 76 69 28 20 48 38 
#58 25 16 67 52 0 56 36 14 6 4 66 45 7 10 
#18 20 57 10 6 31 11 28 31 34 4 4 16 47 30 
#26 12 3 45 19 45 56 47 32 2 16 0 2 30 1 
#38 9 24 9 2 0 15 55 17 9 12 33 3 43 27 
#9 57 64 17 9 43 21 14 10 20 69 30 27 22 12 
#58 20 64 67 9 0 75 8 14 76 63 13 27 30 70 
#38 7 3 67 52 0 17 36 25 6 4 9 45 48 10 
#28 20 9 26 6 59 46 36 20 34 15 66 7 27 35 
#26 33 3 45 6 32 56 47 14 2 19 30 3 43 1 
#11 9 64 8 12 16 15 4 62 49 16 13 14 29 16 
#18 8 14 17 9 43 4 14 10 20 69 11 42 29 70 
#11 20 3 30 12 12 46 8 14 29 63 20 3 30 70 
#38 11 15 38 8 4 75 1 25 14 63 9 2 30 10 
#28 20 9 17 52 1 56 14 28 32 15 28 20 27 70 
20 22 42 53 56 10 
13 25 19 44 2 6 
57 21 40 45 46 59 
32 39 17 51 16 12 
58 8 11 18 7 14 
36 35 50 33 15 52 
#Base: 947
#Max: 594
#627244
#Turn 5
#41 9 64 17 9 0 4 47 32 29 16 0 27 30 1 
#41 23 64 45 9 11 4 36 14 2 16 34 27 30 12 
#28 20 18 26 12 11 46 36 14 34 16 33 7 52 35 
#28 8 9 26 9 43 46 36 20 20 15 11 42 27 35 
#18 20 14 17 9 43 4 14 10 2 69 11 42 52 70 
#11 9 64 45 9 16 3 36 62 32 69 20 14 30 14 
#11 9 9 10 52 0 75 1 20 6 69 66 14 29 16 
#9 10 19 10 52 45 21 55 20 29 63 66 27 29 70 
#9 10 64 22 23 4 21 4 25 20 6 30 7 29 3 
#41 9 64 67 9 0 46 4 25 20 6 66 7 48 3 
#11 23 64 9 12 12 4 8 14 29 69 20 2 30 12 
#58 33 3 45 12 43 4 14 62 5 16 28 2 30 12 
#63 33 19 45 2 0 4 36 62 76 16 28 20 48 14 
#63 7 19 22 52 0 56 36 14 6 69 66 20 7 38 
#58 25 9 17 52 1 56 36 28 32 15 28 45 7 70 
#63 25 11 67 6 47 46 16 46 34 6 28 42 7 38 
#63 11 37 26 2 43 75 5 39 5 4 30 42 48 10 
#58 57 37 67 2 0 75 5 14 76 63 13 27 30 10 
#38 57 64 67 9 0 15 8 62 76 63 30 27 30 70 
#63 57 19 67 9 16 15 55 62 29 69 28 2 22 27 
#18 11 3 38 8 4 56 1 39 14 63 9 2 48 30 
#18 10 3 26 12 47 4 55 52 5 69 28 42 30 10 
#38 20 14 67 23 47 75 47 52 32 69 28 45 7 10 
#38 20 11 67 9 0 56 4 14 76 4 66 42 7 10 
#38 20 16 45 9 31 11 28 39 34 4 13 25 30 5 
#63 11 18 26 12 47 56 33 31 49 16 0 25 4 8 
#18 11 64 26 6 47 56 14 10 49 16 7 27 22 23 
#41 57 64 17 9 47 34 14 10 20 4 30 42 22 12 
#41 11 64 17 9 47 34 4 25 49 4 30 2 48 16 
#38 7 14 67 2 0 56 4 25 49 12 9 2 48 10 
#63 7 19 45 9 45 4 36 32 32 16 0 2 30 14 
#11 9 64 17 9 0 4 8 10 29 69 20 14 30 12 
#63 20 9 45 12 0 56 36 14 6 4 66 16 7 30 
#9 20 9 26 23 45 46 55 20 29 63 30 27 27 70 
#18 25 14 17 9 43 4 14 25 20 69 11 7 48 3 
#63 20 15 67 6 0 17 8 6 34 16 13 7 52 70 
#11 20 19 45 23 12 4 36 14 29 63 28 20 30 70 
#58 9 64 8 9 12 3 14 10 20 69 28 2 29 12 
#38 20 3 10 52 0 75 36 20 6 16 66 2 7 30 
#9 7 19 22 23 45 4 4 52 76 63 30 20 48 70 
#58 25 64 22 52 0 56 4 25 20 6 66 7 48 10 
#28 20 9 67 6 1 56 14 6 32 4 13 42 27 70 
#11 20 11 67 6 0 46 16 46 34 63 66 42 7 70 
#58 11 64 26 9 43 4 4 10 20 69 28 42 22 12 
#58 33 3 67 2 0 56 5 14 5 4 66 2 22 10 
#58 20 64 22 2 0 75 4 52 76 63 28 20 48 70 
#58 25 16 67 9 0 56 4 62 29 4 30 27 22 70 
#63 20 19 17 23 16 56 55 52 32 15 28 20 29 27 
#38 11 11 67 8 0 46 16 25 34 6 9 42 7 10 
#63 11 3 26 12 47 56 1 39 5 12 28 42 48 30 
#58 10 37 67 2 43 4 5 52 32 69 28 42 30 10 
#38 20 14 67 9 0 75 8 14 76 4 66 27 7 10 
#38 57 24 67 9 0 15 4 39 34 4 30 42 30 70 
#63 59 16 9 19 16 4 28 20 32 69 28 2 29 27 
#63 59 18 13 8 11 56 1 31 14 16 0 25 4 10 
#18 11 9 22 12 47 56 33 39 5 16 66 42 48 30 
#9 10 15 26 23 47 21 14 52 20 69 30 42 22 10 
#38 11 64 17 2 47 34 47 25 20 4 9 45 48 10 
#38 20 14 67 2 0 56 4 62 34 12 11 42 30 16 
#41 7 3 45 52 31 11 36 20 6 16 9 25 48 5 
36 4 43 23 55 41 
57 53 47 7 16 49 
58 9 39 19 42 5 
40 46 22 18 17 51 
21 52 12 45 50 14 
38 6 15 13 33 35 
#Base: 947
#Max: 616
#650475
#Turn 6
#11 20 19 17 9 12 4 36 14 29 69 11 42 52 70 
#58 20 64 17 9 43 4 4 10 2 69 28 42 22 70 
#58 20 64 26 9 0 56 4 14 76 4 28 42 7 10 
#18 20 11 67 12 0 56 4 14 76 16 66 42 7 30 
#18 20 9 67 12 47 56 33 6 32 16 66 42 27 70 
#38 59 64 9 19 16 4 28 20 32 4 28 2 48 27 
#63 20 16 17 19 16 56 55 20 32 15 28 2 29 27 
#9 20 19 10 52 16 21 55 52 29 63 66 20 29 70 
#9 11 37 26 2 45 21 5 20 5 4 66 42 48 70 
#63 11 37 26 2 47 56 1 39 5 12 28 42 48 30 
#41 20 14 67 9 0 46 4 25 20 12 66 7 48 3 
#41 7 64 22 9 45 46 4 25 76 63 30 20 48 70 
#9 7 19 22 23 16 4 4 52 29 63 28 20 48 27 
#11 57 11 67 9 16 15 55 46 34 63 66 42 7 70 
#11 20 11 67 6 0 3 16 62 32 69 66 42 30 14 
#58 25 16 22 9 0 56 4 25 20 4 30 27 22 10 
#58 25 14 67 23 0 75 47 52 32 4 30 27 22 10 
#38 57 64 67 9 47 75 8 62 32 69 28 27 7 70 
#58 57 64 67 9 0 75 8 62 76 63 13 27 30 70 
#38 57 37 67 2 0 75 5 14 76 4 66 27 7 10 
#38 10 24 67 9 0 4 4 52 34 69 28 42 30 70 
#63 57 24 45 2 0 15 36 62 76 4 28 42 30 70 
#58 20 64 45 2 0 4 4 52 76 16 28 20 48 70 
#58 10 64 67 2 0 75 5 52 76 63 28 42 30 10 
#58 10 9 67 2 43 56 5 52 32 15 28 45 30 10 
#38 9 3 10 52 0 75 36 20 6 69 66 14 29 16 
#63 9 9 10 6 0 46 1 46 34 6 66 14 29 16 
#63 25 11 22 52 0 56 36 46 34 69 66 20 7 38 
#63 7 19 22 23 0 46 55 14 6 63 30 20 7 70 
#63 20 9 26 6 45 46 55 6 34 16 30 7 27 70 
#38 11 19 45 2 47 34 36 14 20 63 9 20 48 70 
#63 20 16 17 19 43 4 28 10 32 69 11 42 29 70 
#63 11 19 26 9 43 4 55 52 32 15 28 20 29 27 
#9 20 19 67 9 45 21 55 20 76 4 66 27 29 10 
#18 11 9 22 12 47 56 5 39 5 16 66 42 48 30 
#63 11 3 67 6 1 56 1 39 32 12 13 42 48 70 
#38 20 64 67 2 47 34 4 62 34 4 11 42 48 16 
#41 9 64 9 9 16 46 4 25 32 6 66 2 48 27 
#63 20 19 17 23 16 56 4 52 76 63 30 20 29 27 
#63 57 19 10 9 45 21 55 62 29 63 28 27 29 27 
#63 20 11 26 6 43 46 5 39 5 4 66 42 48 70 
#11 9 3 45 12 47 3 1 62 5 69 28 14 48 14 
#38 25 14 22 2 0 56 4 25 20 12 11 42 48 16 
#41 25 16 67 9 0 56 4 62 29 4 66 7 22 70 
#38 7 19 22 23 45 75 47 52 32 69 30 45 48 10 
#63 57 19 67 9 16 15 55 62 76 69 30 27 30 70 
#11 20 37 67 2 0 75 5 46 34 63 66 42 7 70 
#11 20 14 45 9 16 75 8 14 76 69 66 14 7 10 
#58 25 64 22 12 47 56 55 25 20 69 28 7 30 10 
#58 25 16 67 9 0 56 4 39 29 4 30 27 30 70 
#38 33 19 67 2 0 75 36 62 32 69 28 45 7 10 
#58 57 64 22 2 0 15 4 52 76 63 28 27 30 70 
#58 10 37 67 2 43 4 5 52 32 63 13 27 30 10 
#58 25 9 67 9 0 56 8 28 32 15 66 45 7 10 
#18 10 3 10 52 47 4 36 52 6 69 66 2 7 30 
#11 9 9 10 52 0 15 1 39 34 69 30 42 29 70 
#63 25 19 45 2 47 4 16 62 76 6 28 42 7 14 
#58 7 19 22 52 0 75 36 14 76 63 66 20 48 38 
#9 20 37 26 23 43 46 5 20 32 63 30 42 30 70 
#58 25 15 67 52 0 17 36 28 32 16 13 7 7 70 
25 56 35 4 20 31 
30 58 43 13 38 47 
1 40 11 57 51 36 
22 46 23 18 17 27 
49 48 50 45 21 7 
14 16 19 44 39 33 
#Base: 947
#Max: 679
#717001
#Turn 7
#38 9 3 10 52 47 75 16 62 76 6 28 42 7 14 
#63 11 3 67 6 1 56 16 39 32 12 13 42 7 14 
#18 20 3 67 6 47 56 1 6 32 12 13 42 48 70 
#38 10 24 67 9 0 4 4 52 32 69 28 42 30 70 
#63 10 24 67 9 0 4 4 52 34 69 28 42 30 70 
#38 11 37 26 23 47 46 5 20 20 63 30 20 30 70 
#9 25 16 67 9 43 46 5 20 29 63 66 42 22 70 
#41 57 16 67 9 0 15 4 62 34 4 66 7 22 70 
#63 20 19 17 23 16 56 55 52 34 63 66 42 29 27 
#11 20 14 45 23 16 75 8 52 76 63 30 20 29 10 
#63 20 64 17 9 43 4 5 10 2 69 66 42 22 70 
#41 20 64 26 6 43 46 5 39 5 63 66 42 48 70 
#58 7 64 22 52 45 46 36 25 76 63 30 20 48 38 
#58 7 19 22 2 0 15 36 52 76 63 28 27 30 70 
#38 57 64 67 2 0 34 4 52 34 63 11 42 30 70 
#58 20 64 67 2 0 4 4 52 34 16 28 20 48 70 
#11 20 64 67 2 0 75 5 46 34 63 66 42 30 10 
#58 57 64 67 2 0 75 5 62 76 63 13 27 30 70 
#38 57 64 67 9 0 75 8 62 32 63 28 27 30 70 
#63 25 11 67 52 0 75 8 62 34 69 66 20 7 38 
#58 25 16 67 12 47 56 55 39 20 69 30 7 30 10 
#58 25 64 67 2 0 75 55 25 20 69 28 7 30 10 
#38 33 19 67 9 16 75 55 62 32 69 28 27 7 70 
#63 57 24 67 2 16 15 55 62 76 69 30 42 30 70 
#63 20 24 45 2 0 15 36 52 76 63 66 20 30 70 
#11 20 14 67 23 0 3 16 62 32 4 30 27 22 14 
#38 57 14 67 23 0 75 47 52 32 4 30 27 22 10 
#38 57 19 22 2 0 75 5 52 32 4 30 27 7 10 
#63 57 19 10 9 45 21 55 52 32 69 30 45 48 10 
#9 20 19 67 9 45 21 55 62 76 63 28 27 29 10 
#38 9 19 10 52 0 75 36 20 20 63 9 14 48 16 
#63 20 37 45 2 47 4 5 20 76 6 30 42 30 70 
#41 11 16 67 9 0 56 4 39 29 12 13 7 22 70 
#11 57 9 67 9 16 56 55 46 32 16 66 42 27 70 
#63 10 19 17 23 0 56 4 52 34 69 30 20 29 27 
#11 20 16 45 19 16 75 28 14 76 69 66 42 7 70 
#38 11 64 17 2 47 4 4 10 2 63 9 20 22 70 
#63 20 37 26 23 43 46 5 39 32 4 30 42 48 70 
#41 7 64 67 9 45 46 4 25 29 63 30 7 48 70 
#11 57 19 67 9 16 75 55 46 34 63 66 42 48 38 
#63 20 64 22 2 0 15 4 52 76 63 30 27 29 70 
#11 20 14 45 9 16 34 8 14 34 69 11 42 48 10 
#58 20 64 45 9 0 4 4 52 2 16 28 20 48 70 
#63 20 11 26 2 43 46 5 46 34 4 66 42 48 70 
#58 10 64 67 2 0 75 5 25 76 63 30 42 30 70 
#58 57 64 67 9 0 75 8 62 76 63 13 27 48 38 
#58 57 64 22 9 47 75 8 52 32 63 28 27 7 70 
#63 25 11 67 52 0 56 36 46 34 69 66 20 7 16 
#58 25 64 45 2 0 56 4 39 76 16 30 20 30 70 
#58 20 37 67 2 47 56 5 25 20 63 28 42 30 70 
#38 33 19 67 2 0 75 36 52 76 63 28 45 30 10 
#58 57 64 67 9 0 75 8 62 76 63 30 27 30 70 
#63 57 24 45 9 47 75 36 62 76 69 28 42 7 70 
#9 20 19 10 52 16 21 55 52 29 63 66 20 7 38 
#58 20 16 67 6 0 3 4 39 32 4 30 42 30 14 
#58 25 14 67 23 47 75 55 52 32 69 28 7 22 10 
#38 57 19 67 2 0 75 5 62 32 4 28 45 7 10 
#63 57 19 67 23 16 15 55 52 76 69 30 27 48 10 
#63 57 24 10 9 45 15 55 62 76 4 28 42 29 70 
#9 20 19 10 52 45 21 55 52 29 4 66 27 29 70 
10 43 38 50 49 20 
6 48 8 18 33 16 
21 14 44 45 39 47 
58 57 23 52 17 22 
29 35 19 51 12 11 
37 28 55 46 24 40 
#Base: 947
#Max: 710
#749736
#Turn 8
#63 20 64 26 2 43 46 5 10 34 4 66 42 22 70 
#41 7 11 26 2 43 46 5 25 29 4 66 42 48 70 
#38 33 64 67 9 45 46 36 52 76 63 28 45 48 70 
#38 20 37 67 2 47 56 36 25 76 63 28 42 30 10 
#58 20 37 67 12 47 56 55 39 20 69 28 7 30 70 
#9 25 64 45 9 43 56 5 39 76 16 30 42 30 70 
#58 20 19 17 23 0 56 4 52 76 16 30 20 30 70 
#38 57 19 67 9 16 75 8 62 32 63 28 27 30 27 
#11 57 64 67 9 0 75 55 46 32 16 66 27 30 70 
#11 20 64 67 9 0 56 5 46 34 63 66 42 30 10 
#38 57 64 67 2 0 34 4 52 20 63 28 7 30 10 
#38 57 64 67 2 0 75 5 25 34 63 30 42 30 70 
#58 10 64 67 2 0 75 5 25 76 63 30 42 48 38 
#58 57 64 67 9 16 75 8 62 34 63 66 27 48 38 
#11 25 11 67 9 0 56 36 46 34 63 66 42 7 38 
#63 57 24 67 23 16 15 55 62 76 4 30 42 29 70 
#63 57 24 67 23 16 15 55 62 76 69 30 27 48 10 
#63 57 24 67 2 16 75 55 62 76 69 30 42 30 70 
#63 57 24 45 9 47 75 36 62 76 69 13 42 7 70 
#58 57 19 67 2 16 75 5 62 32 69 13 27 7 70 
#9 20 16 67 19 16 75 55 14 76 63 28 27 7 70 
#11 25 16 45 52 16 75 28 14 76 69 66 20 7 70 
#58 57 64 67 9 0 75 8 62 76 69 30 27 7 70 
#58 7 64 22 52 45 75 36 62 76 63 30 20 30 70 
#41 20 64 26 6 45 46 36 25 76 63 30 20 48 38 
#63 20 19 10 23 43 46 5 52 32 69 30 42 48 10 
#63 57 14 10 9 47 75 55 52 32 69 30 45 48 10 
#58 57 14 22 23 47 75 55 52 32 69 28 7 22 70 
#63 57 24 45 9 47 15 36 52 32 63 28 20 7 70 
#63 20 64 45 2 0 15 36 52 76 63 30 27 30 70 
#63 25 16 17 9 43 46 5 10 2 69 66 42 22 70 
#58 25 11 26 2 0 56 5 46 76 16 66 20 30 70 
#63 7 19 17 9 16 46 55 52 29 63 66 42 48 70 
#38 33 19 67 9 0 75 36 52 76 63 28 45 30 70 
#11 20 9 67 9 47 56 55 46 20 16 28 42 27 70 
#11 25 64 67 12 0 75 5 39 20 69 30 7 30 10 
#9 25 64 67 9 0 46 55 20 20 69 28 7 22 70 
#38 57 64 45 2 0 56 4 39 34 16 30 42 30 70 
#58 20 64 17 23 16 56 55 25 76 63 30 42 30 70 
#38 57 64 67 9 0 75 8 62 76 63 13 27 30 38 
#11 57 19 67 9 16 75 55 46 32 16 66 42 27 38 
#11 25 11 67 52 0 56 36 46 34 69 66 20 30 10 
#58 57 24 67 2 0 15 55 62 76 69 28 42 30 70 
#63 57 19 67 23 16 34 55 52 34 69 11 27 30 10 
#63 10 24 67 2 0 15 5 62 76 69 30 42 30 70 
#63 57 24 45 9 0 75 8 62 76 63 13 42 7 38 
#58 57 64 67 2 16 75 55 62 76 63 13 42 30 38 
#38 25 19 67 9 0 56 36 46 34 69 28 27 7 16 
#9 57 24 10 9 45 21 55 62 76 4 28 27 29 70 
#63 20 19 67 23 16 15 55 14 76 69 30 42 48 70 
#63 25 11 67 52 16 75 55 62 34 69 66 20 7 38 
#58 57 64 45 9 0 75 36 62 76 69 28 42 30 70 
#58 7 64 67 2 45 75 5 25 76 63 30 27 48 70 
#38 20 19 26 6 43 75 55 39 5 63 66 42 7 70 
#9 20 19 26 23 45 21 5 39 32 4 28 42 29 70 
#63 20 19 10 19 45 75 55 52 76 69 66 45 7 10 
#58 25 14 67 52 47 75 8 52 34 69 28 20 22 38 
#58 57 64 22 9 0 75 8 52 32 63 30 27 30 70 
#58 7 24 22 2 0 15 36 52 76 63 30 20 48 38 
#63 20 64 26 2 0 15 4 39 76 63 66 27 29 70 
28 40 32 49 12 19 
3 24 4 13 8 29 
21 26 22 23 18 56 
33 52 46 17 2 38 
45 39 16 51 50 27 
53 11 55 42 15 57 
#Base: 947
#Max: 738
#779303
#Turn 9
#11 57 24 45 9 47 75 36 46 32 63 66 20 7 70 
#11 57 19 67 9 16 75 55 52 32 16 66 42 48 38 
#63 20 19 17 23 16 46 55 14 29 69 66 42 48 70 
#58 20 19 67 2 16 15 55 14 76 69 30 42 48 38 
#58 57 64 67 2 16 75 5 62 32 63 30 27 48 70 
#41 20 64 67 2 47 46 36 25 76 63 28 42 48 38 
#58 20 37 67 12 45 56 36 39 76 63 28 20 48 38 
#58 57 64 67 12 47 56 8 39 34 63 66 7 30 38 
#11 57 64 67 9 16 75 8 46 34 16 66 27 30 70 
#63 20 64 45 9 0 15 36 46 76 63 66 27 30 70 
#11 25 16 45 9 47 75 28 52 32 69 66 45 48 70 
#58 57 64 10 9 47 75 55 52 76 69 30 45 7 10 
#58 57 64 67 52 45 75 36 62 76 63 30 20 7 70 
#63 57 24 45 9 47 75 36 62 76 69 13 42 30 70 
#63 25 14 45 9 47 75 8 52 34 69 28 42 7 38 
#58 7 64 67 9 0 75 36 25 76 63 28 45 48 70 
#58 57 64 67 2 16 75 5 25 76 63 30 42 30 70 
#58 57 64 67 2 16 75 55 62 76 69 30 42 30 70 
#63 33 64 67 2 45 75 36 62 76 63 28 45 48 70 
#58 33 64 17 23 16 56 55 25 76 63 28 42 30 70 
#38 57 24 45 9 0 75 8 62 76 63 13 27 30 38 
#63 57 24 67 9 16 75 55 62 76 69 30 27 48 10 
#58 57 24 45 9 16 15 55 62 76 69 30 27 30 10 
#58 25 64 45 52 0 75 55 62 34 69 28 20 7 38 
#58 57 14 67 52 47 75 55 62 32 69 28 20 7 70 
#38 20 19 67 6 0 75 5 25 34 63 30 42 7 70 
#63 57 19 10 2 45 75 5 52 34 69 66 42 7 70 
#58 20 24 10 19 0 15 55 62 76 69 28 42 7 70 
#63 57 24 67 23 0 15 55 62 76 69 28 42 29 70 
#63 57 24 22 23 0 15 8 52 76 4 30 27 30 70 
#63 20 37 45 9 47 56 36 25 76 63 28 42 7 70 
#11 57 19 67 9 16 46 36 46 76 16 30 42 27 38 
#58 7 37 17 9 47 56 55 39 29 69 66 7 48 70 
#63 57 64 67 9 16 15 55 14 76 69 30 27 48 38 
#11 10 64 67 9 0 75 5 46 76 16 30 27 30 38 
#58 20 19 45 2 16 75 36 62 76 69 30 27 7 70 
#38 25 16 45 52 16 75 28 14 76 63 28 20 30 10 
#41 57 14 26 9 45 75 55 25 32 63 30 20 48 10 
#58 20 64 67 9 0 75 8 39 20 69 30 27 30 70 
#58 57 64 67 52 45 75 36 62 34 63 66 27 48 70 
#11 57 64 45 9 47 75 36 46 32 16 13 27 7 70 
#63 25 64 67 2 47 15 36 52 34 69 30 27 22 38 
#38 33 16 45 52 0 75 36 52 76 69 66 45 30 70 
#58 7 14 67 9 45 75 5 25 32 69 30 27 48 10 
#58 57 64 67 2 16 75 8 62 76 63 30 42 7 70 
#58 7 24 22 52 16 75 36 62 76 63 30 20 30 70 
#63 57 24 45 9 45 46 36 52 76 63 13 42 48 70 
#58 25 14 17 52 16 56 55 25 76 69 30 42 22 38 
#38 33 19 45 9 0 75 8 52 76 63 13 45 30 70 
#58 7 64 67 9 45 75 8 25 76 63 30 27 30 38 
#58 57 64 67 2 16 15 55 62 76 69 13 42 48 10 
#58 57 64 67 2 0 75 55 62 76 69 30 42 30 70 
#38 33 64 67 9 16 75 36 62 34 69 66 45 7 70 
#58 20 14 22 23 16 56 55 52 76 63 28 42 30 70 
#63 57 19 45 9 43 75 8 62 5 63 66 42 7 38 
#38 57 64 67 2 0 75 5 62 34 63 13 42 30 38 
#63 57 24 10 23 45 75 55 62 76 69 66 27 7 10 
#58 57 24 67 9 0 75 36 62 76 69 28 42 30 70 
#63 57 24 67 52 16 15 55 62 34 4 66 42 7 70 
#58 57 14 22 23 0 75 55 52 32 69 28 7 30 70 
1 32 45 15 7 9 
49 30 33 24 11 53 
58 6 42 51 13 5 
28 46 17 39 18 21 
23 56 44 12 57 4 
0 50 19 52 16 10 
#Base: 947
#Max: 824
#870116
#11 7 37 17 9 16 75 55 39 32 69 66 42 48 70 
#58 7 37 17 52 16 56 36 62 29 63 30 7 30 70 
#58 7 64 67 9 16 75 36 25 76 63 30 20 48 70 
#58 7 64 67 12 47 56 8 39 76 63 28 7 30 70 
#63 20 64 45 9 0 56 8 39 76 63 66 7 30 70 
#63 20 37 67 9 45 56 8 25 76 63 30 27 7 70 
#63 20 64 45 9 47 15 36 14 76 69 30 42 7 70 
#63 57 64 67 52 16 75 55 62 32 69 28 27 7 70 
#58 57 14 67 52 47 75 55 52 76 69 28 45 7 70 
#58 20 64 10 23 16 75 55 52 76 63 28 42 30 10 
#63 20 37 67 52 16 15 55 39 76 63 66 20 7 70 
#38 33 16 67 12 0 56 36 39 76 63 66 20 48 38 
#38 33 16 45 52 0 75 55 52 76 69 30 45 30 70 
#63 57 24 45 2 0 75 55 62 76 69 13 42 30 70 
#63 57 64 67 9 47 46 36 25 76 63 28 42 48 70 
#63 57 24 67 23 45 15 36 62 76 69 28 42 48 70 
#63 57 64 67 2 16 46 55 62 76 63 30 42 30 70 
#58 57 64 67 2 45 75 55 62 76 63 30 42 48 70 
#63 57 64 67 2 45 75 36 62 34 63 66 27 48 70 
#63 33 24 67 2 16 75 36 62 76 63 28 45 48 70 
#63 25 24 45 23 0 75 55 62 34 69 66 20 7 38 
#58 57 24 67 2 16 75 8 62 76 69 30 27 7 70 
#58 57 64 67 2 45 75 8 62 76 63 30 20 7 70 
#58 57 24 67 52 0 75 36 62 76 63 30 20 7 70 
#58 57 24 67 9 0 75 36 62 32 63 30 27 48 70 
#11 57 24 45 2 16 75 36 46 32 63 66 20 48 70 
#58 33 64 67 23 16 56 55 62 76 69 13 42 48 70 
#38 33 64 17 9 16 56 55 62 76 63 28 42 30 70 
#38 57 64 67 2 16 75 36 25 76 63 30 45 7 70 
#58 57 64 67 9 47 75 5 25 32 69 66 45 30 70 
#11 7 19 67 9 45 75 55 52 76 63 30 42 48 38 
#63 7 37 17 9 47 56 55 25 76 63 66 42 48 70 
#63 57 64 67 9 16 75 55 14 76 63 30 27 48 38 
#58 57 64 67 52 0 75 55 62 76 63 28 45 48 70 
#58 57 64 10 12 47 75 55 52 76 63 30 7 30 10 
#58 20 64 22 23 16 56 36 52 76 63 28 42 30 70 
#58 7 64 67 9 45 15 55 62 76 4 66 42 7 38 
#63 20 37 45 12 45 56 36 25 76 63 28 42 48 70 
#38 33 16 45 9 0 15 36 14 76 69 30 45 48 38 
#58 57 14 67 2 47 75 55 62 76 69 30 20 30 70 
#63 57 24 10 9 47 75 36 62 76 69 30 42 7 10 
#58 20 64 67 23 47 56 55 52 76 63 28 42 30 38 
#63 57 24 67 23 16 15 55 62 34 69 28 42 29 70 
#63 57 24 67 12 45 56 36 52 76 63 28 20 48 38 
#58 33 16 45 2 16 75 36 62 76 69 66 42 30 70 
#58 57 64 67 52 45 75 55 62 76 69 30 27 48 70 
#63 33 24 67 2 45 75 36 62 76 69 13 45 30 70 
#63 20 24 67 9 16 46 55 25 76 63 28 27 48 38 
#63 57 64 67 23 0 75 55 62 76 69 28 42 7 38 
#63 57 24 10 9 45 75 36 52 76 63 13 42 7 70 
#58 57 64 67 2 16 75 8 62 76 69 30 42 7 70 
#58 57 64 67 52 45 75 36 62 34 63 66 20 48 70 
#63 57 64 67 9 45 75 36 62 76 69 28 42 48 70 
#58 57 64 67 9 16 75 55 62 76 69 30 27 48 10 
#11 57 64 45 9 47 75 36 46 32 69 28 20 7 38 
#58 57 64 10 2 45 15 55 62 76 69 66 42 48 10 
#58 57 64 67 23 16 56 8 25 76 63 30 42 7 70 
#58 57 64 67 9 45 75 36 62 34 63 30 20 7 70 
#58 57 64 67 9 0 75 5 62 76 69 28 42 30 70 
#58 57 16 45 2 16 75 5 52 32 63 30 45 48 70 
#Base: 947
#Max: 855
#902851
