#[0] 3, 3
#[1] 4, 3
#[2] 3, 4
#[3] 3, 2
#[4] 2, 3
#[5] 2, 4
#[6] 1, 3
#[7] 2, 2
#[8] 3, 1
#[9] 4, 4
#[10] 5, 3
#[11] 3, 5
#[12] 4, 2
#[13] 3, 0
#[14] 5, 4
#[15] 4, 5
#[16] 5, 2
#[17] 4, 1
#[18] 0, 3
#[19] 1, 4
#[20] 2, 1
#[21] 1, 2
#[22] 2, 5
#[23] 0, 4
#[24] 5, 1
#[25] 0, 2
#[26] 5, 5
#[27] 1, 5
#[28] 2, 0
#[29] 1, 1
#[30] 4, 0
#[31] 0, 5
#[32] 1, 0
#[33] 0, 1
#[34] 5, 0
#[35] 0, 0
#Turn 0
44 20 51 21 53 49 
36 50 10 19 35 17 
2 4 58 24 28 39 
15 11 43 32 34 55 
59 29 0 47 40 42 
13 7 6 3 46 12 
#Base: 963
#Max: 360
#373832
#Turn 1
#19 1 2 39 35 34 50 8 0 33 32 36 14 19 20 
#19 1 1 15 13 22 14 53 30 29 29 8 14 4 20 
#14 9 1 14 7 9 14 43 7 3 29 18 39 4 51 
#19 8 35 9 5 9 10 16 10 41 35 18 20 1 20 
#43 8 46 19 19 27 10 16 10 41 35 28 24 46 45 
#7 25 24 33 24 37 9 47 31 35 43 10 2 31 26 
#7 30 24 46 6 37 8 47 31 3 43 5 22 17 26 
#33 30 3 46 15 19 8 30 22 23 13 5 22 20 12 
#33 7 3 29 17 36 11 15 30 23 14 69 1 6 7 
#3 8 49 29 17 36 6 15 30 26 25 2 7 37 33 
#6 9 5 49 22 27 19 1 26 1 4 5 9 32 35 
#6 9 27 43 22 27 19 0 22 13 4 14 18 26 26 
#9 29 27 34 6 4 7 0 68 4 13 16 18 15 67 
#35 10 2 10 6 4 4 14 44 11 38 4 16 15 67 
#22 10 2 1 5 1 33 2 2 17 38 11 65 47 16 
#12 16 13 21 13 12 16 19 4 13 37 9 38 8 2 
#25 2 64 21 3 15 31 19 0 13 21 18 38 12 14 
#20 20 13 71 14 6 31 11 0 5 1 18 12 12 5 
#20 4 3 16 14 25 51 10 16 67 4 26 10 53 17 
#16 17 3 16 2 25 51 10 9 48 2 26 10 19 17 
#14 29 0 4 36 8 0 13 29 5 18 46 15 45 7 
#20 65 5 7 12 20 0 29 10 3 5 46 13 45 15 
#20 65 5 7 72 20 30 29 10 25 33 9 13 31 15 
#1 16 13 14 72 37 19 15 3 23 62 9 41 17 1 
#1 16 40 0 3 7 30 15 9 36 18 17 41 2 2 
#14 8 1 13 2 3 27 33 27 25 25 37 43 11 55 
#25 27 1 13 32 13 10 33 7 25 25 5 34 11 55 
#42 5 14 1 1 13 9 8 7 13 6 5 34 40 24 
#42 5 20 38 61 31 9 8 14 13 8 13 29 63 5 
#34 20 20 32 25 9 12 6 2 8 16 9 29 8 33 
#41 2 16 33 24 5 22 12 13 35 13 30 16 31 11 
#7 32 24 30 6 34 50 8 31 3 43 10 14 19 26 
#13 9 5 46 15 22 8 13 22 40 29 5 28 4 51 
#33 32 35 13 7 19 11 43 7 3 13 18 1 1 7 
#19 8 49 9 17 36 10 16 10 26 16 2 20 6 11 
#7 1 40 13 19 23 34 16 31 30 25 28 7 2 33 
#17 34 4 33 24 37 5 47 13 35 13 5 15 31 11 
#6 9 5 24 6 37 19 60 31 18 4 13 8 26 32 
#9 30 27 46 19 56 7 13 68 40 27 5 22 17 12 
#33 32 20 2 6 19 11 30 44 23 13 69 1 20 67 
#22 10 49 10 6 36 4 15 30 26 38 2 54 13 10 
#41 48 40 1 11 1 33 16 2 17 25 11 20 47 33 
#17 34 4 49 4 37 16 1 26 1 37 61 7 32 19 
#25 9 67 21 13 27 19 60 32 18 21 9 38 26 32 
#2 29 27 34 19 5 7 3 0 13 49 14 18 12 14 
#20 6 20 71 6 4 3 14 44 4 13 3 16 53 5 
#22 4 3 16 3 45 51 10 16 67 4 26 65 19 17 
#41 48 3 1 2 2 33 2 9 17 2 11 20 47 16 
#12 16 0 4 40 8 16 13 29 5 18 31 7 17 7 
#25 17 15 5 36 12 25 13 32 3 21 9 38 45 2 
#2 65 5 7 12 20 30 3 10 25 30 5 13 31 14 
#20 19 13 71 72 37 12 11 14 23 1 9 12 53 5 
#1 4 3 16 3 7 51 15 3 67 62 26 10 7 2 
#44 17 4 0 2 18 39 14 9 48 2 17 32 23 32 
#50 10 0 4 18 8 36 38 27 5 18 31 8 17 45 
#20 8 15 5 36 1 0 13 26 3 25 37 26 11 55 
#25 27 12 7 12 13 10 7 10 25 30 5 13 31 15 
#42 5 13 1 72 31 9 8 27 23 8 9 13 63 5 
#1 16 20 14 61 7 27 15 3 36 62 9 41 8 33 
#34 20 4 32 3 9 23 14 2 58 16 17 24 23 53 
9 37 0 14 6 50 
32 31 41 57 59 16 
54 8 43 23 38 5 
45 12 22 51 46 58 
17 13 18 39 28 42 
53 40 21 52 4 25 
#Base: 963
#Max: 417
#433022
#Turn 2
#6 8 5 29 6 36 19 60 31 18 4 13 8 26 32 
#19 9 5 39 35 37 50 60 0 33 32 36 14 26 32 
#19 10 2 1 5 1 50 8 0 17 38 36 65 19 20 
#22 30 24 46 5 37 8 47 2 17 43 5 65 47 26 
#2 65 5 46 6 20 30 47 10 3 43 5 13 17 14 
#7 9 24 30 15 34 8 13 22 40 43 10 28 19 26 
#7 32 40 30 6 1 33 8 31 3 25 11 14 19 26 
#41 5 13 1 72 31 9 8 2 17 25 11 13 63 5 
#34 20 13 32 3 31 23 14 2 23 8 17 13 63 53 
#25 20 64 32 3 15 23 14 2 13 21 18 38 23 53 
#50 10 3 29 18 36 36 38 30 23 14 69 8 17 7 
#33 7 3 21 13 36 19 60 32 23 14 9 38 6 32 
#1 16 67 14 72 27 19 60 3 18 21 9 41 26 32 
#1 16 27 46 19 56 19 13 3 23 62 9 22 17 1 
#9 25 24 33 19 37 7 13 31 35 27 5 2 31 12 
#20 29 27 71 6 4 7 14 44 4 13 3 16 15 5 
#20 29 27 7 72 20 30 29 68 4 33 9 13 31 67 
#20 19 13 7 72 37 12 11 14 25 1 9 13 53 5 
#22 4 13 71 72 45 51 10 14 67 4 26 12 19 5 
#1 16 3 14 61 7 51 15 16 67 62 26 41 8 33 
#35 20 2 10 6 4 4 14 44 11 38 18 12 12 67 
#20 10 3 10 14 4 4 10 44 67 38 26 10 15 67 
#33 4 3 16 6 25 11 30 16 23 13 69 1 20 67 
#42 5 20 2 6 31 11 8 44 13 8 69 1 63 5 
#42 34 4 49 4 31 9 1 26 13 37 61 29 32 5 
#44 17 49 0 2 18 4 14 30 48 38 2 32 13 32 
#20 65 5 10 6 20 0 29 30 26 38 46 13 45 15 
#20 4 5 7 12 7 51 15 3 67 5 46 10 7 2 
#1 8 46 16 19 27 10 16 3 41 62 26 10 46 45 
#43 8 46 13 2 3 27 33 27 25 25 28 43 46 55 
#13 8 5 29 15 36 6 13 30 40 29 2 28 4 51 
#6 32 5 24 6 34 50 60 31 18 43 13 14 26 32 
#41 1 40 1 35 34 50 16 2 33 25 36 20 47 20 
#22 5 13 1 72 1 33 2 2 17 38 11 13 63 16 
#34 30 4 46 3 9 8 47 2 3 43 5 22 17 26 
#2 65 5 21 3 20 31 19 10 13 21 18 38 31 14 
#13 9 0 4 15 8 36 38 27 5 18 5 28 4 45 
#7 7 3 29 17 34 50 15 30 23 43 69 1 6 7 
#25 9 40 21 11 1 33 16 2 18 21 11 20 47 33 
#1 16 13 1 72 37 9 15 27 23 62 9 41 17 5 
#34 20 4 32 3 56 23 14 2 40 27 17 24 23 12 
#25 25 64 21 3 37 31 19 0 35 21 10 2 12 14 
#20 10 0 71 18 8 36 14 44 5 18 31 8 53 5 
#33 7 27 34 6 4 11 0 68 23 14 69 1 6 67 
#20 65 67 7 72 20 30 29 32 18 21 9 13 26 32 
#20 19 13 71 72 37 12 11 3 23 1 9 41 53 5 
#22 4 27 46 3 45 7 10 68 67 27 5 65 17 12 
#7 16 20 33 24 37 27 47 31 36 62 10 2 8 33 
#20 6 13 71 14 6 3 11 44 5 13 3 12 12 5 
#35 10 27 34 6 4 7 14 68 4 38 16 18 15 67 
#20 65 5 16 72 20 30 29 16 67 4 26 10 53 15 
#33 19 13 71 6 19 12 30 44 23 1 9 12 20 5 
#42 4 20 38 61 45 51 10 16 13 8 26 29 19 17 
#17 16 20 14 4 7 16 15 3 1 62 61 7 8 19 
#44 17 13 0 14 6 39 14 0 48 1 17 12 23 32 
#22 10 49 10 6 4 4 15 30 26 38 4 16 15 67 
#20 4 5 16 12 25 0 10 16 3 4 46 10 53 17 
#1 32 20 16 6 7 51 30 44 67 13 69 1 7 2 
#43 8 20 38 19 31 10 8 14 13 35 13 29 63 45 
#14 8 1 49 2 37 16 33 27 1 37 61 7 32 55 
17 9 24 22 28 58 
4 47 33 19 7 31 
32 10 43 44 12 52 
39 45 46 18 16 49 
26 29 23 50 57 59 
13 42 1 3 21 37 
#Base: 963
#Max: 461
#478712
#Turn 3
#20 20 64 32 72 37 23 11 14 25 1 9 38 53 5 
#42 34 4 49 4 15 23 1 2 13 37 18 38 23 53 
#33 34 3 49 6 31 11 1 26 13 37 69 1 32 5 
#1 4 46 16 19 25 10 16 3 41 62 69 10 46 67 
#1 8 20 38 19 27 10 16 14 13 35 26 29 63 45 
#2 65 5 46 6 37 27 47 31 36 62 10 2 17 14 
#7 5 13 33 24 1 33 2 2 17 38 11 13 8 16 
#22 5 3 1 72 7 33 15 2 17 62 26 13 63 33 
#1 5 3 14 72 31 9 15 2 67 25 11 13 63 5 
#6 5 13 24 6 34 9 8 31 18 43 13 13 26 32 
#41 1 3 1 18 36 50 38 2 33 25 69 8 47 7 
#33 7 27 29 6 4 11 0 30 23 14 69 1 17 7 
#20 65 27 34 72 20 30 0 32 18 21 9 1 26 32 
#1 16 67 14 72 27 19 60 3 18 21 9 41 26 32 
#1 4 67 14 72 45 51 60 3 18 8 9 41 26 17 
#20 19 13 71 72 37 12 15 3 23 1 9 41 53 5 
#22 19 27 46 72 37 12 10 68 67 27 9 41 53 5 
#22 4 27 46 72 45 51 10 68 67 27 26 12 19 12 
#22 29 27 7 72 20 51 10 14 67 33 9 12 19 5 
#20 10 27 7 6 20 7 29 68 4 38 9 13 15 67 
#43 8 5 10 2 3 27 29 30 25 25 46 13 46 55 
#42 5 20 2 6 31 27 33 44 25 25 28 43 63 55 
#42 65 20 2 6 20 30 8 16 13 4 69 1 63 15 
#1 32 20 16 6 7 30 30 16 67 4 26 10 7 15 
#1 32 20 16 6 7 16 30 44 67 13 61 7 32 55 
#20 16 27 46 19 56 36 14 44 5 18 31 22 53 1 
#20 10 5 39 18 8 50 14 0 5 18 36 8 53 5 
#19 30 24 39 5 37 8 47 0 17 32 5 14 47 32 
#22 30 24 10 14 37 4 10 44 67 38 5 10 47 67 
#7 7 3 10 17 34 4 10 44 23 38 69 1 6 7 
#20 65 5 7 6 20 12 11 14 25 43 5 13 53 5 
#25 20 64 33 3 37 23 47 31 13 62 18 38 8 33 
#42 5 4 1 72 1 9 1 2 17 37 11 13 63 16 
#33 4 3 14 61 25 51 30 16 23 13 26 1 8 33 
#1 8 13 1 72 31 9 16 3 17 62 11 13 63 45 
#43 32 20 24 19 34 50 60 14 18 43 13 14 26 45 
#2 1 40 1 35 20 30 16 10 33 25 5 13 17 20 
#50 10 3 33 18 37 36 47 30 36 14 10 8 17 7 
#22 7 27 1 6 4 33 2 2 23 14 11 13 6 16 
#1 65 3 14 61 7 51 15 32 67 21 26 41 8 33 
#41 5 67 14 72 27 19 60 2 18 25 11 13 63 32 
#42 4 5 38 61 34 50 60 16 18 43 13 14 19 17 
#1 16 13 1 35 34 50 15 2 23 25 9 20 47 5 
#20 10 3 71 72 37 12 11 3 23 1 9 8 53 7 
#22 7 27 46 6 45 7 0 68 23 27 5 65 17 67 
#22 65 13 71 72 20 30 10 14 67 4 26 13 26 5 
#20 16 27 7 72 20 30 60 68 4 21 9 41 26 67 
#35 4 20 38 61 4 51 10 68 13 8 16 29 19 17 
#1 65 13 10 6 20 0 29 27 26 38 46 13 45 5 
#43 19 13 13 72 3 27 33 27 23 25 28 43 53 5 
#22 5 27 2 6 31 7 10 44 67 8 69 65 63 5 
#22 65 13 16 72 45 51 10 16 67 4 26 12 53 15 
#1 29 20 16 6 7 30 30 68 4 33 9 1 7 2 
#35 8 1 34 6 4 16 14 68 4 38 61 7 15 55 
#1 65 5 10 6 20 0 29 30 26 38 9 13 45 15 
#20 10 46 71 18 8 36 33 44 5 18 31 43 46 55 
#19 9 5 2 35 31 11 8 44 33 32 69 1 63 32 
#22 30 24 16 5 37 30 29 16 67 4 26 65 47 26 
#20 32 20 10 14 7 51 30 44 67 13 26 10 15 2 
#14 7 1 49 2 34 16 15 30 1 43 69 1 6 55 
59 47 18 22 5 53 
35 43 41 50 57 49 
56 7 14 45 40 24 
15 3 46 16 51 55 
12 34 13 17 44 0 
10 21 31 39 28 8 
#Base: 963
#Max: 515
#534787
#Turn 4
#14 7 20 38 61 34 16 15 68 1 43 16 1 19 55 
#22 4 27 7 72 4 51 10 14 67 8 16 29 19 17 
#42 65 27 7 72 20 51 8 16 67 33 9 1 19 5 
#42 65 5 46 6 20 30 47 16 36 4 69 2 63 14 
#2 8 5 34 6 4 27 14 31 36 62 10 7 15 14 
#20 10 20 24 19 34 12 11 14 18 1 13 14 53 7 
#20 10 5 71 72 37 50 60 3 23 1 13 8 53 7 
#22 4 27 2 6 31 50 10 16 67 8 13 65 19 5 
#22 30 27 16 6 31 30 29 16 67 8 69 65 63 26 
#43 19 13 16 72 37 30 33 16 67 25 28 43 47 26 
#22 5 3 2 35 7 33 8 2 33 62 26 13 63 33 
#1 5 3 14 72 7 33 60 3 17 62 26 13 63 17 
#22 4 13 14 72 45 30 10 14 18 4 9 13 26 17 
#41 5 13 14 72 20 19 60 2 67 4 26 13 26 5 
#41 5 67 14 6 7 16 60 44 18 13 11 13 63 32 
#20 4 13 71 19 37 12 16 3 41 62 69 41 53 5 
#1 4 46 16 19 20 10 16 3 41 21 69 10 46 67 
#20 19 27 46 72 20 12 10 68 4 27 9 41 53 5 
#22 19 27 46 72 37 51 10 16 67 27 26 12 53 5 
#20 10 46 16 72 45 36 10 16 5 4 26 43 46 55 
#20 65 27 1 72 31 30 0 32 17 21 9 1 26 45 
#1 8 67 14 72 27 9 16 3 18 21 9 41 26 32 
#1 4 27 14 72 27 19 10 3 67 21 26 12 26 12 
#22 7 27 46 72 45 7 10 68 67 27 26 12 17 12 
#22 20 64 32 72 37 7 0 14 23 27 9 65 53 5 
#42 1 20 1 18 31 50 38 2 33 25 69 43 63 55 
#25 5 64 2 6 31 27 47 31 25 25 18 38 63 55 
#25 65 3 14 61 7 51 15 32 67 62 26 41 8 33 
#22 30 3 10 14 7 4 15 32 67 21 26 41 47 33 
#1 30 3 14 14 37 9 15 44 67 25 11 10 47 5 
#14 7 20 24 2 34 50 15 14 18 43 69 14 26 55 
#35 10 20 71 72 4 12 10 68 13 8 16 8 19 17 
#42 29 5 7 61 20 50 60 14 18 43 9 14 19 5 
#42 65 20 2 6 20 30 8 44 13 4 69 65 63 15 
#2 30 5 16 6 37 30 47 31 67 4 10 2 47 14 
#43 8 13 34 72 3 16 14 68 23 25 61 43 53 5 
#19 32 5 2 35 31 11 8 44 18 43 13 14 26 45 
#20 5 3 1 72 37 12 15 3 23 1 26 13 63 7 
#1 4 67 14 61 45 50 60 3 18 43 13 41 26 17 
#22 5 27 2 72 20 30 10 14 67 4 26 13 26 5 
#41 5 67 14 72 37 30 60 16 18 25 11 13 47 32 
#1 32 20 13 6 3 16 33 44 23 13 28 43 53 55 
#19 9 13 71 35 37 11 15 3 33 1 9 1 53 5 
#22 4 3 16 19 7 33 16 2 41 62 69 10 46 67 
#20 4 67 7 72 45 30 60 3 18 8 9 41 26 67 
#22 65 27 71 72 20 30 10 14 67 27 9 41 26 5 
#41 65 67 14 72 45 19 10 2 67 4 26 12 63 15 
#20 32 46 16 18 7 36 33 44 5 13 61 43 46 55 
#20 19 27 71 72 20 30 0 32 18 1 9 1 53 32 
#1 8 46 1 19 25 9 16 3 41 62 11 10 46 45 
#1 16 27 7 72 20 19 60 68 4 21 9 41 26 32 
#22 4 27 46 72 45 12 10 68 67 27 26 12 19 5 
#22 65 13 46 6 45 7 0 68 67 4 26 65 17 15 
#20 20 64 71 18 8 23 11 14 25 1 31 43 46 55 
#20 65 27 1 72 20 50 38 32 18 25 9 1 26 32 
#1 8 13 2 72 31 27 16 3 17 25 28 13 63 55 
#1 16 67 33 3 37 19 47 3 18 21 9 41 8 32 
#22 4 27 46 72 7 51 10 68 67 27 26 41 8 12 
#22 30 27 46 14 37 4 0 44 23 38 5 10 47 67 
#20 5 3 14 72 37 9 15 2 25 25 11 38 63 5 
16 13 17 38 43 14 
31 54 53 8 2 47 
50 24 33 57 52 26 
18 35 44 46 27 3 
48 23 40 45 25 6 
0 19 51 15 9 11 
#Base: 963
#Max: 522
#542056
#Turn 5
#41 5 13 16 72 20 19 60 3 67 4 69 13 46 67 
#20 5 27 46 72 20 12 60 68 4 27 26 13 53 5 
#20 4 67 46 61 20 50 10 3 4 43 9 41 26 17 
#22 4 67 14 19 45 33 16 2 41 43 13 41 26 67 
#41 5 67 16 19 7 16 60 2 41 62 69 10 46 32 
#35 10 27 71 72 20 12 10 32 18 8 9 1 26 17 
#20 20 64 1 18 20 23 11 14 25 1 9 43 26 55 
#22 20 64 71 18 31 30 29 14 67 8 31 65 46 55 
#22 65 27 16 72 20 51 29 16 67 8 9 1 19 5 
#20 32 46 7 72 20 36 33 16 67 33 9 43 19 55 
#1 20 27 7 72 20 19 60 14 23 21 9 65 53 5 
#22 20 20 32 72 20 30 0 14 23 27 9 65 63 15 
#42 65 27 2 6 20 30 8 68 13 4 69 65 8 12 
#22 65 13 46 6 45 51 0 68 67 27 26 65 8 15 
#25 65 64 2 6 31 7 47 31 67 4 18 38 63 15 
#22 8 27 46 72 3 51 10 16 23 27 61 43 53 5 
#20 8 67 7 72 3 30 60 68 23 8 61 43 26 5 
#41 4 67 7 72 45 30 10 3 67 4 9 41 63 15 
#25 65 67 14 72 45 51 10 32 67 4 26 12 8 15 
#42 65 5 14 6 20 30 47 16 67 62 69 41 8 14 
#20 7 27 46 72 20 7 0 68 67 1 9 12 17 32 
#41 7 27 14 72 45 30 60 68 18 27 11 13 17 32 
#22 65 67 14 72 37 30 10 14 18 27 11 41 47 32 
#42 65 27 1 18 31 30 10 2 67 25 69 41 26 5 
#20 1 20 71 72 37 50 38 2 23 1 13 8 63 7 
#14 10 46 16 72 45 36 15 16 5 43 16 43 19 55 
#20 10 27 16 72 45 12 10 16 5 4 26 43 46 55 
#20 4 13 46 19 45 12 10 68 67 62 69 12 53 5 
#43 4 13 71 19 37 30 16 16 41 62 69 41 47 26 
#1 19 13 16 72 37 33 33 16 67 62 26 43 47 17 
#35 4 46 16 72 20 10 16 68 13 21 69 8 46 67 
#20 5 13 1 72 20 50 60 2 18 25 9 1 26 5 
#20 20 27 71 72 8 23 10 14 25 1 31 41 46 55 
#1 30 67 14 61 31 30 60 3 18 43 69 41 63 26 
#42 4 27 7 72 7 51 16 2 67 62 9 1 19 67 
#41 5 46 14 6 7 36 60 44 18 13 11 43 46 55 
#1 16 20 7 72 20 19 10 68 13 8 16 8 26 32 
#20 65 64 1 72 37 7 38 14 18 27 9 65 53 32 
#20 20 64 2 6 8 23 11 44 25 4 31 43 63 15 
#22 30 27 16 6 31 30 10 16 67 8 69 65 8 26 
#42 65 13 46 72 45 7 8 16 67 33 9 65 17 15 
#20 5 64 2 18 7 36 33 31 25 13 61 38 63 55 
#22 16 27 46 72 37 51 60 16 4 21 9 41 26 32 
#22 8 64 34 72 3 16 14 14 23 25 61 43 53 5 
#42 4 67 7 6 20 30 60 3 18 4 9 65 63 67 
#22 4 67 14 72 7 51 10 2 67 4 26 41 63 15 
#22 65 13 14 61 45 51 15 32 67 4 26 41 8 33 
#25 5 5 2 6 31 30 47 16 25 4 69 38 63 14 
#22 19 27 71 72 37 51 0 16 18 27 9 12 53 32 
#43 8 13 46 72 45 16 14 68 67 27 26 12 17 12 
#20 5 67 14 72 45 30 60 16 18 8 11 41 47 32 
#22 65 67 14 72 20 30 10 14 67 4 26 41 26 5 
#42 1 20 14 61 31 51 38 2 67 62 69 43 63 33 
#20 65 5 46 72 20 50 60 3 36 4 69 8 63 7 
#20 19 20 71 61 20 30 0 68 18 43 9 1 19 55 
#20 7 27 16 72 45 36 10 68 5 27 26 12 46 55 
#22 5 67 14 72 37 12 60 68 18 25 26 13 19 32 
#22 4 27 71 72 37 12 10 14 67 62 69 41 26 5 
#43 1 20 16 72 31 30 38 2 67 25 28 43 47 55 
#1 10 3 71 72 7 33 60 3 17 1 13 13 53 7 
54 55 56 44 29 12 
1 50 51 13 45 46 
49 14 37 33 0 22 
28 40 53 52 57 16 
21 4 27 7 30 17 
41 34 58 18 19 9 
#Base: 963
#Max: 597
#619938
#Turn 6
#20 7 20 71 61 45 30 10 68 18 27 9 1 46 55 
#22 5 27 14 72 37 12 60 68 5 27 26 12 19 55 
#22 4 67 7 72 20 12 60 3 18 4 9 13 19 32 
#1 4 67 16 6 20 33 33 16 67 62 9 43 63 17 
#42 19 27 2 72 37 30 8 16 67 62 26 43 47 12 
#20 5 67 14 72 45 12 60 68 18 27 26 41 53 32 
#22 65 67 14 72 20 30 10 16 67 4 11 41 26 5 
#22 65 67 46 6 20 30 10 68 67 4 26 41 8 15 
#22 4 13 14 72 45 51 10 68 67 27 26 41 8 15 
#22 4 13 14 61 7 51 15 2 67 4 26 41 8 33 
#25 65 13 2 6 45 16 47 68 67 4 18 38 17 15 
#25 65 64 2 6 31 7 47 14 18 4 18 38 53 15 
#1 30 64 14 61 31 30 60 14 18 27 69 65 53 32 
#1 5 13 16 72 20 30 60 3 67 4 69 41 46 26 
#41 65 13 16 72 20 30 10 14 67 27 69 13 46 32 
#42 4 13 46 72 37 30 8 16 41 33 69 41 17 26 
#42 65 13 46 72 45 50 8 16 36 4 69 8 17 7 
#20 1 20 46 61 20 51 38 3 67 4 69 8 63 33 
#42 4 20 14 61 37 12 38 14 67 62 69 43 63 33 
#20 4 27 7 72 3 30 60 68 23 62 61 43 26 5 
#41 7 67 14 72 45 16 60 68 41 62 11 13 17 32 
#20 5 67 16 19 45 12 10 2 67 62 69 10 46 5 
#22 20 64 46 19 45 12 29 68 67 62 31 65 53 5 
#22 4 46 71 18 20 30 29 14 67 21 31 65 46 55 
#35 4 46 16 72 20 10 16 3 13 21 69 41 46 15 
#20 5 64 2 18 7 36 16 31 25 13 9 1 63 67 
#43 1 20 7 72 31 30 16 2 67 25 9 43 19 55 
#25 1 20 14 72 31 51 38 2 67 4 26 12 8 55 
#25 65 67 14 72 20 51 10 32 67 4 69 41 8 14 
#42 32 46 7 72 20 36 33 16 67 33 9 43 8 55 
#20 19 27 46 72 20 12 60 68 18 27 9 13 19 5 
#20 5 67 14 72 45 36 60 68 18 27 11 12 47 32 
#22 5 67 14 72 20 12 60 68 67 4 26 13 19 32 
#42 65 67 7 6 45 30 0 68 18 4 26 65 8 15 
#1 19 67 16 72 7 51 33 16 67 4 26 41 47 17 
#42 65 13 2 6 20 51 8 68 13 4 26 41 8 33 
#43 8 13 46 72 45 16 14 68 4 27 26 12 53 12 
#25 65 64 14 72 31 30 47 31 18 8 18 41 47 32 
#22 65 64 14 72 20 30 38 14 18 27 26 41 26 32 
#1 65 67 14 6 31 30 0 68 67 27 69 41 8 26 
#41 5 67 14 72 7 19 60 2 67 4 69 41 63 15 
#22 65 13 14 61 45 51 10 14 67 27 11 41 47 33 
#43 4 13 46 19 45 16 14 16 67 27 26 12 17 12 
#25 65 64 2 72 45 7 47 31 67 4 9 38 17 15 
#20 65 5 46 72 20 50 60 3 18 27 9 65 53 32 
#42 30 67 14 61 31 30 60 2 67 62 69 43 63 33 
#41 5 13 71 72 20 19 10 3 67 4 69 41 26 5 
#20 65 67 14 72 3 30 10 68 18 8 61 43 47 32 
#41 4 27 14 19 45 30 60 16 41 27 11 41 17 32 
#41 65 13 16 72 45 7 60 16 67 62 69 65 46 15 
#20 65 5 46 72 45 12 10 68 36 62 69 8 63 5 
#22 1 64 71 18 31 51 29 2 67 8 69 43 63 55 
#35 4 46 71 72 20 12 10 68 13 62 69 8 46 67 
#20 4 67 7 72 45 30 10 3 23 4 61 41 63 5 
#41 7 27 14 18 7 36 60 31 25 27 61 38 63 55 
#42 5 27 16 72 7 16 60 2 41 62 9 1 19 67 
#43 4 13 16 72 45 30 10 2 67 25 28 12 53 5 
#25 20 67 71 72 31 51 10 14 67 8 26 65 46 15 
#35 65 46 16 6 20 30 16 16 67 21 69 8 46 67 
#41 4 67 7 72 20 36 10 16 67 4 9 41 63 15 
38 34 41 23 17 0 
13 7 19 57 58 16 
4 37 18 50 22 43 
5 40 51 45 52 47 
54 14 12 49 28 39 
46 32 31 20 44 29 
#Base: 963
#Max: 674
#699896
#Turn 7
#1 65 67 16 72 20 51 38 16 67 27 26 41 47 32 
#1 19 67 16 72 7 51 33 16 67 4 26 41 47 33 
#22 4 13 71 61 45 30 10 14 67 21 11 41 46 33 
#20 4 20 46 18 20 30 29 3 67 4 69 65 63 33 
#20 1 20 46 61 20 51 10 68 18 4 69 1 46 33 
#22 65 67 46 6 20 30 10 3 67 4 26 41 46 26 
#20 4 67 46 6 3 30 60 68 23 4 61 43 26 5 
#20 20 27 71 72 31 51 60 68 67 62 61 65 46 15 
#35 65 67 71 72 20 30 16 16 67 21 26 8 46 15 
#35 65 46 16 72 20 50 16 16 67 21 69 8 17 7 
#25 65 27 2 72 31 30 47 31 67 8 18 43 47 12 
#25 65 64 14 72 31 30 47 31 67 62 69 43 63 32 
#20 4 5 14 72 45 12 38 68 67 62 69 8 63 5 
#22 20 5 46 72 45 12 29 68 67 62 69 8 63 5 
#25 65 64 2 19 45 7 29 31 67 4 9 65 17 15 
#20 5 67 14 72 7 19 60 2 67 4 26 41 53 15 
#22 5 67 14 72 31 19 29 2 67 4 69 41 63 55 
#22 1 64 71 61 31 30 29 2 67 8 69 43 63 33 
#42 30 67 71 61 31 30 60 68 67 62 69 8 46 33 
#35 65 67 14 72 20 30 10 68 13 62 61 43 47 67 
#41 65 13 14 72 7 30 60 14 25 27 69 38 63 32 
#41 30 13 14 61 20 30 60 14 18 27 69 13 46 32 
#41 65 13 16 72 45 7 60 16 18 27 69 65 46 15 
#25 65 13 14 72 20 7 10 16 67 62 69 41 46 14 
#1 65 67 14 6 31 30 0 68 67 27 69 41 8 26 
#41 5 13 71 72 20 12 10 3 67 4 69 41 26 5 
#22 5 67 14 72 45 36 60 68 18 27 26 12 47 32 
#20 7 67 14 72 45 16 60 68 18 62 11 13 17 32 
#20 7 5 46 72 45 16 60 68 18 27 11 13 53 32 
#20 32 46 7 72 20 36 60 3 67 33 9 65 8 55 
#1 5 13 14 72 20 30 60 14 67 4 26 41 46 26 
#22 19 67 46 6 20 51 33 16 67 4 26 41 8 17 
#20 65 13 7 61 3 30 10 68 23 27 61 41 47 5 
#25 4 67 71 72 20 51 10 14 67 8 31 65 46 15 
#35 65 20 46 6 20 51 16 3 67 21 69 8 63 67 
#20 7 20 46 61 45 50 10 16 18 4 69 1 17 7 
#42 19 27 16 72 20 30 8 16 67 4 26 43 47 12 
#25 65 64 14 6 20 30 47 68 18 8 26 41 8 15 
#42 4 27 14 61 3 30 60 14 67 62 69 43 63 33 
#20 65 67 46 72 45 12 10 68 36 8 69 8 63 15 
#22 20 64 46 19 20 12 29 68 67 62 69 8 46 67 
#42 65 13 2 72 45 50 47 16 67 4 69 38 17 7 
#20 5 67 14 72 45 30 60 16 67 62 26 41 47 12 
#41 65 67 14 72 31 19 60 31 18 8 18 41 47 15 
#22 1 20 14 18 37 51 38 14 67 8 69 43 63 33 
#20 30 67 14 61 45 12 60 2 36 62 69 8 63 33 
#22 20 64 71 19 45 12 10 68 13 62 69 65 53 5 
#20 65 64 14 72 45 30 47 31 67 4 9 38 17 15 
#20 7 27 14 72 45 12 60 68 18 27 61 38 53 32 
#41 5 13 14 72 20 19 10 14 67 4 69 13 63 15 
#22 30 64 71 18 31 30 60 14 67 27 69 43 63 55 
#42 65 67 16 61 31 30 60 16 67 62 69 43 46 15 
#35 4 46 71 72 20 12 10 32 13 4 69 8 8 67 
#1 65 67 14 72 3 30 10 68 67 8 61 43 47 26 
#41 5 13 14 18 7 36 10 3 67 4 69 38 63 55 
#22 65 67 14 72 20 30 60 14 67 4 26 13 19 32 
#20 5 67 14 61 45 36 60 14 18 27 11 65 53 32 
#41 7 13 16 72 45 7 60 16 41 62 11 65 17 15 
#25 65 67 14 72 20 51 10 3 18 27 9 65 53 32 
#42 65 67 7 72 20 36 0 68 67 33 9 41 8 26 
56 9 48 33 34 58 
24 47 20 40 16 23 
43 59 39 19 50 12 
45 46 51 18 11 38 
29 8 53 7 13 42 
55 41 22 17 0 26 
#Base: 963
#Max: 745
#773624
#Turn 8
#20 65 46 14 61 45 36 16 16 67 21 69 65 17 7 
#35 7 27 14 72 20 50 16 16 18 27 61 38 17 32 
#25 7 27 71 72 45 51 10 14 18 27 61 65 46 15 
#25 4 67 71 72 20 51 10 3 67 21 31 65 46 67 
#25 65 20 46 6 20 51 16 3 67 27 9 8 63 32 
#20 65 67 14 6 45 30 0 31 67 4 69 41 8 15 
#20 65 13 14 72 7 30 47 31 25 4 9 38 17 32 
#41 20 64 14 19 20 30 29 14 25 62 69 8 63 67 
#22 5 64 14 19 20 19 29 2 67 4 69 41 63 55 
#25 5 13 14 72 31 19 29 2 67 62 69 41 63 14 
#42 65 67 14 72 20 19 60 31 67 33 18 41 47 15 
#20 65 67 7 72 45 12 10 68 36 33 69 8 63 26 
#20 65 67 14 72 20 12 10 68 36 62 69 8 47 15 
#35 65 67 71 72 20 30 10 68 13 62 61 43 63 55 
#20 4 5 71 18 31 12 38 68 67 27 69 8 63 55 
#22 20 67 14 19 45 12 60 2 13 62 69 8 63 33 
#22 65 64 16 19 31 12 10 16 13 62 69 43 46 15 
#42 65 67 16 61 31 30 60 68 67 62 69 43 46 15 
#25 65 67 14 72 31 30 60 68 67 62 69 43 46 33 
#42 65 27 14 72 31 30 47 14 67 62 69 43 63 32 
#20 32 46 7 72 20 30 60 16 67 21 26 8 8 55 
#1 65 67 71 72 20 30 10 68 67 21 61 43 47 26 
#1 65 27 71 72 31 30 60 68 67 62 61 43 47 15 
#22 20 27 71 72 31 51 29 68 67 62 61 8 46 15 
#22 5 67 14 72 45 30 60 68 67 62 26 8 47 5 
#22 65 13 14 72 20 50 60 14 67 4 69 13 17 32 
#42 65 13 16 72 45 7 47 16 18 4 69 38 46 15 
#41 65 13 71 61 45 7 60 2 67 8 69 43 63 33 
#1 1 64 16 72 20 51 29 16 67 8 69 43 63 33 
#22 5 67 14 72 20 51 60 68 67 27 26 12 47 32 
#20 65 67 14 6 31 36 0 68 67 27 11 65 8 32 
#20 65 46 14 72 45 50 47 16 67 21 9 38 17 7 
#20 7 13 14 72 7 12 60 14 18 27 61 38 63 32 
#22 4 64 71 19 20 12 10 68 67 8 31 8 46 67 
#35 65 20 14 72 20 51 16 2 67 21 69 41 63 55 
#25 65 13 14 72 20 7 10 16 18 27 9 41 46 32 
#1 65 67 14 72 31 19 0 68 67 27 18 41 8 15 
#42 65 67 14 72 45 30 0 68 67 4 9 38 8 15 
#41 65 67 46 72 7 12 60 68 36 8 69 8 63 32 
#22 65 64 14 72 20 30 10 68 67 62 61 8 46 67 
#22 30 67 71 72 31 19 60 2 67 27 69 41 63 55 
#25 65 13 14 72 20 7 38 68 67 62 69 8 46 5 
#41 30 67 14 72 31 12 60 31 18 8 18 8 63 15 
#42 20 67 71 72 45 36 10 68 67 33 69 41 53 5 
#20 65 67 46 72 31 30 60 16 67 62 69 8 63 15 
#35 65 67 14 61 31 30 60 68 13 62 61 43 47 67 
#25 30 64 14 18 31 30 60 14 67 62 69 43 63 55 
#42 4 5 14 72 45 12 38 68 67 62 69 43 63 33 
#20 30 46 14 61 45 12 60 3 67 62 69 8 63 55 
#35 20 67 71 19 45 30 10 68 67 21 26 65 46 15 
#1 65 67 14 72 3 30 10 16 67 62 61 43 47 26 
#42 30 27 71 72 31 30 60 68 67 62 69 65 46 33 
#22 65 5 46 72 45 30 47 68 67 62 69 43 63 32 
#20 4 67 14 61 45 30 60 14 67 62 26 43 63 33 
#20 65 46 7 72 20 30 60 3 67 33 26 13 19 55 
#35 65 67 2 72 20 50 16 16 67 4 69 38 17 15 
#1 65 13 14 72 45 7 60 68 18 8 69 65 46 26 
#22 1 27 71 61 31 51 29 68 67 62 69 65 63 33 
#22 20 5 16 72 20 51 29 68 67 27 26 41 47 5 
#22 5 67 14 72 45 30 60 16 67 27 26 12 47 12 
28 14 11 47 53 56 
0 50 34 57 3 29 
12 48 22 13 45 10 
21 43 52 51 17 19 
41 46 39 18 40 23 
2 49 27 44 38 24 
#Base: 963
#Max: 773
#802700
#Turn 9
#1 1 5 71 18 20 51 38 68 67 8 69 43 63 33 
#20 4 67 71 72 45 12 38 68 36 27 69 8 63 26 
#20 4 5 14 72 45 12 10 68 36 33 69 43 63 26 
#42 4 5 14 72 45 12 38 14 67 62 26 43 63 33 
#20 4 13 14 72 45 30 60 14 18 62 69 43 46 33 
#1 65 67 14 72 45 36 10 16 67 21 61 43 47 7 
#35 65 67 14 72 20 30 16 16 67 21 61 41 63 55 
#35 1 20 71 72 31 51 29 68 67 21 69 65 63 33 
#25 4 67 71 72 31 51 29 68 67 21 69 65 46 67 
#22 4 67 14 72 20 51 60 68 67 27 31 12 46 32 
#20 65 67 14 72 45 12 10 3 36 62 69 8 47 15 
#20 65 46 71 72 31 12 60 68 67 62 69 8 47 15 
#1 65 27 71 72 31 30 10 68 13 62 61 43 63 15 
#35 65 67 71 72 20 30 10 68 13 62 61 43 47 67 
#35 65 67 14 61 20 30 60 68 13 62 61 41 47 67 
#1 20 67 71 72 20 30 10 68 67 33 69 43 53 26 
#42 20 5 71 72 45 36 47 68 67 33 69 43 63 5 
#42 30 5 46 72 31 30 60 68 67 62 69 65 46 33 
#42 65 27 16 72 31 30 60 68 67 62 69 65 46 33 
#42 65 67 14 72 31 30 47 14 67 62 69 43 63 32 
#25 65 13 14 18 31 30 60 68 67 62 69 43 63 55 
#22 65 64 14 72 20 30 60 68 67 62 61 8 46 67 
#25 65 67 14 72 31 30 10 68 67 62 61 43 46 33 
#22 65 67 71 72 31 30 60 2 67 62 69 43 46 33 
#22 20 27 71 72 31 19 29 68 67 62 69 8 63 15 
#35 20 67 71 72 45 30 10 14 67 21 26 65 46 15 
#41 65 67 71 61 45 30 10 68 67 8 26 43 63 33 
#20 65 13 46 61 45 30 60 2 67 8 69 8 63 33 
#41 65 67 46 72 31 12 60 16 67 62 69 8 63 15 
#22 5 67 14 72 7 30 60 68 67 8 69 8 63 5 
#20 1 64 16 72 45 36 29 16 67 21 69 43 63 7 
#20 65 67 71 72 3 12 10 16 67 62 61 43 47 55 
#20 65 67 14 72 20 12 16 2 36 33 69 41 63 26 
#42 4 5 71 61 45 51 29 68 67 62 69 65 63 33 
#20 4 67 71 61 20 30 60 3 67 62 26 65 63 67 
#1 5 13 14 72 20 51 60 68 18 27 26 12 46 26 
#20 65 67 14 72 20 12 16 68 67 21 69 65 17 15 
#1 65 46 14 61 45 12 60 16 67 62 69 43 47 55 
#35 65 27 14 72 31 30 60 68 67 21 61 43 63 15 
#22 65 67 71 72 20 30 29 68 67 62 61 43 63 33 
#25 4 67 14 61 31 30 10 68 13 62 31 43 47 67 
#42 65 67 14 72 20 19 60 68 67 33 18 12 47 32 
#20 65 67 71 72 20 30 10 68 67 62 69 8 47 15 
#42 30 67 14 72 45 12 10 3 67 62 69 8 63 5 
#22 65 27 71 72 45 30 60 68 67 62 61 43 47 15 
#35 30 27 71 72 20 30 60 68 13 62 69 65 46 55 
#42 65 67 16 61 31 30 60 68 67 62 69 43 46 15 
#42 65 27 14 72 31 19 60 31 67 33 18 41 47 32 
#25 65 13 71 72 20 30 10 68 67 21 61 43 46 26 
#42 30 67 14 18 31 36 60 14 67 62 69 41 53 55 
#22 65 5 14 72 20 30 10 68 67 62 69 43 63 32 
#42 65 67 71 72 31 30 60 68 67 62 69 65 46 33 
#22 65 67 16 72 31 30 60 68 67 62 69 43 46 55 
#22 20 27 14 72 31 51 29 14 67 62 69 43 46 15 
#25 7 13 71 72 20 7 10 68 67 62 69 65 46 15 
#25 30 64 71 18 31 30 60 68 67 21 26 43 46 15 
#22 65 13 14 72 20 7 60 2 67 8 69 8 63 33 
#25 65 67 14 72 31 30 60 68 67 62 69 8 46 15 
#41 30 67 71 72 31 12 60 68 36 27 69 41 63 55 
#22 20 27 71 72 45 51 60 68 67 62 26 8 47 15 
41 24 38 22 42 6 
15 31 28 58 57 49 
59 7 46 18 8 20 
21 23 44 51 39 17 
37 26 45 52 13 14 
48 16 11 33 19 34 
#Base: 963
#Max: 848
#880582
#22 65 67 71 72 20 19 29 68 67 33 69 12 47 15 
#35 65 27 14 72 31 19 29 68 67 21 69 43 63 15 
#25 65 27 14 72 31 30 60 68 67 21 61 43 63 15 
#20 65 67 71 72 31 30 10 68 67 62 69 43 46 15 
#20 65 67 14 72 20 30 16 68 67 21 69 8 47 15 
#1 65 67 71 72 20 12 10 16 67 33 69 43 53 26 
#20 65 67 71 72 3 12 10 16 67 62 61 8 47 55 
#41 65 67 71 72 31 12 60 68 36 27 69 8 63 55 
#41 30 67 71 72 31 12 60 68 67 62 69 41 46 55 
#25 65 67 14 72 31 30 60 14 67 62 69 41 53 55 
#35 1 27 71 72 31 51 60 68 67 62 69 8 47 15 
#42 65 20 16 72 31 51 60 68 67 21 69 65 46 15 
#42 65 27 16 72 31 30 60 68 67 62 69 43 46 33 
#25 65 27 71 72 31 51 29 68 67 62 69 65 46 33 
#25 4 67 71 18 31 30 29 68 67 62 69 43 63 55 
#22 65 64 71 72 20 30 60 68 67 62 61 8 46 67 
#22 65 67 71 72 45 30 60 2 67 62 69 43 46 33 
#42 65 27 71 72 31 30 60 68 67 62 61 43 46 33 
#22 65 67 71 72 31 30 29 68 67 62 69 43 46 33 
#22 65 5 71 72 20 30 60 68 67 62 61 65 46 33 
#1 65 46 71 61 45 30 10 68 67 62 69 43 63 33 
#41 30 27 71 61 45 30 10 68 67 8 26 65 46 55 
#35 30 67 71 72 31 30 60 68 67 62 69 65 46 55 
#22 65 67 16 72 31 30 10 68 67 62 69 43 47 67 
#35 65 67 71 72 20 30 10 68 13 62 61 41 47 67 
#42 65 5 71 72 45 30 47 68 67 33 61 43 63 5 
#42 65 5 71 72 45 36 47 68 67 62 69 43 47 5 
#20 65 46 71 72 45 12 29 68 67 62 69 65 47 33 
#42 4 67 71 72 45 51 47 68 67 62 69 65 63 32 
#42 65 67 71 72 20 30 47 3 67 62 69 43 63 67 
#1 20 67 14 72 20 19 60 68 67 33 18 12 47 26 
#22 20 67 71 72 31 12 29 16 67 62 61 8 47 15 
#35 65 67 46 72 31 30 60 16 67 62 61 43 63 15 
#41 30 67 71 72 31 12 10 68 36 62 69 41 63 33 
#25 65 67 71 72 20 30 10 68 67 62 69 8 46 15 
#42 65 67 14 18 20 30 60 14 67 62 61 41 63 55 
#1 20 27 71 72 20 30 60 68 67 33 26 43 53 26 
#35 1 20 71 72 3 12 29 68 67 21 69 43 63 33 
#42 65 67 46 61 31 30 60 68 67 62 69 43 63 15 
#42 30 27 71 72 31 12 60 68 67 62 69 41 46 55 
#25 65 67 14 72 31 51 29 68 67 21 69 8 46 67 
#42 65 67 14 18 31 36 60 14 67 62 69 43 63 55 
#22 20 27 71 72 20 51 60 68 67 62 61 8 46 15 
#22 1 67 71 72 31 51 29 68 67 21 69 65 63 33 
#22 65 67 16 61 45 30 60 68 67 62 61 43 47 15 
#42 65 67 71 72 31 30 60 68 67 62 69 65 46 33 
#22 4 67 71 72 20 51 29 68 67 62 61 65 46 67 
#42 30 13 46 72 31 30 60 68 67 62 69 43 63 33 
#1 65 64 14 61 20 12 60 68 67 62 61 43 47 67 
#41 65 67 71 61 45 30 60 68 67 8 69 43 46 33 
#22 65 27 71 72 20 30 60 68 67 62 61 43 46 15 
#42 65 67 71 72 31 30 60 68 67 62 69 65 46 33 
#22 65 67 71 72 20 30 10 68 67 62 61 43 47 33 
#42 30 67 46 61 20 30 60 68 67 62 69 41 47 33 
#25 65 46 14 61 20 30 10 16 67 62 61 43 47 26 
#42 20 5 71 72 45 36 47 68 67 33 69 43 63 5 
#20 65 46 71 72 31 12 60 68 67 62 69 8 47 55 
#22 4 5 16 72 31 51 29 68 67 62 69 43 63 55 
#35 65 67 71 72 31 30 47 14 67 62 61 43 47 67 
#20 65 67 14 61 20 30 60 3 13 62 61 41 47 67 
#Base: 963
#Max: 848
#880582
