#[0] 3, 3
#[1] 4, 3
#[2] 3, 4
#[3] 3, 2
#[4] 2, 3
#[5] 2, 4
#[6] 1, 3
#[7] 2, 2
#[8] 3, 1
#[9] 4, 4
#[10] 5, 3
#[11] 3, 5
#[12] 4, 2
#[13] 3, 0
#[14] 5, 4
#[15] 4, 5
#[16] 5, 2
#[17] 4, 1
#[18] 0, 3
#[19] 1, 4
#[20] 2, 1
#[21] 1, 2
#[22] 2, 5
#[23] 0, 4
#[24] 5, 1
#[25] 0, 2
#[26] 5, 5
#[27] 1, 5
#[28] 2, 0
#[29] 1, 1
#[30] 4, 0
#[31] 0, 5
#[32] 1, 0
#[33] 0, 1
#[34] 5, 0
#[35] 0, 0
#Turn 0
6 55 11 10 57 16 
3 14 50 13 2 4 
23 56 28 42 25 18 
51 47 12 24 40 53 
22 45 49 17 32 39 
26 37 48 52 33 36 
#Base: 925
#Max: 350
#378378
#Turn 1
#21 45 2 15 8 38 47 11 28 10 28 2 56 20 14 
#1 41 2 33 21 48 47 10 28 22 11 27 28 0 14 
#10 52 37 33 21 50 2 11 2 18 11 8 35 0 25 
#10 17 5 33 24 50 10 4 8 33 14 8 40 6 10 
#33 22 45 31 10 32 21 4 8 2 1 34 37 6 48 
#21 26 36 24 12 1 29 8 36 15 17 15 24 36 22 
#5 26 23 24 35 57 7 32 38 21 38 15 12 4 46 
#5 29 23 10 50 20 7 32 1 21 38 35 23 4 4 
#32 29 0 14 19 2 18 13 1 25 29 35 13 17 24 
#10 12 28 27 4 22 31 35 16 5 22 6 13 17 34 
#36 32 26 3 22 31 13 10 43 0 23 29 2 21 12 
#59 2 23 3 20 2 13 40 2 12 15 64 10 21 16 
#1 24 8 16 20 2 23 40 70 29 5 12 5 14 4 
#46 10 8 17 34 9 25 6 9 20 1 5 21 34 4 
#46 14 18 1 40 9 25 6 24 36 66 5 27 11 7 
#24 32 6 40 3 20 8 55 18 13 25 0 3 3 4 
#23 14 3 2 31 5 9 11 4 13 65 18 15 8 17 
#32 3 3 8 20 3 11 11 5 41 17 73 52 8 17 
#32 12 23 46 3 7 11 33 1 26 17 73 2 67 3 
#9 13 15 46 3 7 5 33 7 26 17 4 18 5 56 
#19 1 12 4 41 53 53 5 7 4 0 25 40 7 18 
#24 1 12 11 7 18 53 6 45 14 21 14 40 22 18 
#17 19 19 11 21 1 20 3 45 14 18 35 25 3 4 
#17 19 61 0 10 6 20 3 1 27 18 35 6 5 6 
#8 43 51 6 15 6 2 3 48 26 21 20 6 5 6 
#16 3 23 16 3 37 1 21 54 1 5 36 38 30 41 
#19 20 3 16 9 16 1 20 46 13 3 36 18 30 33 
#19 20 3 19 8 44 7 17 60 13 44 16 10 18 20 
#12 2 12 20 35 9 7 0 22 46 14 9 10 18 8 
#12 15 20 20 35 1 6 0 17 33 14 3 56 3 8 
#21 17 34 34 8 1 15 2 16 15 19 4 24 20 28 
#21 26 2 24 8 7 20 8 28 22 28 15 28 19 46 
#5 41 23 10 35 48 2 32 1 21 38 27 35 0 25 
#10 29 0 33 18 20 7 13 1 33 14 8 23 7 24 
#32 17 45 25 19 2 21 4 8 8 1 34 50 6 10 
#34 22 5 27 10 32 31 8 18 2 22 2 6 12 48 
#21 17 36 34 14 23 29 53 43 0 23 19 2 12 51 
#21 7 16 24 54 7 20 19 48 12 17 15 10 21 12 
#37 2 23 10 20 57 23 40 2 29 5 12 5 14 16 
#8 29 8 7 50 21 7 13 70 60 1 35 10 3 4 
#32 4 20 14 19 2 25 6 9 25 29 56 21 17 32 
#20 12 18 1 4 18 31 47 24 5 22 6 27 52 29 
#19 17 26 16 14 12 8 55 18 0 25 19 3 12 4 
#24 32 16 3 20 31 13 41 4 13 15 29 15 30 12 
#37 14 3 65 31 5 23 40 15 0 5 18 5 14 17 
#32 24 13 8 34 3 25 27 70 41 5 73 10 34 3 
#46 12 20 17 2 9 25 6 9 36 66 5 2 67 7 
#20 14 18 1 40 18 53 15 24 28 6 24 18 8 29 
#39 39 52 40 41 12 8 5 18 4 0 25 24 7 4 
#19 1 12 4 7 20 9 6 7 26 65 0 15 30 17 
#24 14 3 11 21 5 15 3 45 14 17 18 25 3 17 
#17 3 7 8 20 1 11 53 5 41 5 35 17 15 4 
#9 34 61 46 30 6 2 33 48 27 17 20 2 5 22 
#7 43 15 6 6 40 53 15 48 28 8 22 18 5 13 
#39 3 23 2 41 37 51 21 19 4 23 10 24 7 17 
#12 29 12 4 7 16 1 6 7 26 5 36 18 30 33 
#24 63 19 11 21 44 15 37 45 13 3 16 25 42 8 
#17 20 12 0 10 9 20 17 1 64 18 35 7 18 4 
#8 2 20 20 35 6 4 3 48 27 14 20 56 3 6 
#2 43 21 6 15 2 11 11 17 26 31 3 17 8 30 
49 34 41 2 54 7 
37 19 4 52 27 21 
24 32 11 17 56 1 
53 14 46 45 39 0 
40 48 20 18 6 25 
57 58 44 36 12 38 
#Base: 925
#Max: 402
#434595
#Turn 2
#19 1 12 4 19 20 21 4 8 26 65 34 15 30 10 
#32 17 45 1 4 18 21 4 8 8 1 6 27 6 10 
#10 12 18 1 4 18 31 47 2 18 22 6 27 0 29 
#39 3 23 2 21 37 51 11 19 4 23 8 24 0 25 
#39 29 23 10 50 20 7 21 19 4 23 35 23 7 17 
#9 7 15 46 54 7 20 33 7 26 17 4 10 5 56 
#9 22 15 46 10 7 5 4 7 26 17 4 18 5 56 
#33 34 45 46 10 6 2 4 48 27 17 34 37 5 22 
#19 20 3 19 30 44 2 33 60 13 17 16 2 18 20 
#24 20 3 11 7 18 53 6 45 13 21 16 40 18 20 
#8 43 23 6 35 6 2 3 48 26 38 27 6 0 6 
#5 2 23 10 20 48 13 40 1 21 38 27 10 0 16 
#59 2 3 8 20 3 11 40 2 12 17 64 52 21 17 
#24 63 3 11 20 44 11 11 5 41 17 16 52 8 8 
#1 41 2 11 21 44 15 37 45 13 3 16 28 0 8 
#46 14 18 6 6 9 53 15 24 28 8 5 27 11 13 
#46 14 18 17 2 9 25 6 9 36 66 5 27 67 7 
#32 24 13 8 2 3 25 6 9 36 5 5 10 67 3 
#32 24 8 7 50 21 25 13 70 60 1 73 10 34 4 
#8 45 2 15 8 38 47 13 70 60 28 35 10 20 14 
#39 39 52 40 19 12 8 5 9 4 0 56 21 17 32 
#39 1 12 40 41 53 53 5 7 4 0 25 40 7 4 
#19 1 12 46 41 53 53 33 1 4 17 73 40 67 18 
#32 12 23 46 3 57 11 33 38 26 38 73 12 67 46 
#16 3 23 24 3 37 1 32 54 1 5 15 12 30 46 
#8 2 12 0 10 9 4 3 48 27 14 35 7 3 4 
#8 2 3 20 31 5 4 40 48 27 14 20 5 3 17 
#37 17 3 34 14 5 23 40 15 0 23 18 5 12 17 
#1 24 8 16 14 23 29 40 70 29 5 19 2 14 4 
#1 24 23 16 20 57 23 40 2 29 5 12 5 14 16 
#19 1 16 24 7 7 20 19 7 12 17 15 15 30 12 
#32 17 15 46 19 2 21 33 8 8 17 4 18 6 56 
#33 12 18 31 10 18 31 4 8 5 1 6 27 6 48 
#10 52 37 46 21 50 2 11 2 18 11 20 35 0 22 
#19 20 3 2 41 37 7 17 60 4 23 10 10 7 20 
#24 29 23 11 50 20 53 32 1 21 38 14 40 4 18 
#8 43 51 6 15 6 2 3 48 12 21 20 10 21 12 
#5 41 15 10 3 7 5 33 7 26 38 27 35 5 56 
#59 2 23 3 20 32 13 40 2 12 1 64 37 21 48 
#9 34 3 8 20 3 2 11 5 27 17 20 2 5 17 
#19 20 19 11 21 44 7 37 45 13 3 16 10 42 20 
#24 41 2 33 21 18 47 6 45 22 21 14 28 22 14 
#8 43 51 6 6 6 2 3 48 28 8 20 18 5 13 
#5 41 23 10 35 48 25 32 24 36 38 27 35 11 25 
#46 12 20 3 20 9 25 6 2 36 66 5 10 21 16 
#32 24 13 8 34 3 25 27 70 41 5 73 52 34 17 
#24 63 8 11 50 21 15 13 45 13 3 16 10 3 4 
#21 45 2 15 21 38 47 10 28 22 11 27 28 0 14 
#7 4 20 14 6 40 53 6 48 25 8 22 18 17 13 
#39 14 52 40 41 12 25 6 18 4 0 25 24 7 7 
#46 1 12 4 41 53 25 5 9 4 0 5 2 67 18 
#32 24 23 8 34 3 11 27 1 41 5 73 10 34 3 
#8 29 8 7 50 57 7 13 38 21 1 15 12 3 4 
#16 3 2 16 8 37 47 21 28 1 28 36 56 30 14 
#17 4 20 14 10 9 20 6 1 64 18 56 7 18 32 
#39 2 20 40 41 12 4 5 48 4 0 20 24 7 6 
#37 1 3 4 41 5 23 40 15 0 0 25 5 7 18 
#21 17 36 46 3 23 29 53 1 26 17 19 2 12 51 
#1 26 23 16 35 2 23 32 70 21 5 12 5 14 46 
#16 3 23 16 20 57 1 40 54 29 5 12 38 14 16 
0 47 44 57 54 52 
31 24 53 16 33 41 
8 5 12 19 38 46 
58 50 45 23 18 20 
49 59 13 22 51 7 
48 28 35 21 43 37 
#Base: 925
#Max: 517
#558919
#Turn 3
#19 1 12 15 21 20 47 4 28 26 11 27 28 30 14 
#46 12 2 15 20 38 47 6 2 22 11 5 28 21 16 
#46 12 36 46 3 9 25 53 1 36 17 5 10 21 16 
#17 4 20 14 3 23 20 6 1 64 18 56 2 12 51 
#17 4 8 14 50 57 7 6 1 21 18 56 7 18 32 
#32 3 23 24 19 37 1 33 8 1 5 4 18 30 56 
#16 3 23 24 8 37 47 21 28 1 5 36 56 30 14 
#16 3 18 17 8 37 25 21 28 1 28 5 56 30 7 
#10 14 18 17 21 9 25 11 9 36 66 5 35 67 7 
#10 52 2 33 21 50 2 6 2 18 21 20 28 22 14 
#9 20 15 19 30 44 2 33 60 13 17 4 10 5 20 
#59 2 15 8 20 3 20 40 2 26 17 64 52 21 56 
#59 2 2 8 8 3 47 40 70 12 17 64 52 20 17 
#59 45 23 3 20 32 13 13 2 60 28 35 10 20 48 
#59 63 8 11 50 21 15 13 2 13 1 16 37 3 48 
#1 1 12 4 41 53 25 5 9 21 0 5 5 67 18 
#46 1 12 4 41 3 25 5 70 41 0 73 52 34 18 
#32 24 23 8 34 3 25 33 38 26 5 73 12 67 17 
#32 12 8 46 50 57 25 33 38 60 38 73 10 67 4 
#32 24 52 7 50 12 25 13 9 60 0 56 21 17 4 
#39 3 52 16 20 57 1 6 18 4 0 12 38 14 16 
#16 3 3 16 20 57 11 40 5 29 17 12 52 8 8 
#24 1 3 11 20 44 11 33 5 41 17 73 40 67 8 
#19 24 12 8 41 53 11 27 1 4 5 73 10 67 18 
#33 34 45 8 10 3 11 27 48 27 5 34 10 34 3 
#1 4 8 16 14 40 53 40 70 25 8 22 2 17 4 
#1 29 23 11 50 20 53 32 1 21 5 14 40 4 4 
#24 29 12 40 50 20 53 5 1 21 38 25 40 7 18 
#39 41 12 10 35 48 53 32 24 4 38 25 35 7 4 
#5 41 15 10 35 7 25 32 7 36 38 27 35 5 25 
#32 17 15 46 19 20 21 33 8 8 17 34 15 30 10 
#16 45 2 15 21 37 1 32 54 22 11 27 28 30 46 
#46 3 20 3 8 9 47 6 28 1 66 5 10 21 16 
#46 14 18 46 2 23 29 6 9 36 17 19 2 67 51 
#10 52 20 46 10 9 20 6 2 18 11 56 7 18 22 
#8 29 8 33 21 57 47 13 38 22 1 15 12 3 14 
#19 17 15 46 19 2 2 33 8 13 17 4 18 6 56 
#16 7 23 24 54 7 1 32 7 26 5 4 12 5 46 
#16 3 2 8 8 3 11 21 28 1 17 64 56 21 17 
#8 45 18 15 2 38 47 6 70 60 66 35 10 20 7 
#10 52 23 3 20 50 2 11 2 18 1 20 35 21 48 
#24 63 2 11 50 21 47 6 45 22 21 14 10 22 4 
#19 26 23 16 30 2 23 32 70 13 5 16 5 14 46 
#9 1 12 4 54 53 25 5 9 4 17 5 2 67 18 
#59 24 3 8 20 3 11 40 70 12 5 64 52 34 17 
#8 45 23 15 8 57 11 33 38 26 28 73 10 67 14 
#32 2 23 7 50 32 25 40 2 60 1 73 37 21 4 
#39 39 52 40 50 12 15 13 45 13 0 16 21 17 32 
#39 26 52 16 35 2 23 6 18 21 5 12 5 14 7 
#16 1 12 16 41 53 25 5 9 29 0 12 2 14 18 
#32 63 3 11 34 3 11 27 70 41 17 73 52 8 17 
#32 12 23 46 3 53 11 33 1 26 17 73 40 67 18 
#32 24 23 8 50 21 25 27 70 60 1 73 10 34 4 
#33 39 52 40 19 6 2 5 48 4 17 56 21 17 32 
#39 14 20 14 6 12 53 6 48 4 8 22 24 17 13 
#16 24 23 16 20 57 1 40 70 29 5 12 2 14 4 
#24 29 3 11 50 20 53 32 1 21 38 14 52 4 8 
#39 1 12 40 41 53 53 33 7 4 0 73 40 67 18 
#32 41 23 10 35 3 25 32 1 36 5 73 10 34 25 
#5 41 45 10 3 6 2 4 7 26 17 34 35 5 22 
2 4 55 33 8 43 
42 31 28 51 58 27 
56 53 12 39 16 47 
17 45 52 18 50 22 
3 14 11 57 44 13 
6 41 19 46 23 25 
#Base: 925
#Max: 553
#597838
#Turn 4
#17 4 8 14 50 9 7 53 1 21 18 5 10 21 32 
#17 4 8 16 50 57 7 40 1 29 18 12 2 14 32 
#46 14 18 46 2 57 1 6 70 29 5 19 2 14 51 
#46 14 18 46 2 9 25 6 9 36 66 5 35 67 7 
#10 1 12 4 54 53 25 11 9 36 17 5 2 67 18 
#19 45 23 15 30 2 23 32 54 22 5 27 28 30 46 
#16 41 12 10 21 37 53 32 24 22 38 27 35 7 46 
#32 41 12 10 3 53 11 32 24 26 17 73 40 67 4 
#32 41 23 46 35 53 25 32 1 36 17 73 10 67 18 
#24 41 23 10 50 3 53 32 1 36 5 25 10 7 18 
#33 39 52 11 19 6 2 32 1 4 17 14 21 17 8 
#59 2 2 8 8 6 47 40 48 4 17 56 21 20 17 
#8 45 2 15 8 38 47 6 70 12 17 35 10 20 7 
#46 45 12 15 41 38 25 5 70 60 66 35 10 20 18 
#39 39 12 4 41 12 25 13 70 13 0 73 52 34 32 
#8 24 23 15 34 57 25 33 38 26 5 73 10 67 14 
#8 45 23 8 50 21 25 33 70 26 1 73 10 67 4 
#32 24 23 46 50 57 25 33 70 60 38 73 10 34 4 
#32 12 8 11 34 57 11 27 70 60 38 73 52 67 4 
#24 1 3 11 34 3 11 27 70 41 17 73 52 67 17 
#59 4 8 11 50 23 20 13 2 64 18 56 37 12 48 
#59 2 15 8 20 21 20 40 2 13 17 64 37 21 48 
#39 1 15 8 20 3 53 33 2 4 17 64 40 67 18 
#59 1 12 8 41 3 11 40 7 12 0 73 40 67 17 
#59 24 23 8 20 32 11 13 2 12 28 64 10 20 17 
#16 63 2 11 8 21 47 6 28 1 21 36 56 30 4 
#24 63 2 11 50 12 25 13 45 22 0 56 21 17 4 
#32 24 52 7 50 32 25 40 2 60 0 56 21 17 4 
#32 24 23 7 50 32 25 27 2 4 5 73 37 21 4 
#1 4 8 16 41 40 11 40 1 4 5 22 10 17 4 
#19 26 36 46 30 2 23 53 1 36 5 16 5 21 46 
#17 4 2 15 21 37 1 6 54 22 18 56 7 18 32 
#39 41 12 16 20 57 53 40 24 4 38 12 2 7 4 
#46 14 18 46 3 23 11 33 1 26 17 19 40 67 51 
#10 41 18 10 35 3 25 32 9 36 5 5 10 67 25 
#9 29 12 40 54 53 25 5 1 21 17 5 40 67 18 
#24 26 23 11 50 20 23 32 1 13 38 14 52 14 46 
#33 45 2 15 21 37 2 5 54 4 11 56 28 30 46 
#59 41 12 10 35 48 53 32 70 12 38 25 52 7 17 
#8 45 23 15 3 38 11 33 70 26 66 73 40 67 7 
#46 1 23 10 41 3 25 32 1 41 0 73 10 34 25 
#39 29 52 40 50 12 15 13 45 13 38 25 40 17 32 
#24 29 23 8 34 20 53 33 38 21 38 14 12 4 17 
#33 45 52 40 8 6 11 5 48 26 17 56 10 17 32 
#32 2 2 8 8 3 47 40 70 60 1 73 52 20 4 
#8 12 18 15 50 38 25 33 70 60 66 73 10 20 4 
#32 1 12 11 34 3 25 27 70 41 17 73 52 34 18 
#24 1 3 11 20 44 15 33 5 41 0 16 40 17 32 
#32 24 23 8 34 23 25 33 1 26 5 73 2 67 17 
#59 45 23 11 8 57 11 13 2 13 28 16 37 67 48 
#32 24 15 8 20 21 20 27 2 26 17 73 52 34 4 
#39 1 12 40 41 53 53 33 7 60 0 73 40 67 4 
#59 24 3 11 20 3 11 27 70 41 5 64 52 8 17 
#59 45 23 11 20 32 13 33 5 60 17 73 10 67 48 
#17 4 23 14 3 23 47 21 28 64 5 36 56 30 14 
#59 63 8 11 50 21 15 13 45 22 1 14 10 22 48 
#59 2 15 8 50 12 20 40 2 26 17 64 52 17 4 
#39 2 12 7 50 32 25 33 7 60 0 73 37 67 18 
#59 24 3 8 20 53 11 40 70 4 5 64 52 34 17 
#1 45 8 3 14 40 13 40 70 25 28 22 10 17 48 
59 21 22 52 3 35 
43 56 20 13 49 55 
33 23 38 45 53 27 
44 8 51 18 39 58 
48 15 57 17 16 46 
37 2 7 19 14 41 
#Base: 925
#Max: 579
#625946
#Turn 5
#1 2 15 8 14 40 20 40 2 25 28 64 10 17 48 
#59 1 15 8 20 21 20 40 2 4 17 64 40 67 18 
#59 1 3 11 20 3 53 27 2 41 5 64 52 8 17 
#59 14 18 46 20 3 11 6 9 41 5 64 35 8 7 
#9 29 12 46 54 53 25 5 1 36 17 5 40 67 18 
#33 2 52 40 8 6 11 5 2 26 17 56 52 17 4 
#59 2 8 11 50 12 20 13 2 64 18 64 52 17 4 
#46 45 8 15 50 38 25 13 70 64 66 35 10 12 48 
#46 45 12 15 8 57 11 5 2 13 66 16 37 20 48 
#59 63 23 11 8 21 11 13 45 13 1 16 10 22 48 
#59 1 12 8 3 3 11 33 1 12 0 19 40 67 17 
#59 41 12 8 35 3 11 40 7 12 0 25 52 67 17 
#59 41 18 10 35 38 25 32 70 60 38 73 10 20 17 
#59 12 18 15 50 32 13 33 70 60 17 73 10 20 4 
#59 24 52 7 20 32 13 33 2 60 17 56 10 67 4 
#32 41 23 46 35 3 25 40 1 60 17 73 52 67 4 
#39 41 12 40 41 53 25 33 7 36 0 73 40 67 4 
#39 1 12 40 41 57 53 33 70 60 0 73 52 67 4 
#8 12 23 15 34 57 11 33 70 26 38 73 52 67 4 
#59 45 23 8 3 53 11 40 70 4 5 64 52 67 7 
#32 24 23 8 34 23 25 33 1 26 5 73 10 67 17 
#39 2 12 7 34 32 25 33 38 26 0 73 37 67 14 
#32 24 23 7 50 32 25 33 7 60 0 73 37 34 18 
#8 24 23 8 50 57 25 33 70 26 38 73 10 67 4 
#32 1 23 8 34 3 25 27 70 26 1 73 10 67 18 
#33 14 18 46 21 37 2 6 54 29 5 56 28 30 46 
#46 14 12 46 3 57 11 32 70 29 17 19 40 14 51 
#24 41 3 10 34 53 11 27 24 41 17 73 52 67 4 
#39 39 3 11 34 12 11 13 70 41 17 73 52 67 32 
#39 29 12 4 41 12 15 13 45 13 38 73 40 17 32 
#1 45 52 3 8 40 13 5 70 25 28 56 10 17 32 
#59 2 15 8 50 12 20 40 2 13 17 64 52 21 4 
#39 1 8 11 50 3 20 13 2 64 17 64 37 67 48 
#59 24 12 11 20 38 11 5 70 41 5 35 52 8 17 
#59 14 18 46 8 9 11 6 2 36 66 16 37 67 48 
#9 63 12 11 50 21 25 5 45 22 17 5 10 22 18 
#46 14 18 46 8 23 11 5 48 26 17 19 40 67 32 
#59 1 12 8 50 3 11 40 7 12 17 73 52 67 17 
#59 4 12 11 35 48 20 13 2 12 18 56 37 7 48 
#46 45 12 15 41 38 25 5 70 60 66 35 10 20 4 
#59 45 23 11 20 32 13 13 2 13 28 16 37 67 48 
#32 63 8 11 50 32 25 40 45 60 0 56 10 22 4 
#32 14 2 46 8 23 47 33 1 26 1 19 52 20 51 
#32 1 23 8 35 53 25 32 7 36 17 73 40 67 18 
#39 1 12 10 41 48 53 33 70 12 38 25 40 7 4 
#8 12 8 11 50 38 25 33 70 60 66 73 10 67 4 
#59 45 23 15 20 38 11 33 5 60 17 73 40 67 48 
#59 24 52 8 20 53 11 40 2 60 5 56 52 34 4 
#32 24 2 8 8 3 47 33 70 26 5 73 52 67 4 
#8 24 23 15 34 57 25 33 38 26 5 73 10 67 18 
#39 2 12 40 50 53 25 33 7 60 0 73 40 67 4 
#32 12 23 46 50 57 11 33 70 60 38 73 52 67 4 
#8 45 23 8 50 38 25 33 70 26 66 73 40 67 7 
#59 24 3 11 20 3 25 27 70 41 5 64 52 34 17 
#32 24 23 8 34 37 2 5 1 4 5 73 2 67 46 
#46 14 23 15 34 57 1 33 70 29 5 19 2 14 51 
#39 41 12 7 3 32 11 33 7 60 0 73 37 67 18 
#32 1 23 46 34 57 11 33 70 60 38 73 52 67 17 
#39 45 12 4 50 21 25 33 70 13 1 73 52 67 4 
#39 1 12 40 34 3 25 27 45 41 38 25 52 34 18 
6 21 37 48 43 22 
24 26 32 19 47 41 
34 27 7 45 46 14 
50 12 52 51 57 23 
49 39 15 17 18 16 
44 53 13 58 28 56 
#Base: 925
#Max: 628
#678919
#Turn 6
#59 2 8 7 34 32 25 13 38 26 18 64 52 67 4 
#39 1 12 8 50 32 25 33 7 12 0 73 37 67 17 
#32 1 12 8 50 3 11 40 70 26 17 73 52 67 4 
#32 24 2 8 8 53 47 33 70 36 5 73 52 67 18 
#32 1 23 7 35 53 25 33 7 36 0 73 37 34 18 
#46 14 12 46 3 3 25 32 70 26 1 19 10 67 18 
#46 1 8 46 50 3 11 13 2 29 17 64 37 67 51 
#39 45 23 8 3 3 11 40 70 64 5 64 52 67 48 
#59 45 52 8 3 53 11 40 70 60 5 64 52 67 4 
#59 24 8 11 20 32 25 40 45 60 0 56 10 22 4 
#59 41 18 46 34 9 11 6 24 36 17 16 52 67 4 
#46 41 8 15 50 38 25 27 24 64 17 35 10 67 48 
#46 45 8 15 50 38 25 33 70 64 66 35 10 67 4 
#59 12 8 15 50 38 11 33 5 60 66 73 40 67 48 
#59 45 23 7 20 32 11 33 5 60 17 73 10 67 4 
#39 2 12 10 50 53 25 33 70 60 0 73 10 67 17 
#8 41 18 10 50 38 25 32 70 60 38 73 40 20 7 
#8 12 23 8 50 38 25 33 70 60 66 73 52 67 4 
#32 12 23 46 50 57 11 33 70 60 38 73 52 67 4 
#32 24 23 46 50 57 25 33 70 60 38 73 52 67 17 
#46 45 23 15 41 38 25 5 38 26 66 35 10 20 4 
#46 45 12 15 35 38 25 5 70 60 17 73 10 67 4 
#39 41 23 40 41 57 53 33 70 60 17 73 52 67 4 
#39 12 12 15 41 57 53 33 70 26 0 73 52 67 4 
#39 12 23 40 41 57 11 33 7 26 0 73 52 67 4 
#39 1 3 10 20 48 25 27 70 12 5 25 40 7 17 
#59 12 18 15 20 3 25 27 70 41 17 64 10 34 4 
#59 12 18 15 50 21 13 33 70 13 1 73 52 67 4 
#39 39 3 11 34 12 11 13 70 13 1 73 52 67 4 
#39 39 12 7 34 32 11 13 70 41 17 73 37 67 32 
#32 2 8 8 50 3 20 13 2 26 18 64 10 17 4 
#39 2 12 7 34 32 11 32 38 29 17 73 37 67 14 
#39 1 8 8 50 3 20 40 2 12 17 64 37 67 48 
#32 45 23 8 3 3 11 33 70 4 5 64 52 67 7 
#59 24 52 8 35 53 11 40 7 60 5 73 40 67 4 
#32 63 23 7 50 32 25 40 45 60 0 73 10 34 4 
#32 1 18 46 8 3 11 6 70 26 1 73 10 67 18 
#24 14 3 10 34 57 11 27 70 41 17 73 52 67 4 
#46 45 8 15 50 3 20 13 2 64 17 35 37 67 48 
#59 12 8 11 3 53 25 40 70 4 5 64 52 67 4 
#59 45 23 15 20 38 11 40 2 60 17 56 40 34 4 
#59 24 8 7 50 32 25 33 2 60 17 56 10 67 4 
#39 14 12 46 50 53 25 33 2 36 66 73 40 67 4 
#59 41 3 10 34 38 25 27 70 41 17 73 10 67 17 
#46 45 8 15 50 38 25 13 70 26 66 73 10 67 7 
#8 12 8 11 50 38 11 33 70 60 38 73 52 67 4 
#32 45 23 15 34 38 11 33 5 60 38 73 52 67 17 
#59 24 52 8 50 57 25 33 70 60 38 73 10 67 4 
#39 24 23 40 34 57 25 33 7 26 0 73 40 67 4 
#59 45 12 10 41 38 25 5 70 60 66 35 10 20 17 
#32 45 23 8 35 38 25 33 1 60 66 73 52 67 7 
#32 1 12 46 41 57 53 33 70 60 0 73 52 67 4 
#8 1 23 46 34 57 11 33 70 60 38 73 52 67 4 
#39 41 12 40 41 53 25 33 70 26 38 73 40 67 4 
#39 24 23 15 34 57 25 33 38 12 5 73 40 7 18 
#46 24 3 11 20 3 25 27 70 60 66 35 10 34 17 
#32 12 23 46 50 32 25 33 1 60 17 73 52 67 4 
#39 45 12 40 41 21 25 33 70 60 1 73 52 67 4 
#39 39 3 11 34 57 11 13 70 41 38 73 52 67 32 
#39 41 12 7 41 53 11 33 7 60 0 73 40 67 4 
24 35 56 34 46 39 
59 37 3 17 45 29 
27 15 13 51 8 43 
50 53 18 22 47 58 
49 7 12 19 52 23 
11 21 42 57 44 16 
#Base: 925
#Max: 670
#724324
#Turn 7
#32 12 23 7 41 57 25 33 7 60 0 73 52 67 4 
#32 12 23 7 50 32 25 33 1 60 0 73 10 67 4 
#32 12 23 8 35 53 25 40 7 60 5 73 40 67 4 
#32 45 23 15 35 38 11 40 5 60 5 73 52 67 4 
#59 45 8 15 3 38 11 40 70 4 38 73 52 67 17 
#39 41 12 7 41 57 11 33 70 60 17 73 40 67 4 
#24 14 3 10 34 53 11 27 70 41 17 73 52 67 4 
#8 24 2 8 8 38 25 33 70 36 66 73 52 67 18 
#8 12 23 8 50 38 11 33 70 60 38 73 52 67 4 
#39 12 12 11 34 38 11 33 70 41 38 73 52 67 4 
#39 2 18 15 50 53 13 33 70 60 0 73 52 67 4 
#59 2 8 15 50 53 25 33 70 60 66 73 10 67 17 
#32 1 8 15 50 57 11 33 5 60 0 73 52 67 4 
#59 45 52 8 41 53 11 40 70 60 0 64 52 67 4 
#59 41 3 8 34 38 11 27 70 41 17 64 10 67 4 
#32 41 23 8 35 38 25 33 70 60 66 73 40 67 4 
#39 12 23 46 50 57 25 33 70 60 38 73 52 67 4 
#32 12 23 46 50 57 11 33 70 60 17 73 52 67 4 
#59 24 52 40 41 57 25 33 70 60 38 73 10 67 4 
#39 24 52 8 50 57 11 33 70 41 38 73 10 67 32 
#59 45 12 10 41 38 11 40 70 60 5 35 10 20 48 
#39 45 23 15 3 3 11 40 70 64 66 64 10 67 4 
#46 24 23 46 50 57 25 33 70 60 38 35 52 67 17 
#32 24 23 46 34 57 25 33 70 60 38 73 52 67 4 
#39 12 23 15 41 57 11 33 70 26 0 73 52 67 4 
#46 41 12 15 35 38 25 5 70 64 17 35 10 67 48 
#46 45 12 46 35 38 25 33 2 60 17 73 10 67 4 
#39 14 12 40 50 21 25 33 2 36 1 73 52 67 4 
#39 45 8 40 50 38 25 33 70 60 66 73 10 67 4 
#8 45 18 10 50 38 25 13 70 26 38 73 10 67 7 
#39 41 23 7 41 53 11 33 7 60 0 73 40 67 4 
#24 63 23 10 50 57 25 27 70 60 0 73 52 34 4 
#32 24 2 8 8 32 25 33 70 36 5 73 52 67 4 
#8 24 23 8 50 38 11 40 7 60 5 73 40 67 4 
#32 45 8 11 50 38 11 33 70 60 38 73 52 67 17 
#39 12 8 7 3 53 11 40 70 41 5 73 37 67 4 
#59 12 12 7 50 53 11 33 70 60 1 73 40 67 4 
#39 2 3 10 34 57 25 33 70 60 17 73 10 67 17 
#32 24 8 8 50 53 47 33 70 60 66 73 52 67 48 
#32 1 12 46 50 38 25 33 70 60 0 73 52 67 4 
#59 12 8 11 50 38 11 40 70 60 38 73 52 67 4 
#39 39 12 10 34 38 11 13 70 41 17 73 10 67 17 
#32 12 18 8 50 38 25 33 1 60 1 73 52 67 7 
#39 41 12 40 50 53 25 33 70 60 0 73 40 67 4 
#59 12 8 46 50 57 11 33 5 60 38 73 52 67 4 
#32 1 23 46 41 57 53 33 70 60 17 73 52 67 4 
#59 45 52 8 3 57 11 33 70 60 38 64 10 67 4 
#59 39 3 10 34 57 11 27 70 41 17 73 10 67 32 
#32 45 23 8 41 38 25 33 1 60 66 73 52 67 7 
#39 45 12 40 41 3 11 40 70 64 38 73 40 67 48 
#46 45 8 46 50 38 25 33 70 64 66 73 10 67 4 
#32 41 23 40 41 57 25 33 70 60 17 73 52 67 4 
#8 24 23 46 34 57 25 33 70 60 38 73 52 67 4 
#39 12 3 15 34 57 11 13 70 41 0 73 52 67 32 
#59 41 12 15 41 38 25 5 24 64 17 35 10 20 48 
#39 45 23 15 3 38 11 40 70 60 17 64 10 67 48 
#39 14 12 46 50 38 25 33 2 64 66 73 40 67 4 
#39 24 23 40 41 21 25 33 70 60 1 73 52 67 4 
#8 45 23 46 34 38 25 33 70 60 66 73 52 67 4 
#8 41 12 15 41 57 53 32 70 26 38 73 40 67 4 
21 55 5 19 59 47 
8 36 44 23 40 48 
39 46 45 58 13 31 
15 22 16 38 50 49 
10 34 11 18 51 43 
4 56 17 28 52 57 
#Base: 925
#Max: 691
#747027
#Turn 8
#39 45 23 15 3 38 11 40 70 64 17 64 10 67 4 
#39 41 23 7 3 57 11 33 70 60 17 73 10 67 48 
#39 24 52 8 50 57 11 33 70 60 17 73 40 67 32 
#39 41 12 15 41 57 53 32 70 26 38 73 40 67 32 
#59 39 12 10 34 57 11 27 70 26 17 73 40 67 32 
#59 12 12 7 50 53 11 33 70 60 38 73 52 67 4 
#59 12 8 46 50 53 11 33 5 60 38 73 52 67 4 
#32 24 8 46 34 57 11 33 70 60 38 73 52 67 4 
#59 12 8 11 34 57 11 33 70 60 38 73 52 67 4 
#32 12 8 8 41 38 25 33 70 60 38 73 52 67 7 
#32 45 52 46 50 38 25 33 70 60 38 73 10 67 4 
#32 45 23 8 41 57 11 33 70 60 17 64 52 67 4 
#32 1 23 46 41 57 25 33 70 60 17 73 52 67 4 
#8 45 52 46 34 53 11 33 70 60 66 64 52 67 4 
#24 63 52 8 50 53 11 40 70 60 0 73 52 67 4 
#32 41 23 46 35 57 25 33 70 60 38 35 52 67 17 
#39 12 23 46 50 57 25 33 70 60 38 73 52 67 17 
#32 24 23 46 50 53 25 33 70 60 38 73 52 67 48 
#32 45 8 46 50 53 25 33 70 64 66 73 52 67 48 
#46 45 8 40 50 38 11 33 70 64 66 73 40 67 48 
#32 45 18 15 50 38 13 33 70 60 38 73 52 67 17 
#59 2 8 11 50 38 11 33 70 60 66 73 52 67 17 
#59 2 8 15 41 57 25 33 70 60 38 73 10 67 4 
#59 41 23 40 41 57 25 33 70 60 38 73 10 67 4 
#39 41 12 40 50 57 25 33 70 60 17 73 40 67 4 
#59 45 12 15 3 38 11 33 2 4 66 73 52 67 4 
#32 12 12 46 50 38 11 33 2 60 66 73 40 67 4 
#32 12 23 46 50 57 11 33 70 60 66 73 10 67 4 
#39 24 23 46 34 57 25 33 70 60 38 73 10 67 4 
#39 24 23 46 41 57 25 33 70 60 38 73 52 67 4 
#39 12 23 8 3 38 11 33 70 60 66 64 52 67 4 
#39 45 23 15 3 53 11 40 70 60 17 73 10 67 4 
#59 12 8 7 41 57 11 33 70 60 38 73 52 67 4 
#32 24 52 46 34 57 25 33 70 60 38 73 10 67 32 
#59 12 8 15 41 57 11 40 70 60 38 73 40 67 4 
#32 39 3 8 41 57 25 27 70 41 66 73 10 67 7 
#32 12 23 46 50 38 11 33 70 60 0 73 52 67 4 
#59 45 52 8 3 57 11 33 70 60 38 64 40 67 4 
#32 1 23 46 41 57 53 33 5 60 38 73 52 67 4 
#32 24 23 46 34 38 25 33 70 60 66 73 52 67 4 
#59 12 52 11 50 53 11 40 70 60 38 64 52 67 4 
#24 45 23 10 41 57 25 33 1 60 0 73 52 34 7 
#32 1 12 8 50 38 25 33 70 60 0 73 52 67 4 
#59 45 23 46 50 57 25 33 70 60 38 64 52 67 4 
#39 1 23 46 50 57 25 33 70 60 38 73 52 67 4 
#8 24 23 8 34 38 25 33 70 60 66 73 52 67 4 
#59 45 52 8 41 38 25 40 70 64 66 64 10 67 4 
#24 45 12 10 50 57 11 27 70 60 38 73 52 34 4 
#39 2 23 15 35 53 13 33 70 60 66 73 40 67 4 
#46 45 23 11 50 57 25 33 70 60 38 35 52 67 17 
#39 12 8 15 50 57 25 33 70 60 66 73 52 67 17 
#59 24 8 8 50 53 47 33 70 60 38 73 52 67 48 
#46 41 8 46 41 57 25 33 70 60 17 73 52 67 4 
#39 45 12 40 41 53 25 33 70 60 38 73 40 67 48 
#39 2 8 15 50 38 13 33 70 4 38 73 52 67 4 
#39 45 12 11 50 38 25 33 70 64 66 73 52 67 4 
#59 2 8 15 50 57 25 33 70 60 66 73 10 67 17 
#39 45 8 40 41 38 25 33 70 60 38 73 10 67 4 
#8 41 23 40 34 57 25 33 70 60 17 73 52 67 4 
#39 24 12 40 41 53 25 33 70 60 0 73 52 67 4 
34 5 20 44 24 58 
28 37 15 13 3 27 
56 2 16 51 53 49 
50 46 43 18 17 55 
7 52 39 19 33 40 
12 14 23 29 10 21 
#Base: 925
#Max: 732
#791351
#Turn 9
#59 12 12 15 41 57 11 40 70 60 38 73 52 67 4 
#32 45 18 15 50 38 13 33 70 60 38 73 52 67 4 
#32 45 18 46 50 57 13 33 70 60 38 73 52 67 4 
#39 41 12 46 50 57 25 33 70 60 38 73 40 67 4 
#39 41 12 40 34 57 25 33 70 60 17 73 40 67 4 
#39 45 23 46 34 57 25 33 70 60 38 73 40 67 4 
#59 41 52 8 3 57 25 33 70 60 38 35 52 67 17 
#32 41 52 46 34 57 11 33 70 60 66 35 52 67 17 
#39 41 12 46 41 57 11 33 70 26 38 64 52 67 4 
#39 12 23 46 41 57 53 32 70 60 66 73 10 67 4 
#59 24 8 8 50 57 25 33 70 60 17 73 40 67 17 
#39 12 52 46 50 57 25 33 70 60 17 73 40 67 32 
#39 12 23 46 50 57 47 33 70 60 38 73 52 67 17 
#59 45 12 8 41 53 47 33 70 60 38 73 40 67 48 
#46 45 23 11 50 57 25 33 70 60 38 73 40 67 17 
#59 12 52 15 50 57 25 33 70 64 66 73 10 67 4 
#59 45 23 8 50 38 25 40 70 64 38 64 10 67 4 
#59 45 8 46 50 53 25 33 70 64 66 64 52 67 48 
#32 45 23 46 50 53 25 33 70 64 38 73 52 67 48 
#32 24 23 11 50 38 25 33 70 64 38 73 52 67 4 
#32 41 8 46 41 57 11 33 70 60 17 73 52 67 4 
#46 41 8 46 41 57 25 33 70 60 17 73 52 67 4 
#32 45 8 40 50 38 25 33 70 64 66 73 40 67 4 
#46 45 52 46 50 57 11 33 70 60 66 73 10 67 32 
#59 12 52 46 34 57 25 33 70 60 38 73 10 67 4 
#24 1 23 46 41 57 11 33 70 60 0 73 52 67 4 
#59 41 23 8 41 57 25 33 70 60 38 73 10 67 4 
#39 24 23 46 41 57 25 33 70 60 38 73 52 67 4 
#32 45 52 46 50 57 25 33 70 60 38 73 52 67 4 
#59 45 8 11 50 38 11 33 70 60 66 73 10 67 17 
#39 12 23 46 41 57 25 40 70 60 38 73 40 67 4 
#59 12 12 8 50 57 11 33 70 60 38 64 52 67 4 
#32 41 23 46 50 57 13 33 70 60 38 35 52 67 17 
#39 45 23 46 50 57 11 33 70 60 38 64 52 67 4 
#39 41 12 15 50 57 53 33 70 26 38 73 40 67 4 
#32 12 23 46 34 57 11 33 70 60 66 73 52 67 4 
#39 2 23 15 34 57 25 33 70 60 66 73 10 67 17 
#59 45 52 8 50 57 11 33 70 60 38 73 40 67 4 
#39 12 23 46 35 57 25 33 70 60 38 35 52 67 17 
#8 24 8 46 50 53 11 33 70 60 66 73 52 67 48 
#39 41 12 15 41 53 53 32 70 26 38 73 40 67 48 
#46 45 23 46 50 57 11 33 70 60 38 73 10 67 4 
#59 12 8 15 50 57 25 33 70 60 66 73 52 67 17 
#39 24 52 8 41 57 25 40 70 64 66 73 40 67 32 
#39 12 23 46 50 57 25 33 70 60 38 73 52 67 17 
#59 45 8 8 50 53 25 33 70 60 66 73 52 67 48 
#32 24 12 40 41 53 25 33 70 60 38 73 40 67 48 
#39 45 23 11 50 38 25 33 70 64 38 73 52 67 4 
#39 24 8 46 34 57 11 33 70 60 66 73 52 67 17 
#59 41 52 46 41 38 25 40 70 64 17 64 10 67 4 
#32 45 23 46 50 38 25 33 70 60 38 73 52 67 4 
#46 45 8 46 50 53 25 33 70 64 66 73 40 67 48 
#32 24 23 46 50 57 25 33 70 60 38 73 52 67 48 
#39 12 12 11 50 38 25 40 70 60 38 73 52 67 4 
#32 1 8 46 41 57 25 33 70 60 38 73 52 67 4 
#46 63 8 8 41 53 11 40 70 60 17 73 52 67 4 
#59 41 23 40 41 57 25 33 70 60 38 73 10 67 4 
#46 45 8 46 41 57 25 33 70 64 66 73 40 67 48 
#32 45 52 46 50 38 25 33 70 60 38 73 10 67 32 
#59 12 8 11 50 53 11 33 70 60 38 64 52 67 4 
24 21 48 14 2 32 
56 15 42 52 33 27 
22 50 28 23 45 5 
58 43 18 17 57 7 
9 37 11 51 13 39 
49 3 46 12 44 40 
#Base: 925
#Max: 750
#810811
#46 41 8 46 41 57 25 33 70 60 17 73 10 67 4 
#39 24 8 46 41 57 11 33 70 60 17 73 52 67 17 
#46 24 8 11 34 57 11 33 70 60 38 73 52 67 17 
#46 45 18 11 50 57 13 33 70 60 38 73 52 67 17 
#32 45 23 46 50 57 13 33 70 60 38 35 52 67 4 
#59 12 52 40 41 57 25 33 70 64 38 73 10 67 4 
#59 12 8 15 50 57 25 33 70 60 66 73 52 67 4 
#32 12 8 15 50 57 25 33 70 60 38 73 52 67 17 
#32 24 23 46 50 57 11 33 70 60 38 73 52 67 4 
#39 24 23 46 41 57 25 33 70 60 38 73 52 67 4 
#32 45 8 40 50 38 25 33 70 60 66 73 40 67 4 
#32 45 23 46 50 57 25 33 70 60 38 73 52 67 4 
#46 45 52 46 50 57 25 33 70 60 38 73 52 67 32 
#59 45 8 8 50 57 25 33 70 60 66 73 10 67 48 
#59 45 23 8 34 53 25 33 70 60 38 73 40 67 48 
#39 45 52 46 41 57 25 40 70 60 66 73 10 67 32 
#39 24 52 8 50 53 25 40 70 64 66 73 40 67 32 
#59 45 8 46 50 53 25 33 70 64 66 64 52 67 48 
#46 45 8 46 50 53 25 33 70 64 66 64 52 67 48 
#32 41 8 46 41 57 25 33 70 60 66 73 52 67 48 
#39 12 23 8 41 57 53 32 70 60 38 73 40 67 4 
#59 45 52 46 50 57 11 33 70 60 17 73 40 67 4 
#39 12 8 46 50 57 25 33 70 60 17 73 40 67 32 
#59 45 12 8 41 53 25 33 70 64 66 73 40 67 48 
#8 24 12 8 50 53 47 33 70 60 66 73 40 67 48 
#59 41 52 46 41 38 25 33 70 64 17 73 40 67 4 
#39 41 12 40 50 53 25 33 70 60 38 73 40 67 4 
#32 24 23 40 50 53 47 33 70 60 38 73 40 67 17 
#39 12 23 46 50 57 25 33 70 60 38 73 52 67 17 
#39 12 23 46 50 53 25 33 70 26 38 73 40 67 48 
#59 12 52 46 34 57 25 33 70 60 38 73 10 67 4 
#46 41 8 15 41 57 25 33 70 64 17 73 10 67 4 
#59 12 8 46 34 57 11 33 70 60 66 73 52 67 17 
#32 45 23 11 50 57 25 33 70 60 38 73 52 67 17 
#32 45 18 46 50 57 13 33 70 60 38 73 52 67 4 
#39 41 23 46 41 57 13 33 70 60 38 73 52 67 17 
#59 45 23 40 50 38 25 33 70 60 66 73 10 67 4 
#59 12 23 15 50 57 25 33 70 60 66 73 10 67 4 
#32 45 52 46 50 57 25 33 70 60 38 73 52 67 4 
#32 45 23 46 50 57 25 33 70 60 66 73 52 67 32 
#59 45 23 8 50 57 11 33 70 60 66 64 52 67 4 
#39 24 23 46 41 57 25 33 70 60 38 73 40 67 4 
#32 45 8 46 50 38 25 33 70 64 66 73 40 67 32 
#32 45 23 8 41 57 25 40 70 60 38 73 52 67 4 
#32 45 52 46 50 53 25 33 70 64 38 73 52 67 48 
#46 45 52 46 50 57 11 33 70 60 66 64 10 67 32 
#59 45 8 8 50 53 25 33 70 60 66 73 52 67 48 
#32 45 52 46 34 57 11 33 70 60 66 35 40 67 4 
#39 45 23 46 41 38 25 33 70 60 38 73 10 67 4 
#39 24 52 8 50 57 25 33 70 60 38 73 40 67 32 
#39 45 23 46 50 53 25 33 70 60 17 73 40 67 32 
#59 45 8 46 50 53 25 33 70 64 66 64 52 67 48 
#59 45 8 46 41 53 47 33 70 60 38 73 40 67 48 
#32 41 52 46 50 57 11 33 70 60 66 73 52 67 48 
#39 12 23 46 41 38 25 32 70 64 17 64 10 67 4 
#39 45 52 46 50 57 25 33 70 60 38 73 40 67 4 
#32 24 52 46 50 53 25 33 70 60 17 73 40 67 48 
#39 12 8 46 50 53 25 33 70 60 38 73 52 67 48 
#59 12 23 8 50 57 25 33 70 60 38 73 40 67 48 
#39 41 12 15 50 53 11 32 70 26 38 73 40 67 48 
#Base: 925
#Max: 758
#819459
