#[0] 3, 3
#[1] 4, 3
#[2] 3, 4
#[3] 3, 2
#[4] 2, 3
#[5] 2, 4
#[6] 1, 3
#[7] 2, 2
#[8] 3, 1
#[9] 4, 4
#[10] 5, 3
#[11] 3, 5
#[12] 4, 2
#[13] 3, 0
#[14] 5, 4
#[15] 4, 5
#[16] 5, 2
#[17] 4, 1
#[18] 0, 3
#[19] 1, 4
#[20] 2, 1
#[21] 1, 2
#[22] 2, 5
#[23] 0, 4
#[24] 5, 1
#[25] 0, 2
#[26] 5, 5
#[27] 1, 5
#[28] 2, 0
#[29] 1, 1
#[30] 4, 0
#[31] 0, 5
#[32] 1, 0
#[33] 0, 1
#[34] 5, 0
#[35] 0, 0
#Turn 0
16 58 15 5 21 12 
38 39 41 43 17 54 
28 4 6 32 48 0 
29 18 20 9 27 13 
25 57 26 45 14 59 
56 22 31 7 42 35 
#Base: 902
#Max: 367
#406874
#Turn 1
#44 2 13 14 22 11 52 14 42 2 31 39 25 6 23 
#44 34 37 26 24 15 12 60 3 25 31 26 1 9 4 
#30 34 5 6 13 32 12 60 16 25 10 20 1 33 14 
#26 8 8 15 11 32 9 10 5 13 5 20 22 33 14 
#26 26 8 15 11 53 29 9 5 19 21 16 22 51 20 
#1 20 42 33 47 11 33 24 49 2 8 38 6 12 42 
#27 58 42 10 47 10 4 13 37 12 8 21 30 23 20 
#7 58 8 14 13 14 4 7 37 34 25 17 30 19 1 
#11 12 11 14 32 14 12 9 59 34 0 17 1 19 1 
#17 53 24 7 12 36 12 17 31 40 1 8 3 24 29 
#32 33 12 19 9 44 1 12 2 54 24 2 50 34 9 
#22 33 12 19 13 17 1 12 14 54 38 2 39 16 2 
#14 19 19 7 66 12 13 15 14 0 67 18 15 16 10 
#49 19 19 17 33 9 18 7 3 12 63 21 14 19 5 
#10 23 14 17 32 4 4 8 45 12 20 12 14 37 5 
#8 11 62 7 13 37 3 3 12 23 38 24 21 40 19 
#1 11 3 7 15 37 9 17 12 4 59 5 11 40 2 
#5 22 30 31 7 17 9 0 33 4 18 15 13 4 2 
#25 1 30 17 70 17 4 30 7 16 18 8 13 4 39 
#25 1 14 17 35 56 4 5 33 19 27 8 58 6 62 
#32 5 24 42 2 21 1 54 1 9 5 30 26 58 43 
#18 5 50 42 10 35 9 1 6 27 10 23 26 3 16 
#13 18 0 39 10 3 9 45 22 3 14 5 55 3 16 
#24 29 8 12 20 11 33 19 22 2 38 5 6 1 19 
#22 35 8 37 20 10 51 5 14 6 38 59 6 12 6 
#8 1 10 21 8 30 34 48 23 9 8 7 16 11 13 
#8 28 10 17 13 3 50 48 35 17 34 12 26 11 8 
#6 4 35 31 20 3 33 12 11 2 13 62 26 55 38 
#42 4 1 31 20 16 19 12 11 14 15 62 17 37 11 
#11 6 1 3 49 16 19 32 13 46 39 12 48 18 1 
#21 52 26 33 2 11 33 14 49 12 13 38 25 28 42 
#27 7 13 40 47 8 16 13 3 2 8 10 14 9 44 
#30 34 37 10 24 10 4 12 12 25 25 44 1 2 20 
#11 19 5 6 13 32 11 60 16 34 17 17 1 19 1 
#26 8 11 15 34 53 9 9 5 19 0 8 22 51 20 
#51 53 24 7 36 1 11 9 31 14 1 9 3 12 0 
#1 20 7 17 2 44 11 10 49 12 13 38 6 9 9 
#27 7 12 40 13 17 1 13 14 2 8 2 17 34 2 
#14 58 8 22 66 12 13 15 14 12 38 18 30 23 10 
#45 45 19 14 32 10 18 7 29 34 67 17 1 2 1 
#17 23 11 17 34 36 29 7 59 40 0 8 10 19 29 
#51 53 24 13 32 29 4 17 31 49 1 9 11 37 45 
#8 22 21 5 9 44 11 3 6 23 38 24 38 31 9 
#23 33 12 19 15 37 14 17 12 9 24 2 21 40 10 
#14 19 6 22 7 59 9 15 14 4 59 12 39 14 10 
#45 22 30 31 14 17 18 0 2 12 18 15 13 2 21 
#49 23 14 17 33 9 4 30 7 12 3 0 14 19 62 
#26 26 14 16 35 4 17 5 45 13 20 12 11 6 35 
#32 29 62 28 13 27 2 3 6 23 5 24 3 31 1 
#23 5 49 7 15 37 14 1 1 9 49 5 21 58 43 
#11 3 3 23 10 35 9 18 6 28 14 12 11 14 16 
#5 18 30 31 8 3 4 0 2 3 18 5 8 1 39 
#24 29 14 17 2 56 4 19 14 2 38 59 2 21 19 
#22 26 1 16 12 11 17 5 33 13 27 2 58 6 6 
#32 23 24 21 5 27 34 54 23 9 25 30 13 19 1 
#8 1 13 33 10 21 1 48 1 27 10 7 26 11 43 
#11 3 50 39 13 35 9 3 4 28 34 2 55 3 16 
#13 18 0 31 8 3 5 45 11 2 18 62 17 15 60 
#11 29 8 12 49 16 19 32 13 14 38 18 58 29 19 
#22 35 33 37 12 16 8 5 28 6 38 12 39 18 1 
7 9 13 18 46 35 
34 2 0 12 56 48 
4 15 49 38 39 29 
10 57 27 19 20 6 
26 58 24 41 30 1 
54 40 44 5 52 28 
#Base: 902
#Max: 406
#450111
#Turn 2
#7 53 24 7 13 14 12 7 31 34 1 17 3 24 29 
#17 19 19 17 12 36 18 17 31 40 63 8 14 19 5 
#25 1 30 17 70 17 18 30 3 12 18 8 13 4 39 
#25 23 14 17 70 17 4 30 7 12 3 0 14 4 39 
#51 53 14 17 36 9 4 30 31 12 3 9 14 12 0 
#26 34 5 15 34 53 12 60 16 25 0 8 1 33 14 
#30 2 13 14 13 11 12 60 16 2 31 39 25 6 23 
#44 19 19 14 66 11 13 15 14 2 67 18 15 16 10 
#14 3 50 7 13 12 13 15 14 0 67 2 15 16 10 
#32 29 50 28 13 35 9 3 4 23 34 24 3 3 1 
#8 11 8 7 13 37 29 3 12 19 38 24 21 51 19 
#23 11 62 7 15 37 14 1 12 23 38 5 21 40 43 
#14 58 8 7 15 37 14 1 1 12 38 18 30 58 10 
#45 45 8 22 66 10 18 15 14 12 38 18 30 2 1 
#11 45 1 14 32 10 18 7 29 46 67 17 1 2 1 
#13 18 0 19 8 44 1 45 11 2 24 62 17 34 60 
#6 4 0 31 8 3 5 45 11 2 18 62 17 55 38 
#25 4 14 31 20 56 33 5 33 2 27 62 26 55 62 
#25 1 14 17 2 56 4 54 1 19 27 30 26 6 43 
#27 5 42 42 47 10 4 13 1 9 5 21 26 58 43 
#11 29 10 12 13 16 50 32 35 17 34 18 58 11 8 
#22 29 8 37 49 10 19 5 13 6 38 18 6 12 6 
#22 53 8 37 20 29 4 5 31 6 1 59 6 12 45 
#21 52 26 33 32 29 33 14 49 12 1 38 11 37 42 
#21 52 26 26 24 11 12 60 3 12 13 26 25 28 42 
#17 23 11 17 5 27 34 54 59 9 0 8 10 19 29 
#14 19 11 17 7 36 29 7 14 40 59 8 10 19 10 
#14 20 6 33 7 59 9 15 49 2 8 38 6 14 42 
#24 29 42 17 47 56 4 24 49 2 8 59 2 21 42 
#42 29 14 17 20 56 19 19 11 14 15 59 2 37 11 
#26 58 8 15 13 14 9 9 5 34 0 17 30 51 1 
#30 34 5 6 12 32 12 60 16 25 10 8 1 24 14 
#44 19 19 14 22 9 18 7 42 12 31 39 25 19 23 
#14 1 19 17 70 17 13 30 14 0 18 18 15 16 39 
#49 3 50 17 13 9 4 30 4 12 3 0 55 19 62 
#51 29 62 7 13 1 2 9 31 23 1 24 3 12 0 
#26 8 11 15 34 53 9 9 5 19 0 16 22 51 20 
#30 34 5 6 13 37 3 60 16 23 10 20 21 33 19 
#23 5 49 14 15 11 14 14 1 2 49 5 25 58 23 
#14 19 19 7 66 12 13 15 14 12 67 18 15 16 10 
#11 45 50 14 13 35 9 3 4 34 34 17 55 3 16 
#32 29 62 3 13 16 2 3 13 46 39 24 3 18 1 
#32 26 8 15 9 44 29 12 2 54 21 16 22 51 20 
#13 11 0 7 8 3 5 45 12 23 18 24 17 40 60 
#23 4 49 31 15 37 14 12 11 9 13 62 26 58 43 
#25 1 14 22 66 12 4 15 33 19 27 18 58 23 10 
#32 5 24 42 2 10 18 7 29 9 5 30 26 58 43 
#27 6 42 3 49 16 19 13 13 12 39 21 48 23 1 
#8 33 10 17 9 3 1 48 2 54 34 12 26 34 9 
#13 18 0 31 49 16 5 32 13 2 18 62 58 15 19 
#6 4 8 37 20 10 33 12 14 2 38 62 6 12 6 
#51 53 24 13 35 56 4 5 31 19 27 9 11 6 62 
#21 5 24 33 2 11 1 14 1 9 5 30 25 28 43 
#27 34 42 10 24 10 12 60 3 12 8 21 30 23 4 
#32 23 10 21 5 3 34 48 23 17 34 12 26 11 1 
#17 29 8 12 49 16 19 32 13 40 0 8 58 19 19 
#22 35 8 37 20 59 9 5 14 6 38 12 39 14 6 
#51 20 24 13 32 29 4 24 49 2 8 9 6 37 45 
#21 29 26 33 2 11 33 19 49 2 38 38 25 28 19 
#44 4 1 31 24 15 19 12 11 14 15 62 1 37 4 
47 58 27 14 18 25 
2 38 5 7 40 46 
55 12 23 15 34 57 
16 49 44 17 51 13 
41 11 22 28 19 24 
56 42 39 45 29 20 
#Base: 902
#Max: 455
#504435
#Turn 3
#21 6 26 33 2 11 33 13 13 12 38 38 48 23 19 
#14 29 6 33 7 11 9 19 49 2 38 38 25 14 42 
#14 20 1 14 7 10 18 15 29 2 67 17 1 2 42 
#25 1 1 17 2 10 4 54 29 19 67 17 1 6 1 
#17 1 14 17 5 56 4 54 59 9 27 30 10 6 43 
#23 1 49 17 15 11 14 30 1 12 18 5 25 58 39 
#23 34 5 14 34 53 14 14 16 2 49 5 25 58 14 
#44 34 19 15 66 53 12 15 14 2 67 18 15 33 14 
#44 19 19 14 66 11 9 15 4 2 34 17 15 16 10 
#32 5 50 14 13 35 9 3 29 9 5 30 55 3 43 
#14 58 8 7 49 37 19 32 13 40 0 8 58 19 19 
#21 52 8 33 32 37 33 1 49 12 1 38 30 58 42 
#21 52 0 19 8 29 1 14 49 12 24 38 17 34 60 
#49 18 0 19 13 44 1 45 4 12 24 62 55 34 60 
#49 20 50 13 32 29 4 30 4 12 8 0 55 37 45 
#13 4 0 31 49 16 5 32 13 2 18 62 17 15 19 
#23 18 0 31 49 16 14 12 11 2 18 62 26 15 19 
#25 4 14 31 20 56 14 5 11 9 27 62 26 55 43 
#25 53 14 13 35 56 4 5 31 19 27 9 26 6 62 
#45 45 8 22 35 10 18 5 14 12 27 18 11 6 62 
#23 11 62 7 13 37 14 3 12 46 38 5 21 40 1 
#22 53 8 37 15 29 4 5 12 23 1 5 21 12 45 
#22 29 42 37 47 29 4 5 31 6 1 59 6 12 42 
#24 5 42 42 47 10 4 24 1 2 8 21 2 58 43 
#27 52 26 42 47 10 12 13 1 12 13 26 26 58 42 
#22 26 8 37 9 44 9 5 2 6 38 12 39 51 6 
#14 19 8 15 9 12 29 12 2 54 67 18 15 16 20 
#25 1 14 22 66 12 13 15 33 12 67 18 15 16 10 
#25 1 14 17 66 56 4 15 11 14 15 18 2 23 10 
#42 29 14 12 13 16 50 19 35 17 34 59 2 11 11 
#25 6 30 3 49 17 18 30 13 12 18 21 48 23 39 
#23 29 49 14 2 11 14 19 49 2 49 5 25 28 19 
#26 20 5 15 34 53 9 15 49 25 8 38 1 33 42 
#44 19 19 14 32 11 18 15 29 2 67 17 1 2 1 
#25 45 14 14 13 56 9 54 1 34 27 30 26 3 43 
#17 5 11 17 5 10 18 7 59 9 0 30 10 19 29 
#25 1 8 17 70 16 19 32 13 12 18 8 58 4 19 
#23 5 49 14 15 11 14 14 1 12 38 5 25 58 10 
#21 34 5 15 32 53 12 14 16 12 1 38 1 33 42 
#13 18 0 19 66 44 13 45 11 2 24 18 17 34 10 
#49 45 50 14 13 35 9 3 4 12 34 17 55 3 62 
#51 5 24 42 32 29 18 24 29 9 8 9 6 58 43 
#6 29 0 31 8 16 5 45 13 2 0 62 58 55 38 
#13 58 0 31 15 16 5 32 13 2 38 18 30 58 19 
#23 4 49 33 15 29 14 14 49 12 1 38 26 58 42 
#25 4 0 31 8 44 33 5 11 2 24 62 17 55 60 
#51 3 24 17 13 9 4 30 4 12 27 9 11 6 62 
#51 45 8 13 32 29 4 15 14 12 8 9 6 37 45 
#32 29 0 3 13 16 2 45 11 2 39 24 17 55 38 
#23 18 62 31 15 16 5 32 12 2 38 5 21 40 43 
#23 53 49 37 15 37 4 5 31 9 1 62 26 58 43 
#25 29 42 31 47 56 4 24 33 2 27 59 2 21 42 
#27 5 42 13 47 56 4 13 1 19 27 21 26 6 43 
#21 45 8 22 24 11 18 60 14 12 38 18 25 2 42 
#32 35 8 3 13 16 2 3 14 6 38 12 3 14 1 
#23 26 8 15 15 37 14 12 2 54 21 5 21 40 20 
#22 19 19 7 20 12 4 15 31 12 67 59 15 16 10 
#24 29 42 22 47 56 4 15 33 2 27 59 58 23 42 
#27 5 14 17 47 56 4 19 1 9 15 59 2 58 11 
#11 52 26 12 24 11 12 60 35 12 13 18 58 11 42 
9 56 32 4 6 20 
39 36 22 40 12 49 
29 41 45 11 51 27 
18 42 7 57 50 24 
52 34 44 13 17 14 
53 23 58 59 10 43 
#Base: 902
#Max: 483
#535477
#Turn 4
#22 5 50 7 13 35 4 15 31 12 5 59 55 3 10 
#26 20 5 15 34 12 9 15 31 25 8 59 15 16 42 
#17 1 14 17 34 56 4 54 49 25 8 30 1 33 42 
#23 34 5 17 34 56 4 14 16 9 49 5 10 58 14 
#23 11 5 7 34 37 14 14 16 46 49 5 25 58 1 
#13 1 0 17 66 16 13 32 11 2 18 8 17 4 19 
#22 1 8 17 70 16 4 5 31 12 18 59 58 12 19 
#49 45 50 14 47 35 4 3 31 12 34 59 55 12 42 
#21 45 0 19 13 29 1 14 49 12 24 17 55 34 60 
#21 18 62 31 15 16 1 14 49 2 24 5 21 34 43 
#51 29 14 12 32 16 50 24 35 9 8 59 2 58 11 
#25 5 0 31 32 44 33 5 11 9 8 62 17 58 60 
#21 52 0 31 8 44 33 1 49 2 24 62 17 55 60 
#25 29 42 31 47 37 4 24 33 2 1 38 2 21 42 
#25 1 42 31 47 56 13 24 33 12 27 18 2 21 42 
#6 53 14 13 8 16 4 45 13 2 27 9 58 55 62 
#44 29 19 31 8 16 5 15 13 2 67 18 15 55 14 
#24 34 19 15 66 53 12 15 33 2 27 18 58 23 42 
#23 29 49 22 15 37 4 15 33 2 1 59 58 23 42 
#23 53 26 37 47 37 4 5 31 9 1 62 26 58 43 
#27 5 14 14 13 56 4 13 1 34 27 21 26 3 43 
#25 4 49 14 13 29 9 54 1 12 27 30 26 3 42 
#49 4 49 33 15 29 14 45 4 12 24 62 55 58 60 
#49 4 0 31 13 56 14 5 11 12 24 62 55 55 43 
#25 4 50 31 20 29 4 5 4 9 8 62 26 55 45 
#24 45 8 42 47 11 4 24 1 2 8 21 2 58 42 
#27 5 42 42 47 10 4 19 1 9 15 59 2 58 11 
#27 5 26 12 24 11 4 60 1 9 13 59 2 11 42 
#11 58 8 7 49 37 12 32 13 40 13 8 58 19 42 
#14 58 8 31 49 16 5 32 13 40 38 8 30 19 19 
#32 5 50 19 66 35 9 3 29 2 5 30 17 34 43 
#22 1 8 17 70 16 19 32 13 12 67 59 15 4 10 
#22 29 42 37 47 29 9 15 31 6 1 59 6 12 42 
#49 45 50 14 5 56 4 3 4 9 34 17 55 3 43 
#23 52 0 14 8 53 1 14 49 2 49 5 17 34 60 
#23 11 62 31 13 37 5 32 12 2 38 5 21 40 1 
#13 29 0 19 66 44 13 45 35 2 34 18 2 11 10 
#25 5 8 42 32 29 19 32 29 12 8 8 58 58 43 
#25 29 42 37 8 29 4 5 31 6 1 59 6 12 60 
#21 45 8 14 32 35 9 1 49 12 1 38 30 3 42 
#25 52 0 19 47 56 4 24 49 12 24 59 2 34 60 
#23 18 62 22 15 16 5 15 33 2 38 18 15 16 10 
#25 29 14 12 13 16 4 19 35 19 27 9 2 6 62 
#51 29 24 31 32 29 5 24 29 9 8 62 6 58 43 
#44 34 19 15 8 53 12 15 14 2 24 18 15 55 14 
#21 52 8 22 47 37 33 15 33 12 1 38 30 58 42 
#25 53 49 31 15 56 4 5 31 2 27 59 26 21 43 
#25 1 14 42 66 12 13 13 33 12 13 18 15 58 42 
#25 5 42 13 47 56 4 5 1 19 27 21 26 6 43 
#25 45 0 14 13 16 9 54 13 2 27 62 58 3 38 
#23 34 19 15 15 29 14 14 14 2 1 18 15 58 42 
#24 18 42 19 47 56 1 15 4 12 27 62 55 34 42 
#25 4 49 31 20 56 14 5 31 9 1 62 26 55 43 
#49 52 50 13 47 29 4 30 4 12 13 0 26 58 42 
#27 45 8 13 24 56 18 60 14 19 38 21 25 6 43 
#24 45 14 14 47 56 9 54 1 2 27 30 26 3 43 
#27 5 49 33 47 56 4 19 49 9 1 59 2 58 42 
#11 52 26 19 13 44 12 45 35 12 13 18 55 34 60 
#25 58 8 31 49 37 14 5 11 9 27 8 58 55 43 
#13 20 50 13 15 16 5 32 4 2 8 18 55 58 45 
32 47 54 33 31 6 
30 24 18 23 10 37 
8 34 51 12 19 28 
17 46 40 22 56 53 
2 15 57 7 58 45 
26 49 11 52 43 55 
#Base: 902
#Max: 513
#568736
#Turn 5
#22 1 42 42 66 12 13 13 31 12 1 59 15 12 42 
#27 1 14 42 24 12 13 60 14 19 13 21 25 6 43 
#49 45 50 13 24 56 4 3 14 19 38 21 25 6 43 
#22 1 8 14 5 16 4 32 4 12 67 59 15 3 43 
#22 1 8 17 70 16 4 5 13 12 18 59 58 4 19 
#25 5 50 19 20 29 9 5 29 2 5 30 26 55 45 
#23 4 49 31 20 37 4 5 33 2 8 62 58 23 45 
#23 29 49 31 15 56 4 15 11 12 1 62 55 55 43 
#51 4 0 12 13 16 50 5 35 9 8 59 55 55 11 
#25 29 8 42 32 16 19 24 29 12 8 59 58 58 11 
#23 45 0 14 8 29 1 14 49 2 24 17 55 34 60 
#23 18 42 19 8 53 1 15 4 12 49 62 17 34 42 
#24 52 0 19 8 56 33 15 4 12 27 62 17 34 42 
#23 52 0 37 47 37 4 5 31 9 24 62 17 55 43 
#23 53 8 7 49 37 4 32 31 40 13 62 58 58 42 
#24 34 49 15 66 56 12 5 31 2 27 59 26 23 43 
#25 53 49 31 47 56 4 5 31 2 24 59 26 21 60 
#25 52 49 19 47 29 14 45 4 12 24 62 55 34 60 
#27 5 49 33 15 29 14 45 4 9 1 62 55 58 42 
#27 5 50 33 47 56 4 19 49 12 1 59 2 58 42 
#6 53 14 13 34 16 4 45 49 2 27 9 1 33 62 
#6 53 14 13 13 16 12 45 35 2 27 18 55 34 60 
#11 52 50 14 13 44 12 45 35 12 13 18 55 34 60 
#49 45 8 14 49 35 14 5 11 9 34 59 55 12 43 
#25 58 8 22 47 37 14 15 33 9 27 38 30 58 42 
#25 5 42 42 47 10 4 54 1 9 15 59 58 58 11 
#25 5 0 31 13 16 33 54 13 2 27 62 17 3 60 
#25 4 0 31 32 44 14 5 31 9 8 62 26 55 60 
#25 4 24 31 32 29 5 24 29 9 1 62 6 55 43 
#51 45 14 31 32 56 9 24 29 9 27 30 6 3 43 
#22 29 50 37 66 35 9 15 29 6 1 30 17 34 42 
#25 1 50 31 20 29 4 13 4 12 13 18 15 58 45 
#23 29 8 22 24 56 4 15 33 2 1 21 58 6 42 
#49 4 50 31 5 56 14 5 11 12 34 62 55 3 43 
#22 29 14 17 70 16 19 32 35 9 67 59 15 4 10 
#22 1 8 17 32 29 19 5 29 12 8 8 58 58 43 
#32 45 0 19 66 35 1 14 49 12 5 30 17 34 60 
#25 4 0 31 20 29 4 14 49 9 49 62 26 34 45 
#23 18 49 22 47 56 1 15 4 2 1 59 55 34 42 
#49 4 0 31 8 44 33 5 11 12 24 62 17 55 60 
#23 53 26 12 47 16 4 5 31 9 1 62 26 58 43 
#11 58 8 7 32 37 12 32 13 12 8 8 58 58 42 
#21 34 0 19 66 53 1 15 33 2 24 18 55 23 42 
#25 53 49 14 15 56 1 5 49 2 27 59 17 21 43 
#25 18 0 19 47 56 4 24 49 12 27 62 55 34 60 
#21 4 49 33 15 29 14 45 49 12 24 62 55 58 60 
#23 5 49 33 47 37 4 19 31 9 1 62 2 58 43 
#11 52 8 13 47 37 4 32 4 12 13 8 26 58 42 
#24 34 14 15 66 56 12 15 33 2 27 30 1 33 42 
#25 53 49 31 8 16 4 45 31 2 27 59 26 55 43 
#11 52 0 19 47 44 12 24 49 12 13 18 2 34 60 
#49 45 49 14 47 29 14 3 4 12 34 59 55 58 60 
#25 58 8 33 47 56 4 19 49 9 27 8 2 58 42 
#21 52 8 22 47 29 4 15 33 12 13 38 26 58 42 
#17 1 42 42 34 10 4 19 49 25 15 30 1 58 11 
#6 53 0 13 8 16 9 54 13 2 27 9 58 3 62 
#25 52 0 31 32 44 33 5 11 12 8 62 17 34 60 
#25 4 50 31 47 56 4 5 31 9 34 62 26 55 42 
#51 58 24 31 49 29 14 5 29 9 8 62 6 58 43 
#24 52 8 14 47 56 9 15 33 12 27 30 26 3 43 
2 30 56 38 39 6 
8 27 24 19 43 40 
9 23 57 44 16 46 
22 58 14 51 17 49 
42 13 25 45 15 52 
12 36 33 7 18 34 
#Base: 902
#Max: 532
#589800
#Turn 6
#49 29 50 37 24 56 4 15 14 6 1 30 17 34 42 
#25 52 0 31 66 35 9 15 11 6 8 62 17 34 42 
#23 18 0 31 32 44 1 15 4 2 8 62 17 34 42 
#23 4 0 22 47 44 33 5 11 2 24 62 55 55 42 
#49 4 0 31 20 44 4 5 11 2 24 62 17 23 45 
#25 4 0 12 32 16 14 5 31 9 8 59 26 55 11 
#25 4 0 31 32 44 14 5 31 9 8 38 26 55 60 
#25 5 50 22 47 37 4 15 49 12 1 59 2 58 42 
#25 5 49 33 15 56 4 19 49 2 1 59 17 58 42 
#25 53 49 12 47 16 4 5 31 9 27 59 26 21 43 
#25 45 8 42 49 35 14 5 11 9 34 59 55 12 43 
#25 45 8 14 49 56 4 5 31 9 34 62 55 12 42 
#25 18 0 31 47 56 4 5 49 12 27 62 55 55 60 
#25 18 49 31 47 56 4 5 49 12 27 62 55 34 60 
#25 5 49 31 47 56 4 19 31 9 24 59 26 21 60 
#51 58 24 14 13 29 14 45 35 12 13 18 6 58 43 
#23 58 24 31 49 37 4 5 29 9 8 62 58 58 42 
#23 53 49 14 49 37 4 3 4 40 34 62 58 58 42 
#49 45 49 14 47 29 14 3 4 12 24 62 55 34 60 
#25 53 49 31 8 16 14 45 31 2 27 62 26 55 60 
#23 52 0 37 47 53 4 15 31 9 24 18 17 55 42 
#25 52 0 37 47 10 4 54 1 9 24 62 17 58 43 
#25 4 49 33 15 10 14 54 1 9 24 59 55 58 11 
#24 4 49 33 66 56 14 5 49 12 27 59 55 23 43 
#24 34 8 15 66 56 12 5 49 9 27 59 26 58 42 
#24 52 0 19 66 35 1 14 4 12 27 62 17 34 60 
#49 45 50 31 5 56 14 14 49 12 5 30 17 3 60 
#23 29 50 31 15 56 4 5 11 12 34 62 55 55 43 
#27 5 49 33 15 29 14 45 4 9 1 62 55 55 42 
#27 29 14 17 70 29 19 32 4 9 1 62 15 58 10 
#49 45 0 12 13 56 4 5 35 19 8 59 55 6 43 
#22 29 0 31 66 35 9 15 31 6 1 30 17 55 42 
#25 58 8 31 32 44 14 5 11 12 27 62 30 58 42 
#23 5 49 22 47 56 4 15 4 12 1 59 55 58 42 
#25 4 49 31 15 44 1 5 49 2 27 62 17 55 60 
#23 4 26 12 47 37 4 5 31 9 8 62 58 58 43 
#25 4 0 42 32 16 50 24 29 9 8 59 55 58 11 
#49 4 8 31 49 35 14 5 31 9 34 59 26 12 43 
#25 4 8 22 47 37 14 15 31 9 27 62 26 55 42 
#27 18 50 33 47 56 4 24 49 12 1 62 55 34 60 
#25 53 49 14 15 56 1 5 49 2 24 59 17 21 43 
#23 5 26 12 47 16 4 19 31 9 1 62 26 58 43 
#25 52 50 14 13 16 12 45 35 12 8 59 55 34 11 
#51 58 24 14 49 35 14 5 29 9 8 59 6 12 43 
#25 53 50 7 49 37 4 32 31 9 13 62 26 55 42 
#49 18 0 14 47 29 14 24 4 12 34 62 55 34 60 
#25 52 49 19 47 56 4 45 31 12 24 62 26 34 60 
#23 53 49 31 47 37 4 19 31 2 1 59 26 58 43 
#21 34 50 19 66 53 1 45 33 2 24 18 55 23 42 
#23 58 24 37 47 37 4 5 29 9 24 62 6 58 43 
#25 53 8 42 49 37 4 54 31 40 13 62 58 58 11 
#49 4 49 33 47 29 14 45 4 12 24 62 55 58 60 
#25 34 49 19 47 56 12 45 31 2 27 59 55 34 43 
#25 53 8 31 47 16 4 45 31 9 27 59 2 58 43 
#24 34 0 19 66 53 33 15 33 12 27 18 55 34 42 
#23 52 0 37 66 35 4 14 49 9 24 30 17 55 43 
#25 5 50 31 5 56 14 5 11 9 34 59 55 58 11 
#21 4 49 33 15 29 4 15 49 12 1 62 55 58 43 
#24 34 49 15 15 56 14 45 31 9 27 59 55 58 42 
#25 29 8 33 70 16 19 19 49 9 27 59 2 4 42 
3 25 53 33 55 8 
26 32 34 52 49 54 
11 14 58 39 13 45 
24 23 17 51 46 16 
28 48 19 50 12 27 
10 57 47 18 44 21 
#Base: 902
#Max: 546
#605322
#Turn 7
#23 52 0 19 47 44 33 14 4 12 24 62 55 55 42 
#24 53 0 31 66 16 4 14 31 12 27 59 2 34 60 
#25 5 8 31 47 16 4 45 4 9 27 59 2 58 43 
#23 52 0 22 66 35 4 15 49 9 24 59 55 58 43 
#23 52 0 37 66 35 4 14 49 2 24 59 17 55 42 
#49 58 50 31 5 44 14 5 49 12 5 30 30 3 60 
#25 4 8 31 32 44 14 5 49 2 27 62 17 55 60 
#25 4 49 31 47 44 1 45 49 2 27 62 17 34 43 
#25 34 49 19 47 37 12 5 29 9 27 62 55 58 43 
#24 58 0 37 66 37 4 5 33 12 24 62 55 34 43 
#25 45 49 31 47 56 4 19 31 9 24 62 26 12 60 
#25 34 49 15 47 56 4 45 31 9 27 59 55 21 60 
#27 18 49 33 47 56 4 24 31 9 27 62 55 58 42 
#27 18 49 33 47 56 4 24 49 12 1 62 55 34 60 
#25 18 0 31 47 56 14 24 4 12 27 62 55 34 60 
#24 4 49 15 66 56 12 5 49 12 27 59 55 58 43 
#23 53 49 33 66 37 4 3 49 12 34 59 55 23 42 
#23 4 49 33 49 37 14 45 4 40 34 62 55 58 60 
#49 4 49 19 47 29 4 45 31 12 24 62 26 34 60 
#23 58 49 31 47 56 4 45 29 12 24 62 58 58 60 
#21 34 50 33 66 53 14 45 33 2 1 62 55 23 42 
#21 53 49 19 66 16 1 45 33 2 27 62 55 55 60 
#25 53 8 42 8 37 14 54 31 2 27 62 26 55 11 
#25 53 0 31 49 56 4 54 31 40 13 62 55 55 60 
#23 29 50 31 15 56 4 5 11 12 27 62 55 55 60 
#21 4 8 33 15 29 14 15 11 12 34 62 55 58 43 
#23 53 49 31 47 29 4 19 31 2 1 62 55 58 43 
#23 45 49 14 47 29 14 3 4 2 24 62 55 58 60 
#25 45 50 14 49 37 4 3 31 12 13 62 26 55 42 
#25 53 50 7 49 10 4 54 31 9 13 62 17 55 43 
#23 4 0 22 5 44 33 5 11 2 24 30 17 55 60 
#25 52 0 19 66 35 1 14 11 12 27 62 17 34 60 
#25 53 8 31 47 16 4 5 49 9 27 59 2 58 60 
#23 34 49 22 47 56 12 15 4 12 27 59 55 34 42 
#23 52 0 37 47 35 4 5 49 9 24 62 6 58 43 
#25 5 0 33 15 53 33 15 49 2 1 59 55 58 42 
#49 45 8 14 5 56 4 5 31 9 34 30 17 12 60 
#25 58 49 31 32 44 14 5 31 9 24 59 30 21 42 
#25 34 49 15 15 56 1 5 31 9 27 59 55 58 60 
#27 18 50 33 47 56 12 24 49 12 1 59 55 34 60 
#25 18 49 31 47 37 4 5 49 9 27 62 55 34 60 
#24 18 0 19 66 29 14 24 4 12 27 62 55 34 42 
#25 34 8 15 66 56 4 5 49 9 27 62 55 58 42 
#25 5 49 31 47 56 14 19 31 9 27 59 55 23 43 
#23 34 49 15 15 56 14 3 4 40 27 62 55 58 42 
#49 18 50 33 47 56 14 24 4 12 24 62 55 58 60 
#25 52 49 31 47 56 4 45 49 12 24 62 26 34 60 
#49 18 24 31 49 37 14 5 29 9 8 62 55 34 60 
#27 5 8 15 15 29 12 5 4 9 27 59 55 58 42 
#21 34 50 33 66 53 1 45 33 2 27 18 55 23 42 
#23 53 49 31 49 16 14 3 31 40 27 62 26 58 60 
#49 53 8 42 49 29 4 45 4 12 24 62 55 58 11 
#25 52 0 19 47 56 4 45 49 12 24 62 26 34 60 
#23 29 24 31 49 56 4 5 29 9 34 62 55 58 43 
#25 45 8 33 15 29 14 45 4 9 34 62 55 55 43 
#21 34 49 19 66 29 4 15 49 2 24 62 55 58 42 
#23 53 49 31 47 16 14 45 31 2 1 59 26 55 43 
#25 45 8 42 49 29 14 3 31 12 13 62 55 34 60 
#25 18 50 7 47 37 4 5 31 12 13 62 26 55 42 
#23 29 50 31 15 10 4 54 1 9 34 62 17 55 43 
4 43 9 40 38 18 
0 27 51 16 26 44 
10 53 15 17 45 8 
13 50 21 19 46 20 
56 52 11 23 12 42 
33 49 3 39 55 24 
#Base: 902
#Max: 616
#682927
#Turn 8
#23 5 49 37 66 56 14 14 31 9 24 59 55 23 42 
#25 58 0 31 47 37 14 5 31 9 27 62 55 23 43 
#25 18 49 37 47 37 4 5 33 12 27 62 55 34 60 
#25 18 49 31 15 56 1 5 31 9 27 62 55 58 60 
#49 4 49 19 47 56 1 45 31 9 24 62 55 58 60 
#23 52 49 19 47 29 33 3 4 2 24 62 55 55 42 
#49 45 8 14 47 29 4 45 4 2 24 62 55 58 60 
#23 53 8 42 49 37 4 3 4 12 34 62 55 23 11 
#23 53 49 31 47 37 4 19 31 2 1 62 55 58 43 
#23 34 49 15 47 29 14 19 31 40 27 62 55 58 43 
#23 45 49 31 49 56 4 5 31 9 34 62 26 12 43 
#23 29 24 15 49 56 4 5 29 12 34 59 55 58 43 
#23 4 49 15 49 56 12 45 4 40 27 59 55 58 60 
#23 4 50 33 47 37 14 24 4 40 34 62 55 58 60 
#49 34 50 33 47 37 14 24 4 12 27 62 55 58 43 
#27 18 49 33 47 16 4 24 31 40 27 62 55 58 60 
#21 53 49 31 49 16 14 3 33 2 27 62 26 58 60 
#23 58 49 31 66 16 1 45 33 2 24 62 58 58 60 
#25 58 49 31 47 56 4 45 49 12 24 62 26 58 60 
#25 52 50 31 47 56 14 45 49 2 24 62 55 34 60 
#23 53 49 19 47 16 4 45 49 12 1 59 26 55 60 
#25 52 0 19 47 56 4 45 31 12 24 62 55 21 60 
#25 53 0 31 47 56 4 45 31 40 27 62 55 21 60 
#27 53 49 31 47 56 4 24 31 40 13 62 55 58 60 
#25 18 49 15 47 56 4 5 31 9 27 62 55 58 42 
#23 34 50 22 47 56 12 45 4 12 27 18 55 34 42 
#23 34 0 33 66 35 1 45 49 2 27 18 55 23 42 
#27 52 0 33 66 35 12 24 49 12 1 59 55 58 43 
#27 34 50 33 47 56 12 15 49 2 24 62 55 34 60 
#21 29 50 19 66 29 4 5 49 12 27 62 55 58 60 
#23 52 0 37 66 44 4 14 49 12 24 62 17 55 42 
#23 5 49 14 47 29 14 19 31 2 24 59 55 23 60 
#49 58 0 42 66 29 4 5 4 12 24 62 55 58 11 
#23 53 49 33 66 37 4 5 49 9 27 59 55 34 60 
#23 53 49 31 47 56 4 5 31 2 27 59 55 58 43 
#23 34 49 19 15 56 14 45 4 12 27 62 55 34 42 
#23 45 49 31 47 56 33 14 31 9 24 62 26 12 60 
#23 29 24 31 47 56 4 5 29 9 24 62 55 58 43 
#49 4 8 42 49 29 4 45 49 12 24 59 55 58 11 
#23 4 49 33 49 37 4 45 49 12 34 59 55 58 42 
#49 53 50 33 47 29 14 24 4 12 24 62 55 58 43 
#23 34 49 15 15 56 12 3 4 9 27 62 55 58 43 
#25 45 49 31 47 56 4 24 31 12 1 62 26 12 60 
#23 29 49 31 49 56 14 5 29 9 27 62 55 58 43 
#24 53 49 15 66 16 1 5 49 2 27 62 55 58 43 
#23 4 49 33 47 56 4 45 4 12 24 62 55 58 60 
#25 18 50 31 47 56 14 24 49 12 24 62 55 34 60 
#25 34 50 19 47 37 12 5 33 9 27 62 55 23 43 
#23 18 49 31 47 16 4 24 49 2 1 59 55 55 43 
#23 53 49 19 49 16 14 3 49 12 27 62 26 34 60 
#25 53 49 19 47 16 1 45 33 2 27 59 55 21 60 
#23 53 0 31 49 56 4 54 29 40 13 62 58 58 60 
#27 18 49 31 47 56 4 24 49 12 27 62 55 58 60 
#21 34 8 33 66 56 14 45 33 2 27 62 55 23 42 
#23 53 49 31 47 56 12 15 4 2 27 59 26 34 43 
#21 34 50 33 47 53 1 45 33 2 24 62 26 34 60 
#23 52 0 22 66 56 4 15 49 9 27 59 55 21 43 
#27 18 50 33 49 56 4 54 49 40 1 59 55 34 60 
#27 34 49 19 66 29 4 24 31 2 27 62 55 58 42 
#23 29 50 31 66 56 4 5 11 9 27 62 55 58 60 
6 50 27 29 45 8 
21 53 34 52 9 55 
36 13 4 57 17 43 
12 33 51 23 18 22 
20 59 40 19 46 15 
0 58 14 28 39 44 
#Base: 902
#Max: 610
#676275
#Turn 9
#25 53 49 14 47 16 1 45 33 2 24 59 55 58 60 
#25 52 49 33 66 16 1 24 49 12 1 59 55 58 43 
#27 29 50 33 66 29 12 24 49 12 27 62 55 58 60 
#23 4 49 19 47 29 4 45 49 12 24 62 55 58 60 
#23 53 49 31 47 37 4 19 31 2 1 62 55 58 43 
#25 34 0 33 47 56 14 45 33 12 27 62 55 21 42 
#23 53 8 31 66 56 4 45 33 2 27 59 55 23 43 
#27 18 49 31 47 56 4 5 49 12 27 62 55 58 60 
#27 34 49 15 47 29 14 19 31 12 27 62 55 58 60 
#23 34 50 33 47 53 14 45 33 2 24 62 55 58 43 
#23 4 49 33 47 37 33 24 4 40 34 62 55 12 60 
#49 4 50 19 47 56 1 24 4 40 34 62 55 58 60 
#49 18 50 33 47 56 4 45 31 40 24 62 55 58 60 
#23 58 50 33 49 56 4 54 49 40 24 62 58 58 60 
#23 58 49 31 66 16 14 5 33 9 24 62 58 58 43 
#23 4 49 15 49 37 4 5 4 40 27 59 55 58 60 
#23 53 49 33 49 56 4 5 29 40 27 59 55 34 60 
#27 53 49 31 49 56 4 54 31 40 13 62 58 58 60 
#25 53 49 31 47 56 4 45 31 12 24 62 26 58 60 
#25 53 49 31 47 56 4 45 49 40 27 62 26 58 60 
#23 53 49 19 47 16 4 5 11 12 27 59 26 58 60 
#23 53 50 33 66 29 14 5 11 9 24 62 55 58 60 
#49 53 50 33 47 56 14 24 4 12 24 62 55 34 60 
#25 18 50 31 47 56 14 24 49 12 24 62 55 34 60 
#27 18 49 33 47 16 4 24 49 12 27 62 55 58 60 
#23 34 49 37 66 56 4 14 31 2 27 59 55 58 42 
#27 34 49 19 66 29 4 24 4 2 27 62 55 58 42 
#49 34 50 33 47 37 12 15 4 12 27 62 55 58 60 
#27 4 50 33 49 37 12 45 49 12 24 62 55 58 42 
#24 4 49 15 66 37 4 45 49 2 27 62 55 58 42 
#25 52 0 14 47 29 4 45 4 12 24 62 55 21 60 
#21 34 49 19 47 56 1 45 33 2 27 59 55 21 60 
#23 52 0 33 47 56 4 24 49 12 1 59 55 58 43 
#21 29 50 31 66 29 4 5 49 12 27 62 55 58 60 
#23 4 49 15 47 56 14 45 4 40 24 62 55 58 60 
#23 34 50 31 47 37 1 19 33 2 1 62 26 58 60 
#25 45 49 31 47 56 33 14 31 12 24 62 55 12 60 
#21 34 8 33 47 56 14 45 4 40 34 62 55 58 42 
#23 4 49 31 47 56 4 5 31 9 27 59 55 58 43 
#27 18 50 31 47 56 4 24 49 12 1 62 55 58 60 
#23 34 49 31 47 16 1 19 31 40 24 62 58 58 60 
#23 29 49 31 47 53 1 45 29 2 24 62 26 58 43 
#23 45 49 15 47 56 12 45 4 9 27 59 26 12 60 
#23 4 50 33 47 37 4 5 4 40 34 62 55 58 60 
#49 53 0 31 49 56 1 54 29 9 13 62 55 58 60 
#27 53 49 31 47 56 4 24 31 40 1 59 55 58 60 
#23 58 49 31 66 16 4 45 33 12 24 62 26 58 60 
#25 29 0 31 47 56 14 5 31 40 27 62 55 21 43 
#23 4 49 15 47 16 12 45 49 12 1 59 26 58 60 
#23 29 50 33 66 56 4 5 11 9 27 62 55 34 60 
#23 53 0 33 47 56 14 24 29 12 13 62 55 58 60 
#27 53 50 31 47 56 4 24 49 2 13 62 55 58 60 
#25 18 49 31 47 56 14 45 49 12 24 62 26 34 60 
#27 18 0 33 47 56 4 24 31 40 27 62 55 21 60 
#23 5 49 19 47 16 14 45 31 9 24 59 26 23 42 
#27 34 50 31 66 29 4 5 31 9 27 62 55 58 42 
#49 34 50 33 47 37 14 24 4 12 24 62 55 58 43 
#25 52 50 33 47 56 14 15 49 2 24 62 55 34 60 
#25 4 50 33 49 37 14 45 49 12 24 59 55 34 42 
#27 18 49 15 47 16 4 24 49 40 27 62 55 58 60 
0 58 11 7 59 8 
24 14 40 18 27 56 
21 37 51 2 45 33 
46 9 12 13 19 16 
39 52 23 17 57 36 
3 25 28 22 44 34 
#Base: 902
#Max: 678
#751663
#25 53 49 14 49 16 1 45 33 2 24 59 55 58 42 
#49 4 50 33 47 56 1 45 4 12 24 62 55 58 42 
#49 4 50 31 47 56 1 5 49 40 27 62 55 58 60 
#27 18 49 31 47 16 4 24 49 40 27 62 55 58 60 
#27 18 49 15 47 16 14 24 49 12 27 62 55 58 60 
#23 58 49 31 66 16 14 24 49 9 27 62 58 58 60 
#23 58 49 31 47 16 14 5 31 9 24 62 58 58 60 
#25 53 49 31 47 16 4 45 31 40 24 62 26 58 60 
#49 53 50 33 47 37 4 45 31 12 27 62 55 58 60 
#49 34 50 33 47 37 12 15 4 12 24 62 55 58 43 
#21 34 8 33 47 29 14 45 4 9 34 62 55 58 42 
#21 34 50 33 47 56 4 24 49 40 34 62 55 58 60 
#27 53 50 33 47 56 4 24 49 2 13 62 55 58 60 
#27 29 49 31 47 56 12 24 49 12 1 62 55 58 60 
#27 29 50 31 47 29 4 5 31 12 27 59 55 58 60 
#23 58 50 33 66 53 14 45 33 12 24 62 55 58 60 
#23 18 50 33 47 53 14 45 33 40 24 62 55 58 43 
#23 18 50 33 47 56 4 45 31 40 24 62 58 58 60 
#25 58 49 33 47 56 4 54 49 40 24 62 58 58 60 
#25 53 49 33 49 56 4 5 29 40 27 62 55 34 60 
#27 18 50 31 47 56 4 45 49 12 1 62 26 34 60 
#25 18 49 31 47 56 14 45 49 12 24 62 26 34 60 
#25 53 50 31 49 56 14 24 49 12 24 62 58 58 60 
#25 53 50 33 49 56 14 54 31 40 13 62 58 34 60 
#25 52 50 33 47 56 33 15 49 12 24 62 55 12 60 
#23 34 49 19 47 29 4 14 31 12 24 59 55 58 42 
#27 4 49 37 49 37 12 14 31 2 24 62 55 58 42 
#49 4 50 33 47 56 12 45 4 12 24 62 55 34 60 
#49 53 50 33 47 56 1 24 29 12 24 62 55 58 60 
#49 53 0 31 49 56 1 54 4 9 13 62 55 58 60 
#25 53 49 33 47 16 1 24 49 12 27 59 55 58 60 
#23 58 50 31 66 16 14 5 33 12 24 62 55 34 42 
#23 34 50 19 47 56 1 24 4 40 34 62 58 58 60 
#27 53 49 31 47 56 4 45 49 12 24 62 55 58 60 
#27 34 49 33 47 16 4 24 49 40 27 62 55 58 60 
#27 34 50 15 47 37 14 19 31 12 24 62 55 58 60 
#27 53 49 33 47 29 14 24 49 12 24 62 55 58 60 
#21 58 49 33 66 56 14 45 4 40 34 62 55 58 42 
#23 34 49 31 47 16 4 24 31 40 24 62 58 58 60 
#25 29 49 33 66 56 4 24 49 12 24 62 55 58 60 
#49 53 50 33 47 37 12 15 31 12 1 62 55 58 60 
#49 29 50 33 47 37 14 5 49 12 24 62 55 58 60 
#23 58 49 33 66 16 4 45 11 9 24 62 26 58 60 
#21 34 8 33 47 53 14 45 33 40 24 62 55 58 43 
#27 53 50 31 47 56 4 24 31 2 24 62 55 58 60 
#27 29 50 33 66 56 4 24 49 40 27 62 55 58 60 
#25 53 49 31 47 56 4 24 49 40 1 62 26 58 60 
#23 29 50 33 49 29 4 5 49 40 27 59 55 58 60 
#27 18 50 31 47 16 4 45 49 12 1 62 26 58 60 
#25 18 49 33 47 56 14 45 33 2 24 62 26 58 60 
#25 18 50 33 47 56 4 45 49 40 24 62 55 34 60 
#23 53 50 31 49 56 4 54 49 40 24 62 58 58 60 
#25 53 49 33 47 56 14 15 49 2 27 62 55 58 60 
#25 53 49 31 47 56 4 5 31 12 24 62 55 12 60 
#23 4 50 19 47 56 4 45 49 12 24 62 55 58 60 
#25 18 49 31 47 56 14 45 31 2 24 59 55 34 42 
#27 18 50 33 49 56 12 45 49 12 24 62 55 58 60 
#49 53 50 33 49 56 14 24 31 12 13 62 58 34 60 
#49 52 50 33 47 56 14 54 29 2 24 62 55 58 60 
#25 4 49 31 47 56 33 45 31 40 24 62 55 58 60 
#Base: 902
#Max: 677
#750554
