#[0] 3, 3
#[1] 4, 3
#[2] 3, 4
#[3] 3, 2
#[4] 2, 3
#[5] 2, 4
#[6] 1, 3
#[7] 2, 2
#[8] 3, 1
#[9] 4, 4
#[10] 5, 3
#[11] 3, 5
#[12] 4, 2
#[13] 3, 0
#[14] 5, 4
#[15] 4, 5
#[16] 5, 2
#[17] 4, 1
#[18] 0, 3
#[19] 1, 4
#[20] 2, 1
#[21] 1, 2
#[22] 2, 5
#[23] 0, 4
#[24] 5, 1
#[25] 0, 2
#[26] 5, 5
#[27] 1, 5
#[28] 2, 0
#[29] 1, 1
#[30] 4, 0
#[31] 0, 5
#[32] 1, 0
#[33] 0, 1
#[34] 5, 0
#[35] 0, 0
#Turn 0
53 5 29 6 30 50 
58 2 47 42 10 48 
49 46 39 8 32 24 
22 57 14 37 51 13 
33 18 0 12 38 11 
34 26 16 44 25 54 
#Base: 936
#Max: 357
#381410
#Turn 1
#10 5 37 19 7 3 24 24 22 49 17 19 52 20 34 
#21 11 22 6 26 9 24 18 45 8 28 6 41 16 49 
#21 28 53 10 9 21 17 19 20 20 2 34 52 6 4 
#27 9 53 20 34 8 57 22 20 20 2 31 16 6 30 
#9 13 17 20 25 30 57 22 21 25 49 31 46 2 42 
#21 7 13 0 45 50 42 12 4 32 18 22 8 9 39 
#31 3 44 0 25 50 14 12 4 24 23 22 48 9 31 
#5 1 5 24 10 12 24 7 66 24 4 47 31 28 31 
#5 5 5 61 18 4 24 9 66 6 4 20 31 13 36 
#10 5 38 41 18 37 16 15 28 4 33 29 15 1 37 
#24 22 17 22 10 15 20 43 21 46 31 5 29 12 24 
#24 17 56 33 5 6 6 43 14 46 46 5 6 12 47 
#3 5 56 6 12 1 6 3 14 5 46 1 6 6 47 
#11 35 16 12 17 1 5 32 20 53 10 1 69 1 43 
#11 36 18 12 17 10 5 11 20 0 17 20 69 19 45 
#9 20 26 21 14 7 5 28 18 60 1 26 18 27 37 
#9 20 26 21 14 7 5 2 6 5 14 7 9 17 45 
#1 15 20 6 66 25 19 12 6 0 3 11 9 17 45 
#1 7 13 5 18 25 19 49 39 10 3 11 17 3 25 
#31 5 8 19 18 4 66 49 6 10 9 42 18 13 25 
#14 38 10 26 20 6 9 24 26 6 27 21 4 33 46 
#59 27 7 27 2 32 9 18 12 20 2 21 2 18 14 
#67 7 31 5 2 32 18 4 1 20 51 12 7 40 2 
#8 14 20 5 5 16 17 4 1 18 31 12 7 40 2 
#12 9 16 18 14 16 17 56 17 18 31 16 4 5 56 
#7 1 20 8 45 28 25 13 30 7 8 40 20 11 3 
#7 1 35 33 4 62 9 14 20 4 4 26 20 11 53 
#25 63 35 21 13 62 42 14 10 8 12 26 22 14 0 
#15 63 40 21 3 24 7 31 16 8 12 13 30 26 23 
#10 17 40 3 31 3 16 11 16 8 37 36 45 26 15 
#10 5 37 19 45 3 42 12 20 49 18 2 36 30 34 
#24 3 44 0 26 50 14 18 4 32 29 6 4 9 40 
#21 1 22 6 25 21 32 7 4 8 28 47 41 16 31 
#27 28 53 10 9 39 24 19 66 6 4 34 31 6 4 
#10 9 38 61 34 8 16 15 21 2 20 31 16 25 30 
#46 5 10 5 18 30 6 35 1 25 49 14 46 2 42 
#14 7 17 22 45 48 42 2 21 22 31 50 29 21 8 
#18 17 44 30 34 50 14 43 4 46 12 22 4 12 40 
#3 3 56 33 5 12 6 3 4 24 46 47 48 6 31 
#13 5 16 24 10 1 11 9 58 6 4 1 11 10 43 
#11 14 38 61 18 10 5 15 28 32 33 14 69 19 27 
#26 36 10 27 18 37 6 35 1 0 3 14 15 45 37 
#23 11 17 22 12 48 20 2 18 22 1 4 18 27 26 
#9 20 26 21 14 7 6 2 25 5 12 26 47 67 37 
#20 3 20 6 66 6 6 3 6 38 3 33 6 17 45 
#13 15 16 4 13 1 19 32 58 53 10 1 74 1 43 
#11 7 18 12 18 10 66 49 20 10 17 14 17 3 25 
#26 36 37 27 22 4 0 29 8 21 9 42 24 45 58 
#23 38 10 26 8 14 44 24 26 18 27 4 18 9 26 
#9 20 26 21 20 11 9 18 21 5 2 26 31 33 37 
#20 17 20 1 66 9 20 64 6 38 3 5 2 17 45 
#1 7 20 5 5 25 0 4 1 22 51 12 74 32 1 
#8 7 23 5 5 15 17 56 9 10 31 25 4 5 25 
#31 5 8 12 14 30 55 44 17 21 9 16 16 0 58 
#37 34 10 26 33 6 25 24 26 18 8 7 22 24 3 
#59 43 5 44 4 28 9 17 20 6 2 40 20 11 14 
#25 24 31 33 2 32 18 14 18 20 4 26 2 18 15 
#2 63 15 5 3 6 42 31 10 8 51 13 7 40 2 
#8 17 23 18 31 16 7 56 16 58 31 25 4 44 22 
#12 51 10 12 14 3 55 16 12 54 37 36 16 0 15 
24 0 35 53 3 28 
34 6 7 11 36 55 
44 43 4 13 33 26 
47 8 27 45 50 51 
46 19 38 40 58 22 
5 14 57 59 37 30 
#Base: 936
#Max: 409
#436966
#Turn 2
#10 5 16 19 7 3 24 24 17 49 17 16 4 5 34 
#46 5 10 5 7 30 6 35 22 25 49 14 52 20 34 
#31 5 10 12 18 30 55 35 17 21 49 16 16 2 42 
#27 9 53 20 34 8 55 44 20 20 9 31 16 0 30 
#27 9 53 20 34 8 57 22 20 8 12 13 30 6 30 
#31 3 44 61 25 8 14 15 21 24 20 22 48 9 31 
#31 1 5 0 10 12 24 7 66 24 4 22 48 9 31 
#5 17 5 33 10 12 6 7 14 24 4 47 31 12 47 
#14 7 17 33 5 48 42 2 14 22 31 5 6 21 47 
#14 43 5 22 45 28 42 2 20 6 2 50 29 11 14 
#9 20 26 21 66 7 6 2 6 5 3 26 47 67 45 
#9 20 17 21 25 30 57 22 21 25 12 26 46 67 42 
#9 35 17 12 17 1 57 32 21 53 49 31 69 1 42 
#11 35 16 12 17 1 5 32 20 53 10 34 69 1 43 
#7 28 53 10 9 39 24 19 20 6 4 34 31 6 53 
#26 5 37 61 18 4 0 9 66 6 9 42 24 45 36 
#5 63 5 21 13 4 42 14 10 8 12 20 31 14 36 
#25 15 35 21 13 1 42 32 10 53 12 26 22 1 43 
#13 15 20 4 13 1 19 64 6 53 3 5 74 1 45 
#20 17 20 1 66 9 20 4 6 22 3 12 2 17 1 
#31 5 18 19 18 10 66 49 6 10 17 42 18 13 25 
#31 3 56 19 18 12 6 3 4 24 46 42 18 13 31 
#3 3 38 33 5 12 6 15 4 32 46 47 69 6 31 
#8 17 38 18 31 10 5 56 28 32 31 25 69 44 27 
#67 7 23 18 2 32 18 56 1 58 31 25 4 44 2 
#11 7 18 12 17 50 42 11 4 32 17 22 69 9 39 
#11 36 18 5 3 6 42 31 10 8 51 13 7 19 45 
#2 51 10 12 3 3 42 16 10 54 37 36 16 0 2 
#18 17 10 30 34 3 55 43 4 46 12 36 4 0 40 
#10 17 44 19 45 3 42 12 20 49 12 22 36 30 34 
#12 9 16 18 14 8 16 15 17 2 20 31 16 5 30 
#31 3 44 19 7 50 24 12 4 24 17 22 48 20 34 
#5 1 5 5 18 12 6 7 66 24 49 47 31 2 42 
#24 5 56 33 14 6 6 43 14 21 46 16 6 0 47 
#14 9 17 20 45 48 42 22 20 20 31 50 29 21 30 
#59 63 5 44 4 28 7 31 16 8 12 40 30 26 23 
#20 3 20 6 66 6 16 15 21 38 20 31 6 25 30 
#31 3 26 0 14 7 6 2 25 5 12 26 48 67 31 
#9 1 17 20 25 30 57 22 21 25 49 31 46 28 31 
#11 35 56 12 5 1 6 43 14 53 46 1 69 12 47 
#14 28 53 10 9 48 42 19 21 22 31 34 29 21 4 
#7 1 35 44 4 62 9 17 20 4 2 26 20 11 14 
#20 36 37 27 22 4 0 29 6 38 3 33 24 17 45 
#5 20 26 21 18 7 24 2 66 6 4 26 31 13 36 
#25 13 17 21 25 62 57 22 21 25 12 26 46 2 0 
#11 35 16 12 17 1 19 32 20 53 10 1 69 1 43 
#27 28 53 1 66 9 20 19 6 6 4 5 31 17 4 
#7 7 35 5 4 62 9 14 1 4 51 12 74 11 1 
#26 36 18 12 18 10 0 29 20 21 17 42 24 45 25 
#31 5 5 19 18 4 66 49 66 10 4 42 18 13 36 
#3 3 56 21 13 62 42 3 10 8 46 47 22 14 0 
#11 15 38 4 13 10 19 32 28 32 33 1 69 19 27 
#20 17 20 1 31 9 7 64 6 58 31 5 4 17 45 
#67 7 31 5 5 25 18 4 1 20 51 12 74 32 2 
#11 7 18 12 45 50 66 12 20 32 18 22 17 3 25 
#11 5 8 19 17 4 5 49 6 0 17 20 69 19 45 
#2 63 15 33 3 6 42 3 4 24 46 47 48 6 31 
#12 14 38 61 18 3 55 16 28 32 33 36 16 19 27 
#18 17 44 18 31 50 7 43 4 58 31 25 4 12 40 
#10 5 37 5 45 32 18 4 1 20 51 12 36 40 34 
40 1 54 45 52 51 
33 28 38 23 25 5 
29 44 15 24 49 32 
50 10 18 12 53 56 
20 57 35 39 11 22 
55 34 58 47 13 3 
#Base: 936
#Max: 446
#476496
#Turn 3
#14 28 53 10 9 30 42 19 22 25 49 14 29 20 4 
#11 5 18 5 7 50 66 12 22 25 18 22 17 3 34 
#11 7 16 12 45 50 66 32 20 32 18 22 17 3 43 
#20 17 16 1 31 1 7 64 6 53 10 5 69 1 43 
#11 17 38 1 31 10 19 64 6 32 33 1 4 19 27 
#24 5 10 30 34 6 6 43 14 21 12 36 4 0 40 
#18 17 17 30 25 30 57 22 4 46 49 31 46 28 40 
#8 17 38 20 25 10 57 22 28 25 49 31 69 28 31 
#11 17 38 18 17 10 42 56 28 32 31 25 69 9 27 
#11 7 44 12 17 50 42 15 21 24 17 22 69 9 39 
#10 13 44 19 25 62 57 12 20 49 12 22 36 30 34 
#26 13 37 61 18 4 57 22 21 25 9 26 46 45 36 
#26 7 37 18 18 32 0 56 66 58 9 25 24 45 2 
#31 7 23 19 18 32 66 56 66 10 31 42 18 44 36 
#5 5 5 5 18 4 6 49 66 24 49 47 18 2 36 
#9 3 26 21 13 62 42 2 10 5 46 26 47 14 45 
#9 15 20 4 66 1 6 64 6 5 3 26 74 67 45 
#9 35 17 12 17 1 19 32 21 53 49 31 74 1 42 
#9 35 17 5 17 1 57 4 21 20 51 12 69 32 42 
#67 7 31 33 3 25 18 4 4 20 46 12 74 6 31 
#31 5 18 61 18 10 55 16 6 10 17 36 16 19 27 
#12 14 5 61 18 28 55 16 28 8 12 36 30 19 27 
#59 35 56 12 5 28 6 31 14 8 46 40 30 12 23 
#11 20 56 21 5 30 6 43 21 53 12 26 46 12 47 
#9 3 38 21 5 30 6 15 21 32 46 47 69 67 42 
#11 5 8 20 45 48 5 49 6 0 31 50 69 19 45 
#18 9 17 20 31 50 7 22 4 58 31 25 29 21 30 
#18 7 35 18 4 50 9 14 4 58 51 25 74 12 1 
#7 7 35 12 4 1 5 14 1 53 51 34 74 1 43 
#27 35 53 12 34 1 5 32 20 20 9 31 16 0 30 
#14 5 53 10 9 48 42 43 14 22 31 34 29 21 4 
#18 5 10 5 7 3 6 35 22 46 49 36 4 20 40 
#9 1 18 20 25 30 57 22 20 32 49 31 46 28 25 
#11 17 38 18 31 1 19 32 20 53 10 1 69 44 27 
#20 17 18 12 17 50 7 64 4 58 31 5 69 17 39 
#11 3 44 61 25 10 19 32 21 24 20 22 48 19 31 
#10 17 56 19 14 6 6 43 20 21 12 22 6 30 47 
#18 17 17 30 34 62 55 43 4 46 12 26 4 0 40 
#9 1 17 20 18 4 57 22 21 25 49 31 46 28 36 
#8 7 38 18 31 32 18 56 28 32 31 25 4 44 2 
#31 7 5 19 18 4 42 49 4 32 17 42 69 13 36 
#5 3 5 61 25 8 14 15 21 24 20 47 31 9 42 
#10 17 56 19 13 62 42 12 10 49 46 47 22 14 34 
#9 13 26 21 25 7 57 22 6 25 12 26 47 67 0 
#13 15 20 61 18 1 19 9 66 53 9 5 24 1 45 
#9 35 23 18 2 32 18 56 21 58 49 31 4 44 42 
#31 7 5 5 18 25 18 4 1 20 4 42 74 13 2 
#5 63 15 5 3 6 42 7 66 24 46 47 31 2 42 
#31 3 56 21 13 62 66 49 6 10 46 47 22 13 25 
#12 14 38 61 18 3 55 16 6 5 33 26 16 19 27 
#13 15 5 4 4 28 7 64 16 53 12 5 30 1 23 
#9 35 17 12 5 1 57 32 21 53 46 1 69 1 42 
#9 7 31 5 5 25 18 4 21 20 12 12 46 32 2 
#3 63 15 33 3 6 42 3 4 24 46 47 48 6 31 
#31 5 8 19 17 4 5 49 6 0 17 20 18 19 25 
#14 9 38 20 18 48 55 22 20 32 31 50 16 21 30 
#18 17 5 44 4 50 7 43 16 58 12 25 30 12 23 
#7 7 56 5 4 1 9 14 1 4 51 12 74 11 1 
#11 35 17 21 25 1 5 32 20 53 12 34 69 67 43 
#3 3 53 20 34 12 55 15 4 20 9 47 16 6 30 
43 15 53 18 37 2 
14 9 3 47 6 40 
23 8 42 58 34 28 
17 51 24 16 48 7 
22 10 27 13 25 19 
55 44 11 12 45 33 
#Base: 936
#Max: 499
#533120
#Turn 4
#9 13 26 21 13 7 42 22 10 5 12 26 47 14 45 
#3 3 15 21 3 6 42 2 10 24 46 26 48 6 45 
#3 63 15 5 3 6 57 3 21 24 51 12 69 32 31 
#9 35 17 30 17 1 55 43 21 46 12 12 4 0 42 
#18 7 17 12 45 50 55 32 4 46 12 22 17 3 40 
#5 7 5 12 18 4 42 15 66 24 49 22 18 9 39 
#20 17 16 1 17 1 7 15 21 53 10 22 69 9 43 
#20 63 16 5 3 6 7 64 66 53 46 5 31 2 42 
#18 17 17 5 3 6 57 7 66 24 46 47 46 28 42 
#31 17 5 30 18 30 57 49 4 46 17 42 46 28 40 
#11 17 56 18 5 10 6 43 21 32 12 26 69 12 47 
#11 17 38 19 17 62 42 12 10 49 31 25 69 9 27 
#10 17 17 21 25 1 5 32 20 53 12 47 22 67 43 
#11 17 18 21 25 1 5 64 4 53 12 34 69 17 43 
#20 17 18 12 17 50 5 14 1 58 51 34 74 17 43 
#9 35 17 12 5 1 19 32 21 53 49 1 74 1 42 
#9 3 38 21 5 30 57 15 21 32 46 1 69 67 42 
#9 3 38 4 5 1 6 64 21 32 46 26 69 67 45 
#31 15 56 21 13 1 6 64 6 5 3 47 74 13 45 
#31 3 56 20 25 62 57 22 6 10 49 31 69 28 25 
#59 35 56 12 5 62 57 12 20 8 12 22 30 12 23 
#18 7 44 19 4 62 57 12 20 49 12 22 74 12 1 
#31 7 35 19 18 50 9 56 66 10 31 42 18 44 36 
#31 7 8 20 45 32 5 49 66 0 31 42 69 19 36 
#67 7 8 33 45 48 5 4 6 0 31 12 69 6 31 
#13 15 38 61 18 48 55 9 20 53 31 50 16 1 45 
#13 13 20 61 18 4 19 22 66 25 9 26 24 45 36 
#26 7 37 61 18 4 57 56 21 58 9 26 46 45 36 
#26 35 23 18 18 32 0 56 66 58 9 25 4 45 2 
#9 17 23 18 31 32 18 32 21 58 49 1 69 44 27 
#9 5 5 21 25 7 57 49 66 25 12 26 18 67 0 
#9 3 26 21 17 62 42 15 21 5 46 26 47 9 45 
#3 17 15 33 31 1 7 3 6 24 10 5 69 6 31 
#5 35 15 5 3 6 57 7 66 20 46 12 69 2 42 
#18 17 17 30 34 30 57 22 4 46 49 31 46 0 40 
#31 7 5 12 18 4 66 49 20 32 17 22 69 3 36 
#11 20 56 21 5 4 6 43 21 24 12 26 18 2 47 
#11 7 44 12 17 50 42 56 28 32 17 22 69 9 39 
#20 17 16 19 13 62 42 64 10 49 10 47 22 14 34 
#5 35 15 5 3 1 42 32 20 24 46 47 69 67 42 
#20 17 17 12 25 50 57 64 4 46 49 31 69 28 40 
#31 7 5 12 18 4 5 14 4 32 17 42 69 1 36 
#11 20 56 21 17 1 19 43 21 53 12 31 74 1 47 
#9 35 38 18 5 10 57 56 28 53 31 1 69 9 27 
#9 17 56 19 13 62 6 12 10 32 46 47 22 14 42 
#11 15 20 4 66 1 5 32 20 5 3 26 69 67 43 
#20 3 56 12 13 62 66 49 6 10 46 47 22 17 25 
#7 17 38 20 4 1 57 14 1 53 49 31 74 28 43 
#9 35 56 12 17 28 19 32 21 8 49 31 30 12 42 
#9 13 44 19 5 62 57 32 20 49 12 1 36 30 42 
#18 7 38 18 4 30 9 15 21 58 46 47 69 12 1 
#31 15 23 4 66 32 6 56 66 5 3 26 18 67 45 
#11 5 56 21 13 62 66 49 6 10 31 50 69 19 45 
#67 7 31 20 3 25 18 4 4 25 49 12 74 6 31 
#14 35 38 12 18 28 55 22 20 32 31 40 30 21 23 
#10 15 20 61 18 1 19 9 66 49 9 5 24 1 45 
#18 13 35 18 18 50 57 14 4 25 9 25 74 12 1 
#31 7 37 19 18 32 0 56 66 58 31 42 24 45 2 
#11 35 8 18 45 32 18 56 6 58 49 50 4 19 42 
#67 17 31 18 31 1 19 32 20 20 10 1 69 44 27 
13 30 29 14 45 28 
49 38 42 16 37 11 
20 58 7 51 17 33 
47 39 19 52 27 57 
9 21 25 40 23 22 
24 8 18 46 43 2 
#Base: 936
#Max: 529
#565171
#Turn 5
#9 5 18 21 25 1 57 49 4 53 12 34 69 17 0 
#9 5 5 18 31 7 18 49 66 58 12 1 18 44 0 
#9 17 23 12 31 50 18 32 1 58 49 1 69 44 43 
#20 15 18 4 66 1 5 14 1 58 3 26 74 17 43 
#11 15 20 18 66 1 0 32 66 5 9 25 69 45 43 
#20 13 16 19 5 62 57 64 20 49 12 47 22 30 34 
#11 17 16 19 17 62 19 43 10 53 12 31 22 1 34 
#9 3 56 21 17 1 19 15 21 32 12 31 74 67 47 
#11 7 44 21 17 30 57 56 21 32 17 1 69 67 42 
#11 17 44 19 17 50 42 56 28 49 31 25 69 9 27 
#59 35 8 18 5 62 57 56 6 8 49 50 4 12 23 
#20 63 16 5 3 32 18 64 66 58 49 50 31 19 42 
#20 63 23 4 66 32 6 56 66 5 3 5 31 67 42 
#31 15 23 4 5 32 6 64 66 32 3 26 18 67 45 
#9 35 15 4 3 1 57 7 66 32 46 26 69 67 45 
#7 17 38 5 4 1 42 32 1 53 49 47 74 28 42 
#31 3 56 5 25 62 57 32 20 24 49 31 69 67 42 
#31 5 56 20 25 62 66 22 6 10 49 50 69 19 25 
#11 7 56 61 13 4 66 56 21 10 9 50 69 19 36 
#26 7 37 61 18 32 0 56 66 58 31 26 46 45 36 
#18 7 44 30 18 62 57 49 20 49 17 42 46 12 1 
#13 7 44 61 4 62 55 12 20 49 12 22 16 1 45 
#13 15 17 12 18 50 55 64 4 53 49 50 69 28 45 
#31 7 17 20 25 50 57 49 4 0 49 42 69 19 36 
#31 7 35 19 18 50 9 49 66 0 31 42 18 19 36 
#67 17 8 5 3 6 5 7 6 24 31 12 69 6 42 
#31 15 17 21 13 1 6 64 66 24 46 47 74 13 42 
#20 3 56 12 13 62 66 49 6 10 3 47 74 13 45 
#20 35 56 18 5 62 66 49 28 53 31 1 69 17 25 
#3 35 38 18 3 6 57 56 21 53 51 1 69 32 31 
#9 17 18 19 5 62 57 64 20 53 12 1 69 17 42 
#20 5 5 21 13 7 42 64 10 49 12 26 18 14 0 
#9 17 56 21 17 1 18 32 21 53 12 31 69 1 27 
#9 3 18 12 5 50 5 14 21 32 46 34 74 17 43 
#11 15 44 12 17 1 5 56 28 32 17 26 69 9 39 
#26 35 38 19 17 62 0 56 10 58 9 25 4 9 2 
#9 35 44 19 5 62 57 12 20 49 12 1 30 30 42 
#20 35 16 19 13 62 18 56 10 49 10 47 22 19 34 
#11 63 16 21 17 1 7 43 66 53 12 31 74 1 42 
#9 3 38 21 5 30 57 15 21 32 3 1 69 67 42 
#9 3 38 12 17 1 6 56 21 32 17 26 69 9 45 
#5 17 38 5 3 62 57 12 66 20 46 12 69 9 42 
#7 17 56 12 4 1 57 14 1 8 12 31 74 12 43 
#11 35 15 5 3 32 42 32 20 24 49 47 69 19 42 
#31 3 16 20 3 62 7 22 6 10 49 5 69 2 25 
#11 15 23 4 13 32 66 49 66 10 3 26 18 19 45 
#26 7 38 4 5 4 57 56 21 32 46 26 46 67 36 
#31 35 15 5 3 6 0 7 66 20 31 12 24 2 42 
#7 17 5 20 18 1 57 14 1 46 17 42 46 28 43 
#5 35 15 19 3 1 57 32 20 24 12 47 74 67 42 
#31 15 38 61 25 48 57 22 6 53 31 50 69 28 45 
#20 17 17 12 25 50 66 49 6 10 31 31 69 19 40 
#31 7 37 61 45 4 57 49 21 0 9 26 69 19 36 
#31 7 37 19 18 50 9 56 66 10 31 42 18 44 36 
#67 7 8 33 45 48 57 4 6 46 31 42 69 6 40 
#18 17 44 19 3 6 57 7 66 49 12 22 74 28 42 
#31 15 38 61 18 48 6 64 6 5 3 50 16 13 45 
#20 3 56 12 25 50 57 64 4 10 46 47 22 28 25 
#31 35 38 18 45 10 5 56 66 0 31 1 69 9 27 
#31 63 35 19 18 6 57 3 66 24 51 12 18 32 31 
13 51 57 52 49 15 
53 59 9 12 55 5 
2 23 17 11 19 46 
26 54 28 16 22 18 
58 29 8 50 27 30 
4 10 38 14 41 20 
#Base: 936
#Max: 579
#618590
#Turn 6
#31 15 17 4 5 50 66 49 66 32 31 26 18 67 40 
#20 17 17 12 25 50 66 49 6 10 46 47 22 28 25 
#31 3 56 12 25 4 57 49 21 10 9 47 22 19 36 
#5 7 15 19 45 4 57 49 21 24 12 47 69 19 42 
#7 17 38 5 3 1 42 32 20 24 49 47 74 67 42 
#31 7 35 19 18 50 9 56 66 24 51 12 18 32 36 
#31 17 44 19 18 6 42 3 66 24 31 12 69 32 31 
#20 63 44 19 17 50 42 56 66 5 31 5 69 9 42 
#20 17 23 4 66 6 6 7 66 5 12 5 74 67 42 
#18 13 16 19 5 62 57 64 66 49 12 47 22 28 42 
#31 17 23 12 25 50 57 49 1 0 49 42 69 44 43 
#31 5 56 20 25 62 57 49 4 0 49 50 69 19 25 
#20 5 16 20 3 32 66 64 6 10 49 50 31 19 42 
#20 63 16 61 18 32 18 56 66 58 49 50 31 19 36 
#26 7 38 61 18 32 57 56 21 32 31 26 46 45 36 
#67 15 8 21 45 48 6 64 66 24 31 42 74 6 42 
#20 35 8 33 5 48 66 49 6 53 31 1 69 17 25 
#31 35 56 5 25 62 57 49 20 24 49 1 69 67 42 
#13 3 17 12 18 62 57 64 4 53 49 31 69 67 42 
#13 15 17 61 18 50 55 56 4 53 49 50 69 28 45 
#3 35 38 18 3 6 5 56 66 53 31 1 69 32 27 
#3 7 38 21 17 6 57 56 21 32 17 1 69 32 42 
#11 15 44 21 17 30 57 22 21 53 31 1 69 28 42 
#31 3 56 12 25 62 66 49 6 10 3 50 69 28 45 
#20 3 56 12 13 62 66 64 20 53 12 47 74 13 42 
#11 15 20 18 5 1 57 56 66 8 49 50 69 12 23 
#59 63 8 18 5 1 7 43 6 53 12 31 4 12 23 
#11 35 16 4 3 1 7 7 66 32 46 31 69 1 45 
#9 35 15 4 3 1 57 12 66 20 46 12 69 9 42 
#18 17 44 5 18 62 57 12 66 20 46 12 69 9 1 
#31 15 37 19 18 50 6 64 66 10 31 26 18 67 36 
#31 17 35 12 18 6 66 49 6 10 31 31 69 32 40 
#20 3 56 19 17 50 57 64 28 10 46 47 69 9 25 
#31 7 23 61 66 32 6 56 66 5 3 26 69 19 42 
#18 17 44 19 3 6 57 32 66 24 12 22 74 28 42 
#7 13 38 19 5 1 57 64 20 49 49 47 22 30 34 
#9 17 37 19 31 50 18 32 1 10 49 1 18 44 36 
#31 63 17 19 25 50 57 3 66 24 49 12 18 19 31 
#11 5 44 19 17 62 42 22 28 49 49 25 69 9 25 
#20 63 23 5 66 32 6 56 66 5 49 5 31 19 42 
#26 7 44 19 18 6 0 56 66 49 12 22 74 45 36 
#20 13 38 4 5 4 57 64 21 32 12 47 22 67 36 
#31 15 17 21 31 1 6 64 1 24 46 1 69 44 42 
#31 7 17 20 45 50 57 49 6 46 49 42 69 6 36 
#31 35 56 20 25 62 66 22 6 10 49 1 69 17 25 
#20 3 56 5 3 62 18 64 20 24 49 50 69 19 42 
#26 15 17 61 18 50 0 56 4 53 31 26 69 28 45 
#11 7 56 4 13 4 57 56 21 32 46 26 69 19 36 
#31 35 17 21 13 1 6 56 66 24 31 1 69 13 42 
#67 7 38 18 3 6 57 4 21 53 31 42 69 6 40 
#11 7 56 18 5 62 66 49 28 32 17 1 69 17 25 
#31 3 56 61 25 48 57 32 20 24 49 50 69 28 45 
#20 15 17 12 18 62 66 49 6 10 49 47 74 13 45 
#11 17 18 19 5 4 57 56 20 53 12 50 69 17 36 
#11 35 38 18 66 10 0 56 66 0 9 25 69 9 27 
#59 35 38 18 3 6 57 56 21 53 49 50 69 12 31 
#11 63 16 21 17 30 7 43 66 53 12 1 74 1 42 
#9 15 38 4 25 48 57 22 6 53 46 50 69 67 45 
#20 3 56 12 3 62 57 49 66 10 46 12 74 13 45 
#9 7 18 30 18 62 57 49 20 53 12 1 46 12 1 
38 16 40 45 44 25 
50 56 14 15 10 4 
37 52 57 18 24 46 
33 55 19 17 13 11 
49 0 23 51 58 32 
29 39 9 7 43 30 
#Base: 936
#Max: 598
#638889
#Turn 7
#20 5 44 33 5 62 42 22 6 53 49 25 69 17 25 
#20 35 8 19 18 6 0 49 66 49 31 1 74 45 25 
#20 7 56 19 3 62 18 56 20 24 12 22 69 19 42 
#31 35 56 5 25 62 66 22 6 10 49 1 69 19 25 
#31 35 20 20 5 1 66 22 66 10 49 1 69 12 23 
#11 63 16 18 5 62 7 49 28 53 17 1 74 17 25 
#26 7 16 21 18 30 57 43 21 53 31 1 74 45 42 
#67 7 38 21 18 48 57 64 66 32 31 42 74 6 36 
#31 15 23 12 25 48 6 64 66 24 49 42 74 6 43 
#31 17 38 12 25 50 57 49 1 0 49 47 69 67 42 
#20 63 17 12 25 50 57 3 6 10 49 47 18 19 45 
#20 15 38 4 18 62 57 49 6 10 46 50 69 13 45 
#9 15 38 4 25 62 57 22 6 53 46 50 69 67 45 
#20 3 17 12 13 62 57 64 20 53 12 47 69 13 42 
#26 15 17 12 18 62 0 64 4 53 31 47 74 28 45 
#31 35 23 61 66 32 6 56 66 53 49 26 69 19 31 
#13 15 38 18 18 50 55 56 4 53 49 50 69 12 45 
#13 15 17 61 18 50 55 56 4 24 49 50 69 28 45 
#31 63 16 5 25 62 57 56 66 58 49 1 31 67 42 
#20 63 16 61 18 62 18 49 4 58 49 50 69 19 36 
#67 15 17 4 5 50 66 49 21 32 31 26 18 67 40 
#31 15 17 4 5 50 66 49 6 10 3 26 69 28 45 
#31 3 56 61 25 48 66 32 6 10 3 50 69 28 45 
#20 3 56 61 25 62 57 49 20 10 46 50 69 13 45 
#20 3 56 19 3 62 57 64 66 10 46 12 69 13 45 
#18 63 23 5 66 32 57 56 66 20 49 12 69 9 42 
#20 13 16 19 5 62 6 56 66 5 12 47 31 28 42 
#20 13 16 19 17 62 57 64 66 49 31 47 69 28 42 
#20 7 44 20 45 50 57 56 66 46 31 42 69 6 42 
#31 15 37 20 45 50 6 64 6 10 31 26 18 6 36 
#11 5 56 19 5 62 42 49 28 32 49 25 69 9 25 
#11 63 8 21 17 48 7 49 66 53 31 1 74 17 42 
#26 7 38 19 18 6 0 56 66 32 31 22 46 45 36 
#20 15 8 21 3 48 18 64 66 24 31 42 74 19 42 
#31 35 56 20 25 62 57 22 1 10 49 1 69 17 25 
#7 15 20 5 3 1 57 56 66 8 49 47 74 12 42 
#31 7 56 18 5 62 66 3 66 24 17 1 18 19 25 
#11 15 17 21 18 62 7 43 6 53 12 47 74 13 45 
#9 15 38 4 25 48 57 56 21 32 31 50 46 45 45 
#67 3 17 21 18 62 6 64 66 53 31 31 69 6 42 
#31 3 23 12 25 62 66 49 20 53 49 42 69 13 43 
#26 17 38 5 18 50 42 32 4 53 49 26 74 67 45 
#31 7 23 61 25 50 57 56 66 5 49 12 69 19 31 
#20 15 17 12 18 6 57 56 21 10 49 47 69 13 45 
#13 15 38 4 18 50 55 56 4 53 49 50 69 28 45 
#13 35 56 12 25 62 57 49 20 53 49 1 69 67 42 
#20 3 16 61 13 32 18 64 20 58 49 47 74 19 36 
#31 15 56 61 25 50 57 56 4 53 31 26 69 28 25 
#31 7 38 61 66 32 57 4 66 53 3 42 69 6 42 
#59 35 17 18 5 50 57 49 21 53 31 26 18 12 40 
#31 3 56 12 25 50 55 56 6 10 3 50 69 28 45 
#31 3 56 61 25 48 57 32 20 24 49 1 69 67 45 
#20 3 16 61 3 62 57 56 66 58 49 50 74 19 45 
#20 5 56 19 25 50 57 49 28 10 46 47 69 9 25 
#67 7 44 5 3 62 57 4 66 53 31 12 69 6 1 
#31 15 23 4 5 50 6 56 66 32 31 5 31 19 42 
#18 13 16 12 25 62 57 64 6 10 12 47 22 28 42 
#20 3 56 19 17 50 57 32 66 5 49 50 69 9 42 
#20 3 56 12 45 62 57 49 6 46 46 12 69 13 36 
#31 3 56 19 17 50 57 64 66 10 46 47 69 67 25 
11 13 22 9 41 53 
20 31 57 28 24 46 
8 17 27 45 7 44 
47 19 15 52 59 23 
38 40 48 18 25 39 
54 16 42 51 12 58 
#Base: 936
#Max: 639
#682692
#Turn 8
#20 15 38 4 13 62 57 49 20 53 12 50 69 13 45 
#31 3 56 12 25 48 66 64 6 10 12 50 69 13 42 
#31 17 38 12 25 50 66 49 6 0 3 50 69 67 45 
#26 17 38 5 25 50 42 32 1 0 49 47 69 67 45 
#20 17 56 19 18 50 57 32 4 10 46 47 69 9 45 
#67 63 17 4 17 50 66 49 21 53 31 26 18 67 40 
#11 63 8 19 17 50 57 49 66 53 49 50 69 9 42 
#20 3 56 19 45 50 57 56 66 46 31 50 69 6 42 
#20 7 44 19 3 50 57 64 66 10 46 12 69 13 42 
#20 3 16 19 3 32 57 64 20 10 46 12 74 19 45 
#31 15 23 61 25 50 55 56 4 24 49 50 69 6 45 
#13 13 17 19 18 62 57 56 4 49 31 47 69 28 42 
#20 13 56 12 25 62 57 49 66 49 31 1 69 28 42 
#13 35 56 21 25 48 57 49 66 53 49 1 74 67 36 
#13 7 38 21 18 48 57 56 66 53 31 50 69 6 36 
#20 63 56 61 18 50 18 49 4 53 49 26 69 19 25 
#31 35 16 61 66 62 18 49 66 53 49 50 69 19 36 
#31 3 16 61 66 62 57 56 66 58 49 26 74 19 45 
#20 3 56 61 3 50 57 64 66 10 49 47 74 67 25 
#31 3 56 61 25 50 57 49 66 10 46 47 69 67 45 
#31 15 38 4 25 48 66 56 20 53 49 42 69 45 45 
#31 7 23 12 25 62 66 49 20 53 3 42 69 6 43 
#31 7 38 61 25 62 57 56 66 53 3 1 69 67 42 
#31 63 16 5 25 32 57 56 66 20 49 1 31 9 42 
#18 3 23 5 18 62 57 56 66 20 31 31 69 6 42 
#13 7 44 5 3 62 55 56 4 53 49 12 69 6 45 
#31 15 38 18 18 50 55 56 66 5 49 50 69 19 45 
#31 7 23 61 25 48 57 56 20 5 49 1 69 67 45 
#31 3 56 4 25 48 57 32 6 53 46 50 69 67 45 
#20 3 56 4 45 62 57 22 6 46 46 12 69 67 45 
#20 15 17 4 5 50 66 49 6 32 31 50 69 13 45 
#11 3 17 21 17 62 7 64 20 53 31 1 74 13 42 
#31 3 56 19 25 50 57 32 66 10 49 50 69 9 45 
#31 17 38 12 45 50 57 56 1 0 31 42 69 6 42 
#26 17 56 5 3 62 42 64 66 53 46 26 74 13 45 
#20 3 16 61 25 32 57 64 28 10 49 47 74 9 36 
#31 15 23 12 5 50 66 64 66 32 49 26 18 6 40 
#11 63 8 21 17 48 7 56 66 53 31 1 74 28 42 
#20 13 56 19 17 50 57 32 66 5 31 50 69 9 42 
#20 35 44 20 25 62 57 49 20 53 31 42 69 67 42 
#20 7 38 19 3 62 57 64 66 32 46 12 69 13 36 
#13 15 16 61 18 32 18 56 20 53 49 47 69 19 36 
#31 15 56 12 25 48 6 64 4 53 49 26 74 28 25 
#13 63 16 61 18 50 55 56 4 58 49 50 69 28 45 
#20 35 23 61 17 62 6 64 66 49 31 47 69 28 31 
#13 3 16 61 25 62 57 49 66 53 49 50 69 67 45 
#31 7 56 21 17 48 57 64 66 32 31 42 74 67 25 
#20 3 56 4 25 50 57 56 20 53 46 50 69 13 45 
#9 15 56 4 25 50 57 56 21 53 31 26 69 45 25 
#31 63 23 12 18 62 18 49 20 53 49 42 69 13 43 
#31 35 23 61 66 32 57 56 66 53 3 42 69 6 42 
#31 63 16 61 3 62 57 56 66 58 49 50 74 19 42 
#18 3 23 19 17 50 57 64 66 20 46 47 69 67 25 
#67 3 56 21 25 62 57 64 20 10 46 50 69 6 45 
#67 7 44 4 3 48 57 56 21 53 31 50 69 6 1 
#31 15 23 12 25 62 55 49 20 53 49 42 69 12 43 
#31 7 38 61 66 50 57 4 66 53 3 12 69 6 31 
#31 63 16 5 25 62 57 32 20 58 49 1 69 67 42 
#9 63 38 5 25 62 57 22 66 53 49 50 69 67 45 
#67 3 17 12 45 62 6 49 6 53 31 31 69 6 36 
40 29 15 34 26 10 
55 49 52 18 57 14 
47 28 13 16 58 5 
7 50 19 51 45 39 
27 53 43 17 22 44 
56 12 20 46 6 32 
#Base: 936
#Max: 707
#755342
#Turn 9
#20 7 56 19 3 62 57 22 66 46 46 12 69 67 45 
#20 63 56 4 18 62 18 22 4 53 46 12 69 19 45 
#20 63 56 61 3 50 18 49 66 53 46 26 69 13 45 
#26 17 38 5 18 62 42 64 66 53 49 50 74 19 45 
#31 15 38 18 25 50 55 56 4 5 49 50 69 19 45 
#31 15 23 12 25 62 18 49 20 53 49 42 69 13 43 
#31 3 23 19 18 62 57 49 66 53 49 47 69 67 25 
#18 3 56 61 17 50 57 64 66 10 49 47 69 67 25 
#31 63 16 61 3 50 57 32 20 58 49 1 69 67 42 
#31 7 38 21 25 62 57 56 66 53 49 50 69 67 42 
#20 3 56 4 25 50 57 56 6 53 46 50 69 67 45 
#31 35 56 4 25 48 57 32 6 53 49 1 69 67 36 
#31 35 16 21 66 62 57 49 66 53 49 1 74 67 36 
#9 35 16 61 66 62 57 49 66 53 49 50 69 67 36 
#67 63 17 4 17 62 66 22 66 53 49 26 69 67 45 
#31 35 23 61 45 32 57 56 66 46 31 50 69 6 42 
#31 3 56 61 66 32 57 56 66 53 3 47 69 67 45 
#31 63 16 61 25 50 57 49 66 10 46 50 74 19 45 
#13 63 16 61 3 62 57 56 66 58 49 50 69 19 42 
#13 35 44 61 25 62 57 49 20 53 31 50 69 67 45 
#67 3 56 61 25 48 57 64 20 10 49 1 69 67 45 
#13 63 56 21 25 62 57 56 4 10 49 50 69 28 45 
#31 63 16 61 66 50 55 56 66 58 49 26 74 28 45 
#31 3 16 61 25 62 57 56 66 53 3 26 74 19 42 
#20 35 38 61 25 62 6 64 66 49 3 47 69 28 42 
#31 7 38 61 66 62 57 4 66 53 3 12 69 6 42 
#31 15 56 12 25 62 57 49 66 49 31 42 69 45 42 
#31 15 38 21 17 48 66 56 20 53 31 42 74 67 45 
#11 7 56 21 17 50 57 49 66 53 49 42 74 67 25 
#31 63 56 19 25 50 57 32 66 53 49 50 69 9 45 
#31 15 38 12 3 62 55 64 20 32 46 42 69 12 36 
#31 3 23 12 18 62 57 22 20 46 46 12 69 67 45 
#18 3 56 61 17 50 57 49 4 20 49 47 69 19 25 
#26 3 56 61 3 62 57 64 66 53 46 47 74 67 45 
#31 15 16 5 25 50 57 32 20 58 49 1 69 67 42 
#31 15 38 21 25 50 55 56 66 53 49 50 69 6 36 
#31 3 56 12 25 62 55 56 20 53 49 42 69 12 45 
#31 63 56 12 18 62 18 32 6 53 49 50 69 67 45 
#18 3 56 21 17 50 57 49 66 20 49 47 69 67 25 
#31 3 56 61 66 62 18 64 66 10 49 50 69 19 36 
#9 63 16 5 25 62 57 32 66 53 49 1 69 67 42 
#67 7 38 4 17 50 66 49 66 53 31 26 18 67 40 
#20 3 56 19 45 50 57 56 66 53 31 50 69 13 42 
#31 3 56 61 66 48 57 56 6 53 3 50 69 67 42 
#31 3 56 21 25 48 57 49 66 53 46 47 69 67 36 
#31 35 16 61 66 62 18 49 66 58 49 50 69 19 42 
#13 3 38 5 25 62 57 49 66 53 49 50 69 67 45 
#20 35 17 4 25 62 57 49 20 53 31 42 18 67 42 
#31 3 56 19 25 48 57 56 20 46 31 50 69 67 45 
#31 3 56 61 25 32 57 64 20 53 46 42 69 6 45 
#31 63 16 61 18 50 57 49 4 58 49 50 69 28 45 
#31 63 16 61 3 62 57 56 66 58 49 26 74 19 45 
#13 3 38 61 25 62 57 49 66 53 49 50 69 67 42 
#20 35 44 20 17 62 6 64 20 49 31 47 69 67 42 
#31 7 23 61 66 48 57 4 66 53 3 1 69 6 45 
#67 3 56 12 25 62 57 64 20 49 46 50 69 28 45 
#13 63 38 61 25 48 55 56 20 53 49 42 69 28 45 
#31 3 56 21 17 62 57 56 66 32 49 26 74 67 25 
#11 63 8 19 25 50 57 56 66 53 3 50 69 9 42 
#20 3 23 19 17 62 57 32 66 49 49 50 69 9 31 
38 48 57 43 46 3 
20 27 55 45 39 2 
37 7 19 52 9 50 
44 14 16 22 33 18 
42 15 12 13 51 17 
35 28 26 29 56 6 
#Base: 936
#Max: 745
#795940
#31 3 56 21 25 50 57 49 20 20 31 47 69 67 25 
#31 3 56 19 17 62 57 56 66 32 31 26 69 67 45 
#31 3 56 61 66 62 57 56 6 53 3 26 74 67 42 
#31 3 56 61 66 62 57 49 6 53 49 50 69 67 42 
#13 3 38 5 18 62 57 49 66 53 49 50 74 19 45 
#31 3 38 61 25 48 57 64 20 10 49 1 74 67 45 
#67 15 56 12 25 48 57 56 20 53 31 50 74 28 45 
#31 3 56 61 25 62 18 64 66 49 49 50 69 28 45 
#31 3 56 61 66 62 18 49 66 58 49 50 69 19 42 
#20 63 56 61 66 50 18 64 66 53 46 50 69 13 45 
#18 63 56 61 17 62 18 32 6 53 49 50 69 67 25 
#18 3 56 61 25 62 57 49 20 53 49 50 69 67 25 
#13 35 44 61 25 62 57 49 20 53 31 50 69 67 45 
#31 7 38 61 25 62 57 49 66 53 49 50 69 67 42 
#31 7 38 21 25 62 57 56 4 53 49 50 69 28 45 
#67 63 56 4 25 62 57 22 66 53 49 26 69 67 36 
#31 63 56 4 17 62 57 22 66 53 49 26 69 67 45 
#31 63 56 61 66 50 57 56 66 53 3 26 69 67 45 
#31 3 16 61 3 50 57 56 66 53 46 26 74 28 45 
#13 3 16 61 3 62 57 64 66 58 46 50 69 19 42 
#20 3 56 61 45 50 57 56 66 46 31 50 69 6 42 
#31 35 23 21 66 32 57 56 66 46 31 50 69 67 42 
#31 35 16 61 66 62 57 49 66 53 49 50 69 67 36 
#9 63 16 61 3 62 57 56 66 53 49 26 74 19 45 
#31 63 16 61 25 50 57 56 66 58 46 50 74 19 45 
#11 7 56 21 17 50 55 49 66 53 49 50 74 67 36 
#11 7 56 12 17 50 57 49 66 53 49 42 74 67 25 
#31 15 56 19 25 62 57 49 66 53 49 50 69 45 45 
#13 63 38 19 25 48 55 56 20 53 49 50 69 9 45 
#31 63 38 61 18 48 57 49 66 53 49 47 69 67 25 
#18 3 56 61 17 50 57 64 20 10 49 47 69 67 25 
#31 15 38 19 17 48 57 56 20 53 31 50 74 67 45 
#67 3 56 21 17 62 57 64 20 32 46 50 69 67 25 
#31 35 56 61 66 48 18 49 6 58 49 50 69 67 42 
#13 3 38 61 25 62 57 49 66 53 49 50 69 19 36 
#20 63 56 61 3 62 18 64 66 53 49 50 74 19 45 
#31 3 56 61 25 62 57 64 6 10 49 50 69 67 45 
#18 15 56 21 17 48 57 64 66 53 31 42 74 67 45 
#67 3 56 12 25 62 57 64 20 53 31 50 69 67 45 
#13 35 16 61 66 62 57 49 66 58 49 50 69 19 42 
#31 3 56 21 25 62 57 56 66 10 49 50 69 67 36 
#20 63 56 61 3 50 57 49 4 53 46 26 69 28 45 
#31 63 56 12 18 62 18 32 6 53 46 50 69 67 36 
#18 3 17 61 17 62 66 22 66 10 49 47 69 67 45 
#31 35 56 61 66 32 57 56 66 53 31 50 69 67 45 
#31 63 16 61 25 62 57 56 66 58 49 26 69 28 42 
#26 7 56 21 3 62 57 64 66 53 46 50 69 67 42 
#31 63 16 61 18 62 57 56 4 58 49 50 69 19 42 
#20 3 56 21 45 48 57 49 66 53 31 50 69 67 36 
#67 63 17 4 17 62 66 22 66 53 31 50 69 67 42 
#31 3 56 21 66 62 57 56 66 53 49 47 69 67 45 
#9 35 16 61 66 62 55 56 66 58 49 26 74 67 36 
#26 63 16 61 3 62 57 56 66 58 46 47 74 67 45 
#31 63 16 61 25 50 57 49 66 10 49 50 69 19 45 
#31 3 56 19 45 50 55 56 66 53 31 50 69 6 42 
#11 7 56 21 17 50 57 49 66 53 49 42 69 67 42 
#31 35 16 21 25 62 57 49 66 53 31 1 69 67 36 
#9 63 16 61 25 50 57 49 66 53 49 50 69 67 36 
#13 63 16 61 3 62 55 56 20 58 49 42 74 19 45 
#31 3 16 19 25 62 57 49 66 53 49 47 69 67 25 
#Base: 936
#Max: 775
#827991
