#[0] 3, 3
#[1] 4, 3
#[2] 3, 4
#[3] 3, 2
#[4] 2, 3
#[5] 2, 4
#[6] 1, 3
#[7] 2, 2
#[8] 3, 1
#[9] 4, 4
#[10] 5, 3
#[11] 3, 5
#[12] 4, 2
#[13] 3, 0
#[14] 5, 4
#[15] 4, 5
#[16] 5, 2
#[17] 4, 1
#[18] 0, 3
#[19] 1, 4
#[20] 2, 1
#[21] 1, 2
#[22] 2, 5
#[23] 0, 4
#[24] 5, 1
#[25] 0, 2
#[26] 5, 5
#[27] 1, 5
#[28] 2, 0
#[29] 1, 1
#[30] 4, 0
#[31] 0, 5
#[32] 1, 0
#[33] 0, 1
#[34] 5, 0
#[35] 0, 0
#Turn 0
20 5 53 50 49 19 
31 18 40 26 24 55 
29 23 28 21 4 37 
27 35 0 9 42 32 
8 57 45 3 38 16 
11 41 12 46 44 25 
#Base: 968
#Max: 357
#368802
#Turn 1
#32 10 16 31 17 19 20 51 7 41 18 17 17 20 26 
#2 10 16 21 17 18 46 51 20 34 11 17 17 1 26 
#2 27 3 14 19 28 15 34 10 34 0 16 37 2 21 
#6 19 3 14 28 28 10 26 1 48 10 29 37 1 66 
#35 42 7 14 28 9 10 4 29 1 7 31 23 10 37 
#5 18 19 3 12 19 31 3 39 30 21 19 20 12 28 
#5 62 19 2 5 19 33 6 28 10 21 19 20 12 52 
#15 7 38 2 5 8 18 33 21 69 16 6 5 22 52 
#16 7 35 38 25 8 2 33 21 69 16 6 23 22 24 
#3 4 14 38 36 50 13 55 3 43 4 27 23 26 29 
#19 7 12 21 51 7 47 30 26 20 4 16 14 47 10 
#19 7 19 20 69 30 38 36 14 22 6 16 32 12 7 
#70 23 6 20 69 11 38 25 14 16 31 23 29 5 21 
#70 9 14 20 30 11 6 23 22 2 31 23 18 71 21 
#29 9 14 45 25 9 6 23 22 13 6 14 18 71 20 
#12 1 49 14 2 19 20 8 63 14 16 6 1 8 35 
#29 5 49 11 2 19 6 6 63 32 16 6 1 15 35 
#29 7 65 23 7 12 2 7 27 4 4 24 49 15 23 
#40 24 8 16 7 12 4 64 5 1 12 6 5 17 16 
#3 24 8 6 30 8 15 20 5 1 57 6 5 1 11 
#19 40 3 56 23 39 12 12 13 14 18 7 17 2 10 
#33 40 3 23 21 6 1 6 6 9 18 26 3 1 10 
#57 40 6 23 29 13 1 4 17 9 10 54 3 5 9 
#1 26 21 3 8 19 7 10 71 6 43 56 3 5 19 
#1 26 21 8 30 33 8 10 26 10 14 56 3 2 19 
#15 0 6 33 15 14 47 10 39 52 3 5 19 9 28 
#22 0 6 64 3 39 15 15 12 52 5 28 7 32 28 
#55 14 6 64 60 39 3 11 21 3 16 18 7 32 2 
#11 1 7 10 4 25 23 31 21 3 16 0 4 29 2 
#8 51 7 39 2 59 23 8 30 24 13 22 28 2 6 
#23 31 2 19 18 10 34 3 39 32 4 15 40 23 59 
#39 62 19 3 12 19 20 35 28 41 11 19 17 12 28 
#15 31 14 2 5 18 46 6 20 56 8 16 51 2 21 
#16 19 3 14 5 28 18 26 21 13 10 29 11 22 66 
#3 4 8 14 25 9 10 55 1 48 4 31 23 12 36 
#35 2 14 2 36 50 13 21 29 1 29 27 23 25 37 
#19 18 12 11 36 7 34 3 39 30 36 15 14 47 14 
#19 62 19 3 12 19 31 36 26 10 21 19 20 12 28 
#23 31 6 20 69 30 33 25 14 56 6 16 8 5 52 
#70 5 25 17 5 8 0 33 33 69 16 6 29 22 21 
#29 4 35 20 25 19 2 23 22 25 6 12 23 71 5 
#28 2 2 2 25 9 13 21 3 43 29 6 5 25 29 
#19 1 15 14 36 7 13 30 28 14 13 46 14 66 14 
#12 7 19 8 51 7 47 6 63 32 4 16 1 12 35 
#29 5 65 20 7 5 38 25 14 16 4 11 8 5 7 
#40 7 25 17 9 11 0 5 27 2 31 74 23 5 21 
#3 24 8 20 30 8 25 64 22 13 57 14 5 71 11 
#3 8 67 45 30 9 15 60 4 30 6 6 5 19 1 
#28 1 15 14 23 44 12 7 13 14 59 24 14 2 9 
#33 20 49 56 2 6 26 12 6 32 16 6 56 1 10 
#29 40 1 11 29 14 1 2 17 32 10 54 3 15 23 
#40 6 6 3 7 12 7 4 27 4 12 74 35 17 5 
#1 26 8 8 30 19 25 10 5 6 57 56 3 34 19 
#3 25 9 10 30 32 40 47 39 10 10 9 3 2 16 
#22 40 0 33 32 39 24 7 39 14 41 5 17 2 29 
#15 0 6 12 21 22 47 15 6 52 3 28 18 33 28 
#57 40 6 64 29 39 15 11 17 9 5 18 3 4 40 
#31 10 7 3 60 13 3 4 21 3 43 0 35 3 2 
#1 26 21 8 8 59 23 10 12 6 13 22 3 34 19 
#8 49 7 39 2 34 40 35 26 16 14 15 28 2 16 
35 37 16 14 29 10 
15 32 31 56 51 6 
17 42 47 38 27 40 
26 23 39 46 13 49 
22 11 9 12 7 45 
54 30 8 43 3 52 
#Base: 968
#Max: 401
#414256
#Turn 2
#35 62 19 2 36 50 13 36 26 10 21 27 23 25 28 
#29 5 19 11 12 19 31 36 26 10 21 6 20 12 28 
#29 5 14 11 25 9 6 23 22 13 6 14 18 15 20 
#29 9 14 39 2 9 23 23 22 24 13 14 28 2 6 
#19 51 12 39 2 7 23 8 26 20 4 22 14 47 6 
#15 1 14 14 5 19 46 6 20 14 8 16 1 8 35 
#39 31 14 2 5 19 20 6 20 56 8 19 17 2 21 
#57 40 19 3 12 39 15 35 17 9 5 19 17 12 40 
#40 40 6 64 29 39 15 4 27 9 12 74 35 4 5 
#5 6 19 2 5 19 33 6 28 10 12 74 35 12 5 
#29 7 15 23 7 7 13 30 27 14 4 46 14 15 23 
#19 1 67 45 36 9 13 30 28 14 6 46 14 66 14 
#23 8 6 45 69 9 15 60 4 30 6 16 8 5 1 
#55 31 6 64 60 30 3 25 14 3 16 16 8 32 52 
#29 4 35 64 60 39 3 11 21 25 16 12 23 71 5 
#1 26 6 64 8 19 15 10 71 52 5 56 7 5 28 
#70 5 25 17 5 19 0 10 71 69 43 56 3 22 19 
#3 5 25 20 30 8 25 33 22 69 16 6 29 22 11 
#3 9 8 20 30 11 25 64 22 2 57 14 5 71 21 
#33 9 49 20 2 11 26 23 22 2 16 23 56 71 21 
#57 7 6 23 69 30 38 36 14 9 10 16 32 5 9 
#19 4 14 20 69 50 13 36 14 22 6 27 32 12 7 
#3 23 6 38 36 50 13 55 3 43 4 23 29 26 21 
#15 7 38 2 5 8 18 33 21 69 16 6 29 5 21 
#40 7 25 2 5 11 0 33 27 2 31 74 23 22 52 
#23 40 0 19 32 10 24 7 39 14 4 5 17 23 59 
#16 31 2 19 18 8 2 33 21 32 16 15 40 22 24 
#12 7 35 8 25 8 47 33 63 69 16 16 1 22 35 
#12 7 3 14 28 28 10 26 1 48 4 16 1 12 66 
#1 26 8 8 28 28 10 26 5 48 57 29 37 34 66 
#12 1 14 2 36 19 13 21 63 14 29 27 23 8 37 
#15 31 14 2 5 18 31 6 20 10 8 19 51 12 28 
#29 62 49 3 2 19 6 35 63 32 16 19 1 15 28 
#29 9 6 45 29 9 15 11 22 9 5 14 3 4 40 
#8 6 6 3 7 12 7 8 30 4 12 74 28 2 6 
#19 7 12 21 51 7 33 30 26 20 21 19 20 47 52 
#12 1 49 14 7 19 2 8 63 14 16 24 49 15 23 
#19 1 15 14 36 18 46 6 28 14 8 46 51 2 14 
#39 8 67 45 12 9 15 60 28 30 6 19 5 19 1 
#57 40 6 20 29 30 33 11 17 9 5 18 3 4 40 
#40 14 6 64 7 39 3 4 27 3 16 18 35 32 5 
#5 62 19 2 25 19 33 6 22 25 6 12 23 12 5 
#29 0 6 23 3 39 15 15 27 4 5 28 7 32 28 
#1 1 15 3 36 19 13 10 71 6 43 46 3 5 19 
#3 5 25 45 5 8 15 33 33 69 6 6 5 22 1 
#23 31 8 20 69 8 25 25 22 13 6 14 8 5 52 
#70 14 6 64 60 39 3 23 22 2 16 18 7 71 21 
#29 20 35 56 25 6 26 23 6 32 16 6 23 1 10 
#22 40 6 64 29 39 1 15 17 52 5 54 3 32 9 
#1 7 19 20 69 30 38 36 71 22 43 16 3 5 7 
#70 5 25 38 36 50 13 55 3 69 4 27 23 22 21 
#70 24 6 20 69 8 25 64 22 13 57 14 5 5 21 
#15 9 38 20 30 11 6 23 22 69 16 6 18 22 21 
#33 20 25 17 2 11 26 12 6 2 31 6 56 1 21 
#57 40 0 33 29 13 24 7 17 14 10 54 3 2 29 
#23 7 2 19 18 30 38 36 39 22 6 15 32 23 7 
#16 7 14 38 36 50 13 33 21 43 4 27 23 22 29 
#70 7 6 20 69 7 47 6 63 16 4 23 1 12 35 
#6 7 3 2 5 28 18 26 21 69 10 29 37 1 66 
#40 26 25 17 30 19 25 5 5 2 31 56 23 5 19 
7 17 43 24 22 44 
56 36 0 15 58 45 
54 20 8 57 14 12 
29 13 51 16 50 18 
40 38 27 46 49 32 
9 21 19 11 48 35 
#Base: 968
#Max: 461
#476240
#Turn 3
#3 40 19 3 12 8 15 35 17 69 16 6 17 22 40 
#1 5 25 20 30 19 13 10 71 6 43 46 3 22 11 
#1 7 15 2 36 11 0 10 27 6 31 46 23 5 19 
#3 7 6 38 5 11 0 55 3 43 4 23 23 26 21 
#3 23 25 45 36 8 15 55 3 43 6 23 5 26 1 
#16 1 14 38 36 19 2 8 63 14 4 24 49 22 23 
#35 62 49 14 36 19 13 36 63 14 21 27 49 15 23 
#1 26 6 64 36 19 13 10 71 52 21 56 7 25 28 
#1 7 6 2 8 19 18 26 21 52 10 56 7 5 28 
#23 7 3 20 5 8 25 25 21 69 10 14 37 5 52 
#57 7 0 33 69 13 24 36 14 14 10 16 32 5 29 
#57 40 6 23 69 30 15 36 27 9 10 16 32 5 5 
#70 7 6 64 69 7 15 4 63 16 4 74 35 12 35 
#29 4 6 20 60 39 3 11 21 16 4 12 23 12 35 
#29 8 6 45 69 9 15 60 4 25 16 12 23 5 1 
#55 31 6 64 60 30 10 26 5 3 16 29 8 34 66 
#55 31 6 20 60 8 3 25 22 13 16 14 5 32 21 
#70 24 25 17 5 8 25 10 71 69 43 56 5 5 21 
#70 5 25 17 36 50 0 55 71 69 4 27 3 22 19 
#70 9 8 20 36 11 25 64 22 2 57 14 23 22 21 
#40 14 6 45 12 39 15 60 28 30 16 18 5 19 1 
#39 8 67 45 12 8 15 33 63 30 16 19 1 19 35 
#12 7 6 64 25 8 3 23 22 69 16 18 1 22 35 
#1 7 19 64 69 39 3 23 22 22 16 18 7 5 21 
#1 62 49 3 69 30 38 36 71 22 16 16 1 15 28 
#5 6 14 2 5 50 33 6 14 22 12 27 35 12 5 
#19 9 49 20 2 11 13 36 14 22 6 27 32 12 7 
#19 1 67 45 2 9 13 23 28 2 16 23 56 71 14 
#19 1 67 45 29 9 1 30 17 52 5 54 3 66 9 
#22 40 6 21 51 39 1 30 26 20 5 19 3 47 9 
#16 7 19 38 12 50 15 33 17 9 4 19 23 12 40 
#3 5 25 20 7 19 2 33 22 69 16 6 49 22 23 
#1 62 19 3 36 50 13 10 26 10 21 46 23 5 28 
#40 7 25 2 5 11 15 33 71 2 31 56 23 5 52 
#3 7 3 2 5 28 13 55 21 43 10 23 29 26 66 
#3 31 25 45 5 8 25 25 22 13 6 6 8 5 52 
#16 40 14 38 29 13 13 7 21 14 4 54 23 2 29 
#12 1 49 23 69 19 38 36 63 14 10 24 32 15 23 
#35 40 6 64 29 39 13 4 26 9 21 74 35 25 28 
#1 26 6 20 8 19 15 6 71 52 4 56 7 12 35 
#29 7 3 2 5 39 3 11 21 25 10 12 23 71 66 
#23 31 8 45 69 9 15 60 4 13 6 14 8 5 1 
#57 40 8 33 29 13 24 7 5 14 57 29 3 34 29 
#55 7 6 23 60 30 3 36 14 3 16 16 8 5 9 
#70 40 6 20 69 8 25 64 22 13 12 14 35 5 21 
#70 5 25 20 69 19 47 6 71 16 43 23 3 12 35 
#70 5 35 38 36 50 3 11 3 69 4 12 23 22 5 
#23 8 6 45 69 11 15 60 22 30 6 14 8 5 1 
#1 14 6 8 7 28 10 4 27 48 57 29 37 34 66 
#55 8 67 45 60 9 3 60 28 3 16 19 8 32 52 
#70 7 35 20 25 8 47 64 63 13 16 14 1 5 21 
#70 5 6 17 5 39 3 10 71 69 16 56 3 71 19 
#1 5 19 20 69 30 13 55 71 69 43 16 23 5 21 
#3 9 49 3 30 19 25 35 63 2 57 14 5 15 28 
#5 6 6 2 5 19 33 4 28 3 12 18 35 12 5 
#39 8 67 45 12 50 15 36 28 22 6 19 32 19 7 
#12 7 35 20 2 8 47 23 63 2 16 23 56 22 21 
#70 14 6 64 60 39 13 23 22 14 16 46 14 71 14 
#22 7 6 20 29 39 38 15 71 22 43 54 3 32 9 
#19 7 12 21 2 19 33 30 63 32 21 19 20 15 52 
22 47 11 37 48 42 
14 10 33 45 19 40 
53 21 49 17 52 58 
50 24 57 12 18 44 
23 46 28 51 15 38 
56 55 27 7 6 39 
#Base: 968
#Max: 486
#502066
#Turn 4
#12 8 6 45 25 11 3 23 22 30 16 18 1 5 35 
#57 8 6 45 69 30 15 60 27 9 6 14 32 5 5 
#12 1 6 23 69 19 38 36 27 14 10 24 32 15 5 
#1 14 6 8 7 28 10 4 27 48 10 29 37 15 66 
#1 14 6 33 7 13 10 4 27 48 57 29 37 34 66 
#29 7 6 45 69 13 15 60 4 14 16 12 23 5 1 
#57 7 25 33 69 11 24 36 71 2 10 56 23 5 29 
#70 5 25 2 5 19 15 6 71 2 43 23 23 12 35 
#70 5 25 20 36 19 47 6 71 2 43 23 3 22 35 
#70 7 3 2 36 11 3 11 22 2 10 14 23 71 66 
#39 9 49 45 12 8 15 35 63 2 16 19 1 15 28 
#39 8 67 45 12 9 15 60 63 30 16 19 8 19 35 
#70 24 67 45 5 9 25 60 71 69 43 19 8 32 21 
#70 5 19 20 5 8 13 10 71 69 43 56 5 5 21 
#22 5 6 20 29 39 38 55 71 22 43 16 3 32 21 
#70 7 49 3 25 30 47 36 63 13 16 16 1 5 28 
#1 14 49 3 69 30 13 23 22 22 16 46 1 71 14 
#70 7 6 64 60 39 15 4 63 16 4 46 35 12 14 
#70 7 6 17 69 50 0 4 63 16 4 27 35 22 35 
#70 40 6 17 36 8 25 64 22 13 12 14 35 22 21 
#70 7 19 64 36 39 3 11 3 69 4 12 23 22 5 
#19 5 35 38 29 50 1 11 17 52 4 54 3 22 9 
#70 5 6 17 5 39 3 10 17 69 16 56 3 71 19 
#70 5 6 17 5 39 10 10 71 69 16 56 8 34 66 
#55 31 6 64 29 39 10 4 26 3 21 74 8 25 28 
#12 7 67 20 2 50 47 36 63 22 6 19 56 19 21 
#19 1 67 45 12 50 13 36 28 22 16 19 32 71 14 
#19 26 67 45 36 19 13 23 28 52 21 23 56 71 28 
#35 26 6 14 36 19 13 10 71 14 21 56 49 25 28 
#1 62 6 14 36 19 13 36 63 52 21 56 7 12 35 
#29 8 6 64 69 9 3 23 4 69 16 12 23 5 35 
#57 8 0 45 69 13 24 60 22 14 6 14 32 5 29 
#40 7 25 23 69 11 15 36 27 9 10 56 32 5 5 
#70 5 49 20 69 19 47 36 71 14 43 24 32 15 35 
#1 9 6 20 7 28 25 64 22 2 57 14 37 34 66 
#29 40 8 33 29 39 24 7 5 25 57 12 23 34 29 
#29 9 6 45 30 9 15 60 63 25 57 14 5 5 1 
#57 7 0 33 69 8 24 36 63 14 16 19 1 19 29 
#40 7 67 45 5 11 3 33 28 3 16 19 23 5 52 
#70 5 25 17 5 8 25 10 71 69 43 56 3 5 35 
#1 9 8 20 69 11 13 64 71 2 57 16 23 5 21 
#22 7 6 20 5 39 3 15 71 22 10 12 3 71 9 
#3 9 49 3 30 8 47 35 63 13 16 14 5 15 28 
#1 8 67 3 69 8 38 33 71 22 16 16 1 15 35 
#70 14 6 64 60 9 13 23 22 3 16 19 14 71 14 
#70 24 6 17 69 8 25 10 63 69 4 74 35 5 35 
#70 5 25 20 69 30 13 55 71 69 43 16 23 22 21 
#22 7 6 20 69 39 25 15 71 13 12 54 3 5 21 
#70 7 19 64 69 39 3 23 22 22 16 18 1 5 21 
#70 62 35 3 69 30 3 36 3 22 4 12 23 22 28 
#70 1 67 45 29 39 1 23 22 14 5 46 14 66 9 
#70 5 6 64 5 7 15 4 71 69 16 56 3 12 35 
#70 31 6 17 60 50 0 55 5 3 4 27 8 22 66 
#70 40 6 64 29 39 25 4 22 9 12 14 35 25 28 
#12 7 35 64 69 8 47 23 22 22 16 18 7 5 21 
#39 5 67 38 12 50 3 36 3 22 4 12 23 19 5 
#19 1 67 45 29 9 1 23 17 52 16 23 3 71 9 
#1 26 6 17 5 19 3 10 71 52 21 56 3 25 28 
#35 62 6 64 36 19 13 26 5 14 21 27 8 34 66 
#1 26 6 64 8 39 15 4 26 9 4 56 35 25 35 
37 9 58 49 29 31 
56 16 26 27 11 48 
15 40 39 23 51 8 
22 17 33 12 45 13 
30 43 52 46 50 44 
53 24 25 6 18 20 
#Base: 968
#Max: 568
#586777
#Turn 5
#70 7 0 2 36 8 3 11 22 14 16 14 23 71 66 
#35 7 3 64 36 11 3 11 5 2 10 14 23 71 66 
#70 62 35 64 69 19 3 36 5 14 4 27 8 34 66 
#70 62 6 14 69 19 3 36 63 52 21 12 7 22 28 
#1 62 0 14 69 19 24 60 22 52 6 56 32 5 29 
#1 14 49 45 29 30 1 23 22 22 16 23 3 71 9 
#19 14 67 45 69 30 13 23 22 22 16 46 32 71 14 
#19 1 67 45 36 50 13 36 28 22 16 23 32 71 14 
#19 26 67 45 36 19 13 23 28 52 16 23 8 19 28 
#39 8 67 45 69 39 15 60 63 22 16 19 8 19 21 
#70 7 8 3 25 11 13 36 71 2 16 16 23 5 21 
#1 5 8 20 69 11 13 64 71 69 57 56 23 5 35 
#70 5 25 17 5 8 25 10 71 69 16 56 3 34 35 
#70 5 6 64 5 7 15 4 71 69 16 56 3 34 35 
#70 5 6 64 5 7 15 6 71 69 16 56 3 12 35 
#70 5 6 17 5 39 15 4 63 69 16 46 35 12 14 
#70 5 6 64 69 19 15 36 71 14 43 46 32 15 35 
#70 5 49 20 69 9 47 36 71 69 43 24 32 32 21 
#70 24 6 45 5 8 25 10 71 69 43 74 8 32 35 
#70 24 6 20 69 8 13 10 63 69 43 56 5 5 21 
#29 8 67 64 69 9 38 33 4 69 16 12 23 15 35 
#70 8 67 3 60 8 0 55 5 22 4 27 8 15 66 
#70 5 25 20 60 50 0 55 71 3 43 27 8 22 21 
#70 1 67 45 29 39 13 55 22 14 5 16 23 22 21 
#70 1 67 45 60 9 1 23 22 14 16 19 14 66 9 
#55 31 6 64 29 39 10 4 26 9 12 74 8 25 28 
#55 31 67 20 2 50 47 36 63 3 6 74 8 19 21 
#12 7 67 20 69 11 47 36 71 22 6 19 23 19 21 
#70 7 25 33 69 11 0 36 63 16 4 56 35 22 29 
#70 7 6 17 36 39 0 11 3 16 4 27 35 22 35 
#19 7 0 33 69 8 24 36 17 14 16 23 3 19 9 
#70 7 49 3 69 11 13 11 22 22 10 46 23 71 14 
#19 1 67 64 12 50 13 36 5 14 16 27 32 71 14 
#70 26 35 3 36 19 13 36 3 52 4 12 56 22 28 
#39 62 6 14 12 9 13 60 63 30 16 56 8 19 35 
#57 7 19 45 69 39 24 60 22 14 16 18 32 5 21 
#70 7 49 45 29 30 47 23 63 13 16 16 3 71 28 
#1 14 49 3 69 11 13 64 71 2 57 16 1 5 21 
#70 1 25 17 5 8 13 36 28 69 16 19 32 71 14 
#70 26 67 45 36 39 10 10 28 69 16 56 56 71 66 
#39 5 67 64 5 7 15 4 71 69 16 19 3 12 35 
#70 7 19 64 36 19 3 6 22 2 16 23 1 22 21 
#70 7 6 3 25 39 3 36 63 13 16 56 1 5 28 
#1 9 8 20 60 11 13 4 71 16 4 46 35 12 21 
#70 5 49 17 5 8 47 10 71 69 43 24 32 15 35 
#70 5 67 17 5 39 25 10 71 69 43 19 8 32 66 
#70 5 6 17 69 8 15 4 63 69 16 56 3 5 35 
#70 5 25 20 36 8 13 6 71 69 43 56 3 5 21 
#70 5 6 17 5 9 3 10 17 69 16 56 3 5 35 
#70 8 6 64 69 39 38 4 71 22 4 46 35 12 14 
#70 5 49 20 60 19 47 55 71 3 4 24 32 15 35 
#70 5 67 45 69 9 13 60 71 69 43 16 23 22 21 
#70 1 67 45 29 39 25 10 22 14 4 74 14 66 9 
#70 14 6 20 5 8 13 23 71 69 16 19 14 5 21 
#70 40 6 64 69 39 3 4 4 9 16 14 23 5 28 
#1 31 67 3 69 39 10 4 26 22 16 74 1 15 35 
#70 7 6 20 2 50 47 36 63 22 4 19 8 19 66 
#70 7 25 33 69 11 24 36 71 69 10 16 23 22 29 
#70 7 67 45 69 50 0 4 63 14 4 46 14 22 9 
#70 7 19 64 60 39 3 23 22 3 4 19 23 22 5 
27 7 28 13 14 24 
31 4 22 11 20 12 
40 3 2 18 16 6 
52 49 45 39 17 26 
21 9 50 51 58 44 
56 46 36 57 19 47 
#Base: 968
#Max: 665
#686983
#Turn 6
#12 1 67 20 36 11 13 36 28 22 6 23 32 19 21 
#70 1 67 33 36 11 0 36 63 22 4 23 32 22 14 
#70 5 25 64 69 7 15 36 71 69 16 56 3 22 29 
#70 5 6 64 5 7 15 4 71 69 16 56 3 12 35 
#70 5 67 45 5 7 1 23 22 69 16 19 3 66 9 
#70 7 0 14 69 11 24 11 22 52 6 56 23 71 14 
#70 5 25 20 69 50 0 55 71 52 43 27 8 22 29 
#70 5 25 20 69 11 0 64 71 69 43 56 23 22 21 
#1 5 67 20 69 11 38 64 4 69 57 56 23 15 35 
#29 5 25 64 5 9 25 33 71 69 16 12 23 15 35 
#70 62 6 64 5 7 3 36 63 52 21 19 7 22 35 
#70 62 35 64 69 19 3 36 63 14 21 27 8 34 28 
#70 62 35 64 69 8 3 10 71 14 43 74 8 32 35 
#70 5 6 64 69 19 25 10 71 69 43 46 32 32 35 
#19 5 67 45 69 30 15 23 22 22 43 46 32 15 35 
#70 1 6 45 29 39 38 4 71 14 4 74 14 66 14 
#70 5 6 17 69 39 38 4 71 69 4 19 8 32 14 
#70 26 67 45 36 39 25 10 28 69 16 56 56 32 66 
#70 5 67 45 36 9 10 36 71 69 16 56 32 71 21 
#55 31 67 20 69 50 47 36 63 3 43 24 32 32 21 
#39 8 67 3 69 8 15 60 5 22 16 27 8 19 66 
#39 8 67 45 60 19 15 55 71 22 4 19 8 15 35 
#70 5 67 20 69 9 47 55 71 3 43 16 23 15 35 
#70 5 67 45 69 9 13 4 71 14 43 16 14 22 9 
#70 7 49 17 5 50 0 10 63 14 4 24 14 15 9 
#70 7 6 17 69 50 47 4 63 69 16 19 8 5 66 
#70 7 49 45 69 30 15 4 63 13 16 56 3 71 28 
#70 7 25 33 69 30 47 36 63 13 10 16 3 22 28 
#70 24 6 33 69 11 24 10 63 69 10 16 5 5 21 
#70 24 6 20 36 8 13 10 63 69 43 56 5 5 21 
#70 7 67 20 69 11 13 11 71 22 6 46 23 19 21 
#1 62 67 45 36 50 24 60 28 22 16 56 32 5 14 
#70 7 25 20 69 50 0 36 63 16 4 27 35 22 21 
#70 5 6 20 5 7 13 4 71 69 57 56 23 34 35 
#29 8 67 64 69 9 38 33 71 69 16 12 23 12 35 
#70 5 25 45 60 8 25 10 71 14 16 19 14 66 35 
#70 5 49 3 5 11 13 4 22 69 10 46 3 71 14 
#1 62 0 14 69 19 24 36 63 52 21 56 32 5 29 
#70 5 25 20 69 19 0 55 71 14 43 27 8 22 66 
#70 5 8 20 5 8 25 64 71 69 43 74 8 32 35 
#29 5 67 64 69 19 15 36 71 14 16 12 23 15 35 
#19 5 67 17 5 8 25 23 22 69 16 56 32 71 14 
#39 1 67 64 29 39 25 10 22 69 4 74 3 12 9 
#70 62 6 14 69 39 3 36 71 52 21 46 7 12 14 
#70 5 67 17 5 19 25 36 71 14 4 19 8 34 66 
#70 24 67 45 5 39 25 10 71 69 16 74 8 32 66 
#70 5 49 20 69 19 15 36 71 14 43 24 32 15 35 
#55 14 67 20 2 50 13 23 22 22 16 74 32 71 14 
#70 8 67 3 29 8 25 55 22 14 4 74 14 66 9 
#39 8 6 64 69 39 38 4 71 22 4 19 8 12 21 
#70 5 49 17 60 39 25 55 71 3 43 24 32 15 66 
#70 5 67 45 69 39 10 60 71 69 16 16 56 22 66 
#70 7 67 20 69 9 0 4 71 69 4 24 32 32 21 
#70 5 67 17 5 50 47 10 63 69 6 74 8 15 21 
#70 7 6 3 60 50 0 36 63 22 4 27 8 15 66 
#70 8 67 45 69 39 15 4 63 22 16 56 3 19 21 
#70 7 49 20 29 30 47 23 71 3 16 24 3 15 28 
#70 5 67 33 69 9 24 36 71 69 10 16 23 22 21 
#70 24 67 45 69 50 0 10 63 14 43 46 14 5 9 
#70 5 49 17 5 8 13 6 71 69 43 24 3 15 35 
16 37 15 8 38 48 
23 33 43 7 58 46 
47 25 19 12 13 55 
57 50 18 51 17 22 
40 6 39 45 2 26 
35 52 11 34 53 31 
#Base: 968
#Max: 681
#703512
#Turn 7
#1 62 6 14 69 19 24 4 71 52 4 19 32 5 14 
#1 62 0 14 69 19 24 36 63 52 4 56 32 5 14 
#70 1 6 45 29 39 38 64 4 69 4 74 23 15 14 
#1 5 25 20 69 11 0 55 71 14 57 56 23 22 66 
#70 5 67 20 29 8 0 55 71 14 4 27 14 22 9 
#70 5 6 20 5 9 13 4 71 14 57 16 23 22 35 
#70 5 6 14 69 7 3 36 71 69 21 56 23 12 35 
#70 5 25 14 69 39 3 64 71 69 43 46 7 12 14 
#70 24 67 20 69 50 0 64 63 69 43 46 14 5 21 
#70 24 49 20 69 50 15 36 63 14 43 24 14 5 35 
#70 14 6 17 69 50 47 23 63 22 16 74 8 71 14 
#55 31 6 20 69 50 47 36 63 3 43 24 32 32 66 
#55 62 67 20 69 8 47 36 63 14 43 24 32 32 35 
#70 5 35 64 69 8 3 10 71 14 43 74 8 32 35 
#70 5 6 64 69 19 25 10 63 69 43 56 3 32 35 
#70 5 49 33 69 39 24 55 71 3 43 16 23 22 66 
#70 5 49 45 36 9 25 55 71 69 43 56 32 15 66 
#70 5 67 45 69 39 10 60 71 69 16 16 56 71 21 
#70 5 67 45 36 39 25 60 71 69 16 16 56 32 66 
#70 5 67 45 36 39 25 55 28 3 16 56 23 15 35 
#70 5 25 20 69 19 0 55 71 14 43 27 8 15 29 
#70 5 25 20 69 50 25 55 71 69 43 27 8 32 35 
#70 24 67 20 5 8 25 64 71 69 43 74 8 32 66 
#70 24 25 64 5 7 15 36 71 69 16 56 8 32 66 
#70 5 49 45 69 30 15 4 71 13 16 56 3 22 29 
#70 7 67 20 60 8 25 4 71 14 16 19 32 66 35 
#70 7 35 20 69 9 3 4 71 14 21 27 32 34 21 
#70 8 67 64 69 9 3 36 71 69 16 27 8 12 28 
#29 5 67 64 5 9 47 33 63 69 6 74 23 12 21 
#70 5 67 45 36 50 24 60 28 22 16 56 8 15 14 
#70 5 6 17 69 39 38 4 71 69 43 16 14 22 9 
#1 5 0 14 5 7 24 4 63 52 21 56 32 34 29 
#70 62 6 14 29 39 38 4 71 14 4 46 14 66 14 
#70 5 25 20 69 11 0 64 71 69 57 56 23 22 21 
#70 24 67 20 69 19 0 10 63 14 43 27 8 5 9 
#70 5 67 20 29 8 25 36 71 14 43 74 32 15 35 
#70 5 67 20 69 50 13 4 22 14 16 16 14 22 9 
#70 7 6 17 69 50 47 4 63 69 57 56 8 34 66 
#70 31 6 14 69 50 47 36 71 3 21 24 7 32 21 
#70 5 35 64 69 8 0 10 71 69 43 74 8 22 35 
#70 24 67 45 69 50 25 10 71 14 43 46 32 5 35 
#70 5 49 45 69 19 15 36 71 14 43 56 32 15 35 
#70 5 67 33 2 9 13 23 22 69 16 16 23 71 21 
#70 5 6 17 69 50 47 55 71 3 16 24 8 15 66 
#70 31 67 20 36 9 10 36 63 3 43 56 32 71 21 
#70 62 35 64 69 8 3 10 71 14 16 16 56 22 35 
#70 5 6 64 36 19 25 10 71 69 16 56 32 32 66 
#70 8 67 20 69 39 15 55 71 3 43 16 3 19 21 
#70 5 67 33 69 19 15 36 71 14 16 12 23 22 21 
#70 5 25 17 69 39 25 55 71 52 43 24 32 22 66 
#70 5 8 45 36 9 10 64 71 69 16 74 32 71 35 
#70 24 67 45 5 39 10 10 71 69 16 16 56 32 66 
#70 5 67 64 36 39 15 36 28 69 16 56 3 22 66 
#70 5 67 20 69 9 47 55 71 13 16 56 3 15 35 
#29 5 25 64 69 8 25 36 71 14 16 19 14 66 35 
#70 7 25 20 69 9 0 55 71 52 4 24 32 32 21 
#70 62 35 64 69 8 3 36 63 14 43 74 8 32 28 
#70 24 67 45 5 9 38 10 71 69 16 74 8 12 66 
#70 5 25 64 5 50 15 10 63 69 6 56 3 15 21 
#70 7 49 45 69 30 15 4 28 22 16 56 3 5 28 
25 47 44 46 23 28 
43 13 41 50 14 53 
45 11 56 8 37 10 
39 49 16 17 22 51 
35 15 12 18 40 52 
9 27 33 21 57 7 
#Base: 968
#Max: 685
#707645
#Turn 8
#70 7 67 20 69 39 15 55 71 14 16 16 3 19 21 
#70 31 67 20 69 9 15 55 71 3 43 56 32 19 21 
#70 5 6 20 36 19 10 36 71 3 16 56 32 32 21 
#70 24 25 64 36 19 15 36 71 69 16 56 8 32 66 
#70 5 67 64 5 9 47 36 63 69 16 56 8 12 66 
#70 5 35 17 69 8 3 10 71 3 16 74 8 32 66 
#70 5 49 45 69 19 15 36 71 14 43 56 8 15 35 
#70 5 8 45 69 19 15 36 71 69 43 56 32 15 35 
#70 5 8 45 69 9 25 64 63 69 16 56 32 71 35 
#70 5 67 20 69 9 47 10 71 13 43 56 3 15 35 
#55 31 35 64 69 50 3 10 71 14 16 24 32 32 35 
#55 31 35 20 69 50 3 36 63 3 43 74 8 32 28 
#70 24 35 64 69 50 0 64 63 69 43 46 8 32 21 
#70 7 6 17 69 50 0 64 63 69 57 56 8 34 66 
#70 14 6 17 69 50 47 4 63 69 16 56 8 34 66 
#70 5 35 64 69 39 25 55 71 52 43 24 32 22 66 
#70 5 49 45 69 9 25 55 71 52 43 24 32 22 66 
#70 5 67 45 69 9 25 60 71 69 43 56 32 71 66 
#70 5 67 20 69 8 25 64 71 69 16 16 56 32 66 
#70 24 67 45 5 39 10 10 71 69 43 74 56 32 66 
#70 5 67 20 29 8 24 36 71 3 43 16 23 15 35 
#70 62 49 33 69 8 47 55 71 3 43 16 32 32 35 
#70 62 67 20 69 39 47 60 71 14 16 16 56 32 35 
#70 24 67 45 69 50 25 10 71 14 16 46 32 5 66 
#70 5 67 45 36 50 25 36 71 69 43 56 3 22 66 
#70 8 67 64 69 9 3 36 63 14 43 24 14 5 28 
#70 5 67 20 69 9 0 64 71 69 16 27 23 12 21 
#70 5 25 20 69 11 0 64 71 69 57 56 8 22 35 
#70 5 67 45 69 50 38 10 71 69 16 74 8 32 35 
#70 5 67 14 5 9 38 64 71 69 16 74 7 12 14 
#70 5 67 17 69 8 25 4 71 3 16 24 8 66 35 
#70 5 35 20 69 39 15 10 71 14 43 74 8 32 35 
#70 5 67 45 36 9 15 36 63 14 43 56 32 15 35 
#70 5 6 64 36 9 25 10 71 69 16 56 32 71 66 
#70 5 25 64 5 7 15 36 71 69 43 56 3 32 66 
#70 5 67 20 69 9 47 55 63 69 6 56 23 12 21 
#70 62 6 64 69 8 3 10 71 14 16 24 56 22 35 
#55 5 6 64 69 50 3 36 63 3 43 24 8 32 66 
#70 5 35 45 69 8 3 36 63 14 43 56 8 15 35 
#70 24 67 45 69 9 10 64 71 69 16 74 14 71 21 
#70 5 6 64 69 50 25 4 63 69 57 56 8 32 66 
#70 14 6 17 69 50 47 23 71 22 16 74 8 15 14 
#70 62 35 64 69 8 0 10 71 69 43 74 56 22 35 
#55 5 6 17 69 39 25 55 71 3 43 24 32 22 66 
#70 5 49 45 36 9 25 36 71 14 43 74 32 32 28 
#70 24 67 20 69 50 10 64 63 69 43 46 14 5 21 
#70 7 67 20 5 50 47 64 63 69 57 56 8 34 66 
#70 24 6 45 69 39 47 23 71 69 16 74 56 71 14 
#70 5 67 20 29 8 25 10 71 14 43 74 32 15 35 
#70 5 49 17 69 39 25 55 71 3 43 16 32 22 66 
#70 5 67 45 69 9 47 55 63 69 43 56 32 15 66 
#70 5 67 45 69 39 10 60 71 69 16 16 56 32 66 
#70 24 67 45 5 50 25 64 71 69 43 46 8 32 66 
#70 24 67 45 5 39 10 10 71 69 16 56 56 22 66 
#70 5 49 20 29 50 15 36 71 14 43 24 32 15 35 
#70 8 67 33 69 39 3 55 71 3 43 27 8 12 66 
#70 5 67 20 69 8 0 64 71 14 57 56 32 32 21 
#70 5 25 45 36 39 25 55 71 69 16 27 56 32 66 
#70 24 67 45 69 9 25 10 71 14 16 74 8 12 35 
#70 5 67 64 69 39 3 36 71 69 43 56 7 22 14 
55 27 3 16 21 56 
49 14 59 52 13 4 
35 45 46 51 42 53 
12 19 39 17 47 24 
7 57 28 50 22 40 
1 23 8 15 18 33 
#Base: 968
#Max: 758
#783058
#Turn 9
#70 5 67 20 69 39 0 55 71 3 43 27 8 22 35 
#70 24 25 64 36 19 0 36 71 69 16 56 8 22 35 
#70 24 25 45 36 19 15 55 71 69 43 56 32 32 66 
#70 62 49 45 69 9 47 55 71 3 43 16 32 32 35 
#70 5 67 33 69 8 47 55 71 3 57 56 32 32 35 
#70 5 6 17 69 39 47 4 71 3 16 56 8 22 66 
#70 14 6 17 69 50 47 4 63 69 43 56 7 22 66 
#70 5 67 45 69 39 25 36 71 69 43 56 8 22 14 
#70 24 6 45 5 50 0 64 63 69 57 46 8 32 66 
#70 7 6 17 5 50 47 64 63 69 57 56 8 12 66 
#70 24 67 20 69 50 47 55 63 69 43 46 14 5 21 
#70 24 67 20 69 50 47 64 63 69 57 46 8 34 21 
#70 5 67 20 5 39 47 64 71 69 16 16 8 32 66 
#70 62 67 64 69 39 10 10 71 69 16 74 56 22 66 
#70 62 67 64 5 39 0 10 71 69 43 74 56 22 35 
#70 24 35 45 69 50 10 10 71 69 43 46 56 32 66 
#70 24 67 45 5 39 10 10 71 69 43 74 56 32 21 
#70 5 67 45 69 9 25 64 71 69 43 56 32 71 21 
#70 24 6 45 69 39 25 60 71 69 43 56 32 71 66 
#70 24 6 45 36 50 47 36 71 69 16 56 56 71 14 
#70 5 25 45 36 19 15 36 71 69 43 27 32 32 66 
#70 5 67 45 69 39 38 10 71 69 16 27 56 32 35 
#70 5 67 45 69 9 38 55 71 69 16 74 32 15 66 
#70 5 67 20 69 39 47 60 63 14 16 56 56 32 66 
#70 5 67 20 69 39 47 4 71 69 16 56 56 32 35 
#70 24 67 45 69 50 25 55 71 14 16 46 32 19 66 
#70 5 8 45 69 9 25 10 63 14 16 56 32 71 35 
#70 5 35 64 69 9 25 64 63 69 43 56 32 22 35 
#70 5 67 20 69 8 25 55 71 52 43 24 56 32 66 
#70 5 6 20 36 9 25 64 71 69 16 16 56 32 66 
#70 5 49 33 69 39 25 55 71 3 43 16 8 22 66 
#70 14 25 20 69 50 47 64 63 69 57 56 8 34 66 
#70 24 25 64 36 19 3 36 71 69 16 56 7 22 66 
#70 5 49 45 69 50 25 55 71 69 43 24 8 22 66 
#70 7 49 33 69 8 47 55 63 3 43 16 32 34 35 
#70 5 67 64 5 9 47 64 63 14 16 56 8 32 66 
#70 5 67 17 69 9 47 55 63 3 43 56 32 22 21 
#70 14 67 20 69 50 47 4 63 69 16 46 14 34 66 
#70 5 67 20 69 39 47 64 63 69 57 56 7 22 66 
#70 5 67 45 5 39 10 64 71 69 43 16 8 32 66 
#70 62 6 64 69 8 0 10 71 69 57 56 56 34 66 
#70 5 67 45 5 39 47 36 71 69 16 56 8 12 66 
#70 24 35 20 69 9 47 55 63 69 6 46 8 32 21 
#70 24 67 20 5 50 10 64 71 69 43 74 56 5 21 
#70 24 67 45 5 50 10 64 63 69 16 74 8 71 66 
#70 5 67 45 69 39 25 60 71 69 16 56 32 71 66 
#70 62 35 64 69 8 47 23 71 69 43 74 56 22 35 
#70 5 67 45 36 50 10 36 71 69 43 56 56 22 66 
#70 5 8 64 69 50 0 64 71 69 43 46 8 15 35 
#70 24 67 45 36 39 10 10 71 69 43 27 56 32 66 
#70 5 67 45 69 9 10 10 71 69 16 74 14 32 21 
#70 5 67 45 69 9 25 55 71 69 43 56 32 15 66 
#70 62 6 45 69 39 47 60 71 69 16 74 56 71 35 
#70 5 6 45 69 50 25 4 63 69 43 56 3 32 66 
#70 5 8 20 69 9 15 55 71 69 43 56 32 15 35 
#70 24 67 45 36 50 25 55 71 14 16 27 56 32 66 
#70 5 8 45 69 50 38 64 71 69 16 74 8 71 35 
#70 5 67 45 69 9 47 55 63 52 43 24 32 15 66 
#70 5 67 20 69 39 25 64 71 14 16 16 56 32 66 
#70 5 6 64 36 50 25 4 63 69 16 56 8 71 66 
16 7 57 14 10 43 
3 21 19 31 33 28 
24 49 17 18 38 2 
44 11 46 52 13 22 
37 25 51 45 47 23 
4 55 40 15 56 27 
#Base: 968
#Max: 790
#816116
#70 24 67 45 5 39 25 36 71 69 43 74 8 22 14 
#70 5 67 45 69 9 25 55 71 69 43 56 32 22 14 
#70 5 67 64 69 39 0 55 63 69 43 74 56 22 35 
#70 24 67 64 69 50 0 10 71 69 43 74 14 22 35 
#70 24 67 20 69 50 10 64 63 69 43 46 14 5 21 
#70 5 67 45 69 39 47 55 71 69 43 27 56 32 35 
#70 24 67 45 69 50 38 10 71 69 16 56 56 71 14 
#70 14 6 20 36 50 47 36 63 69 16 56 8 71 66 
#70 14 49 45 69 50 25 55 63 69 43 56 8 34 66 
#70 5 49 20 69 8 25 55 71 69 43 24 8 32 66 
#70 5 67 45 36 39 10 4 71 69 43 56 56 32 35 
#70 24 67 45 36 9 25 64 71 69 43 27 56 71 66 
#70 5 67 45 69 9 25 64 71 69 43 56 32 71 66 
#70 5 67 45 69 39 25 64 63 69 57 56 32 71 66 
#70 24 67 20 69 39 47 55 71 69 43 56 7 22 66 
#70 24 67 45 5 50 10 64 63 69 16 74 8 71 21 
#70 62 35 64 69 8 47 64 63 69 57 74 56 22 35 
#70 62 35 64 69 8 47 60 71 69 16 74 56 22 35 
#70 62 67 45 69 39 47 60 71 69 16 74 56 71 66 
#70 62 67 64 69 39 38 10 71 69 16 74 32 22 66 
#70 24 67 45 69 50 47 55 71 14 16 46 14 19 66 
#70 5 67 45 69 9 25 55 71 69 43 56 32 19 66 
#70 5 67 45 69 39 25 55 71 69 16 56 32 71 66 
#70 5 67 45 36 50 25 60 71 69 43 56 56 22 66 
#70 5 67 45 36 39 10 36 71 69 16 56 56 32 66 
#70 5 67 33 69 8 25 55 71 14 57 27 32 32 66 
#70 24 67 45 36 50 0 55 71 14 57 27 56 32 66 
#70 24 35 64 69 50 0 10 71 69 57 56 56 32 66 
#70 24 35 45 69 50 38 10 71 69 43 74 56 32 66 
#70 5 8 45 69 9 38 64 71 69 43 74 8 71 35 
#70 62 67 45 69 39 47 10 71 3 43 16 32 32 21 
#70 5 67 45 69 39 25 10 71 69 43 56 8 32 35 
#70 5 6 45 69 50 47 55 71 69 43 24 32 71 66 
#70 62 67 64 69 39 47 10 71 69 57 74 56 34 66 
#70 24 67 45 69 50 47 55 71 69 43 24 14 5 21 
#70 5 67 20 5 8 10 64 71 52 43 74 56 5 21 
#70 62 49 20 69 39 47 4 71 69 43 16 32 32 35 
#70 5 67 45 69 39 38 10 71 69 43 27 56 32 35 
#70 5 67 45 69 9 25 36 71 69 16 56 32 71 14 
#70 24 6 45 69 50 47 60 63 69 57 56 8 71 66 
#70 5 49 45 69 39 47 55 71 69 43 56 8 22 66 
#70 5 25 45 36 8 15 55 71 52 43 24 56 32 66 
#70 5 67 45 69 39 47 4 71 69 16 56 8 71 66 
#70 24 67 20 36 39 47 10 71 69 57 27 8 32 21 
#70 5 67 45 69 8 47 23 71 69 43 56 32 22 21 
#70 24 6 45 69 39 47 60 71 69 16 74 56 71 35 
#70 5 67 64 69 39 10 10 71 69 57 56 7 22 66 
#70 24 67 45 36 19 15 55 71 69 16 74 32 15 66 
#70 24 67 45 5 50 10 64 63 69 16 46 14 71 66 
#70 24 67 45 69 50 47 64 63 69 16 46 32 19 66 
#70 62 67 45 69 9 47 23 71 69 43 74 32 22 35 
#70 62 67 45 69 39 47 60 71 69 16 56 32 71 66 
#70 5 67 64 69 50 10 10 71 69 16 74 56 22 66 
#70 5 67 20 69 39 47 60 63 14 16 56 56 32 66 
#70 14 67 33 69 8 47 55 63 69 57 46 14 32 35 
#70 24 67 45 69 50 25 55 71 14 16 27 32 19 66 
#70 62 67 64 69 9 25 55 71 69 57 56 56 34 66 
#70 24 35 45 69 50 10 10 71 69 16 56 32 32 66 
#70 5 8 45 36 50 38 64 71 69 16 56 56 22 66 
#70 5 67 64 69 9 47 64 63 69 16 56 32 32 66 
#Base: 968
#Max: 882
#911157
