#[0] 3, 3
#[1] 4, 3
#[2] 3, 4
#[3] 3, 2
#[4] 2, 3
#[5] 2, 4
#[6] 1, 3
#[7] 2, 2
#[8] 3, 1
#[9] 4, 4
#[10] 5, 3
#[11] 3, 5
#[12] 4, 2
#[13] 3, 0
#[14] 5, 4
#[15] 4, 5
#[16] 5, 2
#[17] 4, 1
#[18] 0, 3
#[19] 1, 4
#[20] 2, 1
#[21] 1, 2
#[22] 2, 5
#[23] 0, 4
#[24] 5, 1
#[25] 0, 2
#[26] 5, 5
#[27] 1, 5
#[28] 2, 0
#[29] 1, 1
#[30] 4, 0
#[31] 0, 5
#[32] 1, 0
#[33] 0, 1
#[34] 5, 0
#[35] 0, 0
#Turn 0
51 47 22 34 32 31 
43 20 44 54 25 1 
2 48 28 30 46 16 
5 6 12 7 24 23 
10 53 13 38 39 50 
8 0 3 14 45 41 
#Base: 918
#Max: 352
#383442
#Turn 1
#51 27 18 27 31 19 4 38 22 42 12 28 44 9 17 
#42 33 18 9 2 3 17 24 22 20 12 24 11 9 41 
#42 16 3 9 9 3 27 16 5 52 2 11 46 3 11 
#2 46 8 9 30 3 23 10 28 52 2 8 50 8 56 
#27 2 13 41 37 35 23 10 5 16 25 8 50 8 1 
#19 2 35 26 1 11 4 13 39 8 29 42 27 26 26 
#15 28 4 27 1 11 4 13 18 8 55 42 9 26 26 
#15 31 8 27 30 23 15 13 23 33 21 8 7 3 11 
#8 19 8 31 15 3 15 23 23 39 14 38 7 24 7 
#8 19 14 20 11 49 1 27 9 18 14 38 17 24 35 
#8 1 24 40 10 9 6 22 46 35 37 45 37 15 8 
#4 2 3 4 47 38 3 4 31 20 3 45 37 7 19 
#10 2 3 2 47 26 3 33 11 3 64 22 2 6 21 
#10 13 23 19 20 26 13 26 11 3 34 9 6 26 21 
#9 13 23 4 27 33 13 26 1 5 15 69 6 17 13 
#4 0 5 30 56 62 48 40 25 23 11 6 19 13 5 
#7 5 8 1 6 62 29 23 2 8 3 6 11 2 29 
#44 13 27 1 2 0 67 36 15 3 3 2 11 2 65 
#23 1 27 1 7 0 26 2 12 18 56 2 50 21 65 
#65 62 37 1 9 4 26 2 12 18 38 40 50 9 13 
#19 20 21 23 2 6 1 30 1 18 27 56 13 15 11 
#19 20 22 29 7 51 6 3 1 19 18 56 13 11 11 
#25 18 50 29 18 36 6 3 22 6 12 43 69 18 13 
#25 8 61 17 18 15 9 20 3 6 12 3 6 15 6 
#23 8 61 6 44 16 1 28 9 29 50 3 1 17 10 
#27 45 14 6 21 43 6 18 9 49 2 17 29 7 4 
#47 45 11 6 54 18 6 7 4 38 5 17 12 7 5 
#40 35 26 19 14 20 7 13 3 59 5 12 14 53 47 
#40 23 15 19 16 20 5 13 6 19 2 1 6 5 47 
#25 40 65 1 16 18 48 26 23 21 20 1 13 7 41 
#5 27 35 26 31 3 38 38 13 46 29 14 44 9 17 
#51 28 18 27 1 19 17 27 39 8 55 42 11 9 26 
#42 16 3 9 30 23 39 24 18 33 20 8 35 5 11 
#67 31 8 10 30 3 27 36 28 39 2 11 7 3 11 
#27 6 13 31 11 49 23 23 9 16 15 38 47 8 2 
#16 5 14 41 43 35 14 16 6 18 25 41 23 30 1 
#19 2 35 40 13 3 38 22 46 10 37 4 24 23 8 
#13 1 4 4 10 38 4 4 39 8 3 45 9 26 26 
#15 2 3 27 30 23 39 5 18 33 38 22 63 9 11 
#10 31 8 19 15 26 3 33 11 3 64 9 7 3 7 
#1 13 10 31 11 49 1 23 9 30 14 69 47 24 13 
#9 5 14 20 43 3 13 27 1 38 15 18 17 17 35 
#8 46 5 40 17 11 6 40 25 10 11 17 19 6 5 
#7 5 26 4 10 62 29 23 2 8 3 6 37 13 45 
#4 2 3 1 47 9 67 36 9 24 3 3 63 2 29 
#23 4 27 19 2 0 3 6 15 3 64 2 10 6 21 
#1 13 23 1 7 4 26 2 14 18 5 12 6 26 13 
#9 62 13 3 9 0 3 4 1 29 38 46 13 17 13 
#54 0 21 36 18 11 1 30 25 23 27 17 19 6 8 
#19 20 22 5 6 51 29 37 2 8 18 56 13 11 27 
#2 62 23 1 7 9 6 3 22 19 11 43 11 18 29 
#23 18 50 1 2 0 26 20 15 3 56 6 10 21 6 
#65 1 61 27 7 4 26 51 12 2 5 3 50 17 10 
#24 62 10 3 44 22 3 4 33 29 38 7 13 9 19 
#54 0 21 36 18 43 1 30 36 18 27 30 29 15 8 
#27 20 11 23 54 39 18 37 4 38 18 56 12 11 11 
#2 62 23 29 14 36 6 3 22 2 11 12 14 18 5 
#25 18 50 19 8 20 9 13 3 59 2 11 6 5 6 
#21 8 65 27 33 18 5 26 23 2 20 1 1 17 10 
#17 40 40 1 44 22 48 2 2 21 16 7 1 27 41 
51 25 26 54 43 36 
34 21 10 40 30 14 
58 59 18 15 22 49 
33 27 17 19 44 55 
50 53 31 52 3 0 
57 12 38 29 24 47 
#Base: 918
#Max: 389
#423747
#Turn 2
#27 18 50 6 2 0 26 18 9 3 56 17 10 7 6 
#27 45 14 6 54 43 6 7 4 38 5 17 12 7 5 
#54 0 21 36 18 18 1 30 36 38 5 30 29 7 5 
#54 0 21 36 10 43 1 23 36 18 27 6 29 15 8 
#7 5 35 4 10 62 38 23 2 8 37 6 24 13 8 
#27 6 13 29 7 49 23 3 1 19 18 56 13 11 2 
#8 1 22 40 10 51 6 3 1 19 37 45 37 15 11 
#8 1 24 40 11 49 6 23 9 35 37 45 47 15 8 
#5 13 35 31 31 3 38 23 13 46 29 69 44 9 17 
#9 13 23 4 31 3 13 38 13 46 15 69 44 9 17 
#17 8 65 1 33 22 48 2 23 2 16 7 1 27 10 
#17 1 27 1 7 22 26 2 12 21 16 7 50 27 65 
#4 1 27 30 56 62 48 40 12 18 11 6 19 13 5 
#4 0 5 29 56 36 48 3 25 6 11 6 19 18 5 
#19 20 22 29 6 36 29 37 22 6 12 43 13 11 13 
#40 31 8 19 14 20 7 36 28 59 5 12 7 3 47 
#44 13 27 19 14 0 7 36 3 3 5 2 14 53 47 
#65 13 27 1 9 4 26 2 15 18 3 2 50 2 13 
#65 2 3 1 47 9 67 36 12 18 38 3 50 2 29 
#27 2 11 1 54 9 18 37 9 24 3 56 12 11 11 
#24 62 10 3 44 9 6 3 33 29 11 7 11 18 19 
#24 28 18 27 44 19 3 4 39 8 38 42 13 9 26 
#51 28 61 27 1 4 26 51 39 8 5 42 50 9 10 
#2 46 61 9 7 4 23 10 12 2 2 3 50 17 10 
#51 46 8 27 30 3 23 38 22 52 12 28 50 8 17 
#10 2 3 2 8 26 9 33 3 59 2 11 2 5 21 
#10 2 3 27 47 23 39 33 18 33 38 22 63 6 11 
#25 40 3 1 30 18 39 26 23 21 38 22 13 9 11 
#25 40 65 1 16 16 1 26 9 29 20 1 1 17 10 
#23 62 13 6 9 0 3 28 9 29 50 46 1 17 13 
#27 6 13 1 11 49 26 23 9 16 56 6 47 8 2 
#19 20 22 29 21 51 6 18 1 49 18 56 13 11 11 
#8 1 11 40 54 18 6 22 46 35 37 17 12 15 5 
#1 0 21 31 18 49 1 30 36 30 27 69 29 24 13 
#7 27 35 26 31 62 29 23 2 46 3 6 37 13 45 
#19 13 23 40 13 3 38 26 46 10 15 4 6 23 8 
#21 8 13 27 11 18 23 23 23 2 15 1 1 17 10 
#19 40 40 29 7 51 48 2 2 21 18 56 13 27 41 
#23 1 27 40 10 9 6 22 46 18 37 45 50 15 65 
#4 13 5 31 56 49 48 40 9 30 11 6 47 24 5 
#5 27 50 29 31 3 38 38 13 46 12 14 44 18 17 
#19 13 22 4 6 51 29 37 2 8 15 69 6 17 27 
#21 31 65 10 30 18 5 36 23 2 20 11 7 3 11 
#17 40 26 19 44 22 7 2 2 59 5 12 14 27 41 
#23 13 27 1 2 0 67 2 15 3 56 2 50 2 65 
#65 62 37 1 56 4 26 40 25 18 38 40 50 13 5 
#4 18 3 1 47 9 6 36 9 6 3 3 69 2 13 
#19 20 11 23 6 51 29 37 2 8 18 56 13 11 27 
#67 62 8 10 7 3 6 36 22 19 11 11 11 18 11 
#24 35 26 3 44 20 7 13 33 59 38 7 13 9 47 
#44 28 27 27 2 19 17 36 15 8 55 2 11 2 65 
#65 1 61 1 7 4 26 2 12 18 38 40 50 17 10 
#2 2 3 9 30 9 23 36 9 52 2 3 63 2 56 
#27 27 18 27 31 19 4 37 4 42 18 28 12 9 11 
#2 18 50 19 8 9 6 13 3 19 11 11 6 18 29 
#24 2 3 2 47 26 3 4 11 29 64 22 2 9 19 
#51 2 3 27 30 19 17 5 18 8 55 22 11 9 11 
#25 40 61 27 16 18 48 51 12 21 20 1 50 17 41 
#23 46 61 6 30 3 1 10 9 29 2 3 1 8 10 
#51 62 13 27 31 19 4 38 22 42 38 46 13 9 13 
46 23 31 9 7 10 
47 32 41 59 49 43 
11 48 51 57 38 40 
34 8 22 45 44 39 
30 26 33 18 37 50 
2 29 52 24 12 15 
#Base: 918
#Max: 480
#522876
#Turn 3
#4 46 3 1 47 4 23 10 9 6 3 3 50 17 13 
#2 20 61 9 21 51 23 18 1 2 18 3 50 11 10 
#19 20 22 29 31 3 13 18 1 49 15 69 13 11 17 
#9 1 24 40 31 49 6 38 9 35 15 45 44 9 8 
#8 8 24 1 11 49 6 23 23 35 37 7 47 27 10 
#19 1 11 23 54 51 6 22 46 35 18 17 13 11 5 
#19 13 22 4 6 51 29 22 46 35 37 69 6 15 5 
#19 13 22 27 6 19 29 37 2 42 15 46 13 9 13 
#51 35 26 3 44 19 7 38 33 59 38 46 13 9 13 
#24 40 26 19 44 20 7 13 2 59 38 12 14 27 47 
#17 1 27 1 7 3 26 36 22 19 11 11 11 18 65 
#65 1 61 10 7 4 6 36 22 18 38 40 11 18 10 
#65 1 61 27 16 18 26 51 12 18 20 40 50 17 10 
#25 1 61 27 10 9 48 22 46 21 20 1 50 17 65 
#5 1 50 29 10 3 38 22 46 46 12 14 50 18 65 
#5 27 35 26 31 3 29 23 2 46 3 69 37 13 45 
#51 28 61 27 31 4 38 51 13 8 5 42 44 9 10 
#65 28 61 1 1 4 26 51 25 8 5 42 50 9 10 
#23 13 37 1 2 0 26 2 25 18 56 40 50 13 5 
#23 13 27 1 56 49 48 40 9 30 11 6 50 24 5 
#27 6 13 27 47 49 26 23 18 33 56 6 63 6 2 
#1 0 3 31 47 49 39 30 36 30 27 69 63 6 11 
#65 0 3 31 18 49 1 36 12 30 27 69 50 2 13 
#19 40 3 1 47 51 48 2 2 21 38 3 13 2 41 
#19 40 40 29 2 51 48 36 2 8 55 56 11 2 41 
#23 62 21 6 9 0 3 28 36 29 50 46 29 17 13 
#2 62 3 6 9 0 3 36 9 52 50 46 63 2 56 
#2 2 3 27 30 3 23 36 9 52 2 28 63 8 56 
#51 1 8 30 56 3 48 40 22 52 12 28 50 8 5 
#40 1 8 30 56 20 7 36 12 18 11 12 7 3 47 
#19 20 11 1 47 9 6 37 9 6 18 56 13 11 27 
#2 46 61 40 54 18 6 22 46 2 2 17 12 15 10 
#19 20 22 29 6 51 6 18 1 8 18 69 6 11 27 
#51 13 23 4 31 19 4 38 13 42 38 69 44 9 13 
#8 1 26 3 11 20 6 23 33 35 38 45 13 9 47 
#17 40 26 19 33 22 48 2 2 2 16 7 1 27 41 
#17 1 11 23 6 51 29 37 2 8 16 7 13 27 65 
#8 62 11 40 54 3 6 36 46 35 37 11 11 18 5 
#65 1 61 1 6 51 26 37 12 18 15 69 6 17 27 
#51 40 61 27 31 19 48 38 22 42 38 46 50 9 13 
#23 1 26 40 44 20 7 22 46 59 38 45 50 15 47 
#5 40 50 19 44 22 7 2 2 59 5 12 14 27 41 
#17 1 27 1 7 22 29 23 2 21 16 6 37 27 65 
#67 62 35 31 31 3 38 23 13 19 29 11 44 9 17 
#65 28 61 27 7 4 26 51 12 18 5 40 50 9 10 
#25 40 61 27 16 18 48 51 12 18 38 1 50 13 41 
#23 1 27 1 10 9 67 2 46 3 56 2 50 2 65 
#4 13 5 31 56 49 48 38 13 46 11 6 47 18 17 
#27 6 35 26 31 62 26 23 9 46 56 6 37 13 2 
#5 13 3 27 31 3 39 23 13 46 29 69 63 9 11 
#51 28 21 31 1 49 1 51 36 8 5 69 50 9 10 
#65 62 3 1 47 4 67 40 12 18 38 3 50 2 5 
#19 40 40 1 2 0 67 2 15 3 18 2 13 27 65 
#44 13 5 31 56 19 17 40 9 8 11 2 11 2 65 
#27 6 21 1 11 18 1 23 9 16 5 30 47 8 2 
#23 2 3 27 9 23 3 28 18 29 50 46 63 17 13 
#1 2 21 31 18 9 23 30 36 30 2 3 63 24 13 
#51 2 8 1 47 9 67 36 22 52 38 28 50 8 29 
#4 1 27 30 7 62 48 2 12 18 11 6 19 27 41 
#44 28 8 27 2 20 17 36 15 59 5 12 7 3 65 
9 11 48 14 20 52 
31 6 33 40 16 37 
19 8 50 38 57 49 
12 22 21 39 26 13 
27 43 45 51 46 17 
59 47 28 24 44 15 
#Base: 918
#Max: 535
#582789
#Turn 4
#24 1 26 10 7 4 6 13 2 59 38 40 14 18 47 
#27 1 35 10 7 62 26 36 9 18 38 6 37 18 2 
#5 6 50 29 31 3 38 23 9 46 56 6 37 18 65 
#27 1 13 27 10 3 26 23 46 33 12 6 50 6 2 
#27 6 13 1 2 49 26 23 18 33 56 6 13 27 2 
#19 13 61 4 54 51 6 22 46 2 37 17 12 15 5 
#51 13 22 4 6 51 29 38 46 35 38 69 6 9 13 
#51 13 26 4 44 19 4 22 13 59 38 69 44 15 13 
#51 28 61 40 31 4 38 22 46 59 38 42 44 9 10 
#8 28 11 40 54 3 6 36 46 35 37 42 44 18 5 
#23 13 27 1 44 19 48 40 33 59 11 46 13 24 13 
#51 35 21 3 44 49 7 38 33 8 38 69 13 9 13 
#51 28 21 1 1 49 26 51 12 18 5 69 6 9 10 
#65 2 8 1 6 51 26 37 22 18 15 69 6 17 27 
#5 13 8 27 47 9 67 36 22 46 29 28 50 9 11 
#65 0 3 31 18 18 26 36 12 30 27 40 50 17 13 
#1 0 3 31 47 49 1 30 12 30 27 69 50 6 13 
#1 0 61 27 31 49 39 38 36 42 27 69 63 6 13 
#2 62 61 6 9 0 3 38 9 52 50 46 63 9 56 
#2 1 61 27 9 0 3 36 46 21 50 46 50 17 56 
#67 62 35 31 31 3 38 36 13 19 2 11 44 9 56 
#25 40 61 31 16 18 38 23 12 18 29 11 50 9 41 
#25 40 3 27 47 18 67 40 12 18 38 1 50 13 5 
#23 62 3 1 10 9 67 2 46 18 38 2 50 2 65 
#23 1 61 1 1 9 67 51 46 3 5 42 50 9 65 
#44 28 5 31 2 49 48 38 13 59 11 12 47 3 17 
#51 1 8 30 56 3 48 40 13 46 12 28 50 8 17 
#51 1 8 29 2 3 48 40 22 8 12 28 11 8 41 
#19 40 40 27 7 4 26 51 12 18 55 40 50 2 10 
#5 28 35 27 31 4 29 23 2 18 5 40 37 9 10 
#24 46 26 40 54 18 7 22 46 2 38 12 12 15 10 
#65 13 61 10 7 51 29 22 46 35 38 69 6 18 10 
#27 13 23 4 31 19 26 23 13 42 38 6 37 9 2 
#23 1 50 40 44 3 38 22 46 59 12 14 50 15 47 
#51 6 61 27 31 4 38 51 13 8 5 6 44 6 10 
#8 62 11 1 54 3 6 2 46 3 37 2 11 27 5 
#2 46 27 1 54 18 6 22 9 30 2 17 50 15 5 
#51 13 22 3 6 51 7 38 33 35 38 69 13 9 13 
#51 28 21 31 1 49 4 38 36 42 38 69 50 9 13 
#23 1 26 1 6 51 26 37 12 59 15 69 6 15 27 
#51 2 61 27 31 9 38 51 13 8 38 28 44 9 10 
#8 13 11 27 31 3 6 23 46 46 37 11 11 9 5 
#23 1 27 1 56 18 26 40 9 30 20 6 50 24 10 
#65 35 26 3 18 49 7 36 33 30 38 69 50 2 13 
#1 28 3 31 1 49 39 51 36 30 27 69 63 9 11 
#65 1 61 27 31 19 48 38 22 18 15 46 6 9 13 
#51 62 3 1 9 0 3 36 22 52 38 46 50 2 56 
#25 13 3 27 31 3 48 23 46 46 20 1 50 17 65 
#2 1 61 27 30 3 26 36 12 18 20 40 50 17 56 
#67 62 35 31 18 49 38 23 12 30 27 11 44 2 13 
#1 40 61 31 47 18 39 51 36 18 38 69 63 13 41 
#65 40 3 27 47 4 48 38 22 18 38 46 50 9 5 
#2 1 27 6 10 9 67 36 9 52 56 2 50 2 65 
#25 28 61 1 10 4 26 22 25 8 5 1 50 9 65 
#2 2 8 27 2 3 17 36 9 52 2 28 7 3 65 
#67 62 35 31 56 3 48 38 13 19 29 11 47 18 17 
#25 40 8 27 56 3 48 51 22 18 12 1 50 13 41 
#65 62 40 1 2 51 67 36 2 18 38 3 11 2 5 
#23 28 27 1 7 4 26 2 46 3 56 2 50 2 65 
#65 27 35 1 31 3 29 51 2 8 5 42 37 9 10 
9 48 40 19 45 14 
13 25 11 55 7 56 
37 6 43 31 24 2 
23 38 8 50 17 20 
22 49 57 18 46 52 
16 47 33 44 51 26 
#Base: 918
#Max: 566
#616558
#Turn 5
#8 1 61 40 54 3 6 36 46 35 37 42 50 17 56 
#51 2 61 27 30 3 38 36 13 18 38 40 44 9 56 
#2 2 61 27 31 0 3 36 13 21 50 46 50 9 10 
#65 1 61 27 31 0 3 38 46 21 15 46 50 9 56 
#5 1 61 27 47 19 48 38 22 46 15 28 6 9 11 
#65 28 5 31 6 49 48 38 13 59 11 12 47 3 17 
#51 35 5 31 44 49 7 38 13 59 38 12 47 9 17 
#51 62 35 31 44 3 48 38 13 19 38 69 47 18 17 
#51 13 35 4 44 19 4 38 13 59 38 69 44 15 13 
#51 13 26 4 44 19 48 51 13 59 12 69 44 15 41 
#51 13 22 4 6 51 29 38 46 35 38 69 13 9 13 
#51 13 26 4 6 49 29 36 33 35 38 69 50 9 13 
#65 13 26 3 18 49 7 22 33 30 38 69 6 2 10 
#65 13 61 10 1 9 67 51 46 35 5 42 6 9 10 
#23 6 61 1 31 9 67 23 46 3 56 42 37 9 65 
#51 28 3 31 1 49 4 2 46 42 38 2 50 9 13 
#51 28 21 31 31 4 38 38 36 59 38 69 44 9 13 
#1 28 61 40 47 18 39 51 36 59 38 69 44 9 41 
#1 40 61 31 31 49 39 38 36 42 27 69 63 13 13 
#67 62 61 31 31 49 39 38 13 42 27 69 63 6 13 
#25 62 35 31 47 49 38 40 12 30 27 11 44 13 13 
#65 62 35 1 18 51 38 23 12 30 38 3 44 2 5 
#2 62 40 6 2 51 67 38 2 18 38 3 63 2 56 
#51 62 3 6 9 0 3 38 22 52 50 46 63 9 56 
#51 1 3 1 10 9 3 36 22 52 38 2 50 2 56 
#25 13 3 27 47 49 1 30 46 46 20 1 50 6 65 
#25 13 50 27 44 3 38 23 46 46 12 1 50 15 65 
#23 1 50 40 1 49 38 22 46 30 27 14 63 9 47 
#1 28 3 31 1 49 48 51 22 18 27 46 50 9 11 
#51 40 8 27 47 4 48 40 22 18 38 28 50 8 17 
#65 2 11 40 54 3 26 37 46 18 37 69 6 18 27 
#2 28 5 31 30 3 26 38 12 59 11 40 50 17 17 
#51 2 21 27 44 49 38 51 13 8 38 28 44 9 13 
#2 1 35 31 56 0 48 36 13 21 50 46 50 17 56 
#65 13 61 27 44 19 4 38 13 18 15 46 44 9 13 
#25 13 8 27 47 9 48 51 22 18 29 28 50 13 11 
#65 13 22 3 6 51 26 38 33 18 38 69 6 17 27 
#51 13 22 31 2 49 48 38 13 59 11 69 6 3 13 
#65 35 21 3 44 49 7 38 33 8 38 69 50 9 13 
#67 62 35 31 56 51 48 38 46 19 38 11 6 18 17 
#51 13 26 4 44 19 4 51 13 59 5 42 44 15 65 
#25 40 8 27 56 3 48 23 9 46 12 1 50 13 65 
#51 13 22 3 10 9 7 2 33 35 38 2 13 9 65 
#51 13 22 31 1 51 4 38 46 35 38 69 6 9 13 
#65 28 61 40 31 49 7 36 33 30 38 42 44 2 13 
#1 40 61 31 47 18 29 22 36 18 38 69 63 13 41 
#1 1 61 1 31 9 39 51 36 42 5 42 63 6 13 
#67 6 50 29 31 3 38 23 9 19 2 11 44 18 56 
#23 40 3 1 47 18 67 2 12 18 38 1 50 2 5 
#51 28 21 31 1 49 38 38 12 42 27 69 44 9 13 
#65 62 40 1 31 51 38 22 2 18 38 42 11 9 5 
#2 62 61 31 47 18 39 38 36 18 38 46 63 13 41 
#51 0 61 1 31 0 39 38 22 52 27 46 63 6 56 
#2 1 35 31 31 3 38 36 13 19 56 11 50 2 56 
#1 40 3 27 47 18 1 30 12 30 27 1 50 13 13 
#25 13 35 27 31 3 48 23 46 30 20 11 44 2 13 
#23 62 40 1 2 3 38 22 2 18 12 14 11 2 5 
#2 28 3 6 9 0 39 51 36 52 50 46 63 9 11 
#65 40 3 27 47 4 48 38 22 18 38 46 50 2 56 
#2 1 8 6 10 9 67 36 13 52 56 28 50 2 65 
25 21 11 30 8 37 
6 59 40 45 33 27 
20 13 52 39 7 49 
22 9 51 19 18 14 
50 3 23 17 44 16 
5 1 38 58 0 26 
#Base: 918
#Max: 611
#665577
#Turn 6
#25 13 3 1 47 49 1 23 46 30 20 3 50 2 5 
#65 13 26 1 6 49 29 23 12 35 38 3 44 2 5 
#51 13 11 4 6 3 26 36 46 35 37 69 50 18 27 
#51 2 11 4 44 3 26 38 46 18 37 69 44 18 13 
#51 13 22 4 44 19 4 38 13 59 38 69 6 3 13 
#2 1 5 6 44 9 67 38 13 52 56 12 47 2 65 
#51 13 26 4 10 19 4 51 13 52 5 28 50 15 65 
#1 40 26 4 44 18 29 22 13 18 38 69 44 13 65 
#2 40 35 31 47 0 29 22 36 21 38 69 63 17 56 
#2 1 50 31 1 49 48 22 46 21 50 46 63 9 47 
#25 13 61 10 1 49 38 40 12 30 5 42 6 13 13 
#65 0 61 10 1 9 39 51 46 35 27 46 63 9 56 
#67 62 35 1 56 0 48 38 22 52 38 11 6 6 17 
#67 62 35 31 56 51 48 38 46 19 38 11 47 18 17 
#51 62 35 31 1 49 48 38 12 42 27 69 44 18 13 
#51 62 26 4 44 19 67 51 13 18 38 69 63 2 41 
#2 62 61 31 44 19 48 38 13 18 12 69 44 13 41 
#67 62 61 31 47 18 39 38 36 18 27 69 63 6 41 
#1 40 61 31 31 49 39 38 13 42 27 69 63 6 13 
#1 6 61 1 31 9 67 23 36 3 56 42 37 13 65 
#65 62 40 27 31 0 3 22 46 18 15 42 50 9 5 
#65 1 3 6 31 0 3 38 22 52 15 46 63 9 56 
#1 62 3 40 47 0 39 38 22 52 38 46 63 9 41 
#1 28 61 40 47 18 39 36 36 30 38 69 44 2 13 
#51 28 61 31 31 4 7 38 36 59 38 42 44 2 13 
#51 2 5 27 6 3 38 38 13 59 11 40 47 3 17 
#65 2 61 27 44 49 7 36 33 8 38 69 50 9 13 
#65 35 3 27 47 4 7 38 33 18 38 46 50 2 13 
#65 40 61 27 47 4 6 38 46 35 37 46 50 2 56 
#25 1 61 27 44 3 6 23 46 46 12 1 50 17 65 
#51 13 5 31 47 49 1 38 13 46 38 12 47 9 65 
#2 62 8 6 10 51 38 36 12 30 38 28 50 2 65 
#51 13 26 4 44 19 4 51 33 35 38 42 50 9 13 
#65 2 61 40 54 18 29 37 36 18 37 69 63 18 27 
#2 13 35 4 56 19 48 38 13 59 38 69 44 15 56 
#23 13 50 31 2 49 48 22 13 30 27 69 6 9 47 
#25 35 5 31 44 49 38 38 12 30 38 12 44 9 17 
#65 13 61 6 1 9 67 36 13 35 5 28 6 9 65 
#51 0 61 4 31 19 39 38 13 59 27 46 63 6 56 
#67 62 35 31 47 18 29 22 46 19 38 69 6 18 41 
#2 1 35 31 56 0 48 38 13 19 50 69 50 18 17 
#51 1 50 40 1 49 38 22 46 42 27 69 44 9 13 
#25 62 35 6 2 49 38 40 2 30 38 3 63 13 13 
#65 13 61 10 44 9 48 51 13 59 5 69 6 9 10 
#2 0 61 1 47 0 39 38 36 52 38 46 63 13 56 
#67 62 61 31 31 51 48 38 13 42 38 69 63 6 13 
#51 40 61 31 44 49 39 38 36 42 38 69 63 18 13 
#51 6 21 1 1 49 67 38 46 42 56 42 37 9 13 
#65 62 40 1 31 51 38 38 2 18 38 42 63 2 56 
#51 1 26 27 31 0 3 38 13 59 12 46 44 9 56 
#2 62 61 6 47 0 39 38 36 52 38 46 63 9 56 
#67 28 61 31 31 49 39 38 36 59 27 69 44 9 41 
#1 40 61 40 31 49 39 38 33 42 27 42 44 2 13 
#23 6 21 1 31 9 38 38 46 59 56 42 44 9 65 
#65 62 5 1 31 49 38 22 13 18 11 42 11 9 5 
#65 2 61 27 31 0 38 38 46 18 15 40 44 9 56 
#51 35 3 6 44 0 7 38 33 8 50 46 63 9 13 
#1 28 3 27 47 18 39 38 22 59 38 69 50 9 56 
#8 28 61 40 31 3 6 36 46 30 37 42 44 2 56 
#51 13 21 31 31 4 38 23 36 46 38 69 50 15 65 
58 19 43 34 41 24 
12 53 57 13 44 55 
52 22 50 15 33 8 
18 28 46 45 51 11 
47 16 14 17 48 38 
30 23 26 39 59 9 
#Base: 918
#Max: 633
#689542
#Turn 7
#8 6 61 40 31 9 6 23 46 3 37 42 44 13 56 
#1 13 61 10 44 9 48 23 36 59 5 42 6 9 10 
#2 13 35 10 44 19 48 38 13 59 38 69 6 9 56 
#2 1 50 40 56 19 48 38 13 42 27 69 44 15 56 
#51 1 50 31 31 4 7 38 46 42 38 69 44 9 13 
#23 6 21 1 31 0 38 38 46 52 56 11 6 6 17 
#23 28 3 1 31 18 39 38 46 59 38 69 50 9 65 
#1 62 35 31 56 18 48 38 46 19 38 11 50 18 56 
#67 0 61 31 56 0 39 38 46 19 38 46 63 13 17 
#65 2 61 27 47 0 39 38 36 52 38 46 63 13 56 
#1 40 3 40 47 0 39 38 22 42 38 46 63 2 13 
#1 62 3 40 47 0 39 38 36 52 38 46 63 9 56 
#2 62 61 6 47 0 39 38 36 18 38 46 63 2 41 
#51 2 61 4 54 19 29 37 13 18 37 69 63 18 27 
#2 40 35 31 54 18 29 37 36 18 37 69 63 18 56 
#65 40 61 27 31 49 6 38 46 35 37 46 50 2 56 
#51 40 61 31 47 4 6 38 36 35 38 46 63 2 13 
#67 40 61 31 44 51 48 38 36 42 38 69 63 18 13 
#67 28 61 31 31 51 48 38 36 42 27 69 44 9 41 
#67 0 61 10 31 9 39 51 36 59 27 46 63 9 56 
#2 62 21 1 1 19 48 38 13 18 12 42 44 13 41 
#2 62 35 31 44 49 48 38 13 18 27 69 44 13 41 
#67 62 35 31 47 18 48 38 12 18 27 69 63 18 13 
#65 62 40 1 47 18 39 38 2 18 27 42 63 2 41 
#65 0 40 4 31 19 39 38 2 18 27 42 63 2 56 
#1 13 5 31 47 49 1 36 13 30 38 69 47 9 13 
#65 2 61 27 44 18 7 36 33 8 38 69 50 9 13 
#65 2 35 27 47 49 7 22 46 19 38 69 50 9 13 
#67 62 35 31 31 4 29 23 46 46 38 69 6 15 65 
#2 1 21 31 31 4 38 23 46 21 38 69 63 9 47 
#8 28 61 1 31 3 48 36 46 30 38 42 44 2 17 
#23 6 61 1 31 9 38 38 36 3 56 42 37 9 65 
#65 13 61 27 44 9 48 38 13 59 5 69 6 9 56 
#67 13 35 4 56 51 48 38 46 19 38 11 47 15 56 
#51 1 50 1 1 0 38 38 36 52 27 69 63 13 56 
#65 2 61 31 31 0 38 38 36 18 15 42 44 2 56 
#67 62 35 40 56 0 48 38 33 52 38 42 44 2 13 
#23 6 3 1 47 0 38 38 46 59 56 42 44 9 65 
#1 28 3 27 47 0 39 38 36 59 38 69 63 9 56 
#51 62 35 31 44 19 67 51 13 18 38 11 47 2 17 
#65 2 61 40 54 18 39 38 36 18 38 46 63 18 56 
#2 2 61 31 47 0 29 22 36 18 15 69 44 9 56 
#1 40 61 40 31 49 39 38 33 42 27 69 63 2 13 
#1 62 3 27 47 4 39 38 22 35 37 46 50 9 41 
#2 40 61 6 47 0 39 38 36 42 38 69 63 18 13 
#67 62 26 4 44 19 48 51 13 18 38 69 63 2 13 
#67 2 61 40 54 49 29 38 36 59 27 69 44 9 27 
#65 40 35 31 47 0 39 22 36 35 38 69 63 17 56 
#1 6 61 31 1 49 67 38 13 42 56 69 63 9 13 
#2 62 61 31 44 4 48 38 46 18 37 69 44 13 56 
#51 40 35 31 1 49 39 38 36 42 27 69 63 18 13 
#67 62 61 31 47 18 39 38 36 42 27 69 63 6 13 
#65 62 61 1 31 51 39 38 2 18 38 69 63 9 41 
#65 0 61 10 1 9 39 51 46 59 27 46 63 6 56 
#51 6 5 1 47 49 67 38 13 46 56 42 47 9 65 
#2 28 61 31 47 18 48 38 36 18 38 69 44 13 41 
#51 62 35 31 44 49 48 38 33 42 27 69 44 18 13 
#67 62 35 31 47 18 29 38 36 19 38 69 63 18 41 
#51 62 21 31 31 4 38 38 36 46 38 42 63 2 56 
#2 1 61 31 1 19 39 22 46 59 27 46 63 6 56 
16 6 11 54 8 3 
38 55 45 56 42 32 
21 50 47 57 52 33 
19 40 46 17 18 49 
7 53 36 51 9 22 
44 14 58 15 28 48 
#Base: 918
#Max: 659
#717865
#Turn 8
#23 40 3 31 47 18 6 38 46 59 38 69 50 9 13 
#1 28 3 1 47 18 39 38 36 52 38 69 63 9 65 
#51 6 5 1 47 0 39 38 13 52 56 42 63 9 56 
#51 0 61 1 56 49 39 38 13 19 38 42 63 13 17 
#67 0 61 40 56 19 39 38 13 19 27 69 44 13 56 
#2 28 3 31 47 18 39 38 36 18 38 69 44 13 56 
#2 62 61 31 44 18 48 38 36 18 38 69 44 13 41 
#67 62 35 31 44 19 48 51 13 18 27 69 44 18 13 
#1 62 61 40 44 49 48 38 33 42 27 69 44 18 13 
#65 40 61 40 31 9 48 38 13 42 5 69 63 9 13 
#51 40 35 31 44 49 39 38 36 42 27 69 44 18 13 
#51 40 35 31 47 49 39 38 36 35 27 69 63 18 56 
#67 62 35 31 47 18 29 38 36 19 38 69 63 17 41 
#65 62 35 31 31 51 29 38 36 18 38 69 63 9 41 
#67 62 35 1 31 51 39 38 2 19 38 69 63 15 41 
#65 0 61 10 54 18 39 51 36 59 27 46 63 18 56 
#67 2 61 40 54 49 39 38 36 18 27 46 44 9 56 
#67 2 61 31 54 51 29 38 36 59 27 69 44 18 13 
#67 40 61 31 44 51 48 38 36 42 27 69 44 18 41 
#2 28 61 31 31 4 48 38 46 18 27 69 44 13 41 
#65 62 35 31 56 9 39 38 46 59 27 46 50 6 56 
#65 0 61 40 1 9 48 38 46 52 38 46 44 2 13 
#67 62 35 40 56 0 39 38 33 42 38 69 63 2 13 
#65 62 61 31 47 0 39 38 36 52 38 69 63 6 56 
#67 2 61 27 47 18 39 38 12 18 27 69 63 18 56 
#2 40 61 31 47 0 29 37 36 42 38 69 63 18 13 
#51 40 35 31 54 18 29 37 36 18 37 69 63 18 56 
#51 62 61 27 31 49 38 38 36 35 37 46 63 2 56 
#65 62 61 27 31 4 29 23 46 46 37 69 50 15 65 
#67 62 35 31 31 4 29 23 13 42 56 69 63 15 13 
#1 40 3 31 47 0 39 38 36 59 38 46 63 2 13 
#2 28 3 31 31 18 48 38 46 59 38 69 50 9 41 
#67 62 26 40 47 19 39 51 36 52 38 46 63 9 56 
#51 6 5 1 47 49 48 38 33 46 27 42 47 9 13 
#1 0 61 31 31 49 39 38 33 19 38 69 63 13 17 
#2 1 50 27 44 9 48 38 13 42 27 69 44 15 56 
#1 62 35 31 44 49 48 38 13 59 27 69 44 9 56 
#51 40 61 31 1 18 39 38 36 42 27 69 44 18 13 
#65 40 35 4 44 0 48 22 13 35 38 69 63 2 13 
#67 62 35 31 47 49 29 38 36 19 27 69 63 18 41 
#65 62 61 40 31 49 39 38 2 18 27 69 63 2 41 
#65 13 61 4 56 51 48 38 13 19 5 11 47 15 56 
#2 0 61 31 44 49 48 38 36 18 27 69 44 13 41 
#65 40 61 31 54 18 39 38 36 18 27 46 63 18 56 
#65 40 61 31 47 0 39 22 36 59 38 69 63 17 56 
#67 40 61 31 44 51 29 38 36 42 38 69 63 18 41 
#65 28 61 31 31 51 48 38 2 42 38 69 63 9 41 
#2 62 61 31 44 4 48 38 46 19 38 11 47 15 56 
#1 0 35 31 31 18 48 38 46 59 38 11 63 9 56 
#65 0 61 40 1 18 39 51 46 59 27 46 63 18 56 
#67 62 35 40 54 0 29 38 36 52 38 69 44 9 27 
#67 40 61 31 47 18 48 38 36 42 38 69 63 18 13 
#67 2 61 31 31 51 39 38 36 42 38 69 44 9 41 
#2 62 61 31 47 18 48 38 12 18 27 69 44 13 13 
#1 40 61 31 47 0 48 38 46 19 38 69 63 18 56 
#65 40 35 10 1 9 29 37 36 59 37 46 63 6 56 
#51 62 21 31 31 0 38 38 36 52 38 42 63 2 56 
#67 62 61 31 31 18 6 38 36 42 37 69 50 2 56 
#67 62 61 31 47 4 29 23 36 52 38 46 6 15 56 
#1 62 61 31 47 18 48 38 13 42 56 69 63 9 13 
4 24 16 50 49 59 
6 58 22 27 52 10 
54 17 39 44 11 26 
12 28 32 45 18 46 
14 15 13 23 51 40 
56 8 57 20 43 36 
#Base: 918
#Max: 668
#727669
#Turn 9
#67 2 61 27 56 18 39 38 12 18 27 69 63 13 56 
#67 2 61 27 47 18 39 38 36 18 27 69 63 18 56 
#67 62 61 40 54 0 39 38 36 52 27 46 44 9 56 
#65 62 61 40 1 18 39 38 36 52 27 46 63 9 27 
#65 0 61 40 47 18 48 38 13 42 27 69 63 9 56 
#2 62 61 31 44 18 48 38 36 52 38 46 6 15 56 
#67 62 61 31 56 4 39 38 36 42 38 69 63 2 13 
#51 62 61 27 56 49 39 38 36 42 38 69 63 2 56 
#51 62 61 27 31 51 39 38 36 35 37 69 44 2 41 
#51 2 35 31 31 49 39 38 36 42 38 69 44 9 13 
#1 2 61 31 47 0 48 38 36 59 38 69 63 18 13 
#67 2 61 31 47 49 29 38 36 19 27 69 63 18 41 
#67 40 35 31 47 0 29 22 36 59 38 69 63 18 41 
#65 40 61 31 47 0 39 22 36 35 27 69 63 18 56 
#51 40 35 31 54 49 29 38 36 35 27 69 63 18 56 
#67 62 61 31 31 4 29 23 36 19 38 69 63 17 65 
#67 62 61 27 31 19 29 23 36 52 37 46 50 15 56 
#67 62 61 31 47 19 29 51 36 52 38 46 63 18 56 
#67 40 61 31 44 51 29 38 36 42 38 69 44 18 41 
#67 28 61 31 31 51 48 38 36 42 38 69 63 18 41 
#65 62 35 10 31 51 39 38 2 59 38 69 63 15 56 
#65 0 35 10 54 18 39 38 36 59 27 69 63 18 41 
#65 62 35 31 31 0 29 38 36 52 38 69 63 6 56 
#67 40 61 31 47 18 48 38 36 52 38 69 63 18 56 
#67 62 61 40 47 18 48 38 2 18 27 69 63 2 41 
#1 62 21 31 44 0 38 38 36 52 38 42 63 18 13 
#1 62 61 40 31 18 6 38 33 42 37 69 44 2 13 
#67 62 35 31 31 18 6 38 46 42 27 69 50 6 56 
#65 40 61 31 56 9 39 38 36 18 27 46 50 6 56 
#65 62 61 31 44 18 39 38 13 59 27 46 63 9 56 
#2 0 61 40 56 19 48 38 13 18 27 69 44 13 56 
#67 2 61 27 47 4 29 38 36 18 27 69 6 15 56 
#67 62 61 40 54 0 39 38 36 18 38 46 63 2 56 
#51 62 35 40 31 49 38 38 36 35 38 46 63 2 56 
#67 0 61 40 1 18 39 51 36 59 27 69 63 9 41 
#51 62 35 31 44 49 48 38 13 42 56 69 44 9 13 
#2 62 61 31 44 0 48 38 46 19 38 69 44 18 56 
#67 62 61 31 54 4 29 23 36 52 38 46 6 18 13 
#67 62 35 40 47 0 29 38 33 19 38 69 63 2 13 
#51 62 61 31 31 49 39 22 36 35 38 69 63 17 56 
#67 2 61 31 47 49 39 38 36 42 27 69 44 9 56 
#51 40 35 31 44 18 29 38 36 18 27 69 44 18 56 
#1 40 61 31 47 0 29 38 46 19 38 69 63 17 56 
#65 2 61 27 54 51 29 23 36 46 27 69 50 18 13 
#67 62 26 31 47 49 29 38 36 19 27 69 63 9 41 
#65 40 61 31 44 0 29 38 36 59 38 69 63 18 56 
#51 40 61 31 47 49 39 38 36 35 27 69 44 18 56 
#51 40 61 31 54 18 29 38 36 42 37 69 63 18 56 
#67 62 35 1 31 51 39 38 2 19 38 69 63 15 41 
#65 0 61 27 54 18 29 23 46 46 37 69 63 18 56 
#67 62 35 40 47 51 39 51 36 18 38 46 63 9 41 
#67 40 61 31 47 51 39 38 36 42 38 69 63 6 41 
#67 40 61 31 44 51 48 38 36 42 27 69 44 18 41 
#65 28 61 40 31 51 39 38 2 18 27 69 63 9 41 
#67 62 21 1 31 51 38 38 36 52 38 42 63 2 56 
#65 0 61 10 44 18 48 51 36 59 27 46 44 18 13 
#67 62 61 31 31 18 29 38 36 42 38 69 50 2 56 
#65 62 35 31 56 0 39 38 36 52 38 69 63 6 56 
#67 40 61 31 47 18 48 38 36 42 27 69 63 18 56 
#65 62 61 31 44 49 39 38 2 59 27 69 63 9 41 
54 12 15 8 44 22 
11 49 33 58 20 32 
35 2 52 19 39 16 
45 18 51 7 17 47 
13 56 50 23 59 57 
24 40 29 46 14 6 
#Base: 918
#Max: 689
#750545
#67 40 35 31 31 0 38 38 36 52 38 42 63 2 41 
#67 62 61 31 31 0 29 22 36 19 38 69 63 17 65 
#51 62 61 27 31 4 39 23 36 19 38 69 44 2 41 
#67 62 61 31 31 49 39 38 36 35 27 69 44 2 41 
#67 62 26 31 31 0 29 38 36 19 27 69 63 6 41 
#65 0 61 31 47 18 29 38 36 19 27 69 63 18 41 
#65 0 35 27 31 49 38 23 46 46 37 46 63 2 56 
#51 40 35 40 31 49 38 38 36 35 27 69 63 18 56 
#65 62 35 10 47 51 48 38 36 42 27 69 63 18 56 
#67 62 35 40 54 51 39 38 36 59 38 46 63 2 56 
#51 62 35 31 44 49 39 38 13 52 27 69 44 9 13 
#67 40 61 31 54 0 39 38 36 42 27 69 44 9 41 
#67 28 61 31 31 51 48 38 36 42 38 69 44 18 41 
#51 62 61 31 31 51 39 22 36 42 38 69 63 18 41 
#51 62 61 31 31 19 29 23 36 35 37 46 63 17 56 
#65 40 61 31 44 51 29 38 36 59 38 69 63 18 41 
#67 40 61 31 47 51 29 38 36 42 38 69 63 6 41 
#51 62 61 27 47 51 39 38 36 42 38 69 63 6 41 
#51 62 61 31 56 19 29 51 36 42 38 69 63 2 56 
#51 40 61 31 54 18 29 51 36 52 37 46 63 18 56 
#65 62 61 31 31 18 39 38 36 42 27 69 50 2 56 
#67 62 61 40 31 18 29 38 36 18 38 69 50 9 56 
#67 40 35 31 47 51 48 38 36 52 38 46 63 9 56 
#65 40 61 31 47 18 48 38 36 59 38 69 63 9 41 
#65 62 61 31 56 0 39 38 36 52 27 69 63 6 41 
#67 62 61 31 47 18 39 38 36 42 27 69 63 9 56 
#65 2 61 31 44 49 39 38 13 42 27 69 63 9 56 
#65 62 61 31 47 49 39 38 36 35 27 46 44 9 56 
#51 40 35 31 54 49 29 38 36 35 27 69 44 18 56 
#67 40 61 31 54 4 39 38 36 35 27 69 63 18 56 
#67 2 61 31 31 51 29 38 36 52 27 69 63 2 41 
#67 40 61 27 47 18 29 23 36 46 38 69 63 18 56 
#67 62 35 31 31 49 29 38 36 35 38 69 63 2 56 
#51 40 61 31 31 51 39 38 36 42 37 69 44 2 56 
#65 62 35 31 31 49 39 38 36 19 27 69 63 15 41 
#67 62 61 31 31 0 39 38 36 18 38 69 63 6 56 
#51 62 61 31 44 49 48 38 13 42 56 69 63 18 41 
#65 62 61 40 54 0 39 23 46 52 37 69 44 18 56 
#51 62 35 40 44 49 48 38 36 35 27 46 63 18 41 
#67 40 61 31 47 18 48 38 36 42 27 69 63 18 56 
#51 62 35 10 31 49 39 38 36 59 38 69 63 15 56 
#67 62 61 27 54 19 29 38 36 52 37 46 63 15 56 
#65 62 35 31 44 0 48 38 13 59 38 69 63 9 13 
#67 62 61 31 44 51 39 38 36 42 38 69 44 9 41 
#67 40 61 31 47 51 39 38 36 42 38 69 63 6 41 
#67 28 61 27 56 51 39 38 36 42 38 69 63 18 56 
#67 62 61 31 47 19 29 22 36 35 38 69 63 18 56 
#51 40 61 31 54 18 29 23 36 42 37 69 63 18 56 
#65 40 61 31 47 0 39 22 36 59 38 69 63 18 56 
#67 40 61 31 31 18 29 38 36 42 38 69 44 18 56 
#67 40 61 40 47 51 39 51 36 42 38 69 63 6 41 
#67 40 61 27 47 18 39 38 36 42 38 69 63 18 56 
#65 62 61 31 47 19 39 51 36 59 38 46 63 18 41 
#51 40 35 31 56 0 39 38 36 42 37 69 63 18 56 
#65 62 61 40 47 18 48 38 2 18 27 69 63 2 56 
#67 62 61 31 47 49 39 38 36 42 38 69 50 9 56 
#65 62 61 31 44 18 39 51 36 59 38 46 63 9 41 
#67 40 61 31 47 18 39 38 36 52 27 69 44 18 56 
#65 62 61 31 44 49 29 38 36 35 27 69 63 9 41 
#65 62 61 31 56 0 39 38 36 52 38 69 63 6 13 
#Base: 918
#Max: 694
#755991
