#[0] 3, 3
#[1] 4, 3
#[2] 3, 4
#[3] 3, 2
#[4] 2, 3
#[5] 2, 4
#[6] 1, 3
#[7] 2, 2
#[8] 3, 1
#[9] 4, 4
#[10] 5, 3
#[11] 3, 5
#[12] 4, 2
#[13] 3, 0
#[14] 5, 4
#[15] 4, 5
#[16] 5, 2
#[17] 4, 1
#[18] 0, 3
#[19] 1, 4
#[20] 2, 1
#[21] 1, 2
#[22] 2, 5
#[23] 0, 4
#[24] 5, 1
#[25] 0, 2
#[26] 5, 5
#[27] 1, 5
#[28] 2, 0
#[29] 1, 1
#[30] 4, 0
#[31] 0, 5
#[32] 1, 0
#[33] 0, 1
#[34] 5, 0
#[35] 0, 0
#Turn 0
20 5 55 2 22 30 
8 51 15 25 24 35 
52 6 38 34 19 10 
0 45 18 7 11 23 
57 37 27 42 53 21 
46 12 9 56 47 14 
#Base: 940
#Max: 348
#370213
#Turn 1
#24 44 52 2 9 7 3 54 5 34 26 25 11 10 44 
#9 44 10 2 2 7 12 49 23 34 16 23 26 5 34 
#27 20 1 20 2 11 55 49 7 24 3 23 16 14 34 
#19 39 20 20 25 11 51 35 2 24 3 37 16 14 11 
#27 47 3 34 18 32 51 45 22 11 25 39 44 15 8 
#44 9 30 21 22 2 26 32 4 18 10 1 27 17 5 
#6 17 41 50 40 36 1 52 9 19 41 21 1 7 5 
#52 17 13 50 10 36 61 21 9 3 5 21 12 13 25 
#49 23 32 0 18 1 61 21 12 3 5 24 7 13 4 
#49 21 32 0 18 54 9 41 12 35 48 10 25 3 4 
#32 27 21 21 29 6 17 22 48 19 18 9 7 19 7 
#20 60 21 16 11 16 5 26 10 1 24 9 44 29 30 
#12 9 52 13 1 16 5 14 1 0 4 3 44 29 6 
#3 33 28 15 1 13 32 22 63 0 4 15 11 7 6 
#27 20 28 54 8 13 36 22 15 3 17 5 21 7 66 
#13 1 3 0 61 36 14 7 35 58 18 4 29 4 32 
#42 11 14 0 0 6 3 8 36 12 18 43 29 57 14 
#9 23 5 11 0 13 18 7 7 12 1 2 9 57 43 
#9 23 5 23 16 13 76 7 8 4 18 2 9 24 43 
#8 20 20 23 16 2 24 6 2 2 47 26 29 24 10 
#18 26 47 23 10 57 15 21 19 28 34 4 16 6 15 
#18 26 15 23 25 57 24 21 30 1 27 6 5 24 3 
#9 31 13 8 39 23 24 1 7 52 20 6 5 24 48 
#2 24 0 21 39 5 38 1 2 75 20 4 11 2 56 
#2 24 0 21 44 20 23 7 2 20 52 58 11 2 19 
#20 4 22 12 32 14 4 26 1 2 12 15 60 28 29 
#20 34 20 16 54 7 26 13 1 2 12 41 11 31 24 
#12 34 20 16 54 7 48 13 15 3 19 25 11 51 17 
#12 1 19 5 4 5 48 33 15 14 35 6 48 47 17 
#27 26 19 5 45 22 3 48 32 5 26 6 45 6 43 
#4 54 30 45 18 2 3 32 5 11 10 29 11 10 44 
#44 9 41 21 40 7 27 4 24 34 41 25 30 7 30 
#27 20 1 50 2 2 1 52 33 19 17 21 1 5 34 
#52 39 26 26 25 1 55 35 4 3 5 18 16 14 32 
#19 23 32 0 18 18 51 9 2 22 5 24 7 12 11 
#1 21 3 16 32 32 17 45 22 35 4 39 28 39 8 
#32 27 7 45 22 6 17 25 48 11 10 14 1 17 50 
#44 9 21 21 29 30 27 22 10 18 24 9 27 7 5 
#11 17 25 50 11 16 1 26 1 13 17 21 44 27 31 
#52 15 26 3 1 1 61 21 4 3 5 3 12 25 6 
#3 23 32 15 44 13 6 23 12 22 17 24 3 3 66 
#27 20 48 54 8 18 36 1 11 3 9 10 21 21 4 
#32 1 7 11 12 6 14 25 48 19 17 14 11 19 50 
#42 60 3 16 29 30 40 7 10 16 24 6 7 24 14 
#11 10 25 11 11 6 5 8 1 13 61 63 6 57 8 
#12 23 5 9 1 32 32 7 8 4 4 3 9 16 43 
#8 33 0 15 44 13 76 22 15 6 18 15 3 7 28 
#27 10 20 54 20 18 36 6 11 16 47 5 3 18 10 
#13 1 26 11 1 38 14 44 19 28 17 4 52 11 15 
#18 11 3 0 35 57 3 21 36 1 34 12 16 4 3 
#16 31 15 11 25 23 11 8 7 12 27 6 6 57 48 
#9 20 13 9 81 13 25 1 8 4 20 2 30 0 43 
#2 20 0 21 16 5 38 20 2 2 52 27 11 24 28 
#25 10 3 9 44 20 24 10 13 16 47 58 3 19 19 
#21 4 47 12 10 39 4 1 19 33 29 8 42 11 15 
#20 13 10 32 32 14 26 26 30 1 12 12 60 6 29 
#0 31 20 16 25 23 33 13 9 52 27 6 5 24 24 
#9 1 13 5 39 5 25 33 15 3 20 25 30 51 3 
#2 26 19 21 4 5 3 7 32 14 52 27 7 47 10 
#27 3 3 1 45 22 20 10 20 5 26 9 45 6 43 
47 50 8 43 16 55 
35 2 36 9 53 39 
22 30 15 7 46 28 
29 0 4 23 51 18 
32 40 33 44 14 24 
41 20 31 6 27 11 
#Base: 940
#Max: 421
#447872
#Turn 2
#27 10 20 54 25 23 36 8 7 16 47 6 6 18 48 
#49 31 32 11 25 23 61 21 12 3 5 24 6 57 4 
#42 60 32 0 29 30 40 21 10 3 24 24 7 13 4 
#42 11 3 0 29 30 40 8 10 16 18 43 7 24 14 
#42 11 14 32 32 6 26 26 30 12 18 43 29 6 29 
#1 21 1 16 32 11 17 49 22 24 3 23 16 14 34 
#27 20 1 45 2 6 55 25 7 11 3 14 1 14 34 
#49 27 7 0 22 54 17 41 48 11 10 14 1 3 4 
#25 10 32 0 18 20 24 10 12 35 47 10 25 3 4 
#52 10 3 3 44 1 61 21 13 3 47 3 12 19 6 
#4 31 30 8 18 23 3 1 5 52 20 29 5 10 48 
#4 1 30 0 18 2 3 32 35 11 18 4 11 4 44 
#13 1 3 50 10 36 14 7 35 3 18 4 29 4 25 
#8 33 0 15 10 13 76 22 9 3 5 15 3 13 28 
#8 1 19 5 44 13 48 33 15 14 35 15 48 7 17 
#24 26 19 2 9 22 3 48 32 5 26 6 11 10 44 
#24 44 3 34 18 32 3 54 5 11 25 25 44 15 8 
#27 47 3 21 18 5 51 1 2 75 20 4 11 15 56 
#9 24 0 9 81 13 38 1 8 75 20 2 30 2 43 
#9 23 13 23 16 13 76 1 8 4 20 2 9 0 43 
#3 20 1 15 2 13 1 52 33 22 17 24 1 5 34 
#3 23 32 26 25 1 6 23 12 22 17 24 3 3 32 
#52 10 26 11 11 1 55 35 4 3 5 63 6 57 32 
#27 20 25 11 11 13 36 22 15 3 61 5 6 7 8 
#2 20 28 21 44 13 36 22 2 20 52 5 21 7 19 
#27 26 48 23 8 18 15 1 11 3 9 10 16 21 4 
#44 26 41 23 10 57 27 21 24 28 34 4 16 7 15 
#44 9 41 50 40 7 1 52 24 34 41 25 30 7 30 
#6 34 20 50 40 7 1 13 9 19 19 25 1 51 17 
#20 34 20 16 11 7 48 26 15 1 24 9 11 29 30 
#1 21 20 16 20 32 36 6 22 35 47 5 3 39 10 
#27 31 15 11 25 11 55 49 7 24 27 23 16 14 34 
#49 27 32 0 18 1 17 25 12 3 5 14 7 13 50 
#49 60 3 0 29 54 40 7 12 35 48 6 7 24 4 
#25 10 3 0 44 6 3 10 13 12 47 43 3 57 14 
#52 13 10 32 1 1 61 26 4 3 5 3 12 6 29 
#1 31 3 8 32 23 17 45 22 35 4 6 5 24 48 
#27 54 1 20 18 2 55 49 5 11 3 29 11 14 34 
#13 1 7 0 61 36 14 7 35 11 18 14 29 17 50 
#52 17 32 0 18 36 61 41 12 35 48 21 25 3 4 
#25 33 3 9 44 20 24 10 13 16 18 58 3 19 19 
#52 15 19 3 1 5 61 33 4 14 5 3 48 25 17 
#27 31 13 8 39 22 24 1 7 52 20 6 45 24 48 
#24 54 30 2 9 7 3 54 5 11 10 25 11 10 44 
#27 1 3 0 18 32 51 45 35 58 18 39 29 4 32 
#2 24 13 21 39 36 61 1 2 75 20 21 12 2 56 
#9 33 13 9 44 13 76 22 8 4 20 15 30 7 28 
#9 23 19 5 16 5 76 33 8 14 18 2 48 47 17 
#27 26 19 50 45 2 3 52 32 19 17 6 1 6 34 
#24 44 52 2 9 13 3 23 5 22 26 24 3 3 44 
#27 39 26 26 25 1 55 35 4 3 25 39 44 14 32 
#11 24 25 11 39 5 5 1 2 75 61 4 11 57 8 
#9 20 13 9 81 13 36 22 15 4 20 2 21 7 66 
#9 24 0 21 16 20 23 7 8 20 18 58 9 2 19 
#27 20 48 54 8 2 36 1 33 3 9 21 1 21 34 
#3 23 47 23 44 13 15 21 12 28 34 4 16 3 66 
#44 9 26 26 40 7 55 4 24 3 41 25 30 7 32 
#6 17 41 50 40 36 5 8 9 19 61 21 1 7 8 
#12 34 28 54 54 7 36 22 15 3 19 25 11 7 66 
#20 60 0 16 11 20 23 7 10 1 24 58 11 29 19 
13 43 7 37 48 59 
34 38 42 33 56 19 
16 41 58 22 52 26 
46 27 17 18 51 47 
31 57 1 45 39 55 
54 0 9 44 50 2 
#Base: 940
#Max: 435
#462766
#Turn 3
#24 33 30 2 10 7 3 54 5 11 10 15 11 13 28 
#49 27 7 0 22 54 3 54 5 11 10 25 1 10 44 
#49 27 1 20 18 54 55 41 5 11 10 29 11 14 34 
#27 54 19 50 45 2 3 49 32 19 17 6 1 14 34 
#27 60 19 16 45 20 3 52 10 19 24 58 1 6 34 
#13 10 3 0 44 6 14 7 13 12 18 43 29 57 50 
#13 1 13 8 61 36 24 1 35 11 20 6 29 17 50 
#27 60 13 8 29 22 40 1 12 52 48 6 45 24 48 
#49 9 3 0 29 7 40 7 24 3 48 6 7 24 4 
#9 9 13 26 16 13 55 4 8 4 41 2 30 7 43 
#24 44 3 3 18 32 3 33 4 11 5 25 48 15 8 
#12 34 28 3 54 5 61 22 15 14 19 25 11 7 17 
#12 10 28 11 54 1 55 35 4 3 19 25 11 57 32 
#9 20 26 9 81 1 36 35 4 3 5 63 6 57 66 
#44 26 41 23 10 57 36 21 24 28 20 2 21 7 15 
#44 9 13 50 40 7 76 52 8 34 41 25 30 7 28 
#27 47 41 21 18 5 1 52 24 34 41 4 11 7 56 
#27 47 0 9 81 5 51 1 8 75 20 4 11 15 43 
#11 24 25 9 81 5 38 1 8 75 20 2 11 2 8 
#11 24 19 11 39 5 5 33 8 75 61 4 11 47 8 
#6 17 15 50 40 36 5 8 9 24 27 21 16 7 34 
#6 31 41 50 40 36 5 8 9 19 5 24 6 7 4 
#49 24 13 21 39 23 61 21 2 75 20 21 6 57 56 
#2 24 32 21 18 36 61 1 2 75 48 21 12 3 4 
#3 17 32 0 44 13 61 21 12 28 48 4 25 3 4 
#27 20 48 54 25 2 36 1 33 16 9 21 6 18 34 
#27 10 3 54 44 1 36 8 13 3 47 6 6 18 6 
#52 10 3 0 44 32 61 21 13 3 47 3 29 19 32 
#27 1 3 26 25 32 55 35 4 58 18 39 29 14 32 
#42 60 32 26 25 30 55 21 4 3 25 39 7 13 32 
#8 33 0 0 44 13 3 22 13 12 5 43 3 57 14 
#13 1 7 0 61 36 14 7 35 11 10 25 29 10 50 
#27 27 13 0 22 22 17 1 48 11 10 14 45 24 48 
#49 54 1 0 18 54 40 49 12 35 3 29 11 14 34 
#27 26 19 26 40 7 55 52 24 3 17 6 1 7 32 
#9 60 0 16 16 20 23 1 10 1 20 58 9 0 19 
#24 10 3 0 44 32 3 54 13 12 47 43 3 15 8 
#52 15 7 3 1 5 61 33 35 14 5 14 29 25 50 
#27 34 28 54 39 7 24 22 15 52 19 6 45 24 66 
#49 10 3 11 11 1 55 7 4 35 48 6 7 57 32 
#44 9 26 9 81 7 36 22 24 3 20 2 30 7 66 
#9 26 41 23 10 57 27 1 24 4 20 4 9 7 15 
#9 33 13 9 18 32 3 22 5 11 25 25 44 15 8 
#52 9 19 3 1 7 1 52 24 14 5 3 48 25 30 
#12 47 28 54 18 7 51 1 15 3 20 25 11 15 56 
#9 24 0 11 81 13 38 1 8 3 5 63 30 57 32 
#11 24 25 11 81 13 36 22 15 75 20 4 21 57 8 
#44 23 19 23 16 5 76 33 8 28 18 4 16 47 15 
#27 33 13 9 25 11 76 49 8 24 27 23 16 7 34 
#6 9 41 50 40 7 5 52 24 34 61 21 30 7 30 
#49 31 3 11 18 23 51 21 12 3 20 4 6 15 4 
#9 24 0 9 81 36 61 1 2 75 20 2 12 2 43 
#52 24 25 0 39 36 61 41 2 35 48 4 25 3 8 
#9 23 47 23 44 5 15 21 8 28 18 4 48 3 17 
#27 31 48 11 8 2 36 49 7 3 27 21 16 14 34 
#6 17 41 50 40 36 36 8 7 16 47 6 6 7 48 
#49 31 32 3 44 23 61 21 12 3 47 24 6 19 6 
#27 24 13 21 39 36 51 1 2 75 20 21 29 2 56 
#27 17 32 26 25 36 61 35 12 3 48 21 25 14 32 
#42 60 32 0 44 30 15 21 12 28 34 24 7 13 4 
14 59 39 29 28 55 
37 44 27 45 16 58 
3 47 38 46 15 48 
49 40 17 13 51 18 
12 4 23 22 57 19 
1 56 33 7 52 2 
#Base: 940
#Max: 488
#519149
#Turn 4
#44 60 41 23 10 57 36 21 24 28 20 2 21 13 4 
#49 60 32 11 44 1 55 7 4 35 34 24 7 57 4 
#42 10 32 11 11 1 55 7 4 3 25 39 7 57 32 
#27 1 3 26 25 32 55 21 4 58 18 39 29 13 32 
#6 1 3 50 40 36 55 35 4 16 47 6 29 7 32 
#52 15 7 54 18 5 61 33 35 14 20 25 11 15 50 
#12 10 3 54 44 32 51 1 15 3 47 25 29 15 56 
#52 10 3 11 44 32 38 1 13 3 47 3 30 19 32 
#9 24 0 21 18 5 38 1 24 3 41 63 11 7 56 
#27 47 41 26 18 36 1 35 24 34 41 21 11 7 56 
#27 23 19 50 16 2 76 49 8 28 18 6 1 14 34 
#44 34 28 54 16 5 24 33 15 52 19 6 16 24 15 
#27 34 25 54 81 13 36 22 15 75 20 6 21 24 8 
#11 9 13 11 81 13 36 52 15 34 41 4 30 7 8 
#44 33 13 50 25 7 76 49 8 34 41 23 16 7 28 
#44 9 41 9 40 7 36 52 24 3 61 21 30 7 30 
#27 9 26 9 81 5 51 22 24 3 20 2 30 7 66 
#9 20 0 9 81 5 51 35 4 75 20 63 6 15 66 
#9 20 26 9 81 36 61 1 4 3 5 63 12 57 43 
#11 24 0 9 81 5 38 1 8 75 20 2 11 2 43 
#12 10 19 11 54 1 3 35 10 3 24 58 1 6 34 
#27 60 19 21 18 20 3 52 2 75 24 21 12 3 34 
#2 24 32 21 18 36 61 1 2 75 20 21 6 3 4 
#27 24 13 21 39 23 61 1 2 75 20 21 6 2 56 
#11 24 13 21 39 5 51 33 2 75 61 21 11 47 8 
#49 27 32 0 44 54 3 21 12 11 10 24 6 10 44 
#49 54 1 0 18 54 40 49 12 35 3 29 6 19 34 
#27 54 1 8 18 22 40 1 12 52 48 6 45 14 48 
#27 24 13 8 29 22 61 41 2 35 48 4 25 24 8 
#49 27 1 20 18 54 61 41 2 35 48 29 11 14 34 
#52 26 41 3 10 57 36 21 35 28 20 14 29 7 50 
#42 60 28 54 44 30 15 21 15 28 20 25 7 13 4 
#52 10 3 11 44 32 55 7 4 35 48 3 29 57 32 
#42 24 32 11 81 30 55 21 4 3 5 63 7 57 32 
#27 47 41 26 18 32 55 52 24 58 41 4 11 14 56 
#27 17 32 50 40 36 61 8 12 16 47 21 25 7 48 
#27 15 19 3 1 2 61 33 35 19 5 14 29 14 34 
#44 47 19 23 18 5 51 1 8 3 20 25 16 15 15 
#52 10 28 0 39 7 24 21 15 52 19 3 45 24 66 
#11 24 0 11 81 13 36 1 8 75 5 63 21 57 32 
#44 9 41 21 18 5 76 52 8 34 41 25 30 7 56 
#27 17 13 26 25 11 61 35 8 24 48 21 25 14 34 
#27 9 41 50 45 2 5 52 24 34 17 21 30 14 30 
#44 23 19 23 81 7 36 22 24 3 20 2 30 7 66 
#27 34 0 54 39 7 24 22 15 52 20 4 45 24 43 
#11 24 25 9 81 13 36 35 15 3 5 63 21 57 66 
#44 9 0 50 81 36 76 52 2 34 41 25 12 7 28 
#27 33 13 9 25 11 76 1 8 24 27 2 16 7 8 
#6 10 28 11 40 1 55 52 24 34 61 25 11 57 30 
#44 9 26 9 81 7 3 52 10 3 20 2 1 6 66 
#2 24 32 9 81 36 51 1 2 75 20 21 12 15 43 
#9 24 13 9 81 23 61 35 4 75 5 21 6 57 66 
#27 24 13 9 81 36 51 1 2 75 20 2 12 2 43 
#11 24 25 9 81 5 38 33 8 75 20 4 11 47 8 
#12 27 28 11 22 1 3 54 5 3 10 25 1 57 44 
#49 31 32 3 45 23 61 21 10 19 24 24 1 19 34 
#49 24 1 21 18 36 40 1 2 35 3 21 11 14 4 
#49 60 13 8 39 23 61 1 2 52 48 21 45 24 56 
#27 24 25 0 39 36 61 41 2 75 48 4 25 3 8 
#49 24 19 20 39 54 55 33 8 11 61 4 11 47 8 
27 15 35 59 16 26 
30 38 29 33 1 19 
21 43 18 57 45 32 
14 34 39 51 46 40 
5 48 52 17 12 58 
6 23 24 50 53 49 
#Base: 940
#Max: 506
#538298
#Turn 5
#44 9 41 9 18 7 36 1 24 52 48 21 30 14 48 
#44 17 32 50 40 7 36 52 24 16 47 21 25 7 48 
#27 17 32 50 40 36 55 33 12 16 47 21 25 47 48 
#49 24 26 20 39 54 55 33 8 11 20 2 11 47 8 
#27 54 1 9 18 5 40 49 24 3 3 29 30 7 66 
#52 10 28 3 10 57 36 21 35 28 20 3 29 24 66 
#52 27 1 20 39 54 24 21 2 35 48 3 45 14 66 
#42 24 1 11 18 30 61 21 2 3 5 63 11 14 34 
#42 24 32 11 81 30 55 7 4 35 5 24 7 57 32 
#11 60 0 9 81 1 38 7 4 75 34 2 7 57 4 
#27 23 19 21 81 7 3 52 2 75 20 21 12 3 34 
#9 23 26 23 81 7 36 22 24 3 20 63 30 7 66 
#49 20 13 9 39 23 61 1 2 52 5 63 45 57 43 
#49 60 13 9 39 23 36 1 2 3 48 63 21 57 56 
#52 24 3 11 44 13 36 7 4 35 48 3 21 57 32 
#27 33 13 26 18 32 55 52 24 34 41 4 11 14 28 
#11 24 41 11 18 32 55 1 24 75 5 4 21 14 56 
#9 24 0 9 81 23 61 35 8 75 5 63 21 57 32 
#44 24 13 50 81 36 61 35 2 34 41 25 6 57 66 
#44 9 0 21 81 36 76 52 2 34 41 25 30 7 28 
#52 15 28 54 40 1 61 33 24 14 20 25 11 15 50 
#6 24 28 11 40 36 55 1 2 34 20 25 12 57 30 
#9 20 0 9 81 36 51 35 2 75 20 63 12 15 43 
#9 34 0 54 81 5 51 22 4 75 20 63 21 15 66 
#27 34 25 54 81 13 36 22 2 75 48 6 25 24 8 
#12 24 13 54 44 32 61 1 15 75 20 25 6 2 56 
#27 24 13 21 39 23 61 1 2 75 20 21 11 2 56 
#11 24 32 9 81 5 51 33 2 75 61 21 12 47 43 
#2 24 32 9 81 5 51 1 2 75 20 21 11 47 43 
#11 9 26 9 81 7 3 33 8 75 20 4 11 6 66 
#27 54 41 3 18 57 40 1 35 28 48 6 29 14 50 
#44 9 41 0 39 7 24 21 15 3 61 21 30 24 30 
#49 17 1 50 18 36 61 41 12 16 48 29 11 14 34 
#49 24 19 11 81 54 55 21 4 3 5 63 7 57 8 
#49 9 32 11 81 1 51 7 4 35 34 24 7 57 66 
#11 24 0 0 18 5 40 1 12 75 3 2 6 19 34 
#52 60 19 3 18 20 3 21 35 28 24 21 12 7 34 
#44 23 19 0 81 7 36 22 15 52 20 2 45 7 66 
#9 20 26 9 18 36 61 1 4 35 48 29 12 14 34 
#49 24 32 11 81 30 55 21 2 3 5 21 7 24 56 
#11 24 32 9 44 13 55 7 15 3 34 24 7 57 4 
#52 24 3 11 81 32 38 7 4 35 48 2 29 57 43 
#44 33 19 50 18 7 76 49 8 34 41 21 16 7 28 
#27 23 19 26 18 32 55 52 24 58 20 2 30 14 56 
#11 20 26 11 81 36 61 1 8 75 5 63 12 57 32 
#9 24 13 8 81 23 61 1 4 52 48 21 45 24 56 
#11 9 25 50 81 36 76 35 15 34 41 25 21 7 66 
#52 9 3 11 44 32 76 52 4 34 48 25 29 57 56 
#52 33 7 54 25 5 76 33 35 14 20 25 11 7 28 
#6 10 41 26 18 1 55 52 24 58 61 4 11 14 30 
#11 24 13 11 81 36 51 1 2 75 20 2 12 2 32 
#9 20 13 9 81 23 61 35 4 75 5 21 6 15 66 
#27 34 0 54 81 36 36 52 2 34 20 25 12 7 28 
#44 9 25 0 18 5 61 52 2 75 48 4 25 7 8 
#12 15 7 54 44 5 61 1 15 14 20 25 11 15 56 
#6 24 28 21 39 23 61 1 24 34 61 25 6 57 30 
#11 24 13 21 81 5 51 1 2 75 20 2 12 2 43 
#2 20 32 9 81 5 51 1 4 75 20 63 12 15 43 
#11 34 25 54 81 13 36 33 15 75 20 4 11 47 8 
#44 9 26 0 39 36 61 41 2 3 20 4 1 3 8 
20 43 8 41 25 1 
10 39 2 27 28 6 
42 9 22 44 47 37 
12 19 46 18 17 24 
30 57 13 23 33 51 
55 11 58 34 45 52 
#Base: 940
#Max: 575
#611702
#Turn 6
#27 23 28 26 40 32 55 33 24 14 20 25 30 15 50 
#42 23 19 11 81 30 55 52 24 35 20 2 7 57 32 
#52 24 3 11 81 30 38 7 4 35 5 2 7 57 32 
#52 24 3 11 81 32 38 1 4 75 48 2 6 57 56 
#44 17 32 54 44 32 36 52 24 16 47 25 6 7 56 
#27 24 32 21 81 30 3 52 2 75 20 21 7 24 34 
#27 24 32 11 81 30 55 33 12 3 5 21 7 47 56 
#11 24 32 9 81 36 51 33 12 16 47 21 12 47 43 
#2 24 32 9 81 5 51 33 2 75 61 21 11 47 43 
#2 24 32 9 39 5 51 1 2 35 48 3 45 47 43 
#11 60 0 50 18 7 76 7 4 34 34 2 7 7 28 
#11 60 0 9 81 1 38 35 2 75 34 2 7 57 43 
#9 20 0 11 81 36 61 1 8 75 5 63 12 15 43 
#11 9 3 11 81 36 76 52 4 34 48 63 12 57 56 
#52 9 3 0 81 32 76 52 15 52 48 2 45 7 66 
#44 9 0 9 39 23 61 1 2 34 41 25 30 7 43 
#44 9 25 21 81 36 76 35 15 34 41 25 21 7 66 
#11 24 25 50 81 36 61 35 2 34 41 25 6 57 66 
#44 24 13 9 81 23 61 35 8 34 5 25 6 57 66 
#9 24 0 9 81 13 61 22 8 75 5 6 25 57 8 
#27 20 41 3 18 57 51 1 35 28 48 63 29 14 43 
#2 60 13 9 39 23 51 1 2 3 48 63 21 15 43 
#9 34 13 9 39 23 36 1 2 3 48 63 21 57 66 
#9 24 0 54 81 5 55 22 4 75 5 63 7 15 8 
#49 24 13 11 81 23 61 21 4 75 5 21 6 57 8 
#9 23 28 21 81 7 36 1 24 3 20 63 6 7 30 
#11 34 25 23 81 13 36 33 15 75 20 4 11 47 8 
#49 9 32 54 81 13 36 7 4 75 20 24 11 47 66 
#49 9 32 11 81 1 61 7 4 52 34 24 45 24 56 
#27 24 0 54 81 36 61 52 4 34 48 21 45 7 56 
#27 23 28 21 40 1 3 33 2 14 20 21 11 15 34 
#49 24 32 26 18 30 55 52 24 3 20 2 30 24 56 
#42 17 32 11 81 36 55 7 12 35 5 21 25 47 48 
#52 24 32 11 81 5 38 7 4 75 61 2 12 57 43 
#12 24 13 9 44 5 51 1 2 75 20 21 11 2 56 
#44 17 32 20 40 54 24 52 2 35 47 3 45 7 66 
#27 23 19 21 81 7 3 49 2 34 20 21 12 7 34 
#49 24 0 11 81 1 38 7 4 3 34 2 7 24 4 
#9 20 0 50 40 36 55 35 2 16 47 63 25 15 48 
#11 20 32 9 81 5 51 33 2 75 5 21 12 47 43 
#52 24 3 11 81 5 76 1 2 75 20 25 29 47 43 
#44 27 1 0 39 54 24 22 2 35 20 2 45 14 66 
#44 33 13 50 39 23 61 49 2 52 41 63 45 7 28 
#11 9 0 9 81 36 76 52 2 75 34 2 30 57 28 
#11 20 0 9 81 36 51 35 2 75 20 63 21 7 43 
#44 24 26 11 81 36 61 1 8 75 5 25 12 57 32 
#9 24 3 11 81 23 61 52 8 34 48 25 29 57 56 
#44 34 25 0 81 13 36 22 15 52 20 6 45 24 8 
#49 54 41 9 39 23 61 1 2 28 48 63 29 57 50 
#44 20 32 21 81 5 51 52 4 34 20 25 30 15 28 
#11 9 25 9 81 36 76 1 15 34 48 63 21 7 56 
#9 24 0 54 81 5 61 22 4 75 20 63 21 15 66 
#49 24 0 9 81 23 55 21 4 3 5 63 7 57 32 
#9 20 13 9 81 13 61 35 2 75 48 6 25 24 66 
#27 24 41 21 18 23 61 1 24 34 61 25 29 57 50 
#9 20 32 23 81 5 36 1 24 3 20 63 12 7 43 
#11 60 13 9 81 23 36 1 15 3 20 4 11 47 56 
#49 34 32 11 81 5 51 7 4 35 20 24 7 57 66 
#49 24 19 8 81 54 55 1 4 52 48 21 7 57 56 
#9 34 0 54 81 23 36 52 2 34 20 25 6 7 66 
7 59 24 53 11 23 
20 4 44 58 28 12 
54 18 27 51 48 57 
46 43 29 13 17 33 
32 50 40 14 42 8 
39 1 45 16 3 35 
#Base: 940
#Max: 554
#589362
#Turn 7
#9 24 32 54 81 36 36 52 12 34 20 25 12 47 66 
#9 34 13 54 81 23 61 52 2 34 20 21 6 57 66 
#9 24 13 11 81 13 61 35 4 75 48 6 25 24 66 
#9 20 13 9 81 1 61 35 2 75 48 2 25 57 66 
#9 24 0 9 81 5 55 22 4 75 5 2 7 15 8 
#44 20 32 54 44 32 36 52 24 28 48 63 6 14 56 
#44 20 0 9 81 32 36 52 2 16 20 63 21 7 56 
#49 20 0 9 81 36 55 35 4 75 20 63 21 57 56 
#49 24 32 11 81 54 55 7 4 52 34 24 45 57 56 
#49 9 0 11 81 36 61 1 4 75 34 63 12 24 43 
#27 24 13 21 81 23 61 1 8 34 61 25 6 57 66 
#49 24 13 54 81 13 61 35 8 34 5 25 6 57 66 
#49 24 32 54 81 13 61 22 4 75 20 24 11 47 66 
#9 24 41 54 39 23 61 1 2 75 48 63 21 57 50 
#49 54 41 11 81 5 61 7 4 28 20 24 29 57 50 
#9 24 3 11 81 36 61 52 8 34 34 25 30 57 56 
#11 24 0 9 81 36 61 52 4 75 48 21 30 57 28 
#11 9 3 54 81 36 61 52 4 34 48 21 12 7 56 
#11 9 25 50 81 36 61 52 2 34 41 63 12 57 66 
#52 24 25 50 81 36 61 7 2 34 61 2 6 57 43 
#11 17 25 11 81 36 55 7 15 35 48 63 21 47 56 
#52 9 3 11 81 36 76 1 15 75 20 25 29 47 43 
#52 24 3 11 81 32 76 52 15 75 48 25 29 7 43 
#52 9 13 50 39 32 76 49 15 52 41 2 45 7 66 
#44 24 32 50 81 5 51 33 2 75 61 21 11 47 28 
#42 23 32 9 81 5 55 33 24 35 5 2 7 57 43 
#42 23 26 11 81 36 61 52 8 35 5 2 12 57 32 
#44 24 25 21 81 36 76 1 8 75 5 25 21 57 32 
#44 9 3 11 81 32 38 35 4 34 41 2 21 7 56 
#44 17 32 11 81 32 38 1 4 35 47 2 6 7 66 
#27 24 41 9 81 57 51 33 12 28 48 21 29 14 43 
#9 34 0 54 81 32 36 52 2 16 47 25 6 7 66 
#11 24 0 11 81 36 51 21 4 75 20 63 21 57 43 
#49 24 13 8 81 54 61 1 4 75 48 6 7 24 66 
#11 60 0 11 81 1 61 7 4 52 34 24 45 57 43 
#9 20 0 11 81 5 55 22 4 75 5 63 12 15 43 
#27 20 41 21 18 23 61 1 35 28 61 63 29 57 43 
#44 24 13 54 81 23 61 52 24 34 5 25 6 7 66 
#49 20 0 54 81 13 36 35 4 75 20 24 21 47 43 
#9 24 19 8 81 5 61 1 4 52 48 63 21 15 56 
#49 54 41 11 39 23 61 1 2 52 34 63 45 57 56 
#9 20 0 11 81 36 51 1 4 35 20 24 12 57 66 
#9 24 3 11 81 23 61 52 24 34 48 25 29 57 56 
#11 9 13 9 81 36 61 52 2 34 5 2 6 57 28 
#49 24 32 54 81 13 36 7 4 34 20 21 45 7 66 
#11 24 0 54 81 5 76 52 4 75 48 63 12 57 66 
#11 24 25 50 81 36 61 35 2 34 41 63 6 57 66 
#49 34 32 11 81 5 38 7 4 35 20 2 12 57 43 
#9 24 32 11 81 36 55 7 12 35 48 25 25 47 48 
#11 9 0 9 81 36 76 1 15 34 34 2 21 7 56 
#27 24 3 11 81 36 76 1 4 34 20 21 45 7 56 
#52 9 3 11 81 32 76 52 15 34 48 63 45 57 66 
#11 33 25 50 81 36 61 35 2 34 41 63 6 57 28 
#52 24 32 9 81 5 51 33 4 75 61 2 11 47 43 
#42 20 32 9 81 36 51 7 2 75 5 21 25 47 43 
#11 23 25 11 81 30 55 1 15 34 20 63 7 57 56 
#52 24 26 11 81 36 61 1 2 75 5 25 29 57 43 
#44 9 25 0 81 36 76 52 15 52 48 25 45 7 66 
#44 24 3 11 39 32 38 1 2 75 41 63 45 7 56 
#44 24 32 9 40 5 24 52 2 35 61 3 45 47 43 
10 36 21 27 11 37 
15 14 56 40 1 20 
38 33 12 7 57 42 
23 8 46 51 18 24 
3 53 52 45 22 16 
9 0 5 13 19 32 
#Base: 940
#Max: 644
#685106
#Turn 8
#27 24 13 21 81 23 61 1 35 28 61 63 29 57 43 
#27 9 41 21 81 23 76 1 35 28 61 25 29 47 43 
#52 9 25 21 81 36 76 1 15 75 20 25 29 57 43 
#44 24 13 54 81 13 76 1 8 34 5 25 21 57 32 
#49 24 13 54 81 13 61 35 24 34 5 25 6 57 66 
#9 54 41 11 81 36 61 7 4 28 20 24 29 57 56 
#49 24 26 11 81 5 61 1 2 75 5 24 29 57 43 
#49 24 26 11 81 23 61 1 2 52 5 25 45 57 56 
#9 54 13 54 81 23 61 52 2 34 34 21 6 57 56 
#11 17 13 54 81 23 55 7 2 35 48 21 6 57 66 
#49 24 0 8 81 54 61 35 4 75 48 6 21 47 66 
#49 24 13 8 81 13 61 1 4 75 20 6 7 47 66 
#49 24 32 9 81 13 61 35 4 75 20 63 21 57 66 
#49 20 0 0 81 36 55 35 15 52 20 25 45 57 66 
#9 9 25 11 81 23 61 52 24 34 48 25 45 7 56 
#52 9 32 11 81 54 55 49 15 52 34 24 45 7 56 
#49 24 32 50 81 36 61 7 4 52 34 24 45 57 56 
#11 24 25 50 81 32 76 52 2 34 41 63 6 57 66 
#52 9 3 11 81 32 76 52 2 34 48 63 45 57 66 
#11 24 25 50 81 5 61 33 2 34 61 21 12 57 28 
#52 20 13 9 81 5 61 33 4 75 48 2 11 57 43 
#11 33 25 9 81 5 61 35 2 34 41 63 6 57 43 
#11 33 0 50 81 5 76 52 4 34 41 63 12 57 28 
#52 24 3 11 81 32 76 52 4 75 48 25 12 7 66 
#52 24 0 9 81 32 61 52 4 75 48 25 29 7 28 
#9 9 32 11 81 36 61 1 12 34 34 63 12 24 66 
#44 24 32 54 81 36 36 52 12 28 48 25 6 14 66 
#44 24 41 54 44 32 36 1 2 75 48 63 6 14 50 
#52 24 25 50 39 36 61 1 2 75 48 2 6 57 43 
#52 24 0 11 81 36 61 7 4 34 20 63 6 57 43 
#27 24 13 21 81 36 61 1 8 34 61 25 30 57 56 
#27 20 41 21 81 23 61 1 35 28 61 63 29 57 50 
#52 24 3 11 81 36 76 1 2 75 20 25 29 47 43 
#49 54 41 11 39 23 76 1 2 52 5 25 45 57 32 
#9 34 13 54 81 23 61 52 8 34 20 21 6 57 66 
#44 17 13 54 81 36 55 52 15 35 48 63 6 7 66 
#49 20 3 11 81 36 36 52 4 34 34 25 21 57 43 
#49 54 13 11 81 54 61 7 4 28 20 6 7 24 66 
#52 24 26 54 81 36 61 22 2 75 20 24 11 47 43 
#49 20 41 11 81 23 55 1 2 52 20 63 45 57 56 
#44 9 13 54 81 36 76 52 2 52 48 21 45 7 66 
#11 17 3 11 81 36 61 52 24 35 48 63 21 47 56 
#52 20 13 50 81 13 36 49 4 75 41 24 21 7 66 
#49 24 32 8 81 54 55 1 4 52 34 6 45 24 66 
#49 24 25 50 81 13 61 35 2 75 20 24 6 47 66 
#52 9 3 11 81 32 55 52 4 75 48 63 21 57 56 
#11 9 25 50 81 36 76 52 2 34 41 25 12 7 66 
#44 24 32 11 81 5 61 52 2 34 61 21 29 57 28 
#52 20 13 9 81 32 76 49 2 52 41 2 45 57 66 
#49 24 32 11 81 5 51 33 4 75 61 2 11 47 43 
#11 24 25 50 81 36 61 35 2 34 41 63 6 57 28 
#52 9 3 11 81 5 76 52 4 34 48 63 12 57 66 
#11 24 25 50 81 36 76 52 2 34 48 63 12 7 43 
#11 24 32 9 81 36 61 52 4 75 48 21 11 57 28 
#49 9 0 9 81 1 61 35 2 75 34 63 25 57 66 
#9 24 32 9 81 5 51 33 12 34 20 2 11 47 66 
#11 20 32 54 44 32 61 35 2 28 48 63 6 57 56 
#9 24 41 54 39 23 61 1 2 75 48 63 12 57 50 
#52 24 25 11 81 32 76 52 15 34 61 25 6 57 43 
#11 24 0 9 81 36 61 21 4 75 20 63 21 57 28 
30 47 13 0 26 4 
22 56 52 31 41 42 
53 2 48 12 40 57 
39 58 16 18 45 38 
1 54 44 17 35 51 
34 8 23 10 15 50 
#Base: 940
#Max: 631
#671277
#Turn 9
#44 24 32 11 81 36 61 52 8 34 61 25 29 57 28 
#49 24 0 11 81 36 55 35 2 52 20 21 29 57 28 
#27 24 13 21 81 23 61 1 15 52 20 63 45 57 43 
#27 24 32 21 81 23 36 52 35 28 61 25 6 14 43 
#44 24 13 54 81 13 36 52 24 34 48 25 6 14 66 
#11 20 32 54 44 32 76 52 2 28 41 63 6 57 28 
#11 20 25 54 81 32 76 52 2 28 48 63 12 7 56 
#11 24 25 50 81 36 76 1 35 34 48 63 29 7 43 
#27 17 3 11 81 36 61 1 35 28 61 63 21 47 56 
#52 17 13 50 81 13 36 52 24 75 41 24 21 7 56 
#52 9 32 21 81 36 76 52 15 75 48 21 29 57 28 
#52 9 13 9 81 36 76 49 15 75 20 25 29 57 43 
#52 24 13 9 81 32 76 35 2 52 41 63 45 57 66 
#49 9 13 9 81 36 61 52 2 75 48 63 45 57 66 
#9 9 13 54 81 36 61 52 2 52 48 21 12 57 50 
#49 24 25 11 81 23 76 52 15 52 61 25 45 57 43 
#52 24 25 50 81 32 76 52 15 34 61 24 6 57 56 
#49 9 3 11 81 32 61 7 2 34 48 63 45 57 66 
#52 9 3 11 81 32 55 52 4 75 48 63 21 57 66 
#52 9 26 54 81 36 55 52 2 75 20 24 11 57 43 
#27 9 41 21 81 23 61 1 35 28 61 63 25 57 66 
#49 24 0 9 81 1 61 35 2 75 20 63 25 57 66 
#49 24 25 50 81 13 76 52 2 75 20 63 6 47 66 
#11 17 25 54 81 32 76 52 2 35 41 63 6 57 66 
#52 9 3 11 81 5 55 52 4 34 48 63 6 7 66 
#9 34 13 54 81 23 61 52 2 34 34 21 6 57 56 
#9 54 3 11 81 32 61 52 4 75 34 21 12 7 56 
#49 24 3 11 81 32 61 52 4 75 48 25 21 7 66 
#52 9 32 11 81 54 55 49 15 75 48 24 21 7 56 
#52 9 25 50 81 54 55 49 15 52 34 63 45 57 56 
#11 33 13 21 81 5 76 1 8 34 61 63 30 57 28 
#44 24 32 11 44 5 61 52 2 28 61 63 6 57 56 
#49 24 0 0 81 36 55 35 15 34 48 25 45 7 66 
#27 24 41 21 81 23 61 1 35 28 61 63 29 57 50 
#11 24 3 11 81 36 61 52 24 35 48 63 21 14 66 
#52 20 13 54 81 13 61 49 24 34 41 24 6 7 66 
#11 24 0 50 81 5 76 52 4 75 48 63 11 57 28 
#11 9 25 54 81 36 76 35 2 75 20 25 29 57 43 
#52 20 25 9 81 32 76 52 2 34 48 63 12 57 66 
#49 24 32 21 81 23 61 35 4 28 61 63 29 57 66 
#11 9 13 54 81 36 76 52 24 52 48 21 45 47 66 
#52 20 41 54 39 23 36 49 4 75 48 24 21 57 66 
#49 24 32 9 81 23 55 52 4 75 48 21 45 57 28 
#52 24 25 11 81 36 76 52 15 34 61 25 6 57 43 
#49 20 32 50 81 36 61 7 4 52 41 2 45 57 56 
#49 24 32 9 81 13 76 52 4 34 20 63 45 57 66 
#52 9 3 54 81 36 76 52 2 52 48 63 21 57 56 
#9 24 26 54 39 23 61 22 2 75 48 63 12 47 50 
#49 20 41 11 81 23 76 1 35 28 61 63 29 57 43 
#52 24 0 11 81 32 76 35 15 34 34 63 25 57 66 
#49 24 32 50 81 13 61 7 4 75 20 24 45 57 56 
#52 24 25 11 81 32 76 52 2 34 48 63 6 57 66 
#44 9 13 54 81 36 55 52 4 35 48 63 21 7 56 
#52 24 26 11 81 5 61 52 4 75 48 24 11 47 43 
#27 9 41 21 81 23 76 1 35 34 20 21 29 47 66 
#9 9 0 9 81 1 61 52 2 34 34 63 25 57 56 
#52 24 25 50 81 32 76 35 4 75 48 24 12 47 66 
#49 24 25 8 81 32 61 52 2 75 48 63 6 57 66 
#52 17 32 11 81 36 55 49 15 35 34 63 6 7 66 
#11 9 3 11 81 36 61 35 4 34 48 63 6 57 28 
6 36 19 23 20 37 
9 11 43 12 33 44 
28 42 57 16 15 49 
51 22 56 29 46 10 
52 48 38 13 39 18 
7 50 41 40 45 0 
#Base: 940
#Max: 697
#741489
#11 20 25 50 81 32 76 52 2 28 48 63 12 7 56 
#11 24 0 50 81 5 76 52 4 75 48 24 11 57 43 
#52 17 26 54 81 36 76 52 2 75 20 24 11 57 43 
#27 17 41 21 81 32 61 1 2 28 41 63 6 57 66 
#27 9 25 21 81 23 61 35 2 28 20 25 25 57 66 
#52 9 13 9 81 36 76 52 15 75 41 25 21 57 56 
#52 9 13 9 81 36 76 49 15 75 61 25 29 57 43 
#52 24 25 9 81 36 76 52 15 34 61 63 6 57 66 
#52 24 13 21 81 32 61 1 35 28 61 63 45 57 66 
#27 20 41 50 81 23 61 7 35 28 61 2 29 57 56 
#52 9 32 9 81 23 55 52 4 75 48 21 21 7 28 
#49 24 25 8 81 32 61 52 4 75 48 63 6 57 66 
#49 24 25 8 81 32 61 52 2 34 61 24 6 57 66 
#52 24 25 50 81 23 76 52 15 34 61 25 45 57 56 
#52 24 0 11 81 32 76 52 15 52 61 63 25 57 43 
#49 24 25 11 81 13 76 52 2 75 48 63 6 57 66 
#49 24 25 50 81 13 76 52 2 75 20 63 12 47 66 
#52 9 25 50 81 32 76 35 15 52 34 63 12 47 66 
#52 9 3 54 81 36 76 49 15 52 34 63 21 57 56 
#52 9 3 21 81 36 76 52 15 52 48 63 21 57 28 
#44 9 41 11 81 36 55 52 35 35 48 63 21 7 56 
#52 20 25 11 81 23 76 52 2 34 48 63 12 57 66 
#49 20 13 9 81 36 76 52 2 75 48 63 45 57 66 
#49 9 13 9 81 36 61 35 2 28 61 63 45 57 66 
#52 24 3 21 81 23 55 52 4 28 61 63 29 57 66 
#11 24 25 50 81 13 61 1 35 75 20 24 29 57 43 
#52 24 41 54 39 13 61 49 4 75 20 24 21 57 56 
#11 20 13 54 39 23 36 52 24 75 48 24 21 57 66 
#11 9 13 54 81 13 76 52 24 34 20 21 45 47 66 
#49 24 32 9 81 36 61 52 4 34 61 25 45 57 66 
#52 17 13 54 81 13 76 52 24 75 48 24 21 7 56 
#52 9 0 9 81 5 76 49 4 75 20 63 29 57 43 
#52 24 26 11 81 36 55 52 2 75 61 24 6 57 43 
#11 24 25 9 81 32 76 35 2 35 41 63 6 57 66 
#27 24 41 21 81 23 61 1 35 28 61 63 25 57 66 
#11 9 32 54 81 36 61 35 2 52 41 2 29 57 43 
#52 17 32 50 81 54 55 52 15 75 48 24 21 7 56 
#49 24 32 9 81 36 76 49 15 75 48 25 45 57 43 
#49 24 25 8 81 32 61 52 15 75 48 25 6 57 43 
#52 24 13 50 81 32 76 35 15 34 41 24 6 57 56 
#49 24 25 21 81 23 61 1 15 52 61 25 45 57 50 
#49 20 0 11 81 36 76 35 15 34 41 2 45 57 66 
#52 9 25 11 81 32 76 49 15 34 48 63 21 7 56 
#49 24 32 9 81 13 76 52 4 75 48 63 6 57 28 
#49 24 25 50 81 32 61 52 4 75 48 24 6 47 66 
#52 24 25 50 81 32 55 52 15 52 34 63 6 57 56 
#49 9 3 54 81 36 76 52 2 52 61 25 21 57 56 
#52 9 0 21 81 36 76 52 15 34 48 63 25 57 66 
#44 24 13 54 81 36 55 52 2 34 48 63 21 7 56 
#49 24 41 11 81 13 76 1 2 28 61 63 29 57 43 
#52 24 25 9 81 32 76 52 4 34 48 24 12 57 66 
#49 9 25 50 81 54 61 49 15 75 48 63 45 57 56 
#52 24 32 54 81 36 76 35 2 52 48 63 29 57 56 
#52 9 3 21 81 36 55 52 4 75 48 21 29 57 28 
#44 24 13 50 81 36 55 52 35 35 48 63 29 7 56 
#49 20 41 11 81 13 61 7 35 28 20 63 29 57 43 
#52 20 41 9 81 32 36 49 4 75 48 63 12 57 66 
#11 9 13 54 81 36 61 52 24 75 48 63 45 47 66 
#49 24 32 21 81 13 61 52 4 34 61 63 45 57 66 
#52 24 3 11 81 32 55 52 8 34 48 63 21 57 28 
#Base: 940
#Max: 737
#784043
