#[0] 3, 3
#[1] 4, 3
#[2] 3, 4
#[3] 3, 2
#[4] 2, 3
#[5] 2, 4
#[6] 1, 3
#[7] 2, 2
#[8] 3, 1
#[9] 4, 4
#[10] 5, 3
#[11] 3, 5
#[12] 4, 2
#[13] 3, 0
#[14] 5, 4
#[15] 4, 5
#[16] 5, 2
#[17] 4, 1
#[18] 0, 3
#[19] 1, 4
#[20] 2, 1
#[21] 1, 2
#[22] 2, 5
#[23] 0, 4
#[24] 5, 1
#[25] 0, 2
#[26] 5, 5
#[27] 1, 5
#[28] 2, 0
#[29] 1, 1
#[30] 4, 0
#[31] 0, 5
#[32] 1, 0
#[33] 0, 1
#[34] 5, 0
#[35] 0, 0
#Turn 0
39 48 5 43 34 11 
27 40 31 33 54 50 
47 8 1 2 30 14 
32 0 19 35 18 7 
13 56 45 53 49 38 
26 25 42 52 55 46 
#Base: 914
#Max: 351
#384026
#Turn 1
#26 26 17 17 14 30 25 30 42 20 10 30 10 17 20 
#14 5 0 17 16 41 25 43 42 13 23 36 32 20 6 
#39 7 12 43 16 20 4 31 31 50 12 36 7 7 36 
#39 30 12 35 27 20 23 31 31 50 12 1 7 7 0 
#17 30 21 21 5 7 23 14 47 38 18 34 38 26 0 
#51 21 11 46 26 25 8 16 31 17 18 7 49 0 9 
#37 1 1 46 22 35 8 28 3 3 28 7 33 4 20 
#53 3 3 9 22 12 31 28 3 15 6 10 33 42 20 
#0 3 48 8 19 23 37 19 36 7 11 10 31 13 45 
#0 31 48 8 16 51 1 6 31 7 39 3 15 7 45 
#17 12 26 7 27 23 44 18 0 52 14 4 21 16 8 
#12 16 40 22 4 4 14 16 10 2 14 4 13 31 36 
#48 41 1 22 10 8 14 22 10 2 11 11 4 6 25 
#51 3 49 20 10 6 64 2 1 10 11 3 4 6 25 
#12 3 11 20 2 6 66 30 1 8 25 12 36 18 13 
#6 9 17 12 32 1 48 20 19 18 21 17 33 2 5 
#20 9 0 12 3 1 24 68 14 1 61 16 33 50 8 
#20 11 17 3 38 18 24 68 3 1 4 6 21 15 1 
#74 11 72 7 38 18 12 5 3 42 38 6 3 5 1 
#14 4 72 7 8 17 29 31 19 27 43 11 8 5 10 
#47 8 6 33 21 44 23 28 31 9 6 11 1 12 12 
#16 22 6 33 1 38 21 10 16 9 6 55 5 5 46 
#4 22 59 5 11 1 21 10 6 30 4 8 26 5 43 
#4 11 39 5 11 5 3 1 10 30 8 14 26 58 18 
#17 15 51 34 11 5 12 2 10 2 10 7 2 58 26 
#16 7 14 12 3 39 8 36 4 9 3 5 49 27 5 
#16 28 14 12 3 39 32 18 34 9 32 17 12 27 5 
#16 20 20 9 7 61 43 46 13 35 41 14 12 8 19 
#15 20 20 9 60 61 18 46 33 1 8 11 40 8 19 
#15 14 11 9 21 13 23 13 33 3 8 50 40 2 14 
#51 21 16 8 26 3 23 30 38 17 18 30 10 17 9 
#17 12 11 46 14 35 8 8 42 35 10 7 32 4 20 
#14 5 37 56 22 41 31 43 17 13 6 36 9 20 20 
#39 3 3 35 64 20 4 19 2 15 10 10 9 13 36 
#10 30 48 1 19 47 37 6 36 7 18 15 31 26 0 
#21 21 5 3 4 7 8 20 47 22 28 3 15 18 18 
#51 8 16 7 26 23 34 16 38 17 8 21 21 0 9 
#37 12 11 46 25 35 44 8 0 32 14 7 1 31 36 
#9 1 1 22 4 12 31 28 10 34 66 0 33 32 20 
#53 41 1 7 10 8 18 22 1 10 11 10 9 6 27 
#12 3 48 8 2 6 37 2 36 7 25 15 36 17 45 
#34 31 11 3 0 51 1 46 14 30 39 3 15 7 18 
#9 9 17 2 21 55 2 27 49 18 8 7 21 16 16 
#6 17 40 3 20 44 44 18 0 15 61 17 33 23 5 
#48 9 17 22 3 7 24 16 10 1 26 11 2 50 8 
#51 41 8 3 10 18 12 5 1 42 11 8 4 15 25 
#12 3 72 7 8 6 29 29 1 9 25 3 36 6 25 
#1 48 8 39 0 17 2 30 19 30 43 7 32 39 13 
#50 9 38 12 21 55 3 5 31 18 11 56 29 2 16 
#6 17 0 12 32 38 23 20 16 19 6 17 1 12 7 
#20 9 59 32 40 7 24 10 14 1 26 8 5 5 8 
#4 11 8 5 38 18 12 1 73 42 4 14 21 11 1 
#14 15 39 7 50 5 29 29 5 9 38 14 18 5 18 
#17 48 8 38 16 17 2 31 19 27 43 7 8 14 10 
#16 38 33 12 21 44 3 5 4 24 3 5 51 24 28 
#47 8 6 12 3 38 32 12 16 9 6 17 1 12 7 
#16 28 59 48 40 1 21 10 6 9 19 8 5 5 44 
#18 20 24 5 11 61 3 1 73 16 4 14 13 11 43 
#15 14 39 9 50 44 18 13 10 1 8 14 18 4 18 
#17 1 51 18 21 14 23 2 0 52 10 7 32 2 14 
7 59 54 33 24 4 
22 8 41 43 37 40 
3 34 19 48 27 17 
9 13 28 18 57 32 
1 47 46 16 51 2 
50 21 5 56 38 14 
#Base: 914
#Max: 370
#404814
#Turn 2
#17 1 3 9 21 14 23 2 0 52 10 10 33 42 20 
#17 1 33 12 21 44 23 2 4 52 10 7 51 2 14 
#16 38 33 12 64 44 3 5 2 15 3 5 51 24 28 
#17 15 51 34 64 5 4 2 2 2 10 7 9 58 26 
#17 30 21 21 5 7 12 2 47 2 10 7 2 26 26 
#0 22 59 8 19 1 21 19 36 30 11 8 26 5 45 
#0 3 11 8 0 51 37 46 36 7 11 3 15 13 45 
#6 17 11 3 20 51 1 18 0 15 39 3 15 7 5 
#37 12 40 46 20 35 44 8 0 32 14 7 1 31 5 
#37 12 48 8 2 35 37 8 0 32 14 15 1 17 45 
#39 30 48 1 19 20 23 6 36 7 18 1 31 7 0 
#10 4 72 7 19 17 37 31 19 7 43 11 8 5 10 
#50 9 38 7 21 55 3 31 19 18 11 11 8 5 16 
#50 9 20 9 21 55 43 5 13 18 11 14 12 2 19 
#16 20 20 3 38 18 24 68 3 35 41 14 12 15 1 
#0 31 49 8 16 6 64 2 1 10 39 3 15 7 25 
#51 20 49 9 10 61 64 2 33 1 11 11 40 6 25 
#74 20 20 9 60 18 18 5 33 1 38 11 3 8 19 
#74 20 24 5 38 18 12 5 3 42 4 14 13 11 1 
#18 5 24 56 22 61 3 1 73 13 4 14 13 20 43 
#1 5 0 17 0 17 2 43 42 30 23 36 32 20 6 
#1 3 72 39 8 17 2 30 1 30 25 3 32 39 13 
#12 3 0 12 3 1 24 29 1 1 25 3 33 6 8 
#20 9 8 12 38 18 24 68 14 42 61 14 21 11 1 
#39 7 12 5 16 20 12 1 31 50 4 14 7 7 36 
#20 22 6 33 40 38 24 10 16 9 26 8 5 5 8 
#16 22 6 46 1 38 21 10 31 9 6 7 5 0 9 
#51 28 11 46 26 25 8 10 31 9 19 7 5 5 9 
#9 1 59 22 4 12 21 28 6 9 66 8 33 5 44 
#12 3 1 20 4 6 66 30 10 34 66 0 33 18 20 
#4 3 59 5 22 1 31 10 6 30 6 10 26 5 20 
#0 3 48 18 21 23 37 2 0 52 11 10 32 13 45 
#34 31 11 3 0 44 3 5 4 30 39 5 51 24 28 
#6 17 40 3 64 20 4 18 2 15 10 10 9 23 5 
#37 12 51 34 11 5 12 8 0 32 10 7 2 31 26 
#17 30 48 21 2 7 37 14 36 7 25 15 36 17 0 
#4 30 12 5 27 20 23 10 6 50 4 1 26 7 0 
#0 30 48 8 19 47 37 19 36 7 18 10 31 26 0 
#34 31 11 3 8 51 1 46 19 30 39 11 8 5 18 
#6 9 40 12 20 55 3 18 31 15 61 56 29 2 16 
#16 20 11 9 25 61 44 8 13 35 14 7 12 31 36 
#12 11 17 3 2 6 24 68 36 7 4 15 21 17 1 
#39 31 48 8 16 51 1 6 31 50 39 3 15 7 45 
#51 3 48 20 19 6 64 2 36 10 18 3 4 26 25 
#14 20 20 9 60 17 18 46 33 27 8 11 40 8 10 
#50 9 72 7 21 18 3 5 3 18 11 56 29 5 16 
#16 20 24 5 7 61 3 46 73 35 41 14 12 8 43 
#14 11 37 3 38 18 31 68 3 1 6 6 21 20 1 
#14 31 0 8 16 41 25 43 42 7 39 36 15 7 45 
#1 48 49 20 0 6 2 2 19 30 11 7 4 6 25 
#15 20 72 9 60 6 29 29 1 9 25 11 40 8 19 
#74 9 72 12 38 1 24 5 3 42 61 6 33 50 1 
#4 20 24 5 38 18 3 1 73 16 4 14 21 11 1 
#39 5 12 43 16 20 4 31 17 13 6 36 7 7 36 
#14 5 59 32 40 41 25 10 42 13 26 8 32 5 6 
#16 48 8 39 0 17 2 30 19 9 6 7 5 39 13 
#51 21 72 46 8 25 8 29 1 9 18 3 49 6 9 
#16 28 59 48 3 1 21 10 6 9 19 8 33 5 44 
#9 1 1 5 38 18 12 1 10 34 66 0 21 32 20 
#12 3 12 43 2 20 4 31 31 50 12 12 7 7 13 
38 5 31 48 40 6 
52 37 11 50 14 8 
47 18 17 56 39 57 
3 23 16 51 19 29 
32 54 28 46 42 43 
1 44 21 45 2 15 
#Base: 914
#Max: 431
#471554
#Turn 3
#34 31 11 8 8 51 21 46 19 30 11 8 8 5 45 
#0 22 48 18 19 1 21 19 36 52 11 10 26 13 45 
#0 3 0 18 21 41 37 2 0 7 39 36 32 7 45 
#16 31 11 9 16 41 44 8 13 7 39 7 15 7 45 
#16 3 11 9 25 51 37 8 13 7 11 7 12 13 45 
#0 30 48 8 38 47 37 19 73 16 18 14 21 26 1 
#10 4 72 7 19 47 37 31 36 7 43 11 31 5 0 
#10 20 72 7 19 17 29 29 19 9 43 11 40 5 19 
#16 20 72 9 38 6 24 29 1 35 25 11 12 15 19 
#16 12 40 46 20 35 24 68 3 35 41 14 1 15 5 
#14 20 37 3 38 18 31 5 3 1 6 14 13 11 1 
#74 20 20 9 38 18 12 5 33 42 4 11 13 11 1 
#74 20 72 46 8 18 8 29 33 9 38 11 3 8 19 
#6 21 40 46 20 55 8 29 31 15 61 3 49 2 16 
#6 28 40 12 3 1 21 18 6 15 19 56 29 2 44 
#20 9 8 12 64 18 4 68 14 42 10 7 21 11 26 
#51 20 8 9 38 61 64 68 14 42 61 14 40 6 25 
#74 9 72 9 38 1 64 2 3 42 61 6 40 50 1 
#18 5 72 56 38 1 3 1 73 13 61 14 13 20 43 
#12 3 1 56 22 61 66 30 10 13 66 14 33 18 20 
#34 5 59 32 40 44 3 10 42 13 26 8 32 5 6 
#9 1 59 22 4 41 25 10 6 9 26 8 33 5 44 
#16 20 24 22 7 12 21 28 73 35 41 14 12 8 44 
#39 31 24 8 7 51 1 6 73 50 41 3 15 8 43 
#51 3 48 20 19 6 64 6 36 10 18 3 15 7 45 
#14 20 20 12 21 17 23 46 4 27 10 11 40 2 14 
#14 3 20 39 60 17 2 30 1 30 25 3 32 39 10 
#1 3 72 39 8 17 3 5 3 30 11 56 29 5 13 
#16 9 33 7 21 18 3 5 3 18 11 56 51 24 16 
#0 31 33 12 64 6 3 5 2 15 39 5 51 24 25 
#34 20 24 3 8 51 3 1 19 16 39 11 8 5 18 
#0 30 48 8 19 1 21 19 36 7 11 10 26 5 0 
#10 3 48 18 19 17 37 31 0 7 43 10 8 5 45 
#15 20 72 8 16 6 29 29 42 9 25 36 15 8 19 
#16 20 11 9 38 61 44 8 13 35 41 7 12 15 36 
#0 3 11 46 0 51 44 8 36 32 14 3 15 13 45 
#14 11 24 5 38 18 3 68 73 16 4 14 21 20 1 
#74 30 48 5 38 47 37 5 3 7 18 10 31 11 0 
#74 4 20 9 60 17 37 31 19 1 43 11 3 8 10 
#15 21 72 9 60 6 29 29 1 9 18 3 40 8 9 
#6 20 40 12 20 18 3 68 31 15 61 56 29 2 16 
#37 28 59 48 20 1 21 10 6 32 14 8 33 31 5 
#17 15 37 3 64 18 31 68 3 1 6 6 21 58 1 
#74 9 24 12 38 18 24 68 14 42 61 14 21 11 1 
#51 20 49 9 10 18 64 5 33 1 38 11 40 8 25 
#51 9 72 12 38 25 8 29 1 42 61 3 49 50 9 
#18 9 40 56 22 55 3 1 73 13 61 14 29 20 43 
#16 28 1 20 4 6 21 10 10 34 19 0 33 5 44 
#34 31 51 34 0 5 4 2 4 2 10 5 9 24 28 
#20 5 8 32 40 41 25 68 42 42 26 14 32 5 6 
#51 1 49 9 4 61 21 28 6 1 11 8 40 5 25 
#16 20 24 12 7 1 3 5 3 42 41 14 33 50 43 
#18 31 24 56 16 51 3 6 73 13 39 3 15 20 45 
#12 3 1 20 19 6 64 2 10 10 18 3 4 18 20 
#17 1 33 12 21 44 3 2 4 30 39 7 51 24 14 
#14 5 59 32 60 41 25 46 33 13 8 11 32 5 6 
#9 3 72 39 4 12 21 30 6 30 25 8 33 39 44 
#50 20 72 7 7 18 3 5 3 35 11 56 12 8 16 
#16 31 48 8 64 51 1 6 31 50 3 5 15 7 45 
#0 31 49 8 19 6 64 2 1 10 39 3 4 26 25 
41 7 24 38 9 50 
34 20 36 19 44 22 
15 6 12 46 43 56 
13 52 45 17 18 42 
27 55 58 16 23 37 
33 57 49 40 5 39 
#Base: 914
#Max: 521
#570022
#Turn 4
#37 28 72 48 19 17 21 10 19 9 43 11 33 5 19 
#51 20 72 20 19 17 64 29 19 9 18 11 40 5 19 
#74 4 20 9 60 17 64 31 19 10 43 3 3 7 45 
#16 4 20 9 20 17 24 31 3 35 43 11 3 15 10 
#16 12 49 9 20 35 24 28 3 1 11 14 40 5 5 
#34 20 11 9 40 61 44 10 42 35 26 8 32 5 6 
#34 11 24 5 38 18 3 68 73 13 4 14 21 20 6 
#14 11 1 56 22 61 66 30 10 16 66 14 21 20 1 
#51 3 49 56 22 18 64 5 10 1 38 14 33 8 25 
#16 20 24 22 7 12 64 28 33 35 41 11 40 8 25 
#20 9 72 7 64 47 4 68 14 42 43 11 21 11 26 
#10 4 72 46 19 47 8 29 33 7 38 11 3 8 0 
#18 9 40 56 8 55 3 1 73 9 61 14 29 20 43 
#18 9 24 12 38 55 24 1 73 42 61 14 21 11 1 
#9 9 24 12 38 12 21 68 6 30 25 14 21 39 44 
#6 21 24 56 16 51 8 6 31 15 39 3 49 20 45 
#18 9 72 56 16 25 8 6 73 42 61 3 15 20 45 
#51 9 72 12 38 25 64 29 3 42 61 3 40 50 1 
#74 5 72 56 38 1 3 2 73 13 61 14 13 50 1 
#17 15 37 56 64 1 31 68 3 13 6 6 21 20 1 
#1 3 59 32 8 41 3 5 3 13 8 11 32 5 13 
#16 31 59 8 64 41 1 6 33 50 8 11 32 5 45 
#51 31 48 9 64 51 64 68 14 50 3 5 40 6 25 
#39 31 8 8 7 61 1 6 14 42 41 3 15 6 43 
#39 30 48 5 38 51 1 5 3 50 18 3 31 11 43 
#50 20 72 7 7 18 3 5 3 35 25 56 15 8 19 
#20 5 8 7 7 41 25 5 3 42 26 14 32 5 16 
#20 5 8 12 20 41 3 68 31 42 61 56 32 2 6 
#6 20 48 12 38 18 3 19 31 15 61 14 21 26 1 
#15 30 48 8 60 6 29 29 1 16 18 3 40 8 9 
#37 28 59 9 38 1 44 10 13 32 14 8 12 31 36 
#34 20 59 32 19 17 29 29 19 9 26 11 40 5 19 
#51 11 48 5 38 6 3 68 73 16 4 3 15 20 1 
#12 3 20 56 60 17 66 30 10 13 66 11 3 18 10 
#51 12 40 46 10 18 24 68 33 35 41 14 40 8 5 
#51 20 24 22 7 61 21 28 6 35 11 14 12 8 44 
#20 20 8 12 38 61 44 68 14 35 41 7 21 15 36 
#10 5 72 7 40 47 3 31 36 7 43 11 32 5 0 
#14 20 24 46 8 18 8 68 33 9 4 11 21 8 1 
#18 9 1 56 22 61 3 30 10 13 66 14 33 20 43 
#51 9 49 9 38 18 24 68 33 42 38 11 21 11 1 
#9 3 72 39 4 12 21 28 73 30 25 8 12 39 44 
#20 9 8 12 20 18 8 68 14 15 10 7 21 2 16 
#18 4 24 7 16 47 37 6 73 7 43 3 31 20 0 
#51 9 72 46 8 25 8 29 33 42 61 3 3 8 9 
#18 9 40 56 22 1 64 2 73 42 61 6 40 50 43 
#18 9 72 56 38 18 24 68 14 42 61 14 13 11 43 
#17 15 72 39 64 18 31 30 3 30 6 8 21 39 44 
#1 21 72 46 20 55 8 29 3 15 61 3 29 2 16 
#18 31 24 56 16 51 3 46 33 13 8 11 32 5 6 
#16 9 48 12 38 51 8 6 1 50 61 5 49 7 45 
#51 20 8 9 38 61 64 2 3 42 61 6 40 50 1 
#39 5 72 56 38 1 3 6 73 50 61 3 15 8 43 
#17 15 37 5 38 18 31 5 3 1 18 6 21 58 0 
#15 20 72 39 8 17 29 5 42 30 11 36 15 8 13 
#14 20 59 32 60 18 25 46 3 13 8 56 12 5 6 
#16 31 48 8 40 51 25 6 31 42 26 5 15 5 6 
#51 20 40 9 38 18 3 68 14 42 61 14 40 6 16 
#39 30 48 8 7 51 37 19 73 16 18 3 15 26 43 
#15 21 72 9 60 6 29 29 3 7 18 10 31 11 9 
24 0 48 34 21 55 
6 8 13 16 36 1 
39 58 51 17 46 50 
7 10 52 18 22 57 
19 27 41 45 12 44 
15 32 33 2 47 40 
#Base: 914
#Max: 529
#578775
#Turn 5
#37 28 48 5 38 17 1 10 19 50 18 3 33 5 19 
#37 28 72 48 19 55 21 29 3 9 61 3 33 5 16 
#1 21 72 46 10 18 8 29 3 15 61 3 29 2 5 
#16 31 59 8 64 18 24 68 33 50 8 14 40 8 5 
#14 31 59 8 60 41 1 6 33 50 8 11 32 5 6 
#51 3 49 5 22 18 3 5 10 13 38 14 21 20 25 
#18 3 24 56 22 18 64 1 10 1 61 14 33 11 1 
#18 9 24 56 16 55 24 6 73 42 61 3 21 11 1 
#18 20 72 56 38 25 8 6 14 35 61 3 21 15 45 
#20 20 8 20 19 61 44 29 19 9 41 11 40 5 19 
#39 9 48 8 22 51 37 19 73 13 66 3 33 20 43 
#39 20 8 8 7 51 64 2 3 16 61 3 15 26 1 
#51 9 8 12 38 25 64 29 3 42 61 3 40 50 1 
#18 9 72 56 38 18 64 29 3 42 61 3 40 11 43 
#16 9 48 56 38 18 8 6 14 42 61 14 49 7 43 
#14 9 72 56 64 61 66 68 10 42 43 11 21 20 1 
#20 5 72 56 64 1 3 6 73 42 61 3 15 11 26 
#39 5 72 56 38 1 3 6 73 50 61 14 15 50 1 
#51 31 48 9 38 1 3 2 73 13 61 14 13 6 25 
#51 20 48 9 64 18 3 68 14 50 3 14 40 6 25 
#20 5 8 12 20 1 3 68 31 42 6 6 32 2 1 
#20 3 8 39 20 12 3 68 73 30 61 56 32 39 6 
#18 9 72 56 4 1 21 2 73 42 25 6 40 39 43 
#18 9 40 56 8 1 3 1 73 42 61 14 40 50 43 
#18 9 40 46 8 25 3 29 33 42 61 3 29 8 9 
#51 21 48 5 16 6 8 6 31 16 4 3 49 20 1 
#12 11 48 56 60 17 3 68 73 16 66 11 15 18 10 
#74 3 20 9 60 17 66 30 10 13 66 11 3 18 45 
#74 15 72 39 60 17 31 31 3 10 6 3 3 7 44 
#51 15 72 39 38 18 31 68 3 42 6 11 21 39 44 
#39 30 48 5 38 18 1 68 73 50 4 3 31 20 6 
#51 3 49 56 19 18 64 10 10 9 43 14 33 5 19 
#1 21 24 12 38 55 24 29 73 15 61 3 29 11 16 
#51 12 72 56 16 25 8 68 73 42 41 14 40 20 45 
#16 31 59 8 64 61 44 6 33 35 8 7 21 5 45 
#14 20 72 20 19 17 25 29 19 13 8 11 40 5 6 
#18 11 1 56 22 61 3 30 10 13 4 14 21 20 43 
#51 30 49 8 7 51 37 5 73 1 38 14 15 8 43 
#51 20 24 9 38 55 64 2 3 42 61 6 21 11 1 
#51 9 72 12 16 25 64 6 3 42 61 3 15 20 1 
#18 9 8 12 38 18 44 68 14 35 61 14 21 11 36 
#51 20 48 20 38 51 64 6 1 9 18 5 49 7 19 
#14 11 1 56 22 61 66 30 10 16 66 14 21 20 43 
#39 9 48 7 64 47 4 19 14 42 18 11 15 26 43 
#51 5 72 56 38 1 64 6 73 50 61 3 40 50 1 
#74 5 72 12 38 1 3 29 73 42 61 3 40 50 1 
#18 9 48 9 64 51 24 68 14 50 3 14 40 6 43 
#16 9 48 12 38 18 3 68 14 42 61 14 40 7 16 
#17 15 37 56 64 61 31 30 3 16 66 14 21 20 1 
#20 5 72 7 64 47 4 68 31 42 43 11 21 11 6 
#9 3 72 39 4 12 21 28 73 30 61 3 15 39 43 
#18 9 72 56 22 1 3 2 73 42 61 6 13 50 43 
#51 9 48 9 64 51 3 1 73 9 3 14 29 20 25 
#51 20 72 46 8 18 3 29 14 42 61 3 3 6 9 
#6 21 37 56 16 1 31 6 31 15 6 3 49 20 1 
#51 11 8 12 20 41 3 68 73 42 4 3 15 2 6 
#12 3 72 56 4 12 66 30 10 13 25 11 3 39 10 
#74 9 40 56 60 17 64 31 73 42 61 3 3 7 45 
#18 9 72 39 8 55 3 1 73 30 61 14 29 20 44 
#51 9 72 9 8 18 8 29 33 42 38 3 3 11 9 
14 39 12 50 3 8 
52 7 48 13 46 19 
1 42 26 45 17 30 
10 51 33 57 15 29 
37 49 21 44 16 27 
38 28 22 58 23 34 
#Base: 914
#Max: 585
#640044
#Turn 6
#51 9 48 56 16 18 64 6 14 42 61 14 49 7 1 
#51 9 72 12 16 25 64 6 3 42 61 3 40 50 1 
#51 3 72 39 38 12 64 29 3 42 61 3 15 39 1 
#16 3 72 39 4 12 24 28 33 50 61 3 15 39 5 
#18 20 72 8 38 25 24 68 14 50 8 14 21 8 45 
#51 9 24 56 16 51 3 1 73 9 61 3 29 11 25 
#18 9 24 56 64 61 31 6 3 16 66 14 21 11 1 
#17 15 72 56 38 61 64 29 3 42 61 3 21 20 1 
#18 9 48 9 38 18 24 68 14 42 61 14 40 6 43 
#18 9 48 9 64 51 3 68 14 50 3 14 40 6 43 
#37 11 1 48 22 61 21 29 10 9 61 14 21 5 16 
#12 11 1 56 22 61 3 68 73 16 66 11 15 18 10 
#74 11 48 56 38 1 3 29 73 42 61 11 40 50 10 
#39 5 72 56 38 1 3 6 73 42 61 3 40 50 1 
#39 30 72 56 38 1 1 68 73 50 61 3 31 50 1 
#18 9 48 56 22 1 37 19 73 13 61 3 13 20 43 
#18 12 72 56 16 25 3 2 73 42 41 6 13 50 43 
#51 9 72 56 60 17 64 31 73 42 41 3 40 20 45 
#14 9 40 56 60 17 64 31 73 42 43 3 3 7 45 
#14 15 72 56 38 61 66 68 10 42 6 11 21 20 1 
#51 5 72 8 64 51 4 5 31 1 43 14 15 11 43 
#20 3 8 7 20 47 4 68 73 42 61 56 21 11 6 
#20 3 8 39 38 12 3 68 73 50 61 3 32 50 6 
#20 5 72 56 38 1 3 6 73 50 61 3 15 11 1 
#74 3 20 56 60 1 3 6 73 13 61 11 3 18 26 
#51 15 24 39 38 17 31 2 3 42 6 6 21 7 44 
#74 15 72 39 60 1 31 2 3 42 6 6 3 7 44 
#18 9 72 56 4 55 3 1 73 42 61 6 29 20 44 
#18 9 40 56 8 1 3 1 73 42 61 14 29 50 44 
#16 9 40 8 8 1 3 1 33 35 8 14 40 50 45 
#16 9 48 56 38 18 8 6 14 9 3 14 49 20 43 
#18 9 24 56 16 55 64 6 3 42 61 3 15 11 1 
#17 9 37 12 64 25 64 30 3 16 61 3 40 20 1 
#18 3 72 39 38 12 21 28 3 42 61 3 40 11 43 
#16 31 48 9 64 18 24 68 33 50 3 14 40 8 43 
#18 20 48 56 64 25 8 68 14 35 3 3 40 15 45 
#37 28 48 48 19 55 21 29 3 9 61 14 33 20 16 
#14 9 1 56 16 55 66 30 10 42 61 14 21 20 1 
#12 11 37 56 64 61 31 68 3 16 66 11 15 18 1 
#74 9 72 56 38 18 64 29 3 42 61 3 40 11 1 
#39 5 72 56 64 1 3 6 73 50 3 14 15 6 1 
#39 20 48 9 64 18 3 68 73 50 3 14 31 6 6 
#39 9 48 8 19 55 21 19 73 13 66 3 33 5 16 
#18 11 72 56 22 61 3 2 10 42 66 14 21 50 43 
#51 12 72 56 60 17 3 68 73 16 41 11 40 18 45 
#74 5 72 56 38 17 3 31 73 42 61 3 40 7 1 
#14 5 72 56 64 1 3 68 73 42 61 14 21 50 1 
#51 15 48 5 38 18 31 68 73 50 6 3 21 20 44 
#39 9 49 8 22 51 37 5 73 13 38 14 33 20 43 
#18 9 72 56 64 1 3 2 31 42 43 6 21 11 6 
#20 12 72 56 20 12 3 68 73 30 41 56 40 20 6 
#74 5 40 56 38 17 64 6 73 50 61 3 3 50 45 
#20 9 72 56 64 1 66 68 73 42 43 11 21 20 26 
#51 3 20 39 60 18 66 30 3 13 66 11 21 39 44 
#51 30 49 9 7 55 37 5 3 42 61 14 15 8 43 
#20 15 72 39 64 17 31 31 3 42 6 11 21 7 6 
#20 9 8 39 20 1 3 2 73 30 25 56 40 39 6 
#51 9 72 39 8 55 64 1 73 30 61 3 40 20 44 
#18 9 40 56 8 1 3 1 73 42 61 14 40 11 26 
#16 31 59 8 60 17 44 6 10 35 8 7 21 5 45 
48 40 11 2 1 35 
23 0 16 46 38 24 
28 22 12 44 57 53 
7 45 14 17 51 13 
34 47 19 52 39 18 
9 41 43 50 27 21 
#Base: 914
#Max: 624
#682713
#Turn 7
#39 9 72 56 64 51 37 6 73 13 38 14 15 20 43 
#12 11 72 56 22 1 3 68 73 16 66 11 15 18 1 
#51 3 1 39 38 61 3 68 3 16 61 11 15 18 10 
#51 9 72 12 16 25 64 29 3 42 61 3 40 50 1 
#18 20 48 12 64 25 8 6 14 42 61 3 40 50 45 
#51 9 72 56 16 1 64 6 14 42 61 3 15 11 1 
#51 12 72 56 16 25 3 6 73 42 61 6 13 50 43 
#18 5 72 56 16 1 3 2 73 42 61 14 21 50 1 
#14 5 72 56 64 1 3 68 73 42 66 11 21 18 1 
#74 11 37 56 64 1 3 6 3 16 61 11 3 18 26 
#18 9 8 56 8 1 3 68 73 42 61 3 32 50 44 
#20 11 48 39 38 1 3 68 73 42 61 11 32 50 6 
#74 12 72 56 60 1 3 29 73 16 41 11 40 18 45 
#51 12 72 56 60 55 3 1 73 16 41 11 40 18 45 
#51 3 72 39 8 18 66 30 73 30 61 11 21 20 44 
#17 5 72 56 38 17 64 29 3 42 61 3 21 7 1 
#74 5 72 56 38 17 1 68 73 42 61 3 31 7 1 
#39 9 72 56 60 1 1 68 73 50 41 3 40 20 1 
#74 5 40 56 38 17 64 6 73 42 41 3 40 50 45 
#74 5 72 56 38 1 64 6 73 50 61 3 40 50 45 
#16 31 48 5 64 18 31 68 73 50 6 14 40 8 44 
#14 15 72 5 38 61 66 68 73 50 6 3 21 20 44 
#20 15 72 56 64 1 66 68 73 42 6 11 21 20 1 
#20 9 72 56 64 18 64 29 73 42 61 3 40 11 1 
#14 9 40 56 60 17 64 29 3 42 61 3 3 11 45 
#18 9 48 9 64 51 3 68 14 50 3 14 40 6 43 
#18 11 72 9 22 61 3 2 10 50 3 14 31 6 43 
#20 11 72 56 20 12 3 68 73 30 41 14 40 50 43 
#18 9 72 56 20 12 3 68 73 30 61 56 29 20 6 
#20 9 72 56 4 47 4 68 73 42 61 56 21 20 44 
#20 5 49 56 38 51 3 6 73 13 61 14 33 11 1 
#51 5 48 56 64 1 3 6 73 42 3 14 15 7 1 
#12 12 1 56 22 61 3 68 73 16 66 6 13 18 10 
#14 5 72 56 64 12 64 29 3 42 61 14 15 50 1 
#12 11 37 56 64 61 31 6 3 16 66 11 40 18 1 
#18 20 20 56 64 25 3 6 14 13 3 11 3 15 26 
#20 9 40 56 38 1 3 1 73 50 61 3 15 50 1 
#51 3 8 56 38 18 3 6 14 50 61 3 32 50 1 
#74 11 48 56 38 1 3 29 73 42 41 6 40 50 43 
#14 5 72 56 64 17 3 68 73 42 61 11 21 18 45 
#51 9 72 39 64 61 64 1 73 30 66 3 15 20 1 
#74 3 20 39 60 18 66 6 3 13 61 11 21 18 26 
#18 9 72 56 8 61 3 1 3 42 61 3 21 50 44 
#74 3 72 39 38 12 3 31 73 50 61 3 32 7 6 
#39 30 48 56 38 1 1 29 73 50 61 11 31 50 10 
#51 12 72 56 60 17 3 31 73 16 41 11 40 18 45 
#74 5 40 56 8 55 64 6 73 50 61 3 3 50 44 
#51 3 20 39 60 18 3 30 73 13 66 3 40 50 1 
#16 15 48 9 64 18 64 68 33 50 61 3 40 8 43 
#74 5 48 5 38 17 31 31 73 42 6 3 40 20 44 
#14 15 72 56 38 1 1 68 10 50 6 11 21 50 1 
#20 9 72 56 60 1 66 31 73 42 43 11 21 20 26 
#74 5 72 56 38 18 64 29 73 50 61 3 3 11 1 
#14 9 40 56 60 17 64 6 73 42 61 3 3 7 45 
#18 31 48 9 64 18 24 68 33 50 3 14 40 8 43 
#39 20 48 9 64 18 31 68 73 50 3 3 31 6 44 
#18 11 72 56 22 61 66 2 10 42 6 11 21 50 43 
#20 9 72 56 20 1 66 68 73 42 41 11 21 20 6 
#74 9 72 56 4 55 64 1 3 42 61 6 29 20 1 
#20 3 40 56 20 17 4 31 73 42 43 3 21 11 45 
3 56 44 14 8 53 
11 33 28 52 45 20 
58 48 23 40 39 6 
27 16 18 19 29 12 
55 0 38 46 21 17 
10 57 22 13 51 43 
#Base: 914
#Max: 638
#698031
#Turn 8
#18 9 72 12 22 61 66 29 10 42 61 11 40 50 43 
#39 11 48 56 22 1 66 29 10 50 61 11 21 50 43 
#39 3 48 56 38 1 1 30 73 50 61 11 31 50 10 
#14 5 72 39 8 18 3 68 73 30 66 11 21 18 44 
#14 5 72 56 64 17 64 68 73 42 61 3 3 7 1 
#20 11 48 56 64 12 64 29 3 42 61 11 15 50 6 
#14 9 72 56 20 12 64 68 73 30 61 14 29 20 1 
#18 5 72 56 20 18 3 68 73 50 61 56 29 11 6 
#51 5 72 56 60 17 3 31 73 16 61 11 3 11 1 
#16 31 72 5 64 18 31 31 73 16 6 14 40 18 44 
#16 15 48 9 4 55 64 1 3 42 61 3 29 8 43 
#20 9 72 56 64 18 64 29 73 42 61 3 40 8 1 
#20 9 72 39 64 61 64 1 73 30 61 3 15 20 1 
#14 5 72 39 64 17 3 1 73 42 61 11 15 18 1 
#14 12 72 56 16 25 3 6 73 42 61 11 13 18 45 
#20 11 72 56 20 17 3 68 73 30 61 3 31 50 43 
#74 5 72 56 38 17 64 6 73 42 41 3 40 50 45 
#74 5 72 56 38 1 64 6 73 50 41 3 40 50 45 
#20 5 72 56 4 1 4 68 73 50 61 3 21 50 44 
#74 9 72 56 4 47 3 29 73 42 61 56 21 20 44 
#39 20 72 56 64 18 37 6 73 50 38 14 15 6 44 
#39 9 48 56 64 51 37 6 73 13 38 6 15 50 43 
#74 5 40 56 8 55 3 29 73 42 61 3 40 50 44 
#14 15 72 56 38 61 64 68 73 50 61 3 21 50 44 
#14 9 72 56 38 1 1 68 73 50 41 3 40 20 44 
#20 9 8 56 20 1 3 68 73 42 41 3 21 20 44 
#20 9 72 56 64 1 66 68 73 42 41 11 21 20 1 
#20 15 72 56 64 1 3 1 73 42 6 11 21 20 45 
#51 9 72 56 60 1 66 31 73 16 43 11 40 20 26 
#74 3 72 56 60 1 66 31 73 42 61 11 32 20 26 
#20 9 72 39 16 25 64 68 3 42 61 11 32 50 6 
#14 11 72 56 64 61 66 29 10 42 6 14 15 50 43 
#39 30 72 56 38 1 1 29 73 50 61 56 31 50 10 
#74 3 72 39 8 18 66 29 73 30 61 11 21 20 1 
#51 12 72 56 64 17 3 31 73 42 41 11 40 18 45 
#16 31 48 56 60 18 31 6 73 42 61 3 3 8 45 
#74 11 48 39 38 1 3 1 73 42 61 11 29 20 1 
#16 15 72 9 64 18 64 68 33 50 61 14 40 8 1 
#20 9 72 56 20 18 3 29 73 42 61 56 29 20 6 
#74 9 72 39 38 61 64 1 73 50 61 3 15 11 1 
#14 12 72 56 60 17 3 31 73 42 61 11 40 18 45 
#51 31 48 5 64 25 31 6 73 50 61 6 13 8 44 
#20 9 72 56 4 12 64 1 3 30 61 14 29 50 43 
#74 15 72 56 38 18 64 68 73 42 61 3 31 7 43 
#20 5 72 56 38 17 64 6 73 42 41 3 40 11 1 
#51 5 72 56 38 61 64 6 73 50 66 3 15 50 1 
#20 9 72 56 64 47 4 68 73 42 61 11 21 18 44 
#74 12 72 56 16 25 3 29 73 42 41 6 13 50 43 
#39 20 72 56 20 18 3 68 73 30 3 3 40 50 43 
#74 9 72 56 38 51 1 68 73 13 61 14 31 7 1 
#74 5 40 56 38 1 64 29 73 42 41 6 40 50 45 
#74 5 72 56 38 55 64 6 73 50 61 3 40 50 45 
#20 15 72 56 4 47 4 68 73 50 6 56 21 20 44 
#74 12 72 56 60 1 3 68 73 16 41 3 40 18 1 
#18 9 48 9 8 18 3 68 73 42 3 3 32 50 44 
#20 9 72 56 20 51 37 6 73 42 38 14 15 20 43 
#20 11 48 56 38 1 66 68 73 42 6 6 21 20 1 
#51 5 40 56 8 55 3 1 73 16 41 3 40 18 45 
#14 9 72 5 38 1 66 31 73 42 6 11 21 20 26 
#39 9 72 56 60 1 3 31 73 50 61 3 32 20 1 
33 18 21 15 20 37 
12 53 40 45 52 7 
6 47 19 16 17 31 
28 46 29 51 43 22 
48 11 34 23 50 49 
24 4 26 32 39 0 
#Base: 914
#Max: 692
#757112
#Turn 9
#74 3 72 39 8 1 4 29 73 30 61 11 21 50 1 
#20 9 48 56 64 51 37 68 73 13 38 6 21 50 44 
#39 11 48 56 20 17 3 6 73 30 38 3 31 50 43 
#20 11 72 56 64 17 37 68 73 50 61 14 15 50 44 
#39 15 72 9 64 18 64 6 33 50 38 14 40 8 1 
#74 9 72 56 64 61 3 1 73 16 61 3 40 20 1 
#14 12 72 56 60 1 3 31 73 16 61 3 40 18 1 
#14 5 72 56 60 17 64 6 73 50 61 11 40 50 45 
#51 5 72 56 38 47 4 6 73 50 6 56 15 50 44 
#20 5 72 56 4 47 4 68 73 50 6 56 21 20 6 
#74 9 72 56 16 12 64 68 73 30 61 6 13 50 43 
#74 12 72 56 4 25 3 29 73 42 61 6 21 20 43 
#74 5 72 56 38 47 64 6 73 42 61 3 21 20 45 
#74 5 72 56 38 17 64 6 73 42 41 3 40 50 45 
#14 5 72 56 64 1 64 29 73 50 41 3 15 50 43 
#20 9 72 56 64 1 4 31 73 16 61 11 21 20 26 
#74 9 72 56 64 47 66 68 73 42 61 11 21 18 44 
#74 3 72 56 60 1 64 31 73 50 61 11 40 20 26 
#74 15 72 56 38 55 64 6 73 50 61 3 40 7 45 
#74 15 72 56 38 18 3 29 73 42 61 3 31 50 43 
#39 20 72 56 64 18 64 68 73 30 61 3 40 50 43 
#51 12 72 56 64 18 3 31 73 42 41 11 40 8 1 
#51 15 72 56 38 17 64 31 73 50 41 3 40 50 44 
#74 5 72 56 38 61 64 68 73 42 41 6 21 50 44 
#74 9 40 56 38 1 64 29 73 13 41 6 31 7 1 
#14 5 72 56 38 1 1 68 73 50 61 3 40 20 1 
#20 9 72 56 64 17 64 68 73 42 61 3 3 7 1 
#20 30 72 56 38 1 1 68 73 42 61 11 21 50 1 
#39 30 72 56 38 61 1 1 73 50 61 3 15 11 10 
#74 9 72 39 38 61 64 29 73 42 61 11 15 11 1 
#74 3 72 39 64 61 66 1 73 30 61 11 15 20 1 
#20 5 72 56 60 1 4 68 73 50 61 3 40 18 44 
#39 12 48 56 64 51 37 31 73 42 61 11 15 18 45 
#51 11 72 56 20 61 64 68 73 50 61 3 15 50 43 
#20 15 72 56 4 18 4 68 73 50 6 14 21 20 44 
#18 5 72 9 64 18 3 68 73 50 61 56 40 8 6 
#20 9 72 39 20 12 64 68 73 30 61 14 15 20 1 
#74 12 72 56 60 1 3 68 73 42 41 3 13 18 1 
#14 12 72 56 4 47 3 31 73 42 61 11 21 20 45 
#74 5 72 56 38 61 64 6 73 42 66 3 15 50 1 
#20 5 72 56 4 47 4 68 73 50 41 56 21 20 44 
#18 5 72 56 64 61 3 68 10 50 6 56 15 11 6 
#14 9 72 56 20 12 66 68 73 16 61 14 40 20 1 
#74 9 72 56 64 25 4 29 73 42 61 6 21 18 43 
#74 9 72 56 60 1 3 31 73 42 61 11 32 20 44 
#74 5 72 56 38 17 64 6 73 42 41 3 40 50 45 
#74 5 72 56 38 18 64 6 73 50 61 3 31 50 45 
#74 5 72 56 8 55 3 29 73 42 6 3 40 50 44 
#51 9 72 56 60 1 66 68 73 16 3 3 40 50 43 
#20 9 72 56 64 18 4 29 73 42 61 11 40 8 44 
#74 3 72 56 64 1 3 31 73 42 61 11 32 20 26 
#14 15 72 56 38 55 64 68 73 50 61 3 40 50 44 
#74 5 40 56 38 1 64 29 73 42 61 6 31 7 43 
#74 5 40 56 8 51 3 29 73 13 61 3 31 7 1 
#39 9 72 56 38 1 3 68 73 50 41 3 40 20 43 
#14 9 72 56 64 18 64 29 73 42 61 3 40 8 1 
#51 9 72 56 64 17 66 68 73 42 41 11 40 20 45 
#14 15 72 56 38 1 1 68 73 50 61 3 31 50 10 
#74 5 40 39 38 61 64 1 73 50 61 3 40 50 1 
#74 9 72 56 22 61 1 29 10 42 61 14 40 7 43 
55 47 40 19 58 50 
49 52 43 3 1 14 
8 48 18 33 56 29 
45 22 20 16 51 17 
31 39 13 23 10 12 
54 44 32 46 7 30 
#Base: 914
#Max: 726
#794311
#74 9 72 56 64 55 3 29 73 42 6 3 40 8 44 
#20 5 72 56 8 47 3 29 73 50 6 56 21 20 44 
#74 15 72 56 4 47 4 68 73 42 41 56 31 20 44 
#74 15 40 56 38 61 3 1 73 50 61 3 31 50 43 
#74 5 72 39 38 61 3 1 73 42 61 3 40 50 1 
#20 5 40 56 38 18 4 29 73 42 61 6 31 8 43 
#74 5 40 56 38 25 4 29 73 42 61 6 31 18 43 
#20 9 72 56 64 17 37 68 73 50 61 6 21 18 44 
#20 11 48 56 64 17 37 68 73 13 38 14 15 50 44 
#20 9 72 56 64 51 64 29 73 50 38 3 21 50 43 
#51 9 72 56 60 47 66 68 73 50 3 56 40 50 43 
#51 9 72 56 60 55 66 68 73 50 61 3 40 7 43 
#74 11 72 56 20 55 64 6 73 50 61 3 40 7 43 
#51 11 72 56 64 17 66 68 73 50 61 11 15 20 43 
#74 9 72 39 64 61 66 68 73 42 41 11 40 11 1 
#74 5 72 56 38 17 64 6 73 42 41 3 40 50 45 
#39 15 72 56 64 17 64 31 73 30 41 3 40 50 44 
#39 20 72 56 64 18 64 68 73 42 61 11 21 18 44 
#14 15 72 56 38 55 66 68 73 42 61 11 40 18 44 
#74 3 72 56 60 55 64 68 73 50 61 11 40 20 44 
#20 5 72 56 60 61 4 68 73 42 61 3 15 18 1 
#74 5 72 56 38 17 64 6 73 42 66 3 15 50 45 
#74 5 72 56 38 61 64 6 73 42 41 6 40 50 45 
#74 5 72 56 38 61 64 68 73 30 41 6 13 50 44 
#74 5 72 56 38 47 64 6 73 30 61 6 21 20 43 
#39 9 72 56 38 1 3 68 73 50 41 11 40 20 43 
#39 12 72 56 64 51 37 31 73 42 61 11 32 20 45 
#39 5 72 56 64 18 37 6 73 50 61 3 31 50 45 
#14 5 72 56 38 18 64 6 73 50 61 11 31 50 45 
#14 3 72 56 64 61 66 6 73 50 61 11 40 20 45 
#14 9 72 56 64 18 64 29 73 42 61 11 40 8 1 
#74 5 40 56 38 1 3 29 73 42 6 3 31 7 44 
#20 9 72 56 64 47 4 68 73 50 41 6 21 18 43 
#74 15 72 56 64 17 37 29 73 42 61 14 31 50 44 
#74 9 40 56 64 51 37 68 73 13 61 6 40 50 1 
#14 3 72 56 64 1 64 29 73 42 61 11 15 50 26 
#20 9 72 56 38 47 4 29 73 50 61 56 15 50 44 
#51 9 40 56 38 1 66 29 73 16 3 3 31 7 43 
#74 9 72 56 38 55 4 6 73 50 61 3 21 7 43 
#20 11 72 56 64 17 64 68 73 50 61 14 15 50 44 
#20 9 48 56 64 17 37 68 73 42 38 6 40 50 44 
#14 5 72 39 38 1 64 29 73 42 61 11 15 50 1 
#51 5 72 56 38 47 4 6 73 50 41 56 40 50 44 
#51 15 72 56 38 1 64 31 73 50 3 3 40 50 43 
#74 15 72 56 38 18 64 68 73 30 61 3 40 7 43 
#74 9 72 56 20 61 64 68 73 42 61 3 15 18 44 
#51 15 72 56 64 55 64 68 73 50 61 11 40 50 44 
#74 9 72 56 60 1 64 29 73 50 61 11 40 11 1 
#20 5 72 56 38 1 4 68 73 42 41 3 40 50 44 
#51 5 72 56 38 17 64 31 73 50 41 3 40 50 44 
#74 5 72 56 64 17 64 68 73 30 41 3 40 50 45 
#74 9 72 56 64 47 66 68 73 42 61 6 21 50 44 
#74 15 72 56 38 12 64 68 73 30 61 3 13 50 43 
#74 5 72 56 60 1 64 31 73 42 61 3 40 20 26 
#39 9 72 56 38 1 3 68 73 50 41 3 40 20 43 
#74 5 72 56 38 1 3 31 73 42 66 3 15 20 44 
#74 5 72 56 64 17 64 31 73 42 61 3 15 50 45 
#74 5 72 56 38 18 64 6 73 50 61 6 21 50 44 
#74 9 72 56 60 12 64 6 73 50 61 11 40 50 45 
#74 5 72 39 38 61 64 6 73 42 61 11 21 20 1 
#Base: 914
#Max: 774
#846827
