#[0] 3, 3
#[1] 4, 3
#[2] 3, 4
#[3] 3, 2
#[4] 2, 3
#[5] 2, 4
#[6] 1, 3
#[7] 2, 2
#[8] 3, 1
#[9] 4, 4
#[10] 5, 3
#[11] 3, 5
#[12] 4, 2
#[13] 3, 0
#[14] 5, 4
#[15] 4, 5
#[16] 5, 2
#[17] 4, 1
#[18] 0, 3
#[19] 1, 4
#[20] 2, 1
#[21] 1, 2
#[22] 2, 5
#[23] 0, 4
#[24] 5, 1
#[25] 0, 2
#[26] 5, 5
#[27] 1, 5
#[28] 2, 0
#[29] 1, 1
#[30] 4, 0
#[31] 0, 5
#[32] 1, 0
#[33] 0, 1
#[34] 5, 0
#[35] 0, 0
#Turn 0
46 54 33 38 22 9 
57 28 37 58 53 51 
42 15 7 23 4 56 
14 36 11 49 17 32 
39 6 31 12 27 43 
26 8 52 47 41 34 
#Base: 928
#Max: 358
#385776
#Turn 1
#20 8 44 21 35 30 8 39 31 30 6 21 22 53 36 
#20 31 44 8 53 11 36 3 9 6 48 21 39 33 12 
#39 31 7 48 45 19 1 3 35 19 23 4 39 11 19 
#39 5 0 6 36 19 8 25 35 19 23 36 40 26 30 
#33 6 0 11 38 16 8 55 38 15 32 36 24 1 30 
#22 5 10 37 27 6 24 6 35 15 5 13 14 25 40 
#61 23 10 33 27 6 40 34 32 46 24 15 17 19 28 
#61 9 14 33 5 13 13 23 32 20 24 14 2 19 22 
#51 9 25 58 5 19 13 9 0 20 2 59 27 16 9 
#24 7 35 12 12 9 19 3 44 12 20 31 39 35 5 
#6 48 8 19 32 40 17 10 52 30 39 1 19 24 6 
#9 48 20 29 4 27 25 4 8 41 39 4 12 15 8 
#29 68 16 29 10 20 1 2 8 1 39 13 24 54 61 
#27 19 14 3 13 21 21 23 8 4 10 0 2 46 10 
#27 19 4 38 21 21 36 23 5 4 18 2 67 47 43 
#21 53 17 9 21 11 7 12 47 56 45 61 27 33 21 
#6 12 7 30 3 19 67 15 43 56 7 15 7 3 14 
#11 7 0 30 9 19 10 82 43 0 7 12 16 3 19 
#71 7 17 11 9 10 10 25 10 7 13 12 16 20 12 
#2 37 16 57 34 44 26 19 18 7 3 3 26 21 12 
#14 29 23 50 8 37 50 41 1 31 20 11 22 22 29 
#14 50 11 4 12 11 9 41 10 17 1 9 35 48 29 
#3 50 3 1 12 20 9 29 6 31 1 19 10 48 42 
#1 0 3 5 71 37 18 28 6 31 27 12 66 36 42 
#4 36 21 63 10 26 18 34 6 13 17 5 19 27 24 
#23 15 3 19 3 10 48 32 19 35 39 24 33 3 14 
#20 15 24 5 3 4 29 16 19 64 23 24 5 3 44 
#2 10 24 5 11 17 29 16 36 64 32 25 1 56 28 
#2 45 18 1 11 17 8 4 22 14 34 7 1 56 9 
#45 6 32 22 7 1 58 42 52 16 34 11 15 42 18 
#5 8 8 21 17 33 24 8 31 15 6 13 14 17 36 
#22 6 44 8 27 11 40 6 9 6 48 21 1 25 40 
#61 31 14 48 5 17 19 3 32 19 24 20 39 19 28 
#27 5 14 0 45 19 13 25 35 20 2 4 2 26 13 
#51 7 25 13 36 19 19 49 44 16 9 31 27 3 9 
#24 24 35 12 1 16 9 3 41 15 32 34 39 41 6 
#6 5 8 19 17 40 35 1 52 15 0 13 19 5 7 
#22 48 10 39 4 27 40 6 9 46 39 15 12 25 6 
#61 68 20 33 10 9 13 34 8 8 39 4 24 15 28 
#36 9 14 5 5 20 13 23 8 20 2 59 2 54 61 
#27 19 14 13 12 21 19 9 5 4 10 31 67 46 10 
#18 32 35 12 1 24 9 3 41 20 18 2 30 41 5 
#21 18 8 9 32 40 35 12 6 30 45 61 27 5 7 
#9 53 7 15 4 27 17 15 9 56 39 1 7 10 6 
#6 68 20 30 10 19 25 5 8 0 7 30 24 15 19 
#11 30 16 5 9 20 10 82 8 1 6 12 2 20 35 
#27 19 16 3 34 21 26 23 18 4 10 0 26 46 12 
#18 37 4 57 6 24 12 1 10 20 3 3 30 47 43 
#19 15 17 9 21 28 20 12 6 31 45 61 22 33 21 
#14 29 11 15 3 11 7 41 47 56 20 11 7 10 29 
#3 12 45 30 12 11 9 5 43 14 7 30 8 3 3 
#11 0 17 1 71 10 10 82 10 31 12 12 16 11 35 
#71 26 16 20 34 4 18 25 6 13 27 12 26 21 12 
#3 36 43 57 9 26 2 34 4 13 3 5 20 12 17 
#23 15 51 3 35 10 20 10 11 17 39 7 22 22 38 
#14 29 3 4 3 4 48 41 10 17 23 11 35 3 44 
#3 10 45 5 12 17 29 16 40 64 1 9 5 48 3 
#2 45 50 1 71 17 17 4 6 13 9 7 10 11 9 
#4 26 18 22 7 37 18 42 6 13 34 14 66 42 24 
#3 15 21 63 9 26 21 34 52 25 1 11 19 10 18 
24 26 10 32 52 2 
19 37 20 39 42 40 
48 0 14 38 29 59 
16 17 12 51 15 45 
4 1 58 23 27 57 
49 34 56 6 8 47 
#Base: 928
#Max: 441
#475216
#Turn 2
#20 36 21 63 3 26 29 16 19 64 23 24 19 3 24 
#20 48 8 5 32 4 29 10 19 64 23 24 19 3 44 
#6 48 14 19 32 40 17 3 32 19 24 20 39 24 6 
#71 31 16 20 34 4 19 3 6 19 27 12 39 21 28 
#71 31 7 48 45 19 18 3 6 19 27 12 26 11 12 
#2 37 16 57 34 27 40 6 18 46 39 3 26 25 6 
#14 48 10 39 8 27 50 41 9 46 20 15 22 25 29 
#36 29 23 5 8 37 13 23 8 20 20 11 2 22 29 
#21 18 8 9 32 40 13 23 8 20 45 61 27 5 7 
#21 19 8 9 12 40 19 9 5 30 45 31 27 46 7 
#19 8 17 9 21 30 8 12 6 30 6 21 22 53 21 
#27 8 44 21 21 30 36 39 31 30 6 2 67 47 43 
#61 19 20 38 10 9 36 23 8 4 18 4 24 15 43 
#45 68 32 33 10 9 58 42 8 16 39 11 24 42 18 
#45 6 32 22 7 26 58 42 52 16 34 11 19 42 18 
#6 7 0 30 9 19 67 15 43 56 7 12 16 3 19 
#29 7 0 29 10 19 10 82 8 1 7 12 16 3 61 
#29 0 17 29 71 10 1 82 8 1 12 13 16 54 35 
#11 0 17 9 21 10 7 12 47 31 45 12 27 33 21 
#21 30 16 9 21 20 7 12 8 56 45 12 2 33 35 
#33 6 44 11 53 16 8 3 38 15 48 21 39 1 30 
#20 26 18 22 7 37 36 3 6 6 34 14 39 42 24 
#1 26 3 22 71 37 18 42 6 31 34 14 66 42 42 
#1 0 3 5 11 37 18 28 36 31 32 25 1 36 42 
#2 45 24 1 71 17 29 16 6 64 32 25 10 56 9 
#51 7 11 13 36 11 7 41 44 16 9 11 27 10 29 
#51 10 45 13 36 19 19 49 40 64 9 9 5 48 3 
#61 23 45 33 27 6 29 34 40 64 24 9 17 48 3 
#61 9 10 33 27 6 40 9 0 46 2 59 27 19 28 
#51 37 25 57 6 24 13 1 0 20 3 3 27 47 43 
#2 37 21 63 10 44 18 34 6 13 3 3 26 27 12 
#20 15 10 39 3 4 40 6 9 46 23 15 12 3 44 
#6 48 8 19 8 40 17 10 1 30 20 11 22 22 29 
#36 31 14 5 5 20 19 23 32 19 24 20 39 54 61 
#71 18 16 9 32 4 35 12 6 30 45 61 27 21 12 
#27 31 14 13 12 19 19 3 35 4 23 4 39 46 19 
#2 37 17 57 21 44 20 12 6 7 3 3 26 21 21 
#22 48 44 21 4 30 8 39 9 46 6 15 22 53 36 
#14 29 4 38 8 21 36 23 5 4 20 11 22 47 43 
#36 9 20 5 10 20 13 23 8 20 39 59 24 54 28 
#45 6 32 9 7 40 58 42 52 16 34 11 27 42 18 
#3 15 14 63 9 21 21 34 5 25 10 31 19 46 18 
#6 12 17 30 21 28 67 15 43 31 7 15 7 33 21 
#20 7 44 21 9 19 8 39 31 0 6 21 16 53 36 
#29 19 4 38 21 21 1 2 8 4 39 13 24 47 61 
#61 0 17 1 10 9 10 82 8 31 12 12 16 11 28 
#45 6 17 9 7 1 7 42 52 56 45 11 15 33 21 
#11 15 16 63 9 20 10 34 8 1 6 11 19 10 18 
#6 12 0 11 38 16 67 55 43 15 32 15 7 1 14 
#11 7 0 30 9 11 10 3 9 0 48 12 16 33 19 
#29 68 18 29 7 37 18 42 6 1 39 13 66 42 24 
#11 0 3 5 71 37 10 82 10 31 27 12 66 36 35 
#2 10 24 5 21 11 7 12 47 64 45 61 1 33 21 
#11 45 16 1 71 20 10 82 6 1 9 7 2 20 9 
#14 29 11 11 3 16 8 41 38 15 32 11 24 10 29 
#20 31 25 13 53 11 19 3 9 16 9 31 27 3 9 
#4 10 18 22 12 17 18 42 6 64 1 14 5 48 3 
#61 23 10 33 27 37 18 28 6 31 24 15 66 36 42 
#51 10 25 58 11 17 13 9 36 64 32 59 1 56 28 
#18 37 50 1 71 24 12 4 6 13 3 7 10 47 43 
44 3 4 59 33 1 
39 20 37 50 28 5 
6 0 13 24 27 46 
40 53 22 51 17 11 
15 16 34 58 26 14 
42 29 45 57 52 48 
#Base: 928
#Max: 470
#506466
#Turn 3
#29 31 16 38 21 4 1 3 8 19 27 12 24 47 28 
#71 31 16 48 34 19 18 3 6 19 27 12 39 21 28 
#18 31 50 48 45 24 12 3 6 13 3 12 10 11 43 
#36 31 50 1 5 24 19 23 6 19 24 7 10 47 43 
#20 31 14 5 32 20 29 23 32 64 24 24 19 3 61 
#36 6 20 5 10 16 13 23 38 20 48 21 24 54 30 
#33 48 44 21 4 30 8 39 9 15 6 15 39 1 36 
#22 68 44 21 7 37 18 39 6 46 6 15 22 53 24 
#61 9 10 33 7 37 18 9 0 1 2 59 27 42 24 
#2 9 16 57 34 6 40 9 0 46 2 3 27 25 28 
#20 48 21 63 8 26 50 16 19 64 23 24 19 3 29 
#20 68 21 63 3 9 58 42 8 64 39 24 24 42 24 
#45 45 32 33 71 17 29 42 8 64 39 11 10 56 18 
#61 23 24 33 27 6 29 16 40 64 24 9 17 48 3 
#45 6 45 33 7 1 29 34 52 64 24 9 17 33 3 
#45 45 16 1 71 40 58 42 6 16 34 11 2 42 18 
#1 45 3 1 71 37 10 42 6 1 34 7 66 42 42 
#1 0 3 22 71 37 18 82 10 31 34 12 66 42 35 
#29 0 3 5 71 10 10 82 10 31 12 13 66 54 35 
#29 8 44 21 21 30 1 39 31 1 6 13 67 47 35 
#6 7 0 30 9 19 67 15 8 56 7 12 16 3 61 
#71 18 0 9 10 19 35 12 8 1 45 12 16 21 61 
#51 18 16 9 32 17 35 12 6 30 32 59 27 56 12 
#51 10 25 13 36 19 19 49 40 64 32 9 5 56 28 
#51 10 32 13 7 19 58 49 40 16 9 9 19 42 3 
#6 12 17 30 21 24 67 1 0 31 3 15 27 47 21 
#51 37 25 1 10 9 13 1 8 31 3 3 16 47 28 
#61 0 10 33 27 37 10 28 8 31 24 12 16 36 28 
#2 10 24 33 21 11 18 28 6 64 24 15 1 36 42 
#6 10 0 11 38 11 7 55 43 15 32 15 7 33 21 
#29 19 4 5 10 21 13 23 8 4 39 13 24 54 61 
#71 31 44 20 34 16 8 3 6 15 48 12 39 1 28 
#22 31 44 21 45 19 8 39 9 46 27 15 26 53 12 
#18 37 50 1 71 24 18 42 6 13 39 7 66 47 43 
#36 31 14 5 5 20 40 23 0 46 24 20 27 19 28 
#20 48 8 57 32 27 40 10 18 64 23 3 19 3 6 
#36 9 20 5 10 20 13 41 8 20 39 15 24 25 29 
#33 36 21 11 3 26 29 3 38 64 48 21 19 1 24 
#22 68 44 33 10 30 58 42 8 16 39 11 24 42 18 
#29 68 18 29 71 37 29 16 6 64 39 25 10 42 9 
#61 9 45 33 27 6 40 9 0 64 2 9 17 19 28 
#2 37 17 57 34 1 7 42 52 46 39 3 15 25 21 
#14 6 32 39 7 27 50 41 9 46 34 11 22 42 18 
#20 36 21 63 3 26 29 16 19 1 23 24 19 3 24 
#1 68 32 22 71 37 58 42 6 16 39 11 24 42 18 
#2 45 24 5 71 37 29 82 10 64 32 12 66 56 35 
#61 0 45 33 27 10 29 34 40 64 12 13 17 54 35 
#45 6 44 21 7 1 7 39 52 30 6 11 15 47 21 
#6 7 32 9 9 19 58 42 43 16 7 11 16 42 18 
#29 45 16 29 71 20 10 82 6 1 9 12 2 20 61 
#1 26 3 22 71 37 18 42 6 30 45 61 27 21 42 
#51 10 25 5 71 37 13 82 10 64 32 59 66 36 35 
#51 10 17 29 71 19 19 49 8 1 9 13 5 48 3 
#27 8 32 21 7 30 58 42 31 16 34 11 19 42 43 
#6 7 17 30 21 28 67 15 43 31 7 15 7 33 19 
#51 7 25 57 10 19 10 82 8 20 7 3 27 47 61 
#71 18 17 1 10 9 35 82 6 30 12 12 27 21 12 
#61 10 10 33 11 17 13 28 6 31 24 59 1 56 42 
#51 10 24 13 21 19 19 12 47 64 9 61 1 48 3 
#45 6 0 22 7 16 67 42 52 15 32 11 7 42 14 
53 21 59 10 14 35 
4 52 13 39 56 40 
19 7 44 18 12 57 
15 33 11 51 17 46 
31 58 16 45 55 38 
1 41 23 49 50 22 
#Base: 928
#Max: 596
#642241
#Turn 4
#71 8 32 21 10 30 58 12 8 16 34 12 16 42 61 
#71 6 0 9 7 16 67 12 52 15 45 11 7 21 14 
#45 48 21 22 8 16 50 16 19 64 32 11 19 3 29 
#20 6 21 33 7 1 50 16 19 64 24 9 19 3 29 
#20 48 8 57 7 1 29 10 18 64 23 9 19 33 6 
#51 31 14 5 71 20 19 23 8 64 24 24 19 3 3 
#61 23 17 33 27 6 29 49 40 1 9 9 5 48 3 
#61 23 24 33 27 37 29 16 6 64 39 25 17 42 9 
#71 68 18 1 71 9 35 16 6 64 39 25 27 42 9 
#61 18 17 33 27 9 35 9 0 64 2 9 27 21 28 
#22 8 44 21 21 37 1 39 6 1 6 15 67 47 35 
#1 68 44 21 71 37 58 42 6 16 39 15 22 53 18 
#29 0 32 22 71 10 58 82 10 16 39 11 66 54 35 
#29 45 3 33 71 10 10 82 10 64 12 11 10 56 35 
#45 45 32 33 71 17 13 28 6 31 24 11 10 56 42 
#45 37 50 1 71 24 58 42 6 16 34 11 66 42 43 
#18 68 21 1 3 24 18 42 8 64 39 24 66 42 24 
#51 68 25 63 71 37 58 82 8 64 39 59 66 36 35 
#1 0 25 22 71 37 13 82 10 31 32 59 66 42 35 
#1 0 3 22 27 37 29 82 10 31 12 12 66 54 35 
#71 10 24 20 21 16 8 3 6 15 48 12 1 1 28 
#51 45 3 1 71 37 19 42 6 1 34 7 66 48 3 
#2 45 3 5 71 37 29 82 6 64 32 12 66 42 42 
#2 45 24 5 10 19 10 82 8 64 7 12 27 56 35 
#51 68 25 57 10 30 58 82 8 16 39 3 24 42 61 
#2 31 16 57 34 19 7 42 6 19 39 12 15 25 21 
#2 10 25 57 34 1 19 42 40 46 32 9 15 56 28 
#29 45 16 13 36 20 19 49 40 64 32 12 5 56 28 
#1 45 16 29 71 37 10 42 6 1 45 12 2 21 61 
#1 26 3 22 32 37 18 12 6 30 32 59 27 21 42 
#27 31 14 5 7 30 58 42 32 64 24 11 19 42 43 
#71 18 0 9 71 19 19 12 8 1 45 13 16 21 3 
#45 6 0 22 7 16 29 16 40 64 24 9 7 48 3 
#20 68 21 63 8 26 50 16 19 64 23 25 10 42 9 
#71 6 45 1 7 9 35 82 6 30 12 9 17 33 12 
#20 9 45 33 32 6 40 9 0 64 2 9 17 3 28 
#20 8 44 21 32 30 29 23 32 1 24 13 19 47 35 
#22 68 44 29 71 37 19 39 8 1 9 13 5 48 3 
#1 68 24 33 71 37 58 42 6 16 24 9 24 42 18 
#29 68 18 5 71 10 29 16 10 64 39 25 66 42 9 
#45 45 17 33 10 17 29 42 8 30 12 12 27 56 18 
#61 9 10 33 27 6 40 28 0 31 2 59 1 56 28 
#45 45 44 1 71 30 58 42 6 16 34 13 67 42 35 
#22 68 44 21 7 37 18 42 6 13 39 15 22 47 24 
#1 68 32 22 3 9 58 42 6 16 39 24 24 42 24 
#29 0 25 5 71 37 13 82 10 31 32 13 66 54 35 
#45 45 3 33 71 37 29 42 8 31 39 11 10 42 18 
#61 0 10 33 27 10 29 28 40 31 12 59 17 54 35 
#45 31 44 20 34 40 8 42 6 16 48 11 2 42 18 
#51 37 24 13 71 19 19 12 6 13 9 61 1 48 43 
#1 68 3 1 3 37 58 42 8 1 34 24 24 42 42 
#51 10 25 5 71 37 29 82 10 64 32 12 66 56 35 
#51 7 25 57 10 37 18 82 10 31 7 12 66 47 35 
#61 68 45 33 10 30 58 42 40 64 12 11 24 54 18 
#71 31 16 48 34 16 18 3 6 15 48 12 39 21 28 
#51 10 17 13 21 19 7 42 47 64 39 61 15 48 21 
#51 45 3 13 71 19 19 49 6 1 32 9 5 56 42 
#29 45 16 5 71 20 10 82 6 64 9 12 2 20 61 
#1 26 3 57 10 19 10 82 8 20 7 3 27 21 42 
#51 68 44 33 32 17 35 42 6 16 39 59 24 42 18 
7 30 56 21 23 47 
34 27 55 18 16 37 
49 33 15 12 53 19 
11 42 22 17 24 13 
0 38 39 51 45 57 
28 14 59 8 52 46 
#Base: 928
#Max: 762
#821121
#Turn 5
#61 31 14 5 27 37 29 16 6 64 24 11 17 42 43 
#27 45 14 5 7 30 58 42 6 1 24 9 19 42 43 
#51 45 3 1 71 37 19 49 6 1 32 9 5 56 42 
#51 45 24 1 71 37 19 42 8 1 34 12 66 56 35 
#61 0 10 33 27 10 29 28 8 31 7 59 17 56 35 
#29 6 45 13 7 9 35 82 40 64 32 12 17 33 28 
#51 10 17 13 21 19 19 42 47 64 39 12 5 56 21 
#51 10 25 13 71 37 7 82 47 64 39 61 15 48 35 
#1 68 21 22 3 37 18 42 8 64 32 24 66 42 24 
#22 68 44 1 71 37 18 39 8 1 9 13 5 48 3 
#51 37 21 63 71 26 50 16 19 13 9 25 10 42 43 
#20 37 21 63 71 26 50 42 19 16 34 25 66 42 9 
#45 37 50 1 71 24 58 82 6 16 34 11 66 54 35 
#61 0 32 33 71 10 58 82 40 16 12 11 24 54 35 
#61 68 45 33 27 30 29 42 40 31 12 11 66 54 18 
#45 68 44 1 71 37 58 42 6 16 34 13 22 53 35 
#45 45 44 5 71 37 58 82 6 64 34 12 66 42 42 
#2 68 25 5 71 37 29 82 6 64 39 12 66 42 35 
#51 68 25 57 10 30 58 82 8 16 39 59 24 36 35 
#51 68 25 57 10 30 10 82 10 16 12 11 10 56 61 
#71 68 24 33 10 30 58 42 6 16 24 9 16 42 18 
#29 68 24 5 71 10 29 42 6 16 39 25 66 42 18 
#51 10 25 5 71 37 29 16 10 64 32 12 66 42 35 
#29 10 25 5 71 37 13 82 10 64 32 12 66 54 35 
#29 45 16 5 71 37 13 82 6 31 9 12 2 54 35 
#45 45 16 29 71 17 10 28 6 31 24 11 2 21 42 
#45 45 32 33 32 17 13 28 6 31 39 59 24 42 18 
#71 68 18 1 71 17 35 42 6 16 39 59 24 42 18 
#51 68 18 1 10 37 18 82 6 64 39 12 66 42 35 
#51 7 3 33 10 37 29 42 8 31 39 11 66 47 18 
#71 6 24 33 27 37 35 82 6 64 12 9 17 33 12 
#27 31 16 13 36 30 19 49 32 64 24 11 5 56 28 
#51 10 3 13 71 19 19 49 6 64 39 61 15 56 21 
#1 0 25 1 71 37 19 82 6 31 32 59 66 42 35 
#2 45 24 5 3 24 18 42 8 64 7 24 66 42 24 
#61 0 10 33 71 10 19 28 40 1 9 59 5 54 3 
#71 37 45 13 7 9 35 82 6 30 12 61 17 33 12 
#29 45 21 63 8 20 19 49 19 64 23 12 10 42 9 
#45 37 50 13 21 24 58 42 6 16 34 11 15 48 21 
#1 0 32 22 71 37 58 82 10 31 39 59 66 54 35 
#61 68 45 33 3 24 18 42 40 64 39 11 24 42 18 
#1 68 3 22 27 37 19 39 10 31 12 12 66 54 35 
#1 37 24 21 71 37 19 12 6 16 39 15 1 53 43 
#20 45 21 1 71 26 58 42 6 16 23 25 10 42 9 
#45 37 3 5 71 37 29 82 6 64 32 11 66 42 42 
#29 0 25 22 71 37 58 82 8 64 39 59 66 54 35 
#61 68 25 57 10 30 58 42 8 64 12 11 24 42 61 
#29 45 3 22 27 37 29 82 10 64 12 12 66 56 35 
#1 8 32 21 10 37 58 42 6 16 34 15 22 53 18 
#45 68 44 33 71 30 58 42 6 16 24 13 24 42 18 
#29 68 18 5 71 37 29 16 6 64 32 12 66 42 9 
#51 10 25 5 71 37 58 82 10 64 39 12 66 36 35 
#51 68 25 57 71 37 58 82 8 31 39 13 66 54 35 
#29 45 3 5 71 10 10 82 10 64 9 11 10 56 35 
#1 8 32 29 10 37 10 42 8 16 34 12 16 42 61 
#45 45 24 33 71 17 58 28 6 16 24 11 24 56 18 
#51 68 44 5 32 10 35 16 6 16 39 25 24 42 9 
#51 10 18 1 71 37 29 16 10 64 32 25 66 56 35 
#29 0 25 57 71 37 13 82 10 31 7 12 66 54 35 
#29 45 16 33 71 37 29 82 8 64 9 12 10 20 18 
8 30 40 27 49 21 
36 59 57 7 47 3 
22 19 12 51 17 11 
13 18 39 52 16 28 
53 33 23 45 44 14 
10 50 15 46 58 32 
#Base: 928
#Max: 695
#748922
#Turn 6
#1 6 21 33 27 37 35 42 6 64 32 9 17 42 12 
#71 68 45 33 27 24 18 42 40 64 12 11 17 33 12 
#61 68 18 33 71 17 18 42 6 64 39 59 24 42 18 
#45 68 44 33 71 30 58 42 6 16 39 59 24 42 18 
#45 68 24 33 71 30 29 42 6 16 24 13 24 42 18 
#29 45 16 33 7 37 29 82 6 30 9 12 17 20 12 
#29 10 18 33 71 37 29 16 8 64 32 25 66 56 35 
#51 10 18 13 71 37 7 16 10 64 32 61 15 48 35 
#29 10 25 13 71 37 7 82 10 64 12 61 66 48 35 
#29 45 24 1 27 37 19 82 8 1 34 12 66 56 35 
#51 68 25 57 10 37 29 16 10 16 32 12 10 56 35 
#45 68 25 1 71 24 58 82 10 16 34 11 10 54 35 
#51 37 50 1 71 37 58 82 10 64 39 12 66 54 35 
#51 68 25 5 71 37 29 82 10 64 39 12 66 42 35 
#2 37 21 5 71 26 50 82 6 16 34 25 66 42 35 
#61 68 32 57 10 30 58 82 8 16 12 59 24 36 35 
#1 68 32 22 71 30 58 82 10 31 39 59 66 54 35 
#1 0 25 22 71 37 58 82 10 31 39 13 66 54 35 
#45 68 25 5 71 37 58 82 6 31 34 13 66 42 35 
#45 68 18 5 71 37 18 82 6 64 39 12 66 42 42 
#29 0 3 5 71 37 10 82 10 31 9 59 10 56 35 
#29 10 25 1 71 37 19 82 6 64 32 59 66 54 35 
#29 0 25 22 71 37 13 82 10 64 32 12 66 54 35 
#29 37 25 22 71 37 58 82 6 64 32 11 66 54 42 
#45 37 3 33 71 37 29 82 40 31 32 11 66 54 18 
#51 68 21 5 71 37 29 16 6 64 9 12 66 42 9 
#45 68 44 5 71 37 29 16 6 16 34 12 66 42 9 
#45 68 25 1 71 30 58 42 6 64 12 11 24 42 61 
#61 68 25 57 71 30 13 82 10 31 7 11 24 54 61 
#51 10 3 13 71 37 13 49 6 31 7 12 66 54 21 
#71 68 45 13 3 37 35 82 8 30 12 24 17 42 24 
#29 6 16 33 27 37 29 82 8 64 12 12 10 20 18 
#51 10 45 33 71 37 18 42 10 64 32 11 24 56 35 
#51 68 18 1 71 37 35 42 47 16 39 61 24 48 18 
#45 68 44 33 27 30 29 42 6 16 24 13 66 42 18 
#29 45 24 5 71 37 29 42 8 1 34 25 66 42 35 
#71 37 45 5 7 37 29 82 10 30 32 12 17 33 12 
#29 45 25 33 71 30 10 82 8 16 9 12 10 20 61 
#45 10 18 1 71 37 29 82 6 64 32 25 66 56 35 
#51 10 25 5 71 37 7 82 10 64 39 61 66 48 35 
#2 68 25 5 71 37 29 82 6 64 39 12 66 56 35 
#51 37 24 1 71 37 19 42 8 16 34 25 66 42 9 
#51 0 32 33 71 10 58 82 10 16 32 12 24 42 35 
#51 68 25 57 10 30 58 82 8 16 39 11 24 36 61 
#1 0 32 1 71 24 58 82 6 31 34 59 66 54 35 
#51 68 25 57 71 37 58 82 8 64 39 13 66 36 35 
#45 68 25 5 71 37 29 82 6 64 34 12 66 42 35 
#20 37 18 63 71 37 18 82 6 16 34 12 66 42 35 
#29 45 32 33 71 10 58 82 40 16 12 11 24 54 35 
#51 0 25 57 10 37 58 82 6 16 39 59 66 42 35 
#29 10 25 5 71 37 58 82 10 31 39 59 66 54 35 
#29 0 25 57 71 37 58 82 8 64 39 13 66 54 35 
#45 45 3 5 71 37 29 82 6 64 32 12 66 42 42 
#61 68 45 1 10 37 18 82 40 31 39 11 66 42 18 
#29 37 3 63 71 10 10 82 19 13 9 11 10 56 43 
#29 0 18 5 71 37 19 82 6 64 32 12 66 42 35 
#45 68 25 5 71 37 13 42 10 16 34 12 66 54 35 
#29 68 25 57 71 37 58 82 8 64 12 59 24 54 61 
#45 0 3 57 71 37 29 82 10 64 32 11 66 42 42 
#61 10 45 33 71 30 19 42 6 64 12 61 66 54 18 
55 11 43 49 3 17 
47 27 24 23 15 53 
33 38 46 51 13 8 
50 19 16 57 12 40 
22 59 28 45 39 21 
48 44 52 18 58 2 
#Base: 928
#Max: 710
#765086
#Turn 7
#29 68 18 5 71 37 58 82 6 16 32 12 10 42 35 
#45 68 25 57 71 24 58 82 10 16 34 11 24 54 35 
#51 68 25 57 10 37 58 82 8 16 39 59 66 42 35 
#45 0 25 57 71 30 58 82 6 16 39 59 24 42 35 
#1 0 25 33 71 30 58 42 10 16 39 13 66 54 35 
#45 68 25 63 71 37 18 42 6 64 34 12 24 42 61 
#45 37 25 1 71 37 58 82 6 64 12 11 24 54 18 
#45 37 3 33 71 37 29 82 40 31 32 11 66 54 18 
#61 68 25 57 10 30 58 82 6 16 12 59 66 36 35 
#61 68 32 1 10 30 18 82 8 31 39 11 66 42 18 
#45 68 18 1 71 37 35 42 6 64 39 61 66 48 18 
#45 10 18 5 71 37 29 82 6 64 32 12 66 42 35 
#45 0 25 57 71 37 58 82 8 64 39 12 66 54 35 
#29 0 25 5 71 37 58 82 10 64 39 13 66 42 35 
#29 68 25 5 71 37 7 82 10 64 12 61 66 48 35 
#45 10 25 5 71 37 18 82 6 31 39 12 66 54 42 
#45 68 32 5 71 30 18 82 10 64 39 12 66 54 35 
#29 68 32 22 71 37 58 82 10 31 12 59 24 54 61 
#51 68 50 1 71 37 58 82 8 64 12 12 66 54 35 
#2 68 50 1 71 37 58 82 10 64 39 12 66 54 35 
#29 10 45 22 71 37 13 82 10 64 32 61 66 54 18 
#61 68 45 33 71 30 13 42 10 64 7 61 66 54 18 
#51 68 25 57 71 37 13 82 10 31 7 11 24 54 35 
#51 10 25 57 71 37 7 82 8 64 39 13 66 48 35 
#29 10 25 1 71 37 7 82 6 64 39 61 66 54 35 
#29 0 32 33 71 10 58 82 6 16 34 11 66 54 35 
#1 45 32 5 71 37 29 82 6 31 34 59 66 42 42 
#45 68 3 5 71 37 58 82 6 31 34 13 66 42 42 
#45 68 25 5 71 37 58 82 10 31 32 13 66 42 42 
#61 0 3 33 71 17 18 82 10 64 32 11 66 42 42 
#20 37 18 63 71 37 18 82 6 16 34 12 66 42 35 
#45 68 25 1 71 24 58 82 6 64 34 11 10 42 35 
#51 68 25 33 10 30 29 82 40 16 39 11 24 36 61 
#29 0 25 57 10 37 58 82 6 64 32 59 66 54 35 
#45 68 44 57 10 30 58 82 8 16 39 59 24 36 18 
#61 68 25 22 10 37 18 82 40 31 39 13 66 54 18 
#51 68 18 63 71 37 35 42 47 16 34 61 66 42 18 
#45 68 25 1 71 30 58 82 6 64 12 11 66 56 35 
#45 37 3 5 71 37 29 82 6 31 34 12 66 54 35 
#29 0 25 57 71 37 58 82 8 64 32 13 66 54 42 
#51 68 32 57 10 37 58 82 10 64 12 12 66 36 35 
#61 10 25 1 71 37 7 82 40 31 39 11 66 48 35 
#51 10 18 1 71 37 58 42 10 31 39 59 24 48 35 
#45 10 18 1 71 37 29 82 6 64 39 25 66 42 35 
#1 68 25 5 71 37 29 82 6 64 39 59 66 54 35 
#29 0 25 57 71 37 58 82 8 64 39 13 66 54 61 
#51 37 50 5 71 37 58 82 10 64 39 12 66 54 35 
#29 10 25 13 71 37 29 82 10 64 39 12 66 56 35 
#29 10 25 22 71 37 13 82 10 31 39 59 66 54 35 
#61 68 18 5 71 37 18 82 6 64 39 61 66 42 42 
#61 68 25 57 71 30 58 82 10 31 39 59 66 54 61 
#51 68 25 57 71 37 58 82 8 64 12 13 24 54 61 
#51 37 25 5 71 37 7 82 10 64 39 12 66 48 35 
#2 10 25 5 71 37 19 82 6 64 39 12 66 56 35 
#29 0 25 22 71 37 58 82 10 64 12 11 66 54 35 
#1 0 45 33 71 24 19 42 6 31 12 61 66 54 18 
#45 68 3 5 71 30 29 82 10 64 32 12 66 42 61 
#45 68 25 5 71 37 58 82 6 31 34 13 66 36 35 
#45 0 25 57 71 37 29 82 10 64 39 61 66 48 35 
#29 68 18 1 71 37 18 42 6 64 32 59 66 42 35 
7 3 20 56 33 52 
34 5 8 45 28 1 
27 14 36 46 58 10 
21 19 18 50 49 44 
24 40 17 51 12 37 
59 23 16 2 39 57 
#Base: 928
#Max: 772
#831897
#Turn 8
#45 0 25 33 71 30 29 82 6 16 39 11 66 42 35 
#45 10 45 57 71 37 58 82 6 64 32 61 66 42 18 
#45 68 3 22 71 30 13 82 10 64 32 61 66 54 18 
#45 0 25 57 10 37 29 82 10 64 32 12 66 54 35 
#29 0 25 5 71 37 58 82 6 64 39 59 66 54 35 
#45 68 44 57 10 37 58 82 8 16 39 59 24 36 18 
#61 68 25 57 71 30 18 42 6 64 34 12 66 36 61 
#61 0 25 57 71 30 58 82 6 16 39 59 66 36 61 
#29 68 25 5 71 37 58 82 10 64 32 13 66 42 61 
#45 68 25 57 71 37 58 82 10 16 32 11 66 54 35 
#29 68 25 5 71 37 7 82 10 64 12 61 66 42 42 
#29 68 18 63 71 37 7 42 47 64 34 61 66 48 18 
#51 68 50 63 71 37 58 42 10 16 39 61 66 54 35 
#51 37 50 5 71 37 58 82 10 64 39 12 66 48 35 
#45 68 25 57 71 37 29 82 10 64 39 61 66 48 35 
#61 68 50 33 71 37 13 42 10 64 7 61 66 54 18 
#51 68 50 1 71 37 58 82 10 64 12 12 66 54 35 
#51 68 25 57 71 30 58 82 8 31 39 12 66 54 61 
#61 68 18 57 71 37 58 82 6 64 39 59 66 54 42 
#1 68 18 5 71 37 18 82 6 64 39 59 66 54 42 
#29 68 25 1 71 37 7 82 6 64 12 61 66 54 35 
#29 68 32 22 71 37 58 82 10 64 12 59 24 36 35 
#29 68 25 57 71 37 58 82 10 64 12 59 24 54 61 
#45 68 25 57 71 37 58 82 8 64 12 12 24 54 35 
#45 68 25 57 71 37 58 82 6 64 39 12 66 54 35 
#51 10 18 57 71 37 7 42 8 64 39 13 66 48 35 
#45 68 32 5 71 30 18 82 8 64 39 12 66 54 35 
#45 68 32 57 10 37 58 82 10 16 39 59 66 42 35 
#51 0 25 57 10 37 58 82 8 16 39 13 66 42 42 
#45 0 25 57 71 37 58 82 6 64 34 13 66 36 35 
#45 37 44 57 10 37 29 82 8 31 39 11 66 36 18 
#45 68 25 63 71 37 58 42 6 16 39 12 24 42 35 
#29 10 45 22 71 37 58 82 10 64 32 61 66 54 18 
#45 0 3 57 71 37 29 82 10 64 39 13 66 42 61 
#45 0 25 57 10 37 58 82 10 64 32 59 66 54 42 
#51 37 25 57 71 24 58 82 10 64 39 11 66 54 35 
#45 68 44 57 10 30 58 82 8 31 34 13 24 42 42 
#29 68 25 5 71 37 7 42 10 64 12 12 66 48 35 
#51 68 18 63 71 37 58 82 47 16 34 61 66 42 18 
#51 37 50 5 71 37 58 82 8 64 39 13 66 54 35 
#45 68 25 5 71 37 58 82 10 31 32 13 66 48 35 
#45 68 25 1 71 37 58 82 6 64 39 61 24 54 18 
#45 68 45 5 71 30 58 42 6 31 7 13 66 42 42 
#2 68 25 5 71 37 58 82 10 64 12 61 66 54 35 
#51 68 18 1 71 37 58 42 8 64 34 12 66 42 35 
#51 37 50 57 71 37 58 82 10 64 39 12 66 54 61 
#45 0 18 5 71 37 29 82 10 64 39 61 66 42 42 
#45 68 18 5 71 37 29 82 6 64 39 61 66 48 18 
#61 68 45 1 71 37 7 42 10 64 39 61 66 54 35 
#2 68 32 1 10 37 58 82 10 64 39 12 66 36 35 
#29 68 32 22 71 37 58 82 10 64 12 59 24 54 61 
#61 68 25 57 71 30 58 82 8 64 12 13 66 54 61 
#61 68 18 57 71 37 18 82 6 64 39 61 66 42 35 
#1 68 25 1 71 37 58 82 6 64 12 59 66 54 35 
#29 68 18 1 71 37 18 42 6 64 39 61 66 42 35 
#51 68 25 57 10 37 58 82 10 64 39 13 66 48 35 
#45 68 32 22 71 37 58 82 10 31 12 59 24 54 61 
#51 68 25 57 10 37 58 82 8 64 39 13 66 42 61 
#29 0 25 57 71 37 58 82 8 64 39 12 66 54 35 
#45 68 25 1 71 30 58 82 6 64 12 11 66 56 35 
53 21 47 7 48 43 
34 23 8 12 56 15 
41 13 24 51 52 55 
57 17 38 18 14 35 
6 9 50 45 22 16 
2 32 39 1 11 27 
#Base: 928
#Max: 782
#842672
#Turn 9
#1 68 32 22 71 37 58 82 6 64 12 59 24 36 35 
#45 68 32 22 71 37 29 82 10 64 39 61 66 48 35 
#61 68 25 57 71 30 58 82 6 64 39 59 66 36 18 
#61 0 25 1 71 37 58 42 6 16 39 61 66 54 35 
#61 68 25 5 71 37 58 82 10 64 12 61 66 54 35 
#45 68 25 57 10 37 58 82 8 64 12 59 24 54 42 
#29 68 25 57 71 37 58 82 10 64 12 12 24 54 35 
#51 68 25 63 71 37 58 42 10 16 32 13 66 54 61 
#45 68 32 22 71 37 58 42 10 31 12 61 24 54 35 
#61 68 50 22 71 37 58 82 10 31 12 59 24 54 61 
#45 37 50 1 71 37 58 82 10 64 39 12 66 48 35 
#45 68 50 57 71 37 58 82 10 64 39 12 66 48 35 
#61 68 25 57 71 30 58 82 6 64 39 12 66 54 61 
#61 68 25 57 71 30 18 82 6 64 39 13 66 42 35 
#51 68 25 57 71 37 18 82 6 64 39 61 66 48 35 
#51 68 25 57 71 37 58 82 8 64 39 12 66 42 61 
#51 68 18 63 71 30 58 82 47 16 39 12 66 42 18 
#51 68 18 57 71 37 58 82 6 16 39 59 66 42 18 
#45 68 18 57 71 37 58 82 6 64 39 59 66 48 42 
#45 68 25 57 71 24 58 82 10 64 39 11 66 48 35 
#61 68 25 57 71 37 18 82 10 64 32 12 66 36 35 
#29 68 25 22 71 37 58 82 10 16 32 11 24 54 61 
#51 68 32 22 71 37 58 82 10 64 39 12 24 54 61 
#51 37 25 57 71 37 58 82 10 64 12 59 66 54 61 
#29 68 50 1 71 37 58 82 10 64 12 12 66 54 35 
#29 68 45 22 71 37 13 82 10 64 32 61 66 54 18 
#51 37 50 22 71 37 58 82 8 64 32 61 66 54 18 
#51 10 45 57 71 37 58 82 6 64 39 61 66 54 35 
#29 10 45 63 71 37 7 82 47 64 34 61 66 42 18 
#45 68 18 63 10 37 58 42 10 64 34 59 66 48 35 
#45 0 25 57 71 37 58 82 6 64 12 59 66 54 35 
#45 68 32 22 71 37 58 82 10 64 12 59 24 54 35 
#45 68 25 5 71 37 29 82 10 64 39 13 66 42 18 
#61 0 25 63 71 37 58 42 10 16 39 59 66 36 35 
#45 68 32 1 71 37 58 82 10 31 39 59 66 54 35 
#2 68 50 33 71 37 58 42 10 64 7 61 66 54 35 
#45 0 25 57 71 37 58 82 6 64 32 61 66 54 42 
#51 68 50 57 71 37 58 82 8 64 12 12 24 54 35 
#29 68 25 5 71 37 58 82 10 64 39 13 66 54 35 
#51 68 25 57 71 30 58 42 10 16 39 13 66 54 35 
#61 68 18 57 71 37 18 82 6 64 39 61 66 54 35 
#51 68 50 57 71 37 58 42 10 64 39 61 66 54 35 
#51 68 25 57 71 37 58 82 8 64 39 61 66 54 18 
#51 68 50 57 71 37 58 82 10 31 39 12 66 54 61 
#45 68 18 63 71 37 58 82 6 16 34 61 66 54 18 
#61 68 18 57 71 37 58 82 6 64 39 13 66 54 61 
#61 68 25 57 71 37 18 82 10 64 39 61 66 42 35 
#51 68 25 57 10 24 58 82 10 64 39 13 66 54 35 
#51 68 25 57 10 30 58 82 6 64 39 13 66 42 61 
#51 68 25 57 71 30 58 82 10 16 39 11 66 54 61 
#51 68 18 22 71 37 58 82 10 16 12 59 66 42 61 
#51 68 18 57 71 37 58 82 10 64 39 12 66 54 42 
#29 68 25 57 71 37 29 82 10 64 39 61 24 54 61 
#51 37 50 1 71 37 58 82 10 64 12 12 66 54 35 
#61 68 25 57 71 30 18 42 10 64 34 12 66 54 61 
#45 10 45 22 71 37 58 82 10 64 32 11 66 54 35 
#29 68 50 22 71 37 58 82 10 64 12 13 24 54 35 
#51 10 50 57 71 37 58 82 6 64 32 12 66 42 18 
#29 68 18 57 71 37 58 42 10 64 12 59 24 48 18 
#45 68 50 1 71 37 58 82 10 64 39 12 66 42 35 
25 20 22 19 36 54 
31 28 49 23 4 16 
37 9 11 12 43 44 
51 15 45 41 42 27 
13 26 40 18 2 52 
59 17 1 46 14 34 
#Base: 928
#Max: 763
#822198
#61 68 45 57 71 37 13 82 10 64 32 12 66 54 18 
#61 68 25 57 71 37 58 82 10 64 32 12 66 36 35 
#45 68 25 57 71 37 58 82 10 64 39 12 24 54 35 
#45 0 25 57 71 24 58 82 6 64 32 11 66 54 35 
#45 68 25 57 71 37 18 42 6 64 32 61 66 54 42 
#29 10 32 63 71 37 7 82 10 64 12 61 66 54 18 
#29 68 45 57 71 37 58 82 10 64 39 11 66 54 18 
#51 37 25 57 71 30 58 82 10 64 12 11 66 54 61 
#61 68 25 5 71 37 58 82 10 64 12 59 66 54 61 
#51 68 18 63 71 30 58 82 47 64 39 12 66 54 18 
#61 68 50 22 71 37 58 82 10 64 12 59 24 54 61 
#61 68 50 22 71 37 58 82 10 31 39 59 24 48 61 
#45 68 25 57 71 30 58 82 10 64 39 12 66 54 61 
#61 68 50 57 71 30 58 82 6 31 39 12 66 54 61 
#51 68 50 57 71 37 58 82 6 31 39 12 66 54 61 
#51 68 18 57 71 37 58 82 10 64 39 12 66 42 61 
#51 68 18 57 71 37 58 82 8 64 39 13 66 54 61 
#61 68 50 57 71 37 58 82 10 64 39 13 66 54 61 
#51 68 50 57 71 37 58 82 8 64 39 61 66 54 35 
#51 68 45 57 71 37 58 82 8 64 39 61 66 54 18 
#51 37 25 57 71 37 18 82 8 64 39 61 66 54 35 
#61 68 50 57 71 37 58 82 6 64 32 61 66 54 35 
#61 68 18 57 71 37 18 82 6 64 39 59 66 54 42 
#45 68 18 57 71 37 58 82 6 64 39 59 66 36 42 
#61 68 25 57 71 30 29 82 6 64 39 61 66 54 18 
#45 68 50 57 71 37 58 82 10 16 39 12 66 42 35 
#51 68 32 57 71 37 58 82 10 64 39 59 66 42 18 
#45 68 25 57 71 37 29 82 10 64 39 61 66 42 35 
#51 68 25 57 71 37 18 82 6 64 39 61 66 42 35 
#45 68 25 1 71 37 18 82 6 31 39 59 66 54 35 
#29 68 32 22 71 37 13 82 10 64 12 59 24 54 35 
#29 68 45 63 71 37 18 82 10 64 32 12 66 42 35 
#51 68 25 57 71 37 58 82 10 64 39 11 66 54 61 
#45 37 25 57 71 37 58 82 10 64 12 59 66 48 61 
#61 68 25 5 71 37 58 82 6 64 32 61 66 54 35 
#51 68 18 63 71 30 18 42 47 64 39 12 66 54 18 
#51 68 50 22 71 37 58 82 8 64 12 12 24 54 35 
#29 68 50 63 71 37 7 82 10 64 12 59 24 54 61 
#45 68 50 57 71 37 58 82 10 16 39 11 66 54 61 
#61 37 25 57 71 37 58 82 10 64 39 59 66 54 61 
#61 68 50 57 71 37 58 82 10 31 12 61 66 54 61 
#45 68 18 63 71 30 58 82 6 16 39 61 66 54 18 
#51 68 18 57 71 37 58 82 8 64 39 12 24 54 35 
#51 68 25 57 71 37 58 82 10 31 39 12 24 54 61 
#45 68 18 57 71 37 58 82 10 64 39 12 66 54 35 
#51 68 50 57 71 37 58 82 6 64 39 61 66 54 35 
#51 68 25 57 71 37 58 82 10 64 39 12 66 54 61 
#51 10 45 57 71 37 58 82 6 64 34 61 66 54 35 
#61 68 25 57 71 30 18 82 6 64 39 13 66 42 35 
#51 37 25 22 71 37 58 82 8 64 39 12 66 54 18 
#61 68 18 57 71 37 58 82 6 64 39 61 66 54 35 
#51 68 50 57 71 37 58 42 10 64 39 61 66 54 35 
#51 68 25 57 71 37 58 82 8 64 39 59 66 36 18 
#29 10 25 57 71 37 29 82 10 64 39 61 24 54 61 
#61 68 50 1 71 37 58 82 10 64 39 13 66 42 35 
#51 68 50 22 71 37 58 82 6 16 32 61 66 42 18 
#45 68 32 22 71 37 29 82 10 64 39 61 66 54 35 
#45 68 18 57 71 37 58 82 10 64 39 61 66 42 42 
#61 68 25 57 71 30 18 82 6 64 39 61 66 36 35 
#29 68 25 1 71 37 58 82 10 31 39 61 24 54 61 
#Base: 928
#Max: 802
#864224
