#[0] 3, 3
#[1] 4, 3
#[2] 3, 4
#[3] 3, 2
#[4] 2, 3
#[5] 2, 4
#[6] 1, 3
#[7] 2, 2
#[8] 3, 1
#[9] 4, 4
#[10] 5, 3
#[11] 3, 5
#[12] 4, 2
#[13] 3, 0
#[14] 5, 4
#[15] 4, 5
#[16] 5, 2
#[17] 4, 1
#[18] 0, 3
#[19] 1, 4
#[20] 2, 1
#[21] 1, 2
#[22] 2, 5
#[23] 0, 4
#[24] 5, 1
#[25] 0, 2
#[26] 5, 5
#[27] 1, 5
#[28] 2, 0
#[29] 1, 1
#[30] 4, 0
#[31] 0, 5
#[32] 1, 0
#[33] 0, 1
#[34] 5, 0
#[35] 0, 0
#Turn 0
15 16 46 9 44 29 
30 7 31 59 11 51 
24 32 45 43 28 26 
52 21 40 33 13 6 
8 19 42 34 2 50 
14 53 4 1 10 12 
#Base: 964
#Max: 348
#360996
#Turn 1
#10 22 5 24 10 1 60 16 19 22 33 27 28 3 21 
#38 1 13 13 51 36 4 16 19 36 33 27 28 3 21 
#14 3 13 25 51 36 6 26 3 20 30 9 0 14 38 
#33 12 2 25 18 39 55 63 23 1 30 9 38 23 9 
#22 8 29 14 24 15 55 43 8 37 36 3 54 21 3 
#54 22 23 7 37 2 31 25 33 4 29 6 25 15 3 
#45 57 23 13 4 10 38 21 30 4 7 5 25 13 15 
#45 57 3 30 12 42 38 10 21 48 26 9 32 12 8 
#3 49 3 30 7 42 14 7 11 41 26 9 14 30 8 
#47 16 37 7 7 28 18 7 51 6 15 27 19 8 20 
#32 2 56 45 8 8 43 1 12 9 23 35 26 14 24 
#16 17 1 45 32 21 43 68 33 5 31 29 15 14 1 
#38 0 22 17 12 21 3 7 10 14 10 11 21 13 1 
#38 0 18 4 12 6 15 7 74 14 10 3 43 13 20 
#3 28 18 43 32 6 1 7 70 36 37 4 22 3 4 
#60 7 21 27 24 4 18 34 18 4 20 19 8 30 25 
#1 27 28 19 8 4 22 34 5 0 5 23 4 12 0 
#1 1 20 19 28 10 25 4 5 7 5 28 4 12 74 
#6 2 30 19 9 10 25 4 41 9 5 15 5 11 77 
#0 2 24 18 2 19 22 17 41 15 26 15 5 32 14 
#7 23 22 7 9 24 30 3 7 21 29 18 0 14 24 
#25 16 7 7 66 15 42 29 28 1 29 8 12 14 22 
#20 23 7 20 23 24 10 29 28 5 36 4 12 13 16 
#20 17 51 8 23 24 32 1 4 28 2 4 26 38 16 
#61 17 51 4 11 59 24 2 11 28 2 11 13 5 9 
#16 24 9 23 16 10 14 34 14 26 8 63 33 21 31 
#4 7 9 23 12 4 55 34 24 9 8 12 3 21 24 
#18 40 12 20 22 20 55 30 17 9 66 12 12 0 1 
#18 29 12 23 2 15 41 32 17 14 66 7 40 0 30 
#29 29 0 23 2 18 8 33 17 21 4 28 40 32 30 
#54 22 12 14 10 1 2 16 33 22 42 43 32 15 3 
#5 48 23 13 12 2 60 16 19 4 20 27 25 13 46 
#45 3 13 4 51 36 38 5 3 36 17 29 0 14 38 
#13 49 2 30 18 39 14 63 11 20 30 9 8 31 16 
#3 8 29 14 24 28 18 7 8 41 36 23 38 8 9 
#22 16 8 21 6 4 3 43 4 6 15 3 19 21 20 
#54 36 12 12 17 6 1 12 33 28 23 35 26 16 3 
#16 48 23 13 37 2 31 1 33 4 20 29 25 13 46 
#27 17 15 20 4 10 3 68 10 16 31 11 21 12 1 
#13 0 22 17 12 21 14 7 11 48 26 25 3 14 8 
#3 59 18 4 8 6 1 13 70 13 37 27 14 13 6 
#24 51 15 21 32 2 29 7 51 36 37 4 19 3 4 
#60 7 1 12 8 8 30 12 18 9 20 19 8 30 14 
#16 2 21 57 49 14 43 1 28 0 5 29 15 4 0 
#27 27 1 20 8 14 22 68 5 27 6 23 4 12 1 
#38 1 22 19 28 10 15 7 7 25 10 28 3 14 77 
#0 28 30 4 9 6 9 13 70 9 37 15 43 13 14 
#24 2 24 43 2 2 18 17 14 36 15 68 22 32 8 
#7 7 22 4 24 30 30 3 18 4 20 19 26 30 25 
#10 31 21 7 2 24 7 24 28 21 29 18 54 4 0 
#25 27 7 19 8 15 22 29 5 7 36 8 4 13 28 
#6 23 18 19 28 24 32 4 18 5 5 28 2 5 77 
#0 2 51 4 9 59 8 5 4 28 2 11 5 11 14 
#19 14 8 41 2 19 24 17 11 28 3 68 13 32 39 
#16 24 22 4 16 11 30 8 7 14 1 52 26 46 31 
#4 16 9 23 63 4 14 34 21 21 32 63 24 14 22 
#18 12 17 20 7 20 55 1 28 9 36 8 12 13 52 
#20 23 12 2 22 15 32 1 17 5 66 24 12 5 16 
#16 29 0 4 5 59 8 32 4 28 57 11 26 24 30 
#29 18 8 41 11 5 24 2 11 28 4 28 13 5 39 
57 38 43 46 41 1 
44 37 32 14 31 30 
56 10 27 40 24 21 
28 4 7 3 55 18 
6 47 33 11 45 13 
15 17 53 51 58 25 
#Base: 964
#Max: 393
#407676
#Turn 2
#20 23 15 20 4 10 32 68 10 5 66 24 21 5 1 
#16 17 21 20 4 10 3 1 28 16 5 29 15 12 1 
#16 2 21 57 49 6 9 13 70 0 5 29 15 13 14 
#0 28 15 21 9 6 29 13 70 36 37 15 19 3 14 
#38 51 15 13 51 36 4 16 19 36 37 4 19 3 21 
#27 27 1 20 37 14 22 1 5 27 6 23 25 12 1 
#16 48 23 4 37 2 31 5 33 4 17 29 25 13 46 
#45 3 13 43 32 36 38 5 70 36 17 29 22 14 38 
#5 48 18 13 32 6 60 16 19 36 37 27 22 13 4 
#54 48 23 14 12 2 2 16 33 4 20 27 25 15 3 
#32 2 17 20 8 8 43 1 12 9 23 35 12 14 24 
#18 2 12 20 22 20 43 30 12 9 66 12 26 14 1 
#3 40 12 20 8 6 55 30 17 9 37 27 14 0 1 
#61 59 18 4 8 6 1 13 70 13 2 11 13 5 6 
#25 16 7 7 11 59 42 29 11 28 2 8 12 14 22 
#22 8 12 14 24 15 55 43 17 14 36 3 40 0 3 
#22 8 3 14 24 42 55 43 8 48 36 3 54 12 8 
#33 12 2 30 12 42 38 63 23 48 26 9 32 12 9 
#33 12 2 25 63 39 14 34 23 21 32 9 24 14 9 
#4 2 30 19 63 10 14 4 41 21 32 15 5 14 77 
#24 2 23 13 2 2 38 21 14 36 7 68 25 32 15 
#24 49 2 30 2 39 18 63 11 20 15 9 8 31 16 
#16 49 2 30 18 21 14 68 11 20 31 9 15 14 1 
#38 1 22 19 28 21 43 68 7 5 10 29 15 14 1 
#38 0 22 4 12 10 15 7 7 25 10 3 43 14 77 
#60 7 21 19 24 4 25 4 18 7 20 28 8 30 74 
#19 1 20 19 2 19 24 4 5 7 3 68 4 32 39 
#19 14 18 41 28 24 32 17 11 28 3 28 13 5 39 
#16 23 0 4 28 59 32 4 18 28 57 11 2 5 77 
#16 29 9 4 16 59 14 32 4 26 57 11 26 24 30 
#27 27 12 20 8 14 32 1 5 5 6 23 4 12 1 
#27 48 23 13 4 2 3 1 33 16 31 29 21 12 46 
#16 3 21 57 49 14 38 1 3 0 17 29 15 14 0 
#0 28 30 43 9 6 9 13 70 36 37 15 22 13 14 
#5 51 23 13 12 2 29 7 19 4 20 4 19 3 4 
#54 22 12 14 51 36 2 16 19 36 33 43 28 15 3 
#18 12 1 20 7 20 55 1 28 9 6 23 4 12 1 
#16 2 56 13 8 8 31 1 12 4 23 29 25 13 46 
#18 3 13 4 22 36 55 30 17 9 66 12 0 0 1 
#3 28 18 4 32 6 1 13 70 13 37 27 14 3 6 
#61 48 51 4 12 2 24 16 11 4 20 27 25 13 46 
#25 16 7 7 10 15 42 29 28 1 29 43 12 14 22 
#18 12 17 23 2 15 41 1 17 9 66 8 40 13 30 
#22 2 56 45 24 8 43 43 8 9 23 35 26 14 3 
#45 57 3 30 12 20 38 30 17 48 66 9 32 12 8 
#33 59 2 4 18 6 1 13 23 1 37 9 38 13 9 
#4 16 51 23 63 4 24 34 21 21 32 63 13 5 9 
#25 2 7 7 66 15 25 4 41 1 29 15 5 14 77 
#18 57 23 13 2 15 41 32 17 14 66 5 40 13 15 
#24 8 29 14 2 2 55 43 8 37 36 3 54 32 8 
#13 49 2 30 12 42 38 63 21 48 30 9 32 31 16 
#33 17 1 45 18 21 43 68 33 1 30 29 38 23 1 
#4 1 9 23 63 4 14 34 7 25 10 63 3 14 22 
#38 0 18 19 9 6 15 4 74 14 10 15 5 13 20 
#45 7 21 13 4 10 18 21 18 4 20 5 8 13 25 
#1 2 24 43 28 2 18 17 5 36 15 68 22 32 74 
#13 14 2 30 2 39 24 17 11 28 3 68 8 32 39 
#6 17 1 45 28 24 32 68 18 5 31 29 15 14 1 
#38 1 22 19 28 10 15 7 7 25 57 28 3 14 30 
#16 0 18 23 16 6 15 7 74 14 10 63 33 13 31 
18 20 57 49 52 23 
22 21 24 50 35 4 
8 33 46 47 19 43 
48 51 7 55 44 16 
38 0 25 28 13 17 
3 29 40 59 2 56 
#Base: 964
#Max: 441
#457469
#Turn 3
#33 2 23 13 63 2 38 21 14 36 32 9 25 32 15 
#6 2 23 13 2 2 32 21 18 36 31 68 15 32 1 
#24 8 29 45 28 2 55 68 8 5 31 3 15 32 1 
#24 8 9 23 63 4 14 34 8 25 10 63 3 14 8 
#4 1 22 19 28 21 14 68 7 5 10 29 15 14 22 
#24 49 2 30 18 39 14 63 11 20 31 9 15 31 16 
#24 49 22 30 2 10 15 7 7 20 10 3 43 31 16 
#38 0 22 30 12 10 38 7 21 25 30 3 32 31 16 
#54 22 2 30 51 42 2 16 21 36 30 9 32 15 16 
#54 51 15 13 51 36 2 16 19 36 37 4 28 3 21 
#5 28 18 43 9 6 60 16 70 36 37 15 22 13 14 
#0 28 30 43 63 4 24 13 70 21 32 63 22 5 9 
#4 16 7 23 63 15 25 34 41 1 29 15 5 5 9 
#4 2 7 7 63 10 14 4 41 1 32 15 5 14 77 
#22 2 30 45 63 8 43 43 41 21 32 15 26 14 77 
#33 57 1 13 18 15 43 68 33 14 66 29 38 23 1 
#33 3 13 43 18 36 43 5 70 36 30 29 22 14 1 
#45 3 24 43 28 2 38 17 5 36 17 29 22 14 74 
#45 2 3 30 12 20 18 17 17 48 66 9 22 32 8 
#22 8 3 30 12 42 55 30 8 48 66 3 54 12 8 
#20 23 13 4 22 10 32 68 10 5 66 12 21 0 1 
#60 7 15 20 4 10 32 68 10 5 20 24 21 30 74 
#16 23 0 19 24 59 25 4 18 7 20 11 2 5 74 
#16 23 18 4 28 6 1 13 18 13 2 11 13 5 6 
#61 12 18 30 12 6 38 63 23 48 26 9 32 12 6 
#16 29 9 4 9 6 14 32 4 36 37 15 26 3 14 
#16 29 9 4 12 59 24 32 11 26 57 11 26 13 46 
#16 48 51 4 16 6 24 7 11 4 10 27 25 13 31 
#16 0 18 57 16 6 15 13 74 0 5 63 33 13 14 
#16 14 2 57 49 39 9 13 70 28 3 68 15 32 39 
#16 12 2 30 63 21 14 34 23 20 31 9 15 14 1 
#24 2 2 30 2 2 38 63 11 36 15 68 8 31 16 
#6 0 1 45 12 10 32 68 7 5 31 29 15 14 1 
#13 8 2 30 2 2 38 43 8 37 36 9 54 31 8 
#4 1 12 14 63 4 14 34 19 36 33 63 3 14 22 
#38 1 22 13 28 21 4 16 19 36 37 29 15 3 1 
#16 49 18 30 18 21 60 68 11 36 37 9 15 13 4 
#24 28 2 30 2 39 9 63 70 36 37 9 22 13 16 
#4 0 51 23 63 10 24 34 7 25 32 63 43 5 9 
#25 49 7 7 12 42 25 63 21 1 29 9 5 14 77 
#4 2 30 14 63 10 2 4 41 36 33 43 28 14 3 
#38 51 56 13 51 8 4 16 8 36 37 4 19 3 3 
#5 48 23 13 2 6 41 16 19 14 37 27 40 13 15 
#33 28 1 43 9 6 9 68 33 1 30 15 22 23 14 
#4 3 13 43 32 4 24 5 70 21 17 29 22 14 9 
#1 2 24 43 28 15 18 4 5 36 29 15 5 14 74 
#4 2 30 19 63 10 38 30 17 21 32 15 32 12 8 
#22 2 3 14 24 8 43 43 8 48 23 35 54 12 3 
#18 57 23 4 22 36 41 30 17 9 66 12 0 0 1 
#33 23 1 45 4 10 32 68 10 5 30 29 38 5 1 
#45 3 21 43 24 4 38 4 70 36 17 29 22 30 74 
#16 2 0 4 28 59 18 4 5 28 57 11 22 5 77 
#45 59 3 4 8 6 38 30 17 48 2 9 32 5 6 
#22 12 3 30 24 42 38 63 8 48 26 3 32 12 9 
#18 3 15 4 9 36 55 30 17 9 37 12 0 0 1 
#16 23 15 20 16 59 32 68 4 26 57 11 21 24 30 
#61 7 51 4 12 4 24 16 11 4 20 28 8 13 74 
#16 23 0 23 28 59 15 7 18 14 57 11 2 13 31 
#16 2 21 4 8 6 1 13 70 0 5 29 15 5 14 
#13 12 2 30 2 42 38 17 11 48 3 68 32 32 39 
45 18 53 16 9 8 
22 20 2 39 56 41 
34 31 19 11 21 13 
28 55 15 14 50 51 
49 59 36 29 38 17 
5 48 24 37 10 26 
#Base: 964
#Max: 482
#500000
#Turn 4
#1 2 24 43 28 15 18 4 5 36 66 9 22 14 8 
#22 2 3 30 12 42 18 17 17 48 66 3 22 32 9 
#33 3 3 43 18 36 38 5 70 48 30 29 22 14 1 
#33 51 15 43 51 36 2 5 19 36 30 29 28 3 21 
#54 51 15 13 51 36 2 16 21 36 30 4 28 15 21 
#20 23 13 19 24 59 25 4 10 5 66 12 2 5 1 
#20 23 29 4 28 10 55 68 10 5 66 12 15 32 1 
#24 8 29 7 12 42 25 63 21 5 29 3 15 14 1 
#61 7 7 4 12 42 25 63 21 1 20 9 8 13 74 
#61 7 51 4 12 4 24 16 8 4 37 28 8 3 74 
#24 2 2 30 2 4 14 34 11 36 33 63 3 14 22 
#24 2 2 30 2 42 55 30 8 48 66 68 8 12 16 
#0 28 3 43 63 4 55 30 8 48 66 63 22 12 8 
#60 28 15 43 4 10 32 13 70 5 32 63 22 30 9 
#60 7 15 7 4 10 14 68 41 5 32 24 21 30 74 
#16 0 15 20 16 6 15 68 4 0 57 63 33 13 14 
#16 23 1 13 18 59 32 68 33 14 66 29 21 24 1 
#33 57 1 45 18 15 43 43 41 14 32 29 26 14 1 
#22 2 21 45 24 4 43 43 70 21 32 15 22 14 74 
#45 2 21 4 28 59 18 4 5 28 57 29 22 30 74 
#33 12 2 30 4 10 32 17 10 48 30 68 32 32 1 
#13 49 18 30 18 21 38 17 11 36 3 9 15 32 39 
#16 49 2 30 49 21 9 68 70 28 37 9 15 13 39 
#4 0 51 57 49 10 24 34 70 25 3 63 43 32 9 
#4 3 51 43 63 10 38 17 7 25 17 63 43 5 9 
#24 57 23 30 18 39 14 63 11 9 66 9 0 0 1 
#61 12 18 4 12 36 41 30 23 9 26 9 32 12 6 
#24 12 18 30 2 6 38 63 70 48 37 9 32 12 6 
#5 28 18 30 9 6 9 63 70 36 37 9 22 13 16 
#16 29 18 43 9 6 24 16 11 36 57 15 26 13 14 
#1 23 0 43 24 59 25 4 5 7 29 11 5 14 74 
#45 23 3 30 22 20 18 68 10 48 66 9 22 32 1 
#22 12 29 30 24 42 55 63 8 5 26 3 15 12 1 
#25 49 7 43 12 42 25 5 21 36 30 29 5 14 1 
#61 7 51 4 12 4 24 16 11 36 37 28 28 3 21 
#54 51 2 30 51 42 2 16 21 36 30 9 19 3 16 
#4 23 0 14 24 4 14 34 19 36 20 11 2 5 74 
#20 23 2 30 22 2 38 68 11 5 66 12 21 31 1 
#22 8 3 30 12 42 55 68 8 5 31 3 54 12 1 
#0 49 30 7 12 4 24 63 21 21 32 9 5 14 9 
#61 7 51 20 4 4 32 16 10 4 20 24 21 13 74 
#4 2 7 7 51 8 4 16 41 1 37 4 19 14 3 
#4 1 12 14 63 6 14 13 19 36 33 63 33 14 22 
#16 23 15 20 16 2 32 63 4 36 15 68 8 31 16 
#33 8 1 30 12 15 43 68 8 48 66 29 54 23 1 
#0 28 30 43 63 8 43 43 70 21 32 15 22 5 9 
#60 7 21 43 4 4 38 4 10 36 20 24 21 30 74 
#16 2 0 7 28 59 18 4 41 1 32 11 22 5 77 
#33 23 1 45 4 6 32 13 10 0 5 63 33 5 14 
#13 12 2 30 2 59 32 68 4 26 57 68 32 32 30 
#16 57 1 30 18 21 60 68 11 14 37 29 15 13 4 
#16 14 30 57 63 8 9 43 70 28 3 15 15 32 77 
#45 0 51 23 63 10 38 4 70 36 32 63 22 30 74 
#45 2 24 4 28 2 18 17 5 36 17 11 22 14 74 
#33 49 1 30 4 10 32 68 10 5 30 29 38 31 16 
#13 57 23 30 2 42 38 30 17 9 3 12 0 0 1 
#16 49 18 30 12 21 38 63 23 36 26 9 15 12 4 
#24 14 2 57 2 39 9 13 70 36 37 68 15 32 39 
#5 28 18 23 9 6 60 16 7 25 32 15 43 5 14 
#16 29 9 4 28 2 38 32 5 36 57 29 22 14 74 
47 35 40 8 25 54 
37 28 6 22 46 9 
38 50 18 49 57 59 
45 44 12 52 23 14 
15 24 19 51 13 31 
3 2 27 11 16 17 
#Base: 964
#Max: 561
#581950
#Turn 5
#54 2 0 7 51 59 2 16 21 1 30 9 22 5 77 
#61 7 51 30 4 42 32 16 21 4 20 24 19 3 74 
#61 7 7 20 4 42 32 63 21 1 20 9 21 13 74 
#24 57 23 30 18 42 14 63 11 9 20 9 0 13 74 
#24 49 23 30 4 10 32 63 10 5 30 9 0 31 1 
#20 28 2 30 9 2 38 63 11 5 37 12 21 13 16 
#20 23 18 30 28 6 55 63 10 5 37 9 22 13 1 
#20 49 29 30 49 10 55 68 70 28 66 9 15 13 39 
#60 49 2 43 4 4 38 4 10 36 20 9 15 13 39 
#60 7 51 4 4 4 38 16 10 36 20 24 21 30 74 
#22 8 3 30 18 21 60 68 8 14 31 29 15 13 1 
#22 2 1 45 24 21 43 43 70 21 32 29 22 13 74 
#22 2 21 45 24 59 32 43 70 21 32 15 22 14 74 
#13 12 2 57 2 59 32 13 4 36 57 68 32 32 30 
#24 14 9 57 28 2 9 13 70 36 57 68 15 32 74 
#0 28 1 30 12 8 43 43 8 21 32 15 54 23 9 
#0 8 1 30 12 4 43 30 8 48 66 63 54 23 8 
#0 28 3 43 63 4 55 4 8 48 32 63 22 12 8 
#45 0 51 57 63 10 38 4 70 25 3 63 22 32 9 
#60 0 51 7 4 10 24 34 70 25 3 24 43 32 9 
#16 0 15 43 63 6 15 68 4 0 57 63 33 13 9 
#45 2 51 43 28 59 18 17 7 25 57 29 43 30 74 
#45 2 30 4 28 59 18 43 5 28 3 15 22 32 77 
#16 28 30 57 4 10 32 13 70 28 3 15 22 32 77 
#45 28 3 30 22 10 32 13 70 48 32 63 22 30 1 
#33 51 3 43 18 36 2 5 70 36 30 29 22 3 21 
#24 3 3 30 2 36 38 5 70 48 37 9 32 12 1 
#24 12 2 30 2 6 38 63 8 48 66 9 32 12 6 
#24 2 1 13 2 42 55 30 8 48 66 29 8 24 1 
#33 23 1 13 18 59 43 43 33 14 32 29 21 14 1 
#20 2 2 30 22 59 38 4 41 5 32 12 22 5 77 
#5 51 2 30 9 42 2 16 70 36 30 9 22 3 16 
#20 23 51 20 4 10 32 16 10 5 66 12 21 13 1 
#16 7 7 4 12 21 9 63 21 1 37 9 15 13 39 
#24 57 23 43 18 4 14 4 10 36 66 9 21 0 74 
#33 49 1 30 12 4 32 68 8 4 37 28 8 31 16 
#22 8 3 30 22 42 55 68 8 5 31 3 54 31 1 
#5 57 18 30 18 21 9 63 70 14 37 9 22 13 16 
#20 23 29 45 24 10 43 43 10 5 66 15 15 14 1 
#13 12 2 30 2 59 32 68 70 26 37 68 15 13 30 
#60 7 21 43 4 4 9 4 70 36 37 68 21 32 39 
#16 29 9 4 12 2 24 32 5 36 37 28 22 3 74 
#22 8 3 43 12 8 55 68 8 21 31 15 54 12 9 
#16 57 1 30 12 21 60 68 8 14 66 29 54 13 4 
#0 2 21 45 24 4 43 30 8 21 32 63 22 12 74 
#45 0 2 23 63 10 38 4 70 26 32 63 22 30 30 
#24 14 2 57 49 10 24 34 70 36 3 68 43 32 39 
#60 29 15 7 28 10 38 32 5 5 32 29 21 14 74 
#16 0 15 43 63 8 43 68 4 0 32 63 33 13 14 
#33 8 51 43 63 15 43 17 7 48 66 63 54 5 9 
#0 2 21 4 28 4 55 30 8 28 66 29 22 30 74 
#45 0 51 23 63 10 9 43 70 28 3 63 22 30 77 
#60 28 51 43 49 10 32 34 70 5 3 63 43 32 9 
#60 23 15 7 4 10 18 68 10 5 32 24 22 32 1 
#33 0 15 20 51 36 15 68 19 0 30 63 33 13 14 
#33 3 51 43 18 36 38 17 70 25 30 29 22 5 1 
#24 2 21 30 2 6 38 4 70 48 57 9 32 30 6 
#24 14 30 30 2 42 55 30 70 48 3 15 15 12 77 
#16 23 1 13 18 59 32 13 33 14 32 63 22 30 1 
#33 23 1 30 22 20 43 68 10 48 32 29 22 32 1 
25 37 2 20 22 9 
55 54 16 18 48 1 
44 34 46 14 21 50 
45 39 52 51 49 43 
19 24 40 7 12 13 
0 3 23 57 11 17 
#Base: 964
#Max: 550
#570539
#Turn 6
#33 51 3 30 18 21 9 5 70 36 30 29 22 3 21 
#5 57 7 30 4 21 32 63 70 1 37 9 21 13 74 
#16 7 15 20 4 6 15 63 21 1 57 63 33 13 9 
#16 2 30 4 63 6 18 68 4 28 57 63 22 13 9 
#60 7 51 4 28 59 38 16 5 36 20 24 22 32 74 
#33 0 15 20 51 36 38 68 19 0 30 63 33 5 14 
#33 8 1 30 12 4 43 68 19 48 30 63 33 13 8 
#0 8 51 57 63 10 43 30 8 25 66 63 22 32 8 
#16 0 51 43 63 10 43 4 70 25 32 63 22 13 9 
#16 0 51 43 63 42 43 16 21 4 32 63 33 13 14 
#24 2 23 43 18 4 43 30 8 36 32 63 21 0 74 
#24 14 23 43 49 4 24 4 70 36 3 9 21 32 74 
#24 14 9 57 28 10 24 13 70 36 57 68 43 32 39 
#45 2 9 43 28 59 18 13 70 25 57 68 43 30 74 
#0 2 21 4 28 59 55 17 7 25 66 29 22 30 74 
#13 12 2 23 2 59 38 68 70 26 32 63 22 30 30 
#13 28 51 43 49 59 32 34 70 5 3 63 15 32 30 
#45 0 51 23 49 10 32 43 70 28 3 63 22 32 9 
#33 8 51 23 63 10 43 43 70 48 66 63 22 30 9 
#33 57 51 43 12 15 60 68 7 48 66 29 54 5 9 
#60 0 51 7 22 10 32 34 70 25 3 63 43 30 9 
#60 28 21 43 22 10 9 4 70 36 32 68 21 32 1 
#60 7 21 30 49 10 55 68 70 36 66 9 21 13 39 
#22 49 21 30 49 59 32 43 70 28 66 9 15 13 39 
#22 2 2 45 24 59 32 13 70 36 32 68 22 14 74 
#24 57 23 30 18 59 14 63 11 1 30 9 0 5 77 
#24 28 30 30 4 42 32 13 11 28 3 15 0 13 74 
#16 28 30 30 2 10 32 30 70 48 3 15 22 12 77 
#24 2 1 30 2 21 43 30 70 21 32 15 15 12 74 
#0 2 1 45 63 21 55 4 8 48 32 63 22 13 8 
#33 51 51 43 18 36 2 17 70 25 30 29 22 3 1 
#33 57 15 20 18 21 9 68 70 14 37 9 22 13 16 
#0 8 1 30 12 42 43 30 8 1 20 9 21 23 74 
#45 0 15 43 63 10 38 68 70 0 57 63 22 13 9 
#45 0 30 4 63 59 43 43 4 0 32 15 33 32 14 
#61 7 51 4 4 42 38 16 10 4 20 24 19 30 74 
#33 2 51 43 24 4 38 30 8 21 32 63 22 5 74 
#33 0 15 20 18 4 15 68 10 36 30 9 21 0 14 
#24 8 2 57 12 10 24 30 8 48 66 68 43 32 8 
#45 14 9 57 63 2 9 4 70 25 57 68 15 32 9 
#16 2 15 43 63 8 43 17 7 0 32 63 43 13 74 
#0 7 51 4 4 42 32 30 21 4 20 24 19 3 74 
#45 0 2 23 24 4 38 4 70 21 32 63 22 30 30 
#24 57 23 30 18 4 32 4 70 26 66 9 21 0 74 
#60 28 51 43 49 10 24 34 70 5 3 63 43 32 39 
#24 14 9 23 28 10 9 13 70 36 57 68 22 32 77 
#33 2 51 43 28 59 43 17 7 25 57 63 43 5 74 
#16 57 21 4 12 4 55 68 8 14 66 29 54 13 74 
#60 0 2 23 63 10 24 4 70 26 32 63 22 32 9 
#45 28 3 30 22 59 32 68 70 48 32 68 15 30 1 
#60 28 21 43 49 4 9 4 70 36 37 63 43 32 9 
#20 0 29 30 49 10 55 43 70 28 3 63 15 13 77 
#33 8 21 43 24 59 32 43 70 21 32 63 22 14 74 
#13 12 1 57 2 21 60 68 4 36 66 68 32 13 30 
#54 2 0 7 4 59 2 16 70 1 30 24 43 5 9 
#24 28 23 30 22 10 32 63 11 48 20 9 22 30 1 
#60 7 21 43 4 4 9 13 70 28 37 15 21 32 39 
#24 49 30 30 2 10 55 68 70 28 3 15 15 12 39 
#22 2 1 45 24 21 43 43 70 21 32 29 22 14 74 
#0 28 2 43 2 4 32 4 8 36 32 68 22 12 30 
38 36 20 45 4 57 
14 40 17 52 7 58 
21 15 44 49 46 43 
12 33 22 13 19 16 
48 39 51 18 23 50 
9 8 53 24 47 1 
#Base: 964
#Max: 584
#605809
#Turn 7
#24 8 51 43 24 4 38 30 8 21 66 68 22 32 8 
#33 0 51 7 24 10 38 34 8 25 32 63 22 30 9 
#24 0 9 7 22 10 32 34 70 36 3 68 22 32 9 
#60 7 9 23 28 59 38 13 70 36 20 68 22 32 77 
#60 49 30 4 2 59 55 68 5 36 20 15 15 32 74 
#16 2 15 4 28 8 55 17 7 25 32 63 43 30 74 
#45 0 51 43 63 10 32 17 7 0 32 63 43 32 9 
#45 8 21 43 24 10 32 43 70 28 32 63 22 14 9 
#0 8 21 57 24 10 32 43 70 25 66 63 22 14 8 
#0 2 1 57 63 10 43 43 70 25 32 63 22 14 8 
#13 28 21 43 22 59 38 4 70 26 32 68 22 32 1 
#60 28 2 23 2 59 38 68 70 5 32 63 22 32 30 
#45 28 3 43 49 10 24 68 70 5 3 63 15 32 1 
#45 28 51 43 28 59 43 68 7 25 57 63 43 5 74 
#33 2 51 30 28 4 32 4 7 26 57 63 43 0 74 
#45 14 15 57 63 10 38 68 70 0 57 63 43 13 9 
#60 0 15 43 63 10 38 68 70 36 57 63 21 13 9 
#60 2 21 30 49 59 18 68 70 36 57 68 43 13 74 
#33 57 9 43 12 59 60 68 7 25 57 29 54 5 9 
#33 57 51 43 49 59 60 68 70 5 3 63 54 32 9 
#60 14 2 57 63 10 24 4 70 26 57 68 15 32 9 
#45 14 29 30 63 2 9 4 70 25 57 68 15 13 77 
#33 0 29 30 49 10 43 43 70 28 66 63 22 30 9 
#22 8 51 23 49 10 43 43 70 48 66 63 15 13 39 
#22 49 21 30 49 4 9 4 70 28 37 9 43 13 39 
#16 0 51 43 63 42 43 4 70 25 32 63 33 13 14 
#16 12 1 57 63 21 43 68 70 25 32 63 22 13 9 
#22 2 1 45 24 59 60 13 70 36 32 68 32 13 74 
#16 57 2 4 12 59 32 13 70 14 66 68 54 14 74 
#16 57 7 4 4 21 55 63 70 14 66 29 54 13 74 
#0 8 21 57 28 59 55 17 8 25 66 68 22 30 74 
#33 2 51 43 24 4 38 30 7 21 32 63 43 13 74 
#45 0 51 7 22 10 32 34 70 25 3 63 22 30 9 
#33 8 9 43 24 59 9 43 70 21 57 63 22 32 74 
#0 7 51 4 28 10 38 16 8 25 20 24 22 32 8 
#22 2 30 45 24 21 55 68 70 28 3 15 15 14 39 
#60 28 21 4 22 10 9 17 7 36 66 68 21 32 1 
#13 2 2 43 2 59 38 17 70 0 32 63 22 30 74 
#45 28 51 23 49 10 32 34 70 5 3 63 43 32 39 
#45 8 21 43 24 59 32 68 70 48 32 63 22 30 74 
#0 8 51 43 28 10 43 30 7 25 57 63 43 5 8 
#24 57 1 45 18 4 43 43 70 21 66 29 21 0 74 
#60 14 9 43 28 10 24 13 70 36 57 68 43 32 39 
#45 0 15 23 2 59 38 68 70 0 32 63 22 30 30 
#60 28 51 30 49 10 24 34 70 36 3 63 21 13 39 
#45 28 3 30 28 59 18 68 70 25 32 68 15 30 1 
#33 2 51 43 28 15 43 68 7 25 57 63 54 5 9 
#13 28 51 43 18 59 32 4 70 26 3 9 21 32 74 
#60 14 2 57 63 10 24 4 70 36 32 63 22 32 9 
#45 0 15 57 63 2 38 68 70 25 57 68 15 13 9 
#60 0 21 30 49 10 55 68 70 28 3 9 15 13 77 
#45 8 9 43 28 10 18 13 70 25 57 68 22 30 74 
#22 57 21 43 12 15 60 68 70 28 66 29 54 5 9 
#60 28 21 43 49 4 9 34 70 5 3 63 43 32 9 
#60 0 2 43 63 10 43 4 21 26 32 63 22 13 14 
#16 0 9 57 63 2 9 4 70 25 32 63 15 32 9 
#13 12 1 57 2 21 55 68 4 36 3 63 15 13 77 
#33 2 2 45 24 59 43 13 70 48 32 68 22 14 74 
#16 57 21 30 12 4 55 43 8 28 66 9 54 13 39 
#5 28 21 30 49 21 9 63 70 1 37 63 21 13 74 
47 43 45 21 22 59 
46 26 44 28 4 50 
20 18 33 15 16 41 
49 3 39 17 13 29 
25 11 27 19 52 30 
48 38 42 23 57 51 
#Base: 964
#Max: 668
#692946
#Turn 8
#13 28 15 23 18 59 32 4 70 0 3 9 21 32 74 
#45 0 3 30 2 59 38 68 70 25 32 68 22 30 30 
#45 28 3 30 63 59 9 68 70 25 57 68 15 13 77 
#45 0 29 30 63 2 43 43 70 25 66 63 22 13 77 
#5 0 21 30 49 21 43 63 70 1 37 63 22 30 9 
#16 2 1 57 63 21 43 68 7 25 32 63 22 13 9 
#60 28 51 57 63 10 24 34 70 25 3 63 22 13 39 
#60 28 51 30 12 10 32 34 70 14 3 63 54 14 39 
#60 57 2 4 2 59 32 13 70 14 20 68 54 32 74 
#60 49 30 30 49 59 55 68 70 36 20 9 15 32 74 
#33 14 9 43 12 59 60 68 70 26 57 68 54 32 9 
#33 8 9 43 24 59 9 43 7 25 57 63 54 5 74 
#45 14 9 43 63 59 9 68 70 21 57 63 43 13 9 
#45 14 15 57 63 10 38 68 70 36 57 63 21 13 9 
#60 0 15 43 18 10 43 68 70 21 57 63 21 13 9 
#45 0 15 57 63 59 38 68 70 36 20 68 15 32 9 
#45 7 9 43 24 59 38 68 70 36 32 68 22 32 77 
#60 8 21 43 24 59 32 68 70 36 32 63 22 30 74 
#60 2 51 43 49 59 18 68 70 36 57 68 43 13 74 
#16 57 51 43 28 21 43 63 7 14 57 29 43 13 74 
#60 0 51 43 63 42 43 68 70 25 32 63 22 32 30 
#22 2 1 45 2 59 60 68 70 5 32 68 22 32 30 
#33 57 51 43 49 59 60 13 70 36 3 68 32 13 74 
#33 57 21 43 49 15 60 68 70 28 3 29 54 32 9 
#22 8 21 57 12 15 60 17 70 28 66 68 22 5 9 
#45 14 2 57 49 10 24 34 70 5 3 63 22 32 39 
#60 28 9 23 49 10 32 13 70 5 3 68 43 32 39 
#22 8 9 23 28 10 43 43 70 36 57 68 43 32 39 
#22 8 2 23 49 10 43 43 70 48 66 68 15 13 74 
#45 8 9 43 24 59 18 13 70 48 57 68 22 14 74 
#13 28 51 43 28 15 43 68 70 26 57 9 54 32 74 
#45 0 1 23 2 59 38 68 70 25 32 63 22 13 9 
#60 28 51 30 49 10 18 68 70 36 32 63 21 13 1 
#45 57 29 30 12 59 32 4 70 25 57 68 54 14 77 
#33 0 30 4 49 10 55 43 70 36 66 15 15 32 9 
#5 0 21 30 49 21 55 68 70 28 3 9 21 13 74 
#60 2 2 57 28 15 24 4 7 26 57 63 54 32 9 
#16 57 9 43 12 59 60 68 70 25 57 63 22 5 9 
#33 8 9 43 24 10 24 43 70 36 3 63 22 32 74 
#16 57 2 4 63 59 38 13 70 0 66 63 43 14 9 
#60 49 15 4 2 10 55 68 5 36 57 63 21 32 74 
#24 57 1 45 49 4 55 43 70 21 66 29 21 0 74 
#60 0 15 57 63 10 38 68 70 26 57 68 15 13 9 
#33 57 9 23 12 59 38 13 70 25 57 29 54 5 77 
#45 8 21 43 24 59 9 68 70 21 57 63 22 32 74 
#60 2 21 30 63 59 18 68 70 0 57 63 43 13 74 
#45 28 51 43 28 10 43 68 7 25 57 63 21 5 74 
#24 57 1 45 4 4 55 43 70 14 66 29 21 0 74 
#16 0 15 43 63 2 43 68 70 25 57 63 15 13 9 
#60 28 2 23 2 59 38 13 70 5 32 68 22 32 77 
#22 2 21 45 24 59 60 13 70 36 32 68 32 30 74 
#60 57 51 43 49 59 60 68 70 36 3 63 43 13 9 
#45 28 51 43 12 15 43 68 70 25 57 63 54 5 9 
#16 8 21 57 28 59 55 63 8 25 66 29 54 13 74 
#60 0 2 57 63 42 24 4 70 25 32 63 22 32 14 
#60 28 51 23 49 10 38 68 70 5 3 63 43 32 30 
#22 2 1 45 24 10 24 13 70 36 57 68 43 32 74 
#22 57 51 23 49 10 43 43 70 48 66 63 54 32 39 
#22 2 2 45 24 15 60 68 70 48 32 29 22 14 74 
#45 8 9 57 28 10 55 17 70 25 66 68 22 30 74 
32 28 23 12 55 19 
41 8 53 17 59 46 
6 13 45 9 20 37 
30 33 22 18 57 44 
43 50 10 51 2 3 
40 29 52 16 15 42 
#Base: 964
#Max: 711
#737552
#Turn 9
#60 28 2 30 49 10 43 43 70 48 32 63 15 13 1 
#22 8 21 23 49 10 60 68 70 48 3 29 54 13 9 
#33 14 9 43 63 15 60 68 70 21 3 29 43 32 9 
#45 28 51 43 63 10 9 68 70 21 57 63 43 32 9 
#16 57 51 23 49 10 43 63 70 5 3 63 43 13 74 
#60 57 1 4 49 4 32 43 70 21 20 29 21 32 74 
#16 57 21 4 2 59 32 13 8 14 66 68 54 32 74 
#16 8 21 43 28 59 55 68 8 25 66 63 54 30 74 
#45 8 21 43 28 10 55 17 70 36 32 63 22 30 74 
#45 8 9 43 28 10 43 17 70 25 57 63 22 5 74 
#45 14 51 57 63 10 38 34 70 25 57 63 21 13 39 
#60 14 15 57 63 10 18 68 70 0 57 63 43 13 9 
#60 49 21 30 49 59 18 68 70 36 57 9 43 13 74 
#60 0 30 30 63 42 43 68 70 36 32 63 15 32 30 
#60 0 9 43 63 42 43 68 70 25 32 63 22 5 9 
#45 28 51 30 28 15 32 68 70 26 57 68 54 32 74 
#33 57 51 30 12 59 60 13 70 36 3 68 32 13 74 
#33 57 51 43 49 59 60 68 70 36 57 68 43 13 74 
#60 2 51 23 49 59 18 43 70 48 57 68 43 32 74 
#22 57 51 23 49 10 9 43 70 21 57 63 22 32 39 
#33 57 9 23 24 59 60 13 70 25 57 29 54 5 77 
#33 2 21 45 24 59 60 13 70 36 32 68 32 30 9 
#33 57 51 43 12 59 60 68 70 26 3 63 43 32 9 
#45 28 51 30 63 59 60 68 70 36 57 68 43 13 9 
#45 28 29 30 63 2 43 68 70 25 57 68 15 13 77 
#60 49 15 4 2 59 55 68 5 48 57 63 21 32 74 
#45 8 51 43 24 15 18 13 70 48 57 63 54 5 9 
#45 7 51 43 12 15 43 68 70 25 32 63 22 5 9 
#45 7 9 43 24 59 38 68 70 36 20 68 22 32 77 
#45 0 15 57 63 59 38 68 70 26 57 68 15 32 9 
#60 57 1 45 49 10 18 43 70 36 66 63 21 0 1 
#60 57 2 4 2 59 32 13 70 14 20 68 54 13 74 
#16 8 21 57 49 59 55 63 8 28 66 29 54 32 74 
#60 8 21 43 63 59 9 68 70 36 57 63 22 13 74 
#45 8 51 57 49 10 38 68 70 5 66 63 43 32 74 
#45 28 51 43 28 10 43 68 7 25 57 29 21 5 74 
#60 57 1 45 49 4 55 43 70 21 3 63 21 13 74 
#45 14 15 4 63 10 38 68 70 36 57 68 21 13 74 
#60 8 21 30 63 59 55 68 70 25 66 63 43 13 74 
#60 49 21 43 24 59 32 68 70 36 20 9 22 32 74 
#45 8 51 43 28 42 43 68 70 25 32 63 22 30 74 
#45 28 9 43 28 59 43 68 70 25 57 63 22 5 9 
#60 28 51 57 28 15 24 34 70 26 57 63 54 32 39 
#45 57 15 57 12 59 38 68 70 25 57 68 21 13 77 
#60 2 51 43 63 59 60 68 70 36 3 68 43 13 74 
#60 49 51 43 49 59 18 68 70 36 20 9 15 32 74 
#22 57 51 43 63 42 43 43 70 48 66 63 22 32 39 
#45 8 9 43 24 59 9 68 70 25 57 63 22 32 74 
#33 28 9 23 12 15 43 68 70 25 57 9 54 32 77 
#45 2 21 30 12 59 60 13 70 25 57 68 32 30 74 
#33 14 51 43 49 59 60 68 70 36 3 68 32 13 9 
#60 2 51 43 49 59 60 68 70 36 57 68 43 13 74 
#45 57 51 23 63 59 43 68 70 25 66 63 54 32 39 
#45 8 21 43 24 2 9 43 70 21 57 63 22 32 77 
#60 57 9 23 2 59 55 13 5 36 57 29 21 32 74 
#22 2 21 45 24 59 60 13 70 36 57 68 32 30 74 
#45 28 9 43 12 59 60 68 70 26 57 63 54 5 9 
#45 7 51 43 49 59 38 68 70 36 32 68 43 32 9 
#45 0 15 57 63 59 9 68 70 25 57 68 15 13 9 
#60 0 15 57 63 10 38 43 70 25 66 68 22 13 77 
20 25 3 22 59 50 
56 10 28 44 39 55 
16 32 18 38 23 7 
45 15 46 17 51 33 
47 24 12 52 43 40 
49 13 42 34 57 29 
#Base: 964
#Max: 781
#810166
#60 49 15 23 2 59 60 13 5 48 57 29 21 5 77 
#60 28 51 4 2 59 55 68 70 21 57 63 43 32 74 
#33 28 51 43 63 10 9 68 70 26 57 63 43 32 9 
#33 57 15 43 63 59 38 68 70 26 66 63 22 13 77 
#33 0 15 43 49 59 60 68 70 25 66 68 32 13 77 
#45 14 51 43 12 59 38 34 70 25 57 63 21 5 39 
#45 14 51 43 63 10 38 34 70 25 20 63 21 32 77 
#45 7 51 43 24 59 38 68 70 36 3 68 43 13 77 
#60 2 21 43 24 59 32 68 70 36 3 9 22 13 74 
#60 2 21 43 24 59 60 68 70 36 20 68 32 30 74 
#33 57 21 57 12 59 60 63 70 28 66 29 54 13 74 
#16 8 51 23 49 59 18 43 8 28 66 29 43 32 74 
#60 2 21 23 63 59 55 43 70 25 66 68 43 13 74 
#45 8 21 30 63 59 60 68 70 36 66 63 43 13 74 
#45 28 51 30 63 59 60 68 70 25 57 68 54 13 9 
#45 49 51 30 49 59 32 68 70 26 20 9 54 32 74 
#22 28 51 30 63 42 32 68 70 48 57 68 22 32 74 
#22 57 51 43 63 59 60 43 70 36 57 63 43 32 39 
#33 57 51 43 49 59 60 68 70 36 57 68 43 13 74 
#60 2 51 43 49 59 60 68 70 36 57 68 22 13 74 
#45 28 9 30 24 2 43 68 70 25 57 68 15 13 77 
#60 49 21 30 63 59 43 68 70 36 57 9 43 13 74 
#60 49 51 30 63 59 43 68 70 25 66 9 54 32 39 
#45 57 15 57 12 59 43 68 70 25 57 63 54 13 39 
#45 8 51 43 28 59 38 68 70 25 57 63 22 30 77 
#45 2 30 30 12 42 60 13 70 25 57 63 32 32 30 
#60 28 30 30 28 15 24 34 70 36 57 63 15 32 30 
#45 28 51 57 28 10 24 34 70 26 57 63 54 32 39 
#45 7 51 43 49 59 38 68 70 36 66 63 43 32 9 
#45 7 51 43 49 59 38 68 70 26 32 68 43 32 9 
#33 28 9 23 12 59 60 68 70 25 57 29 54 5 9 
#60 49 51 4 2 10 38 68 5 25 57 63 21 13 74 
#45 28 51 43 24 10 38 68 70 36 20 63 43 32 9 
#33 2 51 43 12 59 60 68 70 36 3 63 43 32 9 
#60 0 15 57 24 10 38 43 70 36 20 68 22 32 77 
#22 2 51 43 49 59 60 68 70 36 3 68 32 13 9 
#33 28 51 30 12 59 60 68 70 36 3 63 54 5 74 
#16 14 51 57 63 59 55 34 8 25 57 29 54 13 39 
#60 7 51 23 24 59 18 68 70 48 20 68 43 32 77 
#60 2 21 43 63 59 55 68 70 25 3 68 43 13 74 
#45 28 21 30 63 59 32 68 70 36 57 68 43 13 74 
#22 2 21 45 24 59 60 13 70 36 66 63 54 30 74 
#33 57 51 43 12 59 18 68 70 36 3 9 32 13 74 
#45 8 21 30 28 59 55 63 70 28 57 29 54 32 74 
#60 2 51 43 63 59 18 43 70 48 57 68 22 32 74 
#60 57 21 30 63 59 60 68 70 25 57 63 43 13 74 
#60 2 51 43 49 59 60 68 70 36 57 68 43 13 9 
#16 8 21 43 28 59 9 68 70 25 57 63 54 30 74 
#60 8 9 43 24 59 9 68 70 36 57 9 22 32 74 
#45 28 29 30 63 15 43 68 70 26 57 68 15 32 74 
#60 57 21 43 49 59 18 68 70 48 57 9 43 32 74 
#45 57 51 43 49 59 43 68 70 25 57 68 43 13 39 
#60 57 15 43 49 59 38 68 70 36 57 68 43 13 74 
#45 8 51 43 63 42 9 68 70 25 32 63 22 30 74 
#45 2 21 30 12 59 60 68 70 25 57 63 32 32 74 
#45 0 30 30 63 2 43 68 70 25 57 68 15 13 30 
#60 28 51 30 49 15 18 68 70 26 57 63 54 13 39 
#45 57 51 57 49 59 43 68 70 5 66 63 54 32 39 
#45 57 51 43 12 59 38 68 70 36 57 68 21 32 9 
#45 8 51 57 28 59 38 68 70 25 57 63 22 32 74 
#Base: 964
#Max: 781
#810166
