#[0] 3, 3
#[1] 4, 3
#[2] 3, 4
#[3] 3, 2
#[4] 2, 3
#[5] 2, 4
#[6] 1, 3
#[7] 2, 2
#[8] 3, 1
#[9] 4, 4
#[10] 5, 3
#[11] 3, 5
#[12] 4, 2
#[13] 3, 0
#[14] 5, 4
#[15] 4, 5
#[16] 5, 2
#[17] 4, 1
#[18] 0, 3
#[19] 1, 4
#[20] 2, 1
#[21] 1, 2
#[22] 2, 5
#[23] 0, 4
#[24] 5, 1
#[25] 0, 2
#[26] 5, 5
#[27] 1, 5
#[28] 2, 0
#[29] 1, 1
#[30] 4, 0
#[31] 0, 5
#[32] 1, 0
#[33] 0, 1
#[34] 5, 0
#[35] 0, 0
#Turn 0
52 28 17 21 47 32 
5 44 51 50 11 1 
0 9 7 19 57 31 
13 8 56 53 46 40 
58 4 18 48 42 6 
36 59 30 3 22 14 
#Base: 902
#Max: 348
#385809
#Turn 1
#15 28 47 38 10 20 17 20 45 26 18 42 2 37 18 
#15 13 12 5 23 20 23 30 6 49 18 53 2 37 18 
#25 24 24 23 44 18 23 13 6 27 6 53 0 6 39 
#3 24 24 45 16 51 36 38 26 27 6 10 19 20 18 
#7 29 30 45 16 1 41 11 26 4 9 42 17 20 21 
#5 5 20 2 35 24 50 3 16 7 22 3 25 25 47 
#20 23 3 5 35 6 32 34 7 14 20 3 27 25 11 
#20 33 3 6 10 15 10 34 7 1 20 25 9 48 26 
#27 33 21 6 10 23 27 35 67 1 31 0 9 1 26 
#32 41 21 22 44 23 27 35 5 47 31 0 4 11 3 
#17 25 20 46 14 46 23 5 8 5 19 0 31 7 46 
#1 25 5 63 32 35 4 5 37 5 27 6 35 6 46 
#8 38 31 5 32 0 28 17 37 4 27 34 6 39 27 
#5 22 31 5 66 28 28 20 25 9 14 33 9 39 7 
#5 22 3 35 15 9 5 20 61 21 14 15 9 9 8 
#32 23 10 26 64 7 6 4 18 15 4 3 4 42 4 
#32 23 4 62 8 32 2 22 9 8 16 18 8 9 5 
#10 7 12 5 8 15 2 22 9 8 16 18 8 5 3 
#10 7 33 44 8 15 16 74 7 23 4 22 4 5 21 
#0 69 30 44 3 20 12 16 8 23 4 17 4 3 21 
#43 34 12 1 5 51 40 20 46 16 6 9 22 13 12 
#39 10 19 3 20 10 61 23 46 36 4 23 39 12 12 
#8 10 19 11 7 13 61 62 14 27 10 0 10 4 12 
#27 12 8 12 7 13 22 62 31 27 46 20 10 4 58 
#9 30 11 12 6 14 22 24 27 25 46 16 24 14 33 
#2 26 40 20 14 46 10 22 22 5 10 38 26 13 13 
#6 26 32 18 27 46 45 36 18 5 27 41 9 40 6 
#5 12 5 12 32 9 26 36 18 18 27 10 9 40 6 
#61 12 8 12 52 43 26 15 7 11 2 10 9 39 55 
#61 20 8 28 6 4 16 24 15 11 25 43 9 18 12 
#4 28 23 2 16 24 17 37 8 26 11 8 12 20 22 
#46 10 53 2 23 20 32 3 16 14 22 42 25 37 11 
#25 15 12 23 8 15 10 34 6 49 26 53 0 8 17 
#12 33 12 5 44 19 20 38 24 1 15 10 9 6 19 
#32 41 21 45 49 3 27 11 26 9 31 42 2 1 18 
#7 29 7 22 44 35 26 25 14 47 9 6 17 11 3 
#5 25 20 46 14 46 50 23 8 7 35 0 28 7 18 
#17 23 53 19 31 6 32 3 16 5 5 10 25 6 11 
#1 15 5 63 32 2 10 17 37 5 27 57 27 48 17 
#27 33 31 6 10 0 10 15 25 1 13 25 9 19 26 
#32 41 3 52 10 23 14 35 5 9 31 33 9 1 7 
#13 20 7 22 44 9 26 40 34 47 34 7 4 11 8 
#1 25 10 46 14 7 6 4 8 15 19 3 5 42 18 
#32 25 40 26 31 35 7 36 18 5 4 22 35 6 4 
#1 12 56 62 8 2 4 22 9 8 27 18 8 9 27 
#8 7 31 5 66 15 16 74 25 36 13 22 6 39 9 
#0 22 33 52 3 28 12 20 17 9 4 33 9 9 21 
#13 34 30 5 6 27 5 16 34 48 4 15 59 47 8 
#43 9 12 1 5 51 40 4 26 15 29 9 12 42 12 
#32 23 4 6 2 34 1 35 18 7 4 23 22 13 19 
#18 10 19 62 8 10 61 23 14 8 9 18 8 12 5 
#8 7 8 11 7 13 16 74 7 27 10 20 29 5 58 
#27 12 33 12 3 14 22 9 17 35 46 18 4 14 33 
#15 30 38 5 9 27 55 16 8 25 4 7 24 1 31 
#43 39 14 20 5 51 7 8 26 41 6 9 12 13 12 
#18 12 40 18 2 31 1 35 46 5 4 23 26 3 19 
#6 10 19 1 20 9 45 23 18 36 27 0 9 40 6 
#8 1 8 12 7 13 8 15 31 18 10 20 10 23 55 
#61 12 11 28 8 14 22 11 27 11 25 16 7 39 33 
#15 30 40 2 9 4 55 24 30 20 4 13 16 18 31 
12 32 1 44 48 29 
40 10 9 11 20 15 
41 36 21 23 47 3 
50 18 51 45 38 34 
54 19 8 28 13 31 
59 58 0 26 22 2 
#Base: 902
#Max: 383
#424612
#Turn 2
#25 38 31 5 32 0 28 34 37 4 27 34 0 8 27 
#15 13 12 23 23 20 23 34 6 49 18 53 2 37 17 
#15 13 12 5 8 2 23 30 6 8 27 53 8 37 27 
#1 12 12 62 5 2 40 22 26 8 29 9 12 9 12 
#43 20 12 28 5 4 40 24 26 11 29 43 12 18 12 
#32 41 3 46 14 46 23 35 5 5 31 33 31 7 7 
#17 25 21 22 44 23 27 35 8 5 19 0 4 7 3 
#1 25 21 63 44 23 27 5 37 5 27 6 4 11 46 
#1 25 12 63 32 51 40 20 37 5 27 6 35 6 12 
#32 34 10 26 64 51 40 20 46 15 4 9 4 42 12 
#13 25 7 46 44 9 26 40 8 47 34 7 4 7 8 
#5 25 19 3 20 46 61 23 8 7 35 23 39 7 18 
#39 10 19 3 20 10 22 62 46 27 46 23 39 12 12 
#27 34 8 12 7 13 22 62 31 48 46 15 59 4 58 
#13 34 30 45 16 27 36 16 26 27 4 10 19 20 18 
#10 10 33 44 8 15 61 23 14 23 4 22 4 12 5 
#8 7 8 11 8 13 16 74 7 23 10 22 29 5 21 
#8 7 8 5 7 13 16 74 7 36 13 22 29 39 9 
#1 15 31 5 32 15 10 17 37 36 13 22 27 48 9 
#32 41 21 63 32 3 10 17 37 9 27 42 2 1 17 
#43 39 30 44 3 20 12 8 8 41 6 17 4 3 12 
#27 69 21 44 3 23 12 35 67 23 31 17 4 1 26 
#61 33 21 12 10 23 26 15 67 1 31 0 9 39 26 
#61 22 8 12 66 43 28 15 7 11 14 10 9 39 55 
#46 10 31 2 23 28 28 3 16 14 22 42 25 37 7 
#61 12 40 2 9 14 55 24 30 20 25 16 7 39 33 
#61 28 47 38 8 20 22 11 27 11 18 42 7 39 18 
#15 28 47 38 10 20 17 36 45 26 18 41 9 40 6 
#8 26 32 18 27 13 61 62 14 5 27 0 10 4 12 
#8 10 19 23 44 18 61 13 6 27 6 53 0 6 39 
#8 41 3 5 32 0 14 17 5 4 31 33 9 39 7 
#17 25 12 23 14 15 10 34 8 5 26 0 0 8 17 
#32 13 12 22 44 23 23 35 5 49 18 0 2 37 3 
#1 25 5 63 8 2 4 5 37 8 27 18 8 6 27 
#43 9 12 1 5 51 40 20 46 15 29 9 22 42 12 
#61 20 10 28 64 4 6 24 18 11 25 3 9 18 4 
#32 20 7 22 44 9 26 40 34 47 31 7 9 11 7 
#5 25 20 46 14 46 50 5 8 7 35 0 31 7 18 
#32 41 19 3 20 23 27 35 46 47 31 23 39 12 3 
#27 12 8 63 32 13 4 5 31 5 27 6 10 6 58 
#43 34 30 1 5 51 5 16 46 48 6 15 22 13 8 
#3 24 10 26 64 7 36 4 18 27 6 3 19 20 4 
#18 20 19 62 44 9 26 23 14 47 9 7 4 11 8 
#10 25 20 44 14 46 16 74 7 7 4 0 28 5 18 
#39 10 19 11 7 13 16 23 7 27 10 23 29 5 58 
#8 12 8 12 66 15 22 62 25 36 13 22 10 4 58 
#13 15 5 63 32 2 5 17 34 48 4 57 59 47 8 
#3 41 21 45 49 51 27 38 26 9 31 10 19 1 18 
#18 39 19 62 5 10 61 23 26 8 6 18 8 13 12 
#0 69 33 44 8 20 12 74 8 23 4 22 4 3 21 
#8 7 21 6 7 23 16 35 7 1 10 0 9 5 26 
#61 12 31 5 66 43 26 15 7 36 13 22 9 39 9 
#5 22 31 63 32 2 28 17 37 5 14 57 27 39 7 
#46 41 21 2 23 3 27 3 26 14 31 42 25 1 18 
#43 30 14 2 5 4 55 24 26 41 6 9 16 18 12 
#61 12 11 44 3 14 12 16 8 11 4 16 4 3 21 
#15 33 21 6 10 20 17 20 67 26 31 0 2 1 26 
#6 26 32 12 27 46 45 15 18 11 27 10 9 39 55 
#8 10 31 5 66 13 28 20 25 9 14 0 9 4 12 
#46 24 53 23 44 18 23 13 16 14 22 53 25 6 39 
1 10 40 29 28 5 
42 17 38 51 19 34 
35 48 9 49 45 57 
8 22 21 13 23 25 
11 7 12 46 52 43 
37 27 47 59 26 39 
#Base: 902
#Max: 446
#494457
#Turn 3
#15 13 12 23 44 20 23 40 8 49 34 7 4 7 8 
#13 25 7 46 5 9 26 40 46 48 34 15 22 7 8 
#43 34 19 23 5 51 5 16 46 27 6 53 22 6 39 
#8 26 32 23 27 18 61 13 6 27 27 0 10 6 12 
#8 41 32 46 27 13 61 62 14 5 31 0 31 7 7 
#8 20 19 5 7 9 26 23 7 47 9 7 4 39 9 
#8 41 19 3 20 13 16 74 7 47 31 22 39 12 3 
#32 41 31 3 20 23 26 35 7 36 13 23 39 12 3 
#61 12 31 63 66 43 26 15 37 36 13 42 2 1 17 
#32 9 12 63 5 3 40 17 46 15 27 42 22 42 17 
#61 39 19 28 5 4 61 23 26 8 25 3 9 13 12 
#18 39 19 62 5 10 61 20 46 8 6 18 8 13 12 
#32 34 10 26 64 51 12 74 46 23 4 22 4 3 21 
#0 69 33 44 66 15 22 74 25 36 13 22 10 3 21 
#6 26 32 12 27 46 45 15 18 36 27 22 9 4 55 
#1 33 12 63 32 51 26 20 67 5 31 0 9 39 12 
#61 33 21 44 10 23 12 15 67 23 31 0 9 1 26 
#27 69 21 12 3 23 22 62 67 23 31 15 59 1 26 
#61 22 8 12 66 43 22 15 31 48 46 10 59 39 55 
#61 22 8 12 66 14 28 15 7 11 14 10 7 39 33 
#5 25 19 63 20 46 61 5 8 5 35 6 39 7 18 
#39 25 21 63 44 10 22 5 46 27 46 23 4 12 12 
#39 15 19 63 32 10 22 17 46 48 4 23 39 47 8 
#5 22 5 63 32 2 28 17 37 5 4 57 59 39 7 
#5 25 20 44 14 46 28 74 37 5 4 0 28 5 7 
#5 28 47 46 10 46 50 36 45 26 18 0 9 40 18 
#15 41 47 38 10 51 17 38 26 9 31 10 9 40 18 
#3 24 21 45 44 18 27 13 26 9 31 53 19 1 39 
#61 24 47 23 44 18 23 13 27 14 22 53 7 6 18 
#61 28 8 38 8 13 22 11 27 11 18 6 7 6 58 
#15 13 19 62 44 9 23 34 14 47 18 7 2 11 8 
#8 7 8 46 44 13 16 40 8 36 13 22 29 7 8 
#32 41 30 1 20 51 5 16 46 48 6 15 39 13 3 
#8 10 31 23 66 43 61 13 7 27 6 53 9 6 39 
#8 41 32 63 32 3 61 62 14 9 27 42 2 4 12 
#32 41 12 1 14 46 40 35 46 15 31 33 22 7 12 
#61 20 10 28 44 9 26 23 14 11 9 3 9 11 8 
#18 39 19 5 7 13 16 23 7 8 13 18 29 13 9 
#32 34 19 3 64 51 27 20 46 15 31 23 4 42 12 
#61 69 33 5 66 43 12 15 7 36 4 22 9 3 9 
#32 12 21 12 66 15 22 17 37 36 27 22 10 1 17 
#6 26 32 12 5 46 40 20 46 11 29 9 22 42 12 
#1 25 10 63 32 51 40 24 37 11 27 3 9 18 4 
#61 33 21 12 5 10 61 15 26 8 31 18 9 39 26 
#27 69 21 44 64 51 12 35 67 15 4 17 4 42 12 
#27 34 8 12 7 20 22 74 31 48 46 22 4 3 21 
#8 12 8 12 66 43 28 62 7 11 13 22 10 39 55 
#61 26 40 2 27 14 55 24 30 20 25 16 7 39 55 
#5 25 19 63 32 46 61 20 37 5 35 23 39 7 18 
#1 33 21 12 44 23 27 15 37 1 31 6 4 11 26 
#39 10 19 44 3 23 12 62 46 27 46 17 4 12 12 
#13 34 5 63 32 2 5 62 31 48 46 57 59 47 58 
#61 22 31 12 32 2 28 15 37 11 14 57 27 39 55 
#61 12 40 2 9 14 16 24 30 7 25 16 7 39 33 
#5 25 19 3 14 46 50 5 8 7 35 0 31 7 18 
#15 28 21 38 44 23 17 5 45 5 27 6 9 11 6 
#39 10 21 45 49 51 27 38 26 9 46 23 39 12 12 
#13 15 53 23 44 2 23 13 34 14 4 57 59 47 39 
#61 28 47 63 8 20 22 17 37 5 18 57 7 39 7 
#10 25 8 44 32 13 4 74 31 5 4 0 10 5 58 
11 50 21 22 16 24 
6 9 25 12 56 59 
28 38 39 17 8 4 
33 58 13 51 44 52 
2 23 15 18 34 47 
43 45 46 57 48 20 
#Base: 902
#Max: 562
#623060
#Turn 4
#18 39 19 44 3 10 12 62 46 27 6 18 4 13 12 
#39 10 19 63 3 23 22 62 46 27 46 23 4 12 12 
#39 25 21 63 32 10 22 17 46 48 46 23 4 47 12 
#39 33 19 44 10 23 12 15 67 48 31 0 39 1 26 
#5 25 21 44 10 23 12 74 67 5 31 0 9 1 7 
#8 9 19 63 20 13 16 17 46 47 27 22 39 12 17 
#32 9 47 46 5 46 50 17 45 15 18 0 22 42 17 
#5 34 47 46 10 51 12 36 45 23 4 22 4 3 21 
#39 10 21 26 64 51 27 74 26 23 46 23 4 12 21 
#10 10 8 45 49 51 27 74 31 9 4 23 39 5 12 
#61 24 19 23 44 18 23 20 46 14 22 53 7 42 18 
#61 69 19 3 66 51 27 15 46 36 31 22 9 3 9 
#61 69 33 12 66 43 12 62 7 23 31 15 59 3 9 
#27 69 21 63 66 43 22 62 37 36 13 42 2 1 26 
#8 41 32 46 27 43 26 15 37 5 13 0 31 7 7 
#61 10 31 23 66 43 61 13 7 5 18 57 9 39 39 
#0 69 47 44 66 15 22 74 25 36 18 57 10 3 7 
#13 69 33 63 32 15 22 62 31 36 13 22 10 3 21 
#27 69 5 44 32 2 5 35 67 15 46 17 4 47 58 
#61 22 31 44 32 2 12 15 37 15 14 17 4 39 55 
#43 22 19 63 32 2 28 17 37 27 4 57 22 6 39 
#1 22 12 63 32 51 26 20 67 5 31 57 59 39 12 
#61 22 8 12 32 43 26 20 31 5 46 10 9 39 12 
#61 22 8 12 32 43 22 15 14 9 27 10 59 4 12 
#8 41 40 2 27 3 55 62 14 20 27 16 2 4 12 
#61 33 8 12 7 20 22 15 31 48 31 18 4 3 21 
#8 12 8 12 66 20 28 62 7 48 13 22 4 3 21 
#13 15 8 23 66 43 28 13 7 14 13 57 59 47 55 
#5 25 53 23 44 2 23 20 34 5 35 57 39 47 18 
#5 25 19 63 32 46 61 5 37 5 35 23 39 7 18 
#8 41 19 62 5 10 61 20 46 47 31 22 39 12 12 
#39 10 19 63 5 3 12 62 46 27 27 42 4 42 17 
#39 28 47 63 10 46 22 5 46 27 18 23 4 40 18 
#39 34 19 63 32 10 22 17 46 23 4 22 4 47 21 
#61 33 21 45 49 23 27 15 26 9 31 0 9 1 12 
#5 25 20 44 14 13 4 74 31 5 4 0 10 5 58 
#8 24 47 3 44 18 16 74 27 47 22 53 39 12 3 
#32 9 19 3 5 51 27 20 46 15 27 23 4 42 12 
#5 28 33 5 10 43 12 15 45 36 18 22 9 40 18 
#32 69 10 12 3 23 22 62 67 23 4 22 4 3 26 
#39 10 21 45 66 43 26 38 37 36 13 42 39 12 12 
#10 25 8 44 27 13 61 74 31 5 31 0 10 7 58 
#61 24 31 23 44 18 23 13 27 14 6 53 9 6 18 
#32 28 19 3 64 20 27 20 37 15 18 57 4 42 7 
#0 69 33 44 66 43 22 74 7 36 13 22 9 3 21 
#27 69 5 12 3 23 5 62 67 48 31 57 59 47 58 
#27 69 21 63 64 43 12 15 67 15 4 42 4 1 17 
#8 22 32 12 32 2 61 15 14 5 31 0 31 7 7 
#8 10 31 23 66 43 61 16 7 27 6 53 22 6 39 
#5 28 5 63 32 2 28 17 37 5 4 57 7 39 7 
#1 69 33 44 32 51 26 74 25 36 13 22 10 39 21 
#13 34 5 63 32 2 5 15 31 48 46 10 59 39 58 
#8 69 32 63 64 3 61 35 67 9 27 17 4 4 12 
#61 26 40 12 32 14 28 24 37 11 25 57 27 39 55 
#61 33 19 23 5 10 5 16 26 8 6 18 22 6 26 
#5 22 8 12 7 2 28 17 31 48 4 22 59 3 21 
#8 33 8 63 66 43 26 62 7 11 31 22 10 39 12 
#13 22 8 12 66 2 23 15 34 14 4 10 59 47 39 
#5 41 32 63 32 3 61 20 14 9 27 23 39 4 18 
#5 25 40 63 27 46 55 24 8 5 25 16 39 7 18 
6 3 39 40 48 20 
10 1 2 46 36 32 
9 41 44 52 21 30 
51 18 16 45 12 11 
28 17 27 13 50 53 
59 31 56 15 8 29 
#Base: 902
#Max: 573
#635255
#Turn 5
#39 33 19 44 5 23 12 15 67 15 18 0 22 42 26 
#32 69 10 12 10 23 12 15 67 23 4 0 39 3 26 
#39 10 10 45 3 43 22 38 67 23 13 42 39 12 26 
#8 10 31 45 66 43 61 16 37 36 13 42 39 12 12 
#43 10 31 23 66 43 61 17 37 27 4 53 22 6 39 
#39 10 19 63 44 18 23 62 46 27 22 23 7 42 18 
#39 10 19 63 32 10 22 17 46 27 46 23 4 12 12 
#27 25 21 63 64 43 22 17 67 48 4 42 4 1 17 
#8 24 47 3 64 43 12 15 67 47 4 42 4 12 17 
#39 28 47 63 10 46 22 5 46 47 18 53 4 40 18 
#10 10 8 44 27 13 27 74 31 9 4 0 10 7 58 
#10 69 8 44 27 13 22 74 31 36 13 22 9 7 21 
#8 69 33 44 64 3 22 35 7 9 27 22 4 4 12 
#8 22 32 63 32 3 61 20 67 9 31 17 59 39 12 
#1 22 12 63 32 51 26 20 67 47 31 57 59 39 12 
#27 69 5 44 32 2 5 35 67 48 46 17 59 39 58 
#27 69 5 44 32 15 5 74 25 36 18 17 10 47 58 
#0 69 47 12 3 15 5 74 67 48 31 57 59 47 7 
#27 69 33 12 66 43 5 62 67 23 31 15 59 3 58 
#61 69 19 12 66 51 12 15 46 23 31 15 9 3 9 
#5 69 33 63 44 2 23 62 31 36 13 22 10 3 21 
#13 69 8 63 66 15 28 13 7 36 13 57 59 47 21 
#27 69 21 23 66 43 28 62 7 36 13 42 2 47 55 
#1 69 21 63 32 43 22 62 25 36 13 22 10 1 21 
#61 26 40 12 32 51 26 74 25 11 25 22 10 39 55 
#39 10 19 63 27 3 12 62 8 5 25 42 39 7 17 
#39 33 19 63 5 3 26 62 46 11 31 42 10 39 17 
#61 10 31 23 66 43 61 13 7 11 18 57 9 39 12 
#39 10 31 26 66 43 27 13 7 5 18 57 9 39 39 
#39 25 21 26 32 51 61 74 37 5 35 23 4 12 21 
#32 24 47 23 44 46 23 17 46 15 18 53 22 42 17 
#39 10 19 63 3 23 22 62 67 48 46 23 39 12 12 
#39 69 10 63 32 10 22 17 46 48 4 23 4 47 12 
#39 10 21 63 64 43 26 38 37 15 13 42 4 12 17 
#8 24 31 23 44 18 61 74 7 47 6 53 39 12 3 
#39 28 19 63 32 46 28 17 37 27 4 57 22 40 18 
#61 24 19 23 49 51 23 20 31 9 22 23 39 5 18 
#10 10 8 44 27 13 61 62 31 5 46 23 4 12 58 
#39 69 33 44 66 10 22 74 46 48 46 23 4 3 21 
#27 69 32 63 64 3 61 35 67 15 4 17 4 4 17 
#8 24 47 63 32 51 26 74 27 5 22 57 59 12 3 
#8 41 19 62 10 46 61 5 46 47 31 23 39 40 18 
#13 34 8 63 49 2 27 15 31 9 4 10 59 5 58 
#10 25 8 44 32 2 5 74 31 5 31 0 4 7 58 
#0 69 47 44 66 43 22 74 25 36 13 57 9 3 7 
#8 69 32 12 3 23 61 62 67 9 27 57 59 4 12 
#61 69 33 12 66 43 26 62 67 5 31 57 59 39 12 
#8 41 19 62 5 51 27 20 46 36 31 22 9 12 9 
#13 34 5 63 32 2 5 20 34 48 46 10 39 39 58 
#27 69 5 63 32 15 5 62 67 36 13 17 4 3 58 
#0 69 8 44 66 15 28 13 25 14 13 57 59 3 55 
#27 69 5 63 3 23 22 62 37 48 13 57 59 47 26 
#61 69 33 44 32 43 12 62 7 36 13 15 10 3 9 
#61 26 40 3 32 51 28 24 46 36 25 22 27 39 55 
#5 25 40 23 27 46 55 24 34 5 35 16 39 7 18 
#13 69 19 63 32 3 22 62 31 27 13 42 10 42 17 
#13 33 8 63 66 43 26 13 7 11 13 22 10 47 12 
#61 10 21 63 66 43 22 13 7 36 18 57 9 39 26 
#39 69 33 26 32 51 27 74 25 23 13 22 4 39 21 
#5 25 19 12 32 46 28 5 37 11 25 23 27 7 18 
23 32 4 31 7 29 
19 52 13 44 58 55 
34 41 22 15 38 53 
49 45 51 46 17 40 
3 16 39 18 14 24 
20 9 57 21 50 27 
#Base: 902
#Max: 642
#711752
#Turn 6
#39 69 10 63 32 43 22 62 46 36 13 22 4 1 21 
#39 69 31 63 66 10 22 17 37 48 4 23 22 47 12 
#39 10 19 23 66 43 61 62 67 48 46 23 39 6 39 
#27 25 19 63 64 23 22 17 67 48 46 23 39 1 17 
#27 25 21 26 64 51 22 74 67 5 35 23 4 1 17 
#61 69 19 44 66 51 12 62 46 23 31 15 10 3 9 
#8 69 32 44 32 43 61 20 7 9 31 15 59 39 9 
#0 22 47 44 32 3 22 20 67 36 31 17 59 39 7 
#0 69 33 26 66 51 27 74 25 36 13 57 9 3 7 
#13 69 19 26 32 51 27 62 31 27 13 42 4 42 17 
#8 41 19 62 44 46 61 5 7 47 6 53 39 12 3 
#27 69 21 62 10 43 28 5 7 36 31 23 39 40 18 
#27 69 21 23 66 43 5 62 67 36 46 42 59 47 58 
#27 69 5 44 66 2 5 35 67 48 46 23 59 3 58 
#39 69 40 3 32 10 28 24 46 36 25 23 27 39 55 
#8 69 5 63 32 15 5 62 67 36 13 17 59 4 12 
#8 69 32 12 3 23 61 62 37 9 13 57 59 47 26 
#27 69 5 12 66 23 26 62 67 48 13 57 59 39 26 
#61 69 47 12 3 15 5 74 67 5 31 57 59 39 12 
#0 69 47 12 32 15 26 74 27 48 31 57 59 12 7 
#27 10 31 44 32 43 5 16 37 36 18 17 39 12 12 
#27 69 5 63 32 3 61 35 67 15 18 17 4 4 17 
#27 69 33 63 64 3 5 62 67 15 4 15 59 3 17 
#1 22 33 63 32 51 5 20 67 23 31 15 59 3 12 
#61 22 40 63 32 51 26 74 67 47 31 22 59 39 55 
#5 28 33 63 10 2 23 62 46 47 18 53 4 3 18 
#39 10 47 63 10 43 22 13 7 47 18 53 9 39 18 
#61 69 21 63 66 43 22 13 7 36 18 57 9 39 26 
#0 69 8 63 66 15 28 13 7 36 13 57 59 3 21 
#61 69 8 44 66 43 28 13 25 14 13 57 59 39 55 
#61 69 19 63 32 43 12 62 25 36 13 15 10 1 9 
#39 69 10 44 32 10 22 17 46 48 13 15 10 47 12 
#8 10 31 23 66 43 61 17 67 9 31 17 59 6 12 
#0 10 19 63 3 23 22 74 25 48 13 57 9 12 12 
#27 69 33 26 64 43 22 74 67 23 4 42 4 39 21 
#13 25 19 26 32 3 61 62 31 5 35 23 10 42 21 
#8 69 31 12 66 51 12 74 7 23 6 53 39 12 9 
#8 69 33 62 10 43 12 62 7 36 31 15 39 40 18 
#8 22 32 23 32 43 28 62 67 9 13 42 2 39 12 
#27 69 47 44 32 43 22 74 67 36 13 57 9 3 58 
#39 69 33 26 66 51 27 74 25 48 46 22 4 3 21 
#13 69 40 63 32 51 28 24 46 36 13 42 27 39 55 
#8 24 31 63 44 15 61 74 7 47 13 53 4 12 3 
#8 69 32 62 10 46 61 5 46 9 31 57 39 40 18 
#27 69 21 23 3 43 22 62 7 48 13 57 59 47 55 
#61 69 5 44 66 2 26 62 67 5 46 57 59 39 12 
#39 69 47 44 66 10 5 74 67 48 31 57 4 47 21 
#8 24 47 3 32 51 26 24 46 5 25 57 59 12 3 
#8 69 5 63 32 15 5 16 67 36 13 17 39 3 58 
#8 69 32 12 3 23 5 74 67 9 18 17 59 4 12 
#27 69 32 63 3 3 22 35 67 15 4 57 59 47 17 
#61 69 33 12 66 43 5 62 67 5 31 57 59 3 12 
#1 69 47 12 32 15 26 20 67 48 31 57 59 47 7 
#61 24 47 63 32 51 26 74 27 11 25 22 59 12 55 
#5 10 31 63 44 43 23 16 37 36 13 22 39 3 12 
#27 69 47 63 32 46 22 5 25 36 18 17 10 40 58 
#61 69 32 63 66 43 61 13 67 15 4 17 4 39 26 
#13 69 8 63 66 43 5 62 7 23 31 15 59 47 21 
#1 69 12 63 32 51 28 13 25 14 13 57 59 3 55 
#61 26 40 23 66 43 61 74 7 11 18 22 9 39 12 
37 15 19 57 5 3 
36 1 43 17 52 8 
58 22 56 51 39 50 
34 29 45 24 46 18 
55 27 13 12 2 44 
0 16 40 53 41 59 
#Base: 902
#Max: 689
#763858
#Turn 7
#8 69 33 63 32 43 5 62 7 36 31 17 59 4 12 
#0 69 47 63 32 15 26 74 67 48 31 57 59 4 12 
#0 69 47 63 32 15 5 74 7 48 31 15 59 47 7 
#13 69 8 44 66 51 12 62 46 23 31 15 59 3 21 
#61 69 19 44 64 23 22 17 46 23 31 15 10 3 9 
#39 69 31 63 66 51 12 74 7 23 6 53 39 47 12 
#8 69 31 63 10 46 61 5 37 9 4 23 22 47 18 
#8 69 32 62 10 46 61 62 46 48 31 57 39 39 18 
#27 69 5 12 32 23 26 62 67 48 31 57 59 47 26 
#0 69 47 26 66 15 27 20 25 48 13 57 9 3 7 
#1 69 12 63 32 3 28 62 25 15 4 57 59 3 55 
#27 69 32 63 66 43 61 13 67 15 4 17 59 39 26 
#61 69 32 63 66 43 61 62 67 5 31 57 59 3 12 
#61 69 33 12 32 43 22 74 67 5 13 57 9 3 12 
#27 69 47 63 3 43 22 74 67 15 4 57 9 47 17 
#61 69 8 26 64 43 22 74 67 14 4 42 59 39 55 
#61 69 8 44 66 43 26 62 67 5 13 57 59 39 12 
#61 69 40 44 66 51 26 74 67 5 46 57 59 39 55 
#39 22 40 63 66 10 26 74 67 47 31 57 59 47 21 
#61 69 47 44 66 15 5 74 67 5 31 57 4 39 12 
#61 69 21 63 32 46 22 13 25 36 18 17 10 39 58 
#27 69 5 63 66 43 22 13 67 36 18 23 59 39 58 
#27 69 21 44 66 43 5 62 67 48 46 23 59 47 58 
#39 10 19 23 66 43 5 62 67 36 46 23 59 47 58 
#39 10 19 23 3 43 61 62 7 48 13 23 59 47 39 
#39 69 10 63 32 23 61 62 37 9 13 57 4 47 21 
#39 69 32 26 66 23 27 74 25 9 13 22 4 47 26 
#61 24 47 26 32 51 26 74 25 48 25 22 59 3 21 
#13 24 47 63 32 51 28 24 46 36 25 42 27 12 55 
#13 26 40 63 32 51 61 24 7 36 18 42 27 39 55 
#8 69 31 12 10 51 12 74 7 36 31 15 39 12 9 
#39 69 5 63 32 10 5 17 67 48 4 23 59 47 12 
#0 69 47 12 10 46 26 74 27 48 31 57 39 12 7 
#13 69 5 63 66 43 26 62 67 48 13 57 59 39 21 
#61 69 19 12 66 51 26 62 67 48 31 15 10 3 9 
#0 25 19 63 64 51 27 74 67 48 13 57 39 1 7 
#1 69 12 12 66 51 12 74 25 14 13 53 59 3 9 
#39 69 33 63 64 3 22 17 37 48 4 15 59 3 17 
#61 69 32 63 66 46 61 13 46 15 31 17 39 39 18 
#61 69 33 12 66 23 5 62 67 5 31 57 59 3 26 
#1 69 47 12 32 15 26 74 67 48 13 57 59 3 7 
#27 69 33 26 66 51 27 35 67 15 4 57 9 47 17 
#1 69 33 26 64 43 22 74 67 14 4 42 59 3 21 
#27 69 33 63 66 43 5 13 25 15 4 15 59 39 55 
#61 69 32 44 66 43 61 62 67 5 46 17 59 39 12 
#61 22 40 12 66 43 5 74 67 47 31 22 59 39 12 
#27 69 47 44 32 10 5 74 67 36 13 57 4 3 58 
#61 69 47 12 3 3 5 35 67 15 31 57 59 39 12 
#27 69 47 26 64 43 22 5 67 23 18 42 10 39 21 
#61 69 21 44 66 43 28 13 7 14 18 57 59 39 55 
#27 69 5 44 66 2 26 62 67 48 46 23 59 39 12 
#61 22 40 63 32 51 26 62 67 36 31 42 59 39 55 
#39 10 47 23 66 43 5 62 67 48 46 23 4 47 21 
#27 69 47 23 3 15 5 62 7 48 31 57 59 39 12 
#39 69 47 63 32 43 22 62 46 36 13 17 4 1 21 
#61 69 21 63 3 23 22 62 7 36 18 57 59 39 26 
#39 69 5 44 66 51 5 74 25 48 46 22 59 3 21 
#27 24 21 23 66 43 26 74 67 11 46 42 59 12 58 
#13 69 40 23 66 43 28 62 67 36 46 42 39 6 55 
#61 26 21 23 3 43 22 74 7 48 18 57 9 47 12 
27 25 14 50 8 52 
41 46 49 33 57 35 
34 5 15 51 18 39 
21 16 22 17 44 1 
42 23 38 12 58 11 
40 56 45 7 19 55 
#Base: 902
#Max: 759
#841463
#Turn 8
#39 24 47 63 32 51 26 62 37 48 25 57 4 47 21 
#27 69 47 63 3 23 22 74 67 9 13 57 9 47 17 
#27 69 5 63 66 2 26 62 67 15 46 57 9 39 17 
#27 69 5 44 32 23 26 62 67 48 31 23 59 39 12 
#39 10 5 23 32 43 26 62 67 48 31 23 4 47 26 
#27 69 47 44 32 51 5 35 67 15 4 57 4 3 17 
#27 69 21 44 32 43 28 74 67 14 18 57 59 39 58 
#61 69 5 44 66 43 26 62 67 48 13 57 59 39 21 
#13 24 21 23 66 43 26 62 67 11 46 57 59 12 21 
#27 25 19 23 66 51 26 74 67 48 46 57 59 1 7 
#61 69 31 63 66 51 26 62 7 23 31 15 39 3 12 
#39 69 31 63 66 51 12 74 7 23 6 53 59 39 55 
#61 69 40 26 32 43 26 74 67 14 31 42 59 39 55 
#39 22 40 63 66 51 26 62 67 36 31 42 59 39 21 
#39 22 40 12 66 23 5 74 67 5 31 57 59 3 26 
#27 69 5 63 66 43 22 13 67 5 13 23 59 39 58 
#61 69 21 44 66 43 5 62 67 5 46 57 59 39 12 
#61 69 40 44 66 43 26 62 67 5 46 23 59 39 58 
#61 69 32 44 66 43 61 74 67 5 46 57 59 39 55 
#0 69 47 63 66 43 61 74 67 48 46 57 59 39 12 
#39 10 33 23 66 43 22 74 67 36 46 23 59 3 21 
#39 69 19 63 66 46 61 13 46 36 31 17 39 47 18 
#61 69 32 63 66 46 61 62 46 5 31 17 39 39 18 
#13 69 40 23 66 43 61 62 67 36 31 42 39 3 55 
#13 69 40 23 66 43 28 13 67 36 46 42 39 39 26 
#1 69 47 44 32 15 26 74 25 48 46 57 59 3 7 
#61 69 40 44 66 43 5 74 67 47 31 22 59 3 12 
#61 69 40 62 10 46 61 74 67 47 31 57 39 39 18 
#8 69 47 44 66 46 5 74 67 5 31 57 4 39 18 
#61 69 21 63 3 15 22 62 67 5 31 57 59 39 26 
#27 24 33 26 32 51 26 74 67 15 25 22 59 3 21 
#27 69 47 63 32 23 5 74 67 9 13 57 4 3 58 
#27 69 21 44 66 43 22 74 67 15 18 57 9 47 17 
#27 69 5 63 66 43 26 62 67 48 13 57 59 39 21 
#27 69 5 12 66 23 26 74 67 11 46 42 59 47 26 
#0 10 47 23 66 43 27 62 67 48 13 57 39 47 7 
#27 69 19 12 66 51 27 35 67 15 4 57 10 3 9 
#27 69 47 44 32 10 12 74 67 36 13 57 4 47 12 
#61 69 21 44 66 43 22 13 67 14 4 42 59 39 55 
#13 69 5 63 66 43 26 62 67 48 13 57 59 39 21 
#39 22 40 23 66 10 26 74 67 47 46 42 59 47 21 
#61 25 19 63 66 51 27 74 67 5 31 57 39 1 26 
#27 69 5 63 66 51 22 62 67 48 31 23 10 3 9 
#61 69 31 44 66 43 26 62 67 23 6 53 39 47 12 
#61 69 8 44 64 43 22 62 67 14 4 23 59 47 58 
#61 69 40 44 32 51 26 74 67 36 46 57 59 39 55 
#39 69 32 63 66 43 61 62 67 47 46 57 59 47 21 
#61 69 33 63 32 23 26 62 67 5 31 57 59 4 12 
#27 69 5 63 66 43 22 13 67 14 18 42 59 39 58 
#61 69 19 44 66 43 5 62 67 36 13 57 59 47 58 
#27 69 21 63 66 43 5 13 67 15 31 23 39 47 18 
#61 69 32 44 66 43 61 62 67 5 46 57 59 39 55 
#61 69 32 44 66 43 61 62 67 5 46 17 59 39 12 
#27 69 32 63 32 43 61 13 67 15 4 17 59 39 12 
#1 69 33 26 32 43 26 74 67 14 13 57 59 3 21 
#39 10 5 44 66 51 5 74 67 48 46 23 59 3 21 
#61 69 32 63 66 43 5 74 46 47 31 17 39 39 18 
#8 69 32 62 66 43 61 62 46 48 31 57 59 3 12 
#13 69 47 44 66 43 28 74 67 5 31 57 39 39 12 
#61 69 32 63 66 43 22 13 67 15 4 57 59 39 26 
32 29 58 56 26 47 
34 21 11 17 6 38 
41 43 49 19 27 44 
57 52 45 46 51 33 
48 23 13 18 7 22 
9 59 39 12 16 40 
#Base: 902
#Max: 779
#863636
#Turn 9
#27 69 21 63 66 15 22 62 67 5 18 57 59 47 17 
#61 69 47 44 3 43 22 74 67 5 31 57 59 39 12 
#13 69 47 63 66 43 5 74 67 5 31 57 39 39 18 
#61 69 32 63 66 43 5 74 67 47 31 17 39 39 12 
#61 69 33 44 66 23 26 74 67 47 31 57 59 4 12 
#27 69 19 12 66 23 61 74 67 36 31 17 59 47 18 
#39 69 31 63 66 51 61 13 7 36 31 17 59 39 55 
#61 69 40 44 66 51 26 62 7 5 6 53 59 39 58 
#27 69 21 44 32 43 28 74 67 5 46 57 59 39 58 
#61 69 21 44 66 43 28 13 67 14 4 42 59 39 55 
#61 69 31 63 66 51 26 62 67 23 31 53 39 47 26 
#61 69 19 44 66 43 26 62 67 23 6 53 59 47 58 
#0 69 47 44 66 43 61 62 67 48 46 57 59 47 12 
#0 69 47 63 66 43 61 74 67 48 31 57 39 39 18 
#61 69 40 44 64 46 61 74 67 47 31 57 39 39 18 
#8 69 32 62 66 43 61 62 67 5 46 17 59 3 12 
#61 69 40 44 66 43 61 62 67 36 46 57 59 39 12 
#61 69 32 63 66 43 61 62 67 36 46 57 59 47 21 
#61 69 32 63 66 43 61 62 67 47 46 57 59 39 55 
#27 69 32 44 66 43 26 62 67 5 46 57 59 39 55 
#27 69 5 23 66 43 22 13 67 36 31 42 39 3 58 
#13 22 40 63 66 43 26 62 67 36 31 42 59 3 21 
#61 69 40 63 66 51 26 62 67 5 31 42 59 39 55 
#61 69 32 44 66 43 26 74 67 48 46 57 59 39 55 
#61 69 5 63 66 46 61 62 46 5 31 17 39 39 18 
#61 69 32 63 66 51 22 13 67 15 4 57 59 39 7 
#61 69 32 63 66 43 22 13 67 15 13 57 59 39 26 
#13 69 40 63 66 43 26 62 67 14 31 57 59 39 21 
#61 69 40 26 66 43 5 74 67 14 31 42 59 39 12 
#61 22 21 23 66 10 5 74 67 5 46 57 59 39 21 
#27 69 21 12 66 23 26 74 67 15 18 42 59 47 17 
#61 69 21 63 66 15 61 62 67 5 31 17 39 39 18 
#39 69 31 63 66 43 28 74 67 5 31 57 59 39 55 
#61 69 40 63 66 43 5 74 46 5 31 23 59 39 58 
#61 69 21 44 66 43 28 74 67 47 18 22 59 39 58 
#61 69 33 63 32 23 22 62 67 14 4 42 59 4 12 
#27 25 19 63 66 23 27 74 67 11 46 57 59 1 26 
#61 69 31 63 66 43 26 62 67 23 31 53 39 47 18 
#61 69 31 44 66 51 5 62 7 23 6 57 59 47 55 
#0 69 47 63 66 43 26 62 67 48 46 57 59 39 12 
#27 69 21 62 32 46 61 74 67 14 18 57 39 39 18 
#61 69 21 44 66 43 22 62 67 14 4 42 59 47 58 
#8 25 32 62 66 43 27 74 67 48 31 57 59 1 12 
#61 69 32 44 66 43 61 62 67 5 6 53 59 39 12 
#61 69 40 44 32 43 26 74 67 36 46 57 59 39 58 
#0 69 32 63 66 43 61 74 67 48 46 57 59 39 21 
#61 69 40 44 10 43 61 62 67 5 46 57 59 39 55 
#27 69 5 63 66 43 22 62 67 14 13 23 59 47 58 
#27 69 5 63 66 43 61 62 67 48 18 42 59 39 12 
#61 69 32 44 66 43 61 62 67 36 46 42 59 3 55 
#61 69 40 44 32 51 26 62 67 36 31 57 59 39 21 
#39 69 32 63 66 43 61 74 67 47 46 57 59 39 21 
#61 69 32 44 66 43 61 62 67 5 46 57 59 39 55 
#27 69 32 63 66 43 61 62 67 48 31 57 39 39 18 
#27 25 19 23 66 51 26 74 67 48 46 42 59 39 7 
#13 69 40 23 66 43 61 13 67 15 31 57 59 39 55 
#39 69 5 63 66 51 26 62 67 48 13 42 59 39 21 
#61 69 40 44 66 43 26 74 67 5 46 42 59 39 55 
#61 69 5 44 66 43 26 62 67 5 13 57 59 39 21 
#39 22 32 23 66 46 26 62 46 47 46 42 39 39 18 
26 55 33 13 39 56 
3 8 11 14 37 27 
43 50 44 16 52 19 
32 49 51 18 23 22 
4 46 53 17 45 12 
40 48 34 57 10 41 
#Base: 902
#Max: 827
#916851
#13 69 40 23 66 43 61 13 67 15 31 57 59 39 55 
#13 69 40 23 66 43 5 13 46 15 31 57 59 39 55 
#61 69 40 63 66 43 5 74 67 5 31 23 39 39 58 
#0 69 47 63 66 43 61 74 67 48 46 57 39 39 12 
#39 69 5 63 66 43 26 62 67 48 13 42 59 39 12 
#27 69 32 44 32 43 5 74 67 5 31 57 59 39 12 
#27 69 21 44 32 43 28 74 67 5 46 57 59 39 58 
#61 69 40 44 66 43 61 74 67 47 31 57 59 39 58 
#61 69 40 63 64 43 26 74 67 47 31 57 39 39 18 
#61 69 31 63 66 43 26 62 67 14 31 53 39 39 18 
#61 69 32 44 32 43 61 62 67 5 31 57 59 39 12 
#61 69 40 44 32 51 26 74 67 36 46 57 59 39 58 
#61 69 40 44 32 43 61 62 67 36 46 57 59 39 12 
#61 69 40 44 66 43 61 62 67 5 46 57 59 39 55 
#27 69 32 44 66 43 61 62 67 5 46 57 59 39 55 
#61 69 32 63 66 43 28 62 67 5 46 42 59 3 55 
#39 69 32 44 66 43 61 74 67 47 46 57 59 3 55 
#61 69 32 63 66 43 61 74 67 47 46 57 59 39 55 
#61 69 32 44 66 43 61 62 67 47 46 57 59 39 55 
#61 69 32 63 66 51 26 74 67 48 31 57 59 39 55 
#61 69 33 44 66 43 61 74 67 47 31 57 59 39 55 
#27 69 32 44 66 43 61 62 67 5 31 57 39 39 55 
#61 69 32 63 66 43 61 62 67 48 31 57 59 47 21 
#61 69 32 63 66 43 61 62 67 36 46 57 59 47 21 
#0 69 47 44 66 43 61 62 67 48 46 57 59 39 21 
#27 69 21 62 66 43 61 62 67 14 18 42 39 39 18 
#27 69 21 63 66 43 28 62 67 47 18 42 59 39 12 
#61 69 21 44 66 43 28 74 67 5 46 42 59 39 58 
#61 69 31 63 66 51 26 74 67 23 31 53 59 39 26 
#61 69 31 63 66 43 22 62 67 14 4 53 39 47 26 
#61 69 32 63 66 43 22 74 67 15 13 57 39 39 12 
#27 69 21 44 32 43 61 13 67 15 46 57 59 39 55 
#61 69 19 63 66 43 5 74 67 23 6 53 59 47 58 
#61 69 40 63 66 43 61 74 67 48 31 57 39 39 18 
#0 69 47 63 66 43 26 62 67 48 31 57 39 39 12 
#13 69 40 63 66 51 26 62 67 14 13 42 59 39 21 
#61 69 32 44 66 43 5 62 67 5 31 53 59 39 12 
#27 69 21 44 32 43 26 62 67 5 31 57 59 39 58 
#61 69 19 44 66 43 26 74 67 36 46 57 59 47 58 
#61 69 40 44 64 43 61 62 67 47 46 57 39 39 18 
#61 69 31 44 66 43 26 62 67 23 31 57 39 47 18 
#13 69 40 44 66 43 26 62 67 5 31 57 59 39 55 
#39 69 32 44 66 43 28 62 67 5 31 53 59 39 55 
#61 69 32 44 66 43 61 62 67 36 31 57 59 3 21 
#61 69 40 44 32 43 26 74 67 47 46 57 59 39 58 
#61 69 32 63 66 43 61 62 67 47 46 57 59 39 12 
#61 69 32 44 66 43 61 74 67 48 46 57 59 39 55 
#61 69 32 63 66 43 26 62 67 5 31 42 59 39 55 
#39 69 31 44 66 23 28 74 67 47 31 57 59 4 55 
#61 69 32 44 66 43 61 62 67 36 46 42 59 39 55 
#39 69 32 63 66 43 61 62 67 47 46 57 59 39 21 
#61 69 32 63 66 43 61 62 67 36 46 57 59 47 55 
#0 69 32 44 66 43 26 74 67 48 46 57 59 39 21 
#0 69 40 44 66 51 61 62 67 48 46 42 59 39 12 
#27 69 33 62 66 46 26 74 67 47 18 57 59 39 12 
#27 69 40 63 66 43 61 62 67 5 18 42 59 39 55 
#27 69 32 44 66 43 61 74 67 48 31 22 59 39 58 
#61 69 40 44 66 43 26 74 67 36 46 42 59 47 55 
#0 69 31 63 66 43 26 62 67 23 46 53 39 39 26 
#61 69 21 44 66 43 61 62 67 14 46 57 59 47 58 
#Base: 902
#Max: 839
#930155
