#[0] 3, 3
#[1] 4, 3
#[2] 3, 4
#[3] 3, 2
#[4] 2, 3
#[5] 2, 4
#[6] 1, 3
#[7] 2, 2
#[8] 3, 1
#[9] 4, 4
#[10] 5, 3
#[11] 3, 5
#[12] 4, 2
#[13] 3, 0
#[14] 5, 4
#[15] 4, 5
#[16] 5, 2
#[17] 4, 1
#[18] 0, 3
#[19] 1, 4
#[20] 2, 1
#[21] 1, 2
#[22] 2, 5
#[23] 0, 4
#[24] 5, 1
#[25] 0, 2
#[26] 5, 5
#[27] 1, 5
#[28] 2, 0
#[29] 1, 1
#[30] 4, 0
#[31] 0, 5
#[32] 1, 0
#[33] 0, 1
#[34] 5, 0
#[35] 0, 0
#Turn 0
37 26 53 28 40 10 
18 57 0 25 41 9 
36 1 7 50 52 19 
20 45 58 22 23 46 
3 24 31 55 12 51 
30 56 33 5 21 6 
#Base: 939
#Max: 358
#381257
#Turn 1
#31 35 25 24 22 27 16 53 29 7 23 17 8 8 15 
#26 35 40 40 48 39 18 53 4 34 14 13 9 8 8 
#46 21 21 13 26 39 18 15 4 3 14 40 13 8 24 
#10 10 21 13 22 3 9 4 47 5 20 8 15 4 24 
#10 3 5 38 22 19 6 20 17 28 32 45 32 10 23 
#23 7 19 10 33 15 59 7 24 43 30 39 22 10 5 
#6 24 9 20 26 3 59 12 56 1 22 39 0 10 28 
#37 0 15 20 26 15 14 19 56 1 25 4 66 32 36 
#37 0 19 25 18 14 7 19 7 26 12 50 22 50 1 
#26 30 6 25 3 14 30 13 18 26 28 50 22 17 1 
#17 14 10 4 25 21 27 16 27 46 10 42 4 26 5 
#65 7 18 2 11 24 32 16 17 7 6 38 32 26 5 
#1 52 18 18 9 24 19 6 8 7 63 38 32 17 14 
#1 52 40 4 9 5 19 6 8 10 63 30 0 30 14 
#18 11 52 4 3 5 16 17 24 10 18 12 0 30 33 
#21 5 23 38 56 13 19 22 31 47 3 13 3 43 5 
#2 5 24 1 56 13 19 22 73 47 7 13 3 40 19 
#7 15 5 7 13 12 17 18 5 12 7 1 72 40 8 
#14 15 74 7 13 12 17 9 36 2 12 0 30 3 8 
#14 18 74 15 23 3 65 0 36 2 27 0 30 8 9 
#20 17 47 49 18 21 6 8 37 10 23 7 5 34 30 
#60 12 5 18 23 43 10 8 24 21 19 29 17 4 5 
#60 8 23 18 49 4 6 28 20 30 27 15 17 15 5 
#28 12 23 0 21 36 25 8 17 7 27 11 14 63 3 
#10 12 1 11 21 36 25 8 17 7 2 3 6 63 3 
#23 39 20 10 28 23 0 11 11 30 3 6 18 23 5 
#23 1 19 7 14 7 0 13 10 51 19 18 18 23 8 
#34 1 34 54 14 9 7 34 8 12 7 27 5 23 8 
#34 6 14 54 7 18 20 27 8 37 7 47 6 4 29 
#2 37 3 9 33 18 20 32 15 17 10 1 6 49 14 
#23 55 16 24 22 27 35 7 29 43 19 45 8 38 17 
#26 35 25 23 31 15 21 10 7 7 23 17 22 10 15 
#12 21 15 20 48 39 18 12 56 34 14 50 13 29 28 
#46 31 19 13 26 3 9 4 47 1 30 4 66 4 24 
#10 10 6 47 22 14 7 13 18 5 20 8 22 10 1 
#5 3 6 14 5 52 30 5 17 28 28 37 11 52 23 
#23 14 19 4 25 21 35 4 24 43 10 45 6 35 5 
#7 24 10 1 33 15 59 10 12 1 16 39 8 26 5 
#65 21 18 2 26 3 1 12 17 1 25 38 0 29 28 
#1 52 19 5 9 15 5 19 7 5 63 4 16 1 14 
#18 30 6 4 26 14 16 13 18 26 12 30 0 50 1 
#5 23 6 24 3 14 30 5 49 26 28 12 3 17 21 
#21 14 23 4 17 16 27 5 27 42 10 40 3 35 7 
#2 5 22 9 56 13 32 22 5 1 8 42 8 26 5 
#65 24 24 2 22 24 1 3 73 12 6 38 32 17 19 
#7 52 40 18 9 12 17 6 8 56 8 10 72 3 14 
#18 11 74 15 23 5 16 9 23 10 12 0 30 8 9 
#24 23 52 24 3 14 65 8 24 54 18 12 10 1 15 
#2 17 47 38 17 21 47 8 31 42 3 43 3 43 11 
#2 14 22 49 56 43 38 8 7 47 19 13 51 10 5 
#60 12 13 18 49 18 10 28 73 12 7 1 17 40 5 
#7 8 5 0 3 12 17 18 5 56 8 15 72 6 75 
#12 12 1 43 23 3 25 8 17 7 28 0 14 8 3 
#10 3 13 11 13 27 65 0 22 37 2 3 6 25 10 
#2 17 47 10 18 23 6 11 33 30 23 54 11 23 47 
#20 39 19 7 23 24 0 8 37 21 19 7 18 49 5 
#60 1 34 18 49 7 7 54 24 14 1 29 17 23 5 
#28 19 14 54 7 4 6 14 8 30 7 27 3 6 55 
#12 12 4 43 31 36 20 27 15 7 9 47 6 49 3 
#10 9 3 11 33 36 40 32 49 43 2 1 6 25 10 
8 20 35 15 22 57 
39 28 18 49 54 38 
58 5 7 16 45 46 
48 47 19 51 44 33 
59 13 1 50 32 12 
23 11 6 56 30 17 
#Base: 939
#Max: 409
#435570
#Turn 2
#20 0 47 49 18 14 6 8 37 10 12 50 5 50 1 
#20 17 6 14 5 21 6 8 37 28 23 37 11 52 23 
#21 5 6 14 5 13 19 22 17 47 3 13 3 43 5 
#60 5 23 38 56 13 19 22 31 47 27 15 3 43 5 
#28 8 14 54 7 4 6 28 20 30 27 27 17 15 55 
#34 52 14 54 7 18 20 27 7 37 63 47 6 1 29 
#34 6 74 54 7 18 20 9 36 37 12 47 6 4 8 
#2 14 22 7 13 43 17 9 7 47 12 13 51 3 8 
#2 17 47 49 18 43 38 8 33 47 19 13 11 23 47 
#2 17 47 2 26 3 6 11 17 30 23 54 0 29 47 
#12 7 19 10 33 36 20 27 15 7 30 47 22 49 5 
#37 0 15 10 33 15 14 19 24 43 25 4 22 10 36 
#2 5 15 20 56 13 19 19 73 47 25 13 3 32 36 
#2 52 24 1 56 12 19 22 8 47 7 10 72 40 14 
#7 52 40 18 23 12 16 6 23 10 8 10 72 8 9 
#24 17 47 24 3 21 65 8 31 54 3 12 10 43 15 
#24 18 52 15 3 3 65 0 24 54 18 0 10 1 15 
#7 18 74 0 23 3 65 0 5 2 8 0 30 8 9 
#65 24 5 0 22 12 17 18 5 56 6 38 32 17 75 
#46 24 24 13 22 3 1 4 73 12 6 4 66 17 24 
#10 52 40 4 33 5 19 6 49 10 63 30 0 25 14 
#1 35 40 4 9 5 18 53 4 10 14 30 9 8 8 
#26 35 40 40 48 39 10 28 73 12 7 1 17 8 8 
#12 21 15 18 49 39 18 28 73 12 14 1 13 29 28 
#1 21 18 18 48 39 18 6 8 7 14 38 13 17 14 
#28 7 23 0 21 36 25 8 17 7 27 38 32 26 3 
#6 24 18 2 26 3 59 16 17 7 22 38 0 26 5 
#60 24 34 20 49 3 59 12 24 1 1 29 0 10 28 
#60 55 34 24 49 27 7 54 29 14 1 45 8 38 17 
#7 15 5 24 22 12 17 7 29 12 7 45 72 38 17 
#37 52 19 5 18 14 5 19 7 26 12 4 22 50 14 
#20 17 47 49 18 18 20 8 8 10 7 47 6 4 30 
#14 15 6 14 5 52 17 5 36 2 28 37 11 52 8 
#21 14 22 49 56 13 19 8 7 47 3 13 3 43 5 
#60 17 47 10 18 4 6 11 20 30 27 54 17 15 5 
#65 19 18 2 26 4 6 14 17 1 25 38 0 29 55 
#12 52 4 5 9 36 5 19 15 5 63 4 6 49 14 
#23 6 14 10 7 18 20 27 24 43 7 47 6 4 5 
#14 0 15 7 13 15 17 19 56 1 25 4 30 3 36 
#2 14 24 1 56 13 19 8 7 47 19 13 3 10 19 
#2 17 40 10 9 23 6 11 33 30 8 10 72 23 47 
#18 11 18 15 26 3 16 9 23 1 12 38 0 8 9 
#2 17 4 43 17 21 47 27 31 7 9 47 3 49 11 
#23 23 19 24 33 15 59 7 24 43 18 39 22 10 5 
#14 0 15 20 23 15 14 0 36 1 25 0 66 32 9 
#2 8 5 0 3 12 17 18 73 47 8 15 72 40 75 
#7 52 40 2 22 24 17 3 8 12 8 38 72 3 14 
#18 31 74 15 26 3 16 9 23 10 30 0 66 4 24 
#2 9 3 11 33 36 47 8 49 43 3 1 6 25 10 
#24 23 52 4 3 5 19 6 8 10 63 12 0 1 14 
#26 18 40 40 23 39 65 53 4 34 14 0 30 8 9 
#7 12 13 0 49 12 17 28 5 12 7 15 72 6 5 
#12 21 15 2 48 39 1 3 56 34 14 38 13 29 19 
#46 52 18 13 9 24 19 4 8 7 30 38 66 17 24 
#28 9 23 11 21 36 40 32 49 7 2 11 6 63 3 
#1 52 18 4 9 24 32 6 8 7 6 38 32 26 5 
#26 24 40 40 26 3 59 53 4 1 22 39 9 8 8 
#60 12 13 18 49 18 10 28 73 14 1 29 17 23 5 
#12 21 16 24 48 39 35 7 29 43 14 45 8 38 17 
#7 52 18 18 13 12 19 18 5 12 63 1 72 40 14 
42 33 14 53 40 58 
36 0 46 6 23 35 
29 17 22 5 59 56 
50 19 13 45 18 47 
34 27 3 28 12 8 
52 16 20 57 15 54 
#Base: 939
#Max: 462
#492013
#Turn 3
#21 14 4 43 56 13 47 8 7 7 3 47 3 43 11 
#7 52 40 18 23 13 16 8 23 47 3 13 3 43 9 
#46 52 18 18 9 24 16 6 23 7 8 38 72 17 9 
#46 52 40 10 9 23 6 11 33 30 30 10 66 23 24 
#2 21 40 10 9 39 6 11 29 30 14 10 8 23 47 
#20 52 47 49 18 36 6 19 37 10 12 50 6 49 14 
#7 0 40 2 18 24 6 3 37 12 12 38 5 50 14 
#34 6 40 54 7 24 20 3 36 12 8 38 6 3 8 
#12 6 74 18 49 39 18 28 36 37 14 47 6 29 28 
#65 21 15 18 49 4 18 28 17 12 25 38 0 29 28 
#7 15 74 0 22 3 65 0 29 2 7 45 30 8 9 
#26 18 74 40 48 39 10 28 73 2 8 1 30 8 9 
#34 52 40 54 48 39 10 27 7 12 7 1 17 1 29 
#34 52 18 18 7 18 19 27 5 12 63 1 72 1 14 
#26 24 40 40 26 12 59 53 5 12 22 1 9 8 14 
#26 18 24 40 22 3 1 53 73 12 14 0 66 17 24 
#2 24 24 13 56 12 19 4 73 12 6 10 66 17 14 
#2 8 24 1 56 12 17 22 8 47 8 10 72 40 14 
#65 8 5 0 22 12 17 18 5 56 8 15 32 40 75 
#18 24 74 0 26 3 17 9 5 10 6 38 32 4 24 
#60 24 47 10 49 4 59 11 24 30 27 29 17 10 5 
#60 5 23 38 49 13 19 12 31 47 27 29 0 43 28 
#60 55 34 24 49 13 19 54 29 14 1 15 3 43 17 
#2 5 15 20 49 13 7 19 73 47 1 45 8 38 17 
#2 5 15 20 18 13 38 8 33 47 19 13 3 23 47 
#12 21 15 15 48 39 65 3 56 54 14 0 13 29 15 
#24 18 40 15 3 3 65 6 49 10 63 0 10 1 15 
#10 52 40 4 49 18 19 28 73 10 1 29 0 23 14 
#24 17 47 18 49 18 65 28 31 54 3 29 17 23 5 
#24 9 23 24 21 36 65 8 49 54 2 11 10 43 15 
#2 17 4 5 17 21 5 27 31 5 9 4 6 49 14 
#21 0 47 49 18 14 6 8 37 10 3 13 3 50 1 
#7 52 40 2 22 12 16 3 23 12 8 38 72 8 14 
#34 52 74 13 7 18 20 9 8 7 12 47 6 17 8 
#12 17 15 10 9 39 6 11 73 12 8 10 13 29 47 
#12 19 16 2 26 4 6 14 17 1 14 45 8 29 17 
#7 15 5 24 9 12 17 19 15 5 7 4 6 49 17 
#20 0 74 49 18 14 65 0 37 10 12 50 5 50 9 
#26 52 40 40 22 24 10 3 73 12 7 1 72 3 8 
#34 52 74 54 7 18 20 27 7 37 63 47 6 1 29 
#7 21 18 18 49 39 19 18 73 12 14 1 72 40 14 
#26 24 40 40 26 4 6 53 4 1 22 38 9 8 55 
#7 18 40 24 23 39 65 7 4 34 14 45 30 38 9 
#7 24 24 13 23 3 65 4 5 2 6 4 66 8 24 
#26 52 24 40 56 39 10 28 73 12 7 1 17 40 14 
#2 8 5 0 7 18 20 27 7 37 8 15 6 40 75 
#65 52 18 18 13 12 17 18 5 56 63 38 72 17 14 
#18 24 40 15 26 3 59 53 4 10 22 39 66 8 24 
#26 18 47 40 18 4 6 53 4 34 27 54 17 15 9 
#46 24 34 20 49 3 59 12 24 1 1 4 66 17 28 
#60 52 23 38 56 13 19 22 8 47 7 15 3 43 5 
#60 55 34 0 3 27 7 54 29 47 8 45 8 38 17 
#65 5 5 0 22 13 19 19 5 47 6 13 3 32 36 
#18 17 47 15 26 43 16 8 23 10 19 13 11 4 47 
#12 21 15 2 18 4 1 11 56 34 27 38 17 15 5 
#60 24 52 15 3 3 59 12 24 1 18 29 0 10 28 
#60 5 23 38 33 13 19 22 31 47 27 30 0 43 14 
#60 55 34 18 49 27 7 28 73 14 1 45 17 38 5 
#2 5 47 20 56 21 65 19 31 54 25 13 10 32 36 
#28 9 47 11 18 36 38 8 49 7 2 13 11 23 3 
33 12 27 49 21 2 
26 17 13 40 5 23 
10 16 44 11 38 20 
22 51 37 46 57 58 
42 28 8 39 18 50 
56 3 25 15 47 29 
#Base: 939
#Max: 478
#509052
#Turn 4
#34 52 40 54 48 18 20 9 7 12 12 1 6 17 8 
#10 52 40 54 48 18 19 28 73 12 1 1 0 23 14 
#46 24 40 20 49 3 59 28 24 10 1 29 66 23 28 
#46 5 23 38 49 13 59 12 31 1 27 4 0 17 28 
#60 52 18 18 49 24 19 6 23 47 27 38 0 17 28 
#24 18 24 15 3 12 65 6 49 10 8 10 10 1 15 
#34 52 18 18 56 12 17 27 8 12 8 1 72 1 14 
#34 52 18 18 7 39 19 18 73 12 14 1 72 1 14 
#20 52 18 49 49 39 19 18 73 10 12 50 6 40 14 
#2 52 47 20 49 36 7 19 37 10 1 45 6 49 17 
#7 24 24 13 56 12 19 4 73 2 6 45 66 8 14 
#2 52 24 40 56 12 10 28 73 12 6 1 66 17 14 
#26 52 74 40 56 39 10 28 73 12 8 1 30 8 9 
#26 52 40 40 22 39 10 28 73 12 8 1 72 3 8 
#26 24 40 40 49 24 59 3 73 30 27 29 72 10 5 
#60 55 34 0 49 27 19 54 29 14 8 15 3 38 17 
#20 55 34 49 18 27 65 54 29 10 12 50 8 38 17 
#20 0 74 49 18 14 65 18 5 56 12 38 72 17 9 
#65 52 18 18 49 27 7 28 73 14 1 38 72 38 14 
#2 5 47 18 49 21 65 19 31 14 1 45 17 38 5 
#7 18 40 24 49 18 65 28 31 54 3 45 17 38 9 
#12 6 47 18 49 18 18 28 31 37 3 29 6 29 28 
#34 6 74 18 7 39 20 27 7 37 14 47 6 29 28 
#65 8 5 0 22 12 17 27 5 56 63 15 32 40 29 
#60 8 5 0 22 12 19 22 5 56 7 15 32 43 5 
#60 5 23 38 9 13 19 22 31 30 30 10 66 23 24 
#12 21 40 10 9 39 65 3 56 54 14 10 66 29 24 
#12 18 24 40 22 3 1 3 73 12 14 0 66 29 15 
#18 18 24 40 26 3 1 53 73 12 14 39 66 17 24 
#24 9 40 24 26 3 65 8 49 10 2 11 66 43 24 
#34 52 74 15 7 18 65 9 8 7 12 47 6 17 15 
#2 52 24 1 56 39 10 27 8 47 7 10 17 1 29 
#10 52 18 4 7 18 19 27 5 10 63 29 72 1 14 
#46 21 18 20 49 39 59 18 73 12 14 1 66 40 14 
#20 5 47 49 18 36 19 12 37 10 12 29 6 49 28 
#46 5 15 20 9 13 16 19 23 7 8 45 72 38 17 
#24 18 40 0 22 3 65 0 49 2 63 45 30 8 9 
#2 8 24 13 56 12 17 22 8 47 6 10 66 40 14 
#26 52 18 40 56 39 19 28 73 12 7 1 17 40 14 
#26 21 18 40 49 39 10 18 73 12 8 1 72 8 9 
#26 52 40 40 22 24 6 19 37 12 7 1 72 49 8 
#60 24 47 10 49 13 59 19 73 30 27 45 8 10 17 
#7 15 34 24 22 13 19 54 29 2 7 15 30 43 9 
#60 24 34 13 3 12 19 54 29 12 8 10 66 17 14 
#26 52 74 49 18 14 65 28 73 10 12 50 5 50 9 
#65 52 74 18 13 12 10 28 73 56 63 38 30 17 14 
#60 52 40 18 49 24 7 28 73 12 7 45 17 38 8 
#60 5 47 10 49 21 65 19 24 30 25 13 17 10 36 
#7 18 34 24 49 39 65 7 29 14 1 15 30 43 17 
#24 17 47 18 49 27 7 28 31 54 8 29 8 23 17 
#12 6 74 49 49 14 18 28 37 10 14 50 5 29 28 
#34 52 74 54 7 12 17 27 5 56 63 38 72 1 29 
#65 55 5 18 22 12 17 28 73 14 8 15 32 40 5 
#60 52 23 38 56 21 19 22 31 54 7 15 10 43 36 
#60 18 40 24 33 13 65 7 4 47 27 45 0 43 14 
#24 52 47 10 49 18 65 11 31 54 30 10 17 23 24 
#12 21 74 18 49 39 18 28 56 37 14 47 6 29 15 
#26 52 24 40 7 3 1 27 7 37 14 47 6 1 24 
#65 8 40 15 26 12 17 18 5 56 22 39 66 40 24 
#60 52 23 38 21 13 65 22 49 54 7 11 3 43 5 
10 40 20 58 2 15 
30 47 38 33 55 52 
50 28 12 14 17 54 
13 41 18 45 44 16 
1 11 8 51 46 53 
29 39 56 59 26 7 
#Base: 939
#Max: 563
#599574
#Turn 5
#26 24 40 40 22 12 19 4 37 12 6 45 66 49 14 
#26 18 40 40 22 18 65 28 31 54 7 1 17 38 8 
#7 18 40 15 49 18 17 28 5 56 3 39 17 38 24 
#65 8 40 15 26 3 59 18 24 10 1 29 66 40 24 
#60 55 34 0 49 27 19 54 29 10 1 29 66 23 17 
#34 5 47 10 49 21 65 9 8 7 12 47 17 10 36 
#60 5 18 10 56 21 65 19 73 30 7 13 17 10 14 
#46 52 18 40 49 39 19 18 73 12 7 1 17 40 14 
#46 21 47 20 49 39 65 18 73 12 14 1 66 40 24 
#24 55 5 10 22 18 65 11 31 14 8 10 17 23 5 
#18 18 24 40 49 3 18 53 73 10 14 50 5 29 24 
#18 52 24 40 56 39 10 53 73 12 8 39 30 8 24 
#26 24 40 40 56 39 10 28 73 12 27 1 30 10 9 
#26 24 74 49 18 14 65 18 5 56 12 38 72 10 5 
#60 0 40 24 33 13 65 18 4 56 27 45 0 43 14 
#60 24 40 40 22 13 10 28 73 30 8 45 8 10 17 
#60 24 47 10 49 13 59 28 73 14 27 45 8 38 17 
#65 52 74 18 13 12 7 28 73 56 63 38 30 17 14 
#26 52 74 49 13 12 10 28 73 56 63 38 30 50 9 
#26 55 74 49 18 14 65 28 29 10 12 50 8 50 17 
#10 52 40 54 48 18 10 28 73 12 1 1 66 17 14 
#20 52 24 40 49 39 19 28 73 12 12 1 66 40 14 
#20 52 18 54 7 12 17 18 5 10 12 38 6 40 29 
#60 52 74 54 49 12 7 27 5 56 7 38 17 38 29 
#60 52 40 38 56 21 7 28 31 12 7 45 17 43 36 
#26 21 18 40 49 39 10 18 49 12 8 1 66 8 24 
#26 21 18 40 49 39 10 28 56 37 14 47 6 8 15 
#60 21 74 18 21 39 65 22 56 37 14 11 3 43 5 
#12 52 40 38 21 39 65 3 56 54 7 10 3 43 5 
#12 21 18 10 9 39 19 18 73 12 14 1 66 1 14 
#7 24 74 15 7 12 19 9 8 7 12 47 6 17 15 
#26 52 40 40 22 24 6 19 37 12 25 13 72 49 36 
#26 52 40 24 56 18 65 28 73 54 3 1 17 38 9 
#46 21 18 15 26 12 59 18 5 12 14 39 66 40 24 
#46 24 40 20 49 18 65 11 31 54 30 10 66 23 28 
#65 55 5 18 49 12 17 54 29 14 8 15 32 40 5 
#34 52 74 49 49 14 65 28 37 10 14 50 5 17 28 
#18 5 47 40 49 21 65 19 73 30 14 13 17 17 36 
#26 52 18 40 56 39 19 28 73 12 7 1 17 8 14 
#46 21 40 40 49 39 59 3 73 12 27 1 72 10 14 
#20 52 74 49 49 14 65 18 5 56 12 10 17 17 24 
#65 55 5 24 22 13 17 7 73 14 8 15 0 40 14 
#26 52 40 40 22 14 18 28 37 12 14 50 5 3 8 
#60 24 47 40 26 3 1 19 73 12 27 39 8 10 24 
#65 52 18 18 49 27 7 28 73 12 8 38 30 38 9 
#65 52 40 40 13 24 10 28 73 56 63 29 30 17 5 
#26 52 74 49 18 14 65 18 5 56 12 50 5 17 9 
#60 55 34 24 18 13 65 7 4 47 27 50 8 43 17 
#10 52 40 54 22 18 19 28 73 12 8 1 0 3 8 
#60 24 24 40 49 13 59 28 73 12 27 1 8 10 17 
#65 52 18 49 49 39 19 28 73 14 1 38 6 38 14 
#34 52 74 54 7 12 10 27 73 56 63 38 30 1 29 
#26 52 74 49 49 14 7 28 73 10 12 45 5 38 9 
#60 52 34 38 18 27 19 22 29 10 7 50 8 38 17 
#10 52 40 24 26 18 19 28 73 12 2 11 66 43 14 
#2 21 18 40 56 39 10 18 73 12 6 1 72 8 9 
#12 52 74 18 49 39 19 18 73 10 12 50 6 40 15 
#60 52 23 38 21 13 65 27 49 56 63 11 3 43 29 
#60 52 40 18 49 39 7 3 73 12 14 45 66 29 24 
#34 52 18 18 7 39 19 18 31 12 14 15 72 43 36 
6 7 24 34 4 31 
14 37 21 58 40 20 
28 46 23 45 8 11 
16 36 57 18 51 13 
49 56 52 17 39 50 
54 44 27 32 19 47 
#Base: 939
#Max: 583
#620873
#Turn 6
#46 52 18 40 56 39 19 18 73 30 7 13 17 10 14 
#60 52 18 38 49 39 7 28 73 12 7 45 17 40 36 
#46 52 40 20 56 21 7 11 31 12 7 10 17 43 36 
#46 24 40 20 49 27 19 11 31 54 30 29 66 23 17 
#26 52 40 40 22 24 6 19 29 10 25 29 72 23 17 
#18 0 40 40 33 13 65 18 73 56 14 45 17 17 14 
#18 52 47 40 49 39 19 19 73 30 12 1 17 40 14 
#20 52 24 18 49 39 7 3 73 12 14 1 66 40 14 
#20 52 40 49 49 14 7 3 73 56 12 45 17 17 24 
#20 52 40 54 49 14 10 28 5 12 12 1 66 17 14 
#26 52 74 38 18 39 65 18 5 54 12 50 5 17 9 
#26 52 74 49 49 14 65 27 5 56 7 38 17 38 9 
#60 52 74 40 49 12 10 28 73 56 7 29 30 17 29 
#65 21 40 20 49 39 65 18 73 12 14 29 66 17 24 
#18 21 24 40 49 39 10 53 73 12 8 1 66 8 24 
#34 52 74 49 49 14 59 28 73 14 14 45 8 17 28 
#60 52 74 49 49 13 65 27 49 10 14 50 3 17 29 
#60 52 23 38 21 12 65 27 49 56 63 11 3 43 9 
#34 52 74 49 7 12 10 27 73 56 63 38 30 50 9 
#34 52 74 49 7 14 65 18 5 56 63 38 30 1 5 
#60 24 74 18 49 39 59 18 73 12 27 1 6 10 17 
#26 52 74 18 49 14 7 28 73 10 12 50 5 38 15 
#65 52 74 18 13 14 7 28 73 56 63 38 5 38 14 
#65 21 40 40 49 12 59 28 73 56 27 1 30 17 14 
#65 21 40 40 49 39 19 3 73 12 1 1 72 38 14 
#10 52 40 18 26 18 19 28 73 12 2 11 30 43 9 
#60 52 74 18 21 39 7 28 73 37 14 38 3 38 5 
#60 21 74 18 21 39 65 22 56 54 3 1 17 38 9 
#26 52 40 24 56 14 65 28 29 10 12 1 17 38 9 
#60 55 34 24 18 13 65 7 4 10 12 50 8 50 17 
#60 5 40 10 33 21 65 18 4 56 27 13 17 10 14 
#18 52 18 40 49 39 19 19 73 12 7 13 17 17 14 
#20 52 40 38 56 39 7 28 73 12 7 45 17 40 36 
#46 52 40 18 49 18 65 11 31 54 14 10 66 23 24 
#60 52 34 0 49 14 19 18 5 56 1 29 66 23 17 
#10 52 40 54 48 24 10 28 37 12 25 1 66 49 36 
#60 52 40 24 33 13 65 3 4 54 7 45 0 43 5 
#26 5 47 40 18 21 65 19 5 30 14 50 5 17 36 
#20 52 74 40 49 39 19 27 73 12 7 38 17 40 29 
#60 52 40 40 49 24 10 3 73 12 63 29 66 17 24 
#20 52 74 49 49 39 65 18 5 56 14 1 17 40 24 
#10 52 24 40 56 18 10 28 73 12 8 39 66 17 24 
#60 52 40 10 49 13 59 28 56 54 7 10 3 43 17 
#34 52 74 49 49 14 65 18 37 10 14 50 5 17 9 
#60 52 23 38 21 13 7 27 5 56 63 38 3 43 29 
#26 52 74 49 13 12 10 28 73 56 63 38 30 50 9 
#34 21 47 20 7 39 10 27 73 56 63 1 30 40 29 
#18 52 24 49 18 39 10 53 73 56 8 38 72 8 24 
#60 24 47 40 49 13 59 28 73 12 27 45 8 10 17 
#12 52 74 49 49 14 65 28 37 10 12 50 5 17 15 
#60 52 74 49 49 13 65 28 73 10 63 11 5 38 29 
#26 52 74 49 13 12 7 28 73 56 63 38 30 50 9 
#46 52 74 54 49 12 59 27 73 56 63 1 30 1 29 
#26 52 74 49 18 39 19 28 5 14 12 38 6 38 5 
#60 24 24 40 26 18 59 28 73 12 27 11 8 43 17 
#65 52 74 18 49 39 7 18 73 12 12 38 30 38 15 
#60 52 74 18 21 39 65 28 73 37 14 45 3 43 9 
#26 52 40 24 56 12 65 28 73 56 3 38 17 17 14 
#46 21 40 49 49 14 65 28 73 10 27 1 8 10 17 
#60 55 18 49 18 13 19 7 4 14 27 50 6 43 17 
21 10 48 38 33 46 
49 43 26 22 40 42 
20 57 12 45 51 1 
55 39 56 52 18 13 
32 11 47 50 16 23 
35 27 19 15 17 24 
#Base: 939
#Max: 626
#666667
#Turn 7
#26 52 74 18 49 14 7 28 5 54 12 50 5 17 15 
#26 24 47 38 18 39 65 28 73 54 12 45 8 17 9 
#60 24 47 40 49 39 59 27 73 12 7 45 17 40 17 
#20 52 40 40 49 18 19 11 31 54 7 10 17 40 29 
#46 21 47 20 7 39 10 11 73 54 63 1 30 40 29 
#12 52 74 49 49 14 65 28 37 10 14 50 5 17 15 
#60 52 74 49 21 39 7 18 73 10 14 38 5 17 9 
#65 52 74 18 13 39 7 28 73 56 63 38 5 38 14 
#65 52 74 49 13 39 65 28 73 56 14 1 17 40 24 
#20 52 40 49 49 39 59 28 56 56 7 1 17 43 17 
#26 52 40 24 56 12 65 28 73 56 3 38 17 10 17 
#26 52 74 24 49 12 10 28 73 56 3 29 17 17 29 
#26 52 74 40 13 12 10 28 73 56 7 29 30 50 9 
#26 52 74 49 13 12 7 28 73 56 63 38 30 50 9 
#60 52 18 49 13 12 7 28 73 12 7 38 17 50 9 
#65 52 40 18 49 24 7 3 73 12 12 29 30 38 24 
#60 52 40 18 21 24 10 28 73 12 14 29 66 43 24 
#60 52 74 18 49 12 59 28 73 56 14 45 30 43 29 
#34 52 74 49 49 12 59 27 73 56 63 1 30 1 9 
#34 21 74 20 49 39 10 27 73 12 14 38 30 50 24 
#20 52 40 49 56 39 65 28 73 56 7 38 17 40 9 
#26 52 74 49 49 39 65 27 73 56 8 38 72 8 9 
#60 52 74 49 18 13 10 53 73 10 63 11 72 8 24 
#60 52 74 49 49 13 65 27 73 10 63 50 3 17 29 
#65 52 40 40 49 13 65 28 73 10 27 1 3 17 29 
#10 21 74 18 21 39 65 28 56 12 3 1 66 49 9 
#60 52 74 49 7 14 65 18 5 56 3 1 17 38 5 
#34 52 74 49 49 14 59 28 73 14 14 45 30 1 5 
#60 52 23 38 49 12 59 28 73 14 63 45 8 17 9 
#65 21 40 40 49 12 19 3 73 56 63 11 3 43 14 
#12 52 74 18 49 14 7 28 73 10 12 50 5 38 15 
#26 52 74 49 49 14 65 18 5 10 12 50 5 17 9 
#60 52 74 18 49 13 59 28 73 12 27 45 3 38 17 
#65 52 74 40 13 14 19 27 73 12 7 38 17 38 14 
#46 52 74 49 49 39 65 18 5 54 14 10 66 23 24 
#34 52 47 10 49 13 59 27 56 56 63 1 30 43 29 
#60 24 74 18 49 14 59 18 37 10 12 50 5 10 17 
#26 52 74 49 56 14 65 18 73 10 3 50 17 17 14 
#60 52 74 40 21 12 10 28 73 37 7 29 30 38 5 
#26 52 74 18 13 14 7 28 73 56 63 38 30 38 14 
#20 52 74 49 13 12 7 18 5 56 14 1 30 50 9 
#60 52 40 10 49 13 59 28 56 12 7 45 17 43 36 
#60 24 74 18 49 39 7 18 73 12 27 1 30 10 15 
#60 52 40 40 56 24 65 28 73 56 3 29 17 17 14 
#60 52 74 40 21 39 10 28 73 37 7 29 30 17 9 
#26 52 74 49 49 12 10 28 73 56 63 38 30 50 29 
#34 52 74 49 13 12 7 27 73 56 63 38 30 50 9 
#65 21 40 20 49 39 7 28 73 12 14 29 66 40 24 
#65 52 74 18 49 39 7 18 73 12 7 38 30 40 36 
#26 52 40 49 49 24 10 3 73 12 63 29 66 17 24 
#60 52 74 49 21 39 10 53 73 37 8 45 3 8 9 
#60 52 74 49 49 12 65 28 73 10 63 1 5 38 29 
#60 52 74 49 7 13 10 27 73 10 63 38 3 50 29 
#65 21 40 20 49 12 59 28 73 56 27 29 30 17 24 
#10 52 40 38 56 39 7 28 73 12 25 1 17 49 36 
#26 21 74 49 21 14 65 22 56 54 7 38 17 38 9 
#34 52 74 49 18 14 65 53 73 56 63 38 30 8 24 
#34 52 74 49 49 14 65 28 73 10 63 11 5 17 29 
#60 52 74 38 49 13 65 27 49 10 63 50 3 17 9 
#65 21 40 40 49 12 19 3 73 56 1 1 30 17 14 
10 29 37 52 50 47 
41 9 28 8 35 53 
49 48 22 45 51 2 
58 18 17 56 23 7 
44 32 20 21 46 57 
38 27 43 34 13 39 
#Base: 939
#Max: 651
#693291
#Turn 8
#26 52 40 40 49 12 19 28 73 56 3 38 3 10 17 
#65 21 40 49 49 12 19 3 73 10 3 11 17 17 14 
#26 52 74 49 56 13 65 27 73 10 3 50 17 17 14 
#60 52 74 49 21 39 10 53 73 10 63 38 3 8 29 
#60 21 40 20 49 39 7 28 73 12 14 29 66 8 24 
#60 52 40 10 49 13 59 28 56 56 7 45 17 43 17 
#60 52 40 49 49 39 59 28 56 56 7 1 8 17 17 
#60 52 74 38 13 39 59 28 73 14 14 1 8 40 24 
#34 52 74 10 49 39 65 27 73 56 14 1 17 40 24 
#65 21 47 20 49 12 59 27 56 56 63 1 30 43 29 
#65 52 40 18 49 39 7 18 73 12 7 38 66 40 24 
#60 52 74 49 49 39 7 18 73 10 63 11 30 40 24 
#26 52 74 49 49 12 10 28 73 56 63 11 72 8 24 
#60 52 74 49 49 12 10 28 73 56 63 38 5 50 29 
#60 52 47 49 49 39 65 27 73 12 63 1 5 38 17 
#34 52 74 38 49 13 59 27 49 56 63 50 3 1 9 
#60 52 74 49 49 12 59 27 73 56 14 1 30 43 29 
#60 52 74 49 18 12 65 28 73 56 63 38 30 43 29 
#60 52 74 49 49 14 65 27 73 56 63 50 3 17 24 
#65 52 74 18 13 13 7 27 73 10 63 50 3 38 29 
#60 52 74 40 21 39 10 28 73 12 7 45 30 38 17 
#60 52 40 49 56 39 59 28 73 56 27 38 3 38 9 
#20 52 74 49 56 39 65 28 73 56 8 38 17 40 9 
#26 52 74 49 13 39 7 27 73 56 8 38 72 8 9 
#34 52 74 49 13 14 7 27 73 10 63 38 5 17 9 
#34 52 74 49 49 12 59 28 73 37 7 45 30 38 5 
#60 52 40 40 49 14 59 28 73 56 14 29 30 17 14 
#46 52 74 40 49 24 65 18 5 56 3 10 17 23 24 
#46 52 74 49 13 12 65 28 73 56 63 10 30 23 9 
#26 52 74 18 13 12 7 28 73 56 63 38 30 38 9 
#60 52 40 24 56 12 59 28 73 56 3 38 17 43 36 
#65 52 40 40 49 39 19 3 56 56 7 1 3 43 14 
#26 52 23 38 49 12 59 28 73 10 3 45 17 17 14 
#65 52 74 49 13 13 65 27 73 10 63 1 17 50 29 
#60 52 47 10 49 39 10 53 73 37 63 45 3 43 29 
#65 21 40 20 49 39 7 28 73 56 27 29 66 17 24 
#26 52 40 10 49 13 10 3 73 12 63 45 66 43 36 
#20 52 74 18 49 39 7 18 73 12 7 1 30 40 17 
#60 52 74 38 49 13 59 28 73 14 63 11 8 8 24 
#65 52 74 49 13 39 65 28 73 56 14 38 17 40 29 
#34 52 74 10 49 13 59 28 56 56 63 1 30 43 29 
#60 24 40 20 49 12 59 27 73 12 27 45 30 17 24 
#26 52 40 38 49 13 10 27 49 10 63 50 66 17 9 
#65 52 74 18 49 39 59 27 73 56 7 38 30 1 36 
#60 52 74 49 18 13 10 28 73 10 14 11 72 8 29 
#34 52 74 49 18 12 65 53 73 56 63 38 30 8 29 
#60 52 74 49 49 13 65 27 73 10 63 50 5 17 29 
#60 24 74 40 13 39 59 28 73 12 63 38 17 38 14 
#60 52 74 40 49 13 65 28 73 37 63 29 30 17 9 
#60 52 74 18 49 13 59 28 73 12 27 1 30 38 9 
#60 52 40 49 56 12 65 28 73 56 14 38 17 40 29 
#34 52 74 49 49 14 65 27 73 56 8 38 72 8 24 
#60 52 74 49 49 13 7 27 73 56 63 38 3 50 29 
#65 52 74 49 13 39 65 28 73 56 63 38 5 17 14 
#60 52 74 40 21 39 10 28 73 37 7 29 30 38 9 
#34 52 74 18 49 13 59 28 73 12 14 45 30 38 5 
#20 52 40 40 56 39 65 28 73 56 7 29 17 40 14 
#26 52 74 49 49 39 65 18 5 54 8 10 72 23 24 
#34 52 74 49 13 12 7 28 73 56 63 38 30 50 9 
#34 52 74 18 13 14 7 28 73 10 63 11 5 17 14 
5 57 58 33 25 8 
38 56 40 52 11 9 
15 30 51 53 13 14 
22 48 39 17 45 16 
26 28 21 18 46 34 
35 47 12 50 43 3 
#Base: 939
#Max: 690
#734824
#Turn 9
#26 52 40 49 49 13 59 18 56 54 7 10 72 23 17 
#34 52 74 49 49 39 7 18 5 54 63 10 30 50 9 
#65 52 74 49 13 13 65 28 73 10 63 38 17 50 29 
#34 52 74 49 13 13 65 27 73 37 7 1 30 50 5 
#34 52 74 10 49 12 59 28 73 56 14 45 17 38 24 
#60 52 74 38 49 39 65 28 73 56 63 29 17 40 24 
#20 52 74 10 56 39 65 28 73 56 63 1 17 40 14 
#34 52 74 10 49 13 7 28 56 56 63 1 3 43 29 
#60 52 74 49 49 13 7 18 73 10 63 11 3 40 24 
#65 52 47 49 49 12 7 27 56 56 63 1 30 40 24 
#34 52 74 24 56 13 59 27 73 56 3 38 17 1 9 
#34 52 40 49 56 14 59 28 73 56 3 38 72 8 36 
#65 52 74 49 13 14 65 28 73 56 8 38 72 8 24 
#65 52 74 49 13 39 10 28 73 56 63 38 5 17 14 
#60 52 74 49 49 12 10 28 73 56 63 38 5 38 17 
#20 52 74 49 56 13 65 28 73 56 8 29 30 40 9 
#60 52 74 49 13 39 65 28 73 56 14 29 17 17 29 
#65 52 74 49 13 12 65 28 73 56 14 38 30 43 29 
#60 52 74 49 18 12 65 53 73 56 63 38 30 43 29 
#60 52 74 49 18 12 65 53 73 56 63 1 30 8 29 
#60 52 40 40 49 12 59 28 73 56 14 10 30 17 9 
#60 52 40 49 56 39 59 28 73 56 27 38 3 38 9 
#60 52 40 49 56 39 65 28 73 56 63 38 3 17 9 
#60 52 74 49 49 13 65 27 73 10 63 50 5 17 29 
#60 52 74 10 49 39 65 53 73 37 63 45 5 43 29 
#65 24 74 40 13 39 7 28 73 12 27 29 66 17 24 
#26 24 74 49 49 12 10 28 73 56 63 11 72 38 14 
#60 52 40 49 56 12 65 28 73 56 14 11 17 40 29 
#60 52 74 18 49 39 59 27 73 56 14 38 30 1 36 
#60 52 74 18 49 39 10 53 73 10 63 38 30 1 29 
#60 52 74 10 49 13 59 28 56 56 63 11 17 8 24 
#20 52 74 40 56 39 65 28 73 56 7 10 72 40 24 
#34 52 74 10 49 12 7 28 56 56 63 1 30 50 29 
#65 52 74 49 13 13 65 27 73 10 63 1 17 50 29 
#60 52 74 49 49 39 59 18 73 10 7 11 30 40 5 
#34 52 47 20 49 39 59 27 73 56 14 1 17 40 29 
#60 52 74 38 49 13 59 28 49 14 63 11 8 8 9 
#60 52 40 40 56 39 65 28 73 56 3 29 17 40 36 
#34 52 74 10 49 13 65 27 73 56 63 1 30 8 24 
#60 52 74 49 13 39 65 28 73 56 63 38 3 17 14 
#60 52 74 49 49 12 7 28 73 10 63 11 5 50 24 
#65 52 47 20 49 39 65 27 73 12 63 1 30 38 17 
#20 52 74 49 56 13 59 27 73 56 63 50 17 40 9 
#60 52 74 24 56 13 59 28 73 56 3 29 30 17 36 
#34 52 74 49 13 14 65 27 73 56 14 38 72 40 24 
#60 52 74 49 13 12 65 28 73 56 63 38 5 43 14 
#60 52 74 49 49 12 65 53 73 56 63 38 5 8 29 
#60 52 74 49 49 12 59 27 73 56 63 1 30 38 29 
#60 52 74 49 56 39 65 28 73 56 14 38 30 17 9 
#46 52 74 49 13 12 65 28 73 56 63 10 30 23 9 
#65 52 40 49 56 39 65 28 73 56 27 38 3 40 9 
#60 52 74 49 18 12 65 28 73 56 63 50 3 43 24 
#60 52 74 49 49 12 65 53 73 10 63 50 5 17 29 
#60 52 74 10 49 39 10 27 73 37 63 1 30 43 29 
#60 21 40 20 49 14 59 28 73 56 27 29 66 17 14 
#60 52 74 49 13 12 59 28 73 12 63 38 30 23 9 
#26 52 74 49 49 12 59 28 73 56 63 38 3 38 9 
#60 52 74 49 49 14 65 27 73 56 63 38 3 40 29 
#60 52 74 49 49 13 65 27 73 56 63 50 5 17 36 
#60 52 74 10 49 39 10 53 73 10 63 45 3 43 29 
26 6 28 37 21 27 
15 43 12 47 2 16 
11 19 51 58 46 23 
22 48 57 18 24 31 
59 39 44 5 42 50 
49 56 45 52 17 14 
#Base: 939
#Max: 715
#761448
#20 24 74 49 49 12 65 28 73 56 63 1 17 40 14 
#60 52 74 18 49 39 65 27 73 56 63 38 17 1 36 
#60 52 74 18 56 39 65 28 73 56 3 38 17 1 36 
#60 52 40 49 56 39 65 28 73 56 27 38 3 40 9 
#60 52 40 49 56 39 59 28 73 56 27 11 3 40 29 
#60 52 74 24 56 13 65 28 73 56 8 29 30 40 9 
#65 52 74 24 56 14 65 28 73 56 8 38 72 8 24 
#65 52 74 49 13 12 65 28 73 56 63 38 30 38 29 
#65 52 74 49 13 13 59 28 73 56 63 1 30 50 29 
#65 52 74 49 13 39 65 28 73 56 14 29 17 50 29 
#34 52 40 49 56 12 65 53 73 56 3 38 30 8 29 
#60 52 74 49 18 12 65 28 73 56 63 50 30 43 24 
#60 52 74 49 49 12 65 27 73 56 63 50 3 17 36 
#60 52 74 49 49 12 65 53 73 56 63 50 5 8 29 
#60 52 74 49 49 13 65 27 73 10 63 38 5 17 29 
#60 52 74 49 56 39 65 28 73 56 14 38 30 17 9 
#60 52 74 49 49 14 65 27 73 56 14 38 30 40 29 
#60 52 74 49 18 14 65 53 73 56 63 38 30 40 29 
#60 52 74 10 18 12 65 53 73 37 63 45 30 43 29 
#60 52 74 10 56 39 65 28 73 37 7 45 72 40 24 
#60 52 74 10 49 39 10 53 73 56 63 45 3 43 14 
#34 52 74 49 13 39 65 28 73 56 14 38 3 17 14 
#60 52 74 49 13 14 65 27 73 56 14 29 72 40 24 
#20 52 74 49 56 13 59 27 73 56 63 50 17 40 9 
#65 52 74 49 56 39 59 27 73 56 63 50 3 40 9 
#26 52 74 49 13 12 59 28 73 56 63 10 30 23 9 
#60 52 74 49 49 12 65 28 73 56 63 38 5 43 14 
#60 52 74 49 49 12 65 28 73 56 63 50 5 43 29 
#65 52 74 49 13 12 65 28 73 10 14 50 30 17 29 
#65 52 74 49 49 12 10 28 73 56 63 38 30 43 29 
#26 52 74 49 49 13 10 28 73 56 63 29 72 40 14 
#20 52 74 10 56 39 65 28 73 56 63 29 30 17 14 
#60 52 74 49 49 14 65 27 73 56 14 38 72 1 36 
#60 52 40 40 49 39 65 28 73 56 3 29 30 40 36 
#65 52 40 49 56 13 65 28 73 56 27 38 17 38 29 
#60 52 40 49 56 39 65 28 73 56 14 11 17 40 29 
#34 52 74 49 56 13 59 28 73 56 3 38 30 8 9 
#60 52 74 24 18 13 59 53 73 56 3 29 30 8 36 
#65 52 74 49 13 14 65 28 73 56 63 50 3 8 24 
#60 52 74 49 49 12 59 27 73 56 63 1 5 38 36 
#65 52 74 49 13 12 65 28 73 10 63 38 17 50 29 
#60 52 74 49 49 39 65 28 73 10 14 50 17 17 29 
#34 52 40 49 56 39 65 28 73 56 63 38 3 17 9 
#60 52 74 49 18 12 65 28 73 56 63 38 30 17 29 
#60 52 74 49 49 14 65 27 73 56 63 50 3 40 29 
#60 52 74 49 49 12 65 53 73 56 63 50 30 43 29 
#60 52 74 49 49 12 65 53 73 37 63 45 5 43 29 
#60 52 74 49 49 13 65 28 73 56 7 10 5 17 24 
#60 52 40 49 56 39 65 28 73 56 63 38 3 43 9 
#60 52 74 49 13 39 65 28 73 56 63 38 3 17 9 
#60 52 74 49 13 14 65 27 73 56 63 38 3 40 29 
#60 52 74 38 49 12 65 53 73 56 63 29 17 40 24 
#20 52 74 49 56 39 65 27 73 37 63 45 5 40 9 
#20 52 74 49 56 39 65 28 73 56 27 38 3 40 9 
#60 52 74 10 13 39 65 53 73 56 63 45 3 23 29 
#26 52 74 49 49 39 65 28 73 56 63 38 3 17 14 
#60 52 74 49 13 14 65 27 73 56 14 38 5 40 24 
#60 52 74 38 49 12 65 53 73 56 63 50 5 17 24 
#65 52 74 49 13 13 65 28 73 56 14 50 17 43 29 
#65 52 74 49 56 39 65 28 73 56 63 38 3 38 9 
#Base: 939
#Max: 758
#807242
