#[0] 3, 3
#[1] 4, 3
#[2] 3, 4
#[3] 3, 2
#[4] 2, 3
#[5] 2, 4
#[6] 1, 3
#[7] 2, 2
#[8] 3, 1
#[9] 4, 4
#[10] 5, 3
#[11] 3, 5
#[12] 4, 2
#[13] 3, 0
#[14] 5, 4
#[15] 4, 5
#[16] 5, 2
#[17] 4, 1
#[18] 0, 3
#[19] 1, 4
#[20] 2, 1
#[21] 1, 2
#[22] 2, 5
#[23] 0, 4
#[24] 5, 1
#[25] 0, 2
#[26] 5, 5
#[27] 1, 5
#[28] 2, 0
#[29] 1, 1
#[30] 4, 0
#[31] 0, 5
#[32] 1, 0
#[33] 0, 1
#[34] 5, 0
#[35] 0, 0
#Turn 0
44 48 18 49 11 53 
33 54 21 15 20 58 
29 43 37 6 4 55 
47 25 31 50 40 42 
14 24 17 0 22 9 
13 35 28 2 56 41 
#Base: 894
#Max: 358
#400447
#Turn 1
#27 21 30 18 7 50 27 4 15 29 21 15 57 47 0 
#55 11 31 23 11 50 27 17 15 28 42 30 16 47 34 
#28 11 31 23 7 54 9 42 44 28 42 30 7 4 22 
#20 3 18 35 26 54 9 1 0 19 25 39 17 41 16 
#47 11 18 14 26 28 18 1 0 20 38 14 13 2 37 
#40 43 48 16 29 11 10 27 19 25 44 21 22 11 47 
#22 12 25 7 63 15 3 17 19 25 21 19 12 22 18 
#9 38 25 11 63 15 17 63 32 6 5 19 1 9 38 
#34 26 30 11 44 28 5 14 36 32 3 10 8 9 38 
#34 29 20 2 5 29 10 33 23 32 3 44 8 15 18 
#3 3 37 17 20 25 60 15 53 31 13 21 22 8 12 
#8 53 0 24 1 25 15 15 2 12 13 5 22 23 39 
#56 53 0 18 21 29 15 24 1 13 51 5 35 4 5 
#20 12 8 18 9 21 5 24 4 30 51 9 7 1 2 
#4 34 8 16 5 2 5 37 8 30 24 27 20 1 8 
#43 6 34 29 34 8 33 29 6 24 11 8 11 12 12 
#15 4 34 24 30 26 65 14 13 14 11 8 9 23 22 
#9 12 68 28 33 10 4 14 15 14 9 9 7 12 7 
#9 64 29 28 7 10 18 51 13 13 4 8 16 12 3 
#7 64 13 12 7 3 18 51 44 20 1 10 16 24 25 
#6 56 46 24 32 8 3 2 26 16 9 36 19 16 10 
#7 56 34 17 30 21 20 55 26 16 16 5 52 0 10 
#47 26 2 17 51 11 9 6 8 9 16 12 14 0 1 
#30 5 53 55 1 11 9 6 8 19 10 45 14 0 1 
#30 12 18 0 1 5 1 49 8 30 19 27 2 11 0 
#39 20 3 5 18 1 32 7 52 2 33 15 26 25 0 
#39 19 13 5 19 30 50 5 38 2 12 3 7 23 10 
#28 19 13 44 13 30 50 5 38 3 12 3 14 23 18 
#28 33 7 13 13 26 33 26 20 3 58 3 21 0 18 
#12 57 7 35 13 41 24 8 20 10 27 2 0 0 28 
#10 43 30 18 29 11 3 4 22 25 44 28 22 38 0 
#40 21 14 7 7 50 3 27 15 29 21 21 24 11 34 
#22 38 25 8 11 20 12 23 7 11 42 30 12 15 18 
#28 3 30 5 13 28 9 42 13 10 14 39 17 9 38 
#34 18 16 51 44 10 10 14 0 19 25 14 13 41 18 
#47 18 20 2 53 29 25 33 17 52 11 2 17 15 17 
#3 16 9 16 29 11 5 13 53 31 39 21 22 47 6 
#40 3 33 17 19 25 60 15 19 25 21 33 22 3 39 
#56 53 25 8 63 15 17 17 32 11 11 5 12 23 5 
#20 26 30 11 21 28 2 24 13 6 51 9 1 9 2 
#34 6 8 51 9 10 5 14 36 32 3 10 8 1 57 
#15 34 5 2 5 2 29 33 23 9 24 44 39 15 17 
#43 6 7 43 20 8 33 13 53 31 4 21 11 8 12 
#8 4 33 29 34 25 60 15 13 24 13 8 22 23 39 
#70 53 9 24 30 26 18 14 20 13 29 5 35 23 5 
#9 12 63 28 33 10 2 48 4 13 9 8 7 12 7 
#4 64 29 16 9 10 18 53 36 30 9 10 20 23 57 
#7 9 5 12 5 2 18 59 8 29 24 58 39 24 25 
#6 7 7 19 8 8 33 29 6 11 4 36 19 12 12 
#15 56 34 29 21 21 65 2 19 24 11 5 9 23 10 
#70 1 2 24 30 26 11 55 20 14 29 9 9 0 22 
#12 12 53 28 51 11 4 48 8 13 22 8 7 0 1 
#2 64 18 22 7 10 18 51 37 19 10 10 2 23 60 
#9 5 10 12 6 48 1 49 44 30 19 41 11 19 0 
#33 7 46 13 32 1 32 26 26 11 27 15 19 48 11 
#39 20 34 5 19 33 20 47 52 16 28 5 26 16 0 
#39 19 2 44 30 26 50 5 38 16 16 17 7 23 11 
#28 5 53 55 51 26 9 6 1 3 22 12 14 0 1 
#12 12 7 3 13 5 33 26 37 19 27 45 21 11 28 
#32 42 10 35 6 48 24 8 8 10 19 2 0 36 32 
59 54 51 37 23 3 
16 20 43 21 55 45 
36 18 50 38 44 40 
47 49 1 46 7 0 
42 57 2 52 5 35 
34 53 10 12 19 56 
#Base: 894
#Max: 437
#488814
#Turn 2
#33 42 10 13 32 1 32 8 8 10 19 15 0 48 11 
#12 12 53 13 51 1 32 48 8 13 22 8 19 0 11 
#12 3 53 17 19 25 4 15 8 13 21 33 22 3 39 
#30 3 33 17 19 25 60 15 8 25 21 33 22 0 1 
#20 3 18 55 26 54 9 6 0 19 25 39 17 41 16 
#6 56 46 24 32 26 3 2 26 14 9 36 9 16 22 
#8 56 46 24 32 25 60 2 13 16 9 36 19 23 39 
#7 4 33 17 30 21 60 55 13 24 16 5 52 23 39 
#7 20 34 5 19 21 20 47 26 16 16 5 52 16 10 
#9 12 34 28 33 10 2 47 52 13 28 5 26 12 0 
#3 16 9 16 29 11 18 51 13 13 39 8 22 47 3 
#9 1 29 24 7 26 11 51 20 14 29 8 16 12 3 
#56 53 2 24 30 15 11 17 32 11 11 5 12 0 22 
#56 53 25 8 30 15 17 17 20 11 11 5 12 23 5 
#70 53 9 24 9 10 18 14 36 32 29 5 35 1 57 
#15 56 5 12 21 21 65 59 8 29 24 5 9 23 10 
#15 56 34 23 21 50 27 17 15 28 11 5 16 47 34 
#55 11 29 16 11 50 18 17 15 30 42 10 16 23 34 
#9 64 29 11 63 15 17 63 32 6 5 10 20 9 38 
#9 38 30 18 63 15 27 4 32 6 5 15 1 9 38 
#28 6 7 43 51 26 33 6 1 3 22 21 11 0 1 
#28 11 31 55 7 54 9 6 1 28 42 30 7 4 1 
#2 11 31 22 7 10 18 42 37 19 10 10 7 4 22 
#40 64 18 22 29 11 18 27 37 25 10 21 2 11 60 
#40 18 20 2 29 11 25 27 17 52 44 21 17 11 17 
#34 5 16 51 44 48 10 49 0 30 19 41 13 19 0 
#9 5 10 12 6 25 1 49 44 31 19 41 11 19 0 
#3 53 37 18 21 25 60 24 53 31 51 5 35 8 5 
#56 53 0 12 7 29 18 24 1 13 1 10 16 24 25 
#7 19 2 12 7 26 50 51 38 16 16 10 7 23 25 
#32 42 34 35 30 48 65 8 13 10 11 2 0 23 32 
#6 56 46 24 32 1 32 2 26 11 27 36 19 48 11 
#8 4 33 29 34 11 60 48 13 13 13 8 22 23 39 
#7 3 34 17 19 25 20 15 26 16 16 5 52 3 39 
#39 5 34 5 1 11 9 6 8 16 28 45 26 16 0 
#9 3 18 28 33 54 9 1 4 19 9 8 17 12 16 
#3 4 34 24 29 26 5 13 53 14 39 21 22 47 22 
#6 64 46 28 32 10 3 2 13 13 9 8 19 16 3 
#8 1 2 29 30 26 60 55 13 14 13 8 9 0 39 
#56 56 34 17 63 15 17 55 26 11 11 5 52 0 10 
#39 53 9 5 30 33 18 14 20 16 29 5 26 16 5 
#9 12 63 51 33 10 5 14 36 32 9 8 7 1 57 
#3 16 9 12 29 11 18 59 8 29 24 21 22 47 6 
#15 56 29 28 7 10 18 51 13 13 4 5 9 23 10 
#55 11 2 24 11 26 11 55 20 28 42 9 16 47 34 
#56 53 29 8 63 10 17 53 32 30 11 10 12 23 57 
#70 53 25 11 63 15 18 14 20 13 29 19 1 23 5 
#27 6 30 51 9 50 27 4 36 32 3 15 8 47 57 
#43 6 5 12 20 2 33 13 8 29 24 58 11 8 25 
#15 56 53 29 21 26 65 2 19 24 11 5 14 23 10 
#28 11 31 23 7 54 9 42 44 28 42 30 16 4 22 
#4 64 18 16 9 10 18 51 37 19 9 10 20 23 60 
#40 38 48 11 63 15 10 63 32 6 44 19 22 9 47 
#47 21 30 18 53 29 25 4 17 29 21 2 57 15 0 
#43 18 7 51 44 10 10 13 0 31 4 14 13 8 18 
#9 5 10 12 6 48 9 6 1 3 19 41 11 0 0 
#28 3 31 17 7 25 60 42 44 31 42 30 22 4 22 
#2 64 0 18 21 10 15 51 1 19 10 10 35 23 5 
#40 64 48 12 29 3 18 27 44 25 44 10 16 11 25 
#47 19 2 2 53 29 25 5 38 16 11 17 7 15 11 
24 5 4 56 50 1 
19 36 31 46 25 38 
21 16 47 27 14 53 
51 58 18 45 39 15 
57 44 23 52 7 41 
12 32 30 6 49 17 
#Base: 894
#Max: 467
#522371
#Turn 3
#6 18 20 2 32 11 3 27 17 52 44 21 17 16 17 
#6 56 18 24 32 26 9 6 0 19 9 39 9 41 16 
#28 3 31 17 7 54 60 6 0 19 42 39 17 4 22 
#28 3 31 23 7 54 9 42 44 28 42 30 16 4 22 
#12 11 31 13 7 1 9 48 44 13 42 8 19 0 11 
#3 38 30 24 63 15 27 13 32 6 5 21 1 47 38 
#6 56 46 24 29 1 32 2 26 11 39 36 19 47 22 
#6 53 25 24 63 15 18 2 26 11 27 36 1 23 11 
#34 53 25 11 63 15 18 14 0 30 29 41 13 19 5 
#34 1 2 29 30 48 60 55 13 14 13 41 9 19 0 
#15 56 34 23 21 54 9 6 15 28 42 30 7 47 1 
#15 6 34 23 21 50 27 17 36 32 11 15 16 47 34 
#27 6 30 51 9 25 60 4 36 31 3 15 8 47 5 
#70 53 37 24 21 25 60 14 53 32 51 5 35 8 5 
#47 21 30 24 9 10 25 4 17 32 29 5 35 15 57 
#40 64 48 16 29 10 18 51 44 19 9 10 16 23 25 
#40 64 48 11 29 15 17 27 44 25 5 10 16 9 25 
#56 64 29 11 63 15 17 53 32 6 5 10 20 9 57 
#56 53 34 8 63 15 17 55 32 30 11 10 52 0 10 
#56 56 34 17 63 21 65 55 26 29 24 5 52 23 10 
#55 11 2 18 11 26 11 51 20 28 42 9 35 47 34 
#40 11 2 24 11 26 11 27 20 28 10 9 2 47 60 
#40 64 48 11 63 11 18 63 32 25 44 19 2 11 47 
#40 4 33 17 63 15 10 55 32 6 16 19 52 9 39 
#9 12 33 51 33 10 60 14 13 24 9 8 52 1 57 
#56 4 33 29 34 11 60 17 13 13 11 5 22 23 22 
#8 42 33 35 30 11 60 48 13 13 13 8 22 23 39 
#8 56 46 35 32 25 65 8 13 16 11 2 19 23 39 
#15 56 46 24 32 25 60 2 13 24 11 36 14 23 10 
#15 56 53 29 21 50 65 2 15 24 11 10 14 23 34 
#40 18 20 2 29 15 27 27 17 52 44 21 17 9 38 
#3 4 46 24 32 26 3 13 53 14 9 21 22 16 22 
#20 3 46 24 32 54 9 6 0 19 25 39 19 48 16 
#70 3 25 17 63 25 60 42 44 13 29 19 22 23 5 
#34 11 31 23 44 54 9 49 44 30 19 30 16 19 0 
#8 1 53 29 30 1 60 48 13 14 13 8 9 0 11 
#28 11 30 55 7 54 27 4 32 28 5 30 7 9 38 
#3 56 34 24 29 50 27 13 53 28 39 5 22 47 22 
#27 56 30 24 32 50 27 2 26 32 3 15 19 47 11 
#70 53 37 18 21 15 18 24 53 31 29 19 35 8 5 
#70 53 9 51 9 48 10 14 0 30 29 5 13 19 0 
#47 1 2 29 53 26 25 55 17 14 13 8 57 0 0 
#28 64 18 16 7 54 18 51 37 28 9 10 7 23 60 
#40 64 48 23 29 50 27 27 44 28 11 10 16 11 25 
#27 64 30 51 9 15 27 4 36 32 3 10 20 47 38 
#56 53 37 18 21 25 17 53 32 31 51 10 35 23 5 
#70 56 9 17 63 10 18 55 36 32 29 5 52 1 57 
#15 21 5 18 21 29 65 59 8 29 24 2 57 23 10 
#4 64 18 18 9 10 15 51 1 19 10 10 35 23 5 
#40 11 2 24 11 3 18 27 20 25 42 9 16 11 34 
#40 64 29 22 29 11 17 63 32 6 5 10 20 9 60 
#40 38 48 11 63 10 10 53 32 30 44 19 12 9 47 
#7 56 33 17 63 15 17 55 13 11 11 5 52 0 10 
#9 12 5 12 21 10 65 14 36 29 24 5 7 1 57 
#56 53 2 18 21 10 15 51 1 19 11 10 12 23 22 
#55 11 2 29 11 11 60 55 13 13 13 8 22 47 39 
#40 64 34 22 30 48 18 27 13 10 11 21 0 23 32 
#40 38 48 11 63 15 60 2 13 6 44 19 19 9 39 
#15 56 33 17 21 21 65 2 19 24 16 5 52 23 39 
#9 12 29 51 33 10 5 17 15 32 42 8 7 23 57 
56 26 27 15 52 28 
6 41 40 18 58 34 
20 55 51 17 33 44 
29 42 13 46 22 50 
10 24 39 19 45 43 
38 47 23 57 37 9 
#Base: 894
#Max: 536
#599553
#Turn 4
#8 64 33 35 30 48 60 27 13 10 11 21 22 23 39 
#8 56 33 35 30 25 60 8 13 16 13 2 19 23 39 
#40 56 46 35 32 25 18 51 13 19 9 2 19 23 25 
#7 56 33 17 63 15 18 55 44 19 11 5 16 0 10 
#15 56 46 24 32 25 60 2 13 11 11 36 14 0 10 
#6 1 2 29 53 26 25 55 26 11 13 36 19 0 0 
#47 53 9 29 9 48 10 14 17 14 13 8 13 0 0 
#70 53 9 8 9 48 17 55 0 30 29 5 13 0 10 
#15 53 33 8 21 21 65 2 19 24 11 10 52 0 39 
#15 56 33 23 44 21 65 2 19 24 16 30 52 23 39 
#55 11 2 29 11 11 60 51 20 13 13 9 22 47 34 
#55 38 2 29 63 11 10 53 32 13 44 8 22 9 47 
#56 64 29 11 63 10 17 53 32 30 44 19 12 9 47 
#56 64 29 11 63 15 60 42 32 13 29 10 22 23 57 
#27 3 25 17 9 15 27 4 44 13 29 10 20 23 38 
#28 56 53 16 7 50 18 2 15 24 11 10 14 23 60 
#28 64 18 24 21 54 18 51 37 28 9 5 7 23 60 
#70 56 37 17 63 25 60 55 53 32 51 5 35 1 5 
#40 56 48 17 63 10 18 63 32 25 29 19 2 11 57 
#40 64 29 22 63 11 18 63 32 6 5 10 20 9 47 
#15 12 34 51 33 54 9 14 13 24 9 8 52 1 1 
#9 12 37 51 21 10 60 14 13 24 29 19 35 1 57 
#70 53 34 18 63 21 18 24 26 29 29 19 35 23 5 
#56 56 37 17 63 21 17 53 26 31 24 5 35 23 10 
#56 53 37 23 21 25 17 27 44 31 11 10 35 11 5 
#15 56 30 18 32 29 27 59 8 32 3 15 57 23 10 
#40 21 5 18 63 15 65 55 8 29 24 19 57 9 39 
#40 4 33 11 63 15 60 55 32 6 16 19 19 9 39 
#40 38 34 11 63 15 60 2 13 28 44 5 22 47 39 
#34 1 2 29 30 48 27 55 13 14 39 41 9 47 0 
#40 56 34 24 29 1 18 27 13 11 11 36 0 47 32 
#47 42 2 35 53 26 60 55 13 13 13 8 22 0 0 
#70 53 9 35 32 48 10 14 0 16 11 2 13 23 0 
#56 53 48 16 29 10 18 55 32 30 11 10 16 23 10 
#7 56 33 17 63 21 17 55 19 11 11 5 52 23 39 
#15 56 31 24 32 54 60 49 44 24 19 30 16 19 10 
#6 56 2 24 29 26 11 51 20 28 42 36 35 47 34 
#47 1 2 29 53 11 60 55 17 13 13 8 22 0 0 
#70 38 9 11 9 10 10 14 32 30 44 5 13 9 0 
#56 64 34 8 63 15 17 53 32 30 5 10 52 9 57 
#70 56 33 17 21 25 60 2 19 13 29 19 22 23 39 
#27 11 30 51 9 54 27 4 36 30 3 10 16 47 38 
#55 56 2 18 21 26 11 2 15 24 42 9 14 23 34 
#28 11 18 16 7 11 18 55 37 28 13 8 22 23 39 
#70 53 37 24 63 25 10 14 53 30 51 19 35 9 47 
#70 64 9 17 63 10 18 53 36 6 5 5 52 9 57 
#70 64 25 11 63 11 60 63 32 13 29 19 2 23 5 
#40 64 30 51 9 11 17 63 32 32 3 10 20 47 60 
#15 56 53 29 21 50 65 6 15 28 11 30 14 23 1 
#28 64 33 51 33 10 60 51 13 28 9 8 7 23 57 
#70 53 37 18 21 25 18 24 53 31 51 5 35 8 5 
#70 56 34 17 63 21 65 55 26 32 24 5 52 23 10 
#56 53 48 18 63 11 18 63 32 31 51 10 35 23 47 
#40 64 29 23 29 50 27 63 44 28 5 10 16 11 25 
#15 56 30 24 21 54 9 2 15 28 42 15 19 47 1 
#15 12 33 51 33 29 60 59 8 24 24 2 57 23 57 
#70 4 37 17 63 15 18 55 32 6 29 19 52 9 5 
#40 56 34 11 63 15 60 2 13 29 44 5 52 23 10 
#3 56 34 18 29 25 17 53 32 28 39 10 35 47 22 
#40 1 2 23 29 48 60 27 44 14 13 10 16 11 0 
33 31 40 28 16 36 
58 27 22 45 56 34 
0 50 39 46 13 53 
26 47 44 17 52 55 
48 19 49 51 12 23 
25 9 35 18 57 11 
#Base: 894
#Max: 565
#631991
#Turn 5
#47 53 48 35 29 26 18 55 32 13 11 8 16 23 0 
#70 56 33 35 21 25 60 55 19 13 29 8 22 0 0 
#40 38 34 11 21 15 60 2 19 28 44 5 22 23 39 
#40 38 34 11 63 15 60 2 37 28 9 5 22 47 39 
#6 56 18 24 29 54 11 51 20 28 9 5 35 47 34 
#3 4 34 11 63 15 60 55 32 28 39 10 19 47 22 
#70 53 33 18 63 15 60 24 32 29 16 19 19 9 39 
#70 53 34 18 63 10 18 53 36 6 5 5 52 23 5 
#70 64 9 17 63 15 18 55 36 6 5 19 52 9 57 
#7 56 37 17 63 21 18 55 32 11 11 19 52 23 5 
#70 53 33 18 21 25 60 24 13 10 11 21 22 8 39 
#56 53 37 8 21 25 18 24 32 30 51 5 35 8 57 
#70 64 34 11 63 11 60 63 32 13 29 10 2 9 57 
#70 64 25 11 63 11 60 63 32 13 29 10 22 23 57 
#56 64 29 23 29 15 27 42 32 28 5 10 16 23 25 
#40 21 30 18 63 15 65 55 32 32 24 19 57 9 60 
#40 64 37 51 63 25 17 14 32 30 3 19 35 9 60 
#70 53 37 17 63 25 60 14 53 32 51 19 35 1 47 
#70 53 48 17 63 25 60 63 53 32 51 5 35 23 47 
#15 53 33 51 33 29 18 63 32 24 51 2 35 23 47 
#15 56 53 29 63 50 65 6 32 28 11 10 20 23 1 
#28 64 33 51 63 10 60 51 32 6 5 10 7 23 47 
#70 64 34 51 63 21 65 55 26 28 24 5 52 23 10 
#56 56 34 17 63 10 65 55 32 30 44 5 12 23 10 
#56 64 37 17 63 21 17 53 32 31 44 19 12 23 47 
#15 56 33 18 44 29 27 59 8 24 16 15 52 23 10 
#15 56 33 24 44 21 65 49 19 24 16 30 52 23 39 
#40 56 31 17 63 10 18 49 44 25 29 19 2 19 10 
#40 56 34 17 63 15 60 63 13 25 29 5 52 23 57 
#40 38 2 29 63 11 60 53 32 13 44 8 22 9 10 
#56 53 48 16 29 10 17 55 32 30 11 10 16 47 22 
#40 42 33 35 63 26 60 55 13 13 16 8 19 0 0 
#70 53 34 17 63 21 18 24 19 13 29 19 22 23 5 
#70 38 34 17 63 15 60 53 13 6 5 5 22 9 57 
#70 64 37 17 63 54 18 51 32 6 29 5 7 9 5 
#7 56 33 24 63 26 11 55 20 11 11 5 52 47 34 
#3 64 34 18 30 25 60 27 13 28 11 21 35 47 39 
#70 53 33 18 21 15 60 55 32 31 51 5 35 8 5 
#56 53 34 8 63 21 17 53 26 30 29 10 35 9 5 
#70 64 9 11 63 11 18 63 32 13 5 5 2 23 57 
#56 64 37 17 63 15 60 42 32 13 29 10 22 9 57 
#40 56 33 23 29 50 17 55 44 11 11 5 16 11 39 
#8 21 5 35 30 15 60 55 13 10 24 21 22 9 39 
#40 53 37 18 21 11 18 24 32 32 3 5 35 8 60 
#56 64 37 24 63 15 10 53 32 30 5 10 35 9 47 
#70 64 25 17 63 11 60 55 32 32 29 19 35 23 5 
#56 53 29 11 63 15 18 42 32 31 51 10 22 23 57 
#40 12 33 23 29 50 27 63 8 28 5 10 16 23 57 
#40 56 5 29 21 15 65 55 8 29 11 30 14 9 39 
#40 64 29 22 9 11 17 63 32 6 3 10 20 9 47 
#28 53 37 51 63 25 10 51 13 30 51 19 35 23 57 
#70 56 37 17 63 21 65 55 26 32 51 5 35 1 10 
#56 64 29 11 63 10 17 63 32 30 51 19 35 9 47 
#56 12 37 51 63 29 17 59 8 24 24 2 35 23 57 
#15 56 30 18 32 29 65 6 8 32 3 15 57 23 10 
#15 64 33 22 44 21 65 2 19 24 16 10 20 23 39 
#15 56 33 51 32 54 60 51 44 24 19 8 7 23 10 
#40 56 34 17 63 21 18 63 32 25 29 5 2 11 57 
#56 56 29 11 63 15 17 2 32 29 44 19 52 23 47 
#55 56 2 17 63 21 10 53 32 31 24 5 35 23 47 
3 1 19 53 44 20 
59 57 33 28 16 26 
56 34 45 12 51 6 
24 52 13 18 17 50 
7 37 8 22 15 21 
35 39 46 40 23 58 
#Base: 894
#Max: 645
#721477
#Turn 6
#70 38 34 35 21 15 60 2 37 13 9 8 22 0 39 
#15 56 33 35 33 29 60 63 32 24 29 8 22 0 47 
#15 53 33 51 33 29 17 63 8 24 51 2 35 23 47 
#56 12 37 51 63 15 10 59 8 30 5 2 35 9 47 
#15 64 37 24 63 50 65 6 32 28 5 10 20 23 1 
#55 56 2 17 63 21 18 53 32 31 24 5 2 11 57 
#70 38 34 17 63 15 60 63 13 6 5 5 22 9 57 
#40 38 34 17 63 15 60 53 13 25 5 5 22 9 57 
#40 64 34 17 63 15 60 63 13 25 3 19 35 9 60 
#40 56 37 51 63 21 17 14 19 30 3 30 35 9 60 
#15 56 37 51 32 54 18 51 44 24 19 8 7 23 5 
#70 64 25 17 63 11 18 51 32 6 29 19 35 9 5 
#70 64 25 17 63 11 60 63 32 32 29 10 35 9 57 
#70 56 34 17 63 11 60 63 32 13 29 10 2 9 10 
#70 53 33 17 63 21 60 24 32 32 16 5 35 1 10 
#56 64 37 17 63 10 17 63 32 31 51 19 12 9 47 
#56 64 25 11 63 11 17 63 32 30 51 19 35 9 47 
#70 64 25 11 63 11 60 63 32 32 29 10 22 23 57 
#70 53 48 17 63 25 60 14 53 32 51 19 35 23 47 
#70 53 37 17 63 25 60 14 53 30 51 19 35 23 47 
#70 53 33 18 21 10 18 53 32 31 51 5 35 23 5 
#70 53 9 17 21 15 18 55 36 6 51 19 35 9 57 
#70 64 9 17 63 15 18 55 26 28 5 19 52 23 10 
#40 21 30 18 63 21 65 55 32 28 24 19 57 23 60 
#40 64 30 18 63 10 65 55 32 6 5 10 57 9 47 
#70 56 9 11 63 26 18 63 20 11 11 5 2 47 34 
#56 64 29 11 63 11 18 42 32 13 51 5 2 23 57 
#56 64 37 17 63 15 18 42 32 31 29 10 22 23 57 
#56 56 34 17 63 10 65 55 32 13 44 10 12 23 10 
#56 56 34 11 63 15 65 2 32 29 44 19 52 23 47 
#40 38 34 11 63 21 60 53 37 31 24 5 22 23 39 
#40 56 34 17 63 21 60 55 32 25 29 5 2 11 57 
#70 38 34 51 33 15 18 53 13 6 51 5 22 23 57 
#40 12 37 17 63 15 17 59 13 24 29 2 52 23 57 
#56 64 37 51 63 25 10 53 32 30 3 10 35 9 60 
#15 56 53 29 63 21 65 49 19 28 11 30 52 23 1 
#55 56 2 51 32 21 60 51 44 24 19 5 35 23 10 
#70 56 34 17 63 54 18 63 32 25 29 5 7 11 5 
#70 38 34 17 63 15 60 55 32 6 5 5 35 23 57 
#70 56 34 17 63 15 60 63 32 13 29 5 52 23 57 
#40 56 37 17 63 25 65 14 26 30 3 19 35 9 10 
#15 56 33 18 63 15 60 49 19 29 16 30 52 23 39 
#15 56 33 51 32 21 17 51 32 24 19 8 12 23 10 
#70 64 29 11 63 54 18 51 32 30 29 5 35 9 47 
#70 64 25 17 63 11 60 63 32 13 29 19 35 23 57 
#70 64 48 11 63 25 60 63 32 13 51 5 35 23 47 
#70 56 37 17 63 25 60 14 26 32 51 5 35 1 10 
#28 53 37 18 63 25 60 24 32 29 16 19 19 9 57 
#70 53 37 18 63 10 18 53 36 6 44 5 52 23 5 
#70 64 29 18 63 15 60 63 32 30 51 5 35 9 47 
#70 64 25 11 63 15 18 63 36 6 29 19 22 23 57 
#70 53 48 51 63 21 60 55 26 32 24 5 35 23 10 
#70 53 30 18 63 25 65 55 53 32 51 19 35 9 60 
#28 53 33 51 63 10 10 51 13 30 51 19 35 23 47 
#70 53 33 18 63 10 18 53 20 11 11 5 52 23 5 
#70 64 33 11 21 11 18 55 32 13 5 5 35 8 5 
#56 64 29 11 63 15 18 42 32 6 5 19 22 9 57 
#70 64 34 51 63 21 65 42 26 13 24 10 52 9 10 
#56 21 34 18 63 10 65 55 32 32 44 19 57 23 10 
#28 64 29 11 63 10 17 51 32 6 5 10 7 23 47 
36 32 27 8 46 6 
13 48 38 44 50 41 
28 24 12 39 19 35 
23 17 49 52 18 43 
37 15 29 45 51 58 
26 31 16 57 34 53 
#Base: 894
#Max: 638
#713647
#Turn 7
#55 38 34 51 33 21 60 51 44 24 19 5 35 23 57 
#70 64 37 51 33 15 18 42 32 31 51 5 22 23 57 
#56 64 37 17 63 15 60 42 13 31 29 19 35 23 60 
#40 56 37 17 63 25 60 14 26 32 3 5 35 9 10 
#70 38 34 17 63 25 60 14 13 6 5 5 22 1 10 
#70 56 34 18 63 11 60 53 36 13 29 5 52 9 10 
#70 38 37 17 63 10 60 53 32 6 44 5 52 23 57 
#70 64 34 17 63 15 60 63 32 6 5 19 35 23 57 
#70 64 25 11 63 11 60 63 36 13 29 19 22 23 57 
#70 64 25 18 63 15 60 49 19 29 29 19 22 23 57 
#56 64 34 18 63 10 65 55 32 13 44 10 57 9 10 
#70 64 25 17 63 11 60 63 32 6 5 10 57 9 57 
#70 56 34 17 63 11 60 63 32 13 29 10 52 23 57 
#70 53 34 17 63 15 60 63 32 30 29 19 35 23 57 
#70 56 37 17 63 21 60 49 19 28 51 30 52 23 47 
#40 21 30 18 63 21 65 55 32 32 29 19 57 23 60 
#70 64 29 18 63 11 60 63 32 30 51 5 22 9 57 
#70 64 30 18 63 15 65 63 32 32 51 19 35 9 60 
#70 53 30 18 63 25 60 55 53 32 51 19 35 23 47 
#70 64 29 11 63 54 18 51 32 32 51 19 35 9 47 
#56 56 37 17 63 10 17 63 32 25 29 19 12 9 47 
#56 64 37 17 63 10 65 2 32 29 44 19 52 9 47 
#70 64 48 11 63 15 60 63 32 29 51 5 35 23 47 
#70 53 48 11 63 25 60 55 32 13 51 5 35 23 10 
#70 53 48 18 63 10 60 55 32 32 24 5 57 23 10 
#56 56 34 11 63 11 18 55 32 25 51 5 2 23 57 
#56 64 25 11 63 11 17 63 32 30 29 19 35 9 47 
#70 64 34 11 63 11 17 42 26 13 24 19 52 9 10 
#70 64 34 51 63 21 65 42 32 13 24 10 35 9 60 
#56 64 33 51 63 25 10 51 32 30 51 19 35 9 60 
#55 56 34 51 32 21 60 63 32 24 29 5 2 23 10 
#70 53 37 51 63 15 18 53 36 6 44 5 22 23 5 
#56 38 37 17 63 15 18 42 32 31 5 10 35 23 57 
#40 64 25 17 63 15 60 63 13 25 29 19 35 9 60 
#70 64 37 11 63 25 18 14 26 6 51 5 35 1 57 
#15 38 34 18 63 15 60 63 19 29 16 5 22 9 39 
#70 56 34 17 63 11 60 55 32 13 44 10 2 23 10 
#40 53 30 18 63 10 18 53 36 6 5 5 57 9 5 
#70 64 25 17 63 15 60 55 32 32 5 5 35 9 57 
#70 56 25 17 63 15 60 63 32 13 29 5 35 23 57 
#70 53 37 17 63 25 60 14 36 30 29 19 35 23 57 
#15 56 33 29 63 15 65 49 19 29 16 30 52 23 39 
#56 21 30 18 63 10 65 55 32 13 44 10 12 23 60 
#40 64 30 18 63 11 65 55 32 6 5 10 22 9 47 
#70 64 29 18 63 11 60 63 32 30 29 5 35 9 47 
#70 56 34 17 63 25 65 63 53 32 51 5 35 23 60 
#70 53 48 17 63 25 60 14 53 32 51 19 35 23 47 
#70 64 53 11 63 54 65 51 19 28 11 30 35 9 1 
#70 56 30 18 63 21 65 63 32 25 29 5 57 23 5 
#70 64 37 11 63 11 17 63 32 32 51 10 12 23 57 
#56 56 34 11 63 15 65 2 32 29 51 5 35 9 47 
#70 53 30 11 63 25 60 63 53 32 51 5 35 9 47 
#70 53 48 17 63 21 60 14 26 32 51 19 35 23 47 
#70 21 34 18 63 10 65 51 32 32 29 5 57 23 10 
#70 64 29 11 63 11 18 63 32 13 51 5 7 23 5 
#40 64 34 17 63 21 60 55 32 31 51 19 2 9 57 
#56 64 34 11 63 11 17 63 32 30 51 19 52 9 47 
#70 64 48 51 63 25 65 42 32 13 24 5 35 23 10 
#56 53 37 51 63 25 10 53 32 30 24 5 35 23 10 
#28 53 33 18 63 10 65 51 32 30 44 19 57 23 47 
1 38 11 8 24 23 
55 15 48 46 44 2 
56 59 13 14 51 39 
52 28 22 45 17 29 
49 7 19 18 12 57 
21 40 6 16 47 9 
#Base: 894
#Max: 652
#729306
#Turn 8
#70 64 25 51 63 15 60 42 32 31 51 5 22 9 57 
#70 64 25 17 63 15 60 55 32 32 5 5 57 9 57 
#70 64 25 17 63 11 60 63 32 13 29 10 57 9 57 
#70 53 48 18 63 10 60 55 36 13 29 19 57 23 10 
#70 53 48 18 63 10 60 55 32 32 24 5 35 23 10 
#40 21 34 18 63 21 60 55 32 32 51 19 2 9 60 
#40 56 30 18 63 21 65 63 32 25 29 5 57 23 5 
#70 56 30 18 63 25 60 63 53 32 29 19 35 23 47 
#70 64 29 18 63 11 60 63 53 32 51 19 35 23 47 
#56 64 37 17 63 11 60 63 32 31 29 19 35 9 60 
#56 53 34 18 63 10 17 51 32 30 44 19 52 9 47 
#28 53 34 18 63 15 65 63 32 30 29 19 35 23 57 
#70 53 37 17 63 21 60 63 19 30 51 30 52 23 57 
#70 56 37 17 63 25 60 49 53 28 51 30 52 23 47 
#70 53 25 11 63 15 60 63 53 13 29 5 35 9 47 
#70 53 48 51 63 21 60 42 32 13 24 19 35 9 47 
#70 64 34 51 63 15 65 63 32 29 24 10 35 23 60 
#70 56 48 11 63 25 60 63 32 29 51 5 35 23 60 
#70 64 34 18 63 15 65 63 32 32 51 19 35 9 60 
#70 64 30 51 63 15 10 51 32 30 51 19 35 9 60 
#70 64 34 11 63 11 60 63 32 32 5 10 35 23 57 
#70 64 29 11 63 15 60 63 32 6 5 19 35 9 47 
#70 64 29 11 63 54 60 51 32 32 51 19 35 23 47 
#70 53 30 17 63 25 60 55 32 32 51 19 35 23 47 
#70 56 34 17 63 11 60 42 32 13 29 10 35 23 10 
#56 53 37 17 63 10 60 2 32 30 29 19 35 23 47 
#70 53 37 17 63 10 60 14 32 6 44 19 35 23 57 
#70 64 29 17 63 10 60 63 32 30 44 5 22 23 57 
#70 64 29 11 63 54 60 51 19 30 11 5 35 9 57 
#70 64 25 11 63 54 60 51 19 29 11 30 22 23 57 
#40 64 37 17 33 21 18 42 32 31 51 19 22 9 57 
#70 21 30 18 63 15 60 55 32 32 5 5 35 23 57 
#70 64 30 18 63 11 65 63 32 25 5 5 57 23 57 
#70 53 25 17 63 11 60 14 36 13 29 19 35 23 57 
#70 53 29 18 63 11 60 55 32 32 29 5 35 9 47 
#56 53 48 17 63 15 60 55 13 13 29 19 35 23 10 
#40 64 34 17 63 21 60 55 32 31 51 19 52 9 57 
#28 21 33 18 63 10 65 51 32 30 44 19 57 23 47 
#70 53 30 18 63 15 65 63 32 30 29 19 35 23 5 
#70 56 48 17 63 25 60 14 19 32 51 30 35 23 47 
#70 53 30 18 63 25 60 63 53 32 29 5 35 9 47 
#56 56 37 17 63 15 60 42 32 31 29 19 35 23 57 
#56 53 34 17 63 21 17 14 26 32 51 19 52 23 47 
#70 64 33 51 63 21 65 42 32 30 24 19 35 23 60 
#70 64 48 11 63 15 60 63 32 29 29 5 35 23 57 
#70 56 34 17 63 21 65 63 53 28 51 30 35 23 47 
#70 64 30 11 63 15 60 63 32 32 51 5 35 9 60 
#56 64 25 17 63 15 10 51 32 13 51 19 35 9 60 
#70 64 37 17 63 11 17 14 26 32 51 19 35 23 47 
#70 64 34 17 63 21 60 63 32 6 24 10 35 23 60 
#70 64 29 11 63 54 60 63 32 29 51 5 35 23 47 
#70 56 30 17 63 25 65 55 53 32 51 5 35 23 47 
#70 56 34 17 63 15 60 63 32 32 51 19 35 9 60 
#70 64 33 51 63 25 10 42 32 30 51 5 35 9 10 
#56 64 37 11 63 10 65 63 32 29 44 10 12 9 47 
#70 53 37 17 63 25 60 14 32 30 5 19 35 23 57 
#70 38 29 11 63 54 18 53 32 6 51 19 52 9 57 
#70 64 29 18 63 11 60 63 53 32 51 19 22 9 57 
#70 56 53 17 63 11 60 63 19 28 11 10 52 23 57 
#70 64 25 51 63 25 65 42 19 29 24 19 22 23 10 
11 1 32 0 27 20 
28 2 19 50 58 9 
49 40 43 8 16 39 
52 17 22 13 12 7 
41 46 57 45 18 36 
3 29 44 51 23 15 
#Base: 894
#Max: 661
#739374
#Turn 9
#28 53 25 18 63 15 60 55 32 32 5 5 57 9 57 
#70 64 30 18 63 15 65 63 32 32 5 5 57 9 57 
#70 64 25 51 63 15 60 42 32 25 51 5 22 9 57 
#70 64 25 17 63 10 60 63 32 30 44 5 22 9 57 
#70 64 29 11 63 10 60 63 32 30 44 5 35 23 57 
#70 64 29 17 63 54 60 51 19 30 11 5 57 9 57 
#70 64 30 51 63 11 60 63 32 13 51 10 35 9 57 
#70 64 29 51 63 15 60 63 32 30 51 19 35 23 47 
#70 56 53 17 63 11 60 63 32 28 11 5 35 23 47 
#70 64 37 17 63 11 60 63 32 31 11 10 35 23 57 
#70 64 34 17 63 25 60 63 32 6 29 5 35 23 47 
#70 64 33 18 63 25 65 42 32 32 29 5 35 23 60 
#70 64 29 18 63 21 65 63 32 32 51 19 35 23 47 
#70 64 34 18 63 15 60 63 32 29 51 10 35 23 60 
#70 64 48 51 63 25 60 63 32 32 24 10 35 23 60 
#70 56 34 11 63 15 60 63 32 29 51 5 35 23 60 
#70 56 48 11 63 54 60 51 32 29 51 19 35 23 47 
#70 56 37 17 63 54 60 51 32 28 51 30 35 23 47 
#70 53 37 17 63 21 60 63 19 30 51 30 52 23 47 
#70 56 37 18 63 25 60 63 19 32 51 30 35 23 47 
#56 64 37 11 63 15 60 42 32 32 51 19 35 23 60 
#70 64 29 11 63 15 60 63 53 32 51 5 35 9 57 
#70 56 29 18 63 21 65 63 53 28 51 19 35 23 47 
#70 64 34 17 63 15 65 63 53 32 51 19 35 23 47 
#70 64 34 17 63 15 65 55 32 32 51 19 52 9 60 
#70 64 25 11 63 54 60 55 36 13 11 19 22 23 10 
#70 64 48 11 63 54 60 63 32 29 29 5 35 23 57 
#70 56 48 17 63 15 60 55 32 32 51 5 35 23 57 
#70 56 30 17 63 25 65 55 53 32 51 19 35 23 47 
#70 53 30 51 63 25 60 42 32 13 24 19 35 23 47 
#28 64 29 11 63 15 65 51 32 30 29 5 35 9 57 
#70 64 25 17 63 15 60 63 32 32 5 10 57 9 57 
#70 64 30 51 63 15 10 63 32 25 51 19 35 23 60 
#70 64 29 51 63 15 60 42 32 29 51 5 22 23 57 
#70 56 53 17 63 10 60 63 19 30 11 5 22 23 57 
#70 64 37 11 63 11 60 63 32 32 29 10 35 9 60 
#70 64 29 11 63 21 60 63 19 30 24 10 35 9 57 
#70 64 25 18 63 25 60 63 32 32 29 5 35 9 47 
#70 64 30 51 63 21 65 51 32 30 24 19 35 23 60 
#70 64 29 11 63 11 60 63 32 32 51 19 35 23 47 
#70 56 53 51 63 15 65 63 32 29 11 10 35 23 60 
#70 64 48 17 63 25 60 63 19 32 29 19 35 23 47 
#70 64 34 17 63 15 60 63 32 6 24 10 35 9 60 
#70 53 30 18 63 25 60 63 32 29 29 5 35 23 47 
#70 64 33 11 63 21 60 51 32 32 51 19 35 23 47 
#70 56 29 18 63 11 60 63 53 28 51 30 52 23 47 
#70 53 34 51 63 15 60 63 32 30 51 10 35 23 60 
#70 56 30 18 63 25 60 63 19 32 51 19 35 23 47 
#70 56 34 17 63 15 60 42 32 32 51 19 35 23 60 
#70 56 30 11 63 15 60 63 32 32 51 5 35 9 60 
#70 64 29 18 63 11 60 63 53 32 51 19 22 9 47 
#70 56 37 17 63 21 65 49 53 28 51 30 35 23 47 
#70 64 37 17 63 15 60 63 32 32 51 19 35 23 60 
#40 56 34 18 63 25 60 55 53 32 29 19 52 9 47 
#56 56 37 17 63 10 60 42 32 13 29 19 35 23 57 
#70 64 30 11 63 15 60 51 32 29 11 30 22 9 57 
#70 64 48 18 63 15 60 63 32 29 51 5 35 23 57 
#70 56 30 17 63 21 65 55 53 28 51 30 35 23 47 
#70 53 30 18 63 15 65 55 32 32 51 19 35 9 60 
#70 53 34 17 63 21 60 42 32 13 24 19 52 9 47 
53 20 48 40 44 50 
58 39 27 46 56 33 
32 13 51 16 23 41 
18 57 7 14 45 52 
21 19 38 17 28 24 
15 47 12 22 26 6 
#Base: 894
#Max: 660
#738255
#56 56 34 18 63 15 60 55 53 32 29 19 35 9 47 
#70 56 37 11 63 15 60 42 32 32 51 19 35 23 60 
#70 56 53 17 63 15 65 63 32 32 11 19 35 23 60 
#70 56 33 11 63 21 65 51 32 29 51 19 35 23 47 
#70 64 29 18 63 11 60 51 53 32 51 19 22 9 47 
#70 64 29 11 63 15 60 55 32 32 51 19 35 23 47 
#70 64 29 17 63 15 60 63 32 32 51 5 35 23 47 
#70 56 48 51 63 15 60 55 32 30 51 5 35 23 57 
#70 53 34 18 63 15 60 63 32 30 51 5 35 23 57 
#70 64 48 18 63 15 60 42 32 29 51 5 35 23 57 
#70 64 30 18 63 15 60 63 32 29 51 10 35 23 60 
#70 56 37 18 63 21 65 63 53 28 51 30 35 23 60 
#70 56 37 11 63 21 65 51 32 28 51 19 35 23 47 
#70 64 48 17 63 15 65 63 53 32 51 19 35 23 47 
#70 64 34 17 63 15 65 63 53 32 51 19 35 23 47 
#70 53 30 17 63 21 65 55 53 30 51 30 52 23 47 
#70 64 29 17 63 15 60 63 53 30 51 30 35 23 47 
#70 64 29 51 63 25 60 63 32 30 51 10 35 23 60 
#70 64 48 18 63 11 60 63 32 28 51 10 35 23 60 
#70 56 29 18 63 11 60 63 32 32 51 30 35 23 47 
#70 64 37 11 63 15 60 63 53 32 51 30 35 9 57 
#70 56 37 18 63 21 65 63 19 32 51 30 35 23 60 
#70 56 37 17 63 21 60 51 32 28 24 30 35 23 60 
#70 56 37 17 63 54 65 51 53 32 51 19 35 23 47 
#70 56 34 17 63 25 65 55 32 32 51 19 52 9 47 
#70 56 34 18 63 15 60 63 32 29 51 5 35 23 47 
#70 56 30 18 63 21 65 63 19 32 51 19 35 23 47 
#70 64 29 18 63 21 65 63 53 28 51 19 35 23 47 
#70 56 29 18 63 21 60 63 32 28 51 5 35 23 47 
#70 64 30 11 63 54 60 63 32 13 29 10 35 23 57 
#70 53 34 18 63 15 60 55 53 32 29 19 52 9 60 
#70 64 37 11 63 15 60 42 32 32 51 19 35 23 60 
#70 56 34 17 63 15 60 42 32 32 51 5 35 23 57 
#70 53 34 51 63 15 65 63 32 30 11 10 35 23 60 
#70 64 33 18 63 15 60 51 32 29 51 5 35 23 57 
#70 64 29 51 63 15 60 42 32 32 51 5 22 23 57 
#70 53 30 18 63 15 10 63 32 32 51 19 35 9 60 
#70 64 34 11 63 15 60 63 32 29 51 10 35 23 47 
#70 56 48 17 63 21 60 49 32 32 51 5 35 23 47 
#70 53 34 51 63 15 60 63 32 29 51 10 35 23 60 
#70 64 48 18 63 15 60 63 32 29 51 19 35 23 57 
#70 64 48 17 63 25 60 42 32 29 29 5 35 23 47 
#70 53 37 17 63 21 60 63 32 30 51 30 52 23 47 
#70 56 34 18 63 21 60 63 32 29 51 30 35 23 60 
#70 56 29 51 63 15 60 63 32 28 51 30 35 23 47 
#70 56 48 51 63 25 60 51 32 32 51 10 35 23 60 
#70 64 34 18 63 11 65 63 53 28 51 30 52 23 47 
#70 64 37 17 63 15 60 63 19 32 29 19 35 23 60 
#70 53 29 11 63 21 60 63 53 30 51 5 52 9 57 
#70 56 30 18 63 21 65 63 19 28 51 30 35 23 47 
#70 64 30 51 63 15 65 51 32 30 24 19 35 23 47 
#70 56 37 51 63 25 60 63 32 28 24 30 35 23 60 
#70 56 29 17 63 25 60 55 53 32 51 30 35 23 47 
#70 64 34 17 63 15 60 55 32 32 51 19 35 9 60 
#70 64 34 11 63 15 60 63 53 29 51 5 35 9 57 
#70 56 37 18 63 25 60 63 19 32 51 30 35 23 47 
#70 64 29 51 63 21 65 51 32 32 51 19 35 23 47 
#70 56 29 17 63 54 60 63 32 28 51 19 35 23 47 
#70 56 48 11 63 54 60 55 53 29 51 5 35 23 57 
#70 64 30 51 63 15 65 55 32 13 51 10 52 9 57 
#Base: 894
#Max: 673
#752796
