#[0] 3, 3
#[1] 4, 3
#[2] 3, 4
#[3] 3, 2
#[4] 2, 3
#[5] 2, 4
#[6] 1, 3
#[7] 2, 2
#[8] 3, 1
#[9] 4, 4
#[10] 5, 3
#[11] 3, 5
#[12] 4, 2
#[13] 3, 0
#[14] 5, 4
#[15] 4, 5
#[16] 5, 2
#[17] 4, 1
#[18] 0, 3
#[19] 1, 4
#[20] 2, 1
#[21] 1, 2
#[22] 2, 5
#[23] 0, 4
#[24] 5, 1
#[25] 0, 2
#[26] 5, 5
#[27] 1, 5
#[28] 2, 0
#[29] 1, 1
#[30] 4, 0
#[31] 0, 5
#[32] 1, 0
#[33] 0, 1
#[34] 5, 0
#[35] 0, 0
#Turn 0
22 31 48 45 12 32 
53 30 8 58 29 42 
39 38 50 18 1 49 
40 21 9 2 0 14 
47 11 27 4 35 6 
26 36 10 20 56 59 
#Base: 895
#Max: 350
#391061
#Turn 1
#52 1 18 37 15 11 15 42 42 2 39 44 33 17 23 
#52 1 52 30 29 35 13 16 11 6 4 42 33 7 23 
#5 15 52 32 6 35 13 25 7 6 4 41 3 7 13 
#35 30 10 32 6 57 10 40 7 16 20 41 24 12 22 
#35 30 53 3 11 1 49 5 12 20 18 33 35 6 20 
#19 19 2 34 32 34 42 23 0 51 53 31 41 11 6 
#19 19 18 12 2 3 17 25 0 7 5 25 45 11 53 
#24 39 2 22 4 3 52 25 18 7 17 25 45 38 53 
#10 17 58 22 26 3 31 1 4 28 17 26 4 38 4 
#35 10 20 26 26 3 13 1 4 27 39 45 3 7 56 
#10 16 13 25 27 16 5 7 27 33 16 20 10 33 18 
#3 30 5 33 14 13 5 18 30 33 46 20 36 32 24 
#3 8 5 19 14 13 41 13 30 2 12 16 20 8 24 
#7 27 41 2 15 4 41 13 25 65 5 22 20 8 2 
#40 52 27 23 1 32 35 41 25 3 11 21 3 10 8 
#8 9 10 29 5 14 10 59 6 2 26 2 20 4 43 
#47 23 10 18 23 23 16 47 3 2 31 2 20 13 14 
#14 15 3 9 3 23 32 32 3 5 31 5 2 24 14 
#17 2 3 12 37 11 7 18 25 2 16 17 23 9 37 
#13 2 10 54 37 29 7 18 67 5 21 17 23 9 37 
#17 38 3 34 17 28 12 28 38 16 20 1 15 60 50 
#15 4 7 8 19 28 21 28 38 15 20 13 5 21 33 
#27 23 11 8 5 24 21 54 0 13 25 13 15 23 5 
#54 26 43 12 5 24 7 4 2 7 26 24 15 41 7 
#54 50 43 2 34 6 8 27 2 7 55 11 1 41 20 
#9 36 3 10 12 0 5 32 30 1 37 32 9 51 38 
#9 36 16 10 8 0 33 26 30 18 37 8 9 51 15 
#17 7 16 18 16 58 23 6 3 8 8 16 41 30 5 
#17 10 27 52 6 42 6 26 9 16 12 9 61 30 5 
#12 28 16 30 16 1 9 26 32 44 12 9 37 1 0 
#20 32 23 6 20 22 4 42 42 8 18 22 29 17 6 
#52 1 18 37 2 11 15 16 29 2 5 31 33 3 2 
#25 39 52 12 29 3 13 16 16 6 4 25 30 13 13 
#2 33 58 32 6 57 10 2 7 23 30 26 3 38 22 
#35 30 0 35 26 3 22 40 5 28 39 33 24 6 56 
#35 10 10 26 45 1 49 5 12 27 12 45 35 7 6 
#14 32 2 25 32 16 1 21 8 51 53 16 36 33 18 
#19 30 13 33 47 0 5 23 0 51 46 31 36 11 2 
#3 39 2 18 4 13 17 18 30 7 31 64 45 32 53 
#2 27 58 22 15 3 41 13 1 11 17 16 20 38 2 
#10 12 27 35 26 3 35 17 4 65 5 22 4 0 8 
#35 10 20 23 45 7 15 41 26 27 11 45 3 22 6 
#14 16 25 29 27 16 1 21 30 2 16 16 14 4 18 
#10 30 10 18 23 0 5 58 10 33 8 20 20 9 2 
#3 15 5 32 3 13 43 47 3 2 12 10 17 13 14 
#17 27 3 9 15 10 41 13 25 11 16 16 20 24 2 
#40 2 27 2 37 6 35 18 25 28 5 17 23 10 37 
#38 1 13 54 2 32 7 41 10 3 44 6 12 20 16 
#12 9 3 34 17 14 33 59 30 16 33 1 14 6 50 
#17 4 10 27 19 14 12 28 6 2 8 3 20 60 43 
#14 15 64 32 25 32 21 47 0 38 25 10 5 21 8 
#27 21 3 9 5 24 32 11 71 13 16 33 15 24 5 
#54 2 10 4 37 6 7 18 67 7 44 24 9 41 37 
#20 1 13 54 34 29 28 27 17 5 44 6 1 20 6 
#43 38 3 34 12 10 5 36 40 16 14 1 40 6 50 
#9 36 7 27 8 28 12 26 30 15 37 3 12 60 15 
#33 7 38 8 16 58 33 54 0 18 8 8 41 21 5 
#17 10 3 18 16 42 23 11 9 13 26 16 15 30 5 
#54 26 43 4 11 5 8 26 20 16 44 9 9 6 20 
#12 23 2 30 16 1 28 27 32 17 55 11 37 14 20 
8 39 47 51 35 23 
53 58 4 7 3 40 
25 13 56 19 33 9 
28 0 5 52 38 34 
41 36 1 24 20 54 
59 14 48 50 37 55 
#Base: 895
#Max: 398
#444693
#Turn 2
#2 27 58 22 15 3 41 13 1 11 17 26 4 38 4 
#2 1 58 22 15 32 41 13 10 11 17 16 20 20 16 
#38 1 13 9 2 32 32 41 10 3 16 6 12 20 16 
#35 21 10 9 45 24 32 11 12 13 12 45 15 7 6 
#54 10 10 26 45 24 7 4 2 27 12 45 15 7 7 
#20 1 13 54 11 5 28 27 17 16 44 9 1 20 6 
#54 30 53 4 11 1 49 5 12 16 18 9 9 6 20 
#24 30 53 22 4 3 49 25 18 20 17 33 35 38 53 
#24 30 2 22 4 57 10 25 7 16 17 25 24 12 53 
#35 12 27 32 26 3 10 40 7 16 20 41 24 0 22 
#7 27 41 10 15 0 5 32 30 1 5 32 9 51 38 
#7 7 38 8 16 58 41 13 25 65 8 8 41 21 2 
#33 7 10 54 37 29 7 18 0 5 21 17 23 9 5 
#13 2 58 54 37 29 10 18 67 23 21 26 23 9 37 
#35 33 58 32 26 57 10 1 7 27 30 26 3 38 22 
#52 1 18 37 6 11 15 42 9 16 39 44 61 17 23 
#52 19 18 34 32 34 15 23 0 2 53 44 33 17 6 
#19 19 10 4 32 34 42 18 0 7 53 24 41 41 6 
#3 39 2 18 37 6 17 18 67 7 31 64 9 41 53 
#35 39 0 35 4 13 22 40 30 7 31 64 24 32 53 
#14 32 2 23 45 16 1 41 8 27 11 16 36 22 18 
#52 1 2 30 32 16 1 16 8 51 53 16 33 7 23 
#54 50 43 2 29 6 13 16 11 6 4 11 33 7 23 
#54 50 3 34 17 28 12 27 2 7 55 11 15 41 20 
#17 38 3 34 12 10 12 28 40 16 20 1 40 60 50 
#40 23 2 30 1 32 35 41 25 17 55 21 3 14 8 
#12 52 27 23 17 32 35 59 30 3 11 1 3 6 50 
#12 9 64 34 25 32 33 47 0 16 33 10 5 6 8 
#14 15 64 33 47 0 21 23 0 38 25 31 5 11 8 
#19 30 7 33 47 28 5 26 30 51 37 3 12 11 2 
#20 17 58 22 34 29 31 27 17 5 17 6 4 38 4 
#54 26 58 4 15 5 41 26 1 11 17 9 20 38 20 
#35 1 53 54 11 1 49 5 12 3 18 6 12 6 20 
#27 21 2 9 5 3 32 25 71 13 16 25 45 24 53 
#35 10 10 32 6 1 10 5 12 27 12 41 35 7 22 
#10 12 27 12 26 3 35 17 4 7 26 24 4 41 7 
#20 36 3 10 12 29 28 32 30 5 37 32 9 51 38 
#7 27 41 4 11 5 41 26 20 16 5 22 20 8 20 
#35 30 38 8 11 58 33 5 12 20 8 33 35 21 5 
#24 2 2 22 4 29 7 18 67 5 17 17 23 38 37 
#35 30 10 32 6 57 10 40 7 23 20 26 24 12 22 
#35 10 20 35 26 3 13 1 4 65 39 45 4 7 8 
#17 10 3 52 12 42 5 32 9 1 12 32 9 51 38 
#7 1 41 2 15 4 15 42 42 2 39 44 20 8 2 
#33 19 38 34 32 58 42 54 0 51 53 8 41 11 6 
#54 2 10 54 37 6 7 18 67 5 21 17 9 9 37 
#3 33 2 32 6 13 17 2 7 7 30 64 3 32 22 
#35 10 0 35 26 3 22 1 4 28 39 33 3 6 56 
#35 10 20 52 6 7 6 26 9 27 12 45 3 30 6 
#14 32 2 25 32 11 15 42 42 51 53 44 36 33 18 
#19 1 52 30 32 35 42 16 11 6 4 31 33 11 23 
#54 2 43 2 34 6 8 27 2 7 44 24 9 41 37 
#17 38 2 34 4 13 12 28 30 16 31 1 15 60 53 
#35 38 0 34 12 10 22 40 5 28 14 1 40 6 50 
#35 10 2 23 16 7 28 41 26 27 11 11 37 22 6 
#14 52 2 23 1 16 1 41 8 3 53 16 3 10 8 
#52 9 3 34 29 35 13 16 11 16 4 42 33 7 50 
#54 15 43 2 25 32 21 47 2 7 25 10 1 21 20 
#19 38 3 34 17 0 12 28 38 51 46 1 36 60 50 
#43 36 7 27 8 28 12 26 30 15 37 3 40 60 15 
57 53 17 21 41 39 
6 25 27 45 31 36 
38 51 33 19 49 28 
24 15 13 44 58 14 
32 52 23 18 11 16 
29 56 59 7 26 42 
#Base: 895
#Max: 480
#536313
#Turn 3
#35 15 43 2 25 32 21 47 5 28 25 1 40 6 50 
#19 38 0 34 12 10 22 40 0 7 53 1 40 41 50 
#52 1 2 4 32 34 1 18 0 51 53 16 41 41 6 
#52 10 20 35 26 16 13 16 8 51 53 16 4 7 23 
#35 2 2 35 26 3 13 1 67 65 39 17 23 7 37 
#40 30 53 4 11 1 49 5 12 16 55 9 3 6 20 
#12 9 64 30 25 32 33 47 25 16 33 10 5 14 8 
#54 9 64 54 37 32 33 47 67 16 33 10 9 6 37 
#54 26 10 4 37 5 7 18 67 11 21 17 9 9 37 
#54 26 3 10 12 29 28 32 30 11 37 9 9 51 38 
#54 2 43 8 11 58 8 5 2 7 8 33 35 41 37 
#54 2 2 9 34 6 8 27 71 7 44 24 45 41 37 
#27 21 2 35 5 3 32 25 71 13 31 64 45 24 53 
#14 39 2 25 32 11 22 42 30 51 53 64 24 33 18 
#14 15 2 33 47 0 15 42 42 51 25 44 36 11 8 
#17 38 18 34 6 10 15 28 40 16 39 44 40 17 50 
#13 2 58 37 37 11 10 18 67 16 21 44 61 9 23 
#13 2 58 54 32 58 42 54 67 23 53 26 23 9 6 
#33 19 3 34 17 0 12 28 38 51 53 1 36 11 50 
#19 33 3 32 17 0 12 28 7 27 30 26 3 38 50 
#17 1 53 34 4 13 12 5 30 16 31 6 12 6 53 
#54 50 2 34 17 28 12 28 30 16 31 11 15 60 20 
#3 50 3 18 37 28 12 18 67 7 55 11 15 41 20 
#3 39 38 18 16 58 17 18 25 65 31 64 41 41 2 
#7 19 18 34 16 34 41 13 25 65 8 8 41 17 6 
#52 30 3 34 29 35 5 16 11 16 4 42 33 7 2 
#52 9 3 27 29 28 13 16 30 16 37 42 40 60 15 
#24 30 7 22 8 28 12 26 30 20 17 33 35 38 15 
#24 30 27 23 4 3 49 25 30 20 11 33 3 38 53 
#12 52 27 52 17 42 5 32 9 1 12 1 9 6 50 
#54 15 43 2 25 1 49 47 2 7 25 10 9 21 20 
#40 38 2 30 12 32 22 41 5 28 14 1 40 6 50 
#12 19 64 4 32 32 33 18 0 16 53 10 41 6 8 
#54 2 2 54 32 16 7 18 67 5 21 16 9 7 23 
#35 26 20 4 26 5 41 26 1 11 17 9 4 38 8 
#20 2 2 22 4 29 7 32 67 5 17 17 23 51 37 
#35 30 53 4 11 1 49 5 12 16 18 9 35 21 20 
#40 2 2 30 1 6 35 41 2 17 44 21 3 41 37 
#12 21 64 34 5 3 33 47 0 13 33 10 5 24 53 
#54 39 10 54 4 6 22 40 67 5 21 17 9 9 37 
#14 26 2 4 32 5 41 42 1 11 17 9 20 38 18 
#20 15 3 10 12 29 28 32 30 38 25 32 5 51 8 
#35 30 38 8 11 58 12 28 12 16 8 33 40 60 50 
#54 1 43 37 34 6 15 27 9 16 44 24 9 17 37 
#27 2 2 54 37 3 32 18 67 13 21 26 45 24 53 
#33 39 0 35 32 13 42 54 0 7 31 8 41 32 6 
#19 32 2 34 32 11 12 42 38 51 46 44 36 60 18 
#14 33 64 33 26 57 21 23 7 38 30 26 3 38 22 
#35 38 53 34 12 1 49 28 40 3 18 6 12 6 20 
#17 1 18 34 4 11 12 42 9 16 31 44 61 17 23 
#54 2 3 34 37 28 12 27 67 7 21 11 23 41 37 
#3 19 2 18 37 58 42 54 0 51 53 64 9 11 6 
#19 38 3 34 16 0 41 13 38 65 46 8 36 21 2 
#35 33 58 34 26 57 15 1 0 2 30 26 33 38 22 
#35 1 53 54 11 1 49 26 12 51 37 6 12 6 2 
#17 38 3 34 29 13 13 16 30 16 31 1 15 60 50 
#54 36 7 27 8 28 12 26 30 15 55 3 15 60 15 
#24 39 2 22 37 3 17 25 67 7 17 33 9 41 53 
#7 52 38 8 17 58 41 13 30 3 11 1 3 21 50 
#52 10 3 52 12 42 5 32 9 1 12 44 33 17 38 
0 45 38 26 18 15 
59 1 52 46 56 14 
58 21 13 12 16 54 
4 11 51 17 23 39 
33 53 47 7 44 22 
32 2 57 42 50 10 
#Base: 895
#Max: 520
#581006
#Turn 4
#35 39 43 2 25 13 21 47 5 28 25 1 40 32 6 
#12 39 0 35 5 3 33 47 0 13 31 8 5 24 6 
#12 9 3 34 5 3 33 47 0 16 33 42 5 60 53 
#33 9 3 34 17 28 13 28 30 51 53 1 40 11 50 
#17 19 3 34 6 10 15 28 38 16 53 44 40 17 50 
#52 38 0 52 12 10 22 32 9 7 53 44 40 17 38 
#19 38 0 34 12 10 22 40 38 65 53 1 40 41 2 
#19 32 2 34 16 0 12 42 38 51 46 8 36 60 18 
#19 32 2 27 32 28 12 42 38 15 46 3 15 60 15 
#54 36 7 27 8 0 15 26 42 15 55 3 15 11 15 
#7 50 2 8 17 28 41 13 30 16 31 11 15 21 50 
#14 50 2 25 32 28 12 28 30 51 31 11 15 60 20 
#14 21 2 35 32 11 32 25 71 51 31 64 45 33 53 
#27 2 58 37 5 3 10 18 71 16 31 44 45 9 23 
#13 2 53 54 37 1 49 18 67 51 37 44 12 9 2 
#54 2 2 9 26 6 13 27 71 7 44 24 45 41 37 
#3 19 2 18 34 6 42 27 71 7 44 24 45 41 6 
#13 19 58 54 32 58 42 54 0 51 53 64 23 9 6 
#13 2 58 54 16 58 17 18 67 65 53 64 41 9 2 
#3 39 10 54 4 58 17 40 25 5 21 17 9 9 2 
#54 2 2 34 26 16 15 18 67 5 30 16 9 38 23 
#35 33 64 33 26 57 15 23 0 2 30 26 3 38 22 
#54 9 64 33 26 57 33 47 67 38 30 10 3 38 22 
#27 2 2 54 37 32 33 47 67 13 21 10 9 24 53 
#27 2 3 54 37 3 32 18 67 7 21 26 45 41 20 
#12 1 64 4 32 32 1 18 0 16 53 10 41 6 8 
#52 1 2 22 37 3 1 18 0 51 53 33 41 41 6 
#24 30 2 8 11 3 12 25 67 7 17 33 40 41 53 
#54 30 38 34 37 28 12 27 67 16 21 11 23 41 50 
#54 2 3 8 11 58 12 5 2 7 8 11 35 41 37 
#35 10 43 2 12 32 21 47 9 1 25 44 40 17 50 
#33 38 0 35 32 13 42 40 0 7 31 1 40 32 6 
#19 21 3 34 16 3 33 47 0 13 46 8 5 24 53 
#19 32 3 27 32 11 12 16 30 51 46 42 40 60 15 
#54 19 7 27 17 28 12 26 38 51 53 1 15 11 15 
#14 15 2 34 47 0 15 28 40 51 39 44 36 11 50 
#7 10 3 52 17 58 41 13 9 1 12 44 33 21 50 
#54 38 2 34 12 28 22 28 30 16 31 11 40 60 20 
#19 39 3 25 16 11 41 13 30 65 46 64 24 33 2 
#19 21 2 34 5 3 32 25 38 13 46 44 45 60 18 
#54 2 7 27 8 28 10 18 30 16 21 44 15 9 23 
#14 1 2 54 11 0 49 42 42 51 37 6 12 11 8 
#35 2 2 35 26 58 13 13 67 3 11 17 23 7 50 
#54 50 2 9 17 6 8 27 71 16 44 11 45 60 20 
#3 39 2 25 37 58 22 54 30 51 53 64 9 11 18 
#27 21 2 35 5 3 32 54 67 23 31 64 45 24 6 
#13 39 58 37 16 11 17 18 67 65 31 64 61 41 2 
#35 1 53 54 11 1 49 40 12 5 37 17 12 9 37 
#54 2 2 35 26 3 13 18 67 5 21 17 23 7 23 
#54 2 58 34 34 57 15 27 0 2 44 26 45 38 37 
#14 33 2 18 26 58 42 54 7 38 30 26 9 11 22 
#54 9 64 54 32 32 42 54 67 16 53 10 23 9 37 
#27 39 38 54 37 3 17 18 25 65 31 26 45 24 53 
#54 39 3 18 37 28 12 18 67 5 21 11 15 41 20 
#12 2 2 54 32 16 7 18 67 16 21 16 41 6 8 
#52 33 58 34 32 34 15 18 0 51 53 26 41 41 22 
#24 33 2 22 26 57 21 23 7 38 17 26 9 38 22 
#54 9 38 54 37 58 12 28 67 16 8 10 9 6 50 
#27 2 2 54 37 28 32 27 67 7 21 11 23 41 37 
#3 2 3 18 11 58 12 5 2 7 8 11 35 41 20 
36 26 24 6 58 11 
42 39 33 44 5 21 
37 13 55 22 12 35 
28 14 17 18 51 49 
3 15 43 46 57 23 
53 7 38 52 45 16 
#Base: 895
#Max: 556
#621229
#Turn 5
#7 10 2 22 17 58 1 18 9 1 12 33 33 41 50 
#27 1 3 54 37 3 1 18 0 7 21 26 45 41 6 
#19 2 0 54 12 3 22 18 67 65 53 1 45 41 2 
#19 38 0 34 37 28 22 27 38 65 21 11 23 41 37 
#27 50 2 54 37 28 12 28 30 51 21 11 23 60 20 
#19 21 2 35 5 3 13 25 67 13 46 44 45 60 18 
#19 32 3 27 32 3 32 25 30 13 46 42 45 60 15 
#19 39 2 25 32 58 12 16 30 51 46 64 9 60 18 
#52 38 2 25 12 10 22 32 9 51 53 64 9 11 38 
#52 38 64 33 26 10 15 23 9 7 30 26 40 38 38 
#54 38 58 37 12 28 10 18 30 16 31 44 45 60 23 
#27 2 58 37 32 3 10 18 71 51 31 44 45 9 22 
#54 33 64 34 26 57 33 18 0 51 30 26 41 38 22 
#14 9 2 35 32 57 32 25 67 38 31 10 45 33 53 
#14 15 2 34 32 0 15 25 71 51 39 44 45 11 53 
#54 30 53 54 37 1 49 27 67 51 21 11 23 41 50 
#13 19 58 54 32 58 42 54 67 51 37 64 23 9 2 
#13 2 58 54 32 58 17 18 0 51 53 64 41 9 6 
#13 2 64 54 16 58 17 18 67 65 53 64 41 9 2 
#54 9 58 54 34 57 15 54 0 2 44 10 45 38 37 
#33 2 2 34 17 6 13 27 30 51 53 24 40 11 37 
#54 2 2 9 17 6 13 27 71 7 44 24 45 60 20 
#54 50 2 37 16 6 17 18 67 65 44 64 45 41 20 
#13 9 38 54 37 11 17 28 67 16 8 64 9 41 50 
#54 2 38 54 37 32 33 28 67 16 8 10 9 6 50 
#19 39 3 18 37 0 12 18 67 51 21 11 36 60 20 
#19 39 3 25 16 0 41 42 38 65 46 8 36 60 18 
#27 39 38 25 37 3 17 13 30 65 31 64 45 33 2 
#27 21 2 35 37 3 32 54 67 23 31 64 45 24 6 
#3 19 2 35 34 6 32 27 71 23 44 24 45 41 6 
#35 10 3 52 26 58 13 13 67 1 12 17 33 21 50 
#52 21 2 34 5 3 1 18 38 51 46 33 45 60 18 
#27 2 3 54 32 3 12 18 67 7 21 26 40 41 15 
#3 39 2 34 37 58 22 40 30 65 53 1 9 11 18 
#52 2 2 52 37 28 32 32 67 7 53 11 23 41 37 
#14 33 2 25 32 57 12 28 30 51 31 26 15 38 20 
#54 38 2 35 12 28 13 13 30 16 11 17 40 7 20 
#19 21 2 37 5 3 32 18 71 13 31 44 45 60 23 
#19 33 3 27 32 34 12 16 30 51 46 42 40 41 22 
#54 39 2 25 37 58 22 54 30 38 53 10 9 11 18 
#52 21 0 52 12 10 32 25 71 7 31 64 45 33 53 
#35 33 2 34 47 0 15 23 40 2 39 26 3 11 22 
#54 38 38 34 12 28 12 28 30 16 31 11 23 60 20 
#27 2 58 54 37 3 10 18 71 51 31 44 12 9 2 
#52 33 58 34 32 58 42 18 0 51 53 26 23 41 6 
#54 9 64 54 16 57 33 47 67 38 53 64 3 9 22 
#54 9 64 54 32 32 32 25 67 51 31 64 23 33 37 
#54 2 58 34 34 57 15 28 0 51 39 26 36 11 50 
#54 9 3 34 17 28 12 27 30 51 53 11 40 11 50 
#13 2 2 54 37 6 13 27 71 51 37 44 12 41 2 
#13 19 58 9 32 58 42 27 71 51 53 11 23 60 20 
#13 2 58 54 16 58 17 18 67 65 53 64 41 41 2 
#54 9 38 54 37 32 42 28 67 16 53 10 9 6 50 
#54 2 58 54 34 32 15 47 67 13 44 26 9 38 53 
#33 39 3 34 37 28 13 18 30 51 53 1 15 41 50 
#54 32 2 34 16 6 13 27 38 51 44 8 45 60 18 
#19 39 2 9 16 11 8 27 71 65 44 11 45 60 2 
#13 39 58 54 16 3 17 18 25 65 31 26 45 41 53 
#54 21 38 35 5 58 32 28 67 16 8 64 45 6 50 
#27 2 2 54 37 6 42 27 67 13 44 24 9 41 53 
4 2 27 10 23 39 
24 59 13 22 7 14 
26 34 50 18 15 28 
12 53 16 45 46 40 
43 47 44 51 58 17 
55 11 57 19 52 56 
#Base: 895
#Max: 608
#679330
#Turn 6
#27 2 2 54 12 28 22 18 67 65 53 11 45 41 2 
#27 39 0 25 12 3 22 18 30 65 31 1 45 33 2 
#27 39 58 25 37 28 10 18 30 16 31 64 45 33 2 
#54 9 58 54 37 28 10 18 30 16 31 44 45 41 50 
#54 9 38 25 37 11 17 28 67 16 53 10 9 41 50 
#54 2 38 54 37 6 33 27 67 16 44 10 9 41 53 
#27 2 2 35 37 57 42 27 67 38 31 10 45 41 53 
#54 9 2 37 32 6 17 25 67 38 44 10 45 41 53 
#54 39 2 25 16 6 17 18 30 51 44 64 9 41 20 
#19 15 2 25 32 0 15 25 71 51 46 64 45 11 53 
#19 2 3 52 37 28 32 32 38 7 53 11 23 60 37 
#13 19 58 52 32 58 42 32 71 7 53 11 23 60 37 
#13 19 64 54 16 58 42 18 71 65 53 11 41 60 2 
#54 2 64 54 37 1 17 18 67 51 21 11 23 41 2 
#54 30 2 35 37 1 32 54 67 51 31 64 45 24 6 
#54 2 64 34 34 32 33 18 0 13 30 26 41 38 53 
#54 2 58 54 34 58 42 47 67 51 37 26 23 9 53 
#13 9 58 54 16 58 42 54 67 51 53 64 3 9 2 
#54 9 64 54 32 57 33 25 67 38 53 64 23 33 22 
#52 21 0 54 12 10 32 25 71 51 31 64 45 33 53 
#27 2 58 34 37 57 15 18 71 51 39 44 12 9 2 
#52 2 58 34 32 58 15 18 0 51 53 26 23 11 50 
#52 2 58 54 16 58 17 18 67 51 53 26 23 41 6 
#54 2 58 54 5 58 17 18 67 65 8 64 45 41 2 
#13 21 38 35 5 58 32 28 0 51 53 64 45 6 50 
#54 32 2 34 32 3 13 18 71 51 31 44 45 9 22 
#13 39 58 54 32 3 10 18 71 51 31 44 45 9 53 
#54 39 58 54 34 57 17 54 25 65 44 10 45 38 37 
#54 9 58 54 34 57 15 28 0 2 44 10 9 6 37 
#19 39 2 9 16 32 8 28 67 65 53 11 9 60 50 
#54 2 2 54 37 32 33 28 30 16 21 10 9 60 50 
#27 2 2 54 12 6 22 27 67 13 53 24 9 41 2 
#14 9 38 35 37 57 32 13 67 38 31 64 45 33 53 
#54 38 2 37 12 28 17 18 67 16 31 64 45 60 20 
#19 9 38 25 37 11 17 16 30 51 8 64 9 60 50 
#54 39 2 25 32 0 22 25 71 51 53 44 45 11 18 
#19 39 3 54 16 32 33 28 67 16 8 10 9 60 18 
#27 2 2 54 37 6 32 32 67 13 53 24 9 41 37 
#14 9 2 9 32 57 32 25 71 51 31 11 45 60 20 
#54 50 64 54 16 6 17 18 67 65 44 64 41 41 2 
#19 39 53 25 32 58 49 27 30 51 46 11 23 41 18 
#14 21 2 35 37 0 32 25 67 51 31 64 45 11 6 
#54 39 64 25 26 0 33 42 0 51 30 8 41 60 18 
#54 2 58 54 34 28 32 32 67 13 53 11 9 41 53 
#13 19 58 9 32 58 42 54 71 51 37 64 23 60 2 
#54 2 64 54 16 57 33 47 67 38 53 64 41 9 22 
#54 30 64 54 32 32 49 25 67 51 21 11 23 41 37 
#27 21 0 52 12 10 32 25 71 7 31 64 45 24 6 
#27 33 64 54 37 57 10 18 0 51 31 26 12 9 22 
#54 2 58 54 34 57 15 28 67 51 44 26 36 11 53 
#13 33 58 54 32 58 42 18 0 51 37 26 23 41 2 
#13 2 64 54 16 58 17 18 67 38 53 64 3 41 2 
#54 21 38 35 32 58 32 25 67 51 8 64 45 6 37 
#13 21 0 54 32 58 17 18 0 7 31 64 41 33 53 
#27 32 58 34 37 6 10 27 38 51 44 8 12 60 18 
#27 2 58 34 32 3 15 18 0 51 39 44 45 11 22 
#13 39 58 34 16 58 17 18 0 65 31 26 45 41 6 
#13 2 58 54 16 58 15 54 0 2 44 10 45 38 37 
#54 21 38 54 5 58 32 28 67 16 53 64 9 6 50 
#19 2 58 54 32 58 17 18 71 51 44 64 41 9 6 
13 20 24 43 3 50 
9 5 51 12 14 35 
42 26 49 16 44 6 
58 23 39 45 27 11 
21 22 52 18 46 59 
29 33 32 17 19 40 
#Base: 895
#Max: 631
#705028
#Turn 7
#27 2 64 34 37 57 15 18 67 51 21 44 12 9 2 
#27 21 58 34 37 57 15 18 0 51 39 64 12 6 50 
#54 2 38 54 34 58 32 28 0 13 53 11 45 6 53 
#54 2 58 54 34 28 10 18 67 13 31 11 9 41 50 
#54 33 58 54 32 58 42 18 0 51 37 26 23 41 2 
#54 15 2 54 37 6 33 27 67 51 44 64 9 11 53 
#54 2 38 54 37 58 33 18 67 38 44 64 9 41 2 
#13 19 64 54 16 58 42 18 71 65 53 64 3 41 2 
#13 19 2 54 37 58 32 54 71 65 53 64 41 60 2 
#54 30 2 35 37 1 32 25 67 51 31 64 45 11 6 
#13 39 64 25 26 0 33 42 71 51 31 8 41 60 53 
#54 2 58 54 32 3 15 28 71 51 44 44 36 11 53 
#54 2 58 54 34 57 15 28 67 51 44 26 23 9 53 
#13 19 58 9 34 58 42 47 67 51 37 64 23 60 2 
#13 19 58 35 32 58 42 54 67 38 37 10 23 41 53 
#54 21 58 54 5 58 32 28 67 65 8 64 45 41 50 
#54 2 64 54 5 6 17 18 67 65 8 64 41 41 2 
#54 2 64 54 16 57 17 47 67 65 44 64 41 9 2 
#54 39 58 54 16 57 33 54 67 65 53 64 45 9 37 
#13 39 58 52 32 58 17 32 25 65 44 11 45 60 37 
#52 2 58 34 32 58 17 18 0 51 53 26 23 41 6 
#52 2 38 35 16 58 17 25 67 51 53 26 45 41 37 
#54 21 38 54 32 58 32 25 67 51 8 64 23 33 37 
#54 9 64 54 32 57 33 25 67 38 53 11 23 33 22 
#19 2 58 54 32 32 49 18 67 51 44 11 41 41 6 
#19 38 2 37 16 28 8 28 67 65 31 64 45 60 50 
#54 38 38 35 37 57 32 13 67 38 31 64 45 60 53 
#14 9 58 35 16 57 42 13 67 38 31 64 45 33 2 
#52 9 0 54 12 58 32 25 67 51 31 64 45 9 53 
#52 39 0 25 12 10 49 25 30 51 46 11 45 33 18 
#54 2 2 25 37 0 17 25 67 51 21 11 23 11 2 
#27 2 38 54 37 57 33 27 71 16 44 10 12 9 2 
#13 2 64 35 16 58 17 28 67 51 53 64 3 41 50 
#54 2 58 54 16 28 42 18 71 13 53 11 9 60 2 
#54 30 58 54 37 28 10 54 30 16 31 44 45 24 6 
#54 39 2 54 32 0 42 18 71 51 53 26 45 11 18 
#54 39 64 25 32 0 15 42 71 51 46 8 41 11 53 
#54 2 38 54 32 6 33 27 71 51 44 44 45 9 53 
#13 2 58 54 16 57 15 28 67 38 44 26 3 11 2 
#54 2 64 54 34 58 42 18 67 51 37 26 41 60 2 
#13 30 2 35 32 58 42 54 71 51 37 64 45 60 2 
#54 2 2 25 32 57 22 27 67 51 53 44 45 11 18 
#54 21 64 25 26 0 33 28 67 16 30 64 9 60 50 
#13 39 58 54 5 3 17 18 67 65 31 64 45 9 2 
#54 2 64 54 34 6 17 18 67 51 44 26 41 11 53 
#54 2 64 54 34 58 42 47 67 51 53 64 41 9 22 
#54 19 58 9 32 58 42 54 25 65 44 10 45 38 37 
#27 19 58 52 37 57 42 32 67 38 31 11 45 60 37 
#54 2 58 34 5 58 32 28 0 51 53 26 23 6 50 
#54 2 58 54 5 58 17 18 67 51 53 26 45 41 2 
#54 50 38 35 32 58 32 18 67 65 8 64 41 6 37 
#54 2 64 54 16 57 33 47 67 38 53 64 23 33 22 
#54 39 58 54 32 57 49 25 67 65 44 11 23 38 37 
#13 19 58 54 32 58 17 18 71 7 53 64 23 60 37 
#52 2 2 34 32 32 15 28 67 51 53 26 23 60 50 
#52 2 58 54 12 28 17 18 67 16 53 64 23 41 20 
#54 21 38 35 37 58 32 13 67 51 8 64 45 6 53 
#54 9 64 54 16 57 33 25 67 38 53 64 3 9 22 
#52 30 0 54 12 32 32 25 71 51 21 64 45 33 37 
#19 39 58 25 32 58 17 27 71 51 44 64 23 9 6 
44 36 37 56 32 21 
58 49 57 51 12 11 
25 14 17 52 8 23 
22 39 15 18 26 40 
10 19 7 45 47 53 
42 28 46 50 13 6 
#Base: 895
#Max: 705
#787709
#Turn 8
#54 2 64 54 32 6 17 18 71 51 44 26 41 11 53 
#54 39 64 54 32 0 33 42 71 51 46 44 45 11 53 
#54 21 38 54 32 58 32 27 67 51 8 64 45 6 53 
#54 21 64 35 37 58 17 13 67 51 8 64 45 41 50 
#52 2 38 35 16 58 17 28 67 51 53 26 45 41 37 
#52 30 0 54 5 58 32 18 67 51 53 26 45 33 37 
#54 9 64 54 5 58 17 25 67 51 53 26 45 41 22 
#54 9 64 54 16 57 33 47 67 38 53 64 23 9 22 
#54 2 64 54 16 57 33 28 67 38 53 64 23 33 53 
#54 2 58 54 34 57 15 28 71 51 44 26 23 11 53 
#13 38 58 37 32 58 8 28 67 65 37 64 23 60 50 
#54 19 64 35 16 57 17 54 67 65 44 64 41 9 2 
#54 39 64 54 32 57 49 25 67 65 44 64 41 38 37 
#13 39 2 54 37 58 49 25 67 65 53 64 41 38 2 
#13 9 64 54 32 58 32 54 71 38 53 11 23 60 2 
#54 21 64 54 34 58 42 18 67 51 8 64 41 60 37 
#54 21 58 54 5 58 42 28 67 51 8 64 41 60 2 
#54 39 58 54 5 58 33 54 67 65 53 64 45 41 50 
#54 39 38 35 37 57 32 13 67 65 53 64 45 60 37 
#54 38 2 35 32 57 32 13 67 38 31 64 45 60 2 
#13 39 58 25 32 58 33 32 71 51 31 11 45 60 37 
#13 19 64 54 16 58 17 32 71 65 53 11 45 60 2 
#13 19 64 54 34 58 42 47 67 51 53 64 41 9 2 
#27 2 64 52 37 57 42 47 67 51 53 11 45 60 22 
#27 19 58 54 37 57 42 32 71 7 31 64 23 60 37 
#52 9 0 54 12 58 33 25 67 16 31 64 45 9 50 
#52 19 0 54 32 58 32 25 25 65 44 10 45 9 53 
#54 50 58 35 32 58 32 54 25 65 8 10 41 38 37 
#13 50 38 35 34 58 42 47 67 51 37 64 41 60 37 
#13 19 58 54 34 58 42 47 67 51 44 64 9 60 2 
#54 30 64 54 12 32 17 25 71 51 21 64 41 11 37 
#54 39 58 54 5 58 15 42 67 51 46 26 41 11 53 
#54 9 64 54 16 6 33 25 67 51 44 64 3 9 22 
#54 2 64 54 16 58 33 13 67 38 53 64 23 6 22 
#54 2 64 35 16 58 15 28 67 51 53 26 23 9 50 
#54 2 38 35 16 58 15 28 67 51 44 44 36 11 53 
#19 38 2 37 12 28 8 25 67 65 31 64 45 33 50 
#54 2 58 35 32 58 17 18 67 51 37 10 45 41 2 
#54 2 64 54 16 57 17 47 67 65 44 64 3 9 22 
#54 2 64 54 32 57 49 47 67 65 44 64 23 38 22 
#13 19 58 54 37 57 15 28 71 65 53 26 23 60 53 
#54 9 58 54 32 3 33 28 67 51 44 44 36 33 53 
#54 38 38 54 16 58 32 28 67 51 31 64 23 60 50 
#54 2 64 35 32 58 42 54 67 51 37 10 23 41 53 
#54 21 64 54 16 58 17 28 67 65 8 64 41 41 2 
#54 39 58 54 32 57 49 25 67 65 53 11 45 9 37 
#54 38 2 54 37 58 32 54 71 38 53 64 45 60 53 
#54 30 2 35 32 58 33 25 71 38 37 64 23 33 2 
#54 21 64 54 32 0 33 25 67 51 8 64 41 33 37 
#13 39 58 52 32 58 17 32 25 51 44 11 41 60 37 
#54 19 58 54 5 58 32 18 71 65 53 64 3 41 50 
#54 2 64 54 16 57 42 54 67 51 53 64 45 9 37 
#27 19 38 35 37 57 32 13 67 38 31 64 45 60 53 
#13 19 58 54 32 58 42 54 71 51 37 64 23 60 37 
#54 39 64 25 26 0 33 42 67 51 31 64 41 60 50 
#13 9 58 52 12 58 17 25 25 51 44 64 45 9 53 
#13 19 58 54 32 58 42 54 71 65 44 64 45 38 37 
#54 50 38 35 32 58 42 47 67 65 8 64 41 9 22 
#13 19 58 9 34 58 42 47 67 38 31 64 23 60 37 
#54 2 58 54 32 58 17 18 71 38 53 64 9 41 37 
41 58 22 57 31 13 
59 7 43 28 40 16 
2 3 15 56 39 29 
50 53 18 17 46 45 
11 23 54 12 51 8 
44 24 10 42 1 52 
#Base: 895
#Max: 740
#826816
#Turn 9
#54 19 58 9 32 58 33 47 67 51 44 64 23 60 37 
#13 19 64 54 34 58 42 47 67 38 53 64 41 60 2 
#54 19 38 54 34 58 42 47 67 51 8 64 41 9 2 
#54 50 38 35 5 58 42 42 67 65 8 64 41 9 53 
#54 39 58 54 5 58 49 25 67 51 46 64 41 38 53 
#54 2 64 54 16 58 17 47 67 38 53 64 9 9 22 
#54 2 64 35 32 58 42 54 67 38 37 10 23 41 22 
#13 2 64 35 34 58 42 47 67 51 37 64 23 41 53 
#13 19 58 35 37 58 15 47 71 65 53 26 23 60 37 
#54 21 58 54 37 58 42 28 71 65 8 64 23 60 2 
#54 21 64 35 32 58 32 27 67 51 8 64 45 6 50 
#54 21 64 35 34 58 42 18 67 51 8 64 41 41 50 
#13 19 64 54 34 58 42 18 71 65 8 64 45 38 37 
#13 2 64 54 32 58 42 54 71 65 44 64 23 38 37 
#13 2 58 54 34 57 42 47 67 51 44 64 23 60 2 
#13 19 58 54 32 58 42 54 71 65 37 64 3 41 50 
#54 19 58 54 37 58 42 13 67 65 53 64 45 60 37 
#54 39 58 54 37 58 33 54 67 65 53 64 45 41 50 
#54 38 2 54 5 58 32 54 71 38 53 64 45 60 50 
#54 38 58 54 32 57 49 54 71 38 53 11 45 9 53 
#54 2 64 35 16 57 17 54 67 65 53 64 41 60 2 
#27 2 64 25 26 57 33 42 67 51 53 11 41 60 22 
#54 39 64 54 26 57 33 25 67 65 31 64 41 38 50 
#54 2 64 54 32 57 49 25 67 65 44 64 45 9 37 
#54 2 64 54 16 57 33 54 67 38 53 64 45 33 53 
#54 19 58 54 16 57 17 32 67 7 31 64 41 41 2 
#13 38 58 54 32 58 8 32 67 65 31 64 23 60 37 
#54 38 38 54 32 58 32 28 67 51 31 64 23 60 50 
#54 39 38 54 32 58 33 28 67 51 46 64 45 60 53 
#27 39 38 35 32 0 33 42 71 51 31 64 45 11 53 
#54 2 58 54 32 3 17 18 67 51 44 64 9 33 53 
#54 9 58 9 34 57 42 47 67 38 53 64 23 60 37 
#13 2 64 54 32 58 42 47 67 51 53 64 41 41 2 
#13 50 38 35 34 58 42 47 67 65 8 64 41 9 22 
#54 39 58 54 5 57 15 42 71 65 46 26 41 11 53 
#54 39 2 54 37 58 49 25 67 65 53 64 41 38 2 
#54 21 38 54 32 58 32 18 67 51 53 64 45 6 37 
#54 9 64 54 37 58 17 13 67 38 8 64 23 9 50 
#54 21 64 54 32 58 42 18 67 51 37 64 41 41 37 
#13 19 58 35 34 58 42 47 67 65 37 64 41 60 37 
#54 19 58 54 37 57 49 28 67 65 53 64 23 60 22 
#13 21 58 54 5 58 42 28 67 51 8 64 9 60 2 
#54 21 58 54 32 58 32 18 67 65 53 64 45 41 50 
#13 19 64 35 32 58 17 54 67 51 8 64 23 60 37 
#54 21 64 54 34 57 32 18 67 51 8 64 41 60 37 
#13 39 58 54 5 58 42 54 71 65 53 64 45 41 50 
#54 2 2 54 37 58 32 54 67 65 44 64 23 60 53 
#54 19 58 54 32 57 42 25 67 65 53 64 9 60 37 
#54 19 58 35 5 58 32 54 71 65 53 64 41 9 2 
#13 19 58 52 37 58 42 54 67 51 37 64 45 60 37 
#54 39 38 25 37 57 32 13 67 51 31 64 41 60 50 
#54 39 64 54 5 58 49 54 67 65 44 64 45 38 50 
#54 2 64 54 37 57 42 54 67 51 53 64 45 60 53 
#54 2 58 54 16 57 49 28 67 65 53 11 23 9 37 
#54 19 64 35 16 58 17 28 67 65 44 64 41 41 2 
#27 19 58 54 37 57 42 32 67 7 31 64 23 60 22 
#13 38 58 25 32 58 33 42 67 51 31 64 23 60 50 
#54 39 64 54 32 57 49 28 67 65 31 64 41 38 37 
#54 39 64 54 16 0 33 42 67 51 46 44 45 9 53 
#27 2 64 54 16 57 33 28 67 38 53 64 23 33 53 
36 20 13 18 46 35 
9 11 23 42 50 1 
56 44 22 16 57 0 
27 40 28 17 51 49 
26 19 47 52 45 24 
34 15 39 4 38 31 
#Base: 895
#Max: 772
#862570
#54 21 64 35 32 57 17 18 67 51 53 64 45 6 37 
#54 2 64 54 16 57 42 54 71 65 44 64 41 38 2 
#13 2 2 54 5 58 32 54 71 38 53 64 45 38 50 
#54 38 2 54 37 58 32 54 67 65 53 64 23 60 50 
#54 39 2 54 37 58 32 25 67 65 53 64 23 60 2 
#54 21 64 54 34 58 42 18 67 65 8 64 41 60 50 
#54 2 64 54 34 58 42 18 67 51 8 64 41 41 37 
#54 21 64 54 32 57 32 18 67 65 44 64 45 41 37 
#54 21 38 25 37 58 32 18 67 65 53 64 41 41 50 
#54 39 38 25 34 57 42 47 67 51 31 64 41 60 50 
#13 21 58 54 32 57 32 42 67 51 31 64 23 60 50 
#54 39 64 54 34 57 33 18 67 65 31 64 41 38 37 
#54 19 64 54 37 58 42 13 67 65 31 64 41 38 37 
#54 19 64 54 32 58 42 28 67 65 31 64 45 60 37 
#54 19 64 54 32 57 49 28 67 65 44 64 41 38 37 
#54 38 58 54 32 57 32 28 67 51 53 64 23 60 50 
#54 19 38 54 32 57 49 28 67 51 46 64 45 60 53 
#54 39 38 54 32 58 33 28 67 51 46 64 45 41 53 
#54 39 58 54 37 58 33 54 67 65 44 64 45 41 50 
#13 39 58 54 5 58 49 54 67 65 37 64 45 38 37 
#54 38 58 54 32 57 49 32 67 38 53 11 23 60 37 
#54 19 58 54 32 57 49 25 67 65 53 11 9 9 37 
#54 19 64 54 32 57 42 54 67 65 53 64 9 60 53 
#13 2 58 54 5 58 42 54 71 65 53 64 45 41 53 
#13 2 64 54 5 58 33 54 67 65 53 64 45 33 53 
#13 39 58 54 5 57 42 42 71 65 46 26 41 11 53 
#13 19 58 54 32 58 42 54 67 65 37 64 41 60 50 
#13 19 58 35 5 58 42 47 67 51 46 64 41 60 53 
#54 39 58 54 32 58 42 18 67 51 37 64 41 38 53 
#54 9 64 54 34 58 42 18 67 51 37 64 23 41 37 
#54 21 38 54 32 58 32 28 67 65 53 64 23 60 2 
#54 2 64 35 16 58 17 18 67 51 53 64 41 60 50 
#13 2 64 54 32 58 42 25 71 65 44 64 45 38 37 
#54 38 2 54 32 58 32 18 71 65 53 64 45 60 50 
#54 2 2 25 37 57 32 13 67 51 31 64 23 60 53 
#54 39 2 54 34 58 49 47 67 65 53 64 41 60 2 
#54 38 58 54 32 58 33 28 67 65 8 64 23 60 50 
#54 21 64 35 34 57 42 18 67 51 8 64 41 41 37 
#54 2 64 54 32 57 33 25 67 65 31 64 45 38 37 
#54 19 58 54 32 58 42 13 67 65 53 64 45 60 50 
#54 39 64 25 37 57 49 28 67 51 31 64 41 38 37 
#13 19 64 9 34 58 42 47 67 51 44 64 23 60 2 
#13 38 58 54 32 58 32 42 67 51 31 64 23 60 50 
#54 19 58 54 37 57 49 18 67 65 8 64 41 60 37 
#54 39 64 54 26 57 33 25 67 51 46 64 45 60 53 
#54 19 58 54 37 58 42 54 67 65 53 64 45 60 37 
#54 39 64 54 5 58 49 54 67 65 31 64 41 38 37 
#13 19 58 9 32 58 33 47 67 51 44 64 45 60 37 
#54 38 58 54 32 58 8 32 67 65 31 64 23 60 50 
#54 38 58 54 37 57 49 28 71 65 53 64 45 60 53 
#54 39 58 54 32 57 42 25 67 51 46 64 45 60 37 
#54 2 64 54 37 58 42 54 67 51 53 64 45 60 53 
#13 39 58 54 5 58 42 54 67 65 53 64 45 38 50 
#54 19 58 54 16 57 42 54 67 51 37 64 45 60 37 
#13 38 58 54 32 58 15 42 71 65 46 26 23 11 53 
#54 38 58 54 32 58 42 54 71 38 37 64 3 9 53 
#54 19 58 35 34 57 42 47 67 65 37 64 41 60 37 
#54 39 64 54 37 58 49 25 67 51 46 64 41 60 53 
#54 39 64 54 5 58 42 18 67 51 37 64 41 41 37 
#54 9 58 9 16 57 33 54 67 38 53 64 23 60 37 
#Base: 895
#Max: 786
#878212
