#[0] 3, 3
#[1] 4, 3
#[2] 3, 4
#[3] 3, 2
#[4] 2, 3
#[5] 2, 4
#[6] 1, 3
#[7] 2, 2
#[8] 3, 1
#[9] 4, 4
#[10] 5, 3
#[11] 3, 5
#[12] 4, 2
#[13] 3, 0
#[14] 5, 4
#[15] 4, 5
#[16] 5, 2
#[17] 4, 1
#[18] 0, 3
#[19] 1, 4
#[20] 2, 1
#[21] 1, 2
#[22] 2, 5
#[23] 0, 4
#[24] 5, 1
#[25] 0, 2
#[26] 5, 5
#[27] 1, 5
#[28] 2, 0
#[29] 1, 1
#[30] 4, 0
#[31] 0, 5
#[32] 1, 0
#[33] 0, 1
#[34] 5, 0
#[35] 0, 0
#Turn 0
42 45 15 41 46 10 
20 17 55 39 50 6 
34 59 9 38 1 57 
18 48 58 8 49 32 
16 44 33 37 28 52 
3 5 54 0 56 27 
#Base: 925
#Max: 362
#391351
#Turn 1
#8 49 10 9 49 15 17 27 14 18 25 3 12 21 1 
#59 18 10 12 34 38 31 27 3 22 7 3 34 21 7 
#59 50 33 12 34 42 23 1 3 1 13 16 17 5 43 
#19 19 8 18 9 42 23 34 14 1 29 23 18 26 43 
#7 25 8 10 4 3 25 43 14 14 35 19 18 21 42 
#32 16 21 20 42 30 16 10 20 26 8 31 56 11 21 
#19 19 6 20 30 33 53 11 20 12 24 17 2 25 21 
#19 10 6 29 30 4 29 11 13 44 12 17 4 25 18 
#23 10 4 37 6 42 3 7 54 2 12 6 15 28 24 
#14 25 16 33 8 36 5 7 6 37 10 6 30 28 10 
#20 26 14 11 1 5 5 17 9 24 31 48 42 8 23 
#19 22 11 11 1 23 7 24 27 0 9 1 42 28 23 
#11 22 32 23 20 12 0 7 27 0 9 2 6 28 70 
#12 30 3 3 11 42 65 2 36 0 0 38 6 6 4 
#12 33 13 6 33 14 65 2 26 3 34 8 3 11 4 
#25 10 16 34 27 9 13 15 44 15 47 0 65 42 14 
#16 10 16 34 8 24 57 7 21 28 3 6 65 7 0 
#1 36 15 4 8 72 3 7 64 28 24 28 12 7 0 
#4 5 0 72 1 72 2 4 28 8 21 28 5 36 16 
#13 13 0 72 14 9 11 31 11 6 9 32 11 59 16 
#3 36 19 9 24 8 13 10 40 4 47 30 7 22 3 
#30 9 5 0 65 8 28 0 27 30 9 24 24 22 3 
#30 6 11 1 65 69 5 3 27 18 10 49 7 28 11 
#49 2 11 1 16 69 5 3 58 1 10 49 7 1 11 
#8 4 19 40 3 20 6 3 42 35 8 21 13 8 21 
#7 17 47 24 27 4 1 50 17 28 3 2 14 46 5 
#11 17 47 24 27 0 0 3 29 54 36 14 17 58 28 
#32 2 42 24 9 6 13 3 24 21 36 1 3 58 28 
#16 22 2 24 8 6 13 30 24 21 14 46 11 20 20 
#2 15 3 28 24 16 0 45 35 3 14 46 30 20 5 
#32 16 46 13 28 15 17 9 18 18 8 22 56 43 1 
#8 49 14 20 49 38 31 10 20 12 7 31 2 11 15 
#19 3 16 8 34 33 37 11 3 44 15 17 29 5 22 
#19 50 33 7 9 4 23 7 10 1 12 16 17 14 43 
#14 19 8 37 14 21 2 34 54 2 20 18 18 28 24 
#7 1 16 10 4 3 5 7 5 37 35 30 30 15 10 
#32 26 21 13 14 11 16 17 18 26 31 22 56 45 18 
#53 3 13 20 19 30 7 10 50 14 51 1 42 8 21 
#19 3 11 8 14 33 53 7 13 44 9 2 29 25 50 
#23 30 4 29 65 12 12 14 9 49 0 38 6 1 18 
#12 25 15 3 11 42 3 2 54 3 20 6 34 6 24 
#45 33 13 33 33 36 40 7 26 37 10 30 3 11 10 
#20 32 1 12 27 32 5 17 9 7 47 4 4 42 18 
#25 3 13 11 45 9 13 13 50 15 3 0 42 17 14 
#16 22 11 4 14 24 57 7 64 0 24 6 6 28 50 
#1 30 32 9 20 72 12 14 40 8 0 28 6 1 70 
#4 2 3 3 1 42 2 19 36 8 9 32 34 36 16 
#28 33 13 32 33 14 11 31 26 6 8 45 38 11 7 
#3 36 19 9 27 37 13 10 40 7 47 30 4 25 35 
#25 10 16 0 24 9 13 13 31 15 3 0 65 17 14 
#16 9 22 4 8 24 57 7 27 28 9 6 24 28 0 
#1 36 11 9 16 69 5 3 40 18 10 49 5 1 2 
#49 5 0 72 3 19 2 3 28 1 14 32 13 36 21 
#8 13 32 14 10 9 11 31 42 6 8 28 22 59 60 
#3 36 19 9 32 37 1 10 40 28 47 30 7 25 7 
#11 17 5 0 27 8 28 36 24 54 4 63 17 22 5 
#30 2 22 6 65 0 0 0 29 4 9 24 3 28 24 
#16 27 2 24 8 6 13 30 31 18 62 1 7 22 20 
#49 22 19 19 3 13 24 53 58 20 14 21 30 20 5 
#47 4 32 28 10 16 6 3 42 35 8 28 16 15 9 
47 56 5 13 1 54 
31 48 41 44 38 21 
14 30 19 17 15 12 
51 26 23 45 22 2 
25 39 58 18 53 16 
57 36 55 52 37 27 
#Base: 925
#Max: 376
#406486
#Turn 2
#30 33 22 32 65 0 0 31 29 4 8 45 3 11 7 
#32 16 21 20 65 30 0 10 29 4 9 31 56 28 21 
#32 30 3 3 42 42 65 10 20 26 8 31 6 11 4 
#12 30 10 3 34 38 65 2 3 22 7 38 6 21 7 
#59 36 19 12 34 37 31 10 40 28 7 3 7 21 7 
#3 49 19 20 27 37 13 10 20 7 7 30 4 11 15 
#3 36 13 33 27 36 40 10 26 37 47 30 4 25 10 
#16 22 13 33 14 36 40 7 26 37 24 30 3 28 10 
#19 22 11 8 14 24 53 7 13 0 24 6 29 25 50 
#19 9 5 0 65 33 28 0 27 44 9 2 24 22 50 
#12 33 46 6 28 14 17 2 26 3 34 8 3 43 1 
#32 13 0 72 28 15 11 31 18 18 8 22 56 59 16 
#13 13 15 72 14 72 11 31 64 28 24 28 12 7 16 
#25 36 15 4 8 72 3 7 44 28 47 0 65 7 0 
#25 22 16 23 20 12 13 7 44 0 9 0 65 42 14 
#11 17 47 24 27 0 5 3 29 54 36 49 17 1 28 
#49 2 11 24 27 69 0 3 29 1 10 49 7 58 28 
#1 2 32 1 20 72 5 14 40 8 10 28 7 1 11 
#1 30 11 9 20 69 12 14 27 8 10 49 7 1 11 
#59 6 33 12 34 69 5 3 3 18 10 16 7 28 11 
#7 30 4 24 65 4 12 14 9 28 0 2 6 46 18 
#23 30 19 29 3 12 24 53 58 49 0 21 30 1 5 
#4 22 19 72 1 13 2 4 28 20 21 21 5 36 16 
#4 5 0 14 10 72 11 4 28 6 8 28 5 59 60 
#16 13 32 14 8 24 11 31 21 28 8 6 65 59 0 
#16 26 21 24 8 11 13 17 31 18 62 22 56 22 20 
#11 17 21 13 27 11 16 36 24 26 31 22 56 22 18 
#49 17 5 0 3 8 2 3 24 54 4 32 17 22 5 
#49 3 0 72 3 19 2 10 28 14 14 32 13 8 21 
#53 2 13 20 19 6 13 3 50 14 36 1 42 8 21 
#8 49 13 32 33 14 31 10 26 12 7 45 2 11 15 
#30 36 22 6 65 37 13 10 29 7 47 24 3 25 35 
#32 33 13 20 42 36 40 10 20 26 8 31 3 11 21 
#12 30 3 4 11 42 65 7 36 0 24 6 6 28 50 
#19 3 11 8 14 38 53 7 3 44 7 3 29 21 7 
#30 9 5 9 65 37 28 10 40 30 47 30 24 25 7 
#12 33 14 6 33 14 65 2 26 3 34 31 2 11 15 
#32 36 19 9 28 15 17 9 18 7 8 22 4 25 1 
#13 33 0 33 33 9 11 31 11 37 10 30 11 11 16 
#16 22 11 4 14 72 57 7 64 28 24 6 6 28 50 
#19 3 16 8 14 33 53 15 13 15 47 0 29 25 50 
#30 22 5 0 65 8 0 7 27 30 9 2 6 22 3 
#12 36 13 9 33 14 5 2 40 18 10 49 3 11 2 
#32 17 46 24 27 15 0 3 29 54 8 22 56 43 1 
#13 13 11 1 14 9 11 31 11 1 9 32 7 1 16 
#1 30 32 9 8 72 12 14 64 8 0 28 6 1 0 
#25 6 16 34 27 9 13 3 27 15 47 0 7 28 14 
#59 50 32 12 20 42 0 7 3 1 13 2 17 5 70 
#7 17 47 24 27 69 5 50 40 18 10 2 14 1 2 
#11 17 4 24 65 12 0 3 9 49 0 38 6 58 18 
#49 2 19 19 16 13 5 53 58 20 10 49 7 20 5 
#1 5 32 72 1 72 12 14 28 8 0 28 5 1 70 
#30 13 32 1 10 69 11 3 42 18 8 28 7 28 11 
#59 10 16 12 34 42 57 7 21 28 13 16 17 5 43 
#7 27 47 24 8 4 1 50 31 28 62 1 7 22 5 
#32 26 4 29 14 12 16 17 9 26 0 22 56 1 18 
#11 22 5 0 3 8 28 36 24 54 14 21 30 22 5 
#49 5 0 72 3 19 2 4 28 1 14 28 5 36 16 
#53 13 13 14 10 30 7 31 50 6 8 28 42 59 60 
#16 2 42 34 8 6 13 3 24 28 36 1 3 58 28 
18 6 15 19 54 52 
40 28 24 16 21 25 
0 9 23 58 11 33 
53 47 13 51 39 48 
4 50 43 12 45 31 
14 57 1 35 49 2 
#Base: 925
#Max: 424
#458378
#Turn 3
#3 30 13 33 27 36 40 14 26 8 10 30 4 1 10 
#11 36 47 24 27 0 5 3 29 37 36 30 17 1 28 
#59 17 47 24 34 0 5 3 3 18 36 16 7 28 11 
#59 27 47 24 34 4 5 3 31 28 62 16 7 22 5 
#7 27 32 24 8 4 11 50 42 18 62 1 7 28 11 
#49 3 0 8 14 19 53 15 13 15 14 0 13 8 50 
#49 3 32 14 3 24 2 31 21 14 8 32 65 8 0 
#16 13 11 24 27 69 11 3 29 1 10 49 65 58 28 
#49 2 11 29 27 69 0 3 29 1 10 21 30 58 28 
#16 26 21 24 3 12 24 17 58 49 62 22 56 1 20 
#19 9 22 32 65 0 28 0 27 4 8 2 24 11 7 
#4 5 0 14 65 72 11 0 27 44 9 28 24 22 50 
#4 5 13 14 10 72 11 4 28 6 8 28 5 59 60 
#32 13 13 72 10 15 11 31 50 18 8 22 42 59 16 
#12 30 3 4 11 42 65 31 36 18 24 6 56 59 50 
#59 10 32 12 34 42 0 7 3 28 13 16 17 5 70 
#25 50 15 12 8 72 0 7 3 1 13 0 65 7 70 
#25 36 15 72 1 72 3 7 28 8 47 28 5 1 0 
#1 22 32 4 1 72 12 14 64 28 24 6 6 1 50 
#16 17 11 4 14 72 57 7 40 28 10 2 6 28 2 
#59 2 19 12 16 13 5 10 58 28 7 49 7 21 5 
#49 2 19 19 27 15 5 3 29 54 8 49 7 43 5 
#32 13 15 72 14 72 11 3 64 28 8 28 12 7 1 
#1 13 15 72 8 72 12 31 64 8 0 28 6 1 16 
#30 36 22 9 65 37 12 10 64 7 47 28 3 1 35 
#49 22 16 72 20 19 2 7 28 0 14 28 65 36 16 
#49 16 21 72 3 30 2 10 29 4 14 31 56 36 16 
#30 16 5 9 65 30 0 10 29 4 47 31 56 25 21 
#11 17 5 9 65 12 0 10 40 30 47 38 6 58 18 
#32 17 4 24 65 12 65 3 9 26 8 31 6 11 18 
#19 30 11 9 20 69 53 14 27 15 10 49 29 25 50 
#3 36 13 33 27 19 40 10 26 14 47 32 4 8 10 
#16 13 47 14 8 0 5 3 29 54 36 6 65 1 0 
#59 2 33 12 27 69 5 3 29 1 10 49 7 58 11 
#23 30 19 29 3 4 1 50 31 28 62 1 30 22 5 
#16 13 32 24 10 69 11 3 31 18 62 28 56 28 20 
#19 33 16 8 65 0 0 15 13 15 8 45 3 25 50 
#19 3 5 0 3 19 28 10 28 44 9 2 13 8 21 
#4 13 32 14 10 24 11 31 28 28 8 6 65 59 0 
#53 13 13 24 10 69 7 31 29 1 10 49 42 59 60 
#32 13 0 29 28 12 11 31 18 49 0 21 56 1 16 
#16 30 3 4 11 11 13 17 36 0 62 6 56 22 20 
#59 33 22 12 65 0 57 31 21 28 13 16 17 5 7 
#59 9 32 12 65 33 0 0 27 1 13 2 24 5 50 
#25 5 15 14 8 72 11 7 44 28 8 0 65 59 60 
#53 13 32 72 10 30 12 31 28 6 0 28 42 59 70 
#32 13 0 72 14 72 57 7 64 28 8 22 6 59 50 
#7 30 47 4 27 42 65 50 36 0 10 6 6 1 50 
#59 36 19 12 34 37 57 10 40 28 7 3 17 21 43 
#59 2 32 12 16 13 5 53 3 20 13 49 7 20 70 
#25 17 46 24 8 72 3 3 29 54 8 0 65 7 0 
#13 13 32 72 1 72 12 14 64 8 24 28 5 7 70 
#1 22 32 9 8 72 57 14 64 8 0 28 6 1 0 
#30 36 22 6 65 69 5 50 40 7 10 2 3 1 35 
#25 22 19 23 34 12 13 10 40 0 9 0 65 21 14 
#49 5 0 72 16 13 2 53 28 20 14 49 7 20 5 
#32 16 46 24 27 30 0 10 29 4 9 31 56 43 21 
#30 13 15 72 14 37 28 31 40 30 24 28 12 25 7 
#11 30 32 24 8 12 12 14 9 49 0 28 6 58 18 
#30 36 22 6 65 42 13 10 20 26 8 24 6 11 35 
43 3 48 30 26 28 
27 8 9 16 25 18 
55 49 22 44 14 47 
35 7 39 46 45 50 
12 13 33 51 23 17 
15 52 24 53 11 42 
#Base: 925
#Max: 504
#544865
#Turn 4
#59 27 32 24 34 33 0 3 27 28 62 16 24 22 50 
#59 36 19 12 34 4 5 3 40 28 7 3 7 21 43 
#59 36 11 9 20 69 57 10 40 15 10 49 29 25 43 
#19 30 11 9 20 69 53 10 27 15 10 31 56 36 16 
#11 16 5 72 65 12 0 10 29 4 47 31 6 36 18 
#49 2 11 29 65 69 0 10 29 4 47 21 30 58 21 
#49 2 21 29 3 69 24 17 58 49 10 21 56 58 28 
#25 50 15 24 3 72 0 17 58 1 62 22 56 1 70 
#49 22 16 12 20 72 2 7 3 0 13 0 65 36 70 
#1 22 32 72 1 72 12 7 28 28 14 6 65 36 16 
#59 2 32 72 16 13 5 53 28 20 14 49 7 20 5 
#32 2 32 72 14 13 11 53 64 28 13 49 12 7 1 
#32 13 15 72 8 72 11 7 64 28 8 0 65 59 1 
#25 5 3 14 8 42 11 7 44 28 8 6 56 59 60 
#7 30 47 4 27 42 65 31 36 0 24 6 6 1 50 
#16 13 11 24 27 69 11 3 29 18 10 28 56 58 28 
#53 13 13 24 10 69 11 31 29 1 10 49 42 58 28 
#53 13 13 72 10 72 57 7 64 1 8 49 42 59 60 
#53 13 0 72 10 72 12 7 64 28 8 28 6 59 70 
#53 17 46 24 8 30 12 31 28 54 0 28 65 59 0 
#4 5 13 14 10 15 11 4 50 6 8 22 5 59 16 
#59 13 33 12 10 15 11 31 50 18 10 22 7 58 16 
#13 13 32 12 1 69 5 3 29 1 24 28 7 7 11 
#13 13 15 72 8 72 12 31 64 8 0 28 6 1 16 
#25 13 15 72 8 72 12 7 64 8 47 28 6 1 0 
#1 22 32 9 8 42 57 14 3 28 13 28 17 5 0 
#30 36 22 9 8 72 12 14 64 8 0 28 6 1 0 
#30 36 22 6 65 69 12 10 40 7 47 28 3 1 35 
#30 5 0 14 65 69 5 0 27 44 10 2 24 22 35 
#4 33 0 12 65 72 57 31 27 44 9 16 24 5 7 
#30 16 32 12 65 30 0 0 27 4 47 2 24 25 21 
#59 27 47 24 27 69 5 3 31 28 62 16 30 58 5 
#16 36 19 12 3 12 57 17 40 49 62 3 56 21 43 
#25 50 15 12 8 72 53 7 3 15 13 0 29 7 50 
#49 22 16 72 20 30 2 7 28 4 14 31 65 36 16 
#1 22 32 9 1 12 0 10 40 28 24 38 6 58 18 
#49 16 5 9 65 13 0 53 29 4 14 49 56 20 5 
#59 2 32 12 27 13 0 3 3 20 10 21 7 58 28 
#16 26 21 24 3 72 11 3 64 28 62 22 56 7 20 
#25 5 15 14 8 72 0 7 44 28 13 0 65 7 60 
#12 22 3 72 11 19 65 31 36 0 24 6 65 36 50 
#1 30 32 4 1 42 65 50 36 0 10 6 6 1 50 
#16 13 32 72 16 69 2 53 31 20 14 49 7 20 20 
#16 13 11 24 27 69 5 3 29 20 10 49 7 58 28 
#32 13 15 72 10 72 7 31 29 1 10 28 12 59 60 
#25 13 15 72 14 72 57 7 44 28 8 0 6 59 50 
#12 13 32 72 10 42 65 31 28 6 0 28 42 59 70 
#7 30 46 24 27 72 65 3 29 54 8 6 65 1 0 
#4 13 13 14 10 69 11 3 28 18 62 28 5 59 20 
#16 13 13 72 27 69 11 3 29 18 10 22 65 58 16 
#59 13 13 12 27 69 7 3 29 1 10 49 42 58 60 
#32 13 32 72 14 72 12 14 64 28 8 22 6 7 50 
#1 13 32 72 8 30 12 31 64 6 0 28 6 1 70 
#25 36 46 72 1 72 3 3 29 54 8 28 65 1 0 
#4 5 32 12 34 42 0 7 3 28 13 28 5 59 60 
#1 22 32 72 10 72 11 14 50 8 0 28 42 59 16 
#30 2 22 12 27 69 12 10 29 1 10 49 3 58 11 
#13 36 22 72 1 69 5 14 40 8 10 28 5 7 35 
#1 5 15 72 8 72 12 31 27 44 9 28 6 22 16 
#59 36 15 12 65 72 57 7 28 28 47 16 17 5 0 
39 0 16 5 42 34 
23 11 9 53 38 29 
52 19 6 12 45 8 
40 31 7 17 46 44 
27 49 50 18 59 51 
10 32 2 47 55 24 
#Base: 925
#Max: 580
#627027
#Turn 5
#59 5 15 24 34 33 0 7 27 28 62 16 65 22 60 
#53 27 32 24 10 33 0 31 27 1 10 49 24 58 50 
#53 13 11 24 10 69 11 31 29 1 47 49 42 58 21 
#16 2 11 29 16 69 2 10 31 4 14 49 30 58 20 
#16 13 32 72 16 69 2 7 31 4 14 49 7 36 16 
#32 13 32 72 8 72 12 31 64 8 0 49 6 1 1 
#32 2 32 72 1 72 11 7 28 28 14 6 12 7 1 
#1 36 46 72 1 72 12 7 28 28 8 6 65 1 16 
#25 26 21 24 1 72 3 3 29 54 62 28 56 1 0 
#4 33 0 12 65 72 57 31 27 28 62 22 24 7 20 
#1 13 32 24 8 30 12 31 64 6 0 28 65 59 0 
#49 17 46 29 8 30 24 31 28 49 0 21 56 58 28 
#32 2 15 29 8 72 24 7 58 49 10 0 56 58 28 
#32 13 15 72 14 72 57 7 44 28 8 0 65 59 1 
#49 22 16 72 20 72 57 7 44 28 13 0 6 36 70 
#12 27 3 24 11 19 65 3 36 0 62 16 30 36 50 
#25 27 47 24 3 69 0 17 31 1 62 22 30 1 5 
#25 50 15 24 3 72 0 7 58 1 8 49 42 59 70 
#53 13 32 72 10 42 65 31 28 6 8 49 42 59 70 
#32 13 32 72 10 42 7 31 28 1 10 28 42 59 70 
#16 36 13 6 65 69 12 10 29 7 47 22 65 58 35 
#16 13 13 12 27 69 7 3 29 18 10 49 42 58 16 
#59 13 0 72 10 72 7 7 64 1 8 28 6 58 60 
#59 13 0 12 65 72 12 7 64 28 8 16 17 59 70 
#32 13 32 12 65 72 12 7 64 28 8 22 6 5 0 
#59 2 32 12 3 13 57 17 40 49 14 49 56 21 43 
#59 36 19 12 20 12 57 17 40 15 10 49 56 21 43 
#59 30 46 24 20 72 57 10 40 54 8 6 29 25 0 
#1 30 32 24 10 72 65 14 29 8 0 6 65 1 16 
#25 22 15 72 8 72 12 7 50 8 0 28 6 59 0 
#25 5 15 72 8 72 12 7 44 8 0 0 65 1 16 
#59 27 32 72 14 13 11 53 64 28 13 49 24 7 1 
#1 13 13 24 1 72 11 7 28 28 14 49 65 36 28 
#49 36 46 72 65 72 3 3 29 4 8 21 65 58 21 
#16 26 21 24 3 69 11 3 31 20 62 49 56 7 20 
#49 22 0 72 65 30 2 7 28 44 14 31 24 5 7 
#1 13 32 72 8 30 12 31 64 8 0 28 6 1 70 
#53 17 46 72 8 30 11 53 64 54 0 49 65 7 1 
#49 22 21 72 1 69 24 7 58 28 10 21 56 36 28 
#25 13 15 72 8 72 3 7 64 54 8 28 65 59 1 
#25 26 21 72 3 72 11 7 44 28 62 0 56 7 20 
#49 22 16 12 20 72 2 31 27 44 13 0 24 5 70 
#1 13 3 72 8 19 12 31 36 6 24 28 6 1 50 
#59 27 47 24 8 30 12 3 28 54 0 16 30 59 0 
#25 2 21 24 3 72 0 17 58 49 10 21 56 1 70 
#32 13 13 72 10 72 11 7 64 1 8 0 42 59 60 
#12 13 15 72 10 72 57 7 44 28 0 28 42 59 50 
#49 22 15 72 10 72 7 7 29 1 13 28 65 36 70 
#30 22 3 6 11 19 65 10 36 0 24 6 3 36 35 
#16 27 47 24 27 69 11 3 31 28 62 16 30 58 16 
#59 13 15 12 27 72 7 17 58 1 10 22 56 58 70 
#53 13 13 72 10 72 57 7 64 28 8 28 42 59 70 
#59 13 15 12 65 72 65 7 28 28 47 16 42 5 0 
#32 13 32 72 10 72 12 14 29 1 8 28 12 59 60 
#30 36 22 72 16 69 12 53 28 7 47 28 3 1 35 
#16 13 13 72 27 12 57 3 29 49 62 22 56 58 43 
#59 13 11 12 27 69 7 3 29 1 10 49 29 58 43 
#7 13 0 24 27 72 65 7 64 28 8 28 6 59 0 
#1 22 32 12 10 72 11 14 50 28 0 28 17 59 0 
#32 13 15 72 14 72 12 7 64 8 8 28 6 7 0 
7 57 12 27 53 11 
5 0 31 14 19 2 
25 40 55 23 39 9 
17 46 37 51 33 13 
49 52 50 18 47 38 
26 44 20 22 45 54 
#Base: 925
#Max: 596
#644324
#Turn 6
#1 36 46 72 27 72 12 7 64 28 8 6 6 1 0 
#7 2 15 24 27 72 65 7 58 28 10 0 56 58 0 
#59 2 46 29 20 72 57 10 40 54 10 0 56 58 0 
#59 30 32 24 10 72 12 14 29 1 8 6 12 59 60 
#49 17 32 29 10 30 12 31 29 49 0 28 12 58 60 
#59 5 15 24 8 72 12 31 27 8 62 16 65 22 60 
#59 5 32 72 14 13 0 53 27 28 62 16 65 7 1 
#59 27 16 72 14 13 11 53 64 28 13 49 24 36 70 
#32 13 32 72 10 42 57 7 28 1 10 0 6 59 70 
#53 13 11 72 10 42 11 31 28 1 47 28 42 58 70 
#25 26 32 12 3 13 11 17 40 28 14 49 56 7 20 
#25 13 13 72 27 12 11 7 44 49 62 0 56 58 20 
#59 13 0 72 27 12 57 3 64 28 8 16 17 59 43 
#25 13 15 72 65 72 3 7 64 28 8 16 17 59 1 
#25 13 15 72 65 72 3 31 64 28 62 28 24 7 20 
#25 50 15 24 3 72 57 7 58 1 0 49 42 59 70 
#12 13 15 72 8 30 57 53 44 28 0 49 65 59 1 
#53 17 13 72 8 30 57 53 64 28 8 28 65 59 70 
#49 36 46 72 10 72 57 7 64 28 8 28 65 58 21 
#32 36 15 72 14 72 3 7 44 28 8 0 65 58 21 
#16 27 15 12 27 69 65 3 31 28 62 16 42 58 16 
#59 13 15 12 65 72 65 7 58 28 10 16 42 58 0 
#53 13 15 12 10 42 7 17 58 1 8 22 42 59 70 
#53 13 15 72 10 42 65 31 28 6 13 28 42 59 70 
#49 22 21 72 10 69 24 7 29 28 10 21 56 36 28 
#25 2 21 24 3 72 57 17 40 49 10 21 56 1 70 
#16 2 13 24 3 69 12 17 58 49 47 21 65 1 70 
#59 36 13 6 10 69 7 7 64 7 8 28 6 58 35 
#59 13 13 72 10 72 11 7 64 1 8 28 6 59 60 
#30 36 13 72 16 72 12 53 28 1 47 28 3 1 60 
#32 36 46 72 8 72 12 7 28 28 8 6 6 1 16 
#59 5 0 24 34 33 65 7 64 28 62 16 6 59 60 
#59 27 15 29 14 72 24 53 58 49 13 0 24 58 1 
#59 30 16 24 20 72 57 7 44 28 8 6 29 36 0 
#32 13 32 72 10 72 12 31 28 1 10 28 12 59 60 
#49 13 46 24 10 30 11 31 28 49 47 21 42 58 21 
#59 2 32 72 3 13 12 31 40 8 14 49 6 1 1 
#25 26 15 72 3 33 0 7 44 28 62 16 56 7 20 
#16 27 32 72 27 13 57 53 29 28 62 49 24 58 43 
#49 22 0 12 20 72 57 7 44 28 13 0 6 59 70 
#32 13 32 72 10 42 3 7 28 1 8 28 42 59 1 
#53 13 0 24 10 69 11 31 29 1 47 49 24 7 21 
#25 2 15 12 3 72 57 7 40 49 8 49 42 21 43 
#25 13 21 72 3 72 57 7 44 28 0 28 56 59 50 
#53 13 46 72 8 30 57 3 64 49 62 49 56 58 1 
#53 13 13 12 10 72 12 7 64 28 8 28 17 59 70 
#25 13 46 72 8 72 3 3 29 4 8 21 65 59 1 
#4 33 0 12 65 72 57 7 44 28 62 22 65 7 1 
#25 50 15 24 27 69 11 3 58 1 62 16 42 59 70 
#12 13 15 12 10 72 57 7 28 28 47 16 42 59 0 
#53 17 46 72 8 72 7 53 58 1 10 22 56 58 1 
#53 13 32 72 10 42 57 7 28 6 8 49 42 59 70 
#49 22 46 72 65 72 3 7 29 4 13 28 65 36 70 
#32 22 21 72 1 69 24 7 58 28 10 0 56 59 28 
#16 36 47 24 20 12 57 3 40 28 62 49 30 58 43 
#25 13 15 24 3 72 65 17 28 49 47 21 42 1 0 
#59 36 13 6 65 72 7 10 29 1 47 22 56 58 35 
#59 13 0 72 10 42 65 31 64 1 8 28 6 58 70 
#32 22 15 72 10 72 7 7 29 1 8 28 65 36 60 
#30 36 21 72 1 69 24 53 28 28 47 28 3 36 35 
58 25 53 16 32 29 
20 13 54 57 9 12 
19 28 51 38 50 47 
21 15 52 44 18 43 
26 56 48 17 23 31 
39 59 2 7 14 5 
#Base: 925
#Max: 625
#675676
#Turn 7
#32 22 15 24 10 72 7 7 40 1 8 21 56 36 60 
#32 22 21 72 1 72 24 7 40 49 10 21 56 59 28 
#32 22 21 72 8 30 24 53 58 28 10 0 65 59 28 
#12 27 15 72 14 30 57 53 58 49 13 49 24 58 1 
#59 27 13 29 14 72 24 53 58 49 47 28 24 1 1 
#16 27 15 12 27 69 65 7 64 28 62 16 17 58 16 
#25 36 15 24 20 12 3 7 40 28 8 16 30 58 1 
#16 13 0 72 20 12 65 3 64 1 8 49 6 58 43 
#53 13 11 72 10 42 65 31 28 1 8 28 42 58 70 
#59 13 0 72 27 12 57 31 64 28 47 28 42 58 43 
#32 36 15 72 10 72 3 7 44 1 8 28 6 59 21 
#59 13 32 72 10 72 57 7 64 1 8 28 42 59 70 
#16 13 32 72 10 42 57 7 28 28 62 49 24 59 70 
#16 27 46 72 27 13 7 53 29 1 62 22 24 58 43 
#4 33 46 72 8 72 57 7 44 1 62 22 56 7 1 
#59 13 15 12 3 72 65 7 58 28 10 16 42 59 0 
#49 50 15 24 3 72 3 7 58 4 0 28 65 36 70 
#49 22 46 72 8 72 3 7 64 4 62 28 65 58 1 
#49 13 46 72 10 72 57 3 64 28 8 28 56 58 1 
#25 36 46 72 10 72 57 7 64 28 0 28 65 58 21 
#16 36 13 24 3 72 7 10 58 1 47 21 56 58 70 
#25 36 13 6 65 69 11 3 29 1 62 22 42 58 35 
#25 17 15 72 27 69 57 53 64 1 8 28 65 59 70 
#53 17 13 72 8 42 65 31 28 6 8 28 65 59 70 
#59 5 0 72 34 33 65 31 64 6 62 16 6 59 70 
#30 36 21 72 20 72 57 7 44 28 13 0 6 59 35 
#59 36 46 72 20 72 57 53 28 54 47 0 3 58 0 
#59 27 46 72 20 72 57 53 64 54 13 0 56 58 0 
#59 27 16 72 65 13 11 53 64 28 13 28 24 7 70 
#59 13 15 24 8 72 12 31 64 8 62 16 65 22 60 
#32 27 15 12 10 69 65 3 29 1 62 28 65 36 16 
#25 2 15 24 3 72 57 17 40 49 8 16 56 59 1 
#32 36 47 72 1 69 57 7 58 28 62 0 30 59 43 
#12 13 15 72 8 30 65 31 64 28 8 28 65 58 1 
#59 13 11 72 10 72 24 53 28 1 13 0 24 58 70 
#59 13 0 72 27 12 12 3 28 28 47 28 17 59 43 
#16 36 15 72 27 69 3 3 44 28 62 16 65 58 21 
#25 13 13 72 10 72 11 7 64 1 8 16 17 59 1 
#53 13 47 24 20 42 57 7 28 28 8 49 30 58 70 
#59 27 32 72 27 42 57 53 64 1 62 28 24 58 43 
#53 17 46 72 10 42 7 53 28 1 47 28 42 58 70 
#4 13 0 12 65 12 57 7 64 28 62 22 17 59 43 
#32 36 15 72 65 72 3 7 58 28 10 0 42 58 0 
#25 50 15 24 3 72 57 7 58 1 0 28 6 59 70 
#53 13 46 72 65 42 3 7 28 6 13 49 42 59 70 
#53 27 46 72 27 30 57 3 29 49 62 49 56 58 43 
#49 17 46 72 8 72 7 7 58 28 10 22 65 58 21 
#4 13 0 12 65 72 57 7 44 28 0 22 56 7 50 
#16 2 15 12 65 72 12 17 58 49 10 16 42 58 70 
#25 36 15 24 65 72 7 7 29 1 47 49 42 58 35 
#25 22 46 72 65 72 11 3 58 4 13 28 65 59 70 
#53 17 13 72 8 30 57 53 64 49 62 28 65 58 70 
#49 13 46 72 10 72 57 31 64 6 13 28 42 58 21 
#25 5 21 72 34 33 57 7 44 28 62 16 56 59 50 
#16 22 13 24 3 72 57 7 44 49 47 0 65 59 70 
#30 36 21 72 1 69 7 53 29 28 47 28 3 36 35 
#59 2 15 29 20 69 57 10 40 1 10 16 42 59 70 
#59 27 13 72 14 13 11 53 64 28 13 49 24 36 70 
#25 13 15 72 10 72 65 31 64 6 62 28 24 7 20 
#59 5 15 24 34 33 65 7 27 28 62 16 6 22 60 
2 42 8 12 57 58 
1 34 28 26 53 3 
38 54 32 22 50 46 
17 11 39 51 45 52 
48 23 9 27 24 40 
49 36 44 19 18 29 
#Base: 925
#Max: 699
#755676
#Turn 8
#32 22 15 72 65 72 3 7 58 28 10 0 42 58 0 
#53 13 15 72 10 72 3 31 28 28 10 0 42 58 70 
#53 13 32 72 10 42 65 31 28 1 8 49 42 58 70 
#59 27 13 72 14 42 11 7 64 28 13 49 24 36 70 
#59 13 15 72 14 72 65 53 64 6 62 28 24 36 20 
#59 13 21 72 10 72 24 53 40 1 13 0 24 59 70 
#59 27 11 72 65 72 24 53 28 1 13 28 24 58 70 
#59 27 16 72 65 13 57 53 64 28 47 28 24 58 0 
#59 36 46 72 34 33 57 7 28 28 62 16 3 59 0 
#12 27 21 72 34 30 57 53 58 49 13 49 56 59 50 
#53 13 47 24 20 72 57 7 28 28 47 49 65 58 70 
#32 36 13 24 3 72 57 7 58 49 47 0 65 59 70 
#25 17 15 72 1 69 57 7 64 28 62 28 65 59 70 
#25 17 46 72 27 72 57 53 58 1 13 28 65 59 70 
#49 17 46 72 65 72 11 3 58 4 13 22 65 59 70 
#59 22 46 72 10 72 57 7 64 1 62 28 65 59 70 
#59 27 32 72 27 42 57 53 64 1 8 28 42 58 70 
#59 17 32 72 8 30 57 53 64 49 62 28 65 58 43 
#53 17 46 72 27 30 57 53 29 49 62 49 65 58 70 
#49 13 46 72 10 72 57 3 29 49 62 28 56 58 43 
#53 17 15 72 65 72 65 17 58 6 10 16 65 59 70 
#53 17 13 72 27 42 65 31 64 6 47 28 65 58 70 
#59 27 0 72 27 72 57 31 64 28 47 0 56 58 43 
#59 5 0 72 20 72 65 53 64 6 62 0 56 59 70 
#59 5 0 72 34 33 65 31 28 6 47 16 6 59 70 
#25 36 15 72 27 69 7 7 29 1 62 16 42 58 35 
#16 36 15 72 65 42 3 3 28 28 62 16 65 58 70 
#25 13 46 72 10 42 57 7 28 6 0 49 65 58 21 
#49 13 46 72 10 72 57 7 64 28 0 28 65 58 21 
#49 13 15 24 10 72 57 31 64 28 8 16 56 58 60 
#32 22 21 72 8 72 24 53 58 28 10 21 65 59 28 
#32 36 11 72 65 72 24 53 28 28 10 0 24 58 70 
#59 27 16 72 65 42 11 31 28 28 13 28 42 58 70 
#59 36 46 72 20 42 57 7 28 54 47 49 3 59 70 
#25 27 21 72 14 13 11 7 44 28 13 49 24 59 70 
#12 27 15 72 10 30 57 31 58 6 62 28 24 7 1 
#32 22 21 72 1 72 57 7 28 28 8 21 30 59 70 
#59 22 11 24 3 72 57 53 28 49 13 0 24 59 70 
#32 36 47 72 1 69 11 53 64 28 13 0 30 7 43 
#59 36 46 72 27 72 57 53 28 54 47 28 65 58 0 
#25 22 46 72 34 33 11 3 44 28 62 28 56 59 70 
#12 27 46 72 8 30 7 53 58 49 13 49 65 58 1 
#53 22 47 24 20 42 3 7 28 4 62 28 30 58 70 
#59 13 32 24 3 72 57 7 64 1 8 0 65 59 70 
#32 36 32 72 27 69 57 53 64 1 62 28 30 59 43 
#53 17 13 72 8 69 57 53 64 49 8 28 65 58 70 
#25 22 46 72 27 30 11 3 58 49 13 49 65 59 70 
#49 17 46 72 8 72 7 31 58 6 10 28 42 58 21 
#16 22 46 72 65 72 12 7 64 49 62 28 42 58 70 
#59 13 32 72 8 42 57 7 28 6 8 28 42 59 70 
#59 27 0 72 27 12 57 31 64 1 62 28 24 58 43 
#53 17 46 72 8 72 57 53 64 49 13 0 65 58 70 
#53 27 46 72 27 30 57 31 29 49 62 49 6 59 43 
#53 13 46 72 10 42 7 31 28 1 13 28 42 58 21 
#16 2 15 24 65 72 12 7 58 1 10 16 42 58 35 
#16 17 15 72 27 42 3 3 28 28 8 16 65 59 70 
#53 13 46 72 65 42 57 7 64 28 47 49 42 58 70 
#25 36 46 72 10 72 57 7 64 28 0 28 56 58 0 
#59 5 46 72 10 72 65 31 64 28 8 28 6 58 70 
#53 13 46 24 8 72 12 53 64 1 47 28 65 58 70 
30 26 6 52 59 28 
31 11 14 48 12 46 
40 10 45 17 15 58 
33 44 51 18 39 20 
32 16 21 56 23 22 
2 7 9 13 19 4 
#Base: 925
#Max: 737
#796757
#Turn 9
#16 36 15 72 8 42 24 3 28 28 10 16 65 59 70 
#16 27 15 72 65 72 3 53 28 1 62 16 24 58 70 
#59 27 46 72 65 30 57 31 29 1 62 28 24 58 70 
#53 27 46 24 27 30 57 53 29 49 62 28 6 59 70 
#53 13 46 72 8 72 12 53 64 28 47 28 65 58 70 
#32 36 11 72 65 72 57 53 28 49 10 0 65 58 70 
#49 17 13 24 3 72 11 3 58 49 13 0 65 59 70 
#49 17 46 72 65 72 12 3 64 49 62 22 42 59 70 
#16 22 15 72 65 72 57 7 64 28 62 28 65 59 70 
#25 17 46 72 27 69 57 3 58 28 13 49 65 59 70 
#53 13 47 24 20 33 11 3 28 28 62 28 65 58 70 
#53 17 13 72 8 69 57 7 64 28 8 49 65 58 70 
#59 17 13 72 8 69 57 53 64 49 62 28 65 58 43 
#59 22 32 72 8 72 57 53 64 49 62 28 65 58 43 
#59 22 46 72 10 72 65 31 64 28 8 28 6 58 70 
#32 36 32 72 27 69 57 53 64 1 62 49 30 59 43 
#53 17 32 72 8 69 57 53 64 49 62 28 65 59 43 
#53 17 46 72 27 30 57 53 64 49 62 49 65 58 70 
#59 36 46 72 27 72 57 53 28 49 47 28 65 58 70 
#59 36 15 72 27 72 57 17 28 6 47 16 65 59 70 
#59 27 32 72 27 42 57 53 64 1 8 28 42 58 70 
#53 17 32 72 27 42 65 31 64 1 8 28 65 58 70 
#53 17 13 72 27 42 57 31 64 6 47 49 42 58 70 
#59 13 0 72 20 72 57 7 64 6 47 0 56 58 70 
#59 27 0 72 20 72 57 53 64 28 47 0 56 59 70 
#53 13 16 72 65 13 65 31 64 1 47 28 42 58 70 
#59 27 16 72 65 30 57 53 64 49 13 28 56 58 50 
#12 27 46 72 34 72 57 53 58 49 13 28 56 59 70 
#25 17 46 72 10 72 57 3 29 1 62 28 56 59 70 
#49 13 46 72 14 72 65 3 29 49 62 28 56 36 20 
#32 36 21 72 8 72 24 53 58 28 10 21 24 58 28 
#32 36 15 72 3 72 3 7 58 28 47 16 65 58 70 
#59 27 11 72 65 72 24 3 28 4 13 28 24 58 70 
#16 22 46 72 65 72 57 7 64 49 62 28 42 58 70 
#53 17 15 24 8 69 57 53 64 28 62 28 65 58 70 
#25 13 46 72 27 30 57 7 58 49 13 49 65 58 70 
#25 22 46 72 65 33 24 3 28 28 62 0 56 59 70 
#53 36 13 24 3 72 57 7 58 49 47 0 65 58 70 
#53 17 13 72 8 69 11 3 64 4 8 22 65 59 70 
#16 17 46 72 65 72 57 7 64 49 62 28 42 58 70 
#59 17 15 72 1 72 57 7 64 28 62 28 65 59 70 
#59 5 46 72 27 30 11 3 64 49 13 28 6 59 70 
#25 22 46 72 20 33 57 7 28 28 62 28 56 59 70 
#53 36 32 72 20 69 57 53 28 28 47 49 30 59 70 
#53 17 13 72 8 72 57 53 64 49 13 28 65 58 70 
#59 17 32 72 27 30 57 53 29 49 62 49 65 58 43 
#59 36 46 72 10 72 57 53 28 1 47 28 65 59 70 
#59 17 46 72 10 72 65 31 64 6 10 28 65 58 70 
#59 36 16 72 65 42 11 31 28 54 13 28 42 58 70 
#32 36 32 72 27 69 57 53 64 1 8 28 30 58 43 
#53 17 46 72 8 42 65 53 64 6 47 28 65 58 70 
#53 17 46 72 27 42 57 7 64 28 62 49 42 58 70 
#59 36 0 72 20 72 57 53 64 54 62 28 56 59 70 
#53 27 0 72 65 72 65 31 64 28 10 0 65 58 70 
#53 27 32 72 65 42 65 31 28 28 13 28 42 58 70 
#59 27 16 72 27 13 57 53 64 28 8 28 42 58 0 
#12 17 21 72 34 42 57 53 58 49 13 28 56 59 70 
#53 13 46 72 65 72 57 7 64 1 47 49 65 58 70 
#59 5 46 72 10 72 65 3 29 49 62 0 56 58 70 
#59 13 0 72 27 72 65 53 64 28 62 0 56 36 20 
58 35 40 44 24 56 
19 9 34 57 15 2 
53 4 39 16 33 5 
7 12 13 17 52 27 
22 50 26 18 43 46 
20 47 8 45 51 54 
#Base: 925
#Max: 772
#834595
#59 5 46 72 27 72 65 7 29 49 13 0 56 58 70 
#25 13 15 72 27 72 57 7 64 49 62 28 65 58 70 
#53 17 15 72 8 72 57 7 64 28 13 28 65 59 70 
#53 27 13 72 20 72 57 53 64 49 13 0 65 58 70 
#12 17 0 72 34 42 57 53 64 28 47 28 56 59 70 
#25 17 46 72 27 72 57 17 28 28 13 49 65 59 70 
#53 17 15 72 8 69 57 3 58 28 62 49 65 59 70 
#53 13 15 72 65 72 57 53 64 1 47 49 65 58 70 
#32 36 32 72 27 69 57 53 64 1 62 49 30 59 70 
#59 27 32 72 65 30 57 53 64 1 62 49 30 59 43 
#53 13 0 72 8 72 65 53 64 28 10 28 65 58 70 
#16 17 46 72 8 72 57 53 64 49 62 28 42 58 70 
#16 17 46 72 65 69 57 53 64 49 62 28 42 58 43 
#16 22 32 72 65 69 57 7 64 49 62 28 65 58 43 
#16 36 11 72 65 72 57 7 64 49 62 0 65 58 70 
#59 17 46 72 8 69 12 53 64 49 62 22 65 58 43 
#59 22 32 72 8 69 57 53 64 49 62 28 65 58 43 
#59 17 46 72 8 72 57 53 64 49 62 28 65 58 70 
#53 17 46 72 27 30 57 53 64 54 62 49 56 58 70 
#12 27 46 72 20 72 57 53 64 49 62 28 56 59 70 
#53 17 46 72 8 42 57 53 64 6 47 28 42 58 70 
#59 17 16 72 8 42 65 53 64 49 47 28 65 58 70 
#59 36 46 72 65 72 57 53 28 49 47 28 56 58 50 
#59 36 32 72 20 72 57 53 28 28 47 28 30 59 70 
#53 36 32 72 20 69 57 53 28 28 47 49 65 59 70 
#59 17 46 72 27 72 65 53 64 6 8 28 42 58 70 
#59 22 46 72 65 72 57 7 64 28 10 28 65 59 70 
#59 22 32 72 65 72 57 53 64 49 62 28 65 59 43 
#53 17 46 72 27 42 57 53 64 28 62 49 65 58 43 
#53 17 32 72 27 42 65 7 28 28 13 28 42 58 70 
#59 5 15 72 10 72 57 17 28 49 62 0 65 59 70 
#25 17 46 72 27 30 57 3 58 49 13 49 65 59 70 
#59 17 15 24 1 69 57 53 64 28 62 28 65 59 70 
#53 13 46 72 8 72 57 53 64 49 13 49 65 58 70 
#32 36 0 72 27 69 57 53 64 1 47 49 30 59 43 
#12 27 46 72 34 30 57 31 29 1 62 28 56 59 70 
#59 36 0 72 27 72 65 31 64 28 10 0 65 58 70 
#25 13 46 72 8 72 57 3 64 28 47 49 65 59 70 
#53 17 46 72 8 72 57 53 64 28 62 28 42 58 70 
#53 17 32 72 65 72 57 7 64 49 62 28 65 59 70 
#16 36 32 72 65 72 57 7 64 1 62 28 42 58 70 
#59 27 46 72 65 30 57 31 29 49 10 28 24 58 70 
#53 17 46 72 65 72 65 31 64 49 62 0 65 58 70 
#59 17 46 72 8 72 57 53 64 49 47 28 65 58 70 
#16 22 46 72 8 72 57 7 64 49 62 28 42 58 43 
#53 17 32 72 27 69 57 53 64 49 62 49 65 59 43 
#59 36 0 72 20 72 57 7 64 54 62 28 42 58 70 
#12 27 46 72 34 72 57 53 58 49 13 0 65 59 70 
#49 17 13 72 27 42 12 3 64 49 62 49 42 59 70 
#53 17 13 72 8 69 65 53 64 49 47 28 65 58 43 
#59 27 32 72 65 72 57 53 64 49 62 28 56 58 43 
#59 17 46 72 27 30 57 53 64 49 62 28 65 58 70 
#59 36 0 72 20 69 57 53 64 28 47 28 56 59 70 
#12 27 46 72 10 72 57 53 28 1 13 28 56 59 70 
#59 27 32 72 27 42 57 53 64 1 47 28 42 58 70 
#53 17 46 72 10 42 65 53 64 6 10 28 65 58 70 
#16 27 16 72 65 72 57 53 64 28 13 28 65 58 70 
#59 17 46 72 27 30 57 53 29 49 62 49 65 58 70 
#53 36 32 72 27 69 57 7 64 28 47 49 42 58 70 
#53 27 46 72 65 42 65 53 28 1 13 28 42 59 70 
#Base: 925
#Max: 802
#867027
