#[0] 3, 3
#[1] 4, 3
#[2] 3, 4
#[3] 3, 2
#[4] 2, 3
#[5] 2, 4
#[6] 1, 3
#[7] 2, 2
#[8] 3, 1
#[9] 4, 4
#[10] 5, 3
#[11] 3, 5
#[12] 4, 2
#[13] 3, 0
#[14] 5, 4
#[15] 4, 5
#[16] 5, 2
#[17] 4, 1
#[18] 0, 3
#[19] 1, 4
#[20] 2, 1
#[21] 1, 2
#[22] 2, 5
#[23] 0, 4
#[24] 5, 1
#[25] 0, 2
#[26] 5, 5
#[27] 1, 5
#[28] 2, 0
#[29] 1, 1
#[30] 4, 0
#[31] 0, 5
#[32] 1, 0
#[33] 0, 1
#[34] 5, 0
#[35] 0, 0
#Turn 0
21 45 7 6 17 20 
11 34 1 26 27 16 
32 59 28 50 39 2 
25 51 0 42 12 30 
40 22 24 38 37 29 
41 58 43 5 57 54 
#Base: 927
#Max: 357
#385113
#Turn 1
#9 44 23 39 13 19 24 11 1 46 42 5 10 6 34 
#27 1 34 39 1 47 19 41 21 46 23 34 21 40 50 
#42 1 34 4 1 47 26 41 25 16 23 3 21 59 4 
#42 5 30 11 30 21 17 5 2 23 23 3 6 40 4 
#12 17 51 11 23 21 10 5 17 41 1 26 39 25 7 
#3 19 39 47 27 6 18 4 13 33 18 53 23 5 26 
#29 19 29 14 33 12 18 4 24 27 32 13 23 5 26 
#26 8 31 9 25 12 15 6 33 23 32 13 7 8 38 
#26 8 11 2 36 27 3 8 47 23 31 4 6 9 28 
#15 32 20 2 27 23 8 8 47 35 17 44 6 9 15 
#30 13 20 37 11 23 6 42 8 26 3 14 24 42 21 
#58 1 20 37 11 23 31 25 23 10 3 6 24 42 28 
#0 15 9 14 7 11 40 68 7 19 14 9 7 7 28 
#24 15 9 14 23 9 1 68 69 35 14 12 29 29 20 
#12 59 31 13 23 34 11 35 69 35 19 12 0 18 11 
#11 10 21 0 21 12 3 14 31 14 39 54 6 9 29 
#11 25 16 9 21 12 69 2 31 1 39 20 30 55 10 
#7 3 16 7 26 6 69 4 10 20 12 8 2 5 36 
#26 12 21 7 26 29 0 8 64 10 12 8 2 5 36 
#9 12 23 42 14 65 32 17 64 22 31 46 5 24 2 
#49 20 23 12 6 28 31 0 39 13 34 36 3 23 27 
#49 3 23 3 6 4 31 17 39 1 34 3 3 23 3 
#14 3 33 16 3 40 33 23 20 4 12 3 18 30 48 
#14 15 18 6 15 1 11 5 20 4 73 31 1 6 25 
#32 30 4 6 4 2 39 5 17 57 6 31 46 8 17 
#22 5 36 26 6 27 42 11 22 18 39 24 4 33 44 
#22 11 27 22 16 27 39 30 20 17 3 24 3 7 9 
#7 55 18 6 7 1 39 30 8 43 11 13 3 20 15 
#52 9 18 55 7 1 16 3 7 43 26 15 45 20 15 
#24 9 14 55 27 47 16 14 7 3 26 23 45 3 5 
#9 44 22 47 10 19 46 7 13 4 42 46 19 3 17 
#20 19 23 14 33 19 24 11 24 33 18 5 23 6 26 
#29 0 34 4 25 47 19 9 15 16 32 34 21 40 16 
#26 8 31 23 30 7 15 6 8 23 23 4 0 3 4 
#12 32 11 2 36 23 3 8 2 35 2 36 6 9 40 
#24 17 20 2 27 16 8 25 36 5 1 38 50 11 15 
#3 44 18 7 4 38 46 42 13 4 12 14 55 32 17 
#58 19 39 14 11 23 6 29 24 10 18 6 24 42 26 
#29 1 29 52 25 40 14 25 21 19 32 13 20 8 28 
#26 15 31 9 7 27 40 6 8 23 14 9 7 3 28 
#15 32 27 13 36 9 1 8 69 35 17 12 6 9 40 
#7 59 20 27 27 34 11 35 27 6 22 44 0 18 15 
#30 10 18 7 30 38 42 42 8 26 6 11 16 9 21 
#11 25 8 37 21 23 6 2 31 14 3 6 24 55 0 
#0 1 16 4 37 40 69 25 21 19 20 6 20 7 28 
#7 3 17 14 26 29 40 68 24 28 14 9 7 5 36 
#26 8 21 42 23 4 1 24 64 10 19 46 2 10 2 
#9 5 31 17 14 65 32 35 27 6 24 4 5 18 11 
#20 20 21 7 30 28 42 14 12 13 12 11 16 46 27 
#49 33 8 12 21 12 31 17 39 5 34 36 3 55 3 
#5 3 15 3 37 40 69 55 18 1 12 3 30 30 48 
#14 3 17 16 15 1 11 4 20 4 73 8 1 5 36 
#34 15 21 42 18 4 0 5 24 10 15 46 21 43 1 
#9 30 23 17 4 2 16 20 33 22 6 37 5 8 17 
#17 20 7 26 49 28 42 0 22 13 39 4 19 46 44 
#22 11 23 22 6 27 31 8 39 5 3 36 4 23 59 
#5 23 15 6 16 40 33 55 18 17 12 13 3 30 9 
#14 55 33 16 15 1 11 23 8 4 73 12 22 6 25 
#24 9 14 55 18 48 16 14 7 4 26 31 45 43 1 
#28 12 4 4 27 2 16 20 17 3 6 23 21 45 42 
32 17 51 41 5 20 
38 25 29 57 11 55 
0 24 2 1 16 37 
28 40 14 19 13 49 
12 46 54 50 36 44 
18 23 30 58 45 47 
#Base: 927
#Max: 444
#478964
#Turn 2
#7 3 16 4 26 47 19 4 15 20 32 8 21 40 16 
#14 3 16 16 26 6 11 4 20 20 12 8 2 5 36 
#7 3 20 27 27 1 11 35 20 4 22 44 0 18 36 
#3 59 20 27 27 34 11 35 27 33 18 53 23 5 15 
#3 20 23 12 6 28 18 0 39 33 18 53 3 23 26 
#29 5 36 52 6 40 42 25 22 18 32 24 20 8 44 
#24 9 14 26 27 47 16 11 22 3 26 23 45 3 5 
#14 55 14 55 27 47 11 23 8 3 26 23 45 3 5 
#14 55 20 16 11 23 11 25 8 4 73 6 22 6 28 
#58 11 20 22 6 23 31 8 23 10 3 36 4 42 28 
#32 30 4 39 13 2 39 5 1 46 6 5 46 8 34 
#42 30 4 4 1 47 39 5 25 16 23 31 46 8 4 
#27 1 34 39 1 47 26 41 25 16 23 3 21 40 50 
#11 25 34 39 1 12 19 41 21 1 23 20 30 40 10 
#58 25 39 14 11 23 69 29 31 10 18 20 24 55 26 
#15 32 18 13 36 1 16 8 69 35 26 12 45 20 40 
#15 32 31 13 23 9 1 8 69 35 19 12 0 9 40 
#12 12 31 13 23 34 32 35 69 22 31 46 5 18 11 
#24 12 9 42 14 65 32 17 69 22 14 12 5 24 2 
#49 33 8 14 21 9 31 68 39 35 14 36 3 29 3 
#0 8 9 14 23 4 40 68 64 19 14 9 2 10 28 
#26 20 7 26 23 28 1 24 64 10 19 4 19 46 44 
#17 3 15 26 49 40 69 0 22 1 12 4 19 30 48 
#3 3 18 3 37 38 46 55 18 1 12 3 55 32 17 
#0 44 16 4 4 40 46 25 13 4 20 14 55 7 17 
#26 12 21 6 26 1 0 8 64 10 73 8 1 6 36 
#14 44 22 47 15 19 11 7 20 4 73 31 1 3 17 
#9 44 14 55 18 19 46 14 13 4 26 31 45 43 17 
#7 9 14 55 18 29 40 14 24 4 14 31 7 43 1 
#7 5 17 14 26 65 32 68 27 28 24 4 7 18 36 
#29 0 29 4 25 47 14 9 15 19 32 13 21 40 28 
#22 3 36 7 6 27 69 4 10 20 39 24 2 33 36 
#24 3 17 16 15 47 11 14 20 4 26 8 45 3 5 
#14 55 33 16 15 1 11 35 27 4 73 44 0 6 25 
#58 1 39 37 27 23 31 25 23 33 18 6 24 5 28 
#22 20 23 22 6 27 31 8 39 13 3 36 3 23 27 
#9 44 29 39 25 40 24 25 21 46 42 13 20 8 34 
#32 5 4 6 4 27 42 5 22 57 6 24 46 8 17 
#42 9 34 4 1 47 26 41 7 3 23 23 45 3 4 
#27 55 33 16 15 47 11 23 21 4 23 34 22 6 25 
#11 25 20 9 21 12 69 2 23 10 39 6 30 55 10 
#22 19 39 22 11 23 6 8 24 10 18 6 4 23 59 
#52 44 18 55 7 19 24 3 1 46 42 15 45 6 34 
#32 30 27 6 36 9 39 5 69 57 6 31 46 9 40 
#12 59 31 13 1 34 11 41 69 35 19 12 0 18 4 
#27 12 34 39 14 47 19 41 21 46 31 34 21 40 50 
#24 15 16 9 23 9 1 68 69 1 39 20 29 29 10 
#49 33 39 14 21 23 6 29 39 10 18 6 3 55 3 
#0 9 9 14 7 11 40 68 7 43 14 15 45 7 28 
#15 32 27 42 36 9 1 8 69 10 17 46 6 9 40 
#12 20 7 13 49 34 42 0 69 13 19 4 0 46 11 
#5 12 23 42 14 65 32 55 18 1 31 46 5 24 48 
#24 15 18 7 23 38 1 68 13 35 14 12 29 32 20 
#49 1 16 12 37 40 69 25 39 5 20 36 3 7 3 
#0 15 21 14 26 11 0 8 7 19 12 8 7 5 28 
#26 8 18 6 15 1 11 5 64 4 73 46 1 6 25 
#17 44 22 26 10 19 42 7 22 13 42 4 19 46 17 
#5 3 15 3 37 40 16 55 18 1 26 3 30 30 48 
#7 3 18 7 4 29 40 42 24 4 12 9 55 32 36 
#0 5 16 17 14 65 32 25 27 19 20 4 5 7 11 
34 47 12 17 40 21 
48 36 7 33 20 8 
5 27 29 45 46 26 
22 18 42 43 51 19 
31 15 53 14 55 49 
52 23 50 44 25 3 
#Base: 927
#Max: 476
#513484
#Turn 3
#49 1 39 14 21 23 6 29 39 33 18 6 24 5 28 
#27 33 34 14 21 23 6 41 25 10 23 3 21 55 50 
#27 12 34 13 1 47 32 41 69 16 31 3 21 40 11 
#11 12 31 13 21 34 69 35 23 10 39 46 30 55 10 
#11 20 7 26 21 12 1 24 23 10 19 6 30 55 44 
#0 44 29 14 7 11 40 25 21 43 14 15 45 8 34 
#9 55 14 39 27 40 11 25 21 3 26 13 45 8 34 
#14 55 14 16 27 1 11 23 27 3 26 44 0 3 25 
#0 8 9 16 15 1 40 35 64 4 73 9 2 10 25 
#0 55 20 16 23 23 40 25 8 19 14 9 2 6 28 
#29 44 36 52 6 19 42 14 13 4 32 31 45 8 44 
#9 44 14 14 26 19 46 14 13 28 26 31 45 18 36 
#27 12 34 39 14 47 19 41 21 46 24 34 21 18 50 
#24 15 16 39 14 9 1 41 69 1 31 34 21 29 50 
#14 15 22 9 23 19 11 68 20 4 73 20 1 3 17 
#24 12 15 26 49 40 69 17 69 1 14 12 5 24 2 
#24 44 18 42 7 65 32 3 1 46 14 15 5 24 34 
#52 30 27 55 36 9 39 3 69 57 42 15 45 9 40 
#32 12 27 6 36 9 39 5 69 1 31 31 46 24 40 
#49 33 8 14 14 65 32 55 39 1 31 46 5 24 3 
#22 32 36 13 36 27 16 4 69 20 26 24 45 20 40 
#49 1 16 12 37 40 16 8 69 5 20 36 3 7 3 
#58 1 39 14 11 40 69 25 31 5 20 36 24 55 3 
#58 8 18 6 15 23 11 29 64 4 73 20 24 55 25 
#15 32 18 6 15 9 1 5 69 4 17 46 1 6 40 
#24 15 18 3 37 38 1 55 18 1 14 3 29 32 17 
#3 20 7 3 37 34 46 0 18 13 19 4 0 32 11 
#12 59 31 13 49 34 11 0 69 13 19 12 0 46 11 
#12 59 31 13 26 1 11 8 64 10 73 8 0 6 36 
#26 12 20 6 27 34 0 35 64 33 73 53 23 6 15 
#58 9 9 37 7 11 40 25 23 43 18 15 24 5 28 
#9 44 39 14 25 40 6 29 39 46 42 13 3 8 34 
#14 55 34 39 1 47 26 23 8 16 23 3 21 3 5 
#14 55 33 16 15 1 32 35 69 4 31 46 0 6 25 
#0 8 20 9 21 4 69 68 23 10 39 6 30 55 28 
#26 20 7 16 23 28 11 24 8 4 73 4 19 6 28 
#29 5 9 14 7 40 40 25 7 43 32 15 45 8 44 
#9 44 29 55 18 40 46 14 13 4 42 31 45 8 34 
#14 55 14 55 26 65 32 68 27 28 24 4 45 18 5 
#14 55 34 16 14 1 19 41 21 46 31 44 0 40 25 
#0 15 9 14 23 4 40 68 69 1 14 9 29 10 10 
#14 55 22 16 11 23 11 7 8 4 73 6 22 3 28 
#29 3 15 52 6 40 42 0 22 18 32 24 20 8 48 
#9 12 14 42 18 19 32 14 13 22 14 31 45 24 2 
#7 5 18 14 26 19 32 68 1 46 24 15 7 6 36 
#27 30 34 6 14 9 19 41 21 46 31 34 21 9 50 
#24 12 16 42 23 65 32 68 69 1 39 46 5 24 10 
#14 33 8 47 15 9 31 68 20 35 73 36 1 3 17 
#17 3 36 7 6 27 69 4 10 1 39 24 19 33 48 
#24 12 18 42 14 65 16 8 69 35 14 12 5 24 40 
#49 1 16 55 37 19 24 25 1 46 20 36 45 7 34 
#58 30 27 14 11 9 69 29 31 10 6 20 24 55 40 
#5 8 18 42 14 65 11 55 18 4 31 46 1 6 48 
#15 32 27 14 21 9 1 8 69 35 14 36 3 29 40 
#24 15 18 7 6 27 1 68 13 20 14 12 2 33 20 
#15 32 18 13 37 1 46 55 18 1 26 3 45 32 17 
#49 20 7 13 49 34 69 0 69 5 19 36 3 7 3 
#58 59 39 14 1 23 11 41 69 35 19 20 0 18 26 
#26 12 18 6 15 1 11 5 64 4 73 46 1 6 36 
#3 59 20 27 36 9 11 35 27 33 18 46 6 9 15 
21 48 13 52 2 40 
14 39 20 22 18 10 
8 33 56 57 29 50 
3 47 23 17 38 19 
16 37 28 46 34 27 
31 58 49 51 15 12 
#Base: 927
#Max: 528
#569579
#Turn 4
#49 1 16 12 37 27 16 4 10 1 20 24 3 7 48 
#17 15 16 7 6 27 69 4 10 1 31 24 19 33 50 
#5 8 18 39 14 9 11 55 18 1 31 34 21 6 48 
#27 12 34 13 14 65 11 55 18 4 31 46 21 40 48 
#0 12 34 14 1 4 32 41 69 1 14 9 29 40 11 
#14 55 34 16 14 19 11 41 20 4 73 20 0 40 17 
#14 32 36 16 14 27 16 41 69 46 26 24 0 20 25 
#58 1 36 14 11 40 69 25 69 5 20 36 24 55 40 
#32 12 27 6 36 40 69 25 69 5 31 31 24 55 3 
#29 44 36 52 36 19 39 14 13 4 32 31 45 8 44 
#14 55 33 16 15 1 32 35 64 4 73 46 2 6 25 
#14 55 7 13 15 34 32 0 69 5 31 36 3 6 3 
#58 20 7 14 1 23 69 41 69 35 19 20 3 18 3 
#26 59 39 6 1 34 11 35 69 33 73 20 0 6 15 
#26 12 20 6 37 19 0 25 64 33 20 36 45 6 15 
#11 33 31 47 21 34 31 68 23 35 39 46 1 55 17 
#14 8 18 47 15 9 31 68 64 4 73 36 24 3 17 
#52 8 27 55 15 9 11 3 69 4 42 20 24 9 40 
#14 55 14 55 36 9 39 3 27 57 42 15 45 18 40 
#49 55 14 14 14 65 32 68 27 1 31 4 45 24 5 
#9 44 29 42 7 65 32 3 1 4 42 15 45 8 34 
#12 44 29 55 26 1 46 14 64 10 73 8 0 6 34 
#24 59 31 42 26 65 11 8 64 10 73 46 0 6 36 
#24 12 16 9 23 65 32 68 69 10 39 6 30 55 10 
#0 59 31 13 49 34 69 68 23 10 39 6 0 46 11 
#26 12 39 6 25 1 6 5 39 46 42 46 1 6 36 
#26 12 18 42 14 1 16 5 64 35 73 46 5 6 40 
#58 30 27 42 11 65 16 8 69 10 6 20 24 24 40 
#58 30 27 14 11 40 69 17 69 10 6 20 24 55 2 
#27 12 34 26 49 40 19 17 21 46 14 12 5 18 2 
#14 1 16 9 37 19 11 68 69 5 20 36 3 7 3 
#17 55 34 16 14 27 69 4 10 46 39 44 19 33 48 
#22 32 16 39 36 9 1 41 69 1 31 34 45 20 40 
#58 8 39 42 14 65 69 55 18 4 31 46 1 6 48 
#27 12 34 13 1 9 32 41 69 16 31 3 46 24 40 
#0 44 36 14 23 19 42 14 13 4 14 31 45 10 44 
#0 8 9 9 23 19 40 35 64 4 73 9 1 3 25 
#14 55 34 16 14 1 32 41 21 4 31 44 0 6 25 
#49 20 7 13 49 27 16 0 69 5 19 24 3 7 40 
#58 59 39 14 1 23 11 25 31 35 19 36 0 18 26 
#32 12 20 6 36 34 39 35 69 1 73 53 46 6 15 
#29 1 16 52 37 19 24 25 1 46 20 36 45 7 34 
#11 8 31 16 21 1 40 35 23 4 73 9 30 55 10 
#14 55 33 16 15 9 32 68 69 4 73 46 0 3 17 
#58 20 7 13 15 34 69 0 64 5 19 20 3 55 25 
#58 30 27 55 1 9 11 41 69 35 42 20 0 18 26 
#26 55 14 6 26 65 0 68 27 28 73 4 45 18 5 
#49 1 8 55 14 65 24 25 39 1 31 46 45 7 34 
#24 44 18 13 21 34 32 3 23 46 39 15 30 24 34 
#14 33 8 55 18 40 31 14 20 4 73 36 1 3 34 
#12 8 31 13 26 1 11 29 64 10 73 8 24 6 25 
#52 30 16 42 23 9 39 68 69 57 42 46 5 9 10 
#0 8 20 55 26 4 32 68 23 10 24 4 30 18 28 
#49 33 8 14 49 65 32 0 39 1 31 12 0 24 3 
#9 44 39 14 25 40 6 3 39 46 42 15 5 8 34 
#26 12 29 6 18 40 11 5 13 4 42 31 45 8 34 
#24 12 31 42 26 65 16 8 64 35 14 8 0 6 36 
#24 30 27 14 11 65 69 29 69 1 6 46 24 24 10 
#0 8 15 9 49 4 69 17 69 10 14 12 30 24 28 
#12 59 34 13 14 47 11 41 21 46 24 12 21 46 50 
20 58 26 27 44 49 
56 9 45 40 18 59 
32 10 24 43 46 47 
15 23 7 22 51 57 
17 21 16 33 28 13 
34 12 31 8 19 3 
#Base: 927
#Max: 517
#557713
#Turn 5
#9 44 29 42 7 65 32 17 69 10 42 15 30 8 28 
#26 12 15 9 49 1 69 17 64 10 73 12 30 24 40 
#26 12 18 42 14 1 16 8 69 10 6 46 5 6 40 
#58 30 7 42 11 65 16 0 69 5 19 20 3 24 40 
#58 20 7 13 15 34 69 0 64 5 73 20 1 55 25 
#29 12 31 52 26 19 39 14 64 4 14 31 45 8 44 
#58 30 36 55 1 19 11 41 69 35 42 31 45 8 44 
#32 30 20 6 1 9 11 35 69 35 42 20 46 6 26 
#14 12 14 55 36 34 39 3 27 1 42 53 46 18 15 
#14 59 34 55 36 9 39 41 21 57 42 12 21 46 50 
#14 55 16 39 36 9 1 41 64 1 73 34 2 20 40 
#0 59 31 16 15 34 69 35 23 10 39 6 2 46 11 
#0 59 33 13 49 9 32 68 69 10 39 46 0 3 11 
#26 55 14 16 26 65 0 68 69 28 73 4 0 3 17 
#49 55 14 6 14 65 0 68 27 28 73 4 45 18 34 
#24 12 16 47 21 65 31 68 69 35 39 46 30 55 17 
#24 1 16 9 23 65 69 68 69 10 39 36 24 55 40 
#24 59 36 42 11 65 69 8 64 10 73 46 0 6 40 
#52 59 16 42 26 9 11 68 69 57 42 46 0 6 10 
#52 30 16 42 23 65 39 29 69 1 6 46 5 24 10 
#12 44 27 55 26 1 46 3 69 4 42 8 24 6 34 
#12 8 29 47 15 1 46 14 64 10 73 36 24 3 17 
#58 8 18 47 14 65 69 68 64 4 73 46 1 3 48 
#58 30 39 42 14 65 69 55 69 4 31 46 1 6 48 
#58 59 27 6 1 34 69 17 69 33 73 20 24 55 15 
#27 12 7 14 1 23 32 41 69 16 31 3 46 24 40 
#17 55 34 14 1 23 69 4 10 46 19 20 19 33 3 
#32 12 34 16 36 27 69 25 69 5 39 31 19 33 3 
#32 12 14 6 14 65 69 25 69 1 31 4 24 55 5 
#27 55 34 13 14 65 32 68 27 4 31 4 45 40 48 
#9 12 31 42 26 65 16 3 1 4 14 15 45 8 34 
#0 44 15 9 36 19 69 14 69 4 14 31 30 8 28 
#58 30 18 42 1 1 11 41 64 35 73 20 0 6 26 
#32 12 27 42 11 65 39 8 69 1 73 20 24 6 15 
#14 20 7 55 15 34 39 3 64 57 42 20 3 18 40 
#12 59 34 13 18 40 11 14 20 4 73 36 1 3 34 
#22 12 16 42 26 9 16 41 64 1 14 8 0 20 40 
#14 55 33 52 36 1 32 14 64 4 32 31 45 6 25 
#0 30 31 55 1 9 69 41 23 35 42 20 0 46 26 
#32 55 20 16 15 34 39 68 69 4 73 53 46 3 17 
#26 55 14 55 26 9 39 3 27 28 73 15 45 18 40 
#49 59 34 13 14 65 24 41 21 1 24 12 21 7 50 
#11 33 16 47 21 9 1 41 69 1 39 46 45 20 40 
#24 55 16 9 15 65 32 35 64 10 73 46 30 6 25 
#58 59 36 13 49 40 69 68 23 10 39 36 24 46 40 
#14 59 31 42 15 65 11 68 69 10 73 46 0 3 17 
#52 30 16 6 23 9 39 68 27 28 42 4 5 18 5 
#24 30 8 55 11 65 69 29 39 1 6 46 24 24 34 
#52 8 31 47 21 9 11 3 23 35 39 46 1 55 17 
#12 12 16 9 26 1 32 14 69 10 39 6 30 55 10 
#58 8 18 47 15 9 69 25 69 5 73 36 24 55 17 
#24 8 39 42 14 65 69 55 64 10 31 46 0 6 48 
#58 30 27 14 11 9 39 68 69 10 6 20 24 9 2 
#24 59 27 6 11 65 69 29 69 33 73 20 24 24 10 
#27 8 34 55 1 9 11 41 69 4 42 20 46 24 40 
#12 44 29 14 1 23 69 14 64 10 73 20 0 18 3 
#14 8 34 16 15 27 31 4 10 4 39 44 24 33 17 
#32 12 27 42 36 65 69 25 69 4 31 46 24 55 3 
#58 55 14 14 11 40 69 68 27 1 6 4 24 55 2 
#26 59 34 13 1 65 11 35 18 4 31 20 21 6 15 
38 37 33 43 1 0 
27 28 58 15 29 40 
19 4 45 24 16 12 
18 39 17 22 23 57 
32 9 51 44 53 13 
42 47 6 50 14 10 
#Base: 927
#Max: 610
#658037
#Turn 6
#0 55 33 52 36 1 32 41 23 35 42 20 45 6 25 
#14 55 27 42 36 65 39 14 69 1 32 31 45 6 15 
#32 12 27 42 11 65 32 8 64 10 73 46 30 6 15 
#24 12 16 9 49 65 69 17 64 10 73 46 30 6 25 
#26 12 15 42 7 65 69 17 64 10 42 15 30 8 28 
#32 12 34 16 36 65 69 25 69 1 31 31 24 55 5 
#32 12 14 14 11 65 69 25 69 1 6 4 24 55 5 
#58 55 16 14 11 65 31 68 27 1 39 4 30 55 2 
#27 12 16 13 14 65 32 68 27 35 39 46 45 40 17 
#26 55 34 13 26 65 39 68 27 4 31 4 45 18 48 
#58 20 16 42 15 65 39 0 64 5 73 20 5 24 10 
#14 20 7 42 15 34 11 0 64 10 73 20 1 3 17 
#58 59 27 42 1 34 69 17 69 10 73 46 24 3 17 
#24 59 16 9 1 34 69 68 69 33 73 36 24 55 15 
#0 59 33 13 49 9 69 68 69 10 39 36 0 55 40 
#32 55 20 42 15 34 39 68 69 4 73 46 46 6 10 
#32 55 36 16 15 65 39 8 69 4 73 46 0 3 17 
#58 59 36 42 11 65 69 8 64 10 73 46 0 3 48 
#58 8 39 42 14 65 69 68 69 4 31 46 1 3 48 
#58 30 27 42 14 65 69 25 69 4 31 46 24 6 48 
#58 30 34 55 36 1 39 41 21 57 42 20 0 6 26 
#14 8 39 55 36 9 69 55 21 10 31 12 0 6 48 
#24 59 36 13 14 40 69 68 23 10 39 36 0 46 48 
#24 59 36 6 11 65 69 29 69 10 73 36 24 46 40 
#26 59 14 6 26 65 69 68 69 33 73 20 24 3 10 
#24 33 8 47 11 9 1 41 39 1 39 46 24 24 40 
#24 30 36 55 11 19 69 29 69 35 42 31 45 8 44 
#58 30 18 55 15 9 69 41 69 35 42 31 45 8 44 
#49 8 18 47 14 65 69 68 69 28 73 36 24 18 17 
#49 55 14 39 36 65 1 68 27 1 73 34 45 18 34 
#32 12 31 16 36 27 69 25 23 5 42 20 0 46 3 
#14 12 33 52 14 1 32 25 69 4 31 31 45 55 5 
#58 55 27 42 11 65 39 68 27 1 6 20 24 55 15 
#24 55 16 47 15 65 32 35 69 10 39 46 30 55 17 
#27 55 34 13 14 65 32 17 27 4 73 4 30 24 40 
#9 44 14 55 7 9 32 17 27 10 73 15 30 8 40 
#32 12 16 16 23 65 69 25 69 1 6 31 19 24 3 
#32 20 7 6 15 65 69 0 64 5 31 4 24 55 5 
#58 59 14 42 11 40 69 68 27 10 6 46 0 3 2 
#58 59 16 47 21 65 69 17 69 33 73 20 30 55 17 
#27 1 34 13 14 65 32 68 27 10 31 36 24 40 48 
#26 59 33 13 26 9 32 68 69 28 39 46 0 18 11 
#52 59 16 42 26 9 39 68 69 1 42 46 5 24 10 
#58 55 20 13 15 34 39 68 69 5 73 53 46 3 25 
#24 59 31 42 15 65 69 8 69 10 73 46 0 3 40 
#58 8 27 6 1 65 69 68 64 4 73 20 24 55 15 
#24 30 16 9 14 65 69 55 69 4 31 46 1 6 48 
#32 59 27 13 36 9 69 25 69 4 39 46 24 55 3 
#52 59 16 42 26 9 11 68 64 57 42 46 0 6 26 
#32 55 34 16 36 9 39 41 69 4 73 53 21 3 17 
#24 59 39 42 11 65 69 55 64 10 73 46 0 6 40 
#58 59 36 47 14 65 69 68 64 10 39 46 1 46 48 
#58 59 39 42 14 65 69 29 69 33 31 20 1 6 48 
#26 55 14 42 36 65 69 25 69 28 73 46 0 3 3 
#58 33 18 42 21 9 1 41 69 1 39 20 45 20 26 
#24 59 34 55 36 9 39 29 21 57 42 12 24 46 50 
#58 8 36 42 1 65 69 41 69 35 31 46 45 8 48 
#58 59 36 13 15 40 69 25 23 10 73 36 24 55 40 
#24 59 27 6 11 65 0 29 69 28 73 20 45 24 10 
#14 55 14 16 36 9 0 41 64 28 73 34 0 3 40 
16 46 3 15 26 5 
49 55 19 23 12 32 
42 27 13 28 56 33 
44 45 17 51 50 43 
47 29 24 39 18 57 
58 48 14 52 53 22 
#Base: 927
#Max: 670
#722762
#Turn 7
#24 30 36 9 15 65 69 55 69 4 31 46 0 6 17 
#24 12 16 9 49 65 69 55 64 4 73 46 1 6 25 
#24 12 16 9 15 65 39 17 69 4 73 46 46 6 10 
#32 55 36 42 15 34 69 68 69 4 73 46 46 8 44 
#32 12 36 16 11 19 69 25 69 1 31 31 45 55 5 
#24 59 34 16 36 9 39 41 21 57 73 53 24 3 17 
#58 30 34 55 14 65 39 29 69 57 31 46 24 46 50 
#58 59 27 6 14 65 69 29 69 10 73 46 24 46 40 
#24 59 27 42 11 34 69 17 69 10 73 46 24 46 17 
#58 59 27 42 11 34 69 68 27 1 6 46 24 3 17 
#52 59 18 55 15 9 69 68 69 1 42 31 45 24 10 
#24 59 16 55 1 34 69 68 69 33 42 36 24 8 15 
#49 59 16 47 14 34 69 68 69 33 73 36 24 55 17 
#58 8 18 47 1 65 69 68 69 28 73 46 45 18 48 
#24 55 16 47 15 65 69 35 69 10 31 46 45 55 48 
#24 59 31 42 15 65 69 68 64 4 73 46 0 3 40 
#58 8 27 6 11 65 69 68 64 10 73 20 0 55 48 
#58 59 36 42 11 65 69 8 64 10 73 46 0 3 48 
#24 59 36 42 11 65 69 55 64 10 73 46 0 46 40 
#24 55 20 42 15 34 39 55 69 5 73 46 0 3 40 
#32 59 27 13 36 65 69 68 27 1 39 34 45 18 3 
#49 55 14 6 26 65 1 68 27 33 73 34 24 3 10 
#58 59 14 6 21 65 69 17 69 33 73 20 24 55 10 
#58 8 16 47 21 65 69 17 69 33 73 20 1 3 17 
#58 59 36 13 15 65 69 25 23 10 31 36 1 55 40 
#24 59 16 42 11 9 11 29 64 57 42 20 45 6 10 
#0 59 33 13 26 9 11 68 69 10 42 36 0 55 40 
#58 59 33 42 14 65 69 29 69 10 39 20 1 6 48 
#26 55 39 42 36 65 69 29 69 28 73 20 1 6 3 
#26 55 36 42 14 65 69 25 69 28 73 36 0 46 48 
#32 55 34 16 36 65 39 41 69 4 73 53 0 3 17 
#24 59 16 9 14 65 69 29 21 57 42 12 24 6 48 
#24 30 27 9 49 65 69 17 69 10 73 46 30 6 25 
#32 59 36 6 15 65 39 29 69 4 73 46 46 6 40 
#24 30 27 42 1 19 69 29 69 35 42 46 45 8 44 
#32 12 27 42 36 65 69 25 27 1 31 20 24 55 15 
#32 59 16 16 36 9 39 41 69 4 73 53 5 3 17 
#58 59 18 55 15 9 39 41 69 35 42 12 45 46 44 
#24 30 16 9 1 34 69 25 69 4 31 46 24 6 48 
#24 8 36 6 14 65 69 68 69 10 73 36 24 18 17 
#58 8 36 42 1 65 69 17 69 10 73 46 45 3 48 
#24 55 27 47 11 65 32 68 27 1 39 46 30 55 17 
#52 59 31 42 26 65 39 8 69 1 73 46 5 24 10 
#58 8 18 55 1 65 69 41 64 4 73 20 45 55 15 
#24 59 36 9 11 34 69 68 64 33 73 36 0 3 15 
#49 59 18 47 14 65 69 68 64 10 73 46 24 18 17 
#58 8 36 42 11 65 69 41 69 35 31 46 45 6 40 
#24 55 16 13 15 34 39 35 69 5 39 53 30 55 25 
#32 59 27 13 15 9 69 25 69 4 39 46 0 55 3 
#58 8 14 39 1 65 69 68 27 1 73 34 24 55 34 
#26 59 36 6 26 65 69 8 64 33 73 46 24 3 10 
#58 59 36 47 14 65 69 68 64 10 39 46 30 46 48 
#58 59 39 42 14 65 69 68 64 4 73 46 0 3 48 
#58 59 36 13 15 34 69 25 23 5 73 53 24 55 40 
#24 59 27 6 11 65 69 29 69 28 39 20 24 24 10 
#52 59 14 42 26 65 11 68 27 1 42 46 0 6 34 
#26 59 14 13 49 9 69 68 69 33 73 36 0 55 10 
#58 59 16 47 21 65 69 17 69 33 73 20 30 6 48 
#58 8 39 42 36 65 69 25 69 28 31 46 0 3 48 
#24 59 36 13 14 40 69 25 23 10 73 36 0 55 48 
44 30 28 16 10 50 
32 42 53 3 56 27 
8 49 7 18 45 37 
17 6 12 51 52 14 
11 22 15 13 57 40 
39 58 46 29 43 33 
#Base: 927
#Max: 699
#754045
#Turn 8
#32 59 36 16 11 65 69 41 64 33 73 53 0 3 15 
#26 55 34 16 36 65 39 29 69 4 73 53 0 6 17 
#58 55 27 6 36 65 69 29 69 28 73 20 0 6 48 
#58 59 18 55 11 9 69 68 69 10 42 31 45 24 10 
#52 59 36 6 15 9 69 68 64 33 42 46 24 24 10 
#24 59 31 9 26 65 39 8 69 1 73 46 5 6 10 
#52 59 31 13 15 65 69 8 23 5 73 53 24 55 40 
#32 59 36 42 15 34 69 25 23 4 73 46 24 55 40 
#32 59 14 42 15 9 69 68 69 4 73 36 0 8 44 
#58 59 33 42 14 9 69 29 69 33 73 20 0 6 10 
#24 59 14 42 11 65 69 68 69 10 73 46 24 46 34 
#58 59 27 39 1 65 69 68 27 1 73 34 24 46 40 
#58 59 27 42 14 65 69 55 69 10 73 46 0 46 40 
#49 59 18 42 11 65 69 68 64 10 73 46 0 18 40 
#49 59 18 47 14 9 69 41 69 10 42 46 45 46 44 
#58 59 34 42 11 65 39 29 69 10 73 46 24 3 48 
#58 30 34 47 14 65 69 29 69 33 31 36 24 55 17 
#58 59 16 47 14 34 69 68 69 10 73 36 30 46 17 
#58 59 39 42 14 65 69 68 64 10 39 46 0 3 48 
#58 59 16 47 14 65 69 35 64 10 31 46 0 55 48 
#24 59 16 55 21 34 69 68 69 33 73 36 24 8 10 
#24 59 31 6 21 65 69 68 69 33 73 46 24 55 10 
#58 59 18 42 15 65 69 68 69 28 73 46 45 18 48 
#58 8 16 47 1 65 69 17 69 28 73 20 45 6 48 
#58 8 16 47 1 65 69 17 69 10 73 46 30 3 48 
#58 8 39 42 36 65 69 25 69 28 73 36 24 3 48 
#58 8 39 42 11 65 69 41 69 28 31 46 45 3 48 
#26 8 36 42 14 65 69 41 69 28 31 36 0 6 40 
#26 8 36 42 1 65 69 41 69 4 73 36 45 46 15 
#58 8 18 55 1 65 69 41 64 4 73 20 45 55 40 
#24 30 27 9 49 34 69 68 64 10 73 36 30 6 15 
#32 55 31 16 26 65 39 41 69 4 73 46 5 3 17 
#26 55 39 42 15 65 69 25 69 28 73 53 24 6 3 
#58 55 27 42 15 34 69 68 69 4 73 46 46 8 48 
#26 59 18 55 49 9 69 68 69 1 73 36 45 55 10 
#26 59 33 42 14 65 69 8 69 10 73 46 1 6 10 
#24 59 27 9 49 65 69 17 69 10 73 46 30 46 17 
#58 59 14 39 1 65 69 68 27 1 73 46 5 55 10 
#58 59 36 13 15 34 69 29 23 10 73 53 24 55 40 
#24 55 36 42 11 65 69 55 64 10 73 46 46 8 44 
#26 59 18 13 14 65 69 68 64 10 73 46 24 18 17 
#58 59 33 55 14 9 39 29 69 35 42 12 1 46 48 
#24 59 36 42 11 34 69 8 69 10 73 46 0 3 17 
#58 8 14 39 1 65 69 68 69 57 31 34 24 46 50 
#49 59 27 47 14 34 69 68 69 10 73 36 24 46 40 
#58 59 36 42 14 65 69 68 64 10 39 46 0 46 40 
#58 59 39 47 14 65 69 68 64 4 73 46 0 18 17 
#24 55 18 55 15 9 69 41 69 35 42 12 45 46 44 
#24 59 36 42 1 65 69 68 64 10 42 46 24 8 15 
#58 30 34 6 21 65 39 29 69 57 31 20 24 55 50 
#49 59 16 47 14 65 69 68 64 33 73 36 24 55 17 
#58 8 18 47 1 65 69 68 64 28 73 46 45 46 48 
#58 59 16 42 14 65 69 68 69 33 73 20 0 6 48 
#24 55 16 42 1 65 69 35 69 10 73 46 45 3 48 
#24 8 36 55 1 34 69 68 69 33 73 36 24 8 15 
#58 59 39 6 21 65 69 25 69 28 73 46 0 55 48 
#24 8 31 42 11 65 69 68 64 35 31 46 45 3 40 
#26 8 18 47 1 65 69 25 69 28 73 36 0 18 48 
#58 8 18 55 21 65 69 17 64 33 73 20 45 55 15 
#32 59 36 6 15 65 39 29 69 10 73 46 45 6 48 
6 2 36 18 16 38 
37 20 58 55 25 26 
53 19 45 44 33 29 
46 10 12 22 51 17 
32 11 34 50 21 43 
49 15 13 39 52 14 
#Base: 927
#Max: 721
#777778
#Turn 9
#58 59 31 6 15 65 69 29 69 28 73 53 24 55 40 
#58 59 27 9 49 65 69 29 69 28 73 46 30 6 17 
#58 59 27 9 49 65 69 68 64 10 73 46 30 3 17 
#58 59 39 42 14 65 69 68 69 33 31 46 0 55 17 
#58 30 34 13 14 34 69 29 23 10 31 36 24 55 40 
#24 59 14 55 21 34 69 68 69 33 73 36 5 55 10 
#24 8 16 55 21 65 69 17 64 33 73 36 24 8 10 
#58 8 39 55 21 65 69 17 69 33 73 20 0 55 48 
#58 8 39 6 21 65 69 25 69 28 73 46 0 55 48 
#58 8 39 42 36 65 69 41 69 28 73 46 24 3 48 
#58 55 16 42 1 65 69 35 69 10 73 46 0 3 48 
#58 59 36 47 14 65 69 68 64 10 39 46 0 55 40 
#58 59 27 42 14 34 69 68 69 10 39 46 24 46 40 
#58 55 27 42 15 34 69 68 69 4 73 36 46 46 40 
#58 8 18 55 1 34 69 41 69 4 73 20 45 55 40 
#58 59 14 42 14 65 69 68 69 10 73 46 0 18 34 
#24 59 27 42 11 65 69 55 69 10 73 46 0 46 40 
#58 59 27 42 15 65 69 68 69 10 73 46 0 18 40 
#58 59 18 47 15 65 69 68 69 28 73 46 45 46 48 
#58 59 16 47 1 34 69 68 64 28 73 36 45 46 17 
#26 59 27 42 1 65 69 68 27 28 73 34 24 6 40 
#58 59 18 55 49 9 69 68 69 1 73 36 24 46 40 
#26 59 18 47 14 9 69 68 69 1 73 36 45 55 10 
#49 59 31 47 14 65 69 68 64 33 73 46 24 55 10 
#24 8 14 6 1 65 69 68 69 33 73 34 24 55 50 
#58 30 34 6 11 65 39 29 69 57 73 46 24 3 50 
#49 59 18 42 11 65 69 68 69 10 73 46 0 18 40 
#49 59 36 42 11 65 69 68 64 10 73 46 46 18 44 
#58 55 36 42 11 65 69 55 64 10 73 46 46 6 44 
#49 59 16 47 14 65 69 68 69 10 42 20 0 46 48 
#58 59 14 39 15 65 69 68 27 5 73 53 24 55 40 
#58 55 16 6 36 34 69 68 69 28 73 20 0 8 48 
#24 59 27 55 21 65 69 17 64 33 73 46 45 55 17 
#58 59 39 6 21 65 69 25 64 28 39 46 0 55 48 
#58 30 39 47 14 65 69 25 69 28 73 36 24 55 48 
#58 8 39 42 11 65 69 41 69 10 73 53 24 3 48 
#24 55 14 42 1 65 69 68 69 1 73 46 5 55 48 
#24 59 16 47 21 65 69 35 69 33 31 46 24 55 10 
#58 59 18 42 21 65 69 68 64 10 39 20 0 55 40 
#58 59 39 47 14 65 69 68 69 10 73 46 24 55 40 
#58 55 39 42 15 65 69 68 69 4 73 46 24 8 48 
#58 8 39 55 1 65 69 41 69 4 73 20 45 3 48 
#24 55 39 42 14 65 69 35 64 4 73 46 0 18 17 
#58 59 16 42 11 65 69 35 64 10 73 46 24 46 48 
#58 59 36 42 14 65 69 55 64 10 39 46 0 46 40 
#49 59 27 42 15 65 69 68 69 28 73 46 24 18 40 
#58 8 18 47 15 65 69 68 69 4 73 46 45 46 48 
#58 8 18 47 1 65 69 41 69 10 73 36 45 46 17 
#58 55 39 47 14 65 69 25 64 28 73 53 0 18 17 
#58 59 14 39 1 65 69 68 27 10 73 46 24 46 34 
#58 59 27 55 14 9 69 55 69 10 73 46 45 46 40 
#49 59 16 42 15 65 69 68 69 33 73 46 24 55 17 
#24 8 31 6 1 65 69 68 69 33 73 46 24 55 10 
#58 59 14 47 1 65 69 68 69 10 73 36 30 46 17 
#26 30 39 6 21 65 69 29 69 28 73 53 24 6 50 
#58 59 27 42 1 65 39 68 27 10 73 34 24 46 40 
#49 59 18 55 49 65 69 68 64 1 73 36 45 55 40 
#49 59 16 47 14 65 69 68 64 33 73 36 24 8 44 
#58 59 31 6 14 65 69 68 69 33 73 20 24 55 48 
#58 59 18 39 14 9 69 68 69 10 42 34 45 46 50 
5 15 9 21 53 49 
16 1 3 45 11 44 
2 30 58 51 27 19 
50 34 23 18 39 40 
59 43 32 56 13 46 
26 12 57 28 0 17 
#Base: 927
#Max: 754
#813376
#58 59 14 42 14 65 69 68 69 33 73 36 0 18 10 
#58 8 14 42 14 65 69 68 69 28 73 46 0 18 34 
#58 8 18 55 49 9 69 41 69 28 73 46 24 3 48 
#58 59 14 47 1 9 69 68 69 10 73 36 30 46 17 
#58 59 14 47 1 65 69 68 27 10 73 46 24 46 17 
#24 59 27 42 11 65 69 55 69 10 73 46 0 6 40 
#58 59 39 42 14 65 69 29 69 28 31 46 0 55 17 
#49 59 39 42 14 65 69 68 69 33 73 46 24 18 17 
#58 59 36 47 15 65 69 68 64 28 73 46 24 55 40 
#58 59 36 47 14 65 69 55 64 10 39 46 0 46 40 
#58 59 14 9 49 65 69 68 27 10 73 46 24 3 17 
#58 59 14 39 14 65 69 68 27 33 73 53 24 55 48 
#58 59 16 42 14 65 69 68 69 33 73 46 24 55 17 
#49 59 16 42 11 65 69 68 69 10 73 46 24 18 44 
#58 59 16 42 1 34 69 68 64 28 73 46 46 18 44 
#58 59 27 47 14 9 69 55 69 28 73 36 45 46 40 
#58 59 31 47 14 65 69 25 69 33 73 46 24 55 48 
#58 59 31 47 14 65 69 68 69 33 73 46 24 46 48 
#58 59 18 47 15 65 69 68 69 10 73 46 45 55 48 
#58 59 39 47 14 65 69 68 69 10 73 46 24 8 48 
#58 59 18 39 14 9 69 35 69 10 73 34 24 46 48 
#58 59 16 55 11 65 69 17 64 33 73 46 24 46 17 
#49 59 27 55 21 65 69 17 64 33 73 36 45 55 40 
#49 59 18 55 49 65 69 68 64 4 73 36 46 55 40 
#58 55 27 47 15 65 69 68 69 4 73 46 45 46 40 
#58 59 18 42 11 65 69 68 69 10 73 46 24 46 40 
#58 59 27 47 14 34 69 68 64 10 39 46 24 8 40 
#49 55 36 47 14 65 69 68 64 10 73 36 24 6 44 
#58 59 31 6 15 65 69 55 64 28 73 46 24 55 40 
#58 59 31 6 15 65 69 29 69 10 73 46 24 55 40 
#24 59 27 42 11 34 69 55 69 10 73 46 0 55 40 
#58 59 27 9 49 65 69 68 69 10 73 46 0 18 34 
#58 59 39 42 14 65 69 68 69 33 73 46 24 55 17 
#58 59 18 42 49 65 69 68 69 1 73 36 24 18 40 
#58 59 36 47 14 65 69 68 64 10 39 36 0 55 40 
#58 59 14 39 1 65 69 55 64 10 39 46 0 46 40 
#24 59 27 42 11 65 69 55 64 10 73 46 30 46 17 
#58 59 14 39 49 65 69 29 27 5 73 53 30 55 40 
#58 59 31 6 14 65 69 68 69 33 31 20 24 55 17 
#49 59 27 42 15 65 69 68 69 33 73 46 24 55 17 
#49 59 36 42 14 65 69 68 64 10 39 46 46 18 40 
#58 59 16 42 1 34 69 68 64 28 39 46 45 46 40 
#58 59 27 55 49 9 69 55 69 10 73 46 45 3 40 
#58 30 39 39 15 65 69 68 27 5 73 53 24 55 40 
#49 59 31 6 14 65 69 68 64 33 73 46 24 55 48 
#58 59 16 47 15 65 69 68 69 33 73 46 24 55 17 
#49 59 36 47 14 65 69 68 69 10 73 46 24 18 40 
#58 55 16 42 15 65 69 68 64 28 73 36 24 8 17 
#58 59 27 39 14 9 69 68 69 10 42 46 45 46 40 
#58 59 39 42 11 65 69 25 69 10 73 46 24 46 48 
#24 59 31 47 21 65 69 68 64 33 73 46 24 55 17 
#58 59 18 55 49 65 69 68 69 28 73 46 45 46 40 
#58 55 27 47 14 65 69 68 69 4 73 46 24 46 40 
#58 55 18 47 15 65 69 68 69 4 73 46 45 46 48 
#49 59 18 42 14 9 69 68 69 10 73 34 0 46 40 
#58 59 16 42 14 34 69 68 64 10 73 46 24 46 48 
#24 59 16 55 14 65 69 17 64 33 73 36 24 55 44 
#58 59 36 55 11 65 69 68 64 1 73 36 46 6 40 
#58 59 31 42 15 65 69 29 69 4 73 36 24 55 40 
#58 8 18 47 15 65 69 68 69 10 73 46 45 46 48 
#Base: 927
#Max: 788
#850054
