#[0] 3, 3
#[1] 4, 3
#[2] 3, 4
#[3] 3, 2
#[4] 2, 3
#[5] 2, 4
#[6] 1, 3
#[7] 2, 2
#[8] 3, 1
#[9] 4, 4
#[10] 5, 3
#[11] 3, 5
#[12] 4, 2
#[13] 3, 0
#[14] 5, 4
#[15] 4, 5
#[16] 5, 2
#[17] 4, 1
#[18] 0, 3
#[19] 1, 4
#[20] 2, 1
#[21] 1, 2
#[22] 2, 5
#[23] 0, 4
#[24] 5, 1
#[25] 0, 2
#[26] 5, 5
#[27] 1, 5
#[28] 2, 0
#[29] 1, 1
#[30] 4, 0
#[31] 0, 5
#[32] 1, 0
#[33] 0, 1
#[34] 5, 0
#[35] 0, 0
#Turn 0
46 54 27 8 42 17 
2 50 4 26 37 30 
53 15 22 19 51 3 
49 14 23 36 5 47 
48 56 16 57 41 35 
52 13 25 11 39 18 
#Base: 932
#Max: 353
#378755
#Turn 1
#22 38 26 22 23 37 15 10 36 37 49 9 46 3 38 
#8 38 26 11 24 37 3 2 14 18 30 30 12 12 50 
#42 14 37 11 24 38 3 27 27 11 30 23 50 15 50 
#42 43 4 19 23 47 3 13 2 20 1 12 13 52 25 
#50 27 31 6 34 47 3 13 25 20 32 12 17 0 24 
#36 54 35 22 3 9 1 24 28 22 17 35 23 5 29 
#19 54 18 1 3 35 7 24 41 44 8 28 10 8 29 
#8 37 9 1 10 25 43 14 41 44 8 3 12 8 21 
#1 40 9 27 19 0 43 14 2 15 7 22 28 2 21 
#1 4 11 50 28 0 33 62 19 1 12 18 28 16 21 
#8 4 31 32 53 29 23 2 24 16 19 22 5 59 19 
#17 19 36 14 29 1 28 2 17 1 19 8 5 59 21 
#2 19 11 14 43 1 28 11 11 2 18 66 12 26 8 
#2 6 30 22 47 40 14 25 1 63 4 66 2 16 8 
#16 23 30 12 10 40 20 41 1 63 21 3 2 5 17 
#19 14 17 20 14 14 24 22 17 8 1 5 27 11 5 
#9 17 18 0 3 26 24 22 10 7 9 33 27 11 17 
#7 17 20 0 3 26 22 2 10 14 82 7 11 19 7 
#7 39 2 5 12 9 70 2 29 3 82 7 44 10 10 
#28 39 9 14 12 20 70 20 13 3 20 24 44 10 25 
#2 13 19 29 21 22 9 20 13 54 3 20 40 11 46 
#30 4 10 4 41 22 21 11 48 54 29 7 3 5 53 
#4 7 2 2 5 11 15 38 48 18 39 75 3 8 19 
#35 7 2 11 2 5 15 27 29 16 18 75 33 13 19 
#35 5 43 5 2 48 6 27 11 16 18 11 7 13 9 
#30 47 6 9 12 37 4 44 21 29 25 30 13 18 55 
#26 21 3 8 19 11 51 0 17 3 25 21 5 18 55 
#10 24 3 13 19 11 51 22 34 28 10 5 4 7 22 
#10 24 40 13 63 40 9 18 34 28 6 4 17 7 22 
#12 21 11 6 47 51 11 18 10 1 1 14 38 1 11 
#22 31 35 22 12 9 15 1 36 37 4 35 23 1 3 
#8 38 26 42 3 23 1 24 28 20 17 28 11 5 29 
#36 14 37 11 24 38 7 23 14 44 8 30 10 12 50 
#42 37 9 10 23 3 14 27 27 15 1 23 12 15 25 
#41 40 10 19 34 47 33 13 2 16 12 18 28 52 21 
#50 4 31 50 28 37 40 27 25 1 49 20 17 0 24 
#8 31 35 32 53 9 23 10 6 41 5 35 16 1 3 
#19 4 28 42 12 29 1 24 4 1 19 28 5 59 29 
#24 54 18 1 10 35 28 23 17 4 8 8 12 26 21 
#2 15 9 22 43 25 43 25 2 2 18 66 12 2 8 
#1 40 19 12 47 40 14 7 1 16 4 18 2 16 21 
#1 4 13 43 10 25 20 27 56 1 49 19 28 5 19 
#19 55 17 20 53 5 23 17 17 16 5 10 26 28 41 
#24 4 28 30 14 65 41 2 4 7 1 5 27 59 5 
#12 17 36 0 29 1 6 11 10 14 68 8 11 39 21 
#2 15 2 22 10 9 22 25 11 31 18 7 6 7 8 
#16 39 26 12 12 40 14 7 1 3 4 3 2 16 17 
#9 51 13 14 10 20 24 20 2 32 20 24 29 10 25 
#19 55 51 29 0 14 22 2 17 8 44 20 15 11 5 
#30 9 18 44 14 22 24 11 13 7 22 5 40 5 30 
#9 17 20 2 41 26 6 38 48 14 9 7 11 8 17 
#7 7 2 8 5 9 15 2 11 18 39 7 33 19 7 
#35 39 43 5 2 5 10 2 29 3 18 11 63 10 10 
#28 5 9 5 39 20 24 46 11 32 15 5 7 5 28 
#30 13 51 9 14 2 22 20 47 5 3 30 15 11 36 
#7 9 19 4 21 22 19 11 21 29 22 21 40 5 55 
#26 21 10 20 41 11 51 0 17 13 29 7 3 36 23 
#10 24 8 7 63 40 15 22 34 28 39 75 4 7 22 
#12 17 40 6 2 20 10 27 29 1 6 11 17 13 9 
#16 5 11 5 39 48 11 18 10 4 1 5 38 5 11 
1 54 32 9 48 20 
36 37 3 21 52 12 
4 41 19 43 35 44 
34 0 22 18 13 23 
5 42 25 57 2 39 
26 14 28 17 10 6 
#Base: 932
#Max: 411
#440987
#Turn 2
#8 38 26 11 14 2 22 20 47 18 3 30 12 12 36 
#30 14 51 11 24 2 22 23 14 5 3 30 10 12 50 
#36 4 37 50 24 0 33 23 14 44 12 30 10 16 50 
#1 55 51 50 0 0 33 62 19 8 44 20 15 11 21 
#2 55 19 29 0 22 22 20 17 54 44 20 40 11 5 
#19 4 28 32 53 9 1 24 6 1 5 35 5 1 29 
#19 43 4 42 23 29 1 13 2 1 19 12 13 52 29 
#30 4 4 4 41 47 21 13 2 54 29 12 13 5 53 
#30 39 43 5 2 5 21 2 29 54 18 7 63 5 53 
#2 19 43 5 43 5 10 11 29 2 18 66 12 26 8 
#50 4 13 6 34 25 3 13 56 20 49 12 28 0 19 
#1 4 9 43 10 20 20 27 56 3 49 19 44 5 19 
#28 39 28 14 14 20 41 2 13 7 1 24 44 59 5 
#50 4 31 30 28 65 40 27 4 7 1 5 27 59 24 
#50 4 36 50 28 1 6 11 25 1 49 8 11 39 21 
#41 40 10 22 34 37 33 13 2 37 12 18 28 3 21 
#4 38 26 2 5 37 15 38 48 37 49 9 46 8 38 
#4 39 2 2 12 11 15 2 48 18 82 7 3 8 19 
#7 6 30 22 47 40 14 25 1 3 82 66 44 16 10 
#2 6 2 11 47 5 14 25 1 16 18 66 33 16 8 
#19 54 35 20 53 9 23 24 28 22 17 10 23 5 41 
#30 47 17 20 53 37 4 17 21 29 25 30 26 18 41 
#30 24 8 9 63 37 15 44 21 28 25 75 4 18 55 
#42 14 8 11 63 38 3 27 34 11 39 23 4 7 22 
#2 15 9 22 43 25 43 27 2 11 30 66 12 2 50 
#16 21 30 12 19 11 51 0 17 63 21 3 2 18 55 
#10 24 30 13 63 40 9 41 34 63 21 3 2 7 17 
#7 24 20 13 3 26 22 2 34 14 82 4 11 7 7 
#7 17 31 32 53 26 23 2 10 16 82 7 5 19 19 
#19 54 18 1 3 35 23 2 41 16 8 28 5 59 29 
#8 31 35 32 24 37 23 2 14 41 30 30 16 1 50 
#19 4 51 9 12 29 1 24 47 5 3 30 5 59 29 
#42 14 37 11 24 38 7 23 2 44 1 12 13 12 50 
#30 4 11 50 28 22 21 11 19 54 29 7 3 16 53 
#35 39 51 5 2 5 10 2 29 8 44 20 63 11 10 
#2 19 19 14 21 22 9 20 11 2 18 20 12 11 46 
#8 31 35 32 53 47 3 10 25 41 5 12 16 0 24 
#19 4 28 42 12 25 20 27 56 1 19 28 5 59 19 
#42 39 9 14 23 47 70 13 2 20 20 24 13 52 25 
#24 4 10 30 41 22 41 11 4 7 29 5 27 59 53 
#35 4 31 5 2 5 10 27 29 3 49 11 63 10 24 
#2 17 36 0 29 1 28 11 11 14 68 8 11 39 8 
#50 40 10 6 34 47 33 13 25 20 12 12 17 0 24 
#22 38 26 22 23 37 15 27 56 37 49 9 46 5 38 
#28 39 9 14 5 20 15 38 48 18 20 24 3 8 25 
#7 4 28 5 14 65 70 2 29 7 1 7 27 10 5 
#2 6 31 22 28 37 14 27 1 1 49 20 17 0 8 
#12 7 36 11 2 1 15 11 29 14 18 8 11 13 21 
#36 40 10 22 3 9 33 24 2 16 17 35 28 5 21 
#19 38 26 20 53 5 15 17 36 16 5 10 46 3 41 
#30 47 2 9 5 11 15 44 48 18 39 30 3 18 19 
#10 24 2 7 12 9 15 2 34 3 82 75 4 10 10 
#42 6 37 11 47 40 3 25 27 63 30 23 50 16 50 
#2 15 9 11 2 5 43 25 29 16 18 66 33 13 19 
#26 54 35 8 3 11 51 24 28 22 25 21 5 5 55 
#19 23 30 12 53 40 23 41 1 63 21 10 2 5 17 
#30 47 6 9 12 37 9 18 34 29 6 30 17 18 55 
#7 24 20 7 3 26 22 22 34 28 82 7 4 19 22 
#8 4 37 11 24 29 3 27 24 11 19 22 5 15 19 
#19 54 9 22 3 25 43 24 41 44 18 28 10 8 29 
11 59 29 39 21 20 
23 14 37 38 25 33 
27 34 8 3 13 2 
17 43 51 18 52 16 
31 54 24 22 28 57 
10 4 55 26 45 7 
#Base: 932
#Max: 470
#504292
#Turn 3
#1 4 9 43 10 25 43 27 41 3 18 28 44 8 29 
#19 54 18 22 3 35 43 2 41 44 18 28 5 8 29 
#24 4 10 1 41 35 41 11 4 7 8 28 5 59 53 
#24 4 10 20 41 22 4 11 4 29 25 5 26 59 53 
#19 54 17 20 53 37 4 17 28 22 17 10 23 5 41 
#50 14 8 50 28 38 3 11 34 1 39 23 4 7 22 
#50 4 36 50 12 25 20 11 56 1 49 28 5 59 21 
#19 39 28 14 12 25 20 13 2 1 19 24 13 59 25 
#42 39 30 12 19 47 51 0 17 63 20 24 2 18 55 
#30 21 11 50 28 11 21 11 19 54 29 7 3 18 55 
#7 39 20 13 3 5 10 2 34 14 44 4 11 7 7 
#35 39 51 5 2 5 10 2 29 54 44 7 63 5 10 
#30 39 51 50 2 5 21 2 29 54 44 20 63 11 53 
#1 55 31 30 0 65 33 62 4 8 1 20 15 11 21 
#50 4 31 50 28 65 40 27 4 7 1 30 10 16 50 
#22 39 2 22 12 11 15 27 56 37 49 7 3 5 38 
#22 24 26 7 12 37 15 2 56 37 82 9 4 5 10 
#7 6 30 22 47 9 15 25 34 3 82 75 44 10 10 
#7 6 37 22 47 40 14 25 27 3 82 66 50 16 50 
#42 6 26 11 5 37 3 38 27 63 30 9 50 16 38 
#19 4 51 8 12 29 51 24 47 5 25 30 5 5 55 
#2 54 35 8 3 25 43 27 2 11 25 21 12 2 55 
#2 15 9 9 63 25 15 27 2 11 25 75 4 18 55 
#30 24 31 9 63 26 15 2 21 28 25 75 4 19 55 
#7 17 31 32 53 26 22 22 34 28 82 7 4 19 19 
#2 55 13 6 34 25 3 13 56 20 44 12 40 0 19 
#2 55 19 29 53 40 23 41 17 63 21 20 40 11 17 
#10 23 30 13 63 40 9 41 1 63 21 3 2 7 17 
#10 24 30 5 14 65 9 2 34 7 1 3 2 7 5 
#30 4 28 5 41 47 70 13 29 54 1 12 13 5 5 
#1 4 8 43 10 20 3 27 34 3 49 23 4 7 19 
#50 54 9 50 28 25 43 24 25 44 49 28 10 8 21 
#19 54 18 1 12 35 20 2 41 1 19 28 5 59 29 
#42 4 9 14 23 22 41 13 2 7 29 5 27 59 25 
#30 47 17 12 19 37 4 17 21 29 21 30 2 18 41 
#30 4 11 50 28 9 21 24 19 54 17 10 23 5 41 
#42 14 8 13 3 26 3 27 34 11 82 4 11 7 7 
#35 39 36 5 28 1 10 2 25 8 49 20 11 11 10 
#30 4 43 42 12 25 20 27 29 54 18 7 5 5 19 
#1 39 9 14 23 47 70 62 2 8 20 20 13 52 21 
#16 21 30 12 19 65 40 27 4 63 1 5 2 18 55 
#36 4 11 50 28 22 33 23 14 44 12 7 3 16 50 
#4 24 2 2 12 26 22 2 34 14 82 4 11 7 7 
#35 38 26 22 23 5 15 2 29 8 44 9 63 11 38 
#30 39 43 7 2 9 21 2 34 54 82 7 63 10 53 
#1 55 30 50 0 40 33 62 1 8 82 66 44 11 21 
#42 4 31 11 47 65 3 25 27 63 1 5 50 59 50 
#36 38 37 50 24 37 33 23 48 37 12 9 10 8 38 
#4 4 51 2 12 29 15 24 48 18 82 30 3 8 19 
#22 54 35 8 23 37 51 27 56 37 25 9 46 5 55 
#2 15 9 7 12 9 43 2 34 11 30 66 12 10 50 
#7 24 8 22 47 40 14 25 1 28 25 66 4 18 55 
#7 17 37 32 53 40 3 25 27 16 30 7 5 16 19 
#7 38 20 2 5 37 22 22 34 28 49 9 46 19 38 
#50 4 13 6 12 29 1 13 56 20 3 12 28 59 29 
#2 54 19 8 3 11 22 24 28 54 25 21 40 5 55 
#19 15 30 22 43 40 23 41 2 63 30 66 2 2 50 
#30 24 8 9 63 37 9 44 21 63 21 3 2 7 55 
#7 4 28 5 53 65 70 2 29 16 82 7 5 19 19 
#30 4 4 7 41 26 21 13 2 54 82 7 4 19 53 
25 9 19 24 16 55 
43 27 48 12 22 47 
51 40 49 58 17 13 
26 56 44 45 46 6 
20 14 39 18 23 59 
54 11 57 8 31 29 
#Base: 932
#Max: 504
#540773
#Turn 4
#30 21 11 50 28 25 3 13 19 54 44 12 3 18 55 
#42 6 26 50 28 37 3 38 19 63 30 9 3 16 55 
#7 6 31 32 53 37 3 22 34 63 82 9 50 19 19 
#22 24 26 7 12 37 15 22 56 37 82 9 4 5 10 
#2 24 26 7 12 37 15 2 56 54 25 21 4 5 10 
#35 23 30 13 63 40 15 41 29 63 44 9 63 11 38 
#10 4 30 13 12 29 15 24 48 18 21 30 2 7 17 
#4 39 51 2 12 29 15 24 48 54 82 30 3 8 53 
#2 39 9 9 2 25 21 2 29 54 44 20 4 11 53 
#36 38 9 9 63 37 15 27 2 11 25 75 4 8 55 
#16 21 8 22 19 65 14 27 1 28 1 66 4 18 55 
#22 21 35 12 19 65 40 27 56 63 1 5 2 18 55 
#7 4 35 5 23 65 51 2 56 37 25 7 46 19 55 
#7 4 28 5 47 9 70 25 29 3 82 75 5 19 19 
#7 55 30 30 0 9 15 62 4 8 1 20 44 10 10 
#19 15 30 22 43 40 23 41 17 63 30 20 40 11 17 
#30 39 30 22 43 40 23 41 34 54 82 7 63 2 53 
#1 39 43 7 2 40 21 2 34 8 82 7 44 10 53 
#1 4 30 11 47 65 3 25 1 63 1 66 50 11 21 
#50 4 36 11 47 25 3 25 56 1 1 5 50 59 21 
#19 4 51 8 28 29 51 27 47 7 1 30 10 16 55 
#1 39 9 14 23 65 70 27 2 8 20 20 13 16 50 
#7 39 9 22 23 40 70 25 2 8 20 20 13 52 21 
#7 24 37 9 63 26 14 2 21 3 25 75 4 19 50 
#30 24 31 9 63 26 21 2 21 54 25 75 4 19 53 
#35 4 51 5 12 5 10 13 56 54 44 7 63 5 10 
#30 24 51 9 63 37 9 44 21 63 21 3 63 7 55 
#30 39 8 12 63 47 9 44 17 63 21 3 2 18 55 
#42 39 30 12 19 25 51 24 17 44 20 24 2 18 55 
#50 54 28 50 41 47 70 13 25 44 49 28 13 8 21 
#2 38 13 22 34 25 3 2 29 20 44 9 40 0 19 
#30 21 30 50 28 40 9 11 1 54 21 3 2 7 17 
#4 4 51 2 5 29 3 38 27 18 30 9 50 8 38 
#30 17 51 50 53 5 21 22 29 28 44 20 4 19 53 
#22 15 9 9 12 25 15 27 2 11 82 75 4 5 55 
#2 54 19 8 24 11 33 24 48 37 25 21 10 5 38 
#35 24 26 22 47 40 14 25 1 8 44 66 4 11 38 
#16 21 30 13 63 40 9 41 1 63 21 5 2 18 17 
#4 54 35 8 12 37 51 24 48 37 25 9 46 8 19 
#30 39 28 5 53 5 70 2 29 54 82 7 63 11 19 
#2 6 30 9 47 9 15 27 2 3 25 75 4 18 10 
#36 38 37 30 0 65 33 23 4 37 1 9 15 8 21 
#7 55 8 22 53 40 23 41 17 63 25 20 4 18 55 
#19 15 30 22 19 40 40 41 4 63 30 66 2 2 50 
#22 39 35 7 23 37 51 27 34 54 82 7 63 10 55 
#7 4 30 5 53 65 70 62 1 8 82 7 5 11 19 
#42 6 30 22 47 65 15 25 34 3 1 5 44 10 10 
#50 4 31 30 12 65 20 62 4 8 1 28 5 11 21 
#19 4 19 8 12 40 23 24 17 63 21 30 5 11 55 
#50 4 30 22 28 40 40 41 2 63 30 30 10 16 50 
#1 39 43 14 2 47 70 62 34 54 82 20 63 52 53 
#1 55 30 22 47 40 33 25 1 3 82 66 50 16 50 
#42 4 31 11 47 65 3 25 21 28 1 75 50 59 50 
#30 4 36 50 41 25 20 11 2 1 49 28 5 19 53 
#19 4 13 8 12 29 51 24 47 5 3 30 28 5 29 
#35 39 31 50 2 65 10 27 29 7 1 7 10 5 50 
#30 39 9 14 23 47 70 62 21 63 20 20 2 7 55 
#7 6 30 12 47 40 51 0 27 63 20 24 50 16 55 
#30 54 9 50 28 25 43 24 21 44 49 75 4 8 55 
#30 4 4 7 41 26 21 13 29 54 82 12 13 19 53 
36 21 49 12 9 23 
25 1 42 45 57 59 
33 43 29 39 52 27 
2 58 51 50 44 13 
19 18 56 16 26 24 
38 17 11 5 7 34 
#Base: 932
#Max: 636
#682403
#Turn 5
#1 39 26 22 47 65 70 25 1 8 20 20 13 11 50 
#50 4 30 14 23 65 70 27 2 8 30 20 13 16 50 
#7 4 35 22 23 65 51 2 2 63 25 7 10 16 50 
#36 38 35 5 63 65 51 27 2 37 25 7 4 19 55 
#36 38 9 9 63 26 14 2 21 3 25 75 4 8 50 
#42 6 26 5 28 5 3 13 56 54 30 9 63 5 10 
#42 6 26 50 28 40 3 38 17 63 25 9 4 18 55 
#7 4 8 5 53 40 23 62 1 63 25 7 5 18 55 
#7 4 30 5 47 65 70 62 27 8 20 24 50 16 55 
#30 6 4 7 47 40 51 13 29 54 82 12 13 16 55 
#30 17 51 22 53 40 21 41 29 28 30 20 4 19 53 
#50 54 28 50 41 40 70 13 25 44 49 28 13 2 50 
#30 54 28 50 53 5 70 13 25 54 82 7 63 11 21 
#30 39 28 11 53 65 70 25 29 54 1 75 50 59 19 
#42 39 31 11 47 65 9 25 21 63 1 75 50 18 55 
#7 54 31 50 28 25 43 22 34 63 82 75 50 8 55 
#1 55 30 50 47 40 33 24 1 44 49 75 4 8 55 
#1 39 43 14 47 40 33 62 1 3 82 66 50 52 50 
#22 39 43 14 2 47 51 62 34 54 82 7 63 52 53 
#7 4 28 7 23 37 51 27 29 3 82 75 63 10 55 
#1 4 36 11 47 25 3 25 1 63 1 5 50 59 21 
#1 4 9 11 23 47 70 25 1 63 1 20 2 7 21 
#30 39 30 22 23 40 70 62 21 63 82 20 2 7 53 
#30 24 51 22 63 37 9 41 34 63 21 7 63 2 55 
#30 24 51 9 63 37 9 2 21 54 25 75 63 19 55 
#4 39 43 7 2 37 51 2 48 8 82 9 46 8 53 
#1 39 35 12 2 40 40 2 56 8 82 5 2 18 55 
#22 21 30 13 63 40 15 27 56 63 1 9 2 11 55 
#35 39 51 13 12 40 15 41 29 63 44 30 3 11 38 
#22 39 9 9 12 25 15 24 2 54 82 75 3 5 53 
#35 4 26 5 47 40 10 25 1 8 44 7 63 11 38 
#42 6 26 50 28 65 70 27 2 63 30 20 3 16 55 
#50 4 30 22 53 40 40 41 2 63 25 30 10 16 55 
#7 4 30 5 53 65 51 2 56 37 25 7 5 19 55 
#36 38 30 12 63 40 15 0 27 11 20 75 4 16 55 
#30 4 4 7 63 26 14 13 29 3 25 75 4 19 50 
#30 17 51 5 12 5 21 22 29 54 44 20 4 19 53 
#19 15 26 22 19 40 40 41 19 63 30 66 2 16 55 
#50 54 8 50 41 47 70 13 25 63 25 20 13 18 55 
#7 4 30 5 53 5 70 62 29 8 82 7 5 11 19 
#7 6 31 12 47 40 3 0 27 63 20 24 50 59 50 
#30 4 8 12 63 47 21 44 29 54 21 3 13 19 53 
#7 6 51 32 53 5 3 22 34 28 82 9 50 19 53 
#19 15 30 22 19 25 43 24 21 63 49 75 2 2 55 
#50 55 28 22 47 40 33 13 1 3 49 28 50 8 50 
#30 39 28 5 2 47 70 62 34 54 82 20 63 11 19 
#22 4 31 11 47 65 51 25 34 28 82 7 50 59 55 
#30 4 28 12 47 9 70 25 29 3 82 75 2 18 55 
#7 6 31 32 47 37 3 22 56 1 1 9 50 19 19 
#1 54 30 11 47 25 43 24 21 44 49 66 4 11 21 
#1 55 9 14 47 47 70 25 21 3 20 20 50 16 50 
#1 39 43 22 43 47 23 62 34 54 82 7 63 52 53 
#22 24 35 9 63 37 9 27 21 54 21 3 63 10 55 
#7 4 28 9 47 26 70 2 29 54 82 75 5 19 53 
#50 4 35 11 12 37 51 25 56 1 1 9 50 59 19 
#1 4 43 7 47 65 21 25 34 63 82 66 44 10 21 
#22 39 35 12 23 65 70 27 21 63 20 20 2 7 55 
#30 23 30 22 63 40 23 41 34 54 44 7 63 2 38 
#30 24 51 9 63 37 9 44 21 54 21 3 3 7 55 
#30 15 31 9 12 25 21 2 2 54 82 75 4 19 53 
34 50 25 23 9 44 
37 32 57 12 31 59 
29 8 46 17 45 56 
38 22 13 15 51 53 
43 16 24 18 55 19 
39 42 47 14 11 3 
#Base: 932
#Max: 627
#672747
#Turn 6
#1 38 30 14 63 40 70 0 27 11 20 75 4 16 55 
#1 55 9 14 2 47 51 2 21 3 82 20 46 8 50 
#4 39 43 7 63 37 51 41 34 63 82 7 46 8 55 
#30 24 4 22 47 40 9 41 29 63 21 7 13 2 55 
#50 6 28 7 47 40 33 13 1 3 82 12 50 16 50 
#19 4 26 22 53 40 40 41 2 63 25 30 2 16 55 
#30 4 30 22 53 40 40 41 2 54 25 30 63 2 38 
#30 54 28 50 53 40 70 41 34 54 82 7 63 11 21 
#42 6 26 50 28 5 70 27 25 63 30 20 3 16 55 
#42 6 26 50 12 65 70 2 2 63 30 75 4 19 55 
#7 4 30 5 47 65 15 62 2 8 82 24 3 5 55 
#22 4 31 5 47 65 51 62 34 28 82 24 50 59 55 
#1 4 31 11 47 65 51 25 34 3 82 7 50 59 55 
#30 39 43 5 2 40 70 62 34 54 82 66 50 11 19 
#30 39 35 12 23 47 70 62 34 63 82 20 2 11 19 
#50 54 30 50 23 47 70 13 25 63 82 20 2 7 55 
#30 39 30 22 23 65 70 62 21 54 82 75 2 7 53 
#7 54 28 50 53 65 70 22 29 63 1 75 50 8 19 
#7 54 43 50 43 47 23 62 34 63 82 75 50 8 55 
#1 39 28 9 47 26 70 62 29 54 82 75 5 19 53 
#19 15 30 50 47 25 43 24 21 44 49 75 2 8 55 
#30 24 30 9 47 40 9 24 1 54 25 75 63 8 55 
#22 24 51 9 2 37 9 2 34 54 25 7 63 52 53 
#22 4 43 7 47 47 51 25 34 63 82 7 44 52 21 
#1 4 43 7 47 37 51 27 29 63 82 66 63 10 21 
#7 6 30 32 53 5 70 22 29 28 82 9 5 19 19 
#7 4 51 32 53 9 70 22 29 28 82 9 50 19 53 
#42 39 28 12 47 9 9 25 21 63 82 75 50 18 55 
#42 39 28 50 47 40 70 25 21 63 49 28 13 18 50 
#36 54 35 50 41 65 70 27 25 44 49 28 4 19 55 
#36 15 26 12 19 40 40 41 19 63 30 66 2 16 55 
#1 55 30 14 53 40 70 41 2 63 25 30 10 16 50 
#30 39 43 22 2 37 51 41 48 54 82 9 46 2 38 
#30 24 51 22 63 5 9 13 25 54 82 7 63 2 21 
#42 6 4 7 47 65 51 27 2 63 30 12 3 16 55 
#30 15 28 22 12 40 21 2 1 3 49 28 50 19 50 
#19 39 9 9 12 40 15 24 19 63 30 75 2 5 53 
#50 4 30 5 53 40 70 62 2 63 20 30 50 16 55 
#30 23 30 22 63 65 51 25 34 28 44 7 63 59 55 
#30 39 28 14 47 40 33 13 25 54 82 66 63 11 50 
#30 39 28 50 2 47 70 27 2 54 30 20 3 16 19 
#22 15 31 9 12 25 70 2 21 54 20 20 4 19 55 
#22 39 9 50 12 25 15 13 25 54 82 20 13 18 55 
#7 4 30 22 23 65 70 62 27 63 82 20 2 16 55 
#22 39 28 11 53 65 70 25 34 28 1 7 50 59 19 
#7 54 43 14 28 40 43 62 34 63 82 66 50 8 50 
#30 39 43 22 2 47 70 62 34 54 82 7 63 11 19 
#7 39 35 9 23 26 70 2 21 54 20 20 5 7 53 
#50 15 30 50 19 47 70 13 25 63 49 20 13 18 55 
#30 55 30 22 47 40 70 62 1 63 49 75 2 7 55 
#30 39 28 11 53 37 9 25 21 54 25 75 50 59 19 
#7 54 31 14 2 47 51 62 34 54 82 75 63 8 55 
#1 39 43 7 43 47 21 62 34 54 82 66 63 52 53 
#7 4 28 9 23 37 70 2 29 54 82 75 5 19 53 
#19 4 30 22 19 25 43 62 29 8 49 75 2 11 19 
#7 55 30 32 47 40 3 22 34 28 82 9 50 8 55 
#30 4 28 12 63 37 9 25 29 54 25 75 63 19 55 
#42 39 43 14 47 47 51 25 34 54 1 75 50 18 55 
#50 54 28 7 47 65 21 13 25 63 49 66 44 10 50 
#7 38 35 7 63 65 51 27 2 3 25 7 63 19 55 
55 50 23 57 37 48 
53 26 24 11 27 12 
32 43 49 45 7 28 
39 13 16 18 51 15 
56 38 46 52 19 29 
44 14 58 17 2 9 
#Base: 932
#Max: 696
#746781
#Turn 7
#7 39 28 32 47 37 9 25 34 28 25 75 50 8 19 
#30 4 28 7 47 37 9 25 21 54 25 75 50 59 19 
#22 4 43 7 47 47 51 25 34 63 82 7 50 18 55 
#42 4 43 14 47 40 51 62 2 54 1 30 50 18 55 
#50 15 30 5 53 47 70 62 25 63 20 30 13 18 55 
#7 4 51 9 23 9 70 22 29 54 82 9 5 19 53 
#1 4 51 7 47 37 51 27 29 28 82 66 50 19 21 
#22 4 43 7 47 37 51 62 34 28 82 24 63 10 21 
#42 39 28 5 47 65 51 62 34 63 82 24 50 59 55 
#42 4 28 12 47 9 9 25 21 63 82 7 50 18 55 
#30 39 30 22 23 65 51 41 48 63 82 9 46 16 55 
#30 55 30 22 23 40 70 62 1 63 82 75 2 16 55 
#30 54 30 22 47 40 43 62 1 63 49 66 2 7 50 
#7 54 43 50 53 40 43 41 34 54 82 66 50 8 21 
#42 39 28 50 47 40 70 25 34 54 49 7 13 11 21 
#30 39 43 5 2 40 70 62 34 54 82 66 63 11 50 
#30 39 30 22 2 40 70 62 21 54 82 66 2 11 53 
#30 54 30 50 43 47 70 62 34 63 82 75 50 8 55 
#7 54 43 14 43 47 23 62 34 63 82 75 50 8 55 
#7 54 31 14 2 47 51 62 25 63 82 75 2 8 55 
#30 23 30 22 63 37 51 25 34 28 44 75 63 19 55 
#30 23 43 22 63 47 51 62 34 54 44 7 63 11 55 
#30 39 43 7 2 47 70 62 34 54 82 66 63 52 19 
#1 39 43 7 47 47 70 62 29 54 82 75 5 19 53 
#1 54 28 9 41 26 70 27 29 54 82 75 4 19 53 
#22 39 35 12 53 65 70 25 34 63 82 7 2 59 19 
#50 39 28 12 47 65 70 13 34 63 49 66 44 11 19 
#7 54 28 50 53 65 70 22 29 63 1 75 50 8 50 
#4 39 28 7 53 37 51 22 29 63 82 75 50 8 55 
#4 39 26 7 12 37 51 41 34 63 82 7 4 8 55 
#7 4 28 9 23 37 3 22 34 54 82 75 50 8 53 
#7 39 51 32 53 9 70 22 29 28 82 75 50 59 19 
#22 4 43 7 47 47 51 25 34 63 82 66 44 10 21 
#22 39 43 5 47 65 51 62 34 54 1 75 50 59 55 
#50 39 30 12 47 40 70 62 21 63 20 30 50 16 55 
#50 4 30 50 47 47 51 25 25 3 49 7 50 18 55 
#7 4 43 9 23 37 70 2 48 54 82 75 46 19 53 
#7 4 30 22 23 9 70 22 27 63 82 20 50 16 53 
#1 4 30 22 47 37 51 62 29 63 49 66 2 7 21 
#7 54 31 5 28 40 43 62 34 28 82 66 50 8 50 
#42 39 28 50 53 40 9 41 34 54 82 75 50 18 55 
#42 4 31 50 47 40 51 25 34 3 82 28 50 59 50 
#30 39 28 14 2 37 51 13 25 54 82 9 63 11 50 
#30 39 43 5 2 65 70 62 34 63 82 66 2 16 19 
#30 39 30 22 23 40 70 62 21 54 82 75 2 7 55 
#7 54 43 14 28 40 23 62 34 63 82 66 50 8 50 
#30 54 31 14 53 40 70 62 34 54 82 75 63 8 55 
#42 39 28 50 47 40 70 25 21 63 82 20 13 7 55 
#30 39 28 12 63 37 33 25 25 54 25 75 63 11 55 
#30 39 43 22 63 40 70 62 34 28 82 66 63 59 19 
#30 39 30 22 23 65 70 62 34 54 82 75 63 11 19 
#7 39 43 50 43 47 23 62 34 63 82 66 63 8 53 
#1 39 31 14 2 47 70 62 29 54 82 75 5 19 53 
#36 54 30 50 41 65 70 27 25 63 82 20 2 7 55 
#22 4 28 12 53 37 9 25 29 28 25 75 50 59 19 
#30 39 30 22 63 65 70 25 34 63 82 20 63 11 19 
#50 39 43 22 47 65 21 62 25 54 82 7 63 11 50 
#7 54 43 7 53 65 70 62 34 54 82 75 63 8 53 
#4 39 28 7 63 37 70 41 34 54 82 7 5 19 55 
#36 6 35 50 12 65 70 2 2 63 30 75 4 19 55 
20 16 26 53 43 41 
19 52 44 50 31 47 
34 45 22 8 51 10 
13 40 49 17 46 15 
25 27 23 57 33 11 
39 28 55 18 56 21 
#Base: 932
#Max: 753
#807940
#Turn 8
#30 23 30 22 2 37 51 25 34 28 44 66 2 11 55 
#30 39 30 12 2 65 70 13 34 54 82 66 44 11 19 
#36 39 28 12 41 65 70 27 25 63 82 66 2 7 19 
#30 54 43 50 2 65 70 62 25 63 82 20 2 16 19 
#42 39 31 50 47 40 51 25 34 3 82 66 50 16 50 
#1 39 31 14 2 47 70 62 25 63 82 75 2 19 55 
#1 39 31 14 2 47 70 62 21 54 82 75 2 19 53 
#30 39 30 22 23 40 70 62 21 54 82 75 2 7 19 
#30 39 51 32 23 65 70 22 34 54 82 75 63 11 19 
#7 39 28 50 53 9 70 25 21 63 82 20 50 7 19 
#50 54 43 14 28 40 70 62 21 63 20 30 50 8 50 
#30 54 43 7 28 47 23 62 34 63 82 66 63 52 50 
#42 39 28 7 47 47 51 62 34 54 82 24 50 59 19 
#42 39 43 5 43 65 23 62 34 63 82 24 63 59 53 
#30 39 43 22 43 47 51 62 34 63 82 66 63 16 53 
#7 39 28 50 53 40 43 41 34 54 82 75 50 8 21 
#42 39 28 50 63 40 70 41 34 28 82 66 50 18 19 
#30 39 30 22 43 47 70 62 34 28 82 75 50 8 55 
#30 54 31 14 43 40 70 62 34 54 82 75 50 8 55 
#30 54 43 14 2 40 70 62 34 54 82 75 63 8 50 
#7 54 28 12 53 65 70 25 29 63 1 75 2 59 19 
#7 54 28 50 47 47 70 22 29 54 82 75 50 8 50 
#1 54 43 7 53 47 70 62 29 54 82 75 63 8 53 
#22 39 43 5 53 65 70 62 34 54 1 75 63 8 55 
#30 55 30 22 47 40 70 62 1 54 1 75 50 16 55 
#4 54 28 5 53 37 51 62 34 63 82 66 50 8 55 
#30 39 30 22 63 37 51 22 34 63 82 20 63 11 19 
#30 39 43 22 43 65 23 62 34 63 82 75 50 8 19 
#50 54 43 14 47 47 21 62 25 63 82 7 50 8 55 
#50 23 43 22 47 65 51 62 25 54 82 7 63 11 55 
#7 23 30 14 63 47 51 25 25 63 44 75 63 19 55 
#1 39 30 22 2 40 70 62 21 54 82 75 5 19 53 
#50 39 28 12 47 65 70 13 34 63 49 75 2 7 19 
#36 39 30 50 41 65 70 27 34 54 82 20 2 11 19 
#7 39 51 5 2 65 70 62 34 63 82 75 2 16 19 
#42 4 28 50 47 40 51 25 21 63 82 20 13 59 55 
#50 39 31 14 2 47 51 62 25 63 20 75 50 8 55 
#7 39 31 14 2 47 23 62 34 63 82 75 5 8 50 
#30 39 30 7 2 40 70 62 21 54 82 75 63 7 55 
#30 39 30 5 47 65 51 62 34 54 82 24 63 59 55 
#7 39 51 50 53 47 23 62 29 28 82 75 63 8 53 
#42 39 30 50 47 40 51 25 48 63 82 20 46 16 55 
#7 39 30 12 53 40 43 41 34 54 82 66 50 16 55 
#42 39 43 50 53 40 9 41 34 54 82 66 50 18 55 
#30 39 43 7 63 47 70 62 34 54 82 66 63 52 19 
#42 54 28 5 47 65 51 62 34 63 82 24 50 59 55 
#30 54 43 14 53 47 23 62 34 63 82 66 63 8 53 
#30 39 43 5 2 65 70 41 48 54 82 9 46 16 50 
#7 54 35 12 53 40 70 25 34 63 82 66 2 8 21 
#42 54 28 50 53 40 9 22 29 63 82 75 50 8 55 
#1 39 43 7 63 47 70 62 34 54 82 75 63 59 19 
#30 54 43 7 43 65 70 62 34 54 82 75 63 8 53 
#22 54 43 14 53 40 51 62 34 54 1 75 63 59 55 
#30 39 30 5 23 40 70 62 1 63 82 66 63 16 50 
#7 39 31 12 28 65 43 25 34 63 82 7 50 8 50 
#7 39 28 7 53 65 70 22 29 63 1 75 50 8 55 
#1 39 30 22 63 47 70 62 29 54 82 20 5 11 53 
#7 54 43 14 43 65 23 62 34 54 82 75 50 8 55 
#22 39 43 5 47 65 51 62 34 54 82 75 63 11 50 
#30 55 43 22 23 40 51 62 1 63 82 75 2 11 55 
24 42 25 16 27 4 
15 38 29 58 40 12 
53 57 18 14 11 49 
52 22 50 51 45 46 
28 8 19 44 13 17 
59 41 21 39 43 23 
#Base: 932
#Max: 743
#797210
#Turn 9
#7 39 30 22 53 40 43 62 1 54 1 66 50 16 55 
#4 54 28 12 53 37 43 41 34 54 82 66 50 16 55 
#42 39 28 50 63 40 51 41 34 63 82 66 50 18 19 
#42 39 43 50 63 40 23 41 34 63 82 66 50 8 19 
#42 39 43 50 43 65 51 25 34 3 82 75 50 16 19 
#7 39 30 7 2 40 43 41 21 54 82 75 63 8 21 
#50 23 30 7 2 40 51 62 25 54 82 75 63 11 55 
#50 23 43 5 47 65 51 62 34 54 82 7 63 11 55 
#22 39 51 50 47 65 51 62 29 28 82 75 63 8 53 
#42 39 51 50 47 47 51 62 34 28 82 75 63 59 53 
#7 39 43 14 23 65 23 62 34 63 82 66 63 8 55 
#30 54 31 14 43 40 23 62 34 54 82 75 50 8 55 
#30 39 43 22 43 47 70 62 34 54 82 75 50 16 53 
#30 54 43 22 43 47 23 62 34 63 82 66 63 52 53 
#30 54 28 50 28 40 23 22 34 63 82 66 63 8 55 
#1 54 43 14 53 47 70 62 29 54 1 75 63 8 53 
#1 54 43 7 63 47 70 62 34 54 82 75 63 59 19 
#30 54 43 7 43 65 70 62 34 54 82 75 63 8 19 
#42 54 43 7 43 65 70 62 34 63 82 75 50 8 53 
#30 54 28 5 47 47 23 62 34 63 82 24 63 8 55 
#50 54 43 32 23 47 21 22 34 63 82 75 63 8 55 
#30 54 43 32 23 65 70 22 34 54 82 75 63 8 19 
#30 54 43 14 63 40 70 62 34 54 82 75 63 8 19 
#30 39 43 5 63 65 70 62 34 63 82 24 63 59 19 
#42 39 43 5 43 65 70 62 34 63 82 75 63 59 53 
#30 55 43 22 23 40 51 25 1 63 82 20 46 11 55 
#42 39 28 50 47 47 51 22 48 63 82 20 50 16 50 
#7 54 30 50 47 65 51 22 29 54 82 75 50 59 50 
#30 39 43 50 47 40 9 41 34 54 82 24 63 18 55 
#42 39 43 50 53 65 70 62 34 54 82 66 50 18 55 
#7 39 30 22 53 40 70 41 1 54 82 75 50 16 55 
#7 39 30 7 2 40 70 62 34 54 82 75 50 7 55 
#50 23 43 22 53 65 51 62 34 54 82 7 63 8 55 
#22 39 28 5 63 65 70 41 34 54 82 66 50 18 19 
#30 39 43 50 43 65 23 62 29 63 82 75 63 8 19 
#42 39 31 7 47 47 51 62 34 3 82 24 50 16 50 
#7 39 30 50 23 40 70 41 1 54 82 75 50 8 50 
#30 54 43 7 43 40 70 62 21 54 82 75 63 8 55 
#30 54 31 22 43 40 51 62 34 54 82 7 63 8 55 
#30 39 43 5 43 65 51 62 34 54 82 66 63 16 50 
#30 39 43 50 28 47 23 62 29 28 82 75 63 52 53 
#42 39 28 50 47 40 51 62 29 63 82 24 50 8 55 
#30 54 43 14 53 40 70 62 1 54 82 66 63 16 55 
#1 54 43 14 53 47 23 62 29 54 82 75 50 8 55 
#1 54 43 14 63 47 70 62 34 54 82 75 63 8 55 
#30 54 43 22 43 65 51 62 34 63 82 75 63 16 53 
#30 54 43 5 47 65 23 62 34 63 82 66 50 52 50 
#30 54 28 14 53 40 23 22 34 63 82 66 63 8 55 
#50 54 43 14 47 47 51 62 34 54 82 75 63 59 55 
#30 54 43 7 23 47 70 22 34 54 82 75 63 8 19 
#30 39 43 14 63 40 70 62 34 54 82 75 63 59 19 
#30 39 43 7 63 65 70 62 34 54 82 66 63 8 19 
#42 54 28 5 43 65 51 62 34 63 82 24 50 59 53 
#30 39 30 14 43 47 23 62 34 28 82 75 50 8 55 
#50 55 43 22 47 40 21 62 1 63 82 7 2 11 55 
#30 39 30 50 23 40 51 22 34 63 82 75 46 16 55 
#30 54 43 50 47 40 70 62 34 54 82 75 63 8 50 
#30 39 43 7 47 47 51 62 34 54 82 24 63 52 55 
#42 39 43 5 43 40 9 62 34 54 82 24 50 18 55 
#30 39 43 22 53 47 70 62 34 28 82 75 50 8 55 
11 26 42 22 51 32 
3 20 37 50 39 34 
41 17 18 56 45 59 
16 13 29 24 9 8 
21 40 12 48 46 52 
55 57 44 27 23 2 
#Base: 932
#Max: 798
#856223
#42 39 28 14 43 40 23 22 48 63 82 75 50 8 50 
#42 54 43 50 47 40 51 62 1 63 82 20 63 16 55 
#30 54 43 14 53 40 70 62 34 54 82 75 63 16 55 
#30 54 43 7 63 40 70 62 34 54 82 75 63 8 19 
#50 23 43 22 53 65 70 62 34 54 82 7 63 8 19 
#42 39 43 50 23 47 21 22 34 63 82 75 50 8 55 
#30 54 43 32 43 47 21 22 21 54 82 75 63 8 55 
#30 54 43 14 63 40 70 62 21 54 82 75 63 59 55 
#30 39 43 14 63 40 70 62 34 54 82 66 63 59 50 
#30 39 43 50 43 65 51 62 29 54 82 66 63 8 19 
#42 39 28 50 47 65 51 62 29 63 82 75 50 8 19 
#30 54 43 7 43 65 70 62 34 63 82 75 50 8 19 
#30 54 43 7 43 40 70 62 34 63 82 75 63 8 53 
#30 54 43 22 47 65 70 62 34 63 82 75 63 8 50 
#30 54 43 22 53 47 51 62 34 63 82 75 63 8 55 
#30 54 43 22 63 47 70 62 34 54 82 66 63 59 19 
#30 39 43 50 53 65 70 62 34 54 82 66 63 18 55 
#42 39 43 50 43 65 70 62 34 54 82 75 50 18 53 
#42 39 51 5 47 47 70 62 34 63 82 75 63 59 53 
#22 39 51 50 47 47 51 62 29 28 82 75 63 59 53 
#30 54 43 50 23 47 23 22 29 54 82 75 63 8 53 
#30 39 43 22 43 47 23 62 34 28 82 75 63 16 53 
#30 39 43 22 47 47 70 62 34 54 82 75 63 59 55 
#50 54 43 14 47 65 23 62 34 54 82 75 63 59 50 
#42 54 43 5 43 65 23 62 34 63 82 66 50 52 53 
#30 39 30 50 23 47 51 22 34 54 82 75 46 52 55 
#30 54 43 7 47 47 51 62 34 54 82 75 63 8 55 
#7 54 43 14 47 47 70 22 34 54 82 75 50 8 55 
#30 54 30 5 47 65 70 22 34 63 82 24 50 59 50 
#30 39 43 5 63 65 70 62 34 63 82 66 50 18 19 
#30 39 43 50 63 40 23 62 34 63 82 66 50 8 55 
#50 54 28 32 23 47 51 22 34 63 82 20 50 8 55 
#30 54 43 7 53 40 70 62 1 54 82 75 63 8 55 
#30 39 43 14 63 40 70 62 34 54 82 75 63 8 19 
#30 39 43 7 43 65 70 62 34 54 82 66 63 8 50 
#30 39 43 22 53 65 51 62 29 54 82 75 63 8 19 
#42 39 43 50 47 40 23 41 29 63 82 66 50 8 19 
#30 54 43 32 43 65 21 62 34 63 82 75 63 8 19 
#30 54 43 7 43 40 70 62 21 54 82 75 63 8 53 
#30 54 43 14 63 40 70 62 34 54 82 75 63 59 19 
#30 54 43 22 43 65 51 62 34 54 82 66 63 16 50 
#30 39 43 22 43 47 70 62 29 28 82 75 50 8 19 
#42 54 43 7 63 47 51 62 29 54 82 24 63 8 19 
#30 54 43 7 43 65 70 62 34 63 82 66 63 52 53 
#42 39 43 50 43 65 70 62 34 63 82 66 50 18 53 
#42 39 43 5 47 65 70 62 34 54 82 75 63 59 53 
#42 39 43 50 43 65 51 62 34 63 82 75 63 16 53 
#22 39 51 50 47 65 70 62 34 28 82 75 50 8 53 
#30 54 43 32 23 47 70 62 34 54 82 75 63 59 19 
#30 54 43 50 43 47 23 62 29 28 82 66 63 52 53 
#42 39 43 22 53 65 70 62 34 54 82 66 50 18 53 
#42 39 43 14 43 47 70 62 34 63 82 75 63 59 55 
#30 39 51 50 47 65 23 62 34 28 82 66 50 52 53 
#22 54 28 5 43 65 51 62 29 63 82 24 50 59 53 
#30 39 30 50 23 40 51 22 34 63 82 75 46 8 55 
#30 39 43 50 28 47 51 62 34 54 82 24 63 52 55 
#1 54 43 22 43 47 70 62 34 54 82 75 63 8 55 
#50 54 43 50 47 65 51 22 29 54 82 75 63 59 50 
#30 39 43 5 63 65 23 62 34 63 82 24 63 59 19 
#42 39 28 50 63 65 51 62 34 63 82 66 50 59 53 
#Base: 932
#Max: 807
#865880
