#[0] 3, 3
#[1] 4, 3
#[2] 3, 4
#[3] 3, 2
#[4] 2, 3
#[5] 2, 4
#[6] 1, 3
#[7] 2, 2
#[8] 3, 1
#[9] 4, 4
#[10] 5, 3
#[11] 3, 5
#[12] 4, 2
#[13] 3, 0
#[14] 5, 4
#[15] 4, 5
#[16] 5, 2
#[17] 4, 1
#[18] 0, 3
#[19] 1, 4
#[20] 2, 1
#[21] 1, 2
#[22] 2, 5
#[23] 0, 4
#[24] 5, 1
#[25] 0, 2
#[26] 5, 5
#[27] 1, 5
#[28] 2, 0
#[29] 1, 1
#[30] 4, 0
#[31] 0, 5
#[32] 1, 0
#[33] 0, 1
#[34] 5, 0
#[35] 0, 0
#Turn 0
16 1 25 33 14 10 
32 27 54 35 29 5 
20 57 28 58 12 0 
18 17 42 30 38 34 
53 51 26 24 4 46 
41 23 21 19 8 2 
#Base: 936
#Max: 346
#369658
#Turn 1
#9 39 2 22 4 7 13 36 30 35 13 9 31 1 22 
#9 20 21 44 47 7 1 2 1 33 18 9 24 7 17 
#9 20 23 7 47 30 1 3 1 33 27 27 24 2 5 
#14 33 23 18 52 4 11 17 9 42 15 16 0 2 32 
#31 28 15 18 27 57 38 4 11 19 19 16 31 25 11 
#22 18 20 19 2 20 25 0 22 5 56 28 41 18 29 
#43 38 13 30 2 6 14 11 4 5 50 28 41 23 29 
#23 17 2 30 13 31 14 0 4 4 50 8 17 28 20 
#21 17 13 23 13 5 23 0 21 6 15 69 17 28 15 
#21 23 3 45 23 22 20 3 5 6 24 21 28 62 31 
#34 14 41 9 35 24 10 0 31 8 42 10 19 55 11 
#3 30 41 9 15 24 9 29 59 29 54 22 19 4 11 
#3 67 16 8 15 15 9 9 32 29 54 8 5 4 14 
#68 4 16 17 6 15 20 11 40 21 29 8 5 6 1 
#38 4 3 6 33 29 20 21 40 21 3 30 6 2 29 
#30 21 22 13 0 29 2 7 4 11 11 47 63 45 15 
#25 4 22 13 0 29 21 18 4 11 11 7 0 45 17 
#10 8 12 68 67 18 38 2 6 21 38 7 0 4 55 
#28 8 11 21 10 18 38 2 5 12 7 1 12 5 55 
#28 18 11 21 36 2 6 70 20 16 7 2 2 11 8 
#10 40 22 42 40 26 37 45 2 32 3 0 5 3 5 
#18 10 1 41 40 52 12 15 26 18 3 0 51 7 5 
#18 38 7 3 43 1 12 17 19 18 9 45 71 17 3 
#0 13 23 3 43 1 56 17 13 3 9 21 71 17 0 
#26 19 16 14 3 1 56 45 13 30 1 21 23 8 16 
#3 3 25 27 24 9 16 25 38 26 26 6 4 34 55 
#16 28 25 27 6 4 26 43 58 39 32 0 38 34 4 
#16 28 7 15 16 27 26 11 58 17 32 28 8 20 4 
#3 23 12 15 15 27 30 11 58 23 26 28 8 20 33 
#3 23 9 21 15 8 34 10 24 23 48 31 10 59 12 
#9 39 2 22 7 16 27 37 30 22 17 33 20 1 22 
#22 46 21 30 2 7 25 0 22 5 18 28 41 7 29 
#43 20 10 44 47 3 1 11 4 33 50 21 41 3 31 
#23 17 13 7 52 30 18 3 30 4 27 69 5 2 20 
#31 9 54 18 15 4 20 3 41 6 24 16 0 41 32 
#43 23 15 45 23 22 51 4 5 9 19 10 31 25 11 
#53 43 48 19 35 12 10 0 21 8 17 10 23 6 15 
#23 15 41 9 2 6 25 29 31 5 56 24 19 55 11 
#3 38 6 30 11 3 14 9 4 29 50 22 41 3 31 
#10 67 13 17 13 31 23 11 32 20 15 8 17 28 14 
#68 4 26 19 18 29 20 3 41 21 24 15 28 6 1 
#38 53 3 45 23 0 11 7 5 9 4 10 44 2 31 
#58 14 48 23 35 25 10 7 21 11 42 10 21 0 15 
#30 15 41 13 13 24 2 29 31 11 25 8 19 55 30 
#3 30 6 40 15 17 9 9 6 29 38 7 0 4 17 
#10 67 1 17 10 15 43 2 5 12 29 8 5 4 55 
#28 4 11 21 19 29 20 21 40 6 3 15 32 5 11 
#3 39 3 6 33 2 11 25 13 23 49 30 44 11 8 
#22 21 22 23 16 25 37 45 2 32 17 47 6 0 14 
#10 13 1 13 0 29 37 7 4 53 3 8 5 7 30 
#25 10 10 3 67 5 21 15 6 18 28 45 0 4 17 
#10 38 1 68 43 18 12 17 19 12 9 1 71 4 0 
#28 13 23 21 19 3 56 56 13 30 7 25 32 5 11 
#3 19 16 55 36 26 9 45 20 16 49 2 2 26 8 
#22 40 22 27 16 25 37 23 22 32 26 47 6 2 49 
#3 13 25 41 24 42 4 25 12 39 3 6 4 7 5 
#16 10 10 10 6 52 26 43 58 18 28 45 51 11 4 
#27 38 7 15 43 27 12 17 19 17 9 28 8 20 33 
#22 23 12 14 15 8 56 56 16 23 48 29 23 8 16 
#26 19 9 21 3 26 2 45 24 4 4 43 25 31 8 
8 43 41 42 50 35 
34 39 21 45 10 20 
19 9 33 22 32 29 
12 26 23 17 56 37 
13 52 15 51 58 53 
4 6 40 11 54 36 
#Base: 936
#Max: 396
#423077
#Turn 2
#30 15 41 23 13 24 2 29 31 11 15 8 19 55 30 
#38 15 3 13 23 0 2 29 31 9 4 8 44 2 31 
#38 14 48 23 35 25 10 7 5 11 42 10 21 2 31 
#25 10 10 23 35 5 21 7 21 18 42 10 21 4 17 
#25 23 10 3 67 5 51 15 5 18 19 45 0 4 11 
#10 67 13 18 13 4 23 11 32 20 24 8 0 41 32 
#18 10 13 41 13 31 23 11 26 18 15 8 51 7 5 
#18 10 1 17 40 52 12 15 26 12 3 8 51 4 55 
#34 14 1 9 10 24 43 2 31 12 29 8 5 4 11 
#10 40 41 9 35 24 37 0 2 32 3 10 5 3 11 
#21 18 11 21 36 22 6 3 5 6 7 2 2 11 31 
#23 17 3 7 52 22 18 3 5 6 27 69 28 62 31 
#23 38 13 7 43 30 18 3 30 4 9 45 5 17 20 
#18 20 10 44 43 3 1 17 4 18 9 45 41 3 31 
#43 20 9 44 15 8 1 10 4 23 50 31 41 59 31 
#3 67 25 27 6 15 26 9 32 39 32 8 5 4 4 
#0 13 25 3 6 4 26 17 58 39 9 0 38 34 4 
#0 13 23 3 43 18 56 2 13 3 9 7 71 17 55 
#16 8 10 68 67 52 38 2 6 18 28 7 51 11 4 
#16 15 10 9 2 52 25 43 31 18 56 24 51 55 11 
#68 13 16 21 19 15 56 56 13 21 29 8 32 6 11 
#30 21 23 13 19 29 56 7 13 30 11 47 32 45 15 
#10 21 1 68 0 29 12 17 4 11 9 1 71 45 15 
#22 23 1 14 43 8 56 17 16 12 9 29 71 4 16 
#3 23 12 14 15 8 9 45 20 16 48 2 23 26 8 
#31 38 13 18 27 57 14 4 4 19 19 16 41 23 11 
#68 38 13 19 18 6 20 3 4 21 50 28 41 23 29 
#3 4 26 9 18 29 9 29 59 21 54 22 28 4 11 
#22 40 22 27 16 25 37 29 22 32 26 47 6 2 49 
#53 40 22 19 35 12 37 0 21 32 17 10 6 6 15 
#21 17 13 23 13 5 23 0 21 6 24 69 17 41 15 
#10 15 41 17 13 31 2 11 32 11 15 8 19 28 30 
#18 10 1 41 40 52 12 15 26 18 3 10 51 7 31 
#10 14 48 23 10 25 10 7 21 12 42 8 5 0 15 
#25 14 41 3 35 5 10 15 6 8 28 45 0 55 11 
#10 40 22 45 23 26 37 45 5 9 3 0 5 3 5 
#28 9 11 21 15 4 6 3 20 16 7 16 2 11 32 
#21 67 13 45 23 22 20 11 5 20 15 21 28 62 14 
#18 17 1 41 40 52 18 3 26 18 3 69 51 7 5 
#18 38 7 3 43 1 12 17 5 12 29 45 5 4 3 
#34 14 41 44 35 3 1 0 31 33 50 21 41 55 11 
#10 23 22 21 40 8 37 45 2 23 48 31 10 3 5 
#3 67 11 8 15 2 6 70 20 16 7 8 2 11 14 
#21 23 25 45 23 4 20 43 58 6 24 21 38 62 4 
#23 17 13 7 52 30 56 17 30 4 27 69 71 17 0 
#18 38 12 68 43 1 38 2 6 21 9 45 0 17 3 
#16 10 10 10 47 3 1 11 58 18 50 45 41 11 31 
#3 15 9 21 2 6 34 29 24 23 48 31 10 59 12 
#3 4 16 8 15 15 9 9 32 21 29 8 5 4 1 
#16 28 23 27 19 3 56 43 13 30 7 25 38 34 4 
#0 13 22 13 43 29 56 17 4 11 11 47 63 45 15 
#10 38 12 68 43 18 12 17 6 12 9 1 0 4 55 
#22 10 12 14 15 52 56 43 16 18 28 45 51 11 16 
#23 15 41 9 2 26 25 29 20 16 49 24 2 55 8 
#31 4 15 17 27 57 20 11 40 19 19 16 5 25 1 
#28 38 23 30 2 6 56 11 13 5 50 28 41 23 11 
#30 4 26 19 18 29 2 3 41 21 24 15 28 6 1 
#3 38 1 9 43 24 12 29 59 29 54 1 19 4 0 
#22 23 22 27 15 8 37 56 22 32 48 47 6 8 49 
#53 19 48 19 36 26 9 0 20 8 17 2 23 26 8 
34 47 7 45 55 5 
15 27 57 17 51 49 
32 42 50 43 38 21 
37 20 11 44 19 58 
53 46 52 18 22 26 
30 4 23 40 14 28 
#Base: 936
#Max: 433
#462607
#Turn 3
#25 14 9 3 2 6 10 29 6 23 48 45 10 59 12 
#18 10 1 21 40 52 12 29 24 23 48 31 51 59 12 
#18 38 1 17 40 1 38 15 26 12 3 45 51 17 3 
#28 38 23 68 43 6 56 2 13 21 9 28 41 23 3 
#28 38 23 18 2 4 56 11 32 5 24 28 0 41 11 
#3 67 25 9 6 29 9 29 59 21 54 8 5 4 11 
#3 4 1 9 43 24 12 29 59 29 54 22 28 4 11 
#0 13 1 9 43 24 56 29 59 3 54 7 19 17 55 
#0 38 12 3 43 18 12 2 13 3 9 7 71 17 55 
#10 38 12 68 43 18 12 17 6 30 7 25 38 34 4 
#18 10 11 8 40 2 6 70 26 18 7 8 2 11 14 
#3 67 11 8 43 29 6 17 4 16 7 8 2 45 14 
#21 23 22 45 43 29 20 17 4 6 24 21 63 62 15 
#21 23 1 41 23 4 20 43 26 6 3 69 51 62 5 
#18 21 1 13 40 29 56 3 13 30 11 47 51 45 15 
#68 13 13 45 19 22 20 11 5 20 15 8 32 6 14 
#68 13 3 21 52 22 56 56 5 6 29 69 32 6 31 
#23 17 13 7 52 22 18 3 30 6 27 69 28 62 0 
#16 17 13 7 2 52 25 43 30 4 56 69 71 55 11 
#22 23 22 27 2 8 25 56 31 18 48 24 6 55 49 
#16 15 10 9 47 26 25 11 58 18 49 45 41 55 31 
#16 10 10 14 15 52 1 43 16 18 50 45 51 11 31 
#22 8 10 68 67 52 56 43 6 18 28 7 51 11 4 
#10 21 10 68 0 29 12 2 6 18 9 7 51 11 15 
#10 21 1 68 0 6 20 17 4 21 9 28 71 23 29 
#25 23 13 3 13 5 51 15 5 6 19 45 0 41 11 
#25 23 10 14 43 5 51 15 16 18 19 45 0 4 16 
#34 14 1 14 35 8 56 0 16 33 9 29 41 55 16 
#43 14 9 44 35 8 1 10 4 23 50 31 41 55 31 
#43 20 22 44 15 25 1 10 4 23 26 31 6 59 31 
#25 14 25 3 6 5 26 9 32 8 32 45 0 4 4 
#3 4 9 21 18 29 34 29 24 21 54 22 28 4 12 
#3 10 1 17 43 52 12 15 26 12 54 8 19 4 55 
#18 38 23 3 43 1 56 2 13 21 9 45 0 17 3 
#10 38 12 68 2 18 12 11 6 5 50 28 0 23 55 
#10 28 13 18 19 4 56 43 13 20 24 8 0 41 32 
#3 10 1 41 6 52 12 15 26 39 3 8 51 7 31 
#3 4 26 8 18 2 9 70 59 16 54 22 28 11 14 
#0 13 1 13 43 29 12 17 59 29 54 1 63 45 0 
#21 23 23 3 23 18 20 2 58 3 9 21 71 62 55 
#10 38 12 41 43 52 18 3 6 18 9 69 0 4 5 
#30 21 23 27 19 3 56 7 13 30 7 25 32 45 15 
#18 67 13 45 23 52 12 11 5 18 15 10 28 62 14 
#68 13 16 8 19 15 56 70 20 21 7 8 2 11 11 
#0 17 22 13 43 29 56 3 4 11 27 47 28 45 15 
#23 23 13 7 52 4 20 17 58 4 24 21 71 62 0 
#18 17 10 41 2 52 25 43 26 18 3 24 51 55 11 
#30 23 22 27 19 29 37 56 13 32 48 47 6 45 15 
#23 15 41 45 23 26 20 11 20 20 49 21 2 55 8 
#68 13 16 10 19 3 1 11 13 18 50 8 32 11 11 
#22 10 3 14 15 22 56 43 5 6 28 45 51 62 16 
#16 8 13 7 67 52 56 17 6 18 27 7 51 17 0 
#10 21 10 68 0 52 12 43 31 18 56 24 51 55 15 
#68 23 22 27 15 8 20 3 22 21 48 28 6 23 29 
#21 15 41 23 2 26 23 29 20 16 49 69 17 55 8 
#25 10 10 3 67 3 1 11 58 18 50 45 0 4 11 
#22 23 12 14 15 8 56 43 16 18 28 45 71 4 16 
#34 14 41 68 35 52 1 2 6 33 28 7 41 11 4 
#43 20 9 44 15 29 12 10 4 11 9 31 41 45 15 
#22 40 22 19 16 25 37 29 4 32 26 28 6 2 29 
27 9 46 43 28 21 
40 24 57 20 51 5 
55 56 13 39 45 19 
50 7 52 18 22 42 
34 47 3 16 38 17 
8 37 12 1 54 14 
#Base: 936
#Max: 471
#503205
#Turn 4
#10 14 12 68 35 18 12 0 16 33 9 25 41 34 16 
#10 17 10 68 2 18 25 17 26 18 3 24 51 34 4 
#68 17 16 41 2 52 56 43 20 18 3 8 2 55 11 
#68 13 9 44 19 15 56 70 20 23 50 31 41 55 31 
#43 10 10 14 15 8 1 43 4 23 50 45 51 11 31 
#10 38 1 68 43 6 18 17 6 18 9 69 71 4 5 
#10 21 41 68 35 6 20 17 4 21 28 7 71 11 29 
#16 15 41 9 47 52 1 2 58 33 49 45 41 55 31 
#16 8 13 9 67 52 25 17 6 18 49 7 41 55 0 
#16 8 25 9 6 29 9 29 6 21 54 8 5 17 11 
#25 23 12 14 67 8 56 43 58 18 28 45 71 4 16 
#22 23 1 14 15 4 56 43 26 6 3 69 71 62 5 
#21 23 1 41 23 18 20 2 58 6 9 21 51 62 55 
#21 23 13 7 23 18 20 17 58 3 24 21 71 62 55 
#22 23 13 27 52 8 20 56 58 18 48 21 71 55 0 
#0 13 1 14 43 24 56 43 5 3 54 7 51 17 55 
#10 13 1 9 43 52 12 43 31 3 54 7 51 55 15 
#10 17 10 7 2 52 25 43 31 18 56 24 71 55 15 
#22 8 10 68 67 52 25 43 30 4 56 7 71 11 11 
#18 8 10 45 67 52 56 11 5 18 28 7 28 11 14 
#30 23 22 27 19 18 12 11 13 5 48 28 0 45 55 
#30 38 23 68 19 29 37 56 13 32 48 28 6 45 15 
#68 13 3 68 52 22 56 2 13 21 9 28 41 23 3 
#68 13 1 21 43 29 12 17 5 29 54 1 32 6 0 
#0 17 13 7 52 22 12 3 59 6 27 1 28 62 0 
#3 38 12 8 43 18 12 70 13 16 9 7 71 11 55 
#21 23 26 8 18 29 9 70 59 16 24 22 28 11 14 
#18 23 1 45 40 52 12 29 4 6 48 31 63 59 12 
#21 15 41 21 2 26 12 29 24 16 49 69 51 59 12 
#21 21 1 13 2 29 56 3 13 16 49 69 51 45 15 
#10 14 12 41 43 52 56 0 16 18 9 69 41 55 5 
#10 21 12 68 0 6 12 17 4 21 7 25 38 34 29 
#18 14 41 41 2 52 25 43 26 33 3 7 41 11 4 
#68 13 10 8 47 15 25 11 20 21 7 45 41 11 11 
#43 14 13 44 67 8 56 17 4 23 50 7 51 55 31 
#16 10 10 14 15 29 1 43 59 21 50 45 5 11 31 
#10 38 10 41 67 52 1 11 6 18 50 69 0 4 5 
#22 23 12 14 0 8 20 43 4 21 28 28 71 4 16 
#21 14 1 41 35 52 1 2 26 6 28 7 41 62 5 
#21 23 10 3 47 18 20 2 58 3 9 45 71 55 55 
#23 8 13 7 52 52 56 17 58 18 24 21 71 17 0 
#22 67 22 9 2 29 9 56 31 21 48 8 5 55 11 
#22 10 3 3 67 22 56 11 5 18 50 45 0 4 11 
#22 13 12 9 43 24 56 29 59 18 54 7 19 4 55 
#21 23 10 41 0 52 12 43 31 6 3 69 51 62 5 
#16 23 13 7 23 52 20 2 58 3 56 21 71 55 55 
#23 23 13 68 67 52 56 43 6 18 24 21 51 62 0 
#22 23 13 45 2 8 12 56 5 18 15 24 6 55 14 
#22 10 3 68 15 22 56 11 6 5 50 45 51 62 16 
#0 23 1 27 43 29 37 56 59 3 54 47 19 17 15 
#28 21 10 68 43 52 12 43 31 18 9 24 41 55 15 
#16 13 3 7 52 22 25 43 5 4 29 69 71 6 11 
#0 8 10 68 43 52 56 43 59 29 54 1 51 45 4 
#18 67 13 45 52 52 18 3 30 18 27 10 28 62 14 
#10 38 12 68 43 18 12 11 13 3 9 7 0 17 55 
#3 23 26 8 18 29 37 70 59 32 54 22 28 11 14 
#21 38 23 45 43 6 20 17 13 6 9 28 63 62 3 
#68 10 1 21 40 22 56 56 5 23 29 69 32 59 12 
#0 15 41 13 43 26 23 17 20 16 49 1 63 45 0 
#23 21 13 13 40 29 56 3 13 6 11 69 51 62 0 
15 12 2 22 5 29 
43 55 13 14 50 36 
49 27 45 18 10 17 
30 34 57 52 3 39 
25 53 48 46 7 44 
51 28 40 11 21 59 
#Base: 936
#Max: 545
#582265
#Turn 5
#0 13 1 14 43 18 20 2 58 6 54 21 51 17 55 
#21 23 16 41 2 52 20 43 58 6 3 21 51 55 11 
#68 13 3 68 52 52 56 43 20 21 3 8 41 55 3 
#10 13 3 68 52 22 56 2 6 18 9 28 41 4 5 
#10 21 1 68 2 29 56 17 13 16 9 69 51 4 5 
#22 23 12 8 43 29 37 70 59 32 54 7 19 4 14 
#21 23 13 7 18 18 20 17 58 32 54 22 71 11 14 
#22 23 13 27 52 18 20 17 58 18 24 21 71 62 55 
#28 21 13 27 43 8 12 43 58 18 9 24 41 55 0 
#28 21 10 68 43 52 12 43 31 18 9 24 0 4 15 
#0 23 1 45 40 29 37 29 4 6 48 31 19 17 12 
#16 23 1 45 40 52 12 2 58 6 48 21 71 55 12 
#22 23 10 68 23 52 20 43 30 4 56 21 71 11 55 
#22 8 12 68 67 52 56 43 58 18 28 45 71 4 11 
#25 23 12 14 67 8 56 43 58 18 28 24 71 55 15 
#43 14 13 41 43 8 56 17 4 18 50 69 51 55 5 
#68 14 13 21 67 8 56 56 5 23 29 69 32 55 12 
#68 10 10 21 43 52 56 43 5 23 29 1 32 59 12 
#68 8 9 44 43 15 56 43 20 23 54 1 41 55 31 
#68 13 10 3 47 15 20 70 20 3 50 45 71 55 55 
#3 67 12 8 43 52 12 70 13 18 9 10 71 11 55 
#18 67 3 45 52 52 56 3 30 18 27 10 51 62 14 
#23 10 13 68 67 22 56 11 6 18 24 21 51 62 0 
#23 15 13 68 67 52 56 2 58 18 24 45 41 62 31 
#16 23 10 41 0 52 1 2 58 33 3 69 41 55 5 
#16 13 3 7 52 22 25 29 5 16 49 69 71 6 12 
#23 8 41 7 2 52 56 17 58 16 49 69 51 17 12 
#22 23 1 14 15 52 56 17 26 18 24 21 71 17 0 
#22 23 23 14 19 29 37 43 13 6 3 28 71 45 15 
#30 38 13 68 19 29 56 3 13 6 11 69 6 62 0 
#22 13 1 14 43 24 56 43 59 18 54 7 51 17 55 
#3 23 1 41 23 18 20 2 59 6 9 22 51 11 14 
#68 23 16 41 2 18 20 17 58 18 24 21 71 55 11 
#22 13 13 27 52 22 56 56 13 18 48 28 71 55 0 
#28 21 1 68 43 6 12 43 6 18 9 24 71 4 15 
#21 38 10 41 2 52 1 3 13 18 50 69 0 4 15 
#0 23 12 9 43 29 37 29 59 3 54 47 19 4 55 
#3 23 1 8 18 29 12 29 59 32 54 22 63 59 12 
#16 23 13 7 23 18 20 17 58 3 24 21 71 55 55 
#22 8 10 27 52 8 25 43 58 18 56 21 71 11 11 
#28 21 10 14 43 52 56 43 31 18 9 45 71 4 16 
#10 38 10 41 67 52 1 11 6 18 56 69 71 4 5 
#10 23 1 41 43 29 56 56 16 3 54 47 41 17 5 
#18 14 1 45 67 52 56 29 4 23 50 7 63 55 31 
#68 23 1 21 23 22 56 2 58 3 29 69 32 55 12 
#22 8 10 68 43 52 25 43 30 29 54 7 71 11 11 
#25 23 12 14 19 8 56 70 58 18 50 45 41 4 16 
#21 17 10 7 47 52 25 43 58 18 9 24 71 55 15 
#10 38 12 8 43 52 56 70 13 16 9 7 71 11 5 
#43 14 13 45 52 8 56 17 4 23 27 7 51 55 14 
#22 10 3 68 15 22 56 11 6 23 50 69 51 62 16 
#0 23 13 68 43 52 56 43 6 29 24 1 51 45 4 
#16 15 41 44 47 15 56 2 20 23 49 31 41 55 31 
#21 23 10 3 0 18 12 43 31 3 3 45 51 55 5 
#16 38 3 8 52 22 25 43 5 4 29 7 71 11 11 
#21 67 13 21 52 26 12 3 24 16 27 10 28 59 14 
#22 10 13 68 52 22 56 17 58 5 24 45 51 62 0 
#23 23 13 68 15 52 56 43 6 18 3 21 71 62 5 
#30 15 23 9 47 52 37 56 13 32 49 45 41 55 15 
#23 21 13 13 0 52 56 43 13 6 11 69 51 62 5 
39 40 51 58 30 46 
29 52 26 56 7 17 
32 45 14 2 43 11 
57 21 16 13 19 50 
59 20 41 23 12 44 
48 22 15 18 33 47 
#Base: 936
#Max: 575
#614316
#Turn 6
#22 21 10 14 43 52 25 43 58 18 56 21 71 4 16 
#28 23 13 68 43 52 56 43 31 18 9 1 71 45 16 
#0 15 23 68 43 52 37 56 13 32 49 1 41 55 15 
#30 15 23 14 47 24 56 43 13 32 49 45 41 55 55 
#25 23 12 14 19 24 56 43 58 18 50 45 51 17 55 
#30 38 41 44 19 29 56 2 13 6 11 31 41 62 0 
#23 15 41 7 47 52 56 2 58 23 49 31 41 17 31 
#23 10 41 68 52 22 56 17 58 5 24 69 51 17 12 
#22 23 13 27 52 22 56 17 58 5 24 21 71 62 0 
#68 10 10 21 43 18 56 17 5 23 29 1 71 59 12 
#68 8 10 68 43 52 20 43 58 29 24 21 71 55 11 
#25 23 10 14 67 52 25 43 30 29 54 7 71 11 11 
#68 23 3 68 67 8 56 43 20 18 3 8 71 55 15 
#68 13 1 45 67 52 56 43 20 23 3 7 63 55 31 
#18 23 1 45 67 52 12 2 4 23 50 7 63 55 12 
#23 67 3 68 15 52 56 43 6 18 27 21 71 62 14 
#68 14 13 21 52 52 56 56 5 18 27 10 51 55 14 
#68 14 12 21 67 52 56 43 5 23 28 45 32 55 12 
#22 8 10 68 67 52 56 43 20 18 28 45 71 4 11 
#22 10 3 68 15 15 56 70 6 23 50 69 71 55 16 
#3 21 13 8 0 52 12 43 13 18 9 69 71 62 5 
#10 38 12 8 43 52 12 70 13 18 56 69 71 4 55 
#10 15 10 41 67 52 56 11 58 18 56 45 41 62 31 
#23 23 13 68 23 52 20 2 30 18 56 21 41 62 31 
#68 23 10 21 23 52 56 2 30 3 29 69 71 55 55 
#23 10 12 68 67 22 56 70 13 18 9 7 71 62 0 
#43 14 13 41 67 8 56 17 4 18 50 21 51 62 0 
#43 8 9 44 43 15 56 17 4 23 50 1 41 55 31 
#22 13 13 44 43 15 56 56 13 23 54 1 41 55 0 
#21 13 10 27 52 52 25 56 13 18 9 28 71 55 15 
#22 38 10 68 52 29 25 3 58 6 11 21 71 62 11 
#28 21 41 44 43 15 56 2 31 18 9 31 41 55 31 
#0 8 13 68 2 52 56 17 6 29 49 1 51 17 12 
#30 10 23 9 47 52 37 17 58 5 24 45 51 62 0 
#22 23 13 27 43 24 20 17 59 18 54 21 71 17 55 
#25 10 12 21 43 52 56 43 58 23 29 1 32 59 16 
#68 23 13 68 2 29 56 3 58 6 11 21 71 55 11 
#16 15 10 44 47 15 25 43 30 23 49 31 71 11 11 
#25 23 41 14 67 52 56 17 58 18 28 69 51 17 15 
#68 10 3 68 52 52 56 43 20 21 24 45 41 55 0 
#22 23 13 45 67 18 56 17 58 18 24 21 63 55 31 
#68 23 10 21 43 52 12 2 58 23 48 1 71 55 12 
#68 23 16 68 15 52 56 43 58 18 24 21 71 62 11 
#18 8 3 45 43 52 25 3 30 18 27 7 51 11 14 
#25 14 13 14 67 8 56 56 58 23 28 69 71 55 12 
#68 13 12 68 52 52 56 43 58 18 3 8 71 4 11 
#18 14 1 3 67 52 20 70 4 3 50 45 71 55 31 
#16 23 3 45 15 52 12 2 58 6 50 21 71 62 16 
#23 23 13 68 15 52 56 43 13 6 11 21 71 62 5 
#3 67 12 8 43 52 12 3 30 18 9 10 71 62 55 
#10 38 10 21 67 8 1 56 6 23 29 69 32 4 5 
#23 8 12 68 67 52 56 2 58 18 24 45 41 4 11 
#22 23 10 68 23 15 20 43 30 3 50 45 71 11 55 
#22 23 3 68 15 22 56 2 6 23 29 69 32 55 16 
#23 21 13 8 43 52 56 43 13 16 11 7 71 62 5 
#23 10 13 68 67 22 12 11 13 18 24 10 51 62 0 
#43 14 10 41 43 8 56 11 6 18 50 69 71 55 5 
#23 8 13 68 67 52 56 2 20 23 54 1 41 62 31 
#22 23 13 27 52 22 56 56 13 18 56 21 71 11 0 
#21 23 1 21 23 22 56 43 58 3 29 24 71 55 12 
26 8 56 7 41 52 
6 48 3 39 36 51 
30 40 45 19 22 1 
25 13 44 42 24 21 
4 17 38 10 15 18 
49 16 46 12 57 2 
#Base: 936
#Max: 606
#647436
#Turn 7
#43 23 13 27 67 8 56 17 58 5 24 21 51 62 0 
#43 23 13 27 43 8 56 11 58 5 24 69 71 62 5 
#43 10 10 68 52 8 56 11 6 5 24 69 71 17 12 
#68 23 41 68 43 52 12 2 58 23 24 69 71 17 12 
#22 23 10 21 43 52 12 2 30 23 50 1 71 55 55 
#23 15 13 68 47 52 56 43 58 23 49 21 71 17 31 
#23 23 13 14 47 24 56 43 13 6 49 21 71 55 55 
#30 10 23 14 47 24 56 43 20 21 49 45 41 55 0 
#68 10 13 68 2 52 56 43 58 21 24 45 71 55 11 
#23 8 13 68 67 29 56 2 58 18 11 21 41 55 11 
#22 23 10 45 52 29 56 17 58 18 24 21 63 55 11 
#22 23 13 45 67 52 56 43 58 18 3 8 71 55 31 
#22 13 12 68 52 52 56 70 58 18 50 8 71 4 11 
#22 10 10 68 67 52 56 70 6 18 50 69 71 62 31 
#28 15 13 68 43 52 56 43 31 18 9 1 41 45 31 
#68 13 12 68 67 22 56 70 13 18 3 7 63 62 31 
#25 13 1 14 67 8 56 56 58 23 3 69 63 55 31 
#25 23 13 68 15 8 56 56 58 23 24 69 71 55 11 
#68 23 16 21 23 52 56 2 58 3 24 21 71 62 55 
#68 23 12 8 23 52 12 70 13 18 56 69 71 4 55 
#25 23 12 21 19 52 56 43 5 18 50 45 51 17 55 
#25 23 41 14 67 52 56 17 58 18 28 69 32 55 15 
#25 23 10 68 43 52 56 17 58 29 24 21 71 17 11 
#68 67 10 68 15 52 20 43 58 18 24 21 71 55 11 
#23 8 3 68 67 52 56 43 6 18 28 21 71 62 11 
#68 67 12 8 43 52 56 56 5 18 27 10 71 62 14 
#18 14 1 21 52 52 56 70 5 3 27 10 71 55 14 
#68 14 3 68 67 52 20 43 20 3 3 45 71 55 15 
#68 23 13 68 67 52 56 2 20 18 3 1 71 62 31 
#0 8 23 68 67 52 37 2 20 23 54 1 41 55 15 
#23 15 41 41 67 8 56 17 58 23 49 21 51 17 0 
#22 23 13 68 15 22 56 43 58 6 24 21 71 62 5 
#43 14 10 14 47 8 56 43 13 32 50 69 71 55 55 
#23 10 3 68 52 22 56 43 58 21 24 69 41 17 12 
#68 23 10 21 2 29 12 3 58 6 11 1 71 55 12 
#22 23 12 68 67 52 56 43 58 3 24 45 41 4 55 
#23 15 41 68 52 29 25 3 58 6 49 21 71 17 11 
#23 23 13 45 15 18 56 17 58 18 24 21 63 62 31 
#30 15 23 68 47 24 56 43 13 32 49 8 71 55 55 
#68 10 3 68 15 15 56 70 6 21 50 45 71 55 0 
#10 23 13 41 67 29 56 11 58 18 56 21 41 55 11 
#23 23 12 68 43 52 56 2 58 18 24 45 71 45 11 
#23 38 10 68 67 22 25 3 58 18 11 21 71 62 0 
#22 13 13 45 67 18 56 17 20 23 24 7 63 55 31 
#25 13 12 68 67 52 56 43 58 18 28 8 71 55 12 
#22 23 16 68 15 15 56 43 58 23 50 69 71 55 11 
#10 23 10 21 23 52 56 2 58 18 56 69 71 62 55 
#28 23 13 68 43 52 56 43 13 18 9 69 71 45 16 
#23 10 12 68 67 22 56 70 13 18 50 45 51 62 0 
#68 14 12 45 67 52 56 43 5 23 28 7 32 55 12 
#25 23 41 14 67 8 56 56 58 23 28 69 51 55 15 
#68 23 10 68 43 52 20 43 58 18 24 21 71 62 11 
#23 23 3 21 23 52 56 2 30 18 29 69 71 62 55 
#10 8 12 68 43 52 12 70 13 18 28 45 71 4 11 
#25 67 12 14 43 24 56 3 30 18 50 10 51 62 55 
#68 14 12 21 52 52 56 43 5 18 28 10 51 55 14 
#25 23 1 14 67 52 56 70 4 3 50 69 71 55 31 
#68 8 10 68 43 52 20 43 58 18 24 21 71 55 11 
#23 67 13 68 15 52 56 43 20 23 27 1 71 62 31 
#0 8 23 68 67 52 56 43 13 18 28 45 41 55 15 
22 59 21 48 47 24 
52 16 28 46 12 18 
27 57 44 45 51 39 
32 3 8 13 56 15 
41 58 5 23 50 25 
1 11 35 38 17 19 
#Base: 936
#Max: 662
#707265
#Turn 8
#25 8 23 68 67 52 56 43 13 29 28 21 41 17 15 
#25 8 23 68 67 52 56 43 58 18 28 45 41 55 15 
#25 23 41 14 67 52 56 17 13 18 28 69 32 55 0 
#28 10 13 68 43 22 56 70 13 18 9 69 71 62 16 
#28 8 13 68 43 52 56 43 6 18 9 69 71 45 16 
#25 23 3 14 23 52 56 56 58 18 3 69 71 62 55 
#68 23 1 14 67 52 56 2 20 23 3 69 71 62 31 
#10 23 13 21 67 52 56 2 20 18 56 1 71 62 31 
#10 13 10 68 52 52 56 2 58 18 50 69 71 4 11 
#68 13 16 21 23 52 56 70 58 18 24 21 71 4 11 
#68 14 3 68 67 52 20 43 20 3 3 21 71 55 11 
#68 13 10 68 67 52 20 43 58 18 28 8 71 55 12 
#22 23 12 68 67 52 56 43 58 23 28 69 71 55 12 
#68 23 10 68 15 52 20 43 58 18 24 21 71 55 11 
#68 23 3 68 15 52 56 43 6 18 24 45 71 62 11 
#68 23 10 14 47 52 56 43 58 23 50 69 71 55 55 
#68 23 13 68 43 52 56 43 58 21 24 45 71 55 11 
#22 10 10 68 2 52 56 43 58 18 50 45 71 62 31 
#25 10 1 14 67 52 56 70 6 18 50 69 71 62 31 
#25 13 1 68 67 22 56 70 13 3 3 69 71 62 31 
#23 23 13 68 15 52 56 43 20 18 24 1 71 45 11 
#23 15 13 68 15 52 56 43 20 23 49 21 71 17 31 
#68 15 13 68 47 52 20 43 58 18 49 21 71 55 11 
#68 67 41 68 67 52 56 56 58 23 24 21 71 55 15 
#25 67 12 14 43 52 56 56 5 23 27 10 51 55 15 
#22 23 13 45 43 52 56 11 58 18 3 8 71 62 5 
#22 23 12 45 67 52 56 43 58 18 3 8 71 55 55 
#22 15 12 68 67 24 56 43 58 32 24 8 41 4 55 
#25 15 13 68 47 8 56 56 58 23 24 69 71 55 11 
#68 23 13 68 23 52 56 70 13 23 24 69 71 4 11 
#23 23 3 21 23 52 56 17 30 18 24 21 71 62 55 
#0 8 23 14 67 8 56 56 58 23 28 45 41 55 31 
#68 23 13 68 67 52 56 2 20 18 3 69 32 55 15 
#10 10 10 21 23 22 56 2 58 18 50 45 71 62 55 
#22 23 13 68 52 52 56 70 13 18 50 69 71 45 16 
#68 23 16 21 67 52 56 2 6 18 24 21 71 62 11 
#68 14 3 68 67 52 56 2 20 3 29 45 71 62 15 
#25 8 10 14 43 8 56 43 58 23 3 21 63 55 31 
#25 13 13 68 67 52 56 2 20 18 28 1 71 62 12 
#22 23 16 21 15 15 56 43 58 18 56 69 71 62 55 
#68 13 12 68 43 52 56 43 58 18 50 8 71 62 11 
#68 10 3 68 15 15 56 2 6 21 50 45 71 62 0 
#68 14 10 68 67 8 20 43 20 32 50 45 71 55 15 
#68 23 10 68 43 52 20 2 58 18 24 69 71 55 12 
#68 13 12 68 67 52 56 43 58 21 28 8 71 55 12 
#22 23 16 68 15 52 56 43 58 23 50 69 71 62 31 
#25 23 1 68 43 52 20 70 58 18 50 69 71 55 31 
#68 13 3 68 67 22 56 70 13 21 50 45 71 55 0 
#43 14 12 14 43 8 56 43 58 32 50 69 71 45 55 
#23 67 13 68 43 52 12 2 58 23 24 1 71 62 12 
#68 10 13 68 2 52 56 43 58 23 49 45 71 17 31 
#22 67 10 68 67 52 56 43 6 18 24 69 71 55 11 
#25 23 41 14 67 8 56 70 58 23 50 69 71 55 31 
#68 67 12 68 67 52 56 70 5 18 27 10 71 62 14 
#23 23 12 27 43 52 56 2 58 18 24 45 71 45 11 
#22 67 13 45 67 52 56 43 20 23 27 1 71 55 31 
#22 23 12 68 47 52 56 43 58 3 24 21 41 17 31 
#30 15 23 68 15 52 56 43 13 32 49 21 71 55 55 
#25 23 13 14 15 8 56 56 58 23 28 69 51 55 11 
#68 23 12 8 43 52 56 56 5 18 27 10 71 4 14 
13 6 29 39 55 3 
14 36 17 46 28 5 
42 57 16 45 12 43 
48 51 52 23 53 44 
19 1 47 15 34 50 
32 11 18 40 22 26 
#Base: 936
#Max: 742
#792735
#Turn 9
#68 23 1 68 67 52 20 2 20 18 24 21 71 55 11 
#68 23 1 14 67 52 56 70 20 23 24 69 71 62 31 
#68 23 13 21 15 15 56 70 58 23 24 69 71 4 11 
#22 23 16 45 15 52 56 43 20 18 56 69 71 55 31 
#22 67 13 68 67 22 56 43 20 18 9 69 71 62 31 
#68 23 3 68 67 52 56 43 6 3 24 45 71 62 11 
#68 14 3 68 2 52 56 43 58 18 50 45 71 62 15 
#22 10 1 68 43 52 56 43 58 18 50 69 71 55 31 
#25 23 1 68 47 8 20 56 58 23 24 69 71 55 11 
#25 23 13 68 23 8 56 56 58 23 3 69 71 55 55 
#68 15 10 68 15 8 20 43 20 32 50 21 71 55 15 
#30 15 13 68 15 52 56 43 58 21 49 21 71 55 11 
#22 23 16 68 15 52 56 43 58 21 50 69 71 62 11 
#22 23 16 68 15 52 56 43 58 23 50 69 71 55 31 
#22 23 10 68 67 52 56 2 58 18 28 69 71 55 12 
#43 67 12 14 67 52 56 43 6 32 50 69 71 45 55 
#25 67 41 14 67 52 56 43 58 23 24 69 71 55 11 
#25 23 41 68 67 8 56 70 58 23 50 69 71 55 31 
#68 67 12 68 67 52 56 56 58 18 27 21 71 55 14 
#68 13 12 68 67 52 56 70 5 21 28 8 71 55 14 
#25 8 23 68 67 22 56 43 13 18 3 45 71 62 31 
#25 13 23 68 67 22 56 43 58 18 50 45 71 55 0 
#68 13 10 68 47 52 56 43 58 21 50 69 71 55 55 
#68 23 13 68 47 52 56 70 58 23 50 69 71 55 16 
#68 23 13 68 52 52 56 70 13 23 50 45 71 17 31 
#68 13 13 68 67 52 56 2 20 18 28 8 32 55 15 
#68 13 1 14 67 52 56 43 58 18 28 69 71 62 12 
#68 13 1 14 43 52 56 70 58 18 50 69 71 62 31 
#68 15 12 68 47 52 20 43 58 18 49 21 71 62 11 
#22 23 13 68 67 52 56 43 58 18 3 21 71 55 55 
#68 23 3 68 15 52 56 43 58 18 24 21 71 55 11 
#68 23 3 14 67 52 56 2 20 3 29 69 71 62 15 
#68 10 13 68 2 52 56 43 58 23 24 45 71 4 11 
#25 23 16 21 43 52 56 43 58 18 56 69 71 55 55 
#25 15 13 45 67 52 56 43 58 23 27 69 71 55 11 
#25 23 3 14 23 52 56 70 58 18 3 69 71 62 55 
#68 14 10 68 67 8 56 43 20 18 50 45 71 62 11 
#68 15 3 68 15 52 56 2 13 32 29 21 71 62 55 
#22 23 13 68 43 52 56 43 58 18 50 45 71 55 11 
#22 23 1 68 43 52 20 43 58 23 50 69 71 62 31 
#22 23 13 68 67 52 56 43 58 23 24 69 71 55 11 
#25 23 10 68 43 52 56 2 58 18 3 69 71 55 55 
#43 14 10 14 43 8 56 43 58 32 50 45 71 55 15 
#30 67 10 68 67 52 56 43 6 32 24 69 71 55 11 
#25 23 41 14 67 52 56 43 58 21 50 45 71 55 11 
#22 67 16 68 67 52 56 56 58 23 24 21 71 62 15 
#68 67 12 68 67 52 56 70 58 23 28 69 71 62 14 
#68 13 10 68 43 52 56 2 58 18 28 8 71 55 12 
#25 13 12 14 43 8 56 70 13 32 50 69 71 45 55 
#22 8 10 68 67 52 56 43 6 18 28 69 41 55 15 
#68 23 41 14 67 22 56 70 13 21 50 69 71 55 31 
#68 23 10 14 47 52 56 56 58 23 24 69 71 55 55 
#22 67 13 68 67 52 56 70 5 18 27 69 71 62 14 
#68 10 12 68 2 52 56 43 58 21 28 45 71 55 31 
#68 13 13 68 67 22 56 70 20 18 3 69 71 62 15 
#68 8 10 68 67 52 56 43 58 18 28 8 41 55 12 
#25 10 3 14 67 22 56 70 6 18 50 45 71 55 31 
#68 23 10 68 47 52 56 43 58 23 50 8 71 62 55 
#22 15 13 68 52 52 56 43 13 18 50 21 71 45 16 
#68 23 12 68 2 52 56 43 58 18 3 8 71 17 55 
9 36 34 1 39 6 
21 53 12 51 7 54 
26 44 15 18 57 4 
27 45 17 46 22 50 
28 24 33 23 16 43 
14 38 40 52 13 29 
#Base: 936
#Max: 785
#838675
#25 23 13 68 67 8 56 43 58 23 50 45 71 55 55 
#68 15 10 45 67 8 56 43 58 23 50 45 71 62 11 
#25 23 1 14 67 52 56 43 58 23 27 69 71 62 11 
#22 23 1 68 67 52 20 70 58 23 50 69 71 62 31 
#68 23 1 68 43 52 20 43 58 18 50 69 71 62 15 
#25 13 23 68 2 52 56 43 58 21 50 45 71 55 0 
#22 10 16 68 15 52 56 43 58 21 28 45 71 55 31 
#22 23 10 14 47 52 56 56 58 21 50 69 71 55 11 
#22 23 10 68 47 52 56 43 58 18 50 69 71 55 31 
#68 13 13 68 43 22 56 70 58 18 3 69 71 62 15 
#68 13 1 14 67 52 56 43 58 21 50 69 71 62 12 
#25 23 41 14 67 52 56 43 58 32 50 45 71 45 11 
#68 67 12 68 67 52 56 43 6 32 27 21 71 45 55 
#68 23 10 68 47 52 56 43 58 18 50 21 71 55 55 
#22 23 10 68 47 52 56 43 20 23 9 69 71 62 31 
#22 13 1 14 43 52 56 56 58 23 24 21 71 62 31 
#22 67 16 68 67 52 56 56 58 23 50 21 71 55 15 
#68 67 12 68 67 8 56 70 58 23 28 69 71 62 14 
#68 13 10 68 67 52 56 70 58 23 28 69 71 62 14 
#68 13 41 14 67 22 56 43 13 21 50 69 71 55 55 
#68 23 13 68 47 52 56 70 13 23 49 21 71 17 11 
#25 23 16 68 52 52 56 70 13 23 56 69 71 17 31 
#25 23 13 21 47 52 56 43 58 23 50 69 71 55 16 
#68 67 13 14 67 52 56 43 58 23 50 69 71 55 11 
#25 67 41 14 67 52 56 43 58 23 24 69 71 55 11 
#22 23 13 68 43 52 56 43 58 18 28 69 71 55 12 
#22 23 13 68 43 52 56 43 58 18 50 69 71 55 11 
#22 67 13 68 67 52 56 43 58 23 27 69 71 62 14 
#22 23 16 68 67 52 56 70 5 23 50 69 71 62 14 
#22 23 16 68 15 52 56 43 58 23 50 21 71 55 55 
#25 23 23 68 23 8 56 56 58 23 3 69 71 55 55 
#68 10 12 68 67 52 56 43 58 21 28 45 71 55 11 
#22 15 16 68 15 52 56 43 58 21 50 69 71 55 11 
#68 23 1 14 47 52 56 70 58 23 24 69 71 62 31 
#22 10 1 68 43 52 20 43 58 18 50 69 71 55 31 
#68 13 13 68 67 52 56 70 20 18 3 69 71 62 15 
#25 13 23 14 67 52 56 43 58 18 50 45 71 62 12 
#68 23 41 14 67 52 56 43 58 21 50 45 71 55 11 
#22 23 12 14 67 52 56 43 6 32 50 69 71 45 55 
#68 23 12 68 47 52 56 56 58 18 24 69 71 55 55 
#68 23 10 68 47 52 56 43 58 18 50 69 71 62 55 
#22 13 13 68 67 22 56 43 20 18 9 69 71 62 31 
#68 13 1 14 43 52 56 70 58 18 28 69 71 62 31 
#25 67 41 14 67 52 56 56 58 21 50 21 71 62 11 
#25 67 41 14 67 8 56 43 6 32 50 69 71 55 31 
#68 67 12 68 67 52 56 56 58 23 27 21 71 62 14 
#68 23 10 68 47 52 56 43 58 23 50 69 71 55 55 
#68 67 13 14 67 22 56 43 13 18 50 69 71 55 31 
#68 15 12 14 47 52 20 43 58 18 49 21 71 62 31 
#22 23 13 68 52 52 56 70 58 23 24 45 71 62 15 
#25 23 41 68 43 8 56 70 58 23 56 69 71 55 31 
#68 67 12 68 47 52 56 70 58 23 28 69 71 55 14 
#25 13 10 68 47 52 56 43 58 23 50 69 71 55 11 
#30 67 10 14 67 52 56 70 13 21 50 69 71 55 11 
#68 15 10 68 67 52 20 43 58 18 28 69 71 55 12 
#68 23 13 68 52 52 56 70 13 23 50 45 71 17 31 
#25 23 16 68 67 52 56 43 58 23 24 69 71 55 11 
#68 67 13 68 47 52 56 70 58 23 50 69 71 62 16 
#22 23 41 14 15 52 56 43 58 23 50 69 71 55 11 
#30 67 10 68 67 52 56 43 58 18 3 21 71 55 11 
#Base: 936
#Max: 790
#844017
