#[0] 3, 3
#[1] 4, 3
#[2] 3, 4
#[3] 3, 2
#[4] 2, 3
#[5] 2, 4
#[6] 1, 3
#[7] 2, 2
#[8] 3, 1
#[9] 4, 4
#[10] 5, 3
#[11] 3, 5
#[12] 4, 2
#[13] 3, 0
#[14] 5, 4
#[15] 4, 5
#[16] 5, 2
#[17] 4, 1
#[18] 0, 3
#[19] 1, 4
#[20] 2, 1
#[21] 1, 2
#[22] 2, 5
#[23] 0, 4
#[24] 5, 1
#[25] 0, 2
#[26] 5, 5
#[27] 1, 5
#[28] 2, 0
#[29] 1, 1
#[30] 4, 0
#[31] 0, 5
#[32] 1, 0
#[33] 0, 1
#[34] 5, 0
#[35] 0, 0
#Turn 0
40 44 22 46 29 30 
48 57 7 26 31 36 
28 38 13 59 39 27 
34 3 21 6 2 19 
43 23 47 25 9 16 
8 33 45 52 18 12 
#Base: 932
#Max: 344
#369099
#Turn 1
#9 14 22 37 26 17 36 21 22 10 20 37 12 1 27 
#55 14 7 14 6 18 3 17 29 14 22 52 15 37 27 
#55 20 7 36 6 18 11 37 2 18 37 19 44 37 7 
#26 48 47 36 15 10 11 37 5 18 5 29 29 34 12 
#25 48 49 6 11 3 23 30 10 6 5 42 29 34 47 
#42 40 11 43 53 5 33 40 1 11 1 31 14 18 20 
#14 15 11 58 0 6 33 40 17 7 1 10 36 15 13 
#24 11 13 19 0 2 10 24 17 7 5 10 16 44 56 
#4 11 17 18 8 6 10 24 18 24 5 7 16 2 38 
#52 45 7 39 16 6 12 24 7 42 43 7 27 23 21 
#47 34 12 32 15 55 11 30 10 11 35 7 15 10 1 
#29 10 12 19 0 55 14 40 13 13 24 41 38 15 5 
#16 4 10 13 14 14 22 28 13 5 63 19 57 5 6 
#9 4 10 13 14 20 22 9 17 1 63 33 57 5 50 
#4 65 21 25 11 20 3 9 17 25 16 33 10 1 50 
#1 16 17 14 58 16 10 60 37 14 15 2 8 25 48 
#3 51 2 5 44 12 20 14 27 9 2 7 8 63 8 
#35 16 8 5 10 21 4 25 20 9 75 2 5 63 8 
#35 16 2 19 12 21 4 4 16 2 10 16 2 15 11 
#14 22 19 19 12 13 44 4 16 5 4 38 21 45 11 
#11 19 61 15 28 16 21 19 16 16 26 7 24 29 16 
#11 19 13 53 17 16 1 53 23 44 23 53 4 18 4 
#8 17 13 10 17 28 7 53 20 10 1 53 4 18 13 
#8 3 28 9 35 46 15 21 62 10 3 28 4 12 19 
#13 15 28 5 8 18 15 21 62 12 28 28 7 11 19 
#10 7 41 6 22 0 22 35 4 10 2 41 32 27 36 
#7 59 41 6 22 0 22 23 10 18 33 3 32 27 36 
#9 24 7 24 3 11 22 32 14 25 29 22 15 18 5 
#33 24 7 9 3 19 66 32 14 20 14 22 21 21 12 
#33 0 20 44 11 28 20 1 65 20 25 8 21 21 12 
#16 40 11 50 53 5 3 23 17 11 20 37 3 18 24 
#14 14 7 37 46 17 33 21 17 7 1 23 36 15 27 
#24 15 7 58 6 18 0 17 29 14 22 10 9 37 13 
#24 11 48 19 15 10 10 24 2 18 37 61 44 2 56 
#4 48 47 6 17 7 12 24 5 6 47 7 29 34 38 
#25 12 49 28 11 3 20 24 7 6 13 42 2 23 47 
#42 19 5 32 53 5 3 18 1 36 13 44 15 10 1 
#14 34 7 19 15 55 32 30 17 7 13 23 36 15 20 
#24 15 11 6 0 27 0 40 13 13 24 10 64 5 13 
#24 11 10 19 14 2 10 28 17 5 63 19 16 2 56 
#4 65 3 11 11 6 15 24 17 1 47 33 16 17 38 
#52 12 21 25 18 54 3 24 7 5 43 12 27 23 21 
#1 19 5 32 31 6 10 60 37 36 35 2 15 25 45 
#29 16 12 15 58 47 32 14 27 14 2 7 38 17 48 
#9 10 8 6 0 14 14 40 13 13 9 2 5 63 8 
#9 16 10 1 10 15 22 28 20 19 75 16 2 5 23 
#4 22 3 11 12 20 15 9 16 1 16 33 25 29 50 
#7 13 21 25 10 54 3 32 16 25 11 38 21 24 10 
#32 25 61 15 25 21 10 26 16 3 15 2 8 29 45 
#3 19 2 53 58 47 5 19 23 44 23 7 4 50 48 
#18 51 13 5 44 28 20 53 13 9 9 53 14 18 8 
#8 16 2 1 10 21 7 14 20 19 11 16 4 12 13 
#14 1 28 9 8 18 44 4 16 2 10 28 72 15 19 
#7 13 14 11 43 13 59 32 27 12 4 19 5 11 46 
#34 7 61 15 28 42 4 26 16 16 2 41 3 29 9 
#10 15 41 53 22 16 22 19 23 14 23 3 4 50 36 
#18 17 3 24 39 11 10 53 2 42 43 53 14 27 10 
#9 3 7 2 3 19 66 14 20 25 29 22 1 18 5 
#13 0 28 9 8 18 20 21 62 51 14 22 21 15 19 
#40 12 16 44 43 28 28 0 10 12 25 19 5 40 43 
10 23 55 14 34 30 
58 3 41 56 29 26 
53 39 43 15 21 12 
52 50 13 49 33 5 
48 16 9 17 42 2 
1 59 54 4 40 45 
#Base: 932
#Max: 405
#434549
#Turn 2
#8 34 12 32 15 55 15 30 10 11 3 28 15 12 1 
#8 3 28 9 35 46 22 19 23 14 23 3 4 50 19 
#10 65 21 25 11 16 22 19 17 14 23 3 10 50 36 
#4 48 21 6 17 7 3 24 5 25 16 7 29 34 50 
#16 48 47 6 53 7 12 23 17 6 20 37 29 18 38 
#13 48 28 9 15 18 20 21 5 18 5 29 29 34 19 
#26 12 47 25 18 54 3 24 5 18 43 29 27 34 21 
#18 12 3 25 18 11 10 24 2 5 43 12 27 27 21 
#33 0 3 44 11 11 20 53 2 20 25 8 14 27 12 
#33 59 20 6 22 28 22 1 65 20 25 3 21 27 12 
#7 11 10 11 43 2 10 28 27 12 4 19 16 2 56 
#24 11 12 19 58 2 10 28 27 5 63 19 16 2 56 
#1 16 12 14 58 47 32 14 27 14 2 7 8 25 48 
#11 16 17 53 17 16 10 53 37 44 15 53 4 18 4 
#11 19 10 53 17 16 1 53 13 5 63 19 57 5 6 
#18 51 13 5 8 18 44 4 13 2 9 28 14 18 19 
#9 51 10 13 14 20 22 9 13 9 9 33 14 5 8 
#3 4 2 13 14 47 22 9 17 44 63 7 4 5 50 
#24 19 2 19 15 10 10 24 23 18 23 61 4 50 56 
#24 11 48 19 15 10 10 40 1 18 1 61 44 2 56 
#3 25 61 15 25 21 20 26 16 9 2 2 8 63 8 
#3 51 2 39 16 6 12 14 27 42 43 7 8 23 21 
#52 16 8 5 10 21 12 24 7 42 43 2 27 23 21 
#35 19 5 32 10 21 10 60 37 36 35 2 5 25 45 
#1 20 5 32 31 18 10 37 2 36 37 19 15 37 7 
#55 14 16 44 6 28 28 0 29 14 22 52 5 37 43 
#40 12 16 44 43 28 28 26 10 16 25 19 3 40 43 
#25 7 49 15 28 3 23 30 10 16 2 42 3 34 9 
#25 48 49 6 11 3 15 24 17 6 47 42 16 17 38 
#4 16 10 11 10 6 15 28 17 1 75 33 2 17 38 
#47 34 28 9 8 55 20 30 10 11 14 7 21 10 19 
#26 48 28 9 35 46 15 21 62 18 3 28 29 34 19 
#52 12 21 25 18 16 3 19 7 5 23 3 4 23 36 
#18 65 21 25 11 20 3 9 17 42 43 53 10 27 50 
#33 0 20 44 17 28 20 1 65 6 25 7 21 21 12 
#16 59 41 6 22 0 22 23 17 18 33 3 3 18 24 
#13 0 14 11 43 13 59 21 62 12 4 22 21 11 19 
#26 11 47 36 14 10 11 28 5 18 63 29 16 2 56 
#52 12 21 25 58 54 3 24 27 5 2 12 38 17 21 
#1 16 17 14 39 11 10 60 37 42 43 2 8 27 10 
#33 19 13 53 17 28 1 53 65 20 25 8 21 21 4 
#16 4 41 13 22 0 22 28 13 5 63 19 57 5 36 
#7 13 14 9 8 18 44 4 16 12 10 28 72 15 46 
#24 51 10 5 44 2 20 53 13 5 9 19 16 18 8 
#9 16 10 15 58 47 22 9 17 1 63 7 57 17 48 
#1 19 17 53 58 47 10 19 23 14 15 7 4 25 48 
#11 11 48 19 17 10 10 24 2 18 37 61 4 18 4 
#42 40 10 13 53 5 33 28 13 11 1 19 14 18 20 
#32 1 28 15 8 21 44 26 16 3 15 28 72 29 19 
#18 51 13 5 44 28 20 53 27 9 2 53 14 63 8 
#9 45 10 39 16 6 22 9 17 42 43 33 57 5 21 
#35 16 8 53 10 47 4 25 23 9 23 2 4 63 48 
#24 11 5 19 31 6 10 24 2 18 35 2 15 25 45 
#42 20 7 43 6 5 11 37 2 11 1 31 14 37 20 
#32 14 7 14 25 21 10 17 29 14 22 2 8 29 27 
#40 51 2 5 44 28 28 14 27 9 25 19 5 40 8 
#52 45 61 15 28 42 12 24 7 16 2 7 27 29 21 
#35 16 49 6 11 21 4 30 20 6 75 2 5 63 8 
#4 19 5 11 11 6 10 60 17 36 35 2 16 17 45 
#55 16 7 36 6 15 22 37 2 19 37 16 2 5 7 
55 29 36 18 4 2 
12 26 50 19 48 6 
39 23 40 14 51 17 
38 31 33 44 57 56 
20 41 25 49 11 45 
34 42 9 37 13 28 
#Base: 932
#Max: 421
#451717
#Turn 3
#40 16 10 5 44 6 15 28 27 1 75 19 5 40 8 
#13 16 10 11 43 6 59 28 17 12 4 33 21 17 38 
#13 0 14 19 43 10 59 24 23 12 23 61 4 11 56 
#16 19 47 19 53 7 12 24 17 6 20 37 4 50 38 
#10 48 47 6 53 16 12 19 17 14 23 37 29 50 38 
#40 12 12 14 43 28 32 26 27 14 2 19 3 40 43 
#9 12 16 39 16 6 28 9 10 16 25 19 57 40 21 
#9 45 10 39 16 6 10 9 17 18 1 61 44 2 21 
#24 11 28 15 8 10 10 26 1 18 1 61 72 29 56 
#26 12 47 15 8 21 3 24 16 3 15 28 27 34 19 
#35 19 17 32 39 11 10 60 37 42 35 2 5 25 10 
#33 19 5 32 10 28 1 53 65 20 35 2 21 25 4 
#33 19 10 53 17 16 1 53 65 5 63 19 21 21 4 
#11 19 10 53 17 47 1 53 23 5 63 2 57 63 48 
#3 4 8 13 10 47 22 9 17 9 23 7 4 5 50 
#52 48 21 9 35 46 15 21 27 5 2 12 38 34 19 
#26 48 21 9 11 20 3 21 17 18 3 53 29 27 50 
#9 16 21 15 58 47 22 9 17 42 43 53 57 27 48 
#35 16 49 15 58 21 4 30 20 6 63 7 57 17 48 
#52 45 61 6 11 42 4 24 20 6 2 7 5 63 8 
#16 4 61 15 25 0 20 26 13 5 63 2 8 5 36 
#55 4 16 44 6 28 28 28 29 5 22 52 57 37 36 
#18 51 13 44 6 28 20 53 29 9 2 52 14 37 8 
#18 11 13 19 44 2 20 28 27 9 2 19 14 2 56 
#24 19 12 53 58 47 10 19 27 5 63 7 4 2 48 
#7 13 20 9 8 18 20 4 16 6 10 7 21 15 12 
#33 59 20 9 8 28 44 1 16 12 10 28 21 27 12 
#26 59 20 36 14 28 11 1 5 20 63 3 21 27 56 
#11 11 17 53 17 10 10 28 37 44 63 29 16 2 56 
#11 16 49 53 11 16 10 24 37 6 15 53 4 18 4 
#40 16 2 14 44 47 32 14 27 14 2 19 5 25 48 
#4 16 16 44 10 6 15 26 10 16 25 19 2 17 38 
#9 0 14 11 43 13 59 21 17 12 43 33 57 11 21 
#24 11 2 19 15 10 10 24 23 18 1 61 44 2 56 
#32 1 47 6 53 21 44 26 17 3 20 28 72 29 19 
#26 12 21 25 18 54 22 19 17 14 23 29 27 50 21 
#1 16 12 14 58 47 32 14 27 42 2 7 8 25 48 
#35 12 16 44 10 21 28 26 37 16 25 19 3 25 43 
#9 45 13 53 16 28 1 53 17 20 25 33 21 21 4 
#24 19 48 53 15 16 10 53 13 5 1 19 57 2 6 
#32 1 8 15 10 21 44 25 16 3 15 28 72 29 48 
#26 4 2 13 18 54 3 24 17 18 63 7 27 34 50 
#1 12 21 14 39 11 10 24 27 42 2 2 38 27 10 
#26 19 28 32 35 46 10 60 62 36 35 28 5 34 45 
#18 65 13 25 11 20 3 53 17 42 25 53 10 27 50 
#11 16 10 53 17 47 22 53 17 1 63 19 57 5 48 
#35 16 49 6 10 47 4 30 20 9 75 2 5 63 48 
#3 4 2 13 28 47 22 9 17 16 2 7 27 5 50 
#52 25 61 15 25 21 3 26 27 9 2 2 38 17 8 
#26 4 28 13 35 0 22 28 13 18 63 28 57 5 36 
#55 65 21 44 6 20 3 0 17 42 43 53 5 27 43 
#9 51 10 15 44 28 20 53 27 9 63 7 57 63 8 
#24 16 12 19 58 2 4 30 20 5 63 2 5 2 56 
#1 19 17 15 58 47 12 19 7 16 15 7 4 25 21 
#33 25 61 44 25 21 20 26 65 9 2 2 8 63 12 
#16 13 41 9 22 18 44 4 13 12 10 28 57 5 36 
#33 14 16 6 22 28 22 0 29 14 25 3 5 37 12 
#18 51 47 36 44 28 20 28 27 9 63 53 14 2 56 
#11 11 12 53 17 2 10 53 27 44 15 19 16 2 4 
#25 19 17 6 58 47 10 24 17 14 47 42 16 25 38 
38 36 41 27 59 10 
15 39 22 45 2 52 
32 4 50 17 43 40 
24 18 46 13 57 44 
11 19 21 51 54 8 
3 49 28 12 34 0 
#Base: 932
#Max: 501
#537554
#Turn 4
#9 45 13 53 16 47 32 53 27 42 2 7 21 25 4 
#26 4 2 13 18 47 32 24 27 42 63 7 8 25 50 
#26 4 20 13 18 28 3 24 5 18 63 3 27 34 56 
#25 59 17 36 58 47 11 24 5 20 63 42 16 25 56 
#25 19 17 6 39 47 10 60 17 42 35 42 5 25 38 
#52 19 21 9 15 16 10 21 13 5 2 12 57 2 19 
#18 51 48 53 6 16 10 53 13 9 2 52 57 2 8 
#11 51 13 44 6 28 20 53 17 1 2 52 14 5 48 
#11 0 10 53 17 10 59 24 17 12 63 61 4 11 56 
#24 0 14 19 43 2 59 30 20 5 63 61 5 2 56 
#10 0 14 11 53 13 59 21 17 12 43 33 29 11 38 
#55 48 47 6 6 20 3 0 17 14 43 37 29 50 38 
#9 65 21 15 58 47 22 0 17 42 43 53 5 27 48 
#9 19 28 32 58 46 22 60 17 42 35 53 57 27 48 
#26 19 8 32 35 21 44 25 62 36 15 28 5 29 45 
#24 16 49 53 58 47 4 19 20 6 63 7 57 2 48 
#35 16 49 15 58 21 4 30 20 9 63 2 5 63 48 
#35 16 49 53 17 47 4 30 20 9 75 2 57 63 48 
#18 51 10 36 44 47 20 28 23 5 63 53 57 63 56 
#18 65 47 36 44 20 20 28 27 9 63 53 14 2 56 
#33 45 5 6 10 42 1 53 20 6 35 2 21 63 8 
#55 4 16 6 6 42 28 28 20 5 2 7 5 37 36 
#55 4 16 15 44 28 20 28 29 9 63 7 57 37 8 
#9 51 61 15 44 21 20 53 27 9 2 7 57 63 8 
#24 25 61 44 25 21 20 26 65 18 2 61 8 29 12 
#26 19 47 13 53 0 12 28 17 18 63 28 4 5 38 
#11 11 17 53 35 0 22 28 37 18 63 29 16 5 56 
#11 19 10 53 17 16 10 28 65 44 63 19 16 21 4 
#33 1 47 53 17 21 1 53 65 3 63 28 21 29 4 
#32 16 10 6 44 6 44 28 27 3 75 28 5 40 19 
#9 48 13 53 16 46 15 21 27 20 25 33 38 21 4 
#24 19 12 53 58 16 10 14 13 5 1 7 57 2 6 
#26 51 2 44 18 28 3 53 29 18 2 7 27 34 50 
#11 59 20 53 14 47 11 53 17 20 63 19 57 5 48 
#25 19 14 6 58 47 59 24 23 14 47 42 4 25 38 
#35 19 17 19 58 11 4 30 37 42 63 2 5 2 56 
#9 0 14 9 35 13 15 21 27 5 2 33 38 11 21 
#10 19 48 53 53 16 10 53 17 5 1 37 57 50 38 
#18 51 13 44 6 20 20 53 29 9 2 52 5 27 8 
#9 16 10 53 58 47 22 53 17 42 43 53 57 27 48 
#13 0 14 19 35 46 59 24 23 36 35 28 4 11 56 
#32 16 8 19 10 21 44 30 16 5 15 2 72 29 48 
#24 0 12 11 58 13 10 19 17 5 43 7 57 11 21 
#10 48 49 15 58 21 4 19 20 14 23 37 57 50 38 
#55 65 21 6 6 20 3 30 20 42 43 2 5 27 48 
#9 19 21 15 17 47 1 9 17 42 63 2 57 27 48 
#18 51 28 32 35 28 20 28 27 9 35 53 5 34 56 
#32 65 13 25 10 20 3 53 16 3 15 28 72 27 50 
#24 19 12 32 58 28 1 53 65 20 35 2 4 2 48 
#52 16 49 6 58 42 4 24 20 6 63 7 5 17 48 
#55 16 49 44 10 28 28 28 20 5 22 52 5 37 48 
#11 19 10 15 44 28 1 53 23 5 63 2 57 63 48 
#33 25 61 36 25 21 20 26 27 9 2 53 8 63 56 
#18 11 28 25 8 20 3 53 17 18 1 53 72 27 50 
#33 19 47 19 53 7 12 53 17 6 20 2 21 50 38 
#52 45 61 6 11 42 22 28 13 18 63 7 5 63 36 
#11 4 17 44 6 28 10 28 37 5 63 29 16 2 56 
#33 19 10 15 17 16 20 53 65 5 63 7 57 21 8 
#32 1 47 44 53 21 20 26 65 3 20 2 8 63 19 
#24 11 10 15 8 6 15 28 27 18 1 61 72 29 8 
45 44 6 8 34 35 
11 22 24 3 9 48 
46 58 15 33 19 49 
28 55 13 18 39 51 
53 43 23 17 12 16 
27 57 47 37 52 50 
#Base: 932
#Max: 574
#615880
#Turn 5
#55 19 21 15 17 47 1 9 20 42 63 2 57 27 48 
#18 51 21 53 6 20 3 30 13 42 43 2 57 2 8 
#18 0 48 53 17 16 10 24 13 9 63 52 57 11 8 
#11 0 10 6 58 47 59 24 17 12 47 42 4 25 56 
#35 19 17 6 58 47 4 24 37 42 47 2 4 25 38 
#55 4 47 15 44 20 20 0 29 14 63 37 29 37 8 
#24 4 61 15 25 21 20 28 29 9 63 61 57 29 12 
#25 25 61 36 58 47 20 26 65 20 63 42 8 29 56 
#25 0 17 36 43 2 59 30 5 20 63 61 16 2 56 
#24 0 12 32 58 2 1 53 20 20 63 61 4 2 56 
#18 51 28 44 53 21 20 26 27 9 20 2 5 34 19 
#24 16 49 53 58 47 20 26 65 6 63 7 8 2 48 
#24 59 49 53 58 47 4 19 20 20 63 7 57 5 48 
#18 59 47 36 44 47 20 53 17 20 63 19 14 5 56 
#52 65 49 36 44 42 4 24 27 9 63 7 5 2 56 
#52 1 47 53 17 21 1 53 65 3 63 28 21 63 4 
#9 45 28 32 58 46 22 60 17 42 63 7 5 27 48 
#9 51 10 36 44 46 20 60 23 42 63 53 57 27 48 
#18 16 10 53 44 47 20 28 23 5 63 53 57 27 56 
#11 19 10 15 44 47 1 53 23 5 43 2 57 27 48 
#18 48 28 25 58 21 3 53 17 18 1 53 57 27 38 
#10 51 61 15 44 21 20 53 20 9 23 37 57 50 8 
#35 51 61 53 44 21 20 53 20 9 75 2 57 63 8 
#35 16 21 15 58 47 4 30 17 42 75 53 5 27 48 
#35 65 21 15 58 47 4 30 17 42 63 2 5 63 48 
#11 19 10 53 17 16 20 28 65 44 63 7 16 21 8 
#32 65 10 25 17 20 3 53 65 5 15 7 57 27 8 
#10 19 48 25 10 20 10 53 17 3 15 37 57 50 38 
#33 25 61 36 53 16 10 53 27 5 1 37 8 50 38 
#33 16 61 44 25 28 28 28 27 9 22 53 5 37 56 
#55 48 21 6 17 20 3 0 17 14 63 37 29 27 38 
#55 4 16 6 6 20 3 30 29 9 43 2 5 37 48 
#24 25 61 44 6 21 20 26 65 18 2 61 57 2 12 
#11 59 17 36 58 47 11 24 17 12 63 61 4 25 56 
#25 19 14 6 43 2 59 24 23 14 47 42 4 2 56 
#35 19 12 32 58 11 1 30 65 42 63 2 5 2 48 
#55 51 28 6 35 20 3 28 27 14 35 37 29 50 56 
#55 1 47 15 44 21 20 28 65 9 63 7 8 63 8 
#24 16 61 53 58 47 4 26 20 6 63 61 8 29 12 
#25 59 17 36 14 47 11 53 5 20 63 42 16 25 56 
#24 65 47 36 43 2 59 28 27 9 63 53 14 2 56 
#52 19 49 32 58 42 1 53 65 20 63 7 5 17 48 
#18 51 28 53 35 21 20 28 65 3 35 53 5 29 56 
#52 45 61 6 53 42 20 26 65 3 20 2 8 63 19 
#24 16 49 53 58 46 22 19 20 6 63 7 57 2 48 
#11 59 20 53 44 47 20 28 23 20 63 53 57 5 56 
#9 16 10 53 44 20 20 53 27 42 63 53 14 27 48 
#11 19 49 15 44 28 4 53 20 5 63 7 5 17 48 
#18 11 28 53 8 20 3 53 17 18 63 53 21 29 4 
#52 48 61 15 11 21 4 19 20 18 63 37 57 63 36 
#9 51 61 32 44 46 22 60 17 9 35 53 57 63 8 
#18 51 10 53 44 47 20 28 23 5 75 2 57 63 48 
#9 65 21 53 58 47 22 53 17 42 43 53 5 27 48 
#35 16 49 15 44 28 4 30 23 9 63 2 5 63 48 
#18 19 10 53 17 20 10 28 65 44 63 19 72 21 4 
#33 19 49 15 17 16 20 53 20 14 23 7 57 50 8 
#9 65 13 25 10 21 20 53 16 9 2 7 72 27 50 
#35 19 48 53 17 47 4 30 20 5 1 2 57 50 38 
#33 65 21 36 25 21 20 0 17 9 43 53 5 63 56 
#55 16 49 44 10 28 28 30 20 5 22 2 5 37 48 
35 6 39 16 42 20 
8 21 44 45 14 54 
58 38 41 51 52 23 
18 12 50 22 7 49 
32 43 15 17 40 33 
36 46 11 24 13 37 
#Base: 932
#Max: 589
#631974
#Turn 6
#24 19 12 15 58 11 1 30 29 42 63 61 57 2 12 
#25 4 61 36 14 21 11 53 29 9 63 61 57 29 56 
#9 59 17 32 14 47 22 60 5 20 63 42 16 27 48 
#18 51 28 32 35 46 20 28 65 3 35 53 5 27 48 
#18 48 28 53 35 21 20 53 65 18 1 53 5 27 56 
#10 51 61 36 44 2 20 30 5 9 63 37 16 2 56 
#24 51 49 53 44 21 22 53 20 9 63 37 57 50 48 
#11 16 20 53 44 47 20 28 23 20 63 7 57 5 48 
#11 65 20 36 44 42 20 28 23 9 63 53 5 5 56 
#18 65 49 36 17 20 4 28 27 44 63 19 5 21 4 
#24 16 21 36 25 21 4 26 20 6 43 53 5 29 56 
#24 16 49 53 58 42 1 53 65 6 63 61 5 17 48 
#52 51 10 32 58 42 20 53 23 5 75 2 5 63 48 
#18 65 10 53 58 47 20 53 23 5 75 53 57 27 48 
#35 16 21 53 58 47 22 30 17 42 75 53 5 27 48 
#24 59 49 53 44 47 20 19 23 20 63 7 57 27 48 
#9 51 61 32 58 47 22 60 20 9 63 53 57 5 48 
#35 51 61 32 44 21 20 53 20 9 75 2 57 63 8 
#35 51 61 36 44 21 20 53 65 20 75 42 8 29 56 
#52 48 61 15 58 47 20 19 65 20 63 42 8 63 56 
#52 45 61 44 6 42 20 26 65 3 2 2 57 2 19 
#52 1 47 6 53 21 1 26 65 3 63 2 8 63 4 
#52 1 10 53 44 21 1 53 65 42 63 28 57 63 4 
#9 51 47 36 44 46 59 28 27 42 63 53 57 2 56 
#11 65 47 36 58 2 11 28 17 9 63 61 4 25 56 
#9 16 10 53 44 20 3 28 27 42 35 37 29 27 56 
#24 16 10 53 44 20 20 53 27 6 63 7 14 2 48 
#35 16 21 53 58 47 20 26 65 42 63 2 5 63 48 
#35 65 47 15 58 47 4 30 17 20 63 19 14 63 48 
#18 59 47 36 44 21 20 28 65 9 63 7 14 63 56 
#25 0 12 32 43 2 1 30 65 42 63 2 5 2 48 
#24 51 61 15 25 21 20 28 29 9 23 37 57 29 12 
#25 59 17 36 58 47 11 53 20 20 63 7 16 2 48 
#9 59 28 53 44 47 20 60 17 42 63 53 5 27 48 
#18 51 49 53 35 21 4 28 65 3 35 7 5 2 56 
#18 48 28 53 58 21 3 53 65 18 1 53 72 21 38 
#25 65 21 36 25 21 20 30 17 9 43 53 16 2 56 
#10 16 61 53 44 21 20 26 20 6 63 61 8 29 12 
#24 19 49 53 58 46 22 19 65 6 63 7 57 17 48 
#18 51 10 53 44 47 20 28 23 20 63 53 57 63 48 
#9 65 21 53 44 42 22 53 17 9 63 7 5 2 56 
#18 19 10 53 58 20 10 30 65 42 63 53 5 21 4 
#18 16 21 36 44 47 20 0 23 9 43 53 5 63 56 
#24 59 49 53 58 47 4 19 20 20 63 61 8 29 12 
#9 51 49 32 58 42 22 53 17 20 35 7 5 63 48 
#18 51 61 53 44 47 20 53 20 5 75 2 57 63 8 
#9 65 61 36 58 47 20 26 65 42 43 53 5 27 48 
#52 48 61 15 58 47 4 30 17 18 75 37 57 63 48 
#24 16 10 44 6 21 20 28 23 18 2 61 57 2 12 
#24 45 49 53 58 42 20 19 65 3 20 2 57 63 48 
#52 51 61 32 17 21 1 53 65 9 35 53 57 63 4 
#9 51 10 53 44 21 20 53 23 9 75 2 57 63 48 
#25 65 61 36 43 2 59 26 65 9 63 42 14 29 56 
#11 59 61 36 11 47 4 19 20 18 63 37 4 63 36 
#24 25 61 6 35 20 3 26 27 14 35 37 57 50 12 
#9 45 61 53 44 20 20 26 65 3 20 2 14 27 19 
#24 1 47 53 58 21 20 26 65 6 63 28 8 63 48 
#35 51 21 15 44 47 4 30 17 42 63 53 5 27 48 
#18 59 47 36 44 47 20 53 17 9 63 19 14 2 56 
#55 1 17 36 44 47 20 24 17 12 63 7 8 63 8 
32 53 14 35 15 58 
4 24 29 52 38 1 
43 12 16 18 46 51 
11 45 23 19 13 50 
44 17 22 47 39 33 
57 28 27 6 49 56 
#Base: 932
#Max: 637
#683476
#Turn 7
#11 59 61 36 11 47 11 53 20 18 63 37 4 63 48 
#35 59 61 36 11 47 4 19 17 42 75 37 4 27 48 
#18 48 21 53 58 47 3 30 17 42 75 53 72 27 48 
#18 48 49 53 44 21 20 53 65 20 1 7 57 21 48 
#24 59 47 36 44 47 20 19 23 20 63 7 57 2 56 
#11 65 47 36 35 2 20 28 65 18 1 53 5 27 56 
#18 65 47 36 58 2 20 28 17 9 63 61 14 25 56 
#25 65 61 36 44 2 20 26 65 9 63 42 14 29 56 
#24 19 49 36 43 46 59 26 65 9 63 7 57 17 56 
#25 4 61 53 14 46 22 53 65 6 63 61 57 17 56 
#52 59 10 53 58 47 4 19 20 5 75 2 5 63 48 
#9 51 10 32 58 42 20 53 20 5 63 53 57 5 48 
#35 51 61 36 44 47 22 53 65 9 75 53 57 5 48 
#35 65 61 36 44 21 20 26 65 42 75 42 5 29 56 
#9 51 10 53 44 21 20 53 65 9 75 53 5 63 48 
#18 51 61 53 58 47 1 53 20 6 75 2 57 17 48 
#9 51 61 36 44 47 20 53 27 5 63 53 57 63 56 
#9 48 47 15 44 47 20 28 27 20 63 53 8 2 56 
#52 48 10 15 58 47 20 53 23 5 63 53 57 63 56 
#52 65 61 32 17 21 1 53 23 5 35 53 57 27 4 
#35 51 61 32 58 21 22 53 20 9 35 2 5 63 48 
#52 51 61 53 44 21 1 53 65 42 63 28 57 63 8 
#52 48 61 15 44 47 4 53 17 18 63 37 57 63 4 
#18 48 10 15 44 47 4 30 23 20 63 37 57 63 48 
#9 59 28 53 44 47 20 60 17 20 63 53 57 63 48 
#35 51 47 15 58 47 4 30 17 20 63 19 14 27 48 
#35 16 47 53 58 47 20 30 17 42 63 19 14 63 48 
#35 51 49 53 44 47 20 53 65 42 63 37 5 50 48 
#24 51 49 53 58 42 20 53 20 9 63 2 57 50 48 
#24 1 49 53 58 42 20 19 65 3 20 28 8 63 48 
#25 59 28 53 58 47 20 53 20 20 63 7 16 2 48 
#11 59 61 36 11 47 4 19 20 9 63 61 4 25 56 
#35 59 21 36 44 21 22 28 17 9 63 53 14 63 48 
#25 48 61 53 58 21 59 53 65 18 63 53 72 21 56 
#24 59 49 53 44 46 20 19 23 20 63 7 57 17 48 
#25 4 61 36 44 47 20 53 17 9 63 19 57 2 56 
#18 48 28 53 58 21 4 53 20 20 1 53 8 29 56 
#52 65 10 32 58 2 11 28 23 5 63 2 4 25 48 
#18 59 61 32 58 47 20 60 65 9 63 53 14 63 48 
#35 65 61 36 44 21 20 53 65 9 75 42 14 29 56 
#9 65 49 53 58 47 22 26 65 42 63 7 5 17 48 
#25 51 10 53 44 21 11 53 23 9 63 2 57 29 56 
#24 59 49 53 58 42 4 19 20 6 63 61 8 17 12 
#18 51 61 32 44 47 20 53 20 5 75 2 57 63 8 
#9 51 61 36 58 47 22 60 20 42 63 53 57 2 48 
#52 51 61 15 58 21 20 19 65 20 75 42 8 63 56 
#18 65 61 36 58 47 20 53 65 5 75 53 5 27 48 
#9 51 10 53 44 21 20 53 65 9 35 53 57 63 48 
#9 16 49 53 58 42 1 53 17 20 35 7 5 63 48 
#18 51 61 53 44 47 20 53 20 5 75 2 57 63 8 
#52 1 47 36 44 46 1 28 27 42 63 53 57 2 56 
#52 48 61 15 58 47 4 19 17 18 75 42 8 63 48 
#18 65 10 53 58 47 20 53 23 5 75 53 57 63 48 
#9 51 28 53 44 47 20 60 17 42 35 53 57 63 4 
#35 51 21 32 58 42 4 53 17 20 63 53 5 63 48 
#35 65 47 15 58 47 20 53 20 20 75 19 57 63 8 
#35 16 21 53 44 47 20 53 65 42 63 2 57 63 4 
#52 48 61 15 44 47 4 30 17 18 63 37 57 50 48 
#18 51 49 53 58 47 20 28 65 20 63 53 57 63 48 
#24 59 28 53 58 21 20 60 65 6 63 53 5 63 48 
7 43 49 55 14 26 
54 15 56 52 28 40 
51 47 16 12 27 57 
18 46 21 33 38 44 
8 9 45 58 24 13 
50 22 2 59 39 53 
#Base: 932
#Max: 726
#778970
#Turn 8
#25 51 61 36 44 2 20 53 20 5 75 42 14 63 56 
#18 51 61 53 44 47 20 53 20 5 75 2 57 63 8 
#18 51 47 15 44 47 20 53 20 20 75 19 57 63 8 
#9 65 10 53 44 47 20 53 65 20 75 53 5 63 8 
#35 16 10 53 44 47 20 30 17 42 75 53 5 63 48 
#18 51 21 32 58 42 1 53 20 20 75 2 57 63 48 
#35 16 21 53 44 47 20 53 20 6 75 2 57 17 48 
#35 65 21 53 58 47 20 53 23 5 75 53 57 63 4 
#24 65 10 53 58 42 20 53 20 5 75 2 57 63 48 
#9 51 49 53 58 42 20 53 65 42 63 2 5 17 48 
#52 51 10 15 58 21 4 53 17 9 35 53 57 63 48 
#9 51 61 53 44 21 20 53 65 9 35 53 57 63 56 
#35 51 61 36 44 47 22 53 27 5 63 53 57 5 56 
#35 51 49 53 44 47 22 53 65 9 63 37 5 5 48 
#52 48 49 53 44 47 20 30 17 42 63 37 57 50 48 
#52 65 10 36 58 47 20 53 65 5 63 53 57 27 56 
#52 51 61 53 58 47 20 53 65 5 63 53 5 27 48 
#52 51 61 53 58 21 1 53 65 42 63 53 72 63 8 
#25 48 61 53 58 21 59 60 65 18 63 53 14 63 48 
#9 51 61 32 58 47 20 60 20 9 63 53 57 63 48 
#24 19 61 36 43 46 22 26 65 6 63 7 57 17 56 
#25 4 61 53 14 21 20 53 65 6 75 61 8 17 56 
#18 51 61 53 58 47 20 19 65 20 63 42 57 63 56 
#18 59 49 53 44 47 20 28 17 20 63 53 57 63 48 
#9 65 28 53 44 21 20 26 65 42 63 42 5 63 56 
#52 1 61 15 44 46 4 28 17 42 63 53 57 63 4 
#52 48 61 53 58 47 4 53 17 18 63 53 72 27 4 
#18 59 28 53 58 47 3 60 17 6 63 53 72 27 48 
#24 59 28 36 58 21 20 53 65 9 75 42 5 29 56 
#35 65 28 53 44 21 20 60 65 9 75 53 14 29 56 
#35 65 61 32 44 42 20 53 65 20 63 53 5 63 48 
#18 51 61 53 58 47 1 53 20 5 75 2 57 17 8 
#18 51 21 53 44 47 20 53 20 5 75 2 57 63 8 
#18 65 10 53 58 47 20 53 23 20 75 53 57 63 48 
#9 51 49 53 44 21 20 53 65 9 75 53 57 50 48 
#9 65 49 53 58 47 22 26 17 42 63 7 14 17 48 
#35 51 61 32 58 47 4 19 17 20 75 42 8 63 48 
#18 51 10 53 58 21 20 53 65 6 35 2 57 63 48 
#35 16 61 36 44 47 20 53 65 42 63 53 57 63 56 
#18 65 10 36 44 47 20 53 23 9 75 53 57 5 48 
#35 51 49 53 58 42 20 53 20 42 63 2 5 50 48 
#9 65 61 15 44 47 4 30 17 42 63 37 57 17 48 
#52 48 61 15 58 47 20 53 23 18 63 53 57 63 48 
#9 65 10 53 58 21 20 53 65 9 35 53 57 27 48 
#52 51 61 36 44 21 1 53 27 5 63 53 57 63 56 
#25 48 61 36 44 47 22 53 65 18 63 53 72 21 48 
#35 59 49 53 44 47 20 60 65 42 63 37 14 50 48 
#52 51 61 36 44 47 4 60 20 42 63 37 57 50 48 
#24 48 10 36 58 46 20 53 23 5 63 7 57 17 56 
#18 65 61 36 14 47 22 53 65 5 63 61 57 17 48 
#52 51 61 15 44 21 1 53 65 20 63 28 8 63 56 
#18 51 49 53 58 21 20 28 65 20 63 53 72 21 56 
#18 59 61 53 58 47 20 60 17 20 63 53 14 63 48 
#35 51 61 36 44 47 20 26 20 42 63 53 5 29 56 
#52 1 47 36 44 46 1 26 65 9 63 7 57 17 56 
#25 4 61 53 14 47 4 53 17 18 63 61 57 17 4 
#52 48 21 53 58 47 20 19 65 42 75 53 8 27 48 
#18 51 28 53 58 47 20 60 65 20 63 53 57 63 48 
#35 65 28 36 44 21 20 60 17 9 63 53 14 63 56 
#9 65 28 53 44 21 20 26 17 42 75 42 57 63 56 
13 3 29 51 49 8 
40 24 56 42 44 12 
27 23 45 22 46 7 
14 47 57 17 18 33 
50 11 16 38 30 52 
53 26 19 15 34 59 
#Base: 932
#Max: 716
#768240
#Turn 9
#9 65 10 53 44 47 22 53 65 20 75 53 5 5 8 
#9 65 10 53 44 21 20 60 65 20 75 53 5 63 8 
#18 51 28 53 58 21 20 28 65 9 63 53 72 21 56 
#18 51 61 53 14 21 22 53 65 5 63 53 72 21 56 
#18 65 10 53 58 47 22 53 65 5 75 61 57 63 48 
#9 51 28 53 44 21 20 53 65 42 63 42 5 63 48 
#9 48 28 53 44 21 20 26 65 42 75 42 8 27 48 
#52 48 21 53 58 47 20 53 65 18 75 53 8 63 48 
#52 51 61 36 58 47 1 53 27 5 63 53 57 63 48 
#35 51 61 36 44 47 22 53 27 5 63 53 57 63 56 
#18 59 28 53 44 47 20 28 17 20 63 53 72 27 48 
#18 59 61 53 44 47 22 28 65 20 63 53 57 63 48 
#25 48 61 53 58 47 20 53 65 18 63 53 57 63 56 
#18 51 49 53 58 47 20 19 65 42 63 42 57 63 56 
#35 59 21 53 58 47 20 53 23 5 63 53 57 63 48 
#52 48 61 36 44 47 20 30 17 42 63 37 57 50 48 
#52 51 28 36 44 47 20 60 65 20 63 53 57 50 48 
#52 51 61 53 58 21 1 53 65 42 63 53 57 63 8 
#25 48 61 53 58 21 59 53 65 42 63 53 72 63 48 
#25 65 10 53 58 21 59 53 65 18 63 53 14 63 48 
#9 51 61 53 44 21 1 53 65 9 35 28 8 63 56 
#9 51 61 53 58 21 20 53 65 9 63 53 5 63 56 
#35 16 61 36 44 47 20 53 65 5 63 53 57 27 56 
#35 16 61 32 44 42 20 53 65 20 63 53 57 63 56 
#18 59 61 53 44 47 20 60 65 20 63 53 5 63 48 
#52 48 61 53 58 47 4 53 17 18 63 53 5 27 4 
#52 48 61 53 58 47 20 60 17 9 63 53 57 63 48 
#52 51 61 36 58 47 20 53 20 9 63 53 57 27 56 
#52 51 49 53 58 47 20 53 65 9 63 53 57 50 48 
#9 51 28 53 44 21 20 26 17 42 75 53 57 63 56 
#35 51 49 53 44 42 22 53 20 9 63 37 5 50 48 
#9 65 28 53 44 21 20 53 65 20 75 42 5 63 56 
#35 65 21 53 58 21 20 60 65 9 75 53 14 29 48 
#52 51 61 15 58 47 20 28 23 20 63 53 72 21 48 
#52 51 61 36 14 21 1 53 27 5 63 53 57 17 48 
#24 65 61 53 58 42 22 53 27 5 63 2 57 63 56 
#35 59 49 53 58 42 3 53 20 6 63 53 72 27 48 
#9 59 49 53 44 47 20 26 65 42 63 53 57 63 56 
#25 48 21 53 44 47 20 53 65 42 63 53 8 21 48 
#52 51 61 15 58 47 20 19 65 20 63 42 57 63 48 
#52 59 61 53 44 21 1 53 27 42 63 53 14 63 56 
#35 51 21 53 58 47 20 53 27 5 63 53 57 63 4 
#18 48 49 53 44 47 3 60 17 42 63 53 72 27 48 
#52 51 61 53 44 47 4 28 20 20 63 37 57 50 48 
#25 51 61 53 58 47 20 60 65 20 63 53 57 63 48 
#52 51 61 53 58 47 1 19 65 42 63 42 57 63 56 
#25 59 61 53 58 47 59 60 65 42 63 37 14 50 48 
#18 65 10 53 58 47 20 53 23 20 75 53 57 63 4 
#52 48 61 53 44 21 1 30 17 42 63 28 8 50 48 
#52 51 61 36 44 21 20 53 65 9 63 37 57 63 48 
#18 51 61 53 58 47 20 60 65 20 63 53 5 27 48 
#52 16 61 36 58 21 20 53 65 42 63 53 57 63 8 
#25 48 61 53 44 21 20 60 65 20 63 53 5 63 48 
#18 59 10 53 58 47 20 60 17 20 75 53 57 63 48 
#35 51 61 15 44 47 20 26 20 20 63 53 8 63 56 
#9 51 61 53 58 47 20 53 65 18 35 53 72 27 4 
#9 51 61 53 58 47 20 53 20 5 63 53 5 27 48 
#52 16 10 36 58 47 20 53 65 42 63 53 57 63 56 
#35 51 61 53 44 42 20 53 65 20 63 53 5 50 48 
#9 65 61 53 44 21 20 26 17 20 63 42 57 63 48 
36 22 15 24 19 42 
35 52 51 26 9 40 
53 8 37 28 45 27 
4 13 12 18 46 57 
50 7 17 44 11 39 
43 58 49 16 23 14 
#Base: 932
#Max: 784
#841202
#35 16 61 53 44 42 20 53 20 6 63 53 72 27 48 
#35 48 61 36 44 47 20 53 65 5 63 37 57 50 48 
#18 48 61 53 44 47 20 60 17 20 63 37 57 50 48 
#25 65 61 53 58 21 20 60 65 18 63 53 14 63 48 
#18 65 49 53 58 47 3 60 65 18 63 53 72 63 48 
#25 65 61 53 58 21 20 60 27 5 63 2 5 63 56 
#25 16 61 53 58 21 20 60 65 42 63 53 57 63 8 
#52 48 61 53 58 47 20 53 65 9 63 53 57 63 48 
#52 48 61 36 58 47 20 60 17 5 63 53 57 63 48 
#52 59 61 36 44 21 1 53 27 42 63 53 14 63 56 
#52 51 10 36 58 47 1 53 27 5 75 53 57 63 48 
#9 59 61 36 58 47 20 53 27 5 63 53 57 63 48 
#9 59 49 53 58 47 20 26 65 9 63 53 57 63 56 
#52 51 61 53 58 47 20 19 65 42 63 42 57 63 48 
#52 51 61 53 58 47 20 19 65 42 63 53 57 63 56 
#18 51 10 53 58 47 20 19 65 42 75 61 57 63 56 
#18 48 61 53 58 47 20 53 65 18 63 53 57 63 56 
#25 48 61 53 58 47 20 53 65 42 63 53 57 63 56 
#25 59 61 53 58 47 59 60 65 42 63 53 72 63 48 
#25 16 10 36 58 47 59 60 65 42 63 37 14 63 48 
#52 48 21 53 58 47 20 60 65 20 75 53 5 63 48 
#52 51 21 53 58 21 20 53 65 42 75 53 8 63 8 
#25 51 61 53 58 47 20 60 65 42 63 53 57 63 48 
#18 51 61 53 58 47 20 60 65 20 63 53 57 63 48 
#52 59 61 15 44 47 20 28 65 20 63 53 57 63 48 
#52 51 61 53 44 42 4 28 65 20 63 37 5 50 48 
#52 51 61 36 44 21 20 53 65 9 63 37 57 63 48 
#52 51 28 36 44 21 20 60 65 20 63 37 57 50 48 
#52 51 28 36 44 47 20 60 65 20 63 53 57 63 48 
#35 59 61 53 58 42 20 53 65 20 63 53 57 63 56 
#24 65 49 53 58 42 22 53 27 6 63 53 72 27 48 
#35 16 61 53 44 21 20 60 65 20 63 53 5 27 48 
#52 48 61 36 44 21 20 53 17 42 63 37 57 50 8 
#18 48 61 53 44 47 20 60 17 20 63 53 57 63 48 
#25 65 10 36 44 47 22 53 65 5 63 53 14 63 48 
#52 48 61 53 44 21 3 53 27 42 63 53 14 63 56 
#24 59 61 53 58 47 22 60 27 5 75 2 57 63 56 
#52 48 61 36 58 47 1 60 65 5 63 53 57 63 48 
#52 16 61 36 58 21 20 26 65 42 63 53 57 63 56 
#52 48 61 53 58 47 20 53 17 9 63 53 57 63 48 
#35 51 61 53 58 47 1 53 65 42 63 42 57 63 56 
#52 51 61 53 44 47 20 53 20 9 63 53 57 63 56 
#18 59 10 53 58 47 22 60 17 5 75 53 57 63 48 
#52 51 61 53 58 47 20 19 65 5 63 42 57 63 48 
#25 48 49 53 58 47 20 26 65 18 63 53 57 63 56 
#52 48 61 53 58 47 59 53 65 42 63 53 72 63 48 
#52 51 61 53 58 47 59 60 65 42 63 42 57 63 56 
#52 51 61 36 58 47 20 53 20 42 63 53 57 63 56 
#18 65 10 53 58 47 22 53 65 5 75 61 5 27 48 
#52 51 21 53 58 47 20 19 65 42 63 53 8 63 48 
#25 51 61 53 58 47 1 53 65 18 63 53 57 63 8 
#25 51 61 53 58 21 59 60 65 42 63 53 57 63 48 
#25 59 61 53 58 47 22 60 65 42 63 37 14 50 48 
#52 51 10 36 58 47 20 53 65 42 63 42 57 63 48 
#18 51 61 53 58 47 20 60 20 20 63 53 57 50 48 
#52 48 21 53 44 42 20 53 65 18 75 53 5 50 48 
#52 51 61 36 44 21 1 53 65 42 63 37 57 63 8 
#25 51 28 53 58 47 20 60 65 20 63 53 57 50 48 
#35 59 61 32 44 42 20 53 65 20 63 53 57 63 56 
#52 59 61 15 58 47 20 19 65 5 63 42 57 63 48 
#Base: 932
#Max: 837
#898069
