#[0] 3, 3
#[1] 4, 3
#[2] 3, 4
#[3] 3, 2
#[4] 2, 3
#[5] 2, 4
#[6] 1, 3
#[7] 2, 2
#[8] 3, 1
#[9] 4, 4
#[10] 5, 3
#[11] 3, 5
#[12] 4, 2
#[13] 3, 0
#[14] 5, 4
#[15] 4, 5
#[16] 5, 2
#[17] 4, 1
#[18] 0, 3
#[19] 1, 4
#[20] 2, 1
#[21] 1, 2
#[22] 2, 5
#[23] 0, 4
#[24] 5, 1
#[25] 0, 2
#[26] 5, 5
#[27] 1, 5
#[28] 2, 0
#[29] 1, 1
#[30] 4, 0
#[31] 0, 5
#[32] 1, 0
#[33] 0, 1
#[34] 5, 0
#[35] 0, 0
#Turn 0
16 31 35 36 24 52 
27 37 6 3 0 5 
33 44 10 39 30 47 
26 51 1 29 20 55 
45 15 4 57 21 14 
38 43 17 25 18 28 
#Base: 910
#Max: 348
#382418
#Turn 1
#14 23 22 39 35 47 30 33 1 29 21 33 20 7 4 
#48 12 20 8 3 47 24 33 33 29 33 8 29 7 5 
#48 17 13 25 4 39 24 32 44 41 14 51 11 3 5 
#4 26 13 58 4 47 19 32 28 13 14 51 7 7 9 
#28 25 6 14 48 16 3 9 28 42 1 2 7 7 9 
#23 37 27 48 9 19 20 37 38 32 3 7 21 16 16 
#48 16 0 14 6 19 12 31 6 32 17 58 34 16 16 
#4 7 1 14 25 10 27 31 67 16 1 58 1 10 36 
#4 7 6 39 28 9 42 31 7 43 4 3 22 37 36 
#45 16 5 26 23 15 42 1 35 24 4 3 8 8 36 
#10 1 51 11 37 35 24 44 7 1 48 7 14 32 29 
#10 11 51 28 18 35 24 12 7 10 23 5 2 20 15 
#27 15 1 14 54 16 22 23 1 10 23 28 2 20 2 
#2 4 3 14 32 48 11 17 7 48 18 28 18 68 43 
#2 21 5 22 32 56 22 17 7 48 17 0 11 24 33 
#3 25 30 39 33 18 43 3 67 2 5 14 0 17 32 
#21 25 22 6 14 44 14 2 3 2 43 6 12 1 28 
#21 1 66 51 14 2 14 2 33 1 43 6 5 1 28 
#6 5 24 16 3 0 66 24 33 3 1 29 5 0 36 
#43 3 24 39 3 36 19 28 8 13 35 29 21 7 10 
#20 36 38 7 43 11 30 32 27 42 11 50 7 1 48 
#20 57 38 17 12 7 19 12 27 39 8 30 7 4 6 
#52 36 16 19 9 7 10 4 21 17 8 12 5 4 0 
#9 13 12 19 1 71 10 4 30 5 1 1 13 4 0 
#1 2 12 14 13 52 6 13 8 9 38 13 18 34 2 
#62 7 18 41 26 19 0 1 21 48 17 6 12 16 22 
#54 2 18 41 52 27 7 1 20 8 3 30 12 14 22 
#3 21 16 9 13 6 66 28 7 8 1 20 29 14 35 
#37 20 32 12 12 6 5 10 7 45 35 4 8 36 2 
#37 20 32 3 13 48 2 11 39 0 20 20 8 28 12 
#6 23 27 8 9 3 1 37 38 41 3 33 21 45 4 
#4 12 6 8 40 19 20 33 1 32 17 8 34 7 16 
#48 17 20 14 27 10 12 0 33 41 19 58 4 13 5 
#4 7 1 39 25 31 15 32 44 4 1 5 3 24 36 
#28 25 30 31 24 0 19 9 7 43 1 2 22 37 36 
#36 16 6 14 23 16 23 45 35 24 9 41 12 8 43 
#4 1 48 8 37 35 37 4 25 41 3 7 14 45 12 
#10 37 6 48 6 35 20 37 6 32 23 33 34 20 29 
#48 16 0 14 54 10 12 12 1 16 23 58 2 13 8 
#10 7 1 14 25 9 11 31 15 16 18 5 18 10 2 
#2 4 2 3 32 12 42 17 7 43 4 0 11 62 43 
#29 21 5 22 23 15 23 7 35 24 19 30 5 8 43 
#13 43 48 11 37 18 43 6 1 1 8 14 0 32 10 
#3 11 51 28 18 12 24 44 67 17 23 8 12 20 32 
#27 1 1 6 54 44 22 12 3 10 23 6 12 1 15 
#6 15 13 14 1 2 11 2 33 3 18 4 5 68 2 
#8 4 24 16 32 12 29 24 8 15 17 29 11 11 1 
#43 3 35 22 3 56 19 25 46 18 0 9 5 7 33 
#13 25 30 60 10 18 43 32 2 11 11 50 9 17 2 
#3 36 38 2 12 11 35 3 27 42 5 8 1 1 48 
#21 57 16 17 9 7 14 1 21 39 8 6 12 1 28 
#9 14 12 51 1 2 10 4 33 17 25 4 5 0 36 
#8 5 24 15 13 11 29 13 30 5 35 1 72 11 2 
#1 3 35 39 51 36 12 8 46 9 0 9 18 7 10 
#22 11 4 7 6 19 3 32 2 48 17 50 33 34 8 
#62 36 18 2 12 27 35 12 20 42 1 30 12 1 22 
#52 2 16 17 9 7 19 1 22 8 8 30 5 14 35 
#9 36 12 19 1 6 66 4 42 17 1 2 13 4 2 
#37 20 28 15 12 48 6 13 30 5 35 4 8 28 2 
#1 2 39 14 51 52 2 11 39 9 20 20 18 30 44 
23 21 57 36 18 5 
54 27 6 2 26 0 
53 37 59 15 17 14 
55 3 7 13 20 40 
8 32 38 43 48 25 
42 1 52 10 47 35 
#Base: 910
#Max: 403
#442857
#Turn 2
#20 57 12 17 12 71 10 4 30 39 8 30 7 4 6 
#20 36 12 17 1 7 66 12 27 39 8 30 7 4 2 
#4 36 48 8 37 35 37 4 42 17 3 7 13 45 2 
#6 1 48 8 37 0 66 4 25 41 3 29 5 45 12 
#23 5 27 48 3 0 20 24 38 32 1 29 5 16 16 
#3 11 4 9 6 19 66 28 7 48 1 20 29 34 8 
#48 16 0 14 13 6 12 31 7 8 1 20 34 14 16 
#48 16 13 25 6 39 24 32 6 41 17 51 34 16 5 
#54 2 13 25 4 27 7 1 44 41 14 51 12 3 22 
#14 2 18 39 52 47 30 33 1 8 3 33 20 14 4 
#1 3 6 48 51 36 20 8 6 32 23 33 18 7 10 
#10 37 39 48 6 52 20 37 6 32 20 20 34 20 29 
#3 25 39 14 51 18 43 11 67 9 5 14 0 17 44 
#3 1 66 51 14 2 43 3 33 2 5 14 5 17 28 
#21 21 66 51 14 56 14 2 7 48 43 0 5 24 28 
#4 36 18 2 12 47 35 32 20 13 14 51 7 7 22 
#4 7 1 58 4 10 27 31 67 13 1 51 7 7 9 
#2 7 1 14 32 10 27 31 67 16 18 28 18 68 36 
#20 36 38 7 43 48 30 17 7 48 11 50 7 68 43 
#20 36 2 3 43 11 42 17 7 42 4 0 7 62 48 
#4 17 6 14 27 9 42 31 33 41 19 3 4 13 36 
#48 16 20 14 27 10 12 12 33 16 19 58 2 13 8 
#3 11 0 28 54 10 12 44 1 17 23 8 2 20 32 
#13 25 51 60 10 18 24 32 67 17 11 50 12 20 2 
#62 7 30 60 26 19 0 32 2 11 11 6 9 16 22 
#48 12 48 8 37 18 24 6 33 29 33 14 0 7 10 
#48 12 20 8 3 47 24 33 30 5 33 8 29 11 2 
#8 1 51 11 37 35 29 13 30 1 48 1 72 11 2 
#43 3 35 11 3 56 19 25 46 18 0 7 14 32 33 
#43 3 35 22 23 56 23 25 46 18 0 9 5 7 33 
#22 13 12 19 6 71 10 4 30 48 17 1 13 34 8 
#20 21 38 17 13 6 66 12 7 8 1 20 7 4 35 
#48 16 0 19 6 6 66 31 42 32 1 2 34 16 2 
#48 1 48 25 37 39 37 4 25 41 14 51 14 3 12 
#54 2 18 16 3 27 66 1 20 3 1 29 12 14 22 
#23 23 27 48 9 19 20 37 38 32 3 7 20 7 16 
#1 11 35 7 51 19 3 8 2 48 17 50 33 7 10 
#10 37 16 48 13 6 20 37 6 8 1 20 29 20 35 
#48 16 0 14 51 52 12 11 6 9 17 58 18 30 44 
#48 25 30 25 33 39 43 3 67 41 5 51 0 17 5 
#54 1 66 51 52 2 7 2 33 1 3 30 5 14 22 
#14 21 5 22 35 47 22 17 7 48 21 0 20 7 4 
#1 36 18 39 12 36 12 8 46 9 1 9 12 1 10 
#4 26 6 48 4 35 19 37 6 13 23 51 7 7 9 
#4 2 39 14 51 10 27 11 39 16 1 20 1 30 44 
#2 25 3 39 32 48 11 17 7 48 5 28 18 68 43 
#21 36 38 7 14 11 30 2 33 42 11 50 7 1 28 
#2 4 5 22 32 12 22 17 7 48 4 0 11 62 33 
#4 36 18 2 12 27 35 12 20 43 1 30 12 37 22 
#48 17 13 14 4 10 12 32 28 41 19 58 7 13 9 
#4 7 1 14 54 10 12 31 1 16 1 58 1 13 36 
#3 4 51 14 32 12 11 44 7 48 18 28 12 20 43 
#20 25 30 7 10 18 43 32 27 42 11 50 9 17 2 
#62 4 2 41 32 12 0 17 7 48 4 6 11 62 43 
#13 7 6 11 37 18 43 31 7 43 8 14 22 37 10 
#48 12 20 14 3 10 24 33 33 41 33 58 29 7 5 
#8 16 0 14 13 11 12 12 30 16 35 1 2 13 8 
#10 1 51 28 37 12 24 44 67 17 23 7 14 20 32 
#43 25 35 22 3 18 19 25 46 11 11 9 9 7 33 
#62 7 18 41 26 19 23 45 21 48 17 6 12 16 22 
1 49 28 11 30 5 
36 8 13 53 32 51 
2 55 17 40 45 24 
19 27 14 18 23 57 
34 59 33 39 38 16 
9 7 0 12 3 29 
#Base: 910
#Max: 473
#519780
#Turn 3
#48 36 13 14 1 10 12 32 27 41 19 30 7 4 9 
#43 17 13 11 4 10 12 25 46 41 0 7 14 32 9 
#43 37 35 11 3 52 20 37 6 32 20 7 34 32 29 
#22 37 39 48 6 52 10 4 6 48 17 20 34 34 29 
#22 13 12 9 6 19 66 4 7 48 17 20 13 34 8 
#1 2 35 7 4 19 3 8 44 41 17 51 12 7 10 
#3 1 66 25 14 27 7 3 33 41 5 14 12 17 22 
#62 4 66 41 14 12 0 3 33 48 4 6 5 62 43 
#62 4 0 41 32 6 0 31 7 48 4 6 11 16 2 
#48 4 51 14 32 12 11 31 42 32 1 28 12 16 2 
#4 36 48 14 37 35 24 33 42 17 3 7 13 7 5 
#48 7 1 14 3 10 24 31 33 16 33 28 18 7 5 
#2 7 1 14 32 10 7 31 33 1 18 28 18 68 22 
#2 1 3 51 32 48 11 2 33 1 3 28 18 14 43 
#62 25 3 39 26 19 11 32 7 48 5 28 18 16 22 
#20 1 2 3 37 11 29 13 7 42 4 1 7 62 48 
#21 21 51 11 37 56 29 13 30 48 43 1 5 11 2 
#21 21 66 51 43 48 30 2 7 48 11 50 5 68 43 
#20 36 51 7 10 48 30 17 67 17 11 50 12 20 43 
#13 1 51 28 10 18 24 32 67 17 11 50 14 20 32 
#54 7 18 41 26 27 66 1 21 3 17 6 12 16 22 
#62 1 48 41 26 39 23 4 21 48 17 51 14 3 12 
#48 1 30 25 37 39 37 3 25 41 5 51 0 3 12 
#48 16 0 25 33 52 12 3 6 41 5 51 0 30 44 
#48 7 1 58 4 52 12 31 6 13 17 51 7 7 9 
#48 16 13 39 6 47 24 33 6 41 17 33 34 16 5 
#20 16 13 25 6 39 24 32 6 39 8 51 34 16 5 
#3 25 12 17 51 71 43 11 67 9 8 14 0 17 44 
#6 25 39 14 37 18 66 4 25 41 3 14 5 17 44 
#6 3 35 22 23 56 66 4 46 41 0 9 5 7 33 
#20 36 35 7 1 19 3 8 2 39 17 30 7 7 10 
#48 2 13 25 4 10 12 1 28 41 19 51 12 13 22 
#43 3 35 11 3 56 43 25 46 2 5 7 5 17 33 
#62 37 2 48 32 52 20 17 7 32 20 20 11 20 43 
#48 16 0 19 6 71 66 4 42 48 1 1 13 16 8 
#3 4 51 9 6 12 11 28 7 48 18 20 12 20 8 
#4 11 48 7 37 35 37 8 42 48 3 7 13 7 2 
#54 2 13 14 4 10 7 33 44 41 14 58 12 7 22 
#2 7 1 51 14 10 27 31 33 16 5 14 5 17 36 
#62 4 66 51 52 2 7 2 33 1 4 30 11 14 43 
#2 16 3 19 32 6 66 31 7 32 5 28 34 68 43 
#62 7 51 60 26 12 11 44 7 11 11 6 9 20 43 
#4 36 2 8 43 35 42 17 7 42 4 0 13 45 2 
#48 1 51 11 37 35 29 33 30 1 48 58 29 11 2 
#21 7 1 14 32 56 14 2 67 48 43 28 18 24 28 
#20 1 38 51 52 2 7 2 7 1 3 50 7 68 43 
#13 25 51 60 32 18 24 17 7 17 11 50 18 20 43 
#10 7 30 60 37 12 24 32 2 17 11 7 9 16 32 
#54 36 2 16 43 27 66 17 7 42 4 0 7 62 48 
#8 7 18 11 37 35 29 45 30 48 17 6 72 16 22 
#21 21 48 25 37 56 37 4 7 48 43 51 14 24 12 
#48 36 38 7 43 39 43 17 7 41 11 51 7 17 43 
#13 16 51 14 51 52 24 11 67 17 17 50 18 30 2 
#4 7 51 28 4 12 27 44 67 13 1 51 14 7 32 
#54 2 18 16 52 47 30 1 1 3 1 33 12 14 4 
#48 7 13 25 26 39 24 45 6 41 17 6 34 16 5 
#20 1 12 17 12 71 37 4 25 41 8 51 7 3 6 
#48 25 39 14 33 39 43 11 67 41 5 14 0 17 5 
#48 1 48 8 37 52 66 11 25 41 17 29 18 30 44 
#43 3 1 58 23 56 27 31 67 13 1 9 7 7 33 
32 20 3 57 19 22 
56 24 29 52 41 16 
28 49 18 27 39 53 
40 34 58 17 7 59 
2 33 51 48 50 21 
37 46 44 43 45 23 
#Base: 910
#Max: 514
#564835
#Turn 4
#54 3 35 11 3 56 66 25 21 3 17 6 5 17 33 
#54 7 18 48 6 27 10 4 21 48 17 6 34 16 29 
#48 25 39 14 33 52 43 11 67 48 5 20 34 17 5 
#13 25 51 14 33 18 43 11 67 17 5 14 0 17 5 
#13 1 30 25 10 18 37 3 67 17 11 51 0 20 32 
#48 1 1 17 4 71 12 31 6 41 17 51 7 3 6 
#6 3 1 22 23 52 12 31 46 41 0 9 7 7 33 
#13 3 35 22 23 56 66 4 46 41 0 9 5 30 2 
#13 16 51 60 51 52 24 11 67 17 11 50 18 30 43 
#62 21 51 11 26 12 11 13 7 48 43 1 5 20 43 
#8 25 39 11 37 35 66 4 25 48 3 6 72 17 44 
#20 7 51 7 37 35 30 17 67 48 17 50 72 16 43 
#20 25 51 7 51 48 43 17 67 9 11 50 0 17 44 
#3 25 66 17 52 71 43 11 67 1 4 14 0 14 43 
#4 7 51 28 52 2 27 44 67 1 4 51 14 14 32 
#48 16 3 19 32 6 66 4 42 32 1 28 13 68 8 
#48 1 48 8 37 52 66 11 42 41 17 29 18 16 44 
#48 1 66 51 37 52 30 11 25 48 11 29 5 30 43 
#62 21 66 51 14 48 30 3 7 48 4 50 5 62 43 
#43 3 1 58 14 12 0 31 33 13 1 6 7 62 33 
#43 37 2 48 3 52 20 17 7 32 20 20 34 20 43 
#62 37 38 48 43 39 43 17 7 41 11 20 11 20 43 
#48 36 2 7 43 39 66 17 7 42 11 51 7 17 43 
#21 36 48 25 37 27 37 4 7 48 43 51 14 62 48 
#62 21 48 25 26 56 23 4 7 48 43 51 14 24 12 
#54 2 13 14 4 10 7 17 7 41 11 58 12 20 43 
#21 25 51 14 32 18 24 2 67 17 11 50 18 20 28 
#21 7 1 14 32 56 14 2 30 48 43 28 18 11 2 
#20 1 51 11 52 35 7 2 7 1 48 58 7 68 2 
#20 1 0 51 52 52 12 2 7 1 3 51 0 30 43 
#20 1 12 17 3 56 37 4 46 41 5 51 5 17 33 
#54 7 18 41 26 52 12 31 21 13 17 6 7 16 22 
#22 37 39 48 6 56 66 4 6 48 17 9 5 34 33 
#13 16 51 14 33 52 43 11 67 17 17 14 0 30 2 
#62 1 51 28 10 12 11 32 67 11 11 6 9 20 32 
#21 21 30 11 37 39 29 13 30 41 43 51 0 11 12 
#20 1 12 14 12 18 37 4 25 41 3 14 7 17 44 
#8 7 1 11 37 52 12 31 6 48 17 6 72 7 9 
#20 3 51 7 10 48 66 4 46 41 11 9 5 7 33 
#3 16 12 14 51 71 43 11 67 17 17 50 0 30 2 
#62 4 51 60 52 12 7 2 7 11 4 30 9 20 43 
#21 21 51 28 4 56 27 44 67 13 43 1 14 7 32 
#2 25 3 14 37 6 66 4 7 41 3 28 34 68 44 
#48 7 18 19 6 35 29 45 42 48 17 6 13 16 8 
#48 1 51 7 37 52 30 11 25 17 17 29 12 20 44 
#21 21 12 51 51 48 30 2 67 48 11 50 0 68 43 
#62 4 66 51 14 12 7 2 33 1 4 6 5 62 43 
#43 3 51 58 23 12 27 44 67 13 1 9 7 7 32 
#2 37 35 11 32 6 20 37 7 32 5 28 34 68 29 
#62 37 2 48 32 71 20 4 7 32 1 1 11 20 8 
#48 36 48 8 43 39 43 11 25 41 17 51 7 30 44 
#21 21 66 16 43 27 66 2 7 42 11 0 5 62 43 
#62 4 66 41 37 12 37 4 7 48 4 51 14 62 43 
#62 3 48 41 26 56 23 31 21 48 1 51 14 7 33 
#54 37 13 11 3 10 7 37 6 32 14 58 12 7 29 
#13 37 51 48 32 18 24 17 7 32 11 50 11 20 43 
#21 7 1 14 43 39 14 2 7 48 11 51 7 17 43 
#54 1 51 16 37 27 29 17 7 42 48 58 29 11 2 
#21 1 38 51 52 2 37 4 7 48 3 50 7 68 43 
#62 16 0 41 33 39 12 4 21 41 17 51 14 3 44 
7 38 14 39 28 49 
33 40 46 23 22 42 
15 32 17 8 13 41 
10 16 52 45 11 58 
59 21 53 18 12 24 
34 57 2 51 50 47 
#Base: 910
#Max: 523
#574725
#Turn 5
#20 3 51 7 23 56 66 4 46 41 0 9 5 30 2 
#4 3 51 28 10 48 66 4 67 1 4 51 5 14 33 
#4 16 12 28 51 71 27 44 67 17 4 50 14 14 32 
#20 16 12 14 52 71 7 2 7 17 17 58 0 68 2 
#62 37 51 11 52 35 7 4 7 1 48 1 7 68 2 
#62 4 51 60 52 52 43 2 67 11 4 14 9 20 43 
#62 4 66 51 14 12 7 2 7 11 4 30 9 62 43 
#62 36 48 51 37 12 37 4 33 48 43 6 5 62 48 
#21 36 48 25 43 39 66 17 7 48 11 51 7 17 48 
#2 25 3 14 37 6 66 17 7 42 3 51 34 17 44 
#22 16 3 19 32 56 66 4 42 32 17 28 5 34 8 
#48 1 39 51 6 52 66 4 25 48 11 9 5 34 33 
#48 1 66 60 51 52 30 11 67 17 11 29 18 30 43 
#3 16 66 17 52 52 24 11 67 17 11 50 0 14 43 
#21 25 51 28 4 56 43 44 67 13 43 1 14 7 43 
#48 1 48 8 37 52 66 4 42 48 17 29 18 17 44 
#48 4 48 41 37 52 37 11 7 48 4 29 18 62 43 
#62 4 12 41 51 12 37 2 67 48 4 50 0 62 43 
#21 7 51 51 51 48 30 17 67 48 11 50 0 16 43 
#20 1 51 51 37 35 30 17 67 48 17 50 7 68 43 
#62 16 38 48 43 39 12 17 21 41 11 20 14 20 43 
#62 3 38 48 26 56 43 31 21 41 11 51 14 7 33 
#62 3 48 51 26 56 30 3 7 48 1 50 14 62 43 
#62 21 66 51 51 48 43 17 7 48 11 50 0 17 43 
#62 25 48 7 51 48 23 17 7 48 43 50 0 17 12 
#54 1 51 16 10 27 29 32 67 42 48 6 9 20 2 
#48 25 39 14 33 52 29 11 7 42 5 58 29 17 5 
#21 21 39 14 33 27 66 11 7 48 5 0 34 62 43 
#21 36 48 16 43 39 43 11 7 41 11 0 7 30 44 
#43 3 51 8 43 39 27 44 67 41 17 51 7 30 32 
#13 16 51 22 23 56 43 11 67 41 0 14 0 30 2 
#62 3 51 7 52 12 7 4 7 11 4 30 9 7 43 
#4 4 66 51 14 2 7 2 67 1 4 51 5 14 43 
#3 16 48 25 37 27 43 4 7 48 43 50 14 30 48 
#48 36 2 7 43 39 7 17 7 42 11 58 7 68 43 
#62 25 2 14 32 6 66 4 7 41 3 28 11 20 8 
#13 16 51 14 32 52 66 11 42 17 17 14 0 68 2 
#22 4 51 48 6 12 66 4 6 11 17 30 9 34 43 
#48 4 66 51 37 52 30 11 25 1 11 29 5 30 43 
#21 16 48 25 37 27 37 4 7 17 43 50 14 62 43 
#3 25 66 7 52 71 43 11 67 42 4 14 0 14 43 
#2 21 3 14 37 6 27 44 7 41 3 1 34 68 32 
#8 16 3 11 32 35 66 4 42 32 1 28 13 68 8 
#48 1 39 8 37 56 66 4 6 48 17 29 18 16 33 
#62 4 66 41 37 12 30 4 25 48 4 51 5 30 43 
#21 16 51 60 51 52 30 2 67 17 11 50 0 30 43 
#20 25 66 7 37 35 43 11 67 48 4 50 72 14 43 
#21 1 38 51 52 56 27 44 67 13 43 50 14 7 32 
#8 25 39 41 33 39 66 4 25 48 3 51 72 17 44 
#48 37 48 8 37 39 66 17 42 41 11 29 11 20 44 
#62 3 48 41 37 12 37 4 21 48 1 51 14 62 43 
#21 21 12 51 14 48 30 3 67 48 11 50 5 68 43 
#20 25 51 7 51 35 30 17 67 48 17 50 0 17 43 
#21 1 48 25 52 2 37 4 7 48 43 51 14 24 12 
#62 1 51 41 33 12 11 4 21 41 11 51 14 20 32 
#54 1 38 16 37 27 43 17 7 42 48 20 11 11 2 
#62 3 48 14 26 56 23 31 21 48 5 20 14 7 5 
#62 21 66 16 43 27 30 3 7 48 4 0 5 62 43 
#20 36 48 7 51 39 43 11 67 41 11 50 7 17 44 
#43 3 51 25 26 56 23 4 67 13 43 51 14 24 12 
27 4 13 15 44 11 
38 59 8 22 49 2 
24 21 5 7 17 52 
40 48 12 46 23 45 
34 16 51 19 47 29 
36 57 58 18 50 14 
#Base: 910
#Max: 542
#595604
#Turn 6
#62 37 39 14 33 27 7 11 7 1 5 1 34 62 43 
#62 16 51 17 52 52 24 11 7 17 11 1 0 68 43 
#48 1 48 17 52 52 24 4 42 17 11 50 18 14 43 
#48 1 66 8 37 52 30 4 25 48 17 29 5 17 43 
#48 1 39 41 37 52 30 4 25 48 11 9 5 30 33 
#48 4 51 25 37 52 30 4 25 1 43 29 5 24 12 
#21 3 48 25 43 39 23 17 7 13 11 51 14 17 48 
#21 36 48 25 26 56 30 3 7 48 11 51 7 62 43 
#62 3 48 8 37 39 30 17 42 41 11 50 11 62 44 
#4 16 48 8 37 71 66 44 67 41 11 50 11 14 32 
#62 3 38 48 51 56 23 31 7 41 11 50 0 17 12 
#62 3 38 48 52 56 43 2 67 41 4 51 14 7 33 
#62 4 51 51 37 12 37 4 67 48 4 14 5 20 48 
#62 4 48 41 37 12 37 4 33 48 4 50 0 62 43 
#62 4 12 41 51 35 37 17 67 48 17 50 0 62 43 
#3 25 66 7 33 39 66 4 25 48 4 51 72 17 43 
#8 1 39 60 51 39 30 4 25 17 3 29 72 30 43 
#20 1 66 60 51 52 43 11 67 48 11 50 18 30 43 
#20 21 66 7 51 35 43 11 7 48 4 50 72 14 43 
#62 21 51 51 51 48 43 2 67 17 11 50 0 30 43 
#48 4 2 41 43 39 7 11 7 42 11 29 18 68 43 
#21 21 48 41 37 48 37 3 67 48 11 29 5 68 43 
#21 21 51 51 14 35 30 17 67 48 11 50 7 68 43 
#20 1 51 51 37 35 27 17 67 48 17 50 14 7 32 
#43 3 51 8 43 39 27 44 67 41 17 51 7 7 32 
#13 21 51 16 32 27 66 11 7 48 4 14 0 62 2 
#20 36 48 16 51 27 43 11 67 48 4 50 7 62 44 
#20 36 48 7 51 39 43 17 67 48 11 50 7 17 43 
#21 7 51 51 51 12 30 17 67 48 11 51 14 16 43 
#21 3 51 41 37 12 43 44 67 48 43 51 14 62 43 
#48 4 39 51 37 52 30 11 7 48 11 29 5 62 43 
#62 37 51 25 26 35 23 4 7 13 43 1 7 24 12 
#3 16 48 25 52 52 24 11 67 48 11 51 7 14 43 
#62 1 48 8 26 56 66 4 7 48 17 29 18 17 44 
#62 4 66 41 37 12 30 17 25 41 11 29 11 20 44 
#4 1 12 51 6 52 66 4 67 17 11 50 5 34 33 
#48 25 66 51 37 48 30 17 25 48 11 29 0 30 12 
#43 3 38 48 26 56 43 4 21 13 11 51 14 24 33 
#62 36 48 60 43 52 43 2 7 11 11 14 7 20 43 
#62 36 48 51 37 12 37 3 7 48 43 50 14 62 48 
#48 4 48 41 37 39 37 2 67 41 11 29 11 20 43 
#4 16 12 28 51 71 30 17 67 48 17 50 14 17 43 
#3 25 48 7 52 48 23 17 7 42 4 50 0 17 43 
#8 25 39 41 26 56 43 31 21 48 11 51 72 7 33 
#62 1 51 60 52 52 43 11 67 11 4 29 18 30 43 
#20 36 66 51 37 35 37 11 33 48 43 6 5 14 48 
#62 21 66 51 51 12 37 17 7 48 11 50 0 62 43 
#20 16 51 7 51 52 30 2 67 17 11 50 0 17 43 
#48 36 2 7 52 71 7 11 67 42 11 14 7 68 43 
#48 25 39 41 33 39 37 11 25 48 3 29 18 17 44 
#21 1 12 51 14 48 30 11 67 48 11 50 18 68 43 
#20 1 66 7 37 35 30 11 67 48 4 50 7 14 43 
#21 1 38 51 52 48 27 44 67 48 43 50 0 17 43 
#43 16 51 60 43 52 27 2 67 41 17 50 0 30 32 
#48 16 51 14 43 52 7 17 42 42 17 14 7 68 2 
#62 21 66 16 37 27 37 3 7 48 4 29 18 62 43 
#20 21 12 51 14 39 43 3 67 48 11 50 5 68 43 
#21 7 51 51 51 35 30 17 67 48 17 50 7 68 43 
#62 1 48 41 52 56 37 44 67 13 1 51 14 62 43 
#43 25 51 28 43 56 43 44 67 13 43 1 7 7 43 
7 32 13 48 50 24 
30 45 8 14 43 28 
55 56 52 39 19 18 
9 46 57 58 29 26 
12 59 53 17 44 21 
40 27 15 11 22 41 
#Base: 910
#Max: 592
#650549
#Turn 7
#21 16 48 25 52 56 24 11 67 48 11 51 7 14 43 
#62 4 48 25 37 12 24 4 67 48 4 51 7 14 43 
#48 4 48 41 52 12 7 4 67 48 4 14 7 62 43 
#21 1 12 51 52 71 7 11 67 42 11 50 18 68 43 
#43 3 12 8 43 39 27 44 67 48 17 51 7 68 43 
#48 36 39 51 37 35 30 11 7 48 43 29 5 14 48 
#20 3 66 51 37 39 37 17 42 48 11 50 11 14 44 
#62 4 12 8 37 39 30 17 67 41 17 50 11 62 44 
#8 4 12 41 51 56 43 17 21 48 17 50 0 7 33 
#21 25 39 41 26 56 43 31 67 48 11 51 72 7 43 
#62 21 12 51 14 39 43 3 67 48 11 29 18 68 43 
#21 21 12 51 52 48 27 44 67 48 43 50 5 68 43 
#62 1 38 51 52 48 27 3 67 48 43 50 14 17 48 
#62 21 51 51 37 48 43 2 67 17 11 50 14 30 48 
#20 21 51 7 51 35 43 11 7 48 11 50 0 14 43 
#62 21 48 8 37 71 37 17 7 48 11 50 11 62 32 
#21 7 51 51 51 12 37 17 67 48 17 50 7 68 43 
#62 7 48 41 51 35 30 17 67 13 17 51 7 68 43 
#21 1 51 41 52 12 37 44 67 13 43 51 14 62 43 
#20 3 48 16 51 12 43 44 67 48 43 51 14 62 44 
#62 4 51 51 37 12 43 4 67 13 43 1 7 7 48 
#43 16 51 28 43 52 43 44 67 41 43 50 0 30 32 
#20 1 66 60 51 52 43 2 67 41 11 50 18 30 43 
#62 1 66 60 52 52 43 11 67 11 4 29 18 30 43 
#21 1 51 41 37 52 37 3 67 48 4 29 5 30 43 
#20 36 48 7 37 39 37 2 67 41 11 29 11 20 43 
#3 25 66 7 33 39 66 4 67 48 11 51 7 17 43 
#3 25 38 7 33 39 66 4 67 48 4 51 14 17 33 
#62 3 38 48 14 56 43 17 67 48 11 51 14 7 33 
#21 21 51 51 14 71 30 17 67 48 17 50 14 17 43 
#48 4 48 25 26 52 30 11 7 48 11 29 5 62 43 
#3 36 66 25 37 52 24 11 67 48 11 6 5 14 43 
#62 4 48 8 37 12 37 17 33 41 11 50 0 62 43 
#62 4 12 41 51 71 7 11 67 48 11 14 0 62 43 
#21 1 12 41 14 56 30 11 67 48 11 51 72 7 33 
#43 7 51 8 43 12 27 17 67 41 11 51 7 7 43 
#48 4 66 16 37 52 37 3 7 48 11 29 18 62 43 
#20 36 66 51 37 35 37 11 67 48 43 50 5 68 43 
#62 3 48 8 52 39 30 17 42 41 11 50 11 17 43 
#62 36 48 41 37 12 37 17 7 48 17 50 14 62 48 
#62 21 39 41 26 48 43 2 67 17 11 50 0 30 43 
#20 7 66 51 51 12 43 11 67 48 4 50 72 14 43 
#62 16 66 16 37 27 37 44 67 41 11 29 11 14 32 
#20 21 12 51 14 12 37 17 7 48 11 50 5 68 43 
#21 7 38 51 51 35 27 44 67 48 17 50 7 68 43 
#62 1 48 51 52 56 37 44 67 13 43 50 14 62 48 
#21 21 51 51 37 12 43 44 67 48 11 51 0 30 43 
#20 21 48 16 51 27 43 11 67 48 4 50 7 62 43 
#62 16 48 8 37 71 66 4 67 41 11 50 11 20 48 
#43 21 51 51 43 56 43 17 7 13 43 50 7 7 43 
#21 7 51 60 43 35 27 2 67 41 17 50 7 30 43 
#20 1 66 60 52 56 37 11 67 48 11 51 14 62 43 
#62 1 51 60 37 52 43 44 67 11 43 51 14 62 43 
#21 36 48 16 37 48 43 3 67 48 4 29 5 62 44 
#48 4 48 41 37 39 37 4 67 41 11 29 11 20 48 
#20 36 51 7 51 39 43 44 67 48 11 50 7 17 43 
#43 16 51 60 43 52 27 2 25 41 17 51 0 30 43 
#62 1 38 48 52 56 43 2 67 48 11 51 18 30 33 
#62 21 51 60 14 35 43 17 67 48 11 29 18 30 43 
#21 16 48 41 51 71 30 17 67 48 11 50 5 17 43 
40 42 29 16 10 28 
53 33 3 21 58 15 
4 59 12 11 9 39 
22 44 51 45 37 19 
47 13 57 52 48 23 
7 55 18 41 17 46 
#Base: 910
#Max: 648
#712088
#Turn 8
#62 16 66 41 37 48 43 2 67 17 11 29 0 30 32 
#21 16 66 51 37 71 30 17 67 41 11 50 11 17 43 
#21 21 51 51 51 12 37 17 67 48 17 50 7 68 43 
#62 21 51 51 14 12 37 3 67 48 11 29 7 68 43 
#62 3 38 51 14 39 43 3 67 48 11 51 14 68 33 
#62 4 12 41 37 48 43 11 67 48 4 14 5 62 44 
#62 1 12 41 52 71 7 11 67 42 11 50 18 68 43 
#21 1 51 51 43 71 43 44 67 41 11 50 0 68 43 
#62 16 51 28 43 35 43 17 67 41 11 50 0 30 32 
#62 21 51 60 14 35 43 17 7 48 11 29 18 30 43 
#43 16 12 8 51 71 30 17 67 48 17 51 5 68 43 
#62 16 38 51 52 48 27 17 67 48 11 50 14 17 43 
#62 1 12 51 52 48 27 3 67 48 43 50 5 17 48 
#21 25 12 51 52 48 43 31 67 48 11 50 5 68 43 
#62 25 48 41 26 56 37 31 7 48 17 51 14 7 43 
#20 7 66 60 51 35 27 44 67 41 11 50 18 68 43 
#20 1 38 60 52 56 37 44 67 48 11 50 7 68 43 
#62 1 66 60 52 56 37 44 67 13 11 50 14 62 48 
#20 36 48 51 37 35 37 11 67 48 43 50 5 68 48 
#20 36 48 16 37 12 43 11 67 48 43 51 5 68 44 
#62 21 48 16 51 48 43 2 67 48 4 50 14 62 48 
#62 1 38 51 37 48 43 2 67 17 11 50 18 30 33 
#62 1 51 48 37 56 43 2 67 11 43 51 18 62 43 
#62 16 48 8 37 71 43 4 67 41 11 51 11 62 43 
#62 16 48 60 37 71 66 11 67 11 11 29 18 20 48 
#20 4 12 8 37 39 30 44 67 41 17 50 11 62 43 
#21 1 51 41 51 12 37 44 67 13 11 51 14 17 43 
#21 7 51 51 51 12 37 11 67 48 43 50 14 62 43 
#20 7 48 51 51 12 43 11 67 48 17 50 72 14 43 
#21 7 51 51 37 35 30 44 67 13 11 51 0 30 43 
#62 36 48 16 37 48 43 3 67 48 4 50 5 62 43 
#62 4 66 16 51 71 7 44 67 41 11 14 0 14 43 
#21 21 51 51 14 71 30 11 67 48 11 50 18 68 43 
#43 16 51 28 43 12 43 44 67 41 17 50 0 68 32 
#62 21 12 60 14 35 43 3 67 48 11 29 18 68 43 
#62 3 38 8 14 56 37 17 7 48 11 50 11 62 33 
#43 3 12 8 43 39 43 44 67 48 17 29 7 68 44 
#21 4 12 41 51 71 7 11 67 48 11 14 0 17 43 
#62 1 38 51 52 71 27 3 67 48 43 50 18 17 43 
#43 16 51 51 52 52 43 44 67 41 43 50 0 68 43 
#62 25 51 60 26 35 43 31 67 48 11 29 72 30 43 
#62 36 48 8 37 71 37 17 7 48 17 50 11 62 48 
#43 1 12 60 43 52 27 2 67 41 11 50 18 30 43 
#21 7 38 41 51 71 30 17 67 48 17 50 5 17 43 
#62 1 66 51 52 48 37 3 67 48 11 51 14 17 43 
#62 1 48 51 52 56 37 44 67 13 43 50 14 68 43 
#21 36 66 51 26 56 37 11 67 48 11 50 72 68 43 
#62 3 48 16 37 12 37 17 67 48 17 50 14 62 48 
#20 21 66 16 51 52 43 11 67 41 11 50 18 30 43 
#62 7 51 51 37 35 27 2 67 17 11 50 7 30 43 
#62 1 66 60 52 56 43 11 67 48 11 51 14 30 33 
#62 1 51 60 52 52 43 44 67 11 43 51 14 62 48 
#20 16 66 51 37 71 66 4 67 48 11 50 5 20 48 
#62 1 66 60 51 12 43 11 67 48 4 51 18 62 43 
#20 4 12 16 37 39 30 11 67 48 4 50 7 62 43 
#62 36 51 51 37 39 43 44 67 17 11 50 14 30 48 
#21 1 38 48 52 12 37 44 67 48 43 51 14 30 33 
#62 1 66 60 37 52 43 11 67 48 43 50 72 14 43 
#62 16 48 8 37 35 66 4 67 41 17 50 11 68 48 
#62 21 66 60 37 12 43 44 67 48 4 29 0 30 43 
10 19 27 58 30 33 
28 41 32 40 23 2 
11 13 15 45 17 24 
53 7 51 57 46 16 
6 52 55 39 50 38 
1 44 20 18 22 59 
#Base: 910
#Max: 669
#735165
#Turn 9
#43 36 48 16 37 71 43 17 67 48 43 51 5 68 43 
#20 7 51 51 51 12 43 11 67 48 43 50 5 62 44 
#62 16 48 8 51 35 66 4 67 48 43 50 11 62 43 
#62 16 48 8 37 35 66 3 67 48 17 50 11 68 48 
#43 36 48 28 43 48 43 3 67 48 17 50 0 62 43 
#62 36 48 51 51 12 37 17 7 48 17 50 11 14 48 
#21 21 48 51 37 71 30 17 67 48 11 50 18 68 43 
#21 21 51 60 26 71 43 31 67 48 11 50 72 30 43 
#62 25 48 8 37 71 43 31 67 41 11 29 72 30 43 
#62 21 48 51 51 12 43 17 67 41 11 51 7 68 43 
#62 25 38 51 52 48 43 31 67 48 11 50 5 17 43 
#20 7 12 51 52 48 27 31 67 41 11 50 5 68 43 
#20 7 66 51 52 35 27 44 67 13 11 50 18 68 43 
#62 1 66 51 52 56 37 44 67 13 43 50 14 68 43 
#62 16 66 60 37 71 66 11 67 13 11 29 14 20 48 
#21 1 66 60 51 71 43 11 67 41 4 50 18 68 43 
#62 1 51 60 43 71 43 44 67 41 11 50 0 68 48 
#62 1 66 60 52 52 43 11 67 11 43 50 14 14 48 
#62 36 66 60 37 56 43 11 67 48 11 50 72 14 43 
#21 1 38 60 26 56 37 11 67 48 11 50 7 68 43 
#20 16 12 51 37 71 7 4 67 48 11 50 18 68 48 
#20 16 66 51 37 39 43 4 67 17 11 50 14 20 48 
#62 36 51 51 37 39 43 44 67 17 43 50 0 68 48 
#62 1 51 51 52 56 43 11 67 41 43 50 0 30 43 
#62 1 38 51 52 71 43 3 67 48 43 51 14 17 43 
#21 1 66 51 52 71 37 17 67 41 11 50 11 17 43 
#62 21 48 16 51 48 37 2 67 48 11 51 14 62 43 
#20 21 48 16 37 35 43 11 67 48 43 50 5 68 48 
#62 36 48 48 37 35 37 2 67 48 43 50 5 68 43 
#62 21 51 48 37 12 43 2 67 11 43 29 0 30 43 
#43 7 12 8 51 12 30 17 67 48 17 50 72 14 43 
#62 36 48 8 37 71 43 17 67 48 43 50 11 68 48 
#21 21 51 51 51 12 37 11 67 48 43 50 14 68 43 
#62 16 51 8 37 35 43 4 67 48 11 29 72 30 43 
#62 36 48 16 37 71 43 3 67 41 4 51 5 62 43 
#43 16 51 28 51 12 43 17 67 48 17 50 7 68 43 
#20 7 48 51 51 12 27 11 67 48 17 50 14 14 43 
#62 36 12 51 37 71 37 17 67 48 17 50 11 68 43 
#21 7 51 60 51 35 30 44 67 48 11 50 18 68 43 
#62 1 48 60 52 35 43 31 67 13 11 50 14 30 43 
#62 16 66 60 37 56 37 4 67 13 11 50 11 62 43 
#62 21 48 51 37 12 37 17 67 11 17 50 18 68 43 
#62 16 38 60 52 48 27 17 67 48 11 50 18 17 43 
#21 25 51 51 52 71 43 44 67 48 11 50 0 68 43 
#62 1 51 60 52 52 43 44 67 11 43 50 14 62 43 
#62 1 66 51 52 56 37 44 67 13 43 50 72 14 43 
#62 1 66 51 52 56 37 44 67 13 11 50 14 68 48 
#62 16 38 60 37 56 66 11 67 48 11 29 18 68 48 
#62 1 66 41 51 71 7 11 67 48 11 50 18 68 43 
#20 16 51 51 37 71 43 4 67 48 11 50 0 20 48 
#62 36 51 60 52 52 43 44 67 17 43 51 14 62 48 
#43 16 66 60 37 52 43 44 67 48 43 50 0 68 43 
#62 1 66 60 52 56 37 11 67 48 11 51 14 68 43 
#62 1 38 51 52 56 37 3 67 48 11 50 18 68 43 
#21 1 66 41 37 71 30 11 67 42 11 50 11 68 43 
#62 16 66 51 52 71 37 3 67 48 11 50 14 20 43 
#62 36 48 16 51 39 43 44 67 48 11 50 14 62 48 
#20 36 48 51 52 52 43 44 67 41 43 50 5 68 48 
#62 1 66 48 52 56 43 2 67 48 43 51 14 62 33 
#62 21 66 51 37 12 43 3 67 48 43 50 0 17 43 
17 40 15 37 55 32 
23 10 2 31 28 24 
53 8 22 45 13 38 
0 44 57 50 18 16 
9 46 43 51 7 52 
14 6 47 56 58 48 
#Base: 910
#Max: 702
#771429
#62 16 66 60 37 56 37 4 67 11 43 50 11 62 43 
#62 1 66 60 51 71 43 11 67 13 4 50 11 68 43 
#62 1 12 51 37 71 37 11 67 48 4 50 18 68 43 
#62 16 12 51 37 71 37 17 67 48 11 50 14 20 43 
#62 16 66 51 51 71 37 3 67 48 43 50 14 68 43 
#62 1 51 51 52 48 43 31 67 48 11 50 0 30 43 
#62 16 48 8 52 35 43 31 67 48 43 50 11 17 43 
#62 36 48 8 37 35 66 17 67 48 43 50 11 62 48 
#62 36 48 8 37 35 43 17 67 48 43 50 5 68 48 
#62 1 38 48 37 71 37 2 67 48 43 50 5 68 43 
#62 1 38 8 52 71 37 3 67 41 11 50 72 30 43 
#62 25 51 51 37 71 43 31 67 17 11 50 0 30 43 
#62 36 66 51 52 39 43 44 67 17 43 50 72 68 48 
#62 1 66 51 52 56 37 44 67 13 43 50 14 14 43 
#62 7 51 51 51 35 37 44 67 48 11 50 14 68 43 
#62 1 51 60 52 71 43 17 67 11 43 50 14 62 43 
#62 36 48 60 52 52 43 44 67 11 43 50 14 62 48 
#20 36 51 51 52 52 43 44 67 17 43 50 5 68 48 
#62 36 66 60 52 56 43 11 67 48 11 50 72 62 43 
#62 1 66 60 37 56 43 11 67 48 11 50 72 68 43 
#62 21 66 51 51 56 37 44 67 41 11 51 7 68 43 
#62 1 51 51 52 56 43 44 67 48 11 50 14 68 48 
#43 25 51 60 37 71 43 44 67 48 11 50 0 68 43 
#21 21 66 60 26 52 43 31 67 48 11 50 0 30 43 
#21 21 51 60 52 71 43 11 67 48 11 50 14 68 43 
#21 21 48 51 37 71 66 11 67 13 11 50 18 20 48 
#62 16 48 51 37 56 30 17 67 48 11 29 18 68 48 
#62 16 48 60 37 39 66 44 67 48 11 50 14 68 48 
#62 36 66 16 51 56 43 2 67 48 11 51 14 62 48 
#62 1 66 41 52 71 43 2 67 48 11 50 14 62 33 
#62 1 51 51 52 52 43 11 67 11 43 50 14 30 48 
#62 25 38 60 37 48 43 31 67 13 11 50 11 17 43 
#62 16 66 8 51 71 66 11 67 48 4 50 11 68 43 
#62 36 12 8 37 71 37 17 67 48 17 50 11 68 43 
#62 16 48 48 37 35 37 2 67 48 11 50 5 20 43 
#62 21 38 51 52 71 37 3 67 48 43 50 14 17 43 
#62 1 38 51 52 56 37 11 67 48 43 50 0 68 43 
#62 25 38 8 52 71 43 31 67 48 11 29 5 30 43 
#62 36 51 8 51 39 66 4 67 17 43 50 0 68 43 
#62 36 66 51 52 71 37 44 67 13 43 50 11 68 48 
#62 36 66 51 52 35 37 2 67 13 43 50 14 68 43 
#21 7 51 60 52 35 30 3 67 48 43 50 18 68 43 
#43 36 38 16 52 71 43 3 67 48 11 50 5 68 43 
#62 1 48 8 37 71 43 44 67 11 11 29 72 30 43 
#20 36 51 51 37 39 43 44 67 41 43 50 0 68 48 
#62 1 51 51 52 56 43 44 67 17 43 51 14 14 48 
#62 36 66 51 37 56 43 11 67 48 43 50 72 14 43 
#62 7 51 60 43 35 30 44 67 41 11 50 18 68 48 
#62 36 48 51 51 12 43 17 67 48 43 51 7 68 43 
#62 1 51 51 52 52 37 44 67 13 11 50 14 68 48 
#21 36 48 51 52 52 43 44 67 41 43 50 5 68 43 
#62 16 51 60 37 52 43 44 67 48 43 50 14 62 48 
#21 21 51 60 37 71 43 31 67 48 11 50 72 14 43 
#62 1 51 60 43 56 43 11 67 48 11 51 0 68 48 
#62 16 66 60 37 71 66 11 67 41 11 29 14 68 48 
#21 1 66 51 52 71 37 17 67 48 11 50 14 68 43 
#21 16 51 60 52 71 43 11 67 48 11 50 18 68 43 
#62 36 66 60 37 39 43 44 67 48 11 50 14 62 43 
#21 1 51 60 26 71 43 2 67 48 11 50 14 62 33 
#62 1 66 41 52 71 7 11 67 48 11 51 18 68 43 
#Base: 910
#Max: 758
#832967
