#[0] 3, 3
#[1] 4, 3
#[2] 3, 4
#[3] 3, 2
#[4] 2, 3
#[5] 2, 4
#[6] 1, 3
#[7] 2, 2
#[8] 3, 1
#[9] 4, 4
#[10] 5, 3
#[11] 3, 5
#[12] 4, 2
#[13] 3, 0
#[14] 5, 4
#[15] 4, 5
#[16] 5, 2
#[17] 4, 1
#[18] 0, 3
#[19] 1, 4
#[20] 2, 1
#[21] 1, 2
#[22] 2, 5
#[23] 0, 4
#[24] 5, 1
#[25] 0, 2
#[26] 5, 5
#[27] 1, 5
#[28] 2, 0
#[29] 1, 1
#[30] 4, 0
#[31] 0, 5
#[32] 1, 0
#[33] 0, 1
#[34] 5, 0
#[35] 0, 0
#Turn 0
29 14 37 13 41 32 
43 8 50 17 44 22 
21 45 26 6 25 16 
38 19 10 33 3 5 
11 42 28 34 56 57 
35 52 53 40 36 18 
#Base: 911
#Max: 355
#389682
#Turn 1
#9 41 6 31 4 36 19 24 18 18 13 46 40 1 3 
#16 24 4 18 4 17 25 28 4 13 15 46 40 20 35 
#12 40 20 18 1 30 51 15 16 13 15 7 25 36 14 
#11 40 20 7 1 14 22 31 12 9 14 7 41 36 14 
#20 42 29 29 40 25 47 31 5 9 26 8 41 8 39 
#33 39 25 48 10 25 31 9 34 3 42 31 15 20 2 
#8 4 23 49 48 18 33 32 15 13 33 28 5 12 12 
#27 1 19 17 32 16 33 37 1 13 15 3 67 30 8 
#27 19 19 17 35 15 18 18 33 27 15 44 67 22 8 
#35 19 10 19 12 54 18 24 1 15 9 44 9 3 14 
#8 42 19 19 5 48 22 34 14 14 32 1 33 18 17 
#2 4 1 41 7 23 31 32 14 14 25 8 1 44 6 
#2 12 1 23 4 23 31 32 6 10 25 37 2 5 15 
#31 16 22 70 4 7 12 15 3 27 29 10 18 23 15 
#31 2 35 12 1 11 1 7 3 45 29 27 18 24 4 
#15 25 2 19 15 5 33 28 24 17 20 63 26 26 24 
#6 8 11 1 6 5 33 18 15 17 20 17 10 3 47 
#6 6 11 15 10 40 8 39 9 6 65 17 9 3 4 
#27 6 25 2 22 35 6 38 21 6 33 3 10 20 4 
#4 19 25 30 22 20 6 38 5 6 69 29 10 48 24 
#60 45 31 6 50 35 11 23 3 4 22 12 30 4 9 
#60 15 28 8 4 63 18 40 26 28 22 13 30 4 6 
#10 13 28 36 4 63 2 10 11 28 2 13 28 18 14 
#10 13 3 32 34 12 6 10 43 22 2 15 0 63 14 
#13 16 56 32 37 4 6 11 43 9 43 15 22 33 9 
#7 35 23 19 31 12 10 16 28 36 15 8 14 53 25 
#7 44 23 26 3 4 3 7 42 39 35 0 14 53 24 
#0 20 23 26 7 4 33 7 21 34 4 10 54 11 24 
#4 20 1 8 51 3 4 22 19 9 4 8 15 10 40 
#4 30 29 30 55 3 4 0 0 9 28 2 27 35 5 
#9 41 6 39 43 6 19 9 18 3 4 31 48 1 12 
#16 4 4 31 4 8 25 32 4 7 33 13 40 12 2 
#12 24 23 49 34 18 33 28 16 13 15 7 5 20 12 
#11 30 20 50 1 30 2 37 1 27 15 3 67 36 8 
#20 44 9 19 40 14 22 18 12 9 9 8 41 8 39 
#35 42 10 24 3 54 47 24 1 9 43 5 31 15 22 
#8 39 23 19 10 25 31 9 27 3 42 1 15 20 12 
#35 4 6 41 7 39 22 34 14 7 32 13 18 12 2 
#2 12 1 49 32 18 33 32 5 13 41 37 66 30 6 
#27 16 60 17 4 16 12 15 6 57 15 3 2 22 15 
#28 2 24 70 35 15 6 8 33 27 9 27 14 3 7 
#4 0 35 24 12 54 26 24 1 45 29 36 9 30 14 
#15 25 23 19 15 48 2 10 6 33 4 63 26 18 24 
#17 4 11 41 7 5 33 34 24 14 20 8 1 44 14 
#2 12 11 23 23 40 8 32 15 10 65 17 66 3 47 
#2 16 60 33 10 7 12 15 6 6 1 70 2 4 4 
#31 5 22 2 22 16 6 8 21 0 69 3 18 20 4 
#4 42 25 12 7 20 1 21 5 45 11 8 51 30 51 
#16 45 31 19 50 15 11 28 3 1 4 63 9 13 24 
#60 1 29 11 6 35 33 40 24 17 20 52 30 4 9 
#6 15 28 8 4 63 8 18 28 8 43 17 28 3 47 
#2 13 9 15 10 35 4 39 9 71 33 7 9 4 14 
#27 6 1 32 37 12 6 11 21 0 69 3 10 20 15 
#4 16 56 16 0 20 25 46 12 6 43 9 51 48 9 
#16 45 45 6 50 34 10 20 28 36 2 39 9 39 24 
#60 35 23 11 0 6 18 40 42 39 22 12 14 53 9 
#9 44 23 26 4 4 2 7 28 28 43 10 28 11 6 
#0 20 9 8 34 33 34 22 22 71 2 8 0 31 14 
#21 6 3 32 44 12 6 17 43 22 4 15 15 63 15 
#13 30 56 16 0 4 15 0 12 28 31 9 27 35 9 
22 17 41 40 42 23 
6 52 7 19 24 39 
13 51 49 53 33 58 
35 54 21 44 55 8 
15 47 48 38 45 4 
46 26 50 20 57 5 
#Base: 911
#Max: 403
#442371
#Turn 2
#6 13 28 15 4 63 8 10 11 6 2 17 28 3 4 
#4 0 11 24 10 40 8 39 1 45 65 36 9 30 4 
#28 0 24 70 35 15 6 8 33 45 9 36 14 30 14 
#15 25 24 19 35 48 6 10 33 33 4 27 14 18 7 
#10 25 23 32 15 48 6 10 43 22 4 15 0 18 14 
#27 4 1 32 48 18 6 11 21 13 69 28 5 12 15 
#27 6 19 32 37 16 33 37 21 13 15 3 10 20 15 
#4 1 19 17 22 16 6 38 5 13 69 29 67 30 24 
#4 19 25 30 37 4 6 38 43 9 43 29 10 33 24 
#27 16 60 17 4 16 6 11 6 57 43 15 2 22 15 
#2 16 22 70 4 7 12 15 9 27 29 10 18 4 14 
#2 13 9 15 6 35 33 40 24 17 20 52 30 4 14 
#4 1 29 11 0 20 25 40 12 6 20 52 51 4 9 
#11 16 20 50 1 30 25 37 1 27 15 3 51 48 9 
#21 6 3 50 44 30 2 37 43 22 15 3 67 36 15 
#35 42 45 6 3 54 47 24 1 9 43 5 9 15 22 
#16 15 28 8 50 34 10 40 28 28 22 13 9 4 6 
#2 12 28 8 23 63 8 40 26 28 65 17 66 3 47 
#60 35 23 11 0 40 18 40 15 10 22 12 14 3 47 
#60 35 19 17 0 6 18 40 33 39 15 44 14 53 8 
#15 25 2 19 7 20 1 21 5 45 11 63 26 30 24 
#4 42 31 12 50 20 1 28 5 45 4 63 51 13 51 
#2 45 31 49 50 18 11 28 3 13 41 63 66 30 6 
#2 16 1 49 10 18 12 15 5 6 1 37 66 4 6 
#20 42 60 33 40 7 12 31 5 6 1 70 2 8 39 
#31 44 23 2 22 16 6 7 21 0 69 0 14 20 24 
#6 44 23 8 4 63 8 7 42 8 43 0 14 3 24 
#60 15 28 6 4 35 8 23 28 4 22 17 28 3 47 
#60 45 31 8 50 35 34 23 3 71 22 12 0 4 9 
#0 39 9 48 10 25 31 22 34 3 2 31 15 31 14 
#10 13 28 36 4 18 2 10 15 13 33 28 5 12 14 
#6 6 11 32 37 40 6 11 21 0 69 3 9 3 15 
#4 0 19 17 32 16 33 37 1 13 15 3 9 30 14 
#4 2 25 30 35 15 6 38 33 6 69 29 14 3 24 
#15 25 23 32 15 4 6 10 43 9 4 15 22 18 9 
#27 16 3 17 4 12 12 10 6 22 15 3 0 63 14 
#31 4 22 49 4 18 33 15 15 27 33 10 5 12 15 
#2 6 9 15 37 35 4 11 21 0 33 7 9 4 15 
#27 1 19 11 6 35 33 40 1 17 15 52 67 4 9 
#4 16 56 16 0 20 25 38 5 6 43 29 51 48 24 
#11 16 56 32 37 30 6 37 1 9 43 15 22 33 8 
#27 6 60 32 4 12 6 17 43 57 15 15 15 63 15 
#35 16 10 70 3 7 12 15 1 27 29 10 31 15 22 
#16 45 9 15 50 35 10 20 28 71 33 7 9 4 24 
#60 15 29 8 6 63 33 40 24 17 20 13 30 4 6 
#2 12 11 16 0 20 25 32 12 10 65 17 51 3 9 
#11 35 20 11 1 6 18 40 42 39 22 3 14 53 9 
#27 6 19 32 44 15 6 17 33 22 15 44 15 63 8 
#15 42 2 24 3 54 47 28 1 17 43 5 26 15 24 
#4 45 25 6 7 34 10 20 28 45 11 8 9 30 51 
#60 15 28 19 50 15 18 28 3 28 4 13 30 4 24 
#2 12 1 23 32 40 8 32 5 10 41 37 66 30 47 
#2 35 60 33 10 7 18 15 42 6 22 70 2 4 4 
#27 19 29 29 40 25 47 18 5 9 26 44 67 22 39 
#31 5 2 19 15 16 6 8 21 0 20 3 18 26 24 
#4 42 23 26 7 4 3 7 42 39 11 8 51 30 51 
#16 15 28 8 4 15 11 28 28 8 4 17 28 13 24 
#60 45 1 6 50 35 33 23 3 13 41 37 30 4 9 
#2 16 60 8 34 33 34 22 6 6 2 70 0 31 4 
#33 39 25 29 10 25 47 31 34 9 26 8 15 8 2 
31 27 13 38 18 25 
50 26 55 53 15 9 
5 1 14 24 41 47 
43 7 21 22 28 51 
40 2 52 17 19 39 
42 33 44 57 58 48 
#Base: 911
#Max: 456
#500549
#Turn 3
#60 15 28 32 4 35 8 23 28 4 22 17 28 3 47 
#60 15 20 50 4 30 25 23 1 27 22 17 28 3 47 
#11 1 20 11 1 35 25 37 1 17 15 3 51 48 9 
#60 1 23 11 0 35 33 40 15 17 15 12 14 4 9 
#31 35 23 11 0 40 18 40 15 10 22 0 14 20 24 
#60 15 28 8 4 15 18 28 42 28 4 0 14 4 24 
#6 42 23 26 4 4 8 7 42 8 11 0 51 30 24 
#4 42 29 29 40 25 47 18 5 39 11 44 67 22 51 
#27 42 45 6 3 54 47 18 1 9 43 44 9 15 39 
#27 16 60 6 4 16 47 11 1 9 43 15 9 15 15 
#4 4 11 32 10 18 8 11 21 45 69 36 9 30 4 
#4 6 11 24 44 30 2 37 43 22 65 3 9 30 4 
#21 42 3 33 40 30 2 37 5 6 15 3 67 8 15 
#27 42 60 33 40 12 12 31 5 6 15 70 15 8 15 
#27 6 60 32 44 15 6 17 33 57 15 15 15 63 15 
#16 1 9 15 22 35 10 20 28 13 69 7 9 4 24 
#4 1 19 17 50 16 1 38 5 45 4 63 67 13 24 
#2 45 31 49 50 20 1 28 5 45 41 63 51 13 6 
#2 45 31 8 50 35 34 28 3 13 22 12 0 4 6 
#2 45 31 8 32 35 34 32 3 10 22 12 0 30 9 
#28 0 56 70 35 30 6 8 1 9 43 36 14 30 14 
#28 0 24 33 35 7 18 8 33 6 22 36 2 30 4 
#2 12 60 33 23 63 18 15 26 6 22 70 2 4 47 
#60 12 19 17 0 63 18 40 26 28 65 44 14 53 8 
#4 35 19 16 0 20 25 40 33 39 15 44 51 53 8 
#35 2 10 70 3 7 12 15 1 6 69 29 14 15 22 
#60 15 25 8 6 63 6 38 33 17 69 29 14 4 6 
#60 45 29 6 50 35 33 23 24 13 20 13 30 4 6 
#2 16 60 6 50 33 33 22 3 13 2 70 0 31 9 
#15 16 2 24 3 33 47 22 6 6 2 70 26 15 4 
#6 6 28 19 50 15 18 28 3 0 4 13 30 3 24 
#60 44 28 8 4 63 8 23 42 4 22 17 28 3 24 
#11 42 23 50 1 4 3 7 42 39 15 8 51 30 51 
#27 1 19 29 40 25 33 18 1 17 15 52 67 22 9 
#35 35 23 6 0 54 18 40 1 9 22 12 9 15 22 
#31 16 23 17 22 16 6 7 6 0 43 15 14 22 15 
#27 4 1 19 50 18 6 28 21 13 69 13 30 12 15 
#6 0 23 24 4 40 8 39 1 8 43 0 14 30 24 
#4 6 23 50 7 30 3 7 42 22 15 8 51 30 15 
#27 42 29 33 40 25 12 18 5 9 1 44 67 22 39 
#27 42 45 32 3 54 47 17 43 57 43 15 9 15 22 
#27 6 60 32 44 16 6 17 33 22 15 15 15 63 8 
#27 45 1 15 48 35 6 11 28 71 33 7 5 4 15 
#4 1 19 17 10 40 6 38 1 13 65 29 9 30 24 
#4 42 3 12 44 30 1 37 5 45 4 3 67 13 51 
#2 42 60 49 40 18 11 28 5 13 1 63 2 8 6 
#27 6 60 32 4 12 34 17 3 71 22 15 0 4 15 
#27 12 19 32 32 40 6 17 5 22 41 37 15 30 8 
#16 16 56 32 37 30 6 20 1 71 33 7 9 33 8 
#28 0 24 70 22 15 6 38 5 13 9 36 67 30 24 
#2 42 60 33 10 20 1 15 42 45 22 63 51 13 4 
#2 12 28 8 50 18 11 40 26 13 65 63 66 30 6 
#60 35 31 17 0 35 34 40 33 39 22 44 14 4 8 
#4 16 1 23 0 40 25 38 5 10 43 37 51 30 24 
#35 16 10 32 37 7 6 37 1 9 29 15 22 33 8 
#28 0 25 70 35 15 6 38 33 45 9 29 14 3 24 
#2 35 29 8 6 7 33 40 42 6 22 70 2 4 4 
#60 45 28 8 23 35 33 40 3 28 65 17 30 4 9 
#2 35 60 8 34 33 18 22 33 6 2 70 14 31 8 
#15 16 56 16 0 20 47 38 1 17 43 5 51 15 24 
56 1 41 58 32 46 
59 27 48 50 45 55 
25 31 26 22 40 52 
20 14 7 23 17 49 
33 39 13 51 57 28 
11 24 8 16 44 42 
#Base: 911
#Max: 473
#519210
#Turn 4
#2 35 20 50 4 7 33 40 1 27 22 70 28 4 47 
#60 6 20 32 44 30 25 17 33 27 15 15 15 3 47 
#27 6 60 8 44 16 18 17 33 22 2 70 15 31 8 
#2 35 23 50 34 4 3 22 42 39 2 70 14 31 8 
#11 6 23 50 1 4 34 7 42 71 15 15 51 4 51 
#60 16 29 16 0 20 47 23 24 17 43 5 51 15 6 
#60 16 29 6 50 30 6 20 1 71 33 13 9 4 8 
#2 16 60 32 10 30 6 15 42 45 22 7 51 33 4 
#2 42 60 33 10 18 11 28 42 45 1 63 51 8 6 
#2 42 60 70 35 18 11 28 33 13 9 63 2 3 6 
#35 2 10 8 4 7 8 15 42 4 69 17 28 3 24 
#60 44 25 8 4 63 6 38 33 17 22 29 28 4 24 
#2 15 60 33 6 63 18 15 26 6 69 70 2 4 47 
#27 12 60 33 23 54 47 15 26 6 43 70 9 4 47 
#27 35 45 17 3 35 34 40 43 39 43 44 9 4 22 
#28 0 60 32 35 15 6 17 33 57 15 36 14 30 15 
#27 6 29 29 40 15 6 18 5 39 15 15 15 22 51 
#60 12 29 29 40 25 18 18 5 39 65 44 67 22 8 
#2 12 19 17 50 63 1 28 5 28 65 63 14 13 6 
#28 45 31 70 22 15 6 28 5 45 41 36 51 30 24 
#27 42 29 33 40 25 12 18 5 17 15 52 67 22 39 
#27 42 29 33 40 12 12 31 5 9 15 44 67 8 39 
#2 42 28 8 50 18 12 31 26 6 65 63 66 8 15 
#60 12 28 8 23 35 11 40 3 28 65 17 30 30 9 
#2 16 28 8 23 33 33 40 3 28 65 70 0 31 9 
#4 6 11 16 44 20 2 37 43 22 65 3 9 53 8 
#27 35 45 16 3 20 47 18 33 39 43 44 51 15 8 
#27 42 19 17 3 54 1 38 1 9 4 44 67 13 24 
#4 42 19 17 50 16 1 38 5 45 4 63 67 13 24 
#27 42 1 12 48 30 1 37 5 45 33 7 67 13 51 
#2 35 29 8 6 20 47 38 42 6 22 5 2 15 24 
#60 45 20 50 50 35 25 23 1 13 20 13 30 3 6 
#16 6 56 32 37 16 6 17 33 71 33 15 9 63 8 
#2 42 60 33 10 33 1 22 33 45 2 63 14 31 4 
#11 42 60 49 1 4 11 28 5 13 15 8 2 8 51 
#28 0 60 32 35 15 6 17 33 71 9 15 0 3 15 
#15 16 56 70 0 20 12 15 1 6 43 29 51 15 22 
#60 44 28 6 4 35 8 23 24 4 22 17 28 4 24 
#16 15 25 8 37 30 6 20 1 71 33 7 9 33 8 
#2 12 60 33 10 63 18 15 42 6 22 63 51 13 47 
#2 42 45 32 3 54 47 28 5 57 1 63 2 15 22 
#28 0 25 70 0 15 34 38 33 45 22 29 14 3 8 
#35 0 10 70 3 7 12 15 1 6 69 29 14 15 22 
#60 6 60 32 44 63 8 17 42 4 22 17 28 3 24 
#4 15 29 8 6 63 47 38 33 17 11 29 67 4 51 
#60 12 60 17 0 63 18 15 26 28 22 70 2 4 8 
#2 45 31 49 3 54 1 17 43 45 41 63 9 13 6 
#28 0 31 70 22 15 34 38 5 13 9 44 14 30 8 
#28 0 56 70 40 25 6 8 1 17 15 36 67 30 14 
#27 42 29 33 40 25 6 18 5 57 15 15 15 63 39 
#27 42 29 29 40 25 12 18 5 39 11 70 67 8 51 
#2 12 19 8 50 63 11 40 26 13 65 63 66 30 8 
#2 45 31 8 23 35 33 28 3 45 41 63 30 4 6 
#2 16 60 6 50 33 33 38 3 13 9 70 0 30 9 
#4 1 11 29 44 30 33 37 1 22 65 3 67 30 9 
#27 35 29 16 40 20 25 18 33 9 15 44 67 22 8 
#27 42 60 33 40 12 12 18 1 6 15 44 15 8 15 
#2 1 28 17 50 18 11 38 5 45 65 63 67 13 6 
#60 45 28 8 23 35 1 40 3 28 65 17 67 4 51 
#2 45 60 15 50 33 6 22 28 71 2 7 5 31 15 
3 11 26 32 4 0 
14 24 18 50 28 49 
33 29 57 17 39 59 
43 22 13 51 12 40 
53 9 48 58 19 44 
21 20 8 45 46 54 
#Base: 911
#Max: 481
#527991
#Turn 5
#60 44 25 8 4 4 6 38 42 39 22 29 28 31 8 
#27 44 45 8 3 63 6 18 33 39 43 44 28 4 8 
#16 6 45 16 3 20 6 18 33 71 33 15 9 15 8 
#11 6 23 32 37 16 34 17 42 71 15 15 9 63 8 
#2 35 23 50 4 4 33 7 42 27 15 70 28 4 51 
#2 35 45 17 23 35 33 40 43 39 65 70 0 31 22 
#2 12 19 8 50 63 33 28 5 28 65 63 0 31 9 
#2 12 19 29 40 63 1 18 5 39 11 63 14 13 6 
#4 42 29 29 50 25 12 18 5 39 11 70 67 8 24 
#4 42 19 17 50 25 6 18 5 45 4 15 15 13 24 
#27 42 60 33 10 33 1 22 5 45 2 7 14 13 51 
#27 1 28 12 50 18 1 38 5 45 65 63 67 13 6 
#60 12 28 17 50 25 18 18 5 39 65 63 67 13 8 
#2 12 60 29 40 63 18 18 5 39 22 63 51 13 47 
#2 12 60 33 10 33 6 15 42 6 22 63 51 31 15 
#2 42 60 8 50 18 12 17 26 6 22 17 28 3 24 
#27 42 60 8 23 54 12 31 26 6 43 63 9 8 47 
#27 12 60 8 23 54 11 40 26 6 43 70 66 30 8 
#2 15 19 8 6 63 18 15 26 13 69 70 66 4 47 
#2 15 60 33 3 54 47 15 5 57 1 70 2 4 22 
#2 42 60 6 35 18 11 38 33 13 9 70 0 3 6 
#2 0 60 70 40 25 6 8 1 17 15 63 67 3 14 
#60 0 56 70 23 35 1 8 3 28 15 36 67 30 51 
#60 45 28 8 23 15 1 28 5 28 65 17 51 30 51 
#28 15 31 8 22 63 6 38 5 17 41 36 67 4 51 
#27 42 29 33 40 12 12 31 5 17 15 52 67 22 39 
#2 42 60 33 10 18 11 28 42 17 15 52 67 22 39 
#2 12 60 17 10 18 11 15 42 28 22 70 51 4 8 
#60 45 60 49 0 54 1 15 43 45 41 70 2 13 6 
#2 45 11 49 3 54 33 37 1 45 65 63 67 13 6 
#27 35 45 50 34 35 3 22 43 39 2 44 14 4 22 
#60 44 28 8 4 33 6 40 3 17 22 70 0 4 24 
#2 35 45 17 50 20 47 28 5 39 65 63 14 15 6 
#27 6 29 32 40 16 6 17 5 71 11 70 9 63 51 
#4 6 19 50 50 4 1 38 5 71 15 63 51 4 24 
#2 35 29 50 4 7 33 18 1 57 15 70 28 4 47 
#27 35 60 33 3 33 1 22 43 39 2 63 9 4 4 
#27 16 1 8 48 33 33 37 3 45 65 7 0 13 51 
#2 1 19 17 50 18 1 38 5 45 65 63 67 13 6 
#60 12 29 29 40 25 12 18 5 39 65 70 67 22 51 
#4 42 19 33 10 63 1 15 5 45 22 63 67 13 47 
#27 42 60 33 40 25 6 18 5 57 15 7 15 31 39 
#60 42 60 33 10 33 1 22 42 45 2 63 14 31 4 
#27 42 28 12 48 18 12 31 26 6 65 63 67 13 15 
#27 12 60 17 50 18 47 38 5 6 43 63 9 13 47 
#60 12 29 29 50 25 11 40 5 39 65 44 67 30 8 
#2 15 60 33 10 63 18 15 42 6 69 63 51 4 47 
#2 45 45 15 50 33 6 28 5 57 2 63 5 31 15 
#2 6 60 32 50 63 8 38 3 4 9 70 0 30 9 
#2 42 28 70 50 18 12 31 26 6 65 63 66 8 6 
#27 12 56 33 23 25 6 15 1 6 43 36 67 4 47 
#2 12 28 8 23 35 1 40 26 13 65 17 66 30 8 
#2 45 60 70 6 15 6 28 26 6 69 36 2 4 24 
#4 42 29 8 3 54 47 38 5 17 1 63 2 15 22 
#27 42 29 33 50 12 12 31 5 9 15 70 0 30 9 
#27 42 60 33 35 25 12 28 5 13 15 52 2 3 39 
#28 42 56 70 40 25 11 28 42 45 1 63 67 30 14 
#60 45 28 17 0 35 18 40 3 28 65 70 2 4 51 
#28 45 31 70 22 54 1 17 5 45 41 36 9 13 6 
#4 1 29 29 44 63 47 38 33 22 11 3 67 30 51 
25 48 38 40 23 24 
19 8 32 45 11 34 
6 16 22 46 49 44 
18 12 29 56 28 57 
52 42 13 39 17 59 
58 26 43 5 33 21 
#Base: 911
#Max: 562
#616905
#Turn 6
#2 42 60 33 40 12 12 38 5 4 9 70 0 30 9 
#2 6 60 17 50 63 1 38 5 4 9 63 67 13 6 
#2 42 19 17 10 18 1 38 5 45 65 63 67 13 6 
#4 42 28 8 10 15 1 15 5 28 65 17 51 13 51 
#60 45 31 8 23 63 6 38 5 17 41 36 51 4 51 
#4 42 60 33 3 54 47 18 5 39 1 70 67 4 22 
#4 35 45 17 50 20 47 18 5 39 65 63 67 15 24 
#60 12 29 29 50 20 47 40 5 39 65 63 14 15 8 
#60 1 29 12 50 25 1 38 5 45 65 63 67 13 6 
#4 6 19 12 50 18 1 38 5 45 15 63 67 13 6 
#27 42 60 8 50 63 12 31 26 6 43 63 0 8 47 
#27 42 60 70 23 54 12 31 3 6 43 36 9 8 47 
#2 0 56 70 23 63 18 15 3 28 69 36 67 4 51 
#2 42 28 33 10 18 12 31 26 6 69 63 66 4 6 
#27 42 28 70 50 18 12 31 5 6 65 63 9 8 47 
#60 15 19 17 6 25 18 15 5 13 65 63 66 13 8 
#60 45 28 49 50 54 33 37 1 45 65 63 67 13 8 
#28 45 11 49 3 25 33 37 42 45 65 63 67 13 6 
#28 45 56 70 0 25 11 15 42 45 1 63 67 30 6 
#60 45 60 17 0 54 1 15 3 45 41 70 2 4 51 
#60 42 60 70 6 15 6 22 42 45 69 63 2 4 4 
#60 42 60 29 10 63 18 18 42 39 2 63 14 31 4 
#2 12 29 29 40 25 12 18 5 39 65 63 67 22 47 
#60 12 60 8 40 25 11 18 26 39 65 70 67 22 51 
#27 12 29 8 44 54 11 40 33 22 11 3 67 30 8 
#2 42 31 33 22 18 11 28 42 45 41 52 67 22 39 
#2 42 60 12 10 18 11 31 42 17 15 52 67 13 39 
#2 42 45 17 23 35 33 31 26 6 65 70 67 13 15 
#27 6 29 17 23 35 33 40 5 39 11 70 0 63 22 
#2 0 60 70 40 16 6 8 5 71 11 63 9 3 51 
#27 42 29 33 3 54 12 31 5 57 1 70 67 4 22 
#2 6 29 32 50 25 12 38 3 4 11 70 67 30 24 
#2 1 19 17 50 20 47 38 5 45 65 63 14 13 6 
#4 12 29 29 10 63 1 15 5 45 65 44 67 30 47 
#27 45 28 12 23 18 1 28 5 45 65 17 67 30 51 
#28 6 31 50 50 63 6 38 5 71 41 36 67 4 24 
#2 15 19 33 3 63 47 15 5 57 65 70 0 31 22 
#27 42 29 29 23 54 12 18 5 6 43 63 67 8 24 
#60 0 45 17 50 35 47 8 3 28 15 63 14 30 6 
#60 12 29 29 50 25 18 15 5 39 65 44 51 30 8 
#2 1 28 12 50 18 12 31 26 45 65 63 67 8 6 
#4 12 19 17 50 4 1 38 5 6 15 63 51 4 47 
#2 15 19 8 50 63 18 15 5 28 65 70 0 4 47 
#60 42 60 17 23 25 18 31 26 6 43 63 9 8 8 
#60 45 11 49 3 35 33 37 3 45 65 63 67 13 6 
#28 15 60 33 10 63 18 15 42 45 69 63 51 30 47 
#60 42 60 49 0 18 1 31 43 45 65 70 2 13 6 
#60 12 60 17 0 18 18 40 5 6 43 63 2 13 47 
#2 15 60 8 6 15 6 28 26 6 69 36 66 4 24 
#60 12 60 33 10 33 18 22 5 39 65 63 14 13 4 
#2 45 60 49 40 63 33 37 1 45 22 63 67 13 6 
#28 42 56 70 40 25 12 18 5 39 65 63 67 30 51 
#60 45 60 49 0 54 11 40 43 45 41 70 2 30 8 
#4 45 28 29 44 35 47 38 33 28 11 3 2 4 51 
#2 45 31 70 22 15 6 17 26 45 41 36 9 4 24 
#2 42 60 33 10 18 1 28 42 45 2 63 14 22 39 
#27 12 60 12 48 63 12 18 26 39 65 63 67 13 47 
#60 35 29 17 23 25 33 40 43 39 65 70 67 22 22 
#27 6 29 32 40 16 6 17 26 71 43 70 9 30 51 
#4 1 29 70 40 63 47 38 1 22 11 3 67 3 14 
49 34 33 19 14 58 
36 30 27 52 7 22 
11 10 50 57 56 5 
46 44 23 16 45 17 
39 21 35 51 20 6 
29 4 8 12 18 25 
#Base: 911
#Max: 618
#678375
#Turn 7
#27 45 60 33 10 18 1 28 5 39 65 17 67 13 51 
#4 45 29 12 10 18 1 28 5 45 65 44 67 30 47 
#4 45 60 29 10 63 1 15 3 45 41 70 2 30 51 
#27 45 28 70 50 54 12 31 3 6 41 63 2 4 51 
#27 42 28 32 40 16 12 17 5 6 43 70 9 8 51 
#27 15 29 33 3 63 47 31 5 57 65 70 67 31 22 
#27 42 45 33 23 35 12 31 5 57 1 70 67 13 22 
#60 45 60 17 23 35 11 40 26 45 65 70 67 30 8 
#60 12 29 49 50 20 11 40 5 39 65 63 2 30 8 
#2 12 29 29 40 25 12 18 5 39 65 63 67 22 47 
#27 42 60 8 23 54 12 31 26 6 43 36 0 8 47 
#2 42 60 8 40 63 12 37 1 6 43 63 67 13 6 
#2 35 29 17 40 63 33 37 43 39 65 70 67 13 22 
#60 12 60 12 48 63 12 40 26 39 65 70 67 13 22 
#27 12 60 33 3 63 47 18 26 39 1 63 67 13 22 
#60 42 11 49 3 18 1 37 3 45 65 63 2 13 6 
#60 45 60 8 3 35 11 37 3 39 65 63 67 13 51 
#60 45 28 8 50 54 33 37 26 45 65 70 67 22 51 
#60 45 28 33 10 63 33 15 42 45 65 63 67 13 47 
#28 15 60 49 10 63 33 15 42 45 65 63 67 30 47 
#60 12 60 29 10 25 18 18 5 39 65 44 51 30 4 
#28 6 31 29 10 63 18 18 42 39 41 36 67 31 24 
#28 42 56 70 40 25 12 18 5 71 65 63 67 4 24 
#60 42 56 70 6 25 12 18 5 45 65 63 67 30 51 
#4 42 60 17 6 20 6 22 5 45 69 63 2 15 24 
#2 45 31 8 40 63 6 8 5 17 41 63 9 3 51 
#60 1 31 12 50 25 6 38 5 45 65 36 51 4 6 
#60 1 56 12 23 25 1 38 5 45 69 63 67 13 6 
#28 45 56 70 0 63 18 15 3 45 1 36 67 30 51 
#28 42 31 70 0 25 11 15 42 45 41 52 67 22 39 
#60 15 19 33 10 63 47 15 5 57 65 70 0 13 22 
#27 45 29 33 23 18 1 28 5 45 65 70 67 4 22 
#4 42 29 29 10 63 33 15 26 45 65 70 67 13 47 
#60 45 60 17 0 54 1 40 43 45 41 70 2 30 51 
#60 42 29 70 50 18 47 31 5 39 65 63 14 8 47 
#2 12 29 29 40 25 6 18 26 71 65 70 67 30 51 
#2 42 19 70 23 54 47 15 5 57 43 36 0 31 22 
#27 42 60 33 3 54 12 31 5 6 43 70 0 4 47 
#2 42 45 17 40 35 33 37 26 45 65 70 67 13 6 
#60 35 29 17 23 54 33 40 43 39 65 70 67 22 8 
#27 12 29 12 48 20 47 18 26 39 65 63 14 13 8 
#2 42 60 29 40 54 47 18 5 39 1 70 67 22 22 
#60 42 60 49 0 54 1 31 43 45 65 36 2 13 6 
#27 45 11 49 3 35 12 31 3 45 43 63 67 8 6 
#2 45 60 49 40 63 11 37 1 39 65 63 67 22 51 
#60 35 29 49 50 54 33 37 43 39 65 63 67 13 8 
#27 12 60 12 48 63 18 15 26 45 65 63 67 30 47 
#28 45 11 49 3 54 33 37 5 45 65 63 67 4 6 
#60 12 29 49 50 25 18 15 5 39 65 70 51 13 6 
#60 45 60 29 10 35 33 37 42 45 2 63 67 31 6 
#28 12 60 50 40 63 6 38 26 39 41 70 67 4 51 
#60 45 56 70 50 54 12 37 5 39 65 63 67 13 8 
#28 15 60 33 10 63 18 22 42 45 69 63 51 4 47 
#28 45 45 49 3 25 47 37 42 45 65 63 67 15 24 
#2 0 29 70 50 16 6 15 5 71 11 44 51 3 8 
#60 42 31 8 10 63 6 18 5 17 41 63 51 4 51 
#60 6 29 12 50 25 1 38 5 45 41 36 67 13 6 
#28 0 56 70 23 63 18 15 5 39 65 63 67 30 51 
#60 45 56 70 0 25 11 15 42 45 69 63 2 4 6 
#2 35 45 33 22 18 11 28 5 45 41 52 67 22 39 
3 27 28 16 35 48 
30 47 49 23 5 29 
41 33 13 18 44 32 
50 57 19 17 45 22 
42 52 46 51 7 34 
14 38 12 39 53 58 
#Base: 911
#Max: 661
#725576
#Turn 8
#60 45 28 70 23 25 12 31 5 45 69 63 67 4 51 
#60 45 56 12 23 25 18 38 3 45 69 36 67 30 51 
#28 45 60 8 0 63 11 37 3 39 65 36 67 30 51 
#60 45 60 8 3 35 6 37 26 71 65 70 67 30 51 
#2 12 29 49 50 25 18 18 5 39 65 70 51 13 51 
#28 15 19 49 3 54 47 15 5 45 65 70 0 13 22 
#28 45 60 29 3 54 33 37 42 45 65 63 67 31 6 
#60 42 60 29 10 25 33 37 5 45 2 63 67 30 51 
#27 15 29 70 3 25 47 31 5 57 65 63 67 30 22 
#28 15 29 70 3 25 11 31 42 45 65 52 67 22 39 
#2 45 60 29 40 54 1 18 43 39 1 70 67 22 22 
#60 12 60 17 48 63 12 40 26 45 41 70 2 13 22 
#60 12 28 12 48 63 12 15 26 39 65 70 67 13 22 
#2 45 60 49 10 63 33 15 1 39 65 63 67 22 47 
#4 45 60 29 40 63 11 15 1 39 65 70 67 13 51 
#28 0 56 50 23 63 18 15 5 39 41 70 67 4 51 
#28 15 60 70 23 63 18 15 42 45 65 63 67 30 47 
#28 45 28 8 10 54 33 15 42 45 65 63 67 22 51 
#60 45 28 49 50 54 33 37 43 39 65 63 67 22 8 
#28 42 29 49 50 54 33 18 43 71 65 63 67 13 8 
#60 42 60 33 0 63 1 31 43 45 69 63 51 4 6 
#27 12 60 12 48 63 18 22 42 45 69 63 51 4 47 
#60 12 56 12 48 63 18 15 26 45 65 63 67 13 47 
#60 45 60 70 23 54 11 40 26 45 65 63 67 13 8 
#60 42 60 17 50 18 11 31 5 45 65 63 14 30 47 
#27 12 60 33 40 35 33 18 26 39 65 63 67 13 6 
#2 42 29 17 40 63 33 37 43 39 65 70 67 13 22 
#2 35 29 17 40 63 33 37 43 39 65 70 67 22 22 
#60 45 29 17 3 25 33 40 43 39 65 63 67 22 8 
#28 45 45 70 0 25 47 37 42 45 69 63 67 4 24 
#60 15 28 33 50 54 12 31 3 6 65 63 0 13 51 
#28 1 11 12 3 54 33 38 5 45 65 63 67 13 6 
#28 45 60 29 0 63 18 37 42 45 1 36 67 31 51 
#60 42 56 8 6 25 12 18 3 39 65 63 67 13 51 
#27 12 29 29 3 25 6 31 26 71 65 70 67 31 22 
#60 12 29 49 0 25 11 15 42 45 41 52 51 22 39 
#2 42 19 29 40 54 47 18 5 39 1 70 0 13 22 
#60 45 11 49 3 54 1 40 43 45 65 63 2 30 6 
#60 12 60 29 10 63 33 40 42 39 2 63 67 13 6 
#60 45 28 70 6 25 33 18 5 45 65 63 67 30 51 
#27 45 29 49 3 63 11 31 1 39 65 63 67 22 51 
#4 42 31 29 10 63 33 15 26 45 41 70 67 13 47 
#28 12 60 50 40 63 6 18 26 39 41 70 67 4 22 
#60 0 60 70 0 63 1 40 5 39 65 63 2 30 51 
#28 12 60 12 48 63 12 40 26 45 65 63 67 30 47 
#60 45 28 33 50 54 33 15 42 45 65 63 67 13 47 
#60 45 60 49 40 63 11 37 43 39 65 63 67 22 8 
#28 42 56 29 40 25 33 18 26 71 65 63 67 13 24 
#60 12 60 50 0 54 6 31 26 39 41 70 2 13 51 
#28 0 60 70 10 63 18 15 42 45 65 63 51 4 47 
#27 15 60 49 10 63 33 15 26 45 65 63 67 30 47 
#60 45 56 8 50 54 33 37 5 39 65 63 67 13 51 
#60 35 29 17 50 35 33 37 43 45 65 70 67 13 8 
#28 42 29 70 40 25 47 31 5 71 65 63 14 4 24 
#27 12 60 33 3 63 47 18 43 39 1 36 67 13 22 
#2 15 45 17 10 35 18 37 42 45 69 63 51 4 47 
#2 12 60 12 40 63 18 15 43 45 65 63 67 30 22 
#60 45 56 17 23 54 12 37 5 39 65 63 67 13 8 
#28 45 60 17 23 35 47 40 42 45 65 70 67 15 24 
#60 42 29 70 0 25 47 15 5 45 65 63 14 4 6 
32 56 14 27 1 24 
53 7 13 3 21 40 
57 26 19 23 51 49 
22 58 16 46 45 29 
28 0 39 18 44 52 
8 17 47 50 6 20 
#Base: 911
#Max: 672
#737651
#Turn 9
#2 12 60 12 0 63 18 37 43 45 1 63 67 31 51 
#2 45 60 29 40 63 11 15 43 45 65 70 67 30 22 
#4 45 60 29 40 63 11 15 43 39 65 70 67 13 22 
#2 35 56 17 23 63 33 37 3 45 69 36 67 30 22 
#60 42 56 12 50 25 18 31 5 45 69 36 67 30 51 
#28 42 60 70 10 25 47 37 5 71 65 63 14 4 24 
#60 45 60 29 10 25 33 15 5 39 2 63 67 30 47 
#60 45 60 8 3 35 33 15 1 71 65 70 67 22 51 
#60 12 60 12 3 35 6 22 26 45 69 63 67 30 51 
#27 12 29 12 3 63 18 31 1 45 65 63 51 22 47 
#2 45 29 17 40 63 33 37 43 39 65 70 67 13 8 
#28 42 29 49 50 54 33 37 43 39 65 63 67 13 8 
#60 45 60 70 50 54 33 18 43 45 65 63 67 13 8 
#60 45 56 70 50 54 11 37 5 39 65 63 67 13 51 
#60 45 56 8 10 54 18 15 42 39 65 63 67 4 47 
#60 12 56 17 48 63 47 40 42 45 65 70 67 13 24 
#28 15 60 70 23 63 47 40 42 45 65 63 67 15 47 
#28 45 60 49 40 63 11 37 43 39 65 63 67 30 47 
#60 45 28 33 50 54 33 15 42 39 65 63 67 13 8 
#28 45 28 70 50 54 33 15 42 45 65 63 67 4 47 
#60 45 28 70 23 25 12 40 5 45 65 63 67 22 8 
#60 45 28 70 6 25 33 18 5 45 69 63 67 30 51 
#60 45 28 49 50 54 33 18 43 45 65 63 67 22 51 
#60 45 60 12 48 54 33 40 43 45 65 63 67 30 8 
#28 12 29 12 50 35 33 40 26 45 65 70 67 30 8 
#27 45 29 70 10 54 33 31 5 57 65 63 67 30 51 
#28 42 28 8 40 54 33 15 42 71 65 63 67 22 51 
#27 42 60 29 10 25 33 18 26 71 65 63 67 30 47 
#28 15 60 49 3 63 33 37 42 45 65 63 67 31 6 
#28 42 60 29 3 63 1 37 43 45 69 63 67 31 6 
#28 45 60 70 0 25 18 31 5 71 65 63 14 4 51 
#60 42 60 29 40 25 33 37 43 45 2 63 67 30 22 
#4 45 60 29 10 63 11 15 1 39 65 70 67 22 47 
#60 35 60 8 3 63 33 37 43 71 65 70 67 22 51 
#27 45 56 12 23 63 18 38 3 45 69 63 51 4 47 
#27 45 29 17 3 63 11 31 5 45 65 63 67 30 47 
#60 45 56 70 23 54 47 37 5 39 65 63 67 4 24 
#60 42 29 17 10 63 33 37 43 39 2 70 67 30 51 
#28 45 29 49 10 54 33 18 43 39 65 63 67 22 8 
#60 45 60 70 3 54 6 37 26 71 65 70 67 13 8 
#27 12 60 12 48 54 33 37 42 45 69 63 67 4 47 
#27 45 60 70 3 63 18 31 1 39 65 63 67 22 47 
#60 45 56 12 23 63 12 15 26 45 65 63 67 13 47 
#2 42 60 17 40 35 33 40 42 39 65 70 67 13 22 
#28 42 60 70 50 54 18 15 42 45 65 63 67 30 8 
#60 45 60 49 40 63 11 37 43 39 65 63 67 13 8 
#60 45 28 33 50 54 33 15 42 39 65 63 67 13 47 
#28 45 60 70 10 25 18 15 42 45 69 63 67 4 24 
#60 45 29 17 48 25 18 40 43 39 65 63 67 22 47 
#60 45 28 70 23 25 47 40 5 45 65 70 67 4 24 
#60 45 60 70 6 25 33 15 42 45 65 63 67 30 47 
#60 45 60 49 40 54 33 37 43 39 65 63 67 22 8 
#28 45 60 33 48 54 12 15 42 45 65 63 67 13 47 
#60 45 45 70 50 35 33 37 43 45 65 70 67 13 24 
#60 15 29 70 3 25 33 40 5 57 65 63 67 30 22 
#28 45 28 8 10 54 12 15 42 45 65 63 67 22 51 
#28 45 28 29 6 25 33 18 26 71 65 63 67 30 24 
#27 45 60 49 10 54 33 37 26 45 65 63 67 30 8 
#28 45 60 29 3 54 33 37 26 45 65 63 67 31 47 
#60 42 60 33 0 35 1 31 43 45 69 70 67 4 6 
37 31 18 58 57 28 
1 42 26 13 48 49 
21 25 33 12 51 11 
44 23 16 53 17 45 
41 39 46 22 50 36 
4 40 52 15 19 27 
#Base: 911
#Max: 702
#770582
#60 42 29 29 40 63 33 37 43 39 2 63 67 30 22 
#60 42 60 33 50 25 33 37 43 45 2 63 67 13 22 
#60 45 60 29 3 54 33 15 42 39 65 63 67 31 8 
#28 45 60 49 10 54 33 37 26 45 65 63 67 31 47 
#27 15 60 49 3 54 33 37 26 45 65 63 67 31 8 
#60 45 56 29 23 63 12 15 43 45 65 63 67 30 47 
#60 42 28 8 40 63 12 15 42 71 65 63 67 13 51 
#28 45 56 8 40 54 33 15 42 39 65 63 67 13 51 
#60 45 29 70 50 25 11 37 43 39 65 63 67 13 47 
#60 45 29 70 23 25 18 40 43 45 65 70 67 4 24 
#60 45 29 70 6 25 33 18 5 57 65 63 67 30 51 
#60 35 60 8 3 54 33 37 5 71 65 63 67 30 51 
#60 35 60 70 3 54 33 37 43 71 65 70 67 13 51 
#60 45 60 70 50 54 33 37 43 39 65 63 67 22 8 
#60 42 29 49 50 54 33 37 43 39 65 63 67 22 8 
#60 45 60 12 50 54 18 40 43 45 65 63 67 30 8 
#60 15 60 12 23 63 33 40 42 45 65 63 67 30 47 
#28 45 45 70 50 63 47 37 42 45 65 63 67 15 47 
#28 45 60 49 40 63 33 37 43 45 65 63 67 13 47 
#60 45 60 49 40 63 11 37 43 39 65 63 67 13 47 
#27 45 60 70 3 54 6 31 1 71 65 63 67 13 8 
#60 45 28 70 3 54 6 15 42 71 65 70 67 13 8 
#60 45 28 49 50 54 33 15 43 45 65 63 67 22 51 
#60 45 60 49 50 25 33 18 42 45 65 63 67 22 47 
#60 45 60 70 6 25 33 37 5 45 65 63 67 30 47 
#27 42 56 12 48 54 33 37 5 45 69 63 67 4 51 
#27 12 60 33 48 54 33 37 42 45 69 63 67 13 47 
#28 12 60 17 48 63 47 15 42 45 65 63 67 13 47 
#60 45 56 70 50 54 33 15 42 45 65 70 67 4 24 
#27 45 60 70 50 25 33 15 26 45 65 63 67 4 47 
#60 45 60 29 40 63 11 37 43 39 65 70 67 30 51 
#60 45 56 12 23 63 12 15 43 45 65 63 67 13 22 
#28 45 28 33 40 54 33 15 42 39 65 63 67 22 51 
#28 45 56 70 50 54 11 37 26 39 65 63 67 13 51 
#27 45 60 49 48 25 33 40 26 39 65 63 67 22 47 
#60 45 28 49 3 25 33 40 42 45 65 70 67 31 6 
#2 45 60 70 40 25 33 15 43 45 69 70 67 30 51 
#27 45 56 70 10 63 33 31 5 45 65 63 67 13 51 
#28 35 28 8 3 54 33 15 43 71 65 63 67 22 51 
#60 45 60 70 50 54 11 37 5 39 65 63 67 13 8 
#60 45 60 17 40 25 33 40 43 39 65 63 67 22 8 
#28 45 28 70 50 25 33 37 43 39 65 63 67 13 24 
#60 42 28 70 6 54 18 15 5 45 65 63 67 30 8 
#27 45 60 70 48 54 33 40 43 57 65 63 67 30 51 
#60 35 60 8 3 63 47 40 42 45 65 70 67 22 47 
#60 45 60 70 50 54 33 18 43 45 65 70 67 13 24 
#28 45 60 49 40 63 33 37 43 39 65 63 67 30 47 
#60 42 29 49 40 54 11 37 43 39 65 63 67 13 8 
#28 42 60 70 50 54 18 31 1 45 65 63 67 22 8 
#60 45 60 12 3 54 6 37 43 71 65 70 67 13 8 
#60 15 60 33 23 54 33 15 42 45 65 63 67 15 47 
#60 45 45 49 50 35 33 18 43 45 65 63 67 22 24 
#28 45 60 70 6 25 33 15 42 39 65 63 67 30 47 
#60 45 60 49 40 63 11 37 5 39 65 63 67 4 24 
#60 42 60 12 50 25 18 31 5 39 69 36 67 22 51 
#60 45 60 12 48 54 6 37 42 71 65 63 67 13 47 
#60 45 28 33 50 54 33 15 42 45 65 63 67 13 47 
#60 45 56 49 50 54 47 18 42 45 65 70 67 22 51 
#28 45 28 70 6 25 33 15 42 45 65 63 67 30 47 
#60 45 60 70 10 25 47 18 5 71 65 63 67 4 47 
#Base: 911
#Max: 753
#826564
