#[0] 3, 3
#[1] 4, 3
#[2] 3, 4
#[3] 3, 2
#[4] 2, 3
#[5] 2, 4
#[6] 1, 3
#[7] 2, 2
#[8] 3, 1
#[9] 4, 4
#[10] 5, 3
#[11] 3, 5
#[12] 4, 2
#[13] 3, 0
#[14] 5, 4
#[15] 4, 5
#[16] 5, 2
#[17] 4, 1
#[18] 0, 3
#[19] 1, 4
#[20] 2, 1
#[21] 1, 2
#[22] 2, 5
#[23] 0, 4
#[24] 5, 1
#[25] 0, 2
#[26] 5, 5
#[27] 1, 5
#[28] 2, 0
#[29] 1, 1
#[30] 4, 0
#[31] 0, 5
#[32] 1, 0
#[33] 0, 1
#[34] 5, 0
#[35] 0, 0
#Turn 0
53 34 41 17 3 38 
0 49 21 30 8 47 
2 59 32 57 16 14 
11 5 35 20 40 19 
51 26 25 50 12 22 
42 54 56 23 52 24 
#Base: 943
#Max: 354
#375398
#Turn 1
#26 4 22 1 13 3 48 21 30 16 32 30 4 24 18 
#26 16 34 1 29 3 29 3 30 18 32 18 4 51 17 
#47 16 23 8 1 17 29 3 57 20 4 18 12 26 8 
#1 52 27 23 1 22 40 12 12 20 3 13 4 42 23 
#1 27 27 23 7 6 40 41 40 11 3 12 4 28 7 
#24 29 2 17 30 57 15 12 41 9 12 12 43 35 2 
#15 11 14 17 6 22 2 12 30 9 44 1 18 35 21 
#19 29 15 13 5 22 2 11 19 9 52 1 65 20 16 
#19 3 42 37 23 14 16 16 21 9 52 4 65 8 16 
#14 3 42 4 23 52 27 43 34 13 20 15 25 25 36 
#49 16 63 33 22 19 8 1 21 5 9 34 12 20 20 
#24 16 2 33 53 20 8 1 7 5 27 28 27 18 5 
#4 5 17 69 53 2 19 12 7 1 22 5 18 23 5 
#32 24 17 69 6 2 19 67 6 38 22 2 1 23 2 
#17 24 16 9 6 6 26 67 36 10 28 0 1 42 4 
#30 4 47 8 6 29 22 15 24 1 24 0 9 37 48 
#30 5 7 1 4 26 7 55 13 12 20 13 1 0 47 
#7 5 7 1 7 13 6 18 1 4 20 13 74 15 15 
#5 22 5 24 10 20 25 16 14 12 8 1 17 15 19 
#5 22 5 10 10 20 14 16 18 12 29 74 17 9 23 
#24 46 7 1 6 21 14 18 14 5 38 10 30 48 36 
#5 46 33 20 6 12 3 18 49 5 37 6 1 48 26 
#7 48 33 20 6 12 23 44 15 2 71 29 13 10 14 
#7 14 7 0 16 42 2 44 15 57 14 29 31 10 14 
#15 26 40 0 24 42 2 13 16 9 50 10 27 12 12 
#0 3 3 12 25 31 25 39 4 16 18 24 3 42 1 
#0 3 53 33 44 11 11 5 22 16 18 13 2 9 8 
#6 15 6 8 44 3 16 40 22 61 41 33 2 6 8 
#50 4 6 20 17 3 23 40 8 61 2 33 27 17 17 
#33 51 25 21 23 23 23 23 9 18 2 26 30 17 17 
#34 42 2 26 48 11 15 30 3 9 32 2 43 48 18 
#10 11 14 1 16 57 27 12 41 3 32 30 32 35 17 
#15 37 47 12 6 22 29 11 30 18 44 18 30 20 8 
#19 41 15 13 5 14 16 12 19 9 52 13 12 27 31 
#9 52 27 37 7 52 40 32 12 11 9 15 4 42 10 
#14 7 34 29 36 11 27 43 40 11 22 5 7 18 36 
#24 19 2 34 48 40 0 21 3 5 9 34 12 20 20 
#10 11 14 17 22 19 8 1 41 5 25 28 27 25 5 
#20 5 47 12 53 20 43 12 30 1 44 1 7 20 35 
#4 45 17 13 19 14 19 16 19 9 52 2 18 8 2 
#9 3 16 9 6 52 23 32 21 38 28 0 20 25 4 
#14 10 43 4 36 5 26 43 11 11 28 5 19 18 36 
#58 19 5 8 6 12 0 28 31 4 8 24 9 37 20 
#24 4 63 33 22 29 7 55 13 5 25 28 1 0 47 
#20 5 7 1 53 20 9 53 1 1 27 5 29 14 5 
#4 5 30 69 7 13 6 18 6 4 8 1 74 15 19 
#32 24 16 24 6 20 25 67 14 38 28 74 17 4 4 
#5 10 29 49 24 10 26 31 11 4 24 34 19 5 65 
#24 14 12 8 6 12 14 15 7 3 38 24 9 56 48 
#30 46 7 3 31 29 7 55 13 5 37 0 22 0 47 
#10 48 33 1 66 12 3 53 1 12 20 6 29 14 15 
#7 5 30 22 12 13 6 44 15 11 8 1 13 10 14 
#15 14 5 0 16 20 2 16 15 57 14 13 17 7 12 
#37 26 40 10 24 11 14 21 16 4 50 34 27 12 3 
#28 33 3 12 6 21 37 37 7 3 30 10 3 56 35 
#17 46 7 33 25 7 4 39 14 16 37 13 52 12 1 
#5 15 53 20 6 11 11 20 49 2 50 43 1 9 26 
#6 4 7 20 12 2 16 40 15 61 71 29 13 10 14 
#50 14 50 21 22 42 23 23 18 9 2 26 3 17 12 
#33 51 40 41 23 11 4 13 9 9 50 10 30 1 3 
2 32 31 59 21 20 
48 58 7 50 9 55 
23 14 8 43 22 5 
56 34 57 46 45 49 
17 10 30 13 47 27 
15 19 12 38 28 54 
#Base: 943
#Max: 393
#416755
#Turn 2
#47 37 23 8 1 22 29 11 57 20 44 18 30 20 8 
#10 37 47 1 6 22 27 12 41 3 32 18 32 35 17 
#33 51 40 1 23 11 27 12 9 3 50 10 32 35 17 
#5 51 40 41 23 11 3 13 49 9 37 6 30 1 26 
#5 46 7 1 6 12 3 18 49 5 38 10 1 48 36 
#50 14 12 21 6 42 14 23 18 3 38 26 9 17 12 
#19 29 50 13 5 42 2 23 19 9 52 26 3 17 12 
#10 48 15 1 5 12 2 53 19 12 52 1 29 20 15 
#10 48 42 4 23 52 3 43 34 13 20 15 25 25 15 
#14 46 7 33 25 52 27 43 14 16 37 15 25 25 1 
#7 14 16 0 6 42 2 44 36 10 14 0 1 10 4 
#17 24 16 9 23 6 26 67 21 9 52 4 1 42 16 
#19 4 42 37 22 29 16 16 21 5 25 28 65 0 47 
#7 48 33 20 6 29 7 55 13 2 25 29 13 0 14 
#24 48 33 17 6 57 23 44 15 9 71 29 43 35 14 
#5 15 27 37 7 52 11 20 12 2 50 43 4 42 26 
#9 52 7 37 12 52 40 32 12 61 9 15 13 10 10 
#6 24 7 24 6 20 16 40 14 61 71 74 17 10 4 
#4 24 16 24 6 20 25 67 14 4 28 74 74 15 4 
#4 46 30 69 7 29 7 55 13 4 37 0 74 15 47 
#49 16 7 33 7 19 8 1 21 5 20 34 12 20 15 
#49 42 63 26 22 19 8 1 3 5 32 2 12 48 20 
#34 24 2 26 6 2 15 30 6 38 22 2 43 23 2 
#32 10 17 49 6 10 26 31 11 4 24 2 19 23 2 
#6 10 6 8 24 10 16 31 11 61 24 33 19 6 8 
#30 4 5 8 10 20 14 16 24 1 29 74 17 9 23 
#5 5 17 10 10 2 19 12 18 12 22 5 17 9 5 
#20 5 17 12 53 2 19 12 30 1 44 5 7 20 5 
#50 4 47 12 53 3 43 40 8 61 2 1 7 20 35 
#28 4 3 20 17 3 37 37 8 61 30 33 3 56 17 
#24 16 23 8 1 12 14 15 7 20 4 24 12 26 48 
#50 14 47 12 22 22 23 23 30 18 2 18 30 20 12 
#10 29 15 13 16 22 2 12 19 3 32 30 65 35 16 
#33 51 40 41 23 12 3 53 1 12 50 10 30 1 15 
#14 46 33 20 6 52 27 18 34 13 37 15 25 25 26 
#17 46 7 33 6 7 14 39 14 5 37 13 52 12 36 
#7 14 12 0 6 12 2 44 15 57 38 24 9 56 14 
#17 24 50 21 22 42 23 67 18 9 28 0 1 17 12 
#19 3 42 13 5 14 16 16 19 9 52 1 65 8 16 
#10 4 33 1 22 29 7 53 13 5 20 28 1 14 47 
#7 3 33 4 6 12 27 44 34 13 20 15 25 25 36 
#17 29 7 17 25 7 15 12 41 16 12 13 52 35 2 
#7 15 53 0 6 42 11 44 49 2 50 29 31 10 14 
#17 52 16 9 7 52 40 67 36 10 28 0 1 42 4 
#19 4 7 20 12 14 16 40 21 9 52 29 13 10 14 
#32 4 63 24 6 29 25 67 14 5 25 74 17 4 4 
#7 48 33 69 7 12 23 18 15 2 8 29 13 15 19 
#24 46 2 3 31 57 15 55 41 5 37 0 43 0 47 
#5 5 53 20 7 11 6 20 1 4 20 43 74 9 15 
#49 16 27 33 22 19 8 32 21 11 9 15 12 42 10 
#6 42 7 20 48 11 16 40 15 9 32 2 43 10 18 
#32 24 17 24 6 20 25 67 6 38 22 2 1 23 2 
#4 10 29 49 24 10 6 31 11 4 24 1 74 15 19 
#30 46 7 3 31 3 16 40 22 5 41 0 2 0 8 
#7 4 47 8 7 29 6 18 1 4 20 13 74 37 15 
#49 22 5 33 22 20 8 1 21 5 29 74 17 20 20 
#4 42 17 69 53 11 15 12 3 1 32 5 43 23 5 
#20 5 47 12 53 2 43 12 6 38 44 2 1 20 35 
#5 4 29 20 17 10 26 40 11 61 24 33 27 17 65 
#6 33 3 8 6 21 37 37 22 61 30 33 2 56 8 
51 38 15 48 0 2 
34 36 11 28 37 9 
3 52 43 14 47 57 
59 58 45 19 17 33 
46 55 42 18 16 29 
35 54 12 56 21 8 
#Base: 943
#Max: 468
#496288
#Turn 3
#19 24 17 13 5 14 25 16 6 9 52 1 65 23 2 
#19 3 42 13 5 52 11 16 19 9 50 43 65 8 26 
#5 5 27 37 7 11 6 20 12 4 50 43 4 9 15 
#47 37 53 20 1 11 6 20 1 4 44 18 30 9 8 
#33 51 23 1 1 11 27 12 57 20 50 18 32 35 17 
#7 46 12 0 6 12 27 44 15 13 37 15 25 56 26 
#7 24 16 9 23 6 2 67 15 57 52 4 1 56 16 
#50 24 16 12 53 3 26 40 21 61 52 1 1 42 16 
#17 24 50 12 22 42 23 67 18 61 28 0 1 20 12 
#14 24 50 21 22 42 23 67 18 16 37 0 25 17 1 
#4 51 29 49 23 11 3 31 11 9 37 6 30 15 26 
#17 10 16 9 7 52 6 67 11 10 28 0 74 42 19 
#24 52 16 17 7 57 23 67 15 9 28 29 43 42 4 
#24 48 2 3 6 57 23 44 41 9 37 0 43 35 47 
#24 5 2 12 31 57 43 12 6 5 37 0 43 0 35 
#6 4 3 8 6 10 26 40 11 61 30 33 27 56 65 
#5 4 63 24 17 29 25 40 11 61 25 33 27 17 4 
#32 4 30 24 6 29 7 67 13 5 37 0 74 4 4 
#6 24 30 69 7 29 16 40 14 61 37 74 74 10 4 
#33 51 40 41 23 12 3 40 1 61 50 10 17 10 4 
#49 22 5 69 7 20 23 1 21 2 8 74 17 15 20 
#7 22 5 0 22 42 11 44 49 5 29 74 31 10 14 
#7 24 16 0 6 20 11 44 14 2 28 29 74 10 14 
#9 24 7 24 6 52 40 32 12 4 9 15 13 10 4 
#28 52 7 20 17 52 40 32 12 61 30 33 13 56 10 
#7 46 47 8 7 29 6 18 1 4 20 13 74 12 36 
#19 4 42 37 7 29 6 18 21 4 25 13 65 0 15 
#4 4 42 69 22 11 16 16 3 5 32 5 43 23 47 
#4 42 17 69 53 19 8 1 3 1 32 5 12 48 20 
#49 42 42 26 22 19 8 43 3 13 32 2 12 25 20 
#32 24 33 24 6 20 27 18 6 13 37 2 25 25 26 
#7 14 42 0 5 12 2 44 19 57 52 24 9 8 14 
#17 24 27 37 7 52 11 67 21 2 50 43 1 42 16 
#50 5 47 12 7 11 43 20 1 4 2 43 74 9 15 
#47 37 50 8 22 42 29 11 57 9 28 0 1 17 8 
#14 46 7 1 23 11 27 12 14 3 37 10 32 25 17 
#14 46 33 20 6 11 27 13 49 13 37 6 30 1 26 
#4 10 12 0 24 12 6 31 15 57 38 24 9 56 19 
#17 24 16 9 7 6 40 67 36 9 28 0 1 42 4 
#50 4 47 17 53 57 43 40 8 9 71 1 43 35 35 
#24 24 2 21 22 57 15 67 41 9 37 0 43 17 47 
#14 5 7 12 25 52 43 43 14 16 44 2 25 25 1 
#6 33 3 8 23 11 3 37 22 61 37 33 30 56 26 
#4 4 29 49 17 10 6 31 11 4 24 1 74 15 65 
#17 4 16 24 7 29 40 67 36 10 28 0 1 4 4 
#4 48 30 69 6 57 7 55 13 4 71 29 43 35 14 
#6 24 7 24 31 20 16 55 14 5 71 74 17 10 4 
#33 51 40 12 53 2 3 53 6 38 50 2 1 1 35 
#7 33 33 8 7 21 37 18 22 2 30 29 13 15 19 
#5 22 5 33 17 20 8 1 21 61 24 74 17 17 65 
#7 4 63 0 6 42 25 67 49 2 50 29 17 10 14 
#4 46 30 69 7 29 25 67 14 4 37 74 74 15 4 
#6 24 7 37 12 52 40 32 12 61 71 74 17 10 10 
#28 51 3 20 17 3 3 37 8 61 50 33 30 56 15 
#7 46 33 33 6 7 14 39 15 5 37 13 52 15 36 
#49 4 5 8 7 20 6 18 1 5 29 13 74 20 20 
#19 15 42 0 22 29 11 16 21 2 50 28 65 10 14 
#4 42 17 24 53 11 25 12 3 1 32 5 74 23 5 
#9 42 7 37 12 52 8 32 3 5 9 2 13 48 10 
#10 4 3 20 17 3 37 37 34 61 20 15 25 25 15 
27 34 1 8 17 57 
9 28 43 49 20 16 
42 6 46 52 24 19 
32 12 39 51 45 7 
4 47 11 18 50 13 
25 33 15 40 53 21 
#Base: 943
#Max: 513
#544008
#Turn 4
#4 37 42 8 22 11 29 16 57 9 28 5 1 23 8 
#47 3 50 13 22 52 29 11 57 9 50 0 1 17 8 
#17 24 42 12 5 52 11 67 19 9 50 43 65 8 12 
#32 24 30 12 22 29 23 67 18 61 37 0 74 4 4 
#4 4 17 24 6 11 25 12 13 1 37 5 74 4 5 
#4 42 50 69 22 42 8 67 3 16 37 0 25 17 20 
#4 4 17 49 53 19 6 31 3 4 24 5 74 15 65 
#5 4 5 33 17 20 8 31 11 61 24 74 17 17 65 
#5 22 5 33 17 20 8 1 21 61 24 74 17 15 65 
#49 22 63 24 17 29 23 40 11 2 8 33 17 17 4 
#7 33 3 8 23 6 3 37 15 57 37 33 1 56 26 
#7 24 7 24 23 6 16 67 14 5 52 74 1 56 16 
#6 24 7 24 12 52 40 55 12 61 71 74 17 10 10 
#6 52 7 20 12 52 40 32 12 61 30 33 17 10 10 
#33 52 7 20 17 52 40 40 12 61 30 33 17 56 10 
#24 24 16 37 7 57 23 67 15 9 50 43 43 42 4 
#24 4 47 17 53 57 23 40 15 9 71 29 43 35 35 
#4 4 30 17 53 57 25 67 14 4 71 74 43 15 4 
#4 48 30 69 7 29 25 55 13 4 71 74 74 15 14 
#50 48 16 12 6 3 26 55 21 61 71 29 43 35 16 
#33 51 23 12 1 2 3 12 6 20 50 2 1 35 35 
#33 51 40 9 53 52 3 53 6 10 28 0 1 42 19 
#17 10 30 9 7 29 6 67 14 10 28 74 74 42 4 
#6 24 30 0 7 29 16 67 14 2 50 29 74 10 14 
#24 4 63 0 6 42 23 67 49 9 37 29 17 10 47 
#7 5 47 12 7 29 43 18 1 4 2 43 74 12 15 
#6 4 47 8 6 10 26 20 1 61 2 43 27 56 65 
#24 4 2 8 22 10 15 40 11 61 37 33 27 56 65 
#28 24 3 21 17 57 15 67 41 9 37 0 43 17 15 
#7 51 5 20 17 42 3 44 49 61 50 74 31 10 15 
#4 4 50 21 22 42 16 16 3 5 32 5 25 23 1 
#4 42 17 69 53 42 29 1 3 9 32 5 1 48 8 
#19 3 42 13 17 52 11 31 19 9 50 43 74 15 26 
#17 22 50 12 22 42 8 1 18 61 28 74 1 17 65 
#49 4 5 24 7 20 7 67 21 5 8 74 17 4 4 
#4 42 63 24 17 29 25 12 11 61 25 33 74 17 5 
#14 33 50 21 23 42 23 37 22 61 37 0 25 17 26 
#7 42 16 9 23 6 2 67 15 1 32 4 1 48 16 
#4 4 7 24 31 20 6 55 14 5 71 74 17 10 65 
#6 22 7 37 17 52 40 32 12 61 71 74 17 10 65 
#28 52 7 69 17 20 40 32 21 61 8 33 17 15 10 
#5 51 40 24 17 29 3 40 11 61 25 10 27 17 4 
#6 24 3 8 23 52 3 67 22 61 37 43 1 56 16 
#7 52 16 9 23 57 23 67 15 9 28 4 43 56 4 
#6 24 47 17 31 57 43 55 8 5 71 74 43 10 4 
#4 46 30 69 12 29 40 67 12 4 37 74 17 10 10 
#4 48 30 20 17 52 40 32 13 61 30 29 13 56 14 
#50 51 40 41 23 3 26 40 1 61 52 10 17 42 4 
#17 51 27 37 1 11 11 12 57 2 50 18 32 42 16 
#33 52 40 12 53 2 3 67 15 9 50 2 1 1 35 
#17 10 47 17 53 57 43 67 8 9 71 0 74 35 19 
#4 46 30 69 7 29 16 67 14 61 37 74 74 15 4 
#4 48 63 69 6 57 7 55 49 2 50 29 17 35 14 
#50 24 16 12 53 57 23 40 41 9 52 0 43 35 47 
#33 46 47 8 7 29 27 12 1 4 50 13 74 35 36 
#33 51 40 12 7 11 3 20 6 4 50 2 74 9 15 
#6 10 3 8 7 10 6 40 11 61 28 33 74 56 19 
#6 24 30 69 7 29 16 67 41 9 37 0 43 17 4 
#28 4 3 0 17 3 25 67 49 61 50 33 30 56 14 
#7 48 2 3 6 42 11 44 41 5 37 0 43 35 14 
8 27 24 14 42 32 
40 54 15 44 47 11 
43 35 12 17 52 2 
22 29 39 51 50 16 
7 3 53 18 45 38 
6 5 58 19 33 46 
#Base: 943
#Max: 547
#580064
#Turn 5
#5 22 5 8 17 20 8 40 11 61 24 74 27 15 65 
#24 4 2 8 22 10 15 40 49 9 37 33 17 10 65 
#33 52 7 20 17 52 40 40 49 61 30 33 17 56 47 
#33 52 3 8 17 52 3 67 22 61 30 33 17 56 16 
#6 24 3 8 17 52 11 31 22 61 50 43 1 15 26 
#28 52 47 8 17 20 40 12 21 61 50 33 74 15 10 
#33 24 16 37 7 57 23 12 1 9 50 13 74 35 4 
#6 24 47 17 7 57 23 55 8 9 71 74 43 42 4 
#50 51 40 41 31 57 43 40 8 61 71 74 17 42 4 
#50 24 40 24 23 6 16 67 1 61 52 10 17 56 16 
#4 42 16 9 17 29 23 67 11 9 28 4 74 56 5 
#4 42 7 24 12 29 25 12 11 61 25 33 74 10 5 
#6 4 7 24 53 57 25 55 12 4 71 74 43 10 4 
#4 4 63 17 53 57 25 67 14 4 71 29 43 35 4 
#17 24 42 69 6 57 7 67 49 9 50 43 17 8 12 
#17 51 5 20 17 42 3 44 14 10 28 74 31 10 4 
#7 51 7 37 17 42 3 44 12 61 50 74 17 10 15 
#6 46 30 69 17 52 16 67 12 61 71 74 17 15 4 
#4 46 47 17 7 29 16 67 14 61 37 0 74 35 19 
#24 4 47 17 53 57 23 40 15 9 71 0 43 35 35 
#5 24 30 12 17 20 23 31 18 61 37 0 17 17 4 
#32 24 16 12 22 29 23 67 41 61 37 0 43 4 47 
#50 48 16 69 53 29 23 55 41 4 71 74 43 15 14 
#4 48 30 69 12 29 25 55 12 4 37 74 74 10 10 
#4 4 30 69 31 20 6 55 14 5 71 74 17 10 65 
#4 42 17 49 22 42 6 31 3 16 24 0 25 17 20 
#28 4 3 0 22 42 25 67 3 16 50 33 30 17 20 
#50 48 3 12 6 3 26 55 49 61 50 29 43 35 16 
#50 48 50 12 22 42 8 1 21 61 71 74 43 35 16 
#4 48 30 20 17 52 40 1 18 61 30 74 1 56 14 
#5 52 7 33 17 20 40 32 21 61 8 74 17 15 10 
#33 46 2 8 22 10 27 40 11 61 37 33 27 35 65 
#24 24 16 37 7 42 23 67 49 9 50 29 43 42 4 
#6 52 47 20 31 57 43 40 8 61 30 74 17 56 10 
#6 24 3 8 23 3 3 67 22 61 52 43 17 56 16 
#7 3 42 13 17 6 16 67 19 5 50 74 1 15 16 
#7 52 7 9 17 57 40 32 15 61 28 4 17 15 10 
#4 46 47 24 7 29 25 12 1 4 50 13 74 35 36 
#24 24 7 24 7 57 23 55 12 61 71 74 43 42 4 
#6 24 30 17 53 57 43 55 8 5 71 74 43 10 4 
#50 51 40 69 6 3 26 55 1 2 52 29 17 35 4 
#7 24 7 12 5 6 16 67 14 5 50 43 1 56 12 
#17 10 30 9 7 29 6 67 14 9 28 4 74 42 4 
#7 51 5 24 17 29 3 12 49 61 50 74 31 17 5 
#6 22 7 37 12 52 40 55 12 61 71 74 17 10 65 
#4 4 30 17 7 57 16 67 14 61 71 74 74 15 4 
#17 48 63 69 6 57 7 55 8 9 50 29 74 35 19 
#17 4 47 17 5 52 23 67 15 9 71 43 65 35 35 
#5 10 5 9 7 29 6 31 14 61 24 74 74 17 4 
#32 24 30 12 17 42 3 67 49 61 50 74 31 10 4 
#6 22 16 12 53 52 23 32 12 9 52 74 17 10 47 
#4 46 30 69 7 29 16 55 13 4 71 74 74 15 4 
#17 46 47 69 12 57 43 67 12 4 71 74 17 35 10 
#24 4 47 17 31 57 6 55 15 5 71 74 17 10 65 
#4 4 5 49 53 20 6 31 3 4 24 5 74 17 65 
#32 42 50 12 22 29 8 67 3 61 37 0 74 17 4 
#28 4 3 12 53 3 25 67 41 9 50 33 30 35 14 
#50 48 16 69 6 3 25 55 13 61 71 74 74 35 16 
#17 46 50 12 22 29 40 67 18 4 37 74 17 10 10 
#4 4 30 20 17 20 40 32 14 5 71 29 13 56 65 
21 58 5 47 12 16 
40 19 18 44 49 27 
3 7 46 17 45 14 
39 28 52 57 22 38 
9 13 53 8 51 23 
43 55 24 33 2 29 
#Base: 943
#Max: 630
#668081
#Turn 6
#17 24 16 12 22 29 40 67 41 4 37 74 43 4 47 
#28 52 50 8 22 20 40 67 18 4 37 74 74 10 10 
#28 52 47 8 5 20 40 12 15 9 71 43 74 15 10 
#17 4 7 17 53 52 23 67 12 4 71 74 65 35 4 
#7 51 7 37 53 57 3 44 12 4 50 74 43 10 15 
#24 4 40 69 6 57 23 40 1 2 71 0 17 35 4 
#4 46 47 17 53 29 16 67 15 61 37 0 43 35 35 
#4 46 7 17 12 29 16 67 12 61 37 0 17 35 65 
#32 22 30 37 12 52 3 67 49 61 71 74 17 10 4 
#50 48 3 12 6 42 26 67 49 61 50 74 31 10 16 
#6 52 3 8 17 57 3 67 8 61 30 74 17 42 16 
#17 48 63 69 7 57 23 55 8 9 71 29 74 42 4 
#6 48 30 69 6 52 7 67 8 9 50 29 17 15 19 
#6 4 30 69 7 52 16 67 14 61 71 74 17 15 4 
#4 24 30 17 7 57 16 67 14 9 50 43 74 8 4 
#6 24 50 12 53 57 43 55 8 5 71 74 43 10 4 
#50 48 50 69 12 42 8 67 12 61 71 74 17 35 16 
#17 46 16 69 12 3 43 67 13 4 71 74 17 35 16 
#50 48 16 69 53 29 23 55 41 4 71 74 74 15 16 
#50 24 16 24 53 57 23 55 12 4 71 74 43 42 14 
#50 24 40 17 53 6 25 67 1 61 52 29 43 56 4 
#24 4 63 17 31 57 25 55 14 4 71 29 17 10 65 
#24 51 47 41 31 57 6 40 15 61 71 74 17 42 4 
#50 46 40 41 7 57 43 40 8 61 71 74 17 42 4 
#4 48 30 69 12 29 16 55 12 4 37 74 74 15 4 
#7 42 5 24 17 29 3 12 49 61 37 0 74 17 4 
#4 42 30 69 22 29 8 55 14 5 71 74 74 17 65 
#4 52 30 69 31 20 6 40 8 61 30 74 17 10 10 
#33 52 7 20 31 52 43 40 8 61 30 74 17 56 47 
#33 48 30 20 17 52 40 1 18 61 30 74 17 56 47 
#32 24 16 69 6 29 23 55 1 2 37 29 43 4 4 
#17 4 50 17 22 29 23 40 18 9 71 0 43 10 10 
#28 52 47 17 7 20 16 67 21 61 50 0 74 35 19 
#17 4 7 37 12 52 23 67 12 9 71 74 65 10 65 
#32 24 7 12 53 57 25 67 12 61 71 74 31 10 4 
#7 48 3 37 17 42 26 44 49 61 50 29 43 35 15 
#33 51 40 8 6 52 26 55 1 61 52 33 17 56 4 
#24 24 47 17 53 57 23 55 8 9 71 74 43 42 4 
#4 48 63 17 7 29 16 55 14 9 37 29 74 35 19 
#6 46 7 37 17 52 16 67 12 61 71 74 17 15 4 
#4 24 30 17 17 42 16 67 14 61 71 74 31 15 4 
#17 48 3 12 6 57 7 55 49 9 50 29 43 8 12 
#33 52 30 8 17 57 43 55 8 61 71 74 17 10 4 
#50 48 47 12 7 57 23 55 21 61 71 74 43 42 16 
#17 46 47 69 6 57 7 55 8 4 71 74 74 35 19 
#50 48 30 69 17 3 25 67 13 61 71 74 74 35 16 
#4 4 30 17 7 29 23 67 14 4 71 74 43 15 4 
#24 24 42 69 6 57 23 55 12 61 50 43 17 8 4 
#50 24 40 17 53 57 43 55 1 61 71 10 43 10 16 
#4 4 50 17 22 57 8 67 21 4 71 29 43 35 16 
#24 4 47 17 31 57 6 55 15 4 71 74 17 10 10 
#50 51 16 41 6 3 43 40 13 61 71 74 17 42 4 
#4 48 16 69 53 29 23 55 13 4 71 74 43 15 14 
#24 24 30 69 12 29 23 55 12 4 71 74 43 10 4 
#7 51 5 24 17 29 16 12 1 61 52 10 17 17 5 
#4 4 63 17 53 29 8 67 3 4 37 0 43 17 4 
#24 4 30 17 31 20 6 55 14 5 71 74 17 10 65 
#6 51 40 20 31 57 43 40 8 61 30 74 17 56 4 
#33 46 7 20 7 52 16 55 13 4 30 33 74 56 47 
#4 48 30 20 12 29 25 1 18 4 37 74 1 56 10 
53 36 20 52 15 6 
40 32 57 26 51 17 
39 13 11 44 23 29 
8 22 43 45 16 34 
24 9 37 18 19 48 
47 3 33 28 42 1 
#Base: 943
#Max: 653
#692471
#Turn 7
#33 51 40 69 12 29 26 55 12 61 71 74 17 10 4 
#33 24 40 17 6 52 26 67 1 61 52 33 17 56 4 
#50 24 16 17 53 6 23 55 1 4 71 29 43 56 4 
#4 48 16 12 53 29 23 55 8 4 71 74 43 10 4 
#4 24 47 17 53 57 43 55 15 61 37 0 43 10 4 
#4 52 47 17 17 42 16 67 21 61 50 0 31 35 4 
#6 51 40 17 7 20 43 40 21 61 30 0 17 35 19 
#4 42 30 69 22 57 43 40 8 5 71 74 74 17 65 
#4 42 16 69 22 3 43 55 13 5 71 74 74 17 4 
#50 46 16 41 6 3 43 40 13 61 71 74 17 42 16 
#6 4 7 37 17 52 16 67 14 61 71 74 17 15 4 
#17 48 63 69 7 52 16 67 14 61 71 29 17 15 4 
#17 46 63 69 7 57 7 55 8 4 71 29 74 42 19 
#17 46 40 41 7 57 43 55 8 4 71 74 74 42 4 
#33 46 30 20 17 52 40 40 8 61 71 74 17 56 47 
#32 51 30 37 12 57 6 40 15 61 71 74 17 42 4 
#24 48 47 12 31 57 6 55 21 61 71 74 17 42 16 
#50 48 47 69 7 57 25 67 21 61 71 74 43 35 16 
#50 48 30 69 12 42 25 67 13 61 71 74 17 35 16 
#32 24 7 69 53 42 25 67 12 61 71 74 17 10 16 
#50 48 3 12 12 29 26 55 12 4 37 74 74 10 4 
#50 24 3 12 6 57 23 67 49 61 50 74 31 42 4 
#50 48 16 69 53 29 23 55 41 4 71 74 43 15 4 
#50 24 16 69 53 29 23 55 41 4 71 74 74 42 14 
#50 24 40 17 53 57 43 55 12 61 71 74 43 10 16 
#17 4 7 17 53 57 23 55 12 4 50 74 17 35 4 
#17 4 7 17 53 52 23 67 12 9 71 74 65 10 65 
#17 52 7 20 12 52 43 67 12 9 71 74 17 56 47 
#33 52 30 20 31 52 43 55 8 61 30 74 17 56 47 
#28 52 50 8 17 57 43 55 18 4 37 74 74 10 10 
#4 24 30 17 12 42 16 55 14 4 71 74 43 10 4 
#28 52 47 8 6 52 26 55 1 61 50 0 17 35 19 
#50 51 40 20 31 6 43 67 8 61 52 74 43 56 4 
#4 48 30 69 53 29 23 55 14 4 71 74 43 17 65 
#50 24 50 12 53 57 43 55 8 61 71 74 43 10 4 
#4 46 47 69 53 3 16 67 13 61 37 0 43 35 16 
#4 24 30 37 17 42 16 67 14 61 71 74 31 15 4 
#28 52 30 69 7 52 16 67 21 61 71 0 74 15 4 
#17 51 40 20 7 57 43 40 8 9 30 29 74 56 4 
#4 42 30 69 6 57 7 55 14 5 71 74 74 35 19 
#50 51 16 41 6 3 43 40 8 61 71 74 17 42 4 
#17 46 16 69 17 3 43 1 18 4 71 74 17 56 47 
#32 22 7 37 12 52 16 67 12 61 71 74 17 15 4 
#6 4 30 69 31 52 16 40 14 61 71 74 17 15 4 
#17 48 47 69 7 57 23 55 8 61 71 74 43 42 4 
#50 48 47 69 17 57 7 67 13 61 71 74 74 35 19 
#50 46 40 69 12 42 43 40 12 61 71 74 17 42 16 
#32 48 7 20 53 57 40 67 18 61 30 74 17 10 4 
#4 48 30 37 12 52 16 55 49 4 37 74 17 15 4 
#24 48 47 41 31 57 6 67 49 61 50 74 31 42 16 
#50 48 47 12 53 57 23 55 8 61 71 74 43 42 4 
#50 48 16 69 53 3 25 55 41 4 71 74 74 15 16 
#50 24 50 24 53 42 8 67 12 61 71 74 43 35 14 
#50 24 40 12 53 57 25 67 1 61 71 74 31 10 16 
#24 48 30 69 12 29 16 55 12 61 50 43 74 15 4 
#50 4 7 17 6 42 26 67 49 4 71 74 65 10 4 
#17 4 47 37 12 57 23 55 12 9 71 74 43 10 4 
#33 52 7 20 53 29 23 55 8 4 30 74 74 56 47 
#33 24 16 24 17 57 23 55 12 61 71 74 17 10 14 
#50 24 50 17 53 20 43 67 1 4 71 10 74 10 10 
47 29 0 53 12 15 
54 21 16 44 13 27 
26 19 7 49 46 37 
32 18 23 45 50 51 
11 22 34 17 52 33 
9 39 28 24 14 57 
#Base: 943
#Max: 709
#751856
#Turn 8
#28 48 7 20 17 57 40 55 18 4 30 74 17 10 4 
#28 52 40 8 17 57 26 55 18 61 37 74 17 10 4 
#33 24 40 12 53 29 26 67 12 61 71 74 17 10 16 
#50 46 40 69 53 57 7 67 8 61 71 74 31 10 19 
#32 51 30 69 7 57 7 40 8 4 71 29 17 42 4 
#50 48 30 12 6 29 23 67 49 61 50 43 31 15 4 
#24 48 3 12 31 57 23 67 49 61 50 74 31 42 16 
#24 48 47 69 31 57 6 55 21 61 71 74 43 42 16 
#17 46 47 41 7 57 23 55 8 4 71 74 43 42 4 
#17 46 7 20 12 57 43 67 8 4 71 74 74 42 47 
#32 4 7 17 53 42 25 67 12 9 71 74 65 10 16 
#4 24 7 69 53 42 25 40 12 61 71 74 17 10 65 
#4 42 30 69 31 57 43 40 49 61 50 74 31 17 16 
#24 48 40 69 31 42 6 40 12 61 71 74 31 42 16 
#50 52 40 69 7 52 43 40 21 61 71 74 74 15 4 
#50 48 30 69 12 42 25 67 13 61 71 74 17 35 16 
#50 48 16 69 53 42 23 55 13 61 71 74 74 42 14 
#50 24 47 69 53 29 23 55 13 61 71 74 74 42 19 
#50 48 47 12 17 57 7 67 13 61 71 74 43 42 19 
#50 48 16 69 53 3 25 55 8 61 71 74 43 42 4 
#17 48 16 69 53 52 23 67 41 4 71 29 43 15 4 
#50 48 16 69 53 29 43 55 8 61 71 74 43 10 4 
#50 48 50 12 7 57 25 67 8 61 71 74 43 35 4 
#50 24 47 24 7 57 8 67 12 61 71 74 43 35 14 
#4 24 30 24 53 29 8 67 12 4 71 74 43 17 65 
#50 42 30 69 6 57 7 55 13 61 71 74 17 42 19 
#4 42 30 20 6 52 43 55 14 61 71 74 74 56 19 
#33 52 40 20 53 57 43 55 8 61 71 74 17 56 16 
#50 46 30 17 53 57 40 40 8 61 71 74 17 10 16 
#33 46 30 20 53 52 23 55 8 61 71 74 74 56 47 
#24 48 7 20 53 57 16 67 12 61 30 74 74 10 4 
#28 52 3 8 17 57 23 67 49 61 37 74 31 42 10 
#33 48 40 69 12 29 26 55 21 61 71 74 17 42 16 
#17 48 47 69 7 57 23 55 1 61 71 74 43 10 4 
#17 46 40 41 7 57 7 55 8 4 71 74 74 42 19 
#17 52 30 20 12 52 6 67 12 9 71 74 17 42 4 
#17 48 30 17 12 52 23 55 12 61 50 43 74 10 65 
#50 24 3 12 6 57 25 67 12 61 71 74 17 42 4 
#24 48 30 69 22 57 43 55 8 61 71 74 17 42 65 
#17 48 47 41 31 57 6 67 49 61 71 74 31 42 4 
#17 46 40 41 12 42 43 55 8 4 71 74 74 42 16 
#17 52 7 20 12 52 43 67 21 9 71 0 17 15 4 
#17 51 40 17 31 6 23 67 8 61 52 74 43 56 65 
#32 48 30 69 53 42 25 67 13 61 71 74 17 35 16 
#4 24 16 69 22 57 23 55 41 5 71 74 74 42 65 
#24 48 47 41 17 57 7 67 13 61 50 74 31 42 19 
#50 48 40 12 53 42 43 55 12 61 71 74 43 42 16 
#28 48 30 69 7 52 16 55 21 4 71 0 74 15 4 
#17 51 40 69 7 6 43 67 14 61 52 29 43 15 4 
#50 48 16 69 12 29 25 55 41 61 71 74 17 15 16 
#50 24 16 12 53 57 43 55 41 4 71 74 43 10 4 
#50 48 47 69 7 57 7 67 21 61 71 74 43 35 19 
#50 48 47 24 53 42 23 55 8 61 71 74 43 35 4 
#50 48 30 69 53 3 25 55 14 4 71 74 43 15 65 
#50 48 63 41 7 52 43 40 14 61 71 74 17 42 4 
#4 48 16 69 53 29 23 55 41 5 71 74 74 35 4 
#50 24 30 20 53 57 43 55 8 61 30 74 17 56 4 
#50 48 40 69 7 57 43 67 21 61 71 74 43 35 16 
#33 24 50 20 53 42 40 67 12 61 71 74 17 35 14 
#4 52 7 69 53 29 23 55 14 4 71 74 43 56 47 
9 23 58 54 32 49 
45 59 53 14 19 42 
13 26 7 38 51 12 
44 3 57 16 29 43 
55 18 39 17 46 21 
28 25 15 27 52 22 
#Base: 943
#Max: 705
#747614
#Turn 9
#17 24 47 24 7 57 8 67 12 61 71 74 74 35 14 
#33 24 50 20 7 42 8 67 12 61 71 74 17 35 14 
#50 48 63 41 7 52 40 67 14 61 71 74 17 35 14 
#33 48 63 41 7 52 43 55 21 61 71 74 17 42 4 
#33 48 16 69 12 29 25 55 41 61 71 74 17 15 16 
#24 52 47 69 53 29 7 55 13 4 71 74 43 42 47 
#50 48 7 69 53 29 25 55 14 4 71 74 43 15 65 
#50 48 40 69 53 3 25 55 21 61 71 74 74 15 4 
#50 48 40 69 53 3 25 40 21 61 71 74 43 15 4 
#50 51 16 17 53 6 25 67 8 61 71 74 43 56 65 
#4 48 30 20 6 52 6 55 12 61 71 74 31 56 16 
#4 42 47 69 31 57 43 55 21 61 71 74 74 42 19 
#24 48 30 69 22 57 6 55 21 61 71 74 17 42 65 
#24 48 47 69 7 57 43 55 21 61 71 74 17 35 19 
#4 42 47 69 7 57 7 67 21 61 50 74 43 35 16 
#50 46 16 69 22 57 7 55 8 61 71 74 31 10 19 
#50 48 40 69 7 57 7 67 8 61 71 74 43 10 16 
#50 48 16 69 7 57 23 55 13 61 71 74 74 42 14 
#50 48 16 20 53 42 23 55 13 61 71 74 74 56 47 
#33 46 30 20 53 52 23 55 13 61 71 74 74 35 16 
#50 48 47 69 53 29 7 55 13 5 71 74 43 42 4 
#50 48 47 12 17 57 6 67 13 61 71 74 43 42 19 
#50 48 47 69 53 29 6 67 49 61 71 74 74 42 19 
#50 24 40 69 53 29 23 55 13 61 71 74 43 42 16 
#50 48 40 12 53 42 43 55 12 61 71 74 43 42 4 
#50 46 30 69 53 57 40 55 8 61 71 74 17 10 19 
#50 48 30 69 12 42 25 67 13 61 71 74 17 35 19 
#33 48 40 20 53 57 25 67 8 61 71 74 17 56 16 
#50 48 40 20 53 57 43 55 8 61 71 74 17 35 16 
#50 48 50 12 53 57 23 55 8 61 71 74 43 35 4 
#17 46 47 20 17 57 7 67 8 61 50 74 31 42 47 
#4 24 7 69 53 57 23 67 14 61 71 74 43 56 14 
#50 48 30 69 53 3 25 67 14 4 71 74 43 15 65 
#50 52 63 69 7 52 43 40 14 61 71 74 74 15 4 
#50 48 40 69 12 29 26 55 21 61 71 74 43 42 16 
#17 48 40 17 31 6 23 55 41 61 52 74 43 15 65 
#24 48 47 69 17 42 7 40 12 61 71 74 31 42 19 
#4 52 7 69 53 52 43 55 14 4 71 74 74 56 47 
#50 48 30 69 53 57 25 55 21 4 71 74 43 15 16 
#50 52 30 69 7 52 43 40 21 61 71 74 17 15 4 
#50 48 16 69 7 3 25 55 21 61 71 74 43 42 4 
#17 51 40 17 31 57 43 40 8 61 52 74 31 17 65 
#4 24 40 69 31 42 6 55 41 61 71 74 74 42 65 
#50 46 40 20 6 52 7 67 14 61 71 74 31 56 19 
#24 48 47 69 31 57 6 67 21 61 71 74 43 35 16 
#24 48 16 69 22 42 23 55 13 61 71 74 17 42 14 
#50 46 47 69 53 52 23 67 21 61 71 74 43 56 47 
#4 48 30 69 31 42 25 40 49 61 71 74 17 17 16 
#4 24 16 69 22 29 23 55 41 5 71 74 74 35 4 
#50 48 40 69 17 57 7 67 8 61 71 74 43 42 19 
#50 48 40 41 31 57 6 67 21 61 71 74 31 42 16 
#50 24 47 69 53 42 23 55 13 61 71 74 74 42 19 
#33 46 40 20 53 52 43 55 8 61 71 74 43 56 47 
#50 48 16 69 53 42 43 67 8 61 71 74 43 35 16 
#4 48 30 17 53 29 40 55 8 5 71 74 17 35 4 
#50 42 30 69 6 57 7 55 13 61 71 74 43 42 19 
#50 48 47 69 12 42 6 67 13 61 71 74 31 42 16 
#50 24 47 20 53 57 23 55 8 61 71 74 17 42 19 
#50 48 40 24 53 42 23 55 8 61 71 74 43 42 16 
#50 48 16 69 53 57 43 55 8 61 71 74 43 35 4 
5 3 24 50 7 26 
38 29 58 53 25 27 
56 9 42 11 18 2 
23 59 52 46 51 49 
55 19 17 22 33 12 
31 28 37 44 34 13 
#Base: 943
#Max: 780
#827147
#24 52 47 69 53 29 7 55 13 4 71 74 43 42 4 
#50 48 63 41 53 42 43 55 21 61 71 74 17 42 4 
#50 48 40 12 53 42 6 55 21 61 71 74 31 42 4 
#50 48 40 69 53 57 6 67 21 61 71 74 31 15 16 
#50 48 40 69 12 42 25 67 21 61 71 74 17 35 4 
#50 48 50 12 53 57 23 55 21 61 71 74 43 35 4 
#50 48 40 12 53 57 23 55 8 61 71 74 43 42 4 
#50 48 16 24 53 42 43 55 8 61 71 74 43 35 16 
#50 48 30 69 53 57 40 67 8 61 71 74 17 10 16 
#33 46 30 69 53 57 25 55 8 61 71 74 17 10 19 
#50 48 16 69 12 6 25 67 13 61 71 74 43 56 65 
#50 51 16 17 53 42 25 55 41 61 71 74 74 56 65 
#4 42 40 69 31 42 6 55 21 61 71 74 74 42 65 
#50 48 47 20 53 42 23 55 21 61 71 74 74 56 19 
#50 48 63 20 7 52 40 67 13 61 71 74 74 35 47 
#50 24 16 69 53 57 43 55 8 61 71 74 43 35 16 
#33 46 40 20 53 57 43 55 8 61 71 74 43 35 47 
#50 46 47 69 53 52 23 67 8 61 71 74 43 56 47 
#50 46 47 69 53 42 23 55 21 61 71 74 43 56 47 
#50 24 47 69 17 57 7 67 13 61 71 74 74 42 19 
#50 42 30 69 6 57 23 55 13 61 71 74 74 35 16 
#33 48 16 20 7 52 23 55 13 61 71 74 74 35 16 
#50 48 16 69 7 29 6 55 13 61 71 74 74 42 14 
#50 48 47 69 7 29 43 40 49 61 71 74 74 42 19 
#50 52 30 69 7 52 43 40 21 61 71 74 17 15 4 
#50 24 40 69 53 57 23 67 8 61 71 74 43 35 16 
#50 48 7 20 53 52 43 55 14 61 71 74 17 56 47 
#4 48 7 69 31 57 6 55 21 61 71 74 43 56 16 
#24 48 40 69 31 29 6 67 21 61 71 74 43 42 16 
#24 48 40 69 7 57 43 55 21 61 71 74 43 35 19 
#50 48 47 69 53 57 7 55 21 4 71 74 43 15 16 
#33 48 63 12 53 57 43 55 21 61 71 74 17 42 4 
#50 48 40 24 53 42 23 55 8 61 71 74 43 42 4 
#50 48 16 41 53 57 43 67 21 61 71 74 43 42 16 
#50 46 30 69 53 57 25 55 8 61 71 74 74 10 4 
#50 48 30 69 53 42 25 67 8 61 71 74 17 56 16 
#50 48 47 69 12 57 25 55 21 61 71 74 31 15 16 
#50 51 50 12 53 6 23 55 8 61 71 74 43 35 4 
#4 48 40 69 31 42 6 55 41 61 71 74 74 42 65 
#4 42 16 69 53 57 43 67 8 61 71 74 43 42 16 
#50 46 30 69 53 57 23 55 13 61 71 74 74 56 19 
#33 48 63 20 7 52 40 67 8 61 71 74 17 35 16 
#50 24 47 69 53 29 23 67 13 61 71 74 31 42 16 
#50 51 16 17 53 6 25 55 8 61 71 74 43 56 65 
#33 46 40 69 53 52 43 55 8 61 71 74 43 42 65 
#4 46 47 69 53 52 43 55 21 61 71 74 43 42 19 
#50 24 47 69 53 42 23 55 13 61 71 74 74 42 19 
#50 48 63 41 17 52 7 67 14 61 71 74 43 42 14 
#50 24 30 69 6 29 23 55 13 61 71 74 43 42 16 
#50 46 16 69 53 57 43 55 13 61 71 74 74 35 4 
#33 46 40 20 53 57 23 55 13 61 71 74 43 42 47 
#50 46 47 69 53 52 6 67 49 61 71 74 43 56 47 
#50 24 63 69 7 42 23 55 13 61 71 74 74 42 19 
#50 48 30 69 17 57 7 67 8 61 71 74 43 42 19 
#4 42 7 69 6 57 23 67 14 61 71 74 43 56 14 
#33 48 40 20 53 52 23 55 13 61 71 74 74 35 16 
#50 48 7 69 53 57 43 55 14 4 71 74 74 56 14 
#24 48 47 69 31 29 6 67 21 61 71 74 43 35 16 
#50 52 40 69 12 29 43 55 21 61 71 74 74 15 16 
#24 48 47 69 22 57 43 55 21 61 71 74 17 35 65 
#Base: 943
#Max: 791
#838812
