#[0] 3, 3
#[1] 4, 3
#[2] 3, 4
#[3] 3, 2
#[4] 2, 3
#[5] 2, 4
#[6] 1, 3
#[7] 2, 2
#[8] 3, 1
#[9] 4, 4
#[10] 5, 3
#[11] 3, 5
#[12] 4, 2
#[13] 3, 0
#[14] 5, 4
#[15] 4, 5
#[16] 5, 2
#[17] 4, 1
#[18] 0, 3
#[19] 1, 4
#[20] 2, 1
#[21] 1, 2
#[22] 2, 5
#[23] 0, 4
#[24] 5, 1
#[25] 0, 2
#[26] 5, 5
#[27] 1, 5
#[28] 2, 0
#[29] 1, 1
#[30] 4, 0
#[31] 0, 5
#[32] 1, 0
#[33] 0, 1
#[34] 5, 0
#[35] 0, 0
#Turn 0
13 36 26 44 32 5 
14 4 40 28 1 34 
6 49 30 31 0 17 
35 24 39 27 22 15 
25 37 23 57 19 21 
51 41 20 47 38 56 
#Base: 897
#Max: 345
#384615
#Turn 1
#4 4 44 21 26 48 10 3 10 30 40 39 23 15 18 
#28 6 44 8 1 7 3 28 24 17 59 6 23 18 37 
#7 6 22 13 10 7 3 28 20 41 59 3 26 9 52 
#7 6 9 13 27 27 18 15 20 41 1 1 44 52 52 
#21 30 9 34 27 28 0 18 52 0 14 25 8 37 5 
#32 22 7 18 28 21 11 15 22 26 25 18 11 34 16 
#19 0 9 18 8 13 11 35 22 26 17 16 21 34 17 
#29 0 47 7 29 57 16 1 10 12 17 11 49 34 58 
#18 31 21 14 7 57 1 5 10 12 19 54 35 5 12 
#25 31 13 7 7 21 40 5 23 40 19 20 16 1 25 
#15 48 20 4 20 26 30 12 30 47 11 48 10 20 8 
#10 11 47 4 20 34 30 8 30 57 11 8 56 9 15 
#32 43 40 17 23 34 9 8 7 4 14 14 56 9 15 
#32 8 40 17 10 3 7 4 7 32 15 13 59 9 22 
#21 51 12 3 41 3 7 31 24 32 3 13 37 12 22 
#8 37 33 5 5 2 16 8 17 53 53 9 11 18 11 
#29 14 2 5 25 2 11 11 29 18 2 9 8 6 11 
#15 14 4 14 25 73 47 9 20 33 9 17 2 6 33 
#14 1 16 14 4 73 47 9 60 11 9 20 2 10 33 
#6 18 16 9 16 16 2 11 65 60 28 25 4 10 15 
#27 35 46 35 10 42 2 21 21 10 2 48 13 8 10 
#22 18 22 35 10 42 25 0 31 2 31 46 13 6 2 
#35 18 14 1 1 0 25 22 17 2 31 4 42 43 19 
#3 3 45 5 3 10 19 22 17 32 19 4 7 43 19 
#3 48 3 27 17 10 24 38 1 32 24 4 7 6 14 
#8 19 10 22 42 20 6 22 5 25 34 45 4 2 26 
#22 19 14 22 4 10 30 50 10 35 34 41 61 47 26 
#22 14 10 8 4 17 23 30 10 35 8 3 61 37 17 
#32 14 47 8 65 9 0 21 19 38 22 25 18 10 3 
#52 2 47 24 26 23 19 3 1 25 48 25 9 10 3 
#12 22 34 13 15 28 56 15 10 0 40 39 19 34 18 
#19 6 9 4 28 21 11 18 22 30 33 18 23 44 12 
#28 6 22 7 8 7 3 28 26 10 17 16 26 18 33 
#18 6 21 14 10 27 18 1 20 41 1 11 44 9 58 
#21 31 13 31 7 28 0 5 23 0 19 1 22 1 12 
#10 30 4 1 7 9 26 18 37 41 26 25 16 37 25 
#15 10 7 13 15 28 56 12 11 0 18 48 11 34 8 
#19 48 9 18 28 26 30 15 30 26 11 35 10 7 3 
#29 0 6 7 23 13 9 8 31 57 17 8 49 9 17 
#18 0 21 17 29 66 1 3 10 12 15 14 10 5 13 
#6 31 19 11 58 21 7 5 24 40 3 13 59 1 22 
#21 51 4 3 7 9 40 57 12 15 25 25 37 2 25 
#8 12 20 38 5 17 12 12 17 47 53 48 11 20 9 
#29 48 47 5 20 26 16 8 30 18 11 9 10 58 11 
#13 14 6 2 25 16 9 11 31 33 2 9 56 6 15 
#14 1 4 17 4 73 47 9 7 4 9 17 2 4 13 
#6 2 16 11 16 3 7 11 60 60 0 13 59 10 15 
#21 51 24 3 41 16 2 18 65 24 25 25 37 10 8 
#27 35 33 22 5 0 16 8 21 53 2 20 26 15 10 
#29 37 22 5 10 42 16 0 15 18 7 58 17 58 10 
#15 18 71 2 25 0 25 1 31 33 31 9 42 6 2 
#14 3 4 1 4 73 19 9 20 11 19 17 2 43 33 
#3 19 45 9 16 10 31 11 17 32 0 19 7 52 15 
#6 48 3 31 33 16 2 46 65 0 3 25 29 10 8 
#27 35 10 22 33 20 2 22 18 25 5 48 26 15 10 
#22 19 12 35 19 10 35 0 15 15 34 41 4 8 10 
#22 18 14 19 1 17 25 30 31 4 31 3 42 37 2 
#32 3 10 1 65 9 19 22 17 38 22 0 18 10 19 
#52 19 45 5 26 10 0 38 17 32 24 25 9 52 14 
#21 61 3 27 2 20 19 3 6 0 24 4 2 23 16 
14 38 12 2 8 57 
27 33 30 17 45 20 
0 42 11 47 53 29 
28 49 46 18 26 40 
15 41 19 7 50 43 
36 10 3 58 51 1 
#Base: 897
#Max: 425
#473802
#Turn 2
#29 0 12 7 41 3 7 31 24 32 17 8 49 12 22 
#32 43 6 7 23 13 9 8 31 57 14 8 49 9 17 
#7 6 22 17 10 7 3 28 20 41 14 3 26 9 52 
#7 31 22 13 7 57 3 5 20 41 19 3 26 5 52 
#18 3 21 1 7 57 1 22 10 38 19 0 35 10 12 
#22 6 10 14 10 17 18 1 20 35 8 3 61 37 58 
#12 22 34 13 15 27 18 1 20 0 40 39 44 34 18 
#15 22 34 13 15 28 56 9 20 33 9 17 2 6 18 
#14 14 4 14 4 73 47 9 20 33 9 17 2 6 13 
#14 35 46 17 10 73 47 21 7 10 2 48 2 8 13 
#4 4 20 38 5 48 10 3 17 47 53 48 23 20 18 
#8 12 20 38 5 17 12 12 17 57 53 8 56 20 9 
#10 11 47 3 20 16 30 8 65 24 25 8 37 9 8 
#6 51 24 31 41 16 2 46 65 24 3 25 29 10 8 
#6 2 3 31 26 16 19 46 1 25 48 25 9 10 3 
#32 37 47 8 10 9 16 21 15 38 7 25 18 10 3 
#29 37 22 5 16 3 16 11 60 18 0 58 59 10 15 
#6 2 16 11 16 3 47 9 60 60 0 20 59 10 15 
#14 19 14 14 4 73 30 50 60 35 9 20 61 47 26 
#22 31 19 22 4 21 7 50 10 40 34 41 61 47 26 
#8 37 4 5 5 9 16 8 12 53 25 25 11 18 25 
#6 51 4 3 16 9 40 11 12 60 28 25 37 2 25 
#6 0 16 9 16 57 2 11 65 60 17 11 49 34 58 
#29 18 47 2 29 57 16 1 31 12 31 11 42 34 58 
#15 18 71 5 25 0 16 1 31 18 11 9 10 6 2 
#15 48 20 13 20 26 30 12 11 47 18 48 11 20 8 
#15 6 9 13 27 26 18 15 20 47 1 48 10 20 52 
#7 19 9 5 26 27 18 38 17 32 1 1 9 52 14 
#14 19 4 5 26 10 19 38 17 11 19 17 9 43 14 
#28 6 44 1 1 73 3 28 20 17 19 6 2 43 33 
#21 51 10 3 4 17 7 31 24 35 3 3 37 12 22 
#18 6 21 7 23 13 18 1 31 41 1 11 49 9 58 
#12 22 40 17 15 34 9 15 10 4 40 39 56 34 15 
#15 14 4 13 25 7 3 9 20 33 9 3 2 9 33 
#18 31 21 14 4 57 1 9 7 12 19 17 2 4 13 
#27 35 46 35 10 42 2 22 17 10 22 48 13 8 10 
#4 4 44 21 4 17 10 30 10 30 8 3 23 15 18 
#18 6 21 14 10 17 18 12 17 41 1 11 44 20 9 
#12 11 34 4 15 28 30 8 10 57 40 8 56 9 15 
#21 51 24 3 41 16 2 9 20 33 9 17 37 6 33 
#6 48 4 31 4 16 47 46 7 4 3 25 2 4 13 
#52 35 47 24 10 42 2 3 21 10 2 48 9 10 10 
#32 14 44 21 26 48 0 21 19 30 22 39 23 15 18 
#29 37 22 38 5 42 12 12 15 47 7 58 11 58 9 
#10 2 47 11 20 34 7 11 60 57 11 8 59 10 15 
#14 51 16 3 41 73 47 9 65 24 25 25 2 10 33 
#22 48 14 22 4 16 2 50 10 35 34 41 61 47 26 
#52 2 19 11 58 21 19 3 24 40 3 25 59 1 22 
#8 37 47 8 5 9 0 8 19 53 53 9 11 18 11 
#29 51 4 5 10 9 16 0 15 18 7 58 17 58 10 
#6 2 16 9 16 16 7 11 60 60 28 25 4 10 15 
#14 0 16 14 4 73 16 1 60 11 17 11 49 34 58 
#15 18 71 22 4 0 25 50 10 33 31 41 61 47 26 
#29 48 19 5 20 21 7 8 24 18 3 9 59 1 11 
#15 37 33 5 5 2 16 8 17 53 53 48 11 18 11 
#21 48 20 3 20 26 30 57 30 47 11 25 10 2 25 
#7 6 16 13 16 16 2 11 20 41 1 1 4 10 15 
#29 0 45 5 26 10 16 38 17 32 17 25 49 34 58 
#14 3 4 1 4 73 25 9 20 33 31 17 42 6 33 
#29 6 47 8 1 26 3 8 24 17 11 9 23 58 37 
31 50 54 11 21 3 
48 12 49 19 58 32 
8 55 23 51 46 5 
13 44 52 18 22 17 
1 10 16 45 43 57 
35 38 29 9 47 41 
#Base: 897
#Max: 476
#530658
#Turn 3
#6 2 21 7 23 16 7 1 60 60 28 25 49 10 58 
#6 37 16 5 16 16 7 8 60 53 53 48 4 10 11 
#15 37 20 38 5 2 16 8 17 57 53 48 11 20 9 
#6 12 20 3 5 9 12 12 17 57 53 25 37 2 25 
#6 51 22 3 7 57 40 11 20 41 28 25 26 5 52 
#10 37 47 8 5 9 0 8 19 24 25 9 37 18 11 
#29 11 47 3 10 9 30 8 15 18 25 58 17 58 10 
#22 51 19 5 4 21 7 50 15 18 34 41 17 47 10 
#14 3 19 22 4 21 25 50 20 33 31 17 61 6 26 
#12 3 40 17 15 73 25 9 20 4 40 39 56 6 15 
#14 48 20 3 20 26 47 9 30 47 11 25 10 6 13 
#21 18 20 2 20 26 30 1 31 12 11 25 10 34 25 
#29 18 47 14 29 73 16 1 60 11 31 11 42 34 58 
#22 0 16 14 4 73 16 50 60 35 17 41 49 34 26 
#22 48 10 14 10 16 2 50 20 35 34 41 61 37 58 
#10 2 47 11 41 16 2 46 65 57 11 25 29 10 15 
#10 2 71 11 20 0 25 11 60 33 11 41 61 47 15 
#15 19 71 22 4 73 25 50 10 35 9 41 61 47 26 
#14 19 14 14 16 57 30 50 65 60 17 11 49 34 26 
#6 2 16 11 16 3 2 11 65 60 0 20 49 10 58 
#32 43 20 7 5 13 9 3 31 47 53 8 49 20 18 
#4 4 20 5 16 48 16 3 60 47 0 58 23 10 15 
#29 37 22 3 16 73 47 9 65 18 0 25 2 10 33 
#29 51 22 38 5 73 47 12 65 47 7 58 11 10 9 
#29 0 22 38 5 42 16 38 15 32 17 58 49 58 58 
#27 35 34 4 10 42 2 8 17 10 22 48 56 8 10 
#28 6 44 4 15 73 3 8 20 17 40 8 2 9 15 
#28 6 44 1 10 73 47 28 7 10 2 48 2 43 33 
#14 35 19 17 58 73 19 21 7 10 3 48 59 8 22 
#52 35 47 24 10 21 2 3 24 10 2 25 59 10 10 
#8 37 47 8 23 9 0 8 19 53 53 11 49 18 11 
#10 11 16 3 16 16 30 8 60 24 28 8 4 9 15 
#15 37 4 5 5 9 16 8 17 53 7 48 11 58 11 
#22 12 19 38 5 21 12 50 10 40 34 41 61 47 9 
#14 3 4 1 4 9 25 9 12 33 31 17 37 2 33 
#12 22 40 17 7 57 3 5 20 4 40 39 56 5 15 
#14 37 47 8 4 9 0 8 20 33 9 17 2 6 13 
#21 11 20 3 20 26 30 57 65 24 11 8 10 9 8 
#29 18 47 2 10 9 16 0 15 18 7 11 42 34 10 
#14 31 19 14 4 73 16 1 60 11 17 11 49 34 58 
#14 3 4 1 4 16 25 50 20 35 31 41 61 6 33 
#22 6 40 17 10 34 18 1 10 4 8 39 56 37 15 
#14 14 4 14 4 16 47 9 20 33 3 17 2 10 8 
#21 48 47 11 20 34 30 11 30 57 11 25 10 10 15 
#29 18 71 2 29 0 16 50 31 33 31 11 42 47 26 
#14 19 16 14 4 73 30 1 60 11 9 11 61 47 26 
#6 0 16 22 4 16 2 11 10 35 34 11 61 34 26 
#22 2 16 11 16 3 18 1 20 60 8 3 61 37 58 
#32 51 24 7 41 13 2 46 31 57 3 8 49 9 8 
#10 2 20 11 20 34 7 3 60 47 53 48 59 20 15 
#29 37 71 22 16 3 16 50 10 18 31 41 61 10 26 
#14 51 16 14 41 73 30 50 65 24 9 20 2 10 26 
#6 0 22 9 16 57 2 12 65 47 17 58 11 58 58 
#29 0 45 5 26 10 16 9 60 60 0 25 49 10 15 
#32 35 46 35 23 42 9 22 17 57 14 8 49 9 10 
#12 11 20 38 5 48 30 3 10 57 40 8 23 9 18 
#28 37 44 5 16 73 16 28 20 17 0 6 59 43 15 
#14 51 16 3 10 73 47 21 65 10 2 25 2 8 33 
#29 2 19 11 5 21 19 12 15 47 3 58 59 1 9 
#52 0 47 5 10 10 2 3 21 10 2 48 49 10 10 
43 2 48 56 9 21 
30 47 15 24 27 53 
54 0 51 18 13 33 
45 16 12 17 52 28 
1 22 50 23 39 44 
35 19 49 14 57 4 
#Base: 897
#Max: 508
#566332
#Turn 4
#15 48 47 38 5 2 16 8 17 57 53 25 10 10 15 
#32 51 24 38 41 13 16 46 31 57 3 48 49 20 8 
#32 51 44 7 41 73 2 46 20 17 3 6 59 43 15 
#12 37 44 5 16 73 25 9 20 17 40 6 56 43 15 
#4 3 40 5 16 48 25 3 60 4 0 39 56 10 15 
#8 37 47 8 23 3 0 8 20 53 8 3 49 37 11 
#22 2 16 11 41 3 18 1 20 60 11 25 29 37 15 
#29 0 22 38 41 42 2 46 65 57 17 25 49 58 58 
#29 0 44 38 10 42 47 38 7 32 17 58 49 58 58 
#28 0 45 5 10 10 47 9 7 10 2 48 49 43 33 
#6 2 46 7 23 16 7 22 60 60 14 8 49 9 10 
#14 51 16 14 41 73 30 50 60 60 28 20 49 10 26 
#14 51 14 14 41 57 30 50 65 24 17 11 49 10 26 
#22 0 16 14 16 57 16 50 60 60 17 41 49 34 26 
#22 12 19 14 4 73 16 50 10 35 17 41 49 47 26 
#14 19 71 11 20 73 25 11 60 33 9 41 61 47 15 
#29 18 71 11 20 73 25 11 60 33 11 11 61 47 15 
#29 18 47 14 29 73 16 1 10 11 9 11 61 47 58 
#6 0 71 9 16 73 2 50 10 47 17 58 61 47 26 
#14 0 19 9 58 57 2 12 65 47 17 48 59 58 58 
#29 37 16 5 16 73 7 8 65 18 53 48 2 10 33 
#29 37 71 22 16 73 47 9 65 18 31 41 2 10 26 
#29 37 71 22 5 73 16 12 10 47 7 41 61 10 26 
#14 31 22 14 4 73 16 1 60 47 7 11 49 10 9 
#14 31 71 14 29 73 16 1 31 11 31 11 49 47 26 
#12 2 16 17 7 57 2 5 65 4 40 20 56 5 58 
#6 2 16 11 20 3 7 3 65 60 53 48 59 20 15 
#22 2 10 11 10 34 2 50 60 47 53 41 59 37 15 
#22 51 10 14 10 16 2 50 65 35 2 25 2 37 58 
#14 51 22 3 7 73 47 11 65 41 28 25 26 8 52 
#8 37 47 11 20 9 30 8 19 53 11 11 49 18 11 
#15 37 20 11 16 2 18 8 20 57 53 3 11 20 58 
#32 2 24 11 41 13 2 46 31 57 3 25 49 10 8 
#29 37 22 5 16 73 16 28 20 32 0 58 49 58 15 
#12 3 44 1 10 73 25 9 7 4 40 48 2 6 33 
#4 0 45 5 26 10 16 9 60 47 0 25 49 10 15 
#32 35 46 35 23 9 0 8 17 53 14 8 49 18 10 
#22 2 16 11 16 16 18 1 60 60 8 25 61 37 58 
#14 2 47 14 41 73 2 50 65 24 9 20 29 10 26 
#29 19 14 38 5 42 30 38 15 60 17 11 49 34 26 
#22 6 44 14 4 73 47 28 7 35 2 48 49 34 33 
#22 0 45 5 26 21 16 9 60 60 34 41 61 10 9 
#14 35 16 35 4 73 9 22 60 11 14 8 49 9 10 
#10 2 71 11 23 0 25 11 60 33 28 41 49 10 58 
#14 18 16 14 29 73 16 1 60 24 31 20 2 10 58 
#14 19 71 22 4 73 30 50 65 35 17 11 61 34 26 
#6 0 22 14 16 57 2 50 60 35 17 41 11 34 58 
#14 12 19 38 5 21 12 21 7 40 3 41 61 8 9 
#6 19 16 5 4 73 7 1 60 53 53 11 4 47 26 
#29 2 71 3 20 0 47 11 60 33 0 41 61 10 33 
#29 37 71 22 29 3 16 1 60 11 31 11 61 34 58 
#15 51 22 38 4 73 47 50 65 47 9 41 61 10 26 
#14 0 19 14 16 73 2 12 60 11 17 58 11 58 58 
#14 35 19 17 29 73 19 21 31 33 31 48 59 47 22 
#6 37 40 5 7 57 7 8 60 53 40 48 4 10 11 
#6 37 22 11 16 3 2 9 65 60 0 20 2 10 33 
#29 37 20 22 20 34 16 50 10 47 53 41 61 20 26 
#22 51 10 38 5 73 2 50 65 35 7 41 11 37 9 
#14 51 16 3 10 73 16 21 60 10 17 11 2 8 58 
#29 51 71 2 7 57 16 50 31 33 31 11 26 47 26 
41 37 43 53 27 48 
46 38 12 15 24 40 
20 33 16 18 11 49 
57 8 7 51 45 50 
56 13 29 19 21 2 
26 17 52 22 59 1 
#Base: 897
#Max: 559
#623188
#Turn 5
#22 2 45 11 26 16 16 9 60 60 8 41 61 10 9 
#22 2 16 11 23 0 18 1 60 60 28 25 49 10 58 
#14 35 19 11 29 0 19 21 60 33 31 48 59 10 58 
#22 2 19 11 10 73 2 50 31 47 53 48 59 37 22 
#22 2 16 11 4 34 7 1 60 53 53 11 4 37 15 
#14 2 22 14 16 73 2 50 60 24 9 20 11 10 58 
#14 2 47 14 41 57 30 50 65 24 9 20 29 10 26 
#14 19 71 11 20 57 30 11 60 24 17 11 49 47 15 
#14 31 71 14 20 73 25 11 31 11 31 41 49 47 15 
#22 31 44 14 29 73 16 28 7 35 31 11 49 47 26 
#29 37 16 5 16 73 16 8 65 32 53 48 2 10 33 
#29 37 71 11 20 73 16 11 20 32 0 11 61 47 15 
#29 18 71 9 16 73 25 11 10 33 17 58 61 47 26 
#14 51 71 9 16 73 2 50 10 47 17 20 61 47 26 
#14 51 16 3 41 0 47 50 60 60 28 41 49 10 26 
#29 0 10 38 10 73 2 38 7 32 7 58 11 58 9 
#29 0 22 38 10 42 2 38 7 32 17 58 49 58 58 
#15 51 22 38 4 73 2 50 65 57 9 41 61 10 26 
#14 51 71 38 4 73 47 50 65 47 9 41 61 10 26 
#14 37 71 22 4 3 30 1 60 11 17 11 61 34 58 
#29 37 20 14 20 34 16 50 10 60 17 41 49 20 26 
#14 0 16 14 7 73 47 11 65 41 28 41 26 34 52 
#14 51 19 3 7 73 47 12 65 47 28 48 26 8 58 
#14 37 19 9 16 57 2 12 65 18 17 41 59 58 58 
#32 51 71 7 41 73 47 9 20 18 3 6 2 43 26 
#6 2 47 14 20 3 7 3 10 11 9 11 59 47 15 
#14 18 47 14 29 73 16 1 10 11 17 11 11 47 58 
#29 0 19 14 16 73 16 12 60 47 17 41 11 58 58 
#29 51 71 22 7 73 16 12 31 47 31 11 61 47 26 
#29 51 71 38 41 13 16 50 31 33 31 11 49 20 26 
#6 0 22 5 26 21 2 9 60 60 17 41 11 10 9 
#14 2 16 14 41 16 18 50 65 60 9 25 61 10 26 
#14 2 71 14 23 0 30 11 65 24 17 41 49 10 26 
#14 35 19 11 20 73 19 11 60 33 9 48 59 47 15 
#14 2 71 14 29 34 2 1 31 47 31 41 59 47 15 
#6 6 16 5 4 73 47 28 7 35 2 11 49 47 26 
#6 37 22 5 16 57 7 8 65 18 17 48 11 10 33 
#14 2 47 5 41 73 16 50 20 32 0 58 49 10 26 
#29 51 14 14 41 57 25 50 60 24 11 11 61 10 15 
#6 19 71 9 16 73 2 11 60 33 9 41 61 47 26 
#14 31 71 14 41 73 16 1 60 11 28 11 49 10 26 
#22 6 44 14 4 73 47 11 60 33 2 41 61 34 33 
#29 51 16 38 16 73 2 8 65 18 7 41 2 10 33 
#29 37 22 38 10 73 16 38 20 32 17 58 49 58 58 
#29 18 22 11 41 73 25 11 65 57 17 25 61 47 15 
#15 51 71 38 16 73 47 50 10 47 17 58 61 47 26 
#14 19 71 14 4 73 30 50 60 35 28 20 61 34 26 
#29 37 71 3 29 3 16 1 60 33 31 41 61 10 33 
#22 37 10 22 20 34 2 50 10 35 7 41 11 37 9 
#29 0 44 14 16 57 16 50 7 32 17 41 49 34 58 
#29 51 22 3 7 42 47 46 65 57 17 25 49 8 58 
#14 51 22 38 58 73 2 12 65 47 17 48 61 58 26 
#29 37 71 22 16 73 30 9 65 35 31 11 2 34 26 
#32 51 71 7 41 73 16 1 20 11 31 6 59 43 15 
#6 2 20 11 20 3 16 50 10 47 53 48 59 20 26 
#22 0 16 14 29 73 16 50 10 11 9 11 61 47 58 
#14 51 19 14 7 73 2 11 65 11 17 25 11 8 52 
#29 0 71 22 5 57 16 12 10 47 7 41 61 10 26 
#29 51 71 2 16 73 16 9 31 18 31 11 26 10 26 
#32 51 24 38 41 73 2 46 31 57 3 6 59 43 15 
49 10 33 3 21 37 
19 38 29 28 23 11 
47 27 13 46 43 8 
39 59 17 45 51 44 
16 52 12 18 50 41 
7 40 14 22 53 24 
#Base: 897
#Max: 627
#698997
#Turn 6
#29 37 16 14 16 57 16 50 65 32 17 41 2 10 33 
#29 35 19 5 16 73 16 11 60 32 9 48 2 10 15 
#14 2 19 11 10 73 19 50 60 33 53 48 59 47 15 
#14 0 16 11 10 73 2 50 65 47 28 48 59 37 52 
#14 0 16 14 7 73 16 50 20 32 0 58 26 34 26 
#14 51 14 14 41 57 25 50 60 11 11 11 61 34 15 
#29 51 71 14 41 57 16 50 60 33 31 11 61 10 26 
#29 51 71 22 41 73 16 12 31 47 31 11 61 47 26 
#14 51 19 22 7 73 16 12 31 18 17 11 61 47 26 
#29 37 19 9 16 57 16 11 65 32 0 11 59 47 15 
#29 37 71 3 16 73 16 1 60 33 31 41 11 10 58 
#14 0 71 14 16 73 2 12 60 47 17 41 61 47 26 
#14 19 71 14 4 73 30 50 10 47 17 20 61 47 26 
#29 19 22 38 10 73 30 38 20 32 17 20 49 34 26 
#29 37 71 14 10 73 16 11 31 11 17 41 49 58 58 
#6 51 71 38 16 73 2 46 60 33 9 41 59 43 26 
#15 51 22 38 41 73 2 50 31 57 3 6 59 10 15 
#15 51 71 38 16 73 47 50 65 57 17 41 61 10 26 
#15 51 71 38 16 73 47 12 10 47 17 48 61 47 26 
#29 51 22 38 41 73 25 11 65 57 17 25 61 47 15 
#29 37 71 22 16 42 30 9 7 32 31 11 2 58 26 
#29 37 71 22 16 73 25 9 65 33 31 58 61 34 26 
#29 51 71 38 4 73 47 50 65 33 9 58 61 47 26 
#29 51 71 3 4 73 47 46 65 47 17 41 61 8 58 
#22 51 44 3 4 73 47 46 60 57 2 25 49 8 58 
#14 19 71 14 41 57 30 11 60 11 17 11 49 10 26 
#14 31 16 14 41 0 47 50 60 60 28 41 49 10 26 
#14 51 16 3 7 0 47 50 60 47 28 41 26 8 58 
#14 51 71 7 7 73 16 1 20 47 28 48 26 43 15 
#32 51 71 7 41 73 16 9 20 18 31 6 2 43 15 
#29 37 71 14 4 3 16 1 7 32 17 11 61 34 58 
#29 51 16 5 41 57 25 8 65 24 11 48 61 10 33 
#29 35 19 11 41 13 19 50 31 33 31 48 49 20 15 
#22 2 71 11 10 73 2 12 31 47 53 48 61 37 26 
#14 0 16 14 7 73 2 11 65 41 17 41 26 58 58 
#29 2 71 5 41 73 16 11 20 32 0 58 61 47 26 
#14 37 71 3 29 3 16 1 60 11 31 41 61 34 58 
#29 51 19 14 16 57 16 12 60 24 11 11 61 58 58 
#14 51 71 38 16 73 2 50 10 33 31 11 49 20 26 
#29 19 71 22 4 73 30 50 60 35 28 11 61 47 26 
#29 37 19 9 16 73 2 12 20 32 17 58 49 58 58 
#29 37 71 11 20 73 25 11 20 32 0 11 49 47 15 
#6 37 71 9 16 73 2 1 60 33 31 41 61 10 33 
#29 51 19 38 16 73 16 46 31 47 3 41 59 58 58 
#14 51 22 9 16 73 2 50 10 47 9 20 61 10 26 
#14 51 71 38 16 73 47 50 60 47 17 58 61 34 26 
#14 51 22 38 10 73 2 12 65 32 17 48 49 58 26 
#14 18 22 11 20 73 25 11 65 57 31 41 61 47 15 
#29 19 71 38 10 42 2 38 7 32 17 58 49 47 58 
#29 51 71 38 41 73 30 9 65 35 3 6 2 34 15 
#29 18 22 9 16 73 25 11 65 57 17 41 61 10 26 
#14 51 71 38 4 73 47 50 10 47 17 58 61 10 26 
#14 51 22 38 7 42 47 46 65 57 17 25 61 8 58 
#29 6 44 11 4 73 47 11 60 57 17 41 61 34 15 
#29 19 71 11 10 42 2 38 60 24 17 11 49 58 58 
#29 37 71 22 41 73 16 1 60 35 28 11 49 34 26 
#29 18 71 9 41 73 25 11 60 60 28 58 61 47 26 
#14 51 71 38 4 73 47 12 65 47 9 48 26 10 26 
#29 51 71 7 7 73 16 1 65 57 31 6 59 8 58 
#32 51 44 14 41 73 47 9 20 18 3 6 61 43 33 
37 54 53 55 46 42 
10 47 33 21 14 48 
35 3 15 56 51 11 
24 43 23 22 17 58 
12 57 39 45 18 6 
38 2 52 19 7 49 
#Base: 897
#Max: 663
#739130
#Turn 7
#29 51 19 14 10 42 2 12 60 24 17 11 49 58 58 
#29 6 44 11 4 42 47 38 60 24 17 41 49 58 15 
#29 37 71 11 4 73 16 11 60 35 28 11 61 34 15 
#14 37 22 38 10 73 2 12 65 32 17 11 49 58 26 
#14 37 22 38 10 73 2 1 60 33 31 48 49 58 26 
#29 37 71 3 16 73 25 1 65 33 31 41 11 47 15 
#14 2 71 11 20 73 25 11 31 57 31 41 61 47 26 
#22 37 71 22 10 73 2 12 65 33 53 48 61 34 26 
#29 37 71 22 10 73 25 11 65 33 17 58 49 34 58 
#29 19 71 38 10 73 2 11 31 32 17 58 49 58 58 
#29 0 71 11 10 73 2 50 20 32 28 58 61 37 26 
#6 0 16 38 16 73 2 50 65 33 28 41 59 43 52 
#6 51 71 38 41 73 2 11 60 33 9 58 59 43 26 
#29 18 71 9 41 73 47 50 60 47 17 58 61 47 26 
#14 0 71 14 16 73 2 12 10 47 17 41 61 47 26 
#29 51 19 3 4 73 16 46 31 57 3 25 49 8 58 
#29 51 71 38 4 73 16 46 65 47 3 41 61 58 58 
#29 51 71 38 4 73 47 50 65 47 9 58 61 47 26 
#15 51 71 38 4 73 47 50 65 57 17 41 61 47 26 
#29 51 71 38 16 73 47 50 65 57 31 6 59 10 26 
#14 51 71 38 4 73 30 12 65 47 17 20 61 47 26 
#29 51 71 38 4 73 47 12 65 47 9 48 61 10 26 
#14 51 71 22 16 73 47 50 60 47 28 58 61 34 26 
#14 51 71 38 16 73 47 50 60 47 17 58 61 47 26 
#29 51 71 14 16 73 47 50 60 33 31 48 61 10 26 
#14 51 19 11 10 73 19 50 10 33 31 48 59 20 26 
#14 51 19 38 7 73 47 50 60 33 17 25 61 8 58 
#14 51 22 38 41 42 47 11 65 57 17 25 61 8 15 
#29 51 71 22 41 73 16 12 65 57 17 25 61 47 26 
#29 51 71 22 41 73 16 9 65 47 3 11 61 47 26 
#29 51 19 3 16 57 16 12 60 33 11 41 61 58 58 
#29 18 71 11 10 42 25 38 65 24 31 41 61 47 15 
#22 6 44 11 4 73 2 11 60 47 53 41 61 34 15 
#29 37 71 22 16 73 25 1 60 35 31 58 49 34 26 
#29 51 22 38 10 73 16 12 65 32 17 41 49 58 58 
#6 37 71 9 10 73 2 1 60 33 17 41 61 10 33 
#29 37 71 3 41 73 16 11 60 33 0 41 11 47 58 
#14 0 16 11 10 73 25 50 65 47 28 48 59 37 15 
#22 2 71 38 16 73 2 12 60 47 9 48 59 37 26 
#29 18 71 9 16 73 25 11 60 60 31 58 61 47 26 
#14 51 71 38 10 73 47 11 31 47 17 58 61 58 26 
#29 0 71 14 10 42 2 38 60 32 17 41 49 47 26 
#22 51 44 5 4 73 47 46 20 57 2 58 61 47 26 
#29 51 19 11 10 73 16 46 31 47 28 48 59 37 52 
#6 51 71 38 16 73 47 46 60 33 9 41 61 8 58 
#29 18 71 9 4 73 47 50 65 33 28 58 61 47 26 
#14 51 71 38 16 73 47 50 10 57 17 58 61 10 26 
#14 0 71 14 7 73 2 12 60 57 31 6 59 47 26 
#14 19 71 14 4 73 47 50 60 47 2 20 49 47 26 
#14 51 19 38 16 73 47 12 31 47 9 41 59 10 26 
#29 51 71 3 4 73 30 50 60 35 17 41 61 8 26 
#29 51 71 38 16 73 47 50 60 33 9 58 61 47 26 
#15 51 71 38 16 73 47 12 65 57 17 48 61 10 26 
#29 51 71 14 41 73 16 50 60 57 31 11 61 8 58 
#14 19 71 38 4 73 2 50 10 47 17 11 49 47 26 
#14 2 71 38 10 73 19 50 65 47 53 48 59 10 15 
#29 51 71 38 7 73 47 50 65 57 17 25 61 8 58 
#29 51 71 38 16 73 47 50 60 47 17 58 61 47 15 
#29 51 71 22 41 73 47 12 31 47 17 48 61 47 26 
#29 51 71 38 41 73 30 9 65 35 31 6 61 34 15 
48 9 20 46 12 50 
26 34 8 56 39 7 
42 21 22 51 18 59 
24 13 16 17 23 44 
33 52 45 57 53 40 
43 55 28 19 58 29 
#Base: 897
#Max: 680
#758082
#Turn 8
#29 19 71 38 4 73 47 11 60 47 17 58 49 47 58 
#29 51 71 38 4 73 30 12 65 32 17 58 61 47 26 
#14 51 71 38 4 73 30 50 65 47 17 58 61 10 26 
#6 51 71 38 16 73 2 50 60 57 9 58 59 43 26 
#6 51 71 38 41 73 2 11 60 35 17 58 59 43 26 
#14 51 22 38 7 73 47 12 65 33 17 25 61 8 58 
#29 51 71 22 10 73 25 11 65 33 17 58 49 58 58 
#29 51 71 38 7 73 47 11 65 57 17 58 49 8 58 
#29 18 71 38 16 73 25 50 65 57 31 58 61 8 58 
#29 18 71 9 16 73 25 12 65 60 53 58 61 34 26 
#22 51 44 38 4 73 47 46 20 47 9 48 61 10 26 
#14 51 71 22 16 73 47 12 60 47 9 48 61 10 26 
#29 51 71 38 16 73 47 50 60 33 9 58 61 47 26 
#29 51 71 38 16 73 47 50 60 33 17 41 61 47 26 
#15 51 71 38 41 73 47 9 65 57 17 41 61 47 15 
#29 18 71 9 41 73 47 50 60 47 31 58 61 47 26 
#29 18 71 38 4 73 47 46 60 47 17 58 61 47 26 
#29 51 71 38 4 73 16 50 65 47 9 58 61 47 58 
#29 51 71 38 16 73 47 50 65 47 9 58 61 47 26 
#14 51 71 38 16 73 47 50 60 33 17 58 61 47 58 
#15 51 71 38 16 73 47 12 65 35 31 48 49 10 26 
#15 18 71 38 16 73 47 12 65 33 17 58 61 47 26 
#29 18 71 9 16 73 47 50 60 47 17 58 61 47 15 
#29 51 71 14 41 73 47 50 60 57 31 58 61 47 58 
#29 51 71 14 10 73 47 11 31 57 31 11 61 58 26 
#14 51 71 11 10 73 19 46 31 47 53 48 59 37 52 
#14 2 71 22 10 73 16 12 65 47 53 48 59 47 26 
#29 51 71 38 16 73 16 50 65 57 31 25 61 10 26 
#29 51 71 22 16 73 47 12 65 57 17 6 59 10 26 
#29 51 71 22 41 73 47 9 65 47 17 11 61 47 26 
#14 51 71 38 4 73 47 50 60 33 2 20 61 8 26 
#29 51 71 38 10 73 2 11 65 32 17 58 49 58 58 
#14 51 71 22 10 73 25 11 65 33 17 20 49 34 58 
#14 51 71 38 16 73 47 50 65 57 17 25 61 10 58 
#29 51 71 38 16 73 25 11 60 33 9 58 61 43 26 
#29 37 71 3 4 73 2 50 60 35 53 48 61 8 26 
#22 51 44 38 4 73 47 46 60 57 17 58 61 8 58 
#29 51 71 38 10 73 47 12 65 47 17 41 61 58 58 
#29 37 71 22 16 73 47 50 65 47 28 58 61 34 58 
#29 51 71 38 7 73 47 50 65 33 17 58 61 47 58 
#29 18 71 38 4 73 47 11 65 57 17 41 61 47 26 
#22 51 71 22 41 73 30 12 65 35 53 48 61 34 15 
#29 51 44 14 4 73 47 46 20 57 31 48 61 10 26 
#29 51 71 9 41 73 47 12 60 47 17 58 61 47 26 
#29 51 71 38 16 73 47 46 65 47 28 41 61 58 58 
#29 51 71 38 16 73 47 50 60 47 9 58 61 47 26 
#14 51 71 38 4 73 47 50 60 47 17 58 61 47 26 
#6 51 71 38 16 73 30 46 65 33 31 41 61 8 58 
#29 37 71 22 16 73 25 50 60 33 31 48 49 10 26 
#15 18 71 38 16 73 47 50 60 47 17 58 61 10 26 
#29 51 71 38 4 73 16 50 65 47 3 41 61 58 58 
#29 51 71 38 4 73 47 50 65 47 9 58 61 47 26 
#14 51 71 38 16 73 16 50 60 57 17 11 61 8 58 
#6 51 71 38 16 73 47 11 31 47 9 41 61 8 58 
#29 37 71 11 16 73 25 46 31 47 28 48 59 37 26 
#14 2 71 38 16 73 19 50 65 57 17 48 61 10 15 
#29 51 71 9 41 73 16 50 65 57 28 25 61 47 26 
#29 51 71 38 16 73 47 50 65 47 17 6 59 47 15 
#29 51 71 22 41 73 16 12 31 47 31 11 61 47 58 
#29 51 71 38 10 73 47 11 65 47 3 58 61 58 26 
2 22 57 56 7 27 
3 31 36 45 59 0 
47 14 37 19 18 16 
46 17 38 23 39 15 
25 43 50 44 51 8 
29 41 33 12 13 6 
#Base: 897
#Max: 748
#833891
#Turn 9
#14 51 71 9 4 73 47 50 60 47 17 58 61 10 26 
#29 51 71 38 16 73 47 50 65 47 17 58 61 47 15 
#29 51 71 38 16 73 16 50 65 57 28 25 61 47 26 
#29 51 71 9 41 73 47 11 65 57 28 58 49 47 26 
#29 51 71 38 7 73 16 50 65 57 31 58 61 10 26 
#6 51 71 38 10 73 2 50 60 32 9 58 59 58 58 
#22 51 71 38 10 73 2 46 60 57 17 58 61 8 58 
#29 51 71 38 4 73 47 50 60 57 9 58 61 47 26 
#29 51 71 38 16 73 47 50 65 47 3 58 61 58 26 
#29 51 71 38 10 73 47 11 65 47 17 58 49 47 58 
#15 51 71 38 41 73 47 9 65 33 31 41 61 47 15 
#15 51 71 38 10 73 47 12 65 57 17 41 61 47 15 
#14 51 71 38 10 73 47 50 65 47 17 41 61 58 58 
#14 51 71 38 16 73 47 50 65 47 9 58 61 47 58 
#29 18 71 38 16 73 47 50 60 47 9 58 61 47 26 
#29 51 71 38 4 73 16 50 65 47 17 58 61 47 58 
#29 51 71 38 16 73 16 50 65 47 9 58 61 47 58 
#29 37 71 22 16 73 47 50 65 57 31 58 61 34 58 
#29 51 71 14 41 73 47 50 60 57 31 58 61 47 58 
#29 51 71 9 41 73 47 50 65 47 17 58 61 47 26 
#29 51 71 11 10 73 19 12 31 47 17 58 61 37 52 
#29 51 71 9 41 73 16 50 65 47 17 41 61 58 26 
#29 51 71 38 4 73 16 46 65 47 3 41 61 58 58 
#29 51 71 38 4 73 47 50 65 47 28 41 61 47 26 
#29 18 71 38 16 73 47 50 65 47 9 58 61 47 58 
#22 51 71 22 41 73 30 12 65 47 17 48 61 47 26 
#22 51 71 22 16 73 30 12 65 35 53 25 61 34 58 
#14 51 71 38 16 73 47 50 60 33 9 58 61 47 26 
#29 51 71 38 16 73 47 50 60 33 17 58 61 47 26 
#29 51 71 22 10 73 47 50 60 33 17 41 61 58 26 
#14 51 71 38 4 73 30 50 65 57 17 58 61 43 26 
#29 18 71 38 10 73 47 11 65 47 17 58 61 47 58 
#29 51 71 38 4 73 47 50 65 57 17 6 61 47 15 
#29 51 71 38 41 73 16 50 65 47 9 58 61 47 26 
#29 51 71 38 7 73 47 11 65 57 17 58 49 8 26 
#29 51 71 38 4 73 16 50 60 47 17 58 49 47 26 
#6 51 71 38 16 73 30 50 65 57 31 41 61 8 26 
#29 51 71 38 41 73 2 9 65 32 17 58 49 47 15 
#29 51 71 38 4 73 47 12 65 57 17 41 61 8 58 
#29 51 71 38 16 73 47 50 60 47 17 58 61 47 58 
#29 51 71 38 10 73 47 50 65 47 9 58 61 47 26 
#29 19 71 38 4 73 47 46 60 47 17 58 49 47 26 
#6 51 71 38 4 73 47 50 65 47 17 58 61 8 58 
#15 51 71 38 4 73 16 50 65 47 9 58 61 47 15 
#29 37 71 38 16 73 47 50 65 47 17 58 61 34 58 
#29 51 71 14 16 73 47 50 60 57 17 58 61 47 58 
#29 51 71 38 16 73 47 50 65 47 9 58 61 47 26 
#29 18 71 38 41 73 47 50 60 47 31 58 61 47 26 
#14 51 71 11 4 73 19 50 60 47 53 48 61 37 26 
#29 51 71 38 41 73 47 12 65 47 17 58 61 47 58 
#29 37 71 38 4 73 16 50 65 47 3 58 61 58 58 
#29 51 71 38 41 73 47 50 65 47 28 41 61 47 58 
#29 51 71 38 7 73 47 50 65 47 17 58 61 47 58 
#29 18 71 38 41 73 47 50 65 57 31 58 61 47 26 
#14 51 71 11 10 73 19 46 31 47 17 11 59 37 26 
#29 51 71 9 41 73 47 12 60 35 53 48 61 34 26 
#14 51 71 38 16 73 47 50 65 47 17 25 61 10 58 
#29 51 71 38 16 73 47 46 65 33 9 41 61 58 26 
#29 51 71 38 4 73 47 50 60 33 17 58 61 47 26 
#29 18 71 22 10 73 25 50 65 33 31 58 49 58 58 
29 55 57 33 7 30 
27 2 15 17 28 3 
50 40 45 53 49 23 
8 44 52 51 39 12 
21 24 19 18 47 16 
22 9 1 13 46 58 
#Base: 897
#Max: 748
#833891
#29 51 71 9 10 73 47 12 60 33 53 41 61 58 26 
#29 51 71 38 16 73 47 12 60 35 53 48 61 58 26 
#29 51 71 38 16 73 47 50 65 33 9 58 61 58 26 
#29 51 71 38 4 73 16 50 65 57 9 58 61 47 26 
#14 51 71 38 4 73 47 50 65 57 9 58 61 47 26 
#29 51 71 38 16 73 47 50 60 33 9 58 61 47 26 
#29 51 71 38 4 73 16 50 65 57 17 25 61 47 26 
#29 51 71 22 4 73 16 50 65 57 31 58 61 34 58 
#29 37 71 22 16 73 47 50 60 57 17 58 61 47 26 
#29 51 71 9 41 73 47 50 65 57 17 58 49 47 26 
#29 51 71 38 4 73 16 50 65 47 9 58 61 58 26 
#29 51 71 38 10 73 47 50 60 57 9 58 61 47 26 
#29 18 71 38 41 73 47 50 65 57 31 58 61 47 26 
#29 18 71 38 41 73 47 12 65 47 17 58 61 47 26 
#29 51 71 38 41 73 47 50 65 47 28 58 61 47 58 
#29 37 71 38 16 73 47 50 65 47 17 58 61 34 58 
#29 37 71 38 16 73 47 50 65 47 17 58 61 34 58 
#29 51 71 38 7 73 47 50 65 47 28 58 61 47 58 
#29 51 71 38 16 73 47 50 60 47 17 58 61 47 58 
#29 51 71 38 16 73 47 50 60 47 17 58 61 47 58 
#29 51 71 9 16 73 47 50 65 47 9 41 61 47 26 
#29 18 71 38 41 73 47 50 65 47 9 58 61 47 58 
#29 51 71 9 41 73 47 50 60 57 17 58 61 47 58 
#29 51 71 14 41 73 47 50 60 47 31 58 61 47 58 
#29 51 71 38 41 73 47 50 60 47 9 58 61 47 26 
#29 51 71 38 10 73 47 46 65 47 3 41 49 47 58 
#29 51 71 38 10 73 47 50 65 47 17 58 61 47 58 
#14 51 71 38 16 73 47 50 65 47 17 58 61 47 58 
#29 51 71 38 16 73 47 50 65 47 9 58 61 47 58 
#29 51 71 38 4 73 47 50 65 47 17 58 61 47 26 
#14 51 71 22 10 73 47 50 60 33 17 41 61 47 26 
#29 51 71 38 16 73 16 50 65 57 28 25 61 47 26 
#29 51 71 38 16 73 47 50 65 47 17 58 61 47 58 
#29 51 71 38 16 73 16 50 65 57 9 58 61 34 58 
#29 51 71 38 4 73 47 50 60 57 9 58 61 47 26 
#29 51 71 38 4 73 47 11 65 57 28 58 61 43 26 
#14 51 71 38 4 73 16 50 65 33 3 58 61 47 26 
#29 51 71 38 16 73 47 50 65 47 9 25 61 47 26 
#29 51 71 14 16 73 47 50 65 47 17 58 61 47 58 
#29 37 71 22 41 73 47 50 65 57 31 58 61 34 26 
#29 51 71 38 41 73 47 12 65 47 17 58 61 47 58 
#29 51 71 9 41 73 47 50 65 47 28 41 61 47 26 
#29 37 71 38 4 73 16 50 65 47 3 58 61 58 58 
#29 37 71 38 10 73 47 50 65 47 17 58 61 34 26 
#29 51 71 38 7 73 47 50 65 47 17 58 61 47 58 
#29 51 71 38 41 73 47 50 65 47 31 41 61 47 58 
#29 51 71 38 16 73 47 12 65 47 17 58 61 47 58 
#29 51 71 38 10 73 47 50 65 47 28 41 61 47 58 
#29 51 71 38 41 73 16 50 65 47 17 41 61 58 26 
#29 37 71 38 16 73 47 50 65 47 17 58 61 47 58 
#29 51 71 9 7 73 47 50 65 47 17 58 61 47 26 
#29 51 71 14 41 73 47 50 60 57 31 58 61 47 58 
#29 18 71 38 41 73 47 50 60 47 17 58 61 47 26 
#29 51 71 38 16 73 47 50 65 47 9 58 61 47 58 
#29 51 71 9 4 73 16 46 65 47 3 41 61 58 26 
#29 51 71 38 10 73 47 50 65 47 17 58 61 47 58 
#29 51 71 9 16 73 47 50 65 47 17 58 61 47 26 
#29 51 71 38 16 73 47 50 60 47 31 58 61 47 58 
#29 18 71 38 16 73 47 50 60 47 31 58 61 47 26 
#29 51 71 38 16 73 16 50 60 33 17 58 61 47 26 
#Base: 897
#Max: 764
#851728
