#[0] 3, 3
#[1] 4, 3
#[2] 3, 4
#[3] 3, 2
#[4] 2, 3
#[5] 2, 4
#[6] 1, 3
#[7] 2, 2
#[8] 3, 1
#[9] 4, 4
#[10] 5, 3
#[11] 3, 5
#[12] 4, 2
#[13] 3, 0
#[14] 5, 4
#[15] 4, 5
#[16] 5, 2
#[17] 4, 1
#[18] 0, 3
#[19] 1, 4
#[20] 2, 1
#[21] 1, 2
#[22] 2, 5
#[23] 0, 4
#[24] 5, 1
#[25] 0, 2
#[26] 5, 5
#[27] 1, 5
#[28] 2, 0
#[29] 1, 1
#[30] 4, 0
#[31] 0, 5
#[32] 1, 0
#[33] 0, 1
#[34] 5, 0
#[35] 0, 0
#Turn 0
7 52 12 40 23 33 
1 16 21 20 11 32 
18 37 36 54 6 19 
48 28 57 15 47 26 
53 31 58 46 39 9 
42 55 4 30 49 59 
#Base: 922
#Max: 357
#387202
#Turn 1
#34 32 13 37 31 6 4 43 48 4 8 3 15 41 8 
#3 32 6 19 31 19 40 43 19 4 36 33 14 10 0 
#37 24 25 19 58 6 10 59 37 7 17 3 40 18 0 
#41 20 23 2 2 6 46 7 37 7 17 47 14 18 35 
#18 15 15 26 8 18 46 26 46 1 2 47 14 2 2 
#6 26 1 57 0 20 18 11 56 12 13 16 18 35 23 
#13 23 1 21 0 7 18 17 56 12 42 30 45 11 23 
#19 23 57 8 9 7 17 10 49 42 19 30 31 5 3 
#19 55 54 14 22 23 17 16 14 14 19 25 17 5 3 
#21 41 54 17 22 23 17 16 21 14 8 27 3 4 19 
#21 5 45 23 5 37 0 38 2 0 2 42 19 21 5 
#28 17 3 7 46 41 3 1 2 5 2 58 12 21 6 
#8 16 3 7 17 48 3 7 7 9 6 28 22 9 11 
#5 35 56 7 17 30 10 30 7 9 58 28 22 9 11 
#2 35 3 13 56 11 46 7 40 15 58 10 3 3 9 
#11 3 1 17 51 12 46 8 1 40 20 28 23 10 5 
#11 3 66 2 3 21 17 19 1 6 43 11 2 10 14 
#3 10 9 2 30 21 10 14 1 10 43 9 2 74 10 
#4 29 11 3 7 10 10 5 1 10 25 9 3 74 56 
#19 4 4 30 7 7 9 5 25 7 25 1 7 36 34 
#13 19 14 4 19 61 13 9 14 38 10 5 36 38 34 
#49 19 39 9 43 52 9 9 24 0 10 5 23 6 8 
#14 9 48 9 43 52 9 7 9 0 38 20 23 6 35 
#14 24 48 20 1 10 64 3 9 69 14 35 9 10 35 
#29 3 9 9 13 30 64 46 1 4 20 35 19 24 5 
#22 27 14 35 1 5 7 28 13 17 51 1 13 17 8 
#22 27 21 23 35 5 13 11 13 61 51 53 9 32 8 
#16 8 23 5 19 38 13 15 4 61 6 40 45 5 20 
#36 15 8 24 51 15 11 63 28 41 25 23 16 26 20 
#18 0 25 18 28 2 11 3 28 41 6 10 17 17 51 
#6 17 13 37 23 5 45 21 48 20 5 30 15 20 25 
#13 32 6 21 31 20 50 11 56 12 10 3 45 41 23 
#10 24 25 19 45 7 40 14 8 10 42 30 14 10 0 
#37 20 57 2 20 12 17 10 14 42 19 3 40 18 11 
#21 55 54 26 22 18 17 16 31 9 8 25 14 8 15 
#18 11 43 16 8 23 23 26 46 1 8 15 3 4 2 
#21 26 20 23 23 5 45 23 2 0 3 26 25 10 5 
#13 17 45 50 5 41 0 11 56 12 10 42 19 21 23 
#8 31 6 8 45 7 3 17 49 10 42 58 12 11 1 
#19 55 56 7 9 30 17 10 7 42 19 28 22 9 3 
#21 55 3 13 56 23 2 30 6 15 58 25 13 3 15 
#50 5 23 36 43 23 9 7 36 17 8 27 3 4 19 
#10 5 8 23 10 12 12 8 16 0 17 26 25 46 5 
#28 17 45 50 15 27 17 10 2 5 2 42 19 21 6 
#3 10 66 2 3 21 3 1 15 5 6 58 12 41 1 
#32 29 56 3 17 30 10 14 2 9 31 9 22 74 10 
#21 35 11 30 56 7 22 30 6 14 25 1 65 9 6 
#2 5 4 54 2 12 9 7 40 11 20 11 3 39 34 
#4 3 8 17 51 12 46 8 1 38 17 11 24 38 5 
#13 19 39 45 15 61 17 1 24 18 20 28 26 10 65 
#3 9 66 2 43 21 9 7 1 0 43 11 23 6 10 
#32 29 48 3 30 10 10 3 2 69 31 9 3 10 35 
#4 3 11 9 21 7 64 5 1 4 25 1 19 24 56 
#29 30 4 9 13 30 9 9 52 7 29 11 0 5 20 
#51 27 14 35 1 34 50 2 14 38 28 1 13 38 12 
#13 27 39 23 35 5 4 9 24 18 51 5 36 35 8 
#16 9 21 9 19 52 9 7 7 61 38 40 9 6 10 
#14 24 23 5 1 38 5 15 4 5 14 6 9 10 35 
#21 3 9 24 21 23 11 45 28 4 13 10 19 24 13 
#29 45 25 18 19 2 16 46 52 26 24 42 0 5 51 
8 33 22 56 7 0 
6 21 24 28 39 50 
20 17 40 59 2 27 
31 51 26 23 45 46 
34 13 14 49 18 54 
3 52 38 37 44 5 
#Base: 922
#Max: 402
#436009
#Turn 2
#19 55 57 2 22 12 17 16 14 42 19 25 40 18 3 
#37 9 48 9 20 12 17 7 9 0 38 3 40 18 11 
#16 9 48 9 43 52 9 7 7 61 38 20 9 6 35 
#16 23 21 8 9 7 9 10 7 61 19 40 31 6 10 
#34 32 13 8 9 7 17 43 48 42 19 30 15 41 8 
#13 23 39 21 43 52 9 17 56 12 42 5 23 11 23 
#29 3 9 9 43 52 64 46 1 4 20 35 23 24 8 
#36 3 8 24 13 30 11 63 28 41 20 23 16 24 5 
#19 15 8 7 9 30 11 63 28 41 19 23 22 9 3 
#3 55 66 2 9 21 9 10 7 0 43 11 22 6 10 
#13 10 14 4 19 61 13 14 14 38 43 5 36 38 10 
#21 10 9 2 56 21 10 14 1 15 58 25 13 3 15 
#21 45 25 13 56 2 2 46 6 26 24 25 13 5 15 
#37 45 25 18 19 2 10 59 52 7 17 42 0 18 0 
#16 8 25 19 19 6 13 59 37 61 6 3 40 5 0 
#32 29 6 21 30 10 50 11 2 12 31 3 45 10 35 
#32 27 48 23 30 10 13 3 13 61 51 53 9 10 35 
#14 27 21 20 35 5 13 3 13 61 51 53 9 32 35 
#14 29 56 20 1 10 10 3 2 69 31 9 22 74 35 
#21 29 56 3 17 7 10 14 6 14 25 1 65 9 6 
#21 35 56 26 17 30 10 30 7 9 58 25 14 9 11 
#5 35 3 13 56 11 10 7 7 9 58 28 3 3 11 
#2 19 39 13 15 11 46 1 40 18 20 28 3 3 9 
#4 19 11 45 15 61 17 5 24 10 25 28 3 74 65 
#51 27 14 35 1 10 10 5 14 38 28 9 13 38 56 
#41 3 11 9 2 7 46 5 37 7 25 47 14 18 35 
#4 31 6 8 45 7 3 17 1 10 42 1 12 24 1 
#8 31 45 50 45 41 3 17 49 10 10 42 19 21 23 
#3 10 66 2 3 41 0 1 15 12 10 42 19 21 23 
#6 10 1 2 3 20 3 1 56 12 6 16 12 41 1 
#19 55 1 21 0 7 18 17 14 12 19 30 45 11 3 
#37 20 57 2 20 52 17 10 24 42 19 3 40 6 8 
#14 3 9 9 13 30 9 7 1 0 20 35 19 6 35 
#36 9 8 24 19 52 9 7 28 61 25 23 16 26 20 
#19 55 56 7 9 7 17 10 7 42 19 28 31 9 3 
#34 32 66 2 31 21 9 43 48 0 43 11 23 6 10 
#13 19 1 4 19 61 18 17 56 12 10 30 45 11 34 
#49 10 39 2 43 52 9 9 1 0 10 9 23 6 8 
#21 55 3 9 13 30 64 30 1 15 20 25 13 3 5 
#36 15 8 18 19 15 11 46 28 41 24 23 0 5 51 
#37 55 56 19 58 30 10 10 7 7 19 28 22 9 0 
#3 9 23 2 43 21 9 7 1 61 43 11 23 6 20 
#13 19 6 21 31 61 50 9 14 12 10 3 45 38 34 
#3 29 9 2 30 21 10 14 2 10 43 9 2 74 35 
#22 55 21 23 56 5 13 30 13 61 58 25 9 32 8 
#14 45 25 18 19 2 16 3 9 26 14 42 9 10 51 
#32 29 25 19 58 30 10 14 37 7 31 9 22 18 0 
#21 35 11 5 56 7 22 30 4 14 6 40 65 9 6 
#21 32 6 26 22 18 17 16 56 9 10 25 45 41 15 
#5 35 56 3 30 10 10 3 7 69 31 9 22 10 11 
#22 27 3 23 56 11 46 11 40 15 58 10 9 3 9 
#13 24 48 20 15 61 17 3 24 69 20 28 9 10 35 
#32 29 11 3 7 30 10 5 1 9 25 9 3 74 10 
#51 27 14 35 1 7 50 30 14 38 28 1 13 38 12 
#21 55 54 26 22 18 17 16 37 7 8 47 14 8 35 
#5 35 11 7 21 30 64 5 7 4 25 1 22 24 56 
#8 35 6 13 45 11 46 17 40 10 42 10 3 3 9 
#13 19 39 45 15 41 0 1 56 18 10 42 19 10 23 
#4 10 11 3 3 10 3 1 15 5 25 58 3 74 56 
#51 27 1 57 0 34 50 2 56 38 28 1 18 35 12 
34 4 55 36 0 9 
38 33 31 58 50 24 
57 49 35 16 51 14 
13 6 59 23 44 2 
53 47 40 18 17 42 
10 43 54 27 5 20 
#Base: 922
#Max: 431
#467462
#Turn 3
#34 32 56 7 9 7 17 43 7 42 19 30 15 9 3 
#34 32 13 8 21 7 64 43 48 42 19 30 22 24 56 
#13 35 1 4 21 30 64 17 7 4 10 1 45 11 34 
#13 19 57 2 19 61 18 16 56 12 10 25 45 18 34 
#19 55 66 2 9 12 9 16 14 0 19 11 40 18 3 
#36 9 8 9 19 30 64 30 1 61 25 23 16 26 20 
#37 20 8 2 19 52 17 10 28 42 25 3 16 26 20 
#4 10 57 2 20 10 17 1 24 5 25 3 3 6 56 
#4 27 11 23 56 10 3 1 15 15 25 10 3 3 9 
#51 27 3 23 1 11 46 11 14 15 58 9 13 38 56 
#13 35 56 3 30 41 10 1 7 18 10 9 22 10 23 
#5 32 66 3 31 21 10 3 48 69 31 9 23 10 10 
#34 27 66 2 30 21 9 43 13 0 43 11 23 10 10 
#32 27 48 23 15 61 17 3 24 61 51 28 9 10 35 
#16 24 48 19 15 6 17 59 37 61 6 28 9 5 0 
#29 45 9 9 19 52 64 59 52 7 20 35 23 24 8 
#51 3 1 57 43 52 50 2 1 38 28 1 18 35 12 
#4 19 11 45 15 61 50 5 24 38 25 1 3 74 12 
#4 19 21 23 56 5 17 5 13 10 25 25 3 74 65 
#22 55 48 23 56 5 9 30 7 61 58 20 9 6 35 
#51 27 11 5 56 7 22 30 14 14 6 40 65 38 12 
#21 35 56 19 56 7 22 30 7 7 19 28 65 9 6 
#37 55 56 20 1 10 10 10 2 7 19 28 22 74 35 
#14 27 56 20 35 5 10 3 2 61 31 53 9 74 35 
#13 19 6 20 35 5 50 3 13 61 51 3 9 32 35 
#13 10 14 4 30 61 10 14 14 10 43 9 36 38 35 
#3 55 54 2 22 18 10 16 2 7 8 47 14 74 35 
#21 31 45 26 45 18 3 17 49 7 8 47 14 21 35 
#8 23 45 50 45 52 9 17 49 12 10 5 19 11 23 
#13 35 39 26 17 30 10 30 56 9 42 25 23 9 23 
#21 55 3 7 13 30 64 10 1 42 20 28 31 9 3 
#36 32 13 8 9 7 17 7 48 61 19 30 16 26 20 
#37 20 57 2 21 30 17 10 7 42 19 1 40 6 8 
#13 19 1 4 19 61 18 17 56 12 10 58 45 74 34 
#19 55 57 23 22 12 46 11 40 42 58 25 40 3 9 
#51 55 14 2 9 10 9 10 7 0 28 9 22 6 56 
#21 55 3 9 13 41 0 1 1 15 10 25 19 3 23 
#36 35 8 3 30 10 9 7 28 69 25 9 22 10 11 
#34 32 57 2 20 52 17 43 24 42 43 11 40 6 10 
#32 10 11 23 3 10 13 3 15 5 25 58 3 10 35 
#22 27 48 20 56 61 46 3 24 15 58 28 9 3 9 
#16 8 25 35 1 6 13 5 14 61 6 3 40 5 56 
#13 45 39 18 19 41 0 1 56 7 10 42 19 10 23 
#5 35 56 3 43 52 10 3 7 69 20 9 23 24 11 
#51 27 1 57 31 21 9 43 48 38 28 11 18 6 12 
#32 19 11 45 15 10 17 3 24 10 25 53 3 10 35 
#22 24 48 23 15 5 13 30 24 69 20 25 9 32 35 
#16 9 25 19 19 6 13 7 7 61 6 20 40 5 0 
#51 45 14 18 19 7 50 30 52 7 28 42 0 38 0 
#29 35 11 9 56 52 64 30 4 4 6 35 23 9 8 
#37 55 1 19 58 30 50 2 56 38 28 28 22 35 0 
#14 29 56 20 1 61 17 5 2 10 25 9 22 74 65 
#14 55 21 20 35 5 13 30 13 61 58 25 9 32 8 
#13 19 6 21 31 61 9 7 14 12 38 3 9 38 35 
#13 27 14 35 1 61 50 30 14 38 43 1 36 38 12 
#3 29 11 2 30 7 10 14 2 10 43 40 65 9 35 
#21 55 54 19 22 30 17 16 37 7 19 47 22 8 35 
#14 31 56 50 45 41 3 3 49 69 10 42 22 21 35 
#14 27 21 21 35 52 13 17 13 12 42 5 9 11 35 
#21 19 56 26 17 30 50 9 14 12 58 25 14 38 34 
27 14 59 3 21 28 
46 56 54 50 20 9 
44 43 34 19 15 48 
26 1 51 57 23 17 
5 11 22 33 40 18 
24 52 38 13 16 49 
#Base: 922
#Max: 491
#532538
#Turn 4
#21 31 45 19 15 18 17 59 37 61 6 28 9 5 0 
#21 24 56 19 17 30 50 59 14 12 58 28 14 5 34 
#13 19 57 2 19 61 18 9 56 12 10 25 45 38 34 
#21 19 56 2 19 61 18 30 56 7 19 25 45 18 6 
#21 35 45 19 56 7 22 17 7 12 10 5 65 9 6 
#21 24 48 23 15 30 13 16 24 69 19 25 9 32 35 
#21 27 54 19 1 61 50 16 37 7 19 47 22 38 35 
#13 55 1 35 58 30 50 30 56 38 43 28 36 38 0 
#37 55 11 5 56 30 50 30 14 38 28 40 65 35 0 
#51 27 3 5 1 11 46 11 14 15 58 40 13 38 56 
#51 35 1 57 31 21 9 43 7 38 20 9 18 24 12 
#19 35 57 3 43 52 46 11 7 42 58 9 23 3 11 
#22 55 57 23 22 12 46 30 7 42 58 25 9 6 9 
#22 55 48 9 56 52 9 59 52 61 58 20 23 24 8 
#29 45 14 9 19 52 64 30 52 7 28 42 23 24 8 
#3 32 13 2 22 7 10 43 2 7 19 30 22 74 56 
#34 29 13 20 21 61 17 5 48 10 25 30 22 74 65 
#14 29 56 50 45 61 3 5 49 10 10 9 22 21 65 
#14 31 56 20 45 5 10 3 2 61 31 42 9 21 35 
#14 19 56 45 35 5 50 5 24 61 31 1 3 74 35 
#5 32 8 3 19 21 64 30 1 61 25 9 16 10 10 
#37 32 56 3 1 10 10 10 2 7 31 28 23 10 10 
#13 55 1 4 19 10 18 10 56 12 10 28 22 74 34 
#13 19 1 20 56 61 18 17 24 15 58 28 45 3 34 
#22 19 21 23 56 61 46 3 13 10 58 28 3 74 9 
#14 55 6 20 35 5 50 30 13 61 58 25 9 32 35 
#14 32 21 2 20 52 17 43 13 61 43 25 40 32 8 
#32 32 57 2 15 52 17 43 24 42 43 11 9 6 10 
#32 27 48 57 15 52 17 2 1 38 28 28 9 10 12 
#29 3 1 9 56 52 64 2 4 4 6 35 23 9 8 
#21 31 48 23 45 5 3 30 49 7 8 25 9 32 35 
#16 24 48 19 22 30 17 59 37 7 6 47 9 8 35 
#13 19 56 35 17 30 50 9 14 12 43 25 36 38 12 
#37 19 1 19 19 61 18 16 56 38 10 25 22 18 34 
#21 35 56 19 56 7 22 30 14 14 19 40 65 9 6 
#8 23 45 50 45 11 9 17 49 15 10 9 19 11 56 
#22 24 48 57 15 21 9 43 48 38 20 25 9 32 12 
#5 35 54 3 22 30 10 3 37 69 19 47 22 8 35 
#19 27 57 35 1 12 46 30 14 38 43 25 36 3 12 
#22 55 48 23 56 30 50 30 7 61 28 20 22 6 35 
#51 45 9 9 56 7 22 30 14 7 20 35 23 24 12 
#51 27 3 23 19 7 46 11 14 7 58 42 13 38 0 
#3 55 1 2 22 21 9 16 48 38 8 11 18 6 35 
#34 35 56 3 43 52 10 3 48 42 20 9 23 24 11 
#19 55 57 23 22 12 17 11 2 10 25 25 22 74 65 
#22 55 48 23 45 41 9 3 7 61 58 20 22 6 35 
#14 45 9 9 19 52 64 3 2 61 31 35 23 74 35 
#4 19 11 45 15 7 50 5 24 38 25 42 0 74 12 
#36 55 8 2 19 30 10 16 2 61 25 23 16 74 35 
#34 32 13 3 21 21 64 3 48 42 19 9 22 24 56 
#14 29 56 20 1 61 10 10 2 7 19 28 22 74 65 
#14 19 1 4 19 61 3 17 49 12 10 42 22 74 35 
#22 27 56 20 56 61 46 3 24 15 58 28 9 3 35 
#4 19 21 45 56 61 17 5 24 38 25 25 3 74 65 
#36 19 8 9 35 5 50 30 13 61 25 3 9 26 20 
#5 32 66 20 31 5 10 3 48 69 58 25 9 32 10 
#34 32 57 2 20 10 17 10 24 42 19 11 40 6 10 
#13 19 1 23 15 61 18 17 24 12 51 58 9 10 34 
#22 27 1 20 56 61 46 3 24 15 28 28 18 35 9 
#29 19 11 9 56 5 64 5 13 10 25 35 3 9 65 
59 47 34 14 51 3 
22 26 12 16 11 49 
43 1 24 19 8 2 
45 39 7 13 46 50 
9 48 44 53 17 25 
36 23 6 52 55 37 
#Base: 922
#Max: 556
#603037
#Turn 5
#4 19 11 9 56 5 64 5 24 38 25 42 3 9 12 
#21 35 11 19 15 7 22 30 14 38 25 40 0 74 6 
#29 45 56 19 19 7 22 30 52 14 28 42 23 24 6 
#14 19 14 9 19 52 64 17 49 7 10 42 23 74 8 
#14 19 56 2 19 61 18 17 56 7 10 42 22 18 6 
#14 55 21 2 20 10 18 10 13 12 43 25 40 74 8 
#14 32 21 2 20 52 46 43 7 61 58 25 40 6 8 
#22 29 57 23 22 12 46 5 48 10 25 30 22 74 65 
#19 29 13 20 43 52 17 5 48 10 25 30 23 74 65 
#34 35 13 3 21 52 46 11 48 42 19 9 23 3 11 
#34 24 56 3 17 30 50 3 14 12 58 9 14 5 34 
#21 19 56 19 17 61 46 59 14 12 58 28 3 74 9 
#14 19 56 23 56 61 46 3 24 10 31 1 3 74 9 
#37 55 56 45 35 5 50 30 14 61 28 40 65 74 0 
#13 19 11 2 19 61 18 9 56 38 10 25 45 38 0 
#22 55 48 23 56 41 9 30 7 61 58 20 22 6 35 
#13 55 48 23 58 30 50 30 56 61 43 20 36 6 35 
#13 55 1 35 56 52 50 59 56 38 43 20 36 24 0 
#14 55 9 9 19 52 9 3 2 61 31 20 23 74 8 
#14 29 56 9 1 52 64 3 2 7 31 35 22 74 35 
#36 27 8 2 1 30 10 16 14 15 25 23 16 38 56 
#36 55 8 2 19 12 10 16 2 10 25 25 16 74 65 
#4 55 21 23 22 61 17 11 2 10 25 25 3 74 65 
#14 29 56 45 45 61 3 5 49 10 10 9 3 74 65 
#14 55 56 20 35 5 50 30 49 61 58 25 22 21 65 
#13 24 48 20 56 61 9 17 48 15 20 28 45 32 34 
#21 27 1 20 1 61 50 17 24 7 58 47 22 3 34 
#21 27 56 20 1 61 46 3 37 7 19 47 22 38 35 
#5 32 66 20 31 5 10 3 48 15 58 25 9 3 10 
#5 35 54 3 22 30 10 3 37 69 58 25 9 8 10 
#29 55 11 9 56 10 18 5 13 12 25 35 3 74 65 
#4 32 11 45 15 52 17 43 24 61 43 42 0 74 12 
#21 55 57 19 56 12 22 30 14 14 19 40 9 9 9 
#29 29 14 20 21 52 64 30 48 10 25 30 23 74 65 
#19 19 1 3 19 52 46 17 7 42 58 42 23 3 35 
#21 19 56 3 21 21 64 30 48 7 19 25 45 24 56 
#13 35 1 4 43 10 18 10 48 42 10 9 22 24 34 
#14 24 56 2 20 30 17 43 13 61 58 25 40 32 34 
#22 19 57 23 56 12 46 30 7 42 58 25 9 74 9 
#14 29 56 20 21 5 50 5 48 61 25 1 22 74 35 
#19 55 11 3 56 30 46 11 7 42 58 40 65 35 11 
#13 32 13 2 19 61 18 3 48 42 10 25 45 24 56 
#34 55 48 3 43 41 9 3 7 42 58 9 23 24 35 
#21 55 48 23 17 30 50 59 14 12 58 28 22 5 34 
#13 19 1 23 56 61 50 3 13 10 43 28 36 74 0 
#14 55 48 9 35 5 9 5 24 61 31 1 3 24 8 
#14 45 11 5 19 52 50 30 2 38 28 40 65 35 0 
#13 19 56 20 1 61 10 9 56 7 10 25 22 38 65 
#51 55 3 23 45 41 46 3 14 15 58 20 22 6 35 
#22 55 48 2 19 30 10 30 2 61 25 23 16 6 35 
#19 55 1 35 58 30 17 30 56 38 43 25 22 74 65 
#22 55 21 9 56 61 17 5 24 38 58 20 23 74 65 
#14 45 9 9 19 61 3 5 49 61 10 35 22 74 35 
#14 55 56 20 35 61 10 30 2 61 58 25 9 74 65 
#51 24 3 57 15 11 9 11 14 38 58 40 13 32 56 
#36 55 8 2 19 61 10 16 24 15 58 28 16 74 35 
#21 27 57 19 22 12 50 16 2 10 25 47 22 74 65 
#22 27 21 45 56 61 17 5 24 15 58 25 9 3 65 
#14 32 66 20 45 5 10 3 48 10 10 25 22 21 65 
#5 35 54 3 22 30 50 30 37 69 19 25 9 8 35 
54 48 37 8 57 3 
46 30 43 17 55 22 
25 19 33 24 16 12 
31 23 51 13 50 40 
6 52 7 53 11 39 
27 44 56 38 15 35 
#Base: 922
#Max: 595
#645336
#Turn 6
#51 24 3 23 45 11 46 3 14 15 58 20 13 32 56 
#51 24 3 23 45 30 46 3 13 61 58 20 40 32 35 
#19 29 56 20 20 30 17 43 48 10 25 25 40 74 34 
#22 27 21 45 56 61 17 5 48 10 25 30 23 3 65 
#14 19 14 45 19 61 17 17 49 15 58 25 9 3 65 
#14 45 11 9 56 10 50 30 2 38 28 35 65 74 65 
#21 55 48 23 17 10 50 5 13 12 58 35 3 74 65 
#21 55 48 35 17 52 50 59 56 38 43 20 22 5 0 
#13 55 8 35 56 61 50 59 56 38 43 28 36 24 0 
#4 55 21 2 19 61 10 11 2 10 58 28 16 74 65 
#13 29 56 9 1 61 64 17 48 7 20 35 22 32 34 
#14 29 14 9 21 52 64 30 2 7 25 35 23 74 35 
#14 29 56 20 35 52 50 30 48 61 25 25 23 21 65 
#13 55 56 23 35 5 50 30 56 61 58 20 22 6 35 
#13 19 56 23 56 30 46 3 56 10 43 20 36 74 9 
#4 29 56 45 15 52 3 5 24 61 43 9 0 74 65 
#22 55 56 9 56 61 3 5 49 10 58 9 23 74 65 
#37 55 56 45 35 5 50 5 24 61 28 40 23 74 65 
#19 55 1 35 35 30 50 30 14 38 43 40 65 74 65 
#19 55 1 35 58 30 46 11 7 42 58 25 65 35 11 
#14 45 9 9 19 61 3 43 49 61 58 25 22 6 35 
#14 45 9 23 22 12 3 5 48 10 10 35 22 74 35 
#14 55 57 20 35 12 46 5 2 10 58 30 22 74 65 
#21 19 56 19 17 61 46 59 2 61 58 28 9 74 9 
#21 19 56 20 21 61 50 5 48 61 58 1 22 74 35 
#13 27 56 23 1 61 50 3 13 10 43 47 36 74 35 
#21 19 57 23 22 61 50 16 2 10 43 47 22 74 0 
#21 19 57 23 56 12 46 16 7 42 25 25 9 74 9 
#22 55 48 23 56 12 46 30 7 42 58 25 9 74 35 
#21 19 48 23 21 21 64 30 7 61 58 20 45 6 56 
#14 24 11 5 15 52 9 30 14 38 28 40 65 32 0 
#51 55 3 9 45 10 46 5 14 15 58 35 22 6 35 
#14 55 48 23 17 30 17 59 13 61 58 25 22 32 34 
#13 29 1 20 56 52 50 5 56 10 43 20 23 24 65 
#22 55 8 2 56 61 17 5 24 15 58 28 16 74 35 
#4 19 14 9 22 61 64 17 49 10 10 25 3 74 8 
#14 45 48 20 56 52 50 17 48 15 20 40 45 32 0 
#14 55 11 9 1 52 18 3 2 12 31 35 22 74 35 
#21 29 48 23 21 30 50 30 14 12 58 28 23 5 34 
#14 55 1 20 56 5 50 59 56 61 58 20 22 24 0 
#13 55 48 23 58 30 10 16 24 15 58 20 16 74 35 
#14 55 56 23 56 61 17 11 2 10 31 25 3 74 9 
#13 32 11 45 56 61 17 17 24 61 43 42 45 32 12 
#14 29 56 9 1 52 64 3 2 7 10 35 3 74 65 
#22 29 21 9 56 61 64 30 24 38 58 20 23 74 65 
#37 55 56 20 35 5 50 30 14 61 28 40 65 74 0 
#19 55 48 35 58 30 50 30 56 38 43 25 36 74 65 
#19 55 56 3 56 30 46 11 24 42 31 1 3 35 9 
#14 32 11 45 20 52 17 43 7 61 58 42 0 6 12 
#14 29 56 9 19 61 3 5 49 61 10 35 3 74 35 
#22 55 21 9 56 12 17 5 24 10 58 30 22 74 65 
#14 55 56 45 35 5 10 30 14 61 58 25 9 74 0 
#19 55 1 19 17 61 17 30 14 38 58 25 22 74 9 
#14 29 11 20 21 5 50 5 7 61 58 40 22 74 35 
#14 32 21 2 1 61 46 3 7 61 58 47 40 38 35 
#13 19 1 23 19 61 50 5 13 61 43 28 36 74 0 
#22 27 57 19 22 12 50 16 2 10 25 30 22 74 65 
#14 55 56 23 56 61 10 30 7 61 58 25 9 74 9 
#22 55 56 23 56 61 46 59 14 61 58 28 3 74 9 
#21 19 56 20 21 21 64 30 48 7 19 25 22 24 56 
2 54 29 15 42 49 
26 50 25 45 51 40 
36 6 57 18 16 19 
12 24 44 46 17 5 
34 7 28 58 8 22 
1 14 39 23 13 32 
#Base: 922
#Max: 662
#718004
#Turn 7
#19 32 56 20 20 61 46 43 7 10 25 47 40 74 34 
#21 32 21 2 21 21 46 3 7 61 58 47 40 6 35 
#21 29 56 23 15 21 3 5 24 61 43 9 0 74 65 
#4 32 56 45 56 52 3 5 24 61 43 42 45 32 65 
#13 32 11 45 56 61 17 17 49 61 10 42 3 74 12 
#22 55 21 23 22 61 17 16 2 10 58 30 22 74 0 
#13 55 56 23 56 12 50 5 24 10 43 47 36 74 35 
#37 27 56 23 1 5 50 3 14 61 43 40 65 74 35 
#37 55 56 45 35 5 10 30 14 61 28 40 9 74 0 
#13 55 56 23 58 30 10 30 14 61 58 25 9 74 35 
#14 55 48 23 56 52 50 17 13 12 20 35 45 32 0 
#21 55 48 23 17 61 10 30 7 61 58 25 9 74 65 
#19 55 1 35 56 30 10 30 14 38 58 25 65 74 65 
#19 55 1 35 56 30 50 30 49 10 58 40 65 74 65 
#19 55 56 35 58 30 3 5 7 10 58 25 65 74 11 
#21 19 56 20 21 52 50 30 48 61 25 1 22 74 35 
#22 19 56 20 21 61 64 5 48 38 58 20 22 74 65 
#22 29 21 9 58 61 50 30 24 38 58 25 23 74 65 
#37 55 48 45 35 5 50 30 24 61 28 40 23 74 65 
#14 45 56 9 35 5 50 5 24 61 28 40 65 74 65 
#21 55 8 2 17 52 50 59 24 38 43 28 22 74 35 
#21 55 48 35 17 12 46 59 56 42 43 25 22 74 35 
#22 55 48 23 56 12 46 30 14 61 58 25 9 74 35 
#22 55 8 23 56 61 50 59 14 38 58 28 3 24 9 
#13 55 57 20 56 61 50 59 2 38 43 30 22 74 65 
#51 24 3 23 56 30 46 3 13 10 58 20 40 74 35 
#13 19 1 23 56 5 50 59 56 10 43 20 22 74 9 
#14 19 1 19 17 61 50 59 56 61 58 20 9 24 0 
#13 55 56 23 35 61 46 30 56 61 58 20 9 6 9 
#13 55 56 23 17 5 17 30 56 61 58 20 22 6 35 
#19 19 57 23 22 30 50 43 48 10 25 47 22 74 0 
#14 55 21 2 56 12 46 3 24 10 58 30 22 74 35 
#21 19 48 23 21 61 50 3 7 10 58 47 36 6 35 
#4 55 56 20 15 52 3 30 14 61 43 9 0 74 0 
#14 55 56 45 56 5 17 17 14 61 43 42 9 74 12 
#13 55 56 23 58 30 10 16 24 61 58 20 3 74 35 
#21 19 57 20 22 52 50 16 2 10 20 40 45 32 0 
#22 55 48 23 56 10 17 5 24 10 58 35 3 74 65 
#14 27 56 23 56 61 10 3 13 10 58 25 9 74 9 
#19 55 56 20 35 5 50 30 14 61 43 40 65 74 65 
#14 55 56 9 56 61 10 30 14 10 58 25 9 74 65 
#13 55 48 23 58 30 46 11 24 15 58 25 16 35 11 
#14 29 56 20 56 52 50 30 48 61 20 25 45 32 0 
#21 19 48 20 21 10 50 5 48 12 58 35 3 74 35 
#22 55 56 9 56 61 10 30 7 61 58 25 23 74 65 
#19 55 48 35 58 30 50 30 14 38 43 25 65 74 65 
#22 55 56 45 56 5 3 5 49 10 58 40 23 74 65 
#19 55 11 35 58 30 50 11 2 42 58 25 65 74 11 
#14 55 56 2 56 52 17 30 48 61 58 28 16 21 35 
#21 55 56 35 21 61 50 5 48 61 43 20 22 74 0 
#22 29 21 9 56 61 64 30 7 42 58 25 23 74 65 
#19 55 56 35 58 30 50 30 14 61 43 28 36 74 65 
#13 55 8 45 35 61 50 5 24 38 28 28 36 24 65 
#14 55 11 9 35 12 46 5 2 10 28 35 22 74 65 
#22 55 8 2 56 61 17 3 24 15 58 28 40 32 35 
#21 19 56 23 56 52 46 59 56 10 43 20 36 5 0 
#14 55 1 23 56 12 50 30 7 42 58 25 22 24 35 
#21 55 56 19 17 61 46 59 2 61 58 28 9 74 9 
#13 55 8 35 56 61 50 59 56 38 58 20 22 24 0 
#14 55 48 23 35 12 46 5 13 10 58 30 22 32 34 
52 14 28 22 48 20 
34 15 9 18 58 6 
42 40 16 39 44 47 
12 50 13 51 45 57 
0 3 19 24 17 46 
37 7 11 21 49 35 
#Base: 922
#Max: 654
#709328
#Turn 8
#13 55 8 45 35 30 3 5 24 10 28 25 36 24 65 
#13 55 56 23 35 61 46 5 7 10 58 25 9 74 9 
#22 55 56 23 35 12 46 30 56 61 58 20 9 6 9 
#14 55 56 2 56 12 46 30 48 61 58 25 9 21 35 
#21 55 8 2 56 52 50 30 48 38 58 28 16 21 35 
#14 19 56 45 56 5 17 30 48 61 43 1 9 74 35 
#13 55 56 20 21 30 50 30 48 61 25 1 22 74 35 
#37 55 48 45 58 30 10 30 14 61 28 25 9 74 35 
#37 55 8 35 35 61 50 59 56 61 58 40 23 74 65 
#13 55 56 23 56 12 50 5 24 38 58 20 22 74 0 
#14 29 56 9 56 52 50 30 14 61 58 25 45 32 65 
#14 55 56 9 56 61 10 5 48 38 58 20 22 74 65 
#22 19 56 20 21 5 50 5 48 61 43 40 22 74 65 
#19 55 56 20 56 5 10 30 7 61 58 40 65 74 65 
#22 55 56 35 56 30 50 30 7 42 58 25 65 74 65 
#22 55 1 9 56 61 10 30 14 38 58 25 65 74 65 
#19 29 1 35 56 61 64 30 7 10 58 25 23 74 65 
#19 55 56 35 58 30 50 30 49 10 43 40 65 74 65 
#19 55 48 35 58 30 50 30 14 61 43 25 36 74 65 
#21 55 48 35 17 30 50 30 14 61 58 25 65 74 65 
#19 32 56 20 56 61 3 43 7 10 25 47 40 74 65 
#4 32 56 9 35 5 3 5 24 61 43 42 65 74 65 
#13 45 57 20 35 5 50 5 24 38 43 40 65 74 65 
#13 29 57 9 58 61 50 59 24 38 58 30 22 74 65 
#22 29 56 45 58 5 50 5 49 10 58 40 23 74 65 
#22 27 56 23 1 10 17 3 14 61 58 40 65 74 65 
#21 55 56 23 17 61 10 30 14 61 43 25 9 74 65 
#21 55 48 35 17 12 46 30 56 61 58 25 9 74 65 
#21 55 48 35 17 61 50 5 56 61 43 25 22 74 0 
#21 55 56 35 21 30 50 5 24 61 58 20 3 74 35 
#13 55 8 45 35 5 50 5 14 38 28 28 36 24 12 
#19 19 56 35 58 30 50 30 7 61 25 1 22 74 35 
#13 55 56 23 35 30 46 30 56 61 58 25 9 6 35 
#37 55 48 23 35 5 50 30 14 61 28 40 23 74 35 
#14 55 8 35 56 61 50 30 56 61 58 20 16 24 0 
#13 55 8 23 56 12 50 5 24 38 43 47 36 74 35 
#14 55 56 20 56 5 17 17 14 61 20 42 45 74 0 
#21 55 56 9 56 52 50 30 14 61 25 1 22 74 35 
#13 55 56 23 21 61 64 5 48 61 58 25 9 74 65 
#37 55 48 20 35 5 50 30 24 61 43 40 65 74 65 
#22 55 56 9 56 61 10 59 7 61 58 20 23 24 0 
#13 55 56 35 56 12 50 5 2 42 58 25 65 74 35 
#19 55 56 20 56 52 50 30 14 61 58 25 45 32 0 
#22 29 21 9 56 61 64 30 7 10 58 25 9 74 65 
#19 55 56 20 21 30 64 5 48 10 58 40 22 74 65 
#19 55 56 20 35 5 50 30 14 61 43 28 65 74 65 
#22 55 48 9 58 30 10 30 14 38 43 25 65 74 65 
#19 55 11 19 17 30 46 59 2 61 58 28 65 74 9 
#19 32 56 20 56 30 10 30 14 10 25 25 40 74 34 
#22 29 56 45 56 52 3 5 7 42 58 42 23 32 65 
#19 55 1 35 56 30 50 5 24 61 58 40 65 74 65 
#19 55 57 20 56 30 50 59 14 38 43 30 36 74 65 
#19 29 21 9 58 30 50 30 14 38 43 25 65 74 65 
#21 55 56 19 17 61 3 59 2 10 58 28 9 74 9 
#22 55 48 20 20 10 17 5 24 10 25 35 40 74 34 
#37 32 56 23 56 5 3 3 24 61 43 40 65 74 65 
#21 55 56 23 35 5 50 30 24 61 28 25 65 74 65 
#21 55 57 20 56 12 50 59 56 38 43 30 22 74 65 
#21 55 21 35 58 61 50 30 48 38 58 25 23 74 65 
#22 55 56 45 56 5 10 16 24 61 58 20 23 74 35 
47 33 28 24 41 7 
20 37 46 19 55 52 
26 44 23 57 39 15 
45 51 58 8 14 38 
59 11 13 17 18 27 
16 22 10 50 56 42 
#Base: 922
#Max: 717
#777657
#Turn 9
#19 55 11 19 17 5 46 30 2 61 28 28 65 74 35 
#37 55 48 23 35 5 50 30 56 61 28 40 22 74 35 
#22 55 56 45 58 5 50 5 56 61 58 40 22 74 0 
#22 55 56 35 56 5 50 5 49 42 58 40 23 74 35 
#13 55 48 35 56 30 50 5 14 42 28 25 9 74 35 
#21 32 56 20 56 52 3 43 14 61 25 47 40 74 35 
#21 55 56 9 58 30 10 30 14 38 43 1 22 74 35 
#21 55 48 35 17 30 10 30 14 61 43 25 65 74 65 
#21 32 56 23 56 30 50 30 14 61 58 25 65 74 65 
#37 32 21 9 58 5 3 30 24 61 43 40 65 74 65 
#19 55 56 23 17 61 10 30 14 61 43 25 9 74 65 
#19 29 57 9 21 61 50 59 48 10 58 30 22 74 65 
#21 29 57 9 58 12 50 59 56 38 58 30 22 74 65 
#37 55 48 20 35 12 50 30 24 38 43 40 65 74 65 
#22 55 48 20 35 5 50 30 24 38 43 40 65 74 65 
#19 55 56 20 35 5 50 30 14 61 43 30 36 74 65 
#21 55 21 35 58 30 50 59 48 38 43 25 36 74 65 
#37 55 21 35 58 61 50 59 56 38 58 40 23 74 65 
#22 55 56 35 56 61 50 59 56 61 58 40 23 74 65 
#13 55 56 35 56 30 50 30 7 42 58 25 9 74 65 
#14 55 56 45 56 5 10 5 48 38 58 20 22 74 65 
#19 55 56 9 56 5 10 30 48 61 58 20 65 74 65 
#19 55 56 35 58 5 50 30 49 61 43 40 65 74 65 
#19 55 48 35 58 30 50 30 14 10 43 40 65 74 65 
#19 55 48 35 58 12 46 30 14 61 43 25 9 74 65 
#19 29 1 35 35 61 64 5 7 10 43 40 65 74 65 
#14 45 57 9 56 5 50 5 14 38 58 25 45 74 65 
#14 29 56 35 56 30 50 30 24 61 58 25 45 74 65 
#21 55 56 23 35 5 50 30 24 61 58 40 65 74 65 
#21 55 56 20 56 52 50 30 24 61 58 25 65 74 65 
#19 55 56 20 17 61 3 59 7 10 25 47 65 74 65 
#21 55 56 23 35 52 50 30 14 61 25 1 22 74 35 
#22 55 48 9 58 61 50 30 56 38 43 25 22 74 0 
#22 29 48 45 58 5 50 30 14 10 58 25 65 74 65 
#13 55 56 23 56 5 3 5 2 42 58 25 65 74 65 
#37 55 48 9 58 30 50 30 14 38 43 25 9 74 35 
#21 55 56 23 17 61 3 43 7 10 43 47 9 74 65 
#19 55 56 9 21 30 50 5 48 10 58 1 22 74 35 
#22 55 48 9 58 30 10 30 24 38 58 30 22 74 65 
#21 55 48 35 17 30 50 59 14 61 43 25 22 74 65 
#37 55 48 23 56 5 3 30 24 61 43 40 65 74 65 
#19 55 21 9 58 61 10 30 14 38 43 25 65 74 65 
#21 55 56 20 17 61 10 30 14 61 43 25 65 74 65 
#19 55 57 20 56 30 50 59 14 38 43 30 36 74 65 
#13 29 57 35 58 61 50 30 48 38 58 30 22 74 65 
#37 55 57 20 35 61 50 59 56 38 43 40 22 74 65 
#22 55 48 35 56 30 50 30 24 42 58 40 65 74 65 
#22 55 1 23 56 61 10 5 48 38 58 25 9 74 65 
#19 55 56 20 35 5 10 16 24 61 58 28 23 74 65 
#19 55 56 9 56 30 10 5 48 38 43 20 22 74 65 
#21 55 21 20 58 5 50 30 7 61 58 40 23 74 65 
#37 55 56 35 35 61 50 30 56 61 58 40 23 74 65 
#22 55 56 35 56 30 50 30 7 42 58 25 36 74 65 
#13 55 48 23 21 61 46 5 56 61 58 25 9 74 65 
#19 55 56 45 56 5 10 16 7 10 58 20 23 74 65 
#14 55 56 20 56 61 10 5 48 38 43 40 22 74 65 
#19 55 56 9 56 52 50 30 7 61 58 40 65 74 65 
#19 55 1 35 58 30 50 30 49 61 43 40 65 74 65 
#19 55 56 35 58 30 50 30 14 61 43 25 36 74 65 
#21 55 56 20 17 52 50 30 14 61 58 25 9 32 0 
2 24 53 23 14 33 
7 55 39 46 12 1 
3 40 56 29 22 21 
27 44 45 18 17 8 
19 13 28 51 57 43 
15 42 52 16 58 11 
#Base: 922
#Max: 771
#836226
#22 55 56 35 58 12 50 5 14 61 43 40 22 74 0 
#13 55 48 35 21 61 46 5 14 61 58 25 9 74 65 
#19 55 48 23 21 61 46 30 14 10 58 25 9 74 65 
#19 55 48 35 35 5 50 30 14 10 43 40 65 74 65 
#22 55 48 45 35 5 50 30 24 10 58 40 65 74 65 
#21 55 48 35 17 30 10 30 48 38 43 40 22 74 65 
#21 55 48 20 17 61 10 5 14 61 43 25 22 74 65 
#21 55 48 35 17 30 50 59 24 61 58 25 22 74 65 
#21 29 48 35 58 12 50 59 56 42 58 30 65 74 65 
#37 55 57 23 35 5 50 59 56 38 28 40 22 74 65 
#37 55 56 23 56 5 50 5 24 42 43 40 23 74 65 
#19 55 48 9 56 5 3 30 24 61 43 40 65 74 65 
#19 55 56 20 56 52 50 30 24 61 58 25 65 74 65 
#19 55 56 35 58 5 50 30 24 61 58 25 65 74 65 
#19 55 56 9 58 5 10 30 49 61 58 40 65 74 65 
#14 29 57 35 58 30 50 30 24 38 58 30 45 74 65 
#13 55 57 35 35 61 50 59 48 38 58 40 22 74 65 
#37 55 56 20 35 61 50 59 56 61 43 40 23 74 65 
#22 55 56 35 58 61 50 59 56 61 58 40 23 74 65 
#21 32 56 35 58 61 50 30 56 38 58 25 65 74 65 
#13 55 48 35 56 30 50 30 24 42 58 40 65 74 65 
#21 55 48 20 35 5 50 30 24 38 58 40 65 74 65 
#37 55 56 23 35 5 50 30 56 61 58 40 65 74 65 
#19 55 56 35 58 30 50 30 49 61 43 40 23 74 65 
#19 55 57 35 56 30 50 30 14 61 43 40 65 74 65 
#21 55 56 20 35 61 50 30 14 61 43 25 36 74 65 
#22 55 56 20 17 61 50 30 14 42 58 25 65 74 65 
#22 55 56 35 56 30 50 30 7 42 43 25 36 74 65 
#21 55 56 35 58 30 50 30 48 38 43 25 36 74 65 
#19 29 56 9 58 30 50 30 14 10 58 25 22 74 65 
#21 55 48 35 17 5 10 5 56 61 43 25 22 74 65 
#19 55 48 35 56 61 10 30 48 38 43 25 9 74 65 
#13 55 48 23 17 30 46 59 56 61 43 25 9 74 65 
#19 55 48 35 58 30 50 30 14 10 43 40 65 74 65 
#21 29 57 20 35 5 50 59 56 38 58 30 65 74 65 
#37 29 48 45 58 5 50 30 14 10 28 40 22 74 35 
#21 55 56 35 17 30 50 30 49 42 43 40 65 74 35 
#14 55 48 23 56 61 10 5 48 61 43 40 65 74 65 
#19 55 48 9 56 52 50 59 14 61 43 40 65 74 65 
#22 55 48 20 56 52 50 30 24 61 58 40 65 74 65 
#21 55 57 35 58 12 50 30 49 61 43 30 22 74 65 
#37 55 48 9 35 5 50 30 48 61 58 40 65 74 35 
#22 29 56 35 56 5 50 30 49 61 58 25 23 74 65 
#13 29 57 35 56 61 3 30 48 61 58 40 22 74 65 
#37 55 57 20 35 52 50 59 7 61 58 40 65 74 65 
#22 55 56 35 56 61 50 30 24 61 58 25 65 74 65 
#19 55 56 35 58 5 50 30 49 61 58 40 23 74 65 
#19 55 56 23 56 30 10 30 48 61 58 25 65 74 65 
#13 55 56 35 56 30 50 30 7 61 58 25 9 74 65 
#37 29 57 35 35 12 50 30 24 38 43 30 22 74 65 
#21 55 56 20 35 5 50 59 56 38 43 40 65 74 65 
#22 55 56 35 35 61 50 59 56 61 58 40 23 74 65 
#37 55 21 35 58 30 50 59 56 38 58 40 65 74 65 
#21 32 56 20 56 30 50 59 14 61 58 25 65 74 65 
#19 55 56 20 56 30 50 30 7 61 58 25 9 74 65 
#21 55 56 20 17 12 50 30 14 38 43 25 65 74 65 
#22 55 56 23 35 30 50 30 24 42 58 40 36 74 65 
#37 55 56 35 35 61 50 59 48 38 43 25 23 74 65 
#19 55 1 35 58 30 50 30 14 61 43 25 36 74 65 
#19 55 57 9 21 30 50 59 48 38 43 30 36 74 65 
#Base: 922
#Max: 773
#838395
