#[0] 3, 3
#[1] 4, 3
#[2] 3, 4
#[3] 3, 2
#[4] 2, 3
#[5] 2, 4
#[6] 1, 3
#[7] 2, 2
#[8] 3, 1
#[9] 4, 4
#[10] 5, 3
#[11] 3, 5
#[12] 4, 2
#[13] 3, 0
#[14] 5, 4
#[15] 4, 5
#[16] 5, 2
#[17] 4, 1
#[18] 0, 3
#[19] 1, 4
#[20] 2, 1
#[21] 1, 2
#[22] 2, 5
#[23] 0, 4
#[24] 5, 1
#[25] 0, 2
#[26] 5, 5
#[27] 1, 5
#[28] 2, 0
#[29] 1, 1
#[30] 4, 0
#[31] 0, 5
#[32] 1, 0
#[33] 0, 1
#[34] 5, 0
#[35] 0, 0
#Turn 0
12 30 13 9 24 23 
19 50 54 44 47 36 
32 15 21 38 22 2 
4 17 43 33 8 18 
45 46 51 37 1 57 
39 16 0 27 58 10 
#Base: 995
#Max: 360
#361809
#Turn 1
#12 15 40 19 6 23 3 15 29 54 21 12 8 5 27 
#37 32 21 32 49 42 22 15 8 30 0 7 8 17 7 
#21 11 21 32 7 42 22 36 32 21 0 7 63 25 7 
#21 8 1 31 7 2 33 31 24 17 21 8 39 15 14 
#12 1 1 38 38 10 28 3 24 3 12 28 23 53 50 
#36 38 21 9 0 13 34 27 38 17 5 55 6 28 4 
#36 38 24 57 21 2 1 4 17 17 5 26 28 23 4 
#9 5 31 57 70 11 47 4 5 18 20 26 28 8 15 
#19 25 0 28 5 30 5 28 5 30 20 24 3 20 20 
#19 25 54 10 5 35 65 28 2 2 43 24 26 16 38 
#45 14 28 23 38 57 11 41 10 44 34 4 21 12 14 
#28 12 61 23 9 35 21 7 8 6 3 23 9 9 14 
#18 11 17 69 6 35 3 5 23 4 5 42 19 28 19 
#18 11 17 69 4 5 0 14 23 4 5 12 29 28 2 
#6 5 32 51 17 54 22 14 5 2 23 29 29 4 2 
#46 15 17 35 9 24 0 59 26 8 34 32 27 12 6 
#1 5 17 21 1 31 18 67 7 8 32 32 27 7 21 
#1 20 15 5 13 25 20 67 7 1 32 0 16 20 21 
#34 20 15 5 19 89 5 12 71 3 5 21 10 13 7 
#34 15 5 36 19 1 3 11 71 43 5 21 10 18 7 
#29 44 3 25 28 7 23 9 6 24 0 26 30 15 50 
#22 11 15 25 4 7 23 4 2 54 0 26 3 39 51 
#24 3 14 20 4 12 50 4 2 54 15 11 3 8 29 
#24 68 14 20 1 15 3 27 25 14 15 82 33 8 2 
#12 11 1 7 1 50 13 27 25 9 26 1 33 7 15 
#12 45 4 17 26 1 11 10 27 2 1 14 29 33 0 
#12 34 45 30 17 52 4 28 28 2 40 14 27 27 6 
#13 34 45 30 10 30 4 28 1 61 4 5 35 27 24 
#13 21 1 42 10 30 34 15 36 0 10 5 35 1 1 
#24 33 1 15 15 13 44 17 54 8 6 9 59 2 38 
#12 40 30 40 15 13 34 26 38 54 21 12 6 5 7 
#36 32 40 19 6 38 13 27 16 17 5 55 8 17 27 
#37 11 21 32 21 2 47 36 6 0 36 7 19 25 7 
#1 3 10 25 7 11 5 17 32 21 21 29 3 15 14 
#19 1 1 28 11 30 31 28 24 16 15 7 23 16 20 
#16 23 14 10 4 7 28 6 2 3 43 22 23 7 50 
#45 40 30 8 38 13 13 41 15 7 50 15 6 28 7 
#28 14 15 9 9 57 11 27 17 37 5 32 9 23 4 
#53 5 24 57 21 35 21 7 6 6 3 26 28 8 15 
#18 11 17 69 70 5 5 5 5 4 5 29 3 20 36 
#0 25 52 51 5 6 0 28 5 16 15 12 29 16 20 
#6 5 54 18 4 54 22 20 2 2 23 29 30 7 38 
#45 23 12 1 9 24 0 41 26 44 34 1 21 20 6 
#28 15 17 7 9 31 18 25 11 37 68 32 27 12 24 
#53 5 61 1 6 25 21 67 8 1 32 0 19 50 19 
#18 20 17 69 13 89 3 5 8 4 15 42 0 20 4 
#0 57 5 19 19 3 0 18 5 43 5 21 29 4 2 
#6 15 32 36 17 1 22 20 3 4 23 43 30 43 6 
#46 5 12 35 9 8 0 59 5 10 34 11 27 12 6 
#5 15 3 7 19 31 23 9 6 8 0 32 27 7 51 
#1 5 3 35 4 7 20 67 7 1 32 0 3 39 21 
#7 20 14 20 13 12 5 22 25 1 15 10 16 8 4 
#24 68 6 19 1 3 3 27 25 43 26 21 33 13 15 
#28 11 1 36 10 1 13 11 13 9 62 1 10 7 6 
#29 44 12 2 32 1 24 6 5 10 1 11 29 15 50 
#12 11 3 25 3 7 37 10 6 2 0 26 27 21 51 
#8 34 45 35 17 52 50 28 2 19 9 11 16 27 29 
#24 17 14 42 10 12 3 15 1 1 15 82 2 8 2 
#24 68 1 7 1 15 44 27 25 0 6 19 33 18 15 
#12 33 1 46 43 50 29 20 54 8 8 9 23 19 46 
6 13 38 12 41 48 
14 5 26 9 15 50 
16 36 59 39 7 4 
27 57 44 45 23 56 
21 58 19 18 10 52 
1 30 2 29 43 31 
#Base: 995
#Max: 401
#403015
#Turn 2
#18 38 17 57 4 2 1 4 17 17 5 12 29 23 2 
#18 5 17 57 21 35 0 14 6 4 5 26 29 28 2 
#18 11 24 69 21 35 3 7 6 6 3 26 19 8 15 
#18 11 54 18 4 54 3 20 23 4 23 29 30 28 19 
#6 5 12 35 9 54 0 20 2 2 34 29 27 12 6 
#36 38 32 9 0 54 22 27 5 17 23 55 6 4 4 
#36 34 21 9 17 52 4 28 38 17 40 14 27 27 6 
#19 34 45 10 5 35 65 28 28 2 40 14 26 16 38 
#46 15 54 10 5 35 65 59 2 8 43 32 26 16 38 
#46 5 17 35 9 7 0 59 7 8 34 0 3 39 21 
#1 40 17 8 38 13 18 41 7 7 50 15 27 28 21 
#12 33 1 46 38 13 13 41 15 7 50 15 6 19 7 
#18 33 1 69 43 50 29 20 5 8 8 29 3 19 46 
#9 11 17 69 70 11 47 5 5 18 5 26 3 20 36 
#9 1 1 38 70 10 47 4 5 18 20 28 28 53 15 
#13 17 14 42 10 12 4 15 1 61 15 82 2 27 2 
#53 17 14 1 10 12 21 15 1 1 15 82 2 8 19 
#53 20 17 69 13 89 21 67 8 4 32 0 19 50 4 
#24 20 14 69 1 15 3 5 8 14 15 42 0 8 2 
#24 68 45 20 1 52 3 27 25 19 15 82 33 8 2 
#24 68 15 7 1 15 23 27 25 54 0 26 3 18 51 
#24 15 5 36 1 1 3 27 71 43 6 21 10 18 7 
#34 20 15 5 19 1 5 11 71 43 5 21 10 18 7 
#45 14 15 5 19 57 11 41 10 3 5 21 10 13 7 
#45 14 28 19 1 3 11 41 25 44 34 21 21 12 14 
#37 32 30 32 49 42 22 26 38 54 0 12 8 5 7 
#21 11 30 32 7 42 34 26 32 54 21 12 63 25 7 
#24 33 21 32 7 42 44 36 54 21 0 7 63 2 38 
#28 33 1 7 15 13 44 17 11 37 6 9 59 12 38 
#28 15 17 19 6 31 13 27 16 37 68 55 8 12 24 
#6 38 24 57 21 2 22 4 5 2 5 29 29 4 2 
#18 11 21 9 4 5 34 27 23 4 5 55 29 28 4 
#12 5 24 30 21 35 21 7 28 2 3 14 27 8 6 
#19 25 17 10 5 35 3 28 23 4 43 24 19 16 19 
#46 15 17 35 9 54 22 59 26 2 34 32 30 12 6 
#46 5 3 35 4 7 0 67 7 10 34 0 27 12 6 
#6 5 17 51 17 31 18 14 5 8 32 29 29 4 21 
#45 38 21 8 38 13 13 41 38 7 50 55 6 28 7 
#12 33 1 30 43 52 4 20 28 8 40 9 23 27 6 
#19 11 17 10 70 35 5 5 5 2 5 24 3 20 38 
#46 5 31 57 70 24 0 4 5 18 20 32 27 12 6 
#12 5 3 35 4 10 20 67 24 3 32 0 3 53 21 
#13 5 17 30 1 30 18 67 7 8 32 32 35 27 21 
#45 40 30 42 10 13 13 41 15 1 15 82 6 28 7 
#12 33 61 46 43 25 29 67 8 1 32 9 23 50 46 
#18 11 17 69 70 89 3 5 5 4 5 42 0 20 4 
#9 68 31 57 1 15 3 4 5 18 20 82 28 8 2 
#8 1 45 38 17 52 50 3 24 19 9 11 16 27 50 
#22 11 15 25 10 7 23 4 2 54 4 26 35 39 51 
#24 68 14 7 10 12 44 15 25 0 6 19 2 8 2 
#53 15 5 1 19 1 3 67 71 1 32 21 19 50 7 
#18 20 15 5 13 89 3 12 8 4 15 42 0 20 7 
#24 14 28 20 38 15 11 41 25 14 34 82 33 12 2 
#24 68 45 35 1 3 50 27 25 19 26 21 16 13 15 
#22 32 21 32 49 42 22 15 2 30 0 7 3 17 7 
#12 40 1 7 15 15 44 26 25 54 21 19 33 18 7 
#21 15 5 32 7 1 22 36 71 43 5 21 10 25 7 
#34 33 15 5 19 13 5 17 54 8 6 21 59 13 7 
#45 15 17 23 38 31 18 25 10 44 34 32 27 12 24 
#36 68 40 19 1 38 13 27 25 43 5 55 8 17 27 
22 6 16 20 29 21 
28 5 34 50 7 56 
41 53 43 46 8 51 
12 59 44 17 19 15 
42 14 52 45 27 26 
35 25 37 13 40 47 
#Base: 995
#Max: 485
#487437
#Turn 3
#36 20 21 5 17 1 5 11 38 43 5 14 10 18 6 
#36 17 14 1 17 12 4 15 1 1 40 82 27 8 6 
#53 68 15 1 1 12 23 27 25 1 15 26 2 8 19 
#28 68 15 7 1 31 13 27 25 37 68 55 3 18 24 
#24 15 5 36 1 1 13 27 71 43 68 21 8 12 24 
#36 33 1 9 15 13 22 27 11 37 6 55 59 12 4 
#46 38 32 9 9 54 22 59 5 2 23 32 6 4 6 
#53 15 17 35 9 1 22 67 71 2 32 32 19 50 7 
#53 15 5 10 19 1 3 67 71 1 32 21 19 16 38 
#21 15 45 32 5 35 22 28 71 43 5 21 10 25 38 
#12 5 45 35 4 3 20 27 25 19 32 0 3 13 15 
#24 40 45 35 10 3 50 41 25 19 15 82 6 28 15 
#9 40 30 42 10 13 13 4 5 1 20 82 28 8 2 
#9 15 31 10 5 35 3 59 2 8 43 32 26 16 38 
#18 20 54 10 5 35 3 59 8 4 15 42 0 16 38 
#18 33 40 19 1 50 13 20 25 43 5 29 3 17 27 
#36 68 61 46 1 25 29 67 25 1 32 55 8 17 46 
#53 33 61 69 13 89 21 67 8 4 32 0 23 50 4 
#53 68 45 69 1 52 3 67 25 4 15 0 19 8 4 
#13 17 45 20 1 12 3 27 1 19 15 82 2 8 2 
#9 5 17 30 1 10 18 67 5 8 32 28 28 53 21 
#24 14 28 38 38 15 11 4 5 14 34 82 28 53 2 
#24 14 28 69 70 89 3 41 25 14 34 42 33 20 4 
#18 33 21 32 70 89 44 5 54 4 5 7 0 2 4 
#21 11 21 32 7 42 34 36 32 21 0 12 63 2 38 
#37 5 3 35 4 7 0 26 7 54 0 12 27 5 7 
#45 32 30 32 49 13 22 41 38 54 50 12 8 28 7 
#9 38 21 69 38 13 47 41 38 18 50 26 6 28 7 
#9 5 31 57 70 11 0 5 5 18 5 26 3 12 36 
#8 1 45 38 17 52 50 4 5 19 20 11 27 27 6 
#34 33 1 5 15 1 44 17 11 37 6 21 59 18 7 
#36 34 32 9 17 52 22 27 5 17 40 14 6 27 6 
#46 15 17 35 9 12 22 15 1 2 34 82 30 12 6 
#53 15 15 1 1 1 23 27 71 1 32 21 3 50 7 
#28 15 45 19 6 35 13 28 28 37 40 55 26 16 24 
#24 15 5 32 1 1 22 36 71 43 6 21 10 18 7 
#12 33 3 7 15 13 44 17 11 3 32 0 59 53 38 
#36 68 45 35 0 54 22 27 25 19 26 21 16 13 4 
#46 40 30 42 10 54 13 59 26 1 34 82 30 28 6 
#9 15 5 1 1 1 3 4 5 18 32 82 28 8 7 
#46 34 54 10 5 35 65 59 2 2 40 14 26 16 38 
#18 15 5 32 13 89 3 36 8 4 15 21 10 25 7 
#18 33 1 69 43 10 29 20 5 3 8 29 3 53 46 
#36 68 45 35 1 3 50 27 25 43 5 55 16 17 27 
#12 33 61 42 10 25 13 67 8 1 32 82 6 28 46 
#53 68 17 69 1 15 21 4 8 4 32 0 19 8 2 
#24 15 54 10 1 35 65 27 25 8 15 82 33 8 2 
#13 17 15 5 13 89 3 12 8 61 15 82 0 27 7 
#18 33 17 69 43 50 29 20 5 8 32 32 35 27 46 
#9 68 40 38 70 10 47 27 25 18 20 55 8 17 27 
#12 14 28 20 43 15 11 41 25 1 34 9 23 12 2 
#18 20 17 69 70 89 21 5 5 4 5 0 19 50 4 
#24 68 45 32 1 52 44 36 54 19 15 7 63 2 2 
#21 17 30 42 10 42 34 15 1 54 21 82 2 25 2 
#13 5 17 30 4 7 18 67 7 8 32 0 27 27 6 
#37 32 30 32 70 42 47 4 38 18 0 12 28 5 7 
#24 38 28 8 38 15 13 41 25 7 34 55 33 28 7 
#9 11 17 69 70 89 3 5 5 4 5 26 0 20 36 
#46 33 21 57 70 24 44 36 54 18 0 32 63 12 38 
#8 11 30 32 7 52 50 26 32 19 9 11 63 25 7 
41 33 4 3 26 32 
59 45 53 18 48 37 
9 27 44 51 38 8 
7 47 16 17 58 52 
42 11 49 22 57 40 
12 21 43 23 46 55 
#Base: 995
#Max: 548
#550754
#Turn 4
#53 15 5 32 1 1 23 36 71 1 32 21 10 50 7 
#24 15 5 36 1 1 13 27 71 1 68 21 3 12 24 
#28 68 15 7 1 1 13 27 71 43 68 21 8 12 24 
#45 68 30 7 1 13 22 41 25 54 50 55 8 18 7 
#45 32 17 32 49 12 22 41 38 54 34 12 30 28 6 
#8 68 30 32 7 15 21 26 8 19 9 11 63 8 2 
#53 17 30 69 1 42 21 15 1 54 21 82 19 8 2 
#21 68 45 42 10 42 34 15 25 54 21 0 2 8 2 
#18 33 45 69 1 50 29 20 25 4 15 32 35 27 46 
#36 68 17 35 43 50 29 27 5 19 32 21 16 13 4 
#9 38 21 32 38 35 47 28 38 18 50 26 10 25 7 
#9 38 21 42 38 25 47 67 8 1 32 82 6 28 7 
#18 20 17 69 10 25 21 67 8 4 32 0 19 28 46 
#46 20 17 42 70 89 21 59 5 1 5 82 19 50 6 
#46 40 5 42 19 54 13 59 71 1 32 21 19 16 38 
#53 15 17 35 13 1 3 12 71 61 15 82 0 27 7 
#13 17 61 46 13 89 29 12 8 1 15 55 8 17 7 
#53 33 61 69 1 89 21 67 25 4 32 0 23 50 4 
#46 33 21 69 13 24 44 67 8 4 32 0 23 12 4 
#24 33 45 57 1 24 44 36 54 18 15 7 63 12 2 
#24 40 45 35 10 10 29 20 25 19 8 82 6 28 15 
#9 68 40 35 70 3 47 27 25 18 15 82 8 28 27 
#24 68 28 69 70 10 47 41 25 14 20 42 8 20 27 
#9 14 28 69 70 89 3 5 25 14 34 42 0 20 4 
#9 11 54 69 5 89 65 5 5 2 40 14 0 20 36 
#9 40 30 42 10 15 11 4 5 1 34 82 28 8 2 
#36 68 45 35 38 3 50 4 25 43 5 55 16 53 27 
#36 68 45 35 1 3 44 5 54 43 5 7 0 17 4 
#18 15 54 10 70 89 44 5 25 4 15 7 0 2 4 
#24 15 54 32 70 42 47 4 25 18 0 82 33 5 7 
#18 15 5 32 7 52 50 36 32 4 9 21 63 25 7 
#53 68 15 69 1 1 21 27 8 4 32 21 19 8 2 
#21 17 5 36 10 42 34 27 1 54 21 21 2 12 24 
#28 68 15 69 1 31 3 67 25 4 68 55 19 18 24 
#45 33 17 69 49 50 22 20 38 54 32 12 35 27 7 
#36 68 45 35 9 12 22 15 25 19 34 21 30 13 6 
#8 11 30 32 7 35 50 26 71 19 5 11 63 25 38 
#9 38 17 69 1 15 47 41 38 4 32 26 19 8 7 
#12 17 61 42 10 25 34 67 1 54 21 82 2 25 2 
#18 20 17 69 70 89 3 5 25 4 5 0 19 50 4 
#46 40 30 69 10 50 29 59 5 8 32 32 35 28 6 
#36 68 45 10 19 54 3 67 71 1 32 21 16 16 38 
#53 15 45 35 9 1 22 28 71 2 32 21 19 50 7 
#9 17 21 5 38 13 47 41 38 61 15 26 6 28 7 
#36 68 61 46 10 25 13 67 8 1 32 82 8 28 46 
#53 33 61 69 70 89 21 67 5 4 32 0 23 50 4 
#46 40 21 42 10 24 13 59 26 1 0 32 30 28 38 
#24 68 5 10 19 1 44 36 54 19 32 21 19 16 38 
#18 15 1 35 43 10 29 20 5 2 32 32 19 50 46 
#13 40 45 5 13 89 3 12 25 61 15 82 6 27 15 
#9 68 61 38 70 25 47 67 25 1 20 55 8 17 27 
#53 14 61 69 13 89 3 67 8 14 32 42 33 50 4 
#9 11 21 57 70 24 44 5 54 4 5 26 0 12 38 
#24 68 45 32 5 35 65 36 2 19 40 14 26 2 38 
#9 33 30 69 10 10 13 20 5 1 20 82 3 8 46 
#24 14 45 38 10 15 50 41 25 14 34 82 6 28 2 
#9 68 40 38 70 10 47 27 25 43 5 55 8 17 27 
#18 33 28 69 70 89 44 5 25 14 5 42 33 20 4 
#9 15 54 10 1 35 65 5 5 8 5 82 33 20 2 
#46 32 54 32 5 35 47 59 38 2 0 14 28 16 38 
18 36 3 39 14 55 
59 16 15 57 6 53 
28 34 33 44 50 11 
38 21 17 45 51 22 
19 56 24 13 49 29 
8 40 26 41 23 2 
#Base: 995
#Max: 581
#583920
#Turn 5
#8 33 30 69 7 35 44 67 8 19 32 0 63 25 38 
#45 68 30 7 7 13 50 26 71 19 5 11 8 25 38 
#45 20 30 69 70 13 22 41 25 54 5 55 19 18 7 
#46 20 17 69 19 54 13 5 25 1 32 0 19 50 38 
#24 40 5 38 19 54 50 41 25 14 34 82 6 16 38 
#46 17 54 46 13 89 29 59 8 2 0 14 28 16 7 
#53 15 61 46 13 1 29 12 71 61 15 55 8 27 7 
#18 33 17 35 13 1 44 5 71 14 15 82 33 27 4 
#18 17 30 69 1 42 21 5 25 54 21 42 33 8 2 
#24 17 30 32 1 42 65 15 1 54 21 82 26 2 2 
#45 33 54 10 49 89 44 20 38 54 15 7 0 27 7 
#28 33 15 69 1 31 22 67 25 54 68 12 35 27 24 
#36 68 61 46 10 31 13 67 25 4 68 55 19 28 24 
#36 68 61 46 10 25 47 67 25 1 32 55 8 17 46 
#9 68 21 38 38 25 47 67 25 1 20 82 8 28 27 
#12 17 61 35 70 3 47 67 25 54 15 82 8 28 27 
#9 33 61 69 1 3 21 67 25 4 15 82 23 28 27 
#53 33 61 69 1 89 21 67 25 4 32 0 23 50 4 
#53 14 61 69 13 89 21 67 5 4 32 42 33 50 4 
#53 68 28 69 13 89 3 41 25 14 32 42 8 50 27 
#24 68 40 57 70 24 44 27 25 43 15 7 63 17 27 
#9 11 54 69 70 89 65 27 5 43 5 14 8 17 27 
#9 11 54 42 70 89 65 59 5 2 40 14 19 20 36 
#46 20 45 5 70 89 3 12 25 1 5 82 19 50 15 
#13 40 45 32 70 89 47 4 25 61 0 82 6 27 15 
#46 33 45 69 10 50 29 20 5 4 32 32 35 27 6 
#36 68 45 69 10 50 50 59 5 8 32 32 35 53 6 
#36 68 45 10 19 3 50 67 25 43 5 55 16 53 38 
#36 68 45 69 70 89 3 5 25 1 32 21 16 20 4 
#9 14 15 69 1 1 3 5 71 14 68 42 8 12 24 
#46 33 21 32 13 35 44 59 38 4 0 0 23 12 38 
#8 17 30 46 13 89 50 12 71 19 5 11 8 25 38 
#45 15 17 35 1 1 3 12 25 54 15 82 8 27 7 
#18 20 28 69 70 89 44 5 25 4 5 42 19 50 4 
#46 17 5 69 19 42 13 15 71 1 21 21 19 16 2 
#24 14 45 32 5 15 65 36 2 14 40 14 6 2 38 
#46 15 54 10 5 89 44 5 25 2 0 7 28 2 4 
#45 17 61 46 13 89 29 20 38 1 32 12 8 17 7 
#53 68 17 35 1 31 3 67 71 61 15 82 19 27 24 
#36 33 61 69 70 25 13 5 25 14 32 42 33 28 46 
#9 68 61 69 1 25 47 15 1 1 21 82 8 8 27 
#9 38 45 42 38 35 47 67 8 1 40 82 26 2 7 
#18 17 61 10 70 89 34 67 1 54 15 82 0 25 2 
#45 33 40 69 70 3 47 20 25 18 15 82 8 28 7 
#53 68 61 69 1 31 21 67 25 4 68 0 19 18 4 
#36 68 61 69 70 89 13 67 8 4 32 82 23 28 4 
#53 14 61 38 13 25 3 67 8 1 20 55 33 50 4 
#24 68 21 69 70 10 47 41 25 1 32 82 6 28 7 
#12 17 61 42 1 25 44 67 54 18 15 7 2 25 2 
#9 68 40 38 70 3 47 27 25 18 5 55 8 28 27 
#53 11 61 69 1 89 65 5 25 2 40 0 23 50 4 
#46 20 17 69 70 89 21 59 5 4 32 82 23 50 4 
#53 40 45 5 13 89 3 67 8 61 32 42 6 50 15 
#24 68 54 69 70 42 47 41 25 14 0 82 33 5 27 
#18 33 45 69 1 24 44 20 54 4 15 7 35 27 46 
#46 68 40 69 10 10 29 59 25 43 5 32 8 17 27 
#9 68 45 35 5 89 65 4 5 2 40 14 16 20 27 
#36 20 45 42 70 54 21 59 71 1 32 82 16 50 38 
#9 40 28 69 70 89 3 5 25 14 34 82 6 27 4 
#24 68 15 7 1 1 13 27 25 18 68 82 8 5 24 
6 40 33 12 20 41 
16 10 23 24 28 39 
14 44 18 42 38 13 
47 19 53 45 51 22 
11 26 58 57 17 50 
2 27 21 15 52 43 
#Base: 995
#Max: 654
#657286
#Turn 6
#9 15 61 69 1 25 47 15 1 1 15 82 8 8 27 
#9 68 61 69 1 89 47 5 1 4 5 42 8 8 27 
#18 20 61 46 10 89 44 67 25 4 5 42 19 28 4 
#24 68 61 46 10 31 44 27 25 4 68 55 63 28 24 
#24 38 45 42 38 35 47 27 25 1 15 82 26 17 27 
#45 33 54 10 1 3 21 67 25 54 15 82 23 28 27 
#45 33 45 5 70 89 3 20 25 54 15 82 19 50 7 
#13 20 45 32 70 89 3 4 25 61 5 82 6 50 15 
#36 40 45 69 70 89 47 4 25 1 32 21 16 27 4 
#36 33 61 69 70 25 13 5 25 1 32 42 16 28 4 
#53 68 21 38 1 31 21 67 25 4 68 0 8 28 4 
#53 68 61 69 1 89 21 67 5 4 68 42 19 18 4 
#18 14 61 10 13 89 21 67 1 4 15 82 33 25 4 
#53 68 17 35 1 31 34 67 1 54 15 82 19 27 2 
#36 68 17 46 10 25 3 67 25 61 32 55 19 17 24 
#53 68 28 69 13 89 47 41 25 14 32 42 8 28 7 
#24 68 54 69 70 89 47 41 25 14 32 42 33 50 27 
#24 68 54 69 70 89 13 67 25 14 0 82 23 5 4 
#46 20 61 69 70 89 21 59 5 4 32 82 23 50 4 
#46 11 54 69 70 89 21 59 5 4 40 14 23 20 4 
#36 33 45 69 1 50 22 67 25 8 68 12 35 27 6 
#9 68 45 69 10 50 3 59 25 8 34 82 35 53 4 
#9 40 45 42 70 89 3 59 71 1 32 82 6 50 38 
#53 20 45 69 1 89 21 59 25 4 32 82 23 50 38 
#53 33 61 69 1 89 65 5 25 2 40 0 23 50 4 
#45 68 45 10 19 3 22 67 25 43 5 55 19 53 7 
#9 11 54 10 70 3 65 67 5 43 5 55 8 53 38 
#9 11 54 69 70 89 47 27 25 43 15 82 8 28 27 
#12 40 45 5 13 3 47 67 8 61 15 82 8 28 15 
#53 33 45 69 70 89 47 20 8 61 32 82 8 28 15 
#53 15 61 69 1 1 21 67 25 4 15 55 23 27 7 
#45 33 54 69 49 89 44 20 38 1 21 7 0 27 27 
#46 20 28 5 70 89 3 12 25 1 5 42 19 50 15 
#13 40 45 32 70 89 13 67 25 61 0 82 19 27 15 
#24 68 45 69 70 89 3 5 25 43 32 7 63 20 27 
#36 33 45 42 38 25 47 67 25 1 40 82 33 2 46 
#9 33 61 69 38 25 21 67 25 1 15 82 8 28 27 
#45 33 61 10 1 89 21 67 38 4 68 7 19 27 4 
#46 14 45 69 70 89 21 12 5 4 5 42 33 50 4 
#13 40 45 10 70 89 47 4 25 54 0 82 6 27 15 
#53 68 17 35 1 89 3 67 71 1 32 21 16 20 4 
#36 68 61 46 10 25 47 5 25 1 32 42 8 17 46 
#24 68 21 69 70 25 47 41 25 1 32 82 6 28 27 
#53 68 28 69 1 31 3 67 25 4 68 42 19 18 4 
#24 14 61 69 70 89 47 67 25 14 32 42 33 50 27 
#36 17 61 10 70 89 34 67 1 54 32 82 0 25 4 
#53 20 17 35 70 31 21 59 71 4 15 82 19 27 24 
#36 68 54 46 70 25 47 59 5 1 32 14 19 17 46 
#24 68 21 69 70 10 47 67 25 1 68 12 6 28 24 
#53 68 28 69 10 50 50 41 25 8 32 32 8 50 27 
#24 40 28 69 70 89 3 5 25 14 0 82 6 27 27 
#36 20 61 69 70 89 13 59 8 1 32 82 23 28 4 
#46 33 61 69 1 89 21 59 25 4 32 82 23 50 4 
#53 11 61 69 70 89 65 5 5 2 40 0 19 20 4 
#28 20 15 69 1 31 22 41 25 54 5 12 19 18 24 
#36 68 45 10 19 50 50 67 5 8 5 55 35 53 38 
#9 11 28 69 70 89 3 5 25 43 34 82 8 27 27 
#36 17 45 35 70 54 47 59 71 1 32 82 8 28 27 
#53 33 45 5 1 89 3 67 25 61 32 0 6 50 15 
#53 11 61 69 1 3 47 20 25 2 15 0 23 50 4 
31 47 7 3 24 8 
49 50 56 11 15 19 
46 53 23 44 17 39 
57 51 18 16 22 33 
55 21 45 29 52 6 
38 48 42 27 34 35 
#Base: 995
#Max: 685
#688442
#Turn 7
#36 68 54 46 49 25 47 20 38 1 21 7 19 17 46 
#36 20 45 46 70 25 3 4 25 61 5 14 19 50 15 
#24 68 45 46 70 31 3 27 25 61 5 82 6 50 24 
#53 33 61 46 10 31 44 5 25 2 68 0 23 28 24 
#36 33 61 69 1 89 47 4 25 2 32 21 23 50 4 
#53 40 28 69 70 50 50 5 25 14 32 82 6 50 27 
#24 11 28 69 70 89 3 5 25 14 34 82 6 27 27 
#9 11 28 69 70 89 3 67 5 43 34 42 19 27 4 
#53 68 28 69 1 89 21 41 25 14 68 42 8 18 7 
#53 68 54 69 13 89 21 41 25 14 32 42 8 20 4 
#53 20 61 69 70 31 65 59 71 2 40 82 19 27 4 
#53 20 45 69 1 89 65 59 25 4 40 0 23 50 4 
#53 14 61 69 1 89 21 67 25 14 32 82 23 50 38 
#24 14 54 69 70 89 47 67 25 14 32 82 33 50 4 
#13 40 54 69 70 89 47 4 25 14 0 82 6 27 15 
#36 17 45 35 70 89 13 59 71 1 32 82 23 28 4 
#46 20 61 69 70 89 21 59 5 1 32 82 23 28 4 
#24 68 54 69 70 89 21 41 25 14 32 82 33 50 4 
#9 40 45 42 70 89 3 59 25 1 32 42 6 50 27 
#9 40 45 32 70 89 13 59 25 61 32 82 19 27 15 
#9 68 45 69 10 50 50 67 5 8 34 55 35 53 4 
#36 68 45 10 10 89 3 67 1 8 34 82 0 25 4 
#53 17 45 69 70 89 47 20 8 54 32 82 0 25 4 
#53 33 61 69 1 89 21 20 25 61 32 82 8 50 15 
#46 33 61 5 1 89 21 59 25 4 32 82 19 50 7 
#24 68 21 69 70 10 47 67 5 4 68 12 33 50 4 
#24 68 21 69 70 25 47 41 25 1 32 12 6 28 27 
#9 68 54 69 70 89 47 41 25 1 15 82 8 28 27 
#9 11 54 69 70 89 3 27 25 43 32 82 63 20 27 
#24 68 45 42 38 25 47 67 25 43 40 7 33 2 27 
#53 68 54 69 10 89 44 41 38 8 21 7 8 27 27 
#36 68 54 46 70 25 3 5 25 14 32 14 19 27 46 
#13 11 28 32 70 89 3 4 25 43 34 82 6 50 27 
#53 68 61 46 1 31 21 27 5 4 68 55 63 18 24 
#53 33 61 69 1 89 47 5 25 14 32 0 23 28 4 
#36 40 54 69 70 89 47 59 5 4 32 21 23 27 4 
#53 20 28 35 70 31 21 41 25 8 32 82 19 50 27 
#24 40 61 69 70 89 65 5 5 14 0 0 6 27 4 
#53 20 45 69 70 89 21 59 25 4 32 82 8 27 27 
#24 14 61 69 1 89 47 67 5 4 68 42 33 18 27 
#53 68 54 69 13 89 13 41 25 14 32 42 23 28 4 
#13 11 45 10 70 89 47 4 5 54 40 82 23 20 15 
#53 17 17 35 70 31 47 59 71 4 32 82 19 28 27 
#53 20 61 69 70 89 65 59 5 2 32 0 23 28 4 
#46 20 45 69 1 89 21 59 25 4 32 82 23 50 4 
#24 68 54 69 70 89 47 67 25 14 32 42 33 50 27 
#9 40 45 42 70 89 3 59 25 1 0 82 6 5 38 
#13 40 45 32 70 89 47 67 25 54 0 82 19 27 15 
#36 17 45 10 19 54 47 59 5 1 32 82 8 28 38 
#9 68 61 69 70 50 3 59 8 8 34 82 35 28 4 
#46 20 61 10 70 89 21 67 5 54 32 82 0 25 4 
#24 68 54 69 70 89 47 41 8 14 32 42 8 28 27 
#9 33 61 42 1 89 3 59 25 1 32 82 6 50 4 
#45 40 45 32 70 89 3 67 25 54 15 82 19 27 7 
#36 14 45 69 19 89 21 67 5 4 5 42 35 53 38 
#24 68 45 69 70 10 47 67 25 1 34 82 6 53 24 
#36 68 61 69 70 89 47 67 1 1 32 82 0 28 4 
#53 11 54 69 70 89 47 20 25 61 32 82 8 28 27 
#46 33 45 69 70 89 21 59 25 4 32 82 63 20 4 
#36 33 45 5 70 89 47 67 25 54 40 82 19 50 7 
11 20 42 51 5 40 
30 14 50 59 19 44 
39 15 58 56 57 49 
47 12 13 45 10 28 
2 16 55 17 27 23 
25 43 53 38 22 35 
#Base: 995
#Max: 711
#714573
#Turn 8
#53 20 45 69 1 89 50 67 25 8 34 55 35 50 4 
#53 68 45 35 70 31 50 59 5 8 32 55 35 28 27 
#24 17 17 69 70 89 47 59 71 14 32 82 8 28 27 
#24 68 28 69 70 89 50 5 8 14 32 82 8 50 27 
#53 40 54 69 70 89 50 5 25 14 32 42 6 28 27 
#53 40 54 69 70 89 44 4 25 8 0 7 6 27 15 
#46 40 54 69 70 89 47 4 25 14 32 82 0 25 4 
#36 20 45 5 70 89 21 67 5 54 40 82 0 25 4 
#9 40 45 5 70 89 13 67 25 61 40 82 19 50 15 
#9 20 45 32 1 89 13 59 25 4 32 82 23 50 4 
#36 14 45 35 70 89 13 59 5 1 32 42 23 28 4 
#46 17 45 69 70 89 21 59 25 1 32 82 23 28 4 
#46 68 45 69 70 89 21 67 1 1 32 82 0 28 4 
#53 11 54 69 70 89 47 67 1 61 32 82 8 28 27 
#9 68 61 69 70 89 3 20 8 61 32 82 8 28 4 
#53 40 45 69 70 89 21 67 25 14 32 82 19 27 38 
#53 14 61 69 70 89 47 67 25 14 32 82 23 50 4 
#24 68 54 69 70 89 47 67 25 14 32 82 33 50 4 
#24 68 61 69 70 31 47 67 71 14 32 82 33 50 4 
#9 20 54 69 70 89 65 59 25 2 40 82 19 20 27 
#24 68 45 46 70 89 3 59 25 61 32 82 6 50 24 
#46 20 45 69 70 89 21 67 5 1 32 82 23 53 4 
#24 68 54 69 70 10 47 67 25 1 34 82 6 53 4 
#24 68 54 69 70 89 21 41 25 14 15 82 8 28 4 
#53 33 54 69 1 89 21 41 25 61 15 82 8 50 27 
#24 20 61 69 70 89 47 67 5 4 32 12 23 50 4 
#45 20 45 69 70 89 3 59 25 2 32 82 23 28 7 
#45 20 45 69 70 89 3 67 25 54 32 82 19 27 27 
#53 20 45 69 70 89 21 20 8 4 32 82 0 25 27 
#36 40 45 69 70 89 47 20 8 4 32 82 0 25 4 
#53 20 45 69 1 89 44 59 25 8 40 0 8 50 4 
#13 68 54 69 70 50 47 67 25 14 34 55 35 27 15 
#46 17 61 35 70 31 47 67 5 4 32 82 19 28 4 
#36 68 54 69 70 89 47 41 25 14 40 82 19 28 27 
#53 40 45 32 70 50 13 59 25 61 32 82 19 50 27 
#53 68 54 69 13 89 21 59 25 14 32 82 23 50 4 
#53 14 54 69 10 89 47 67 5 8 21 7 8 18 27 
#36 40 45 69 70 89 47 4 71 1 0 82 6 27 4 
#46 33 45 69 70 89 21 59 5 4 32 82 63 20 4 
#36 68 45 69 70 89 47 67 25 54 40 82 19 50 7 
#53 40 45 69 70 89 47 20 25 61 32 82 19 28 27 
#9 20 45 69 1 50 3 59 25 8 32 82 35 28 4 
#13 14 61 32 1 89 47 67 5 4 0 82 19 27 27 
#36 14 61 35 70 89 13 67 25 14 32 82 23 28 4 
#46 14 45 69 70 89 47 59 25 4 32 82 63 20 4 
#24 68 61 69 70 89 47 67 25 1 32 82 0 28 4 
#53 11 54 69 70 31 65 59 71 2 40 82 19 28 27 
#9 68 61 69 70 89 3 27 8 43 34 82 63 20 27 
#13 40 45 46 70 89 3 27 25 61 0 82 19 27 15 
#53 14 61 69 1 89 21 67 5 1 32 82 23 50 38 
#24 14 45 69 70 89 47 67 25 1 34 82 33 53 4 
#24 68 54 69 70 89 21 41 25 14 32 42 33 50 27 
#9 68 54 69 70 31 65 41 25 1 15 82 8 27 27 
#53 11 61 69 1 89 21 27 25 61 32 82 63 50 15 
#24 68 21 69 70 10 3 67 5 61 5 12 6 50 4 
#53 20 61 69 70 89 65 59 5 2 32 0 23 28 4 
#24 68 45 69 70 89 3 67 25 54 34 82 6 27 7 
#53 68 54 69 70 89 21 41 25 14 32 82 8 50 27 
#9 68 54 69 70 89 47 41 8 54 32 82 0 28 27 
#36 40 61 69 1 89 47 59 5 4 32 21 8 50 15 
49 14 38 51 19 22 
23 3 35 16 34 24 
21 50 13 40 57 2 
47 15 33 39 18 58 
12 53 27 17 20 44 
11 31 45 46 56 8 
#Base: 995
#Max: 768
#771859
#Turn 9
#53 68 61 69 70 89 21 20 8 61 32 82 8 50 4 
#46 68 45 69 70 89 21 20 5 4 32 82 8 20 4 
#24 68 45 69 70 89 21 41 5 14 32 82 63 20 4 
#9 68 54 69 70 89 65 41 25 14 40 42 33 20 27 
#24 20 54 69 70 89 65 67 25 1 40 82 19 53 4 
#24 68 28 69 70 89 50 41 8 14 32 82 8 50 27 
#53 68 54 69 13 89 21 59 25 14 32 82 8 50 27 
#53 14 61 69 13 89 47 67 25 14 32 82 23 50 4 
#53 40 61 69 70 89 47 67 25 14 32 82 23 50 4 
#53 33 45 69 1 89 21 59 25 61 32 82 19 50 27 
#24 20 45 69 70 89 21 67 25 1 34 82 23 53 4 
#53 14 45 69 70 89 47 67 25 61 32 82 33 53 4 
#53 40 54 69 70 89 47 20 1 61 32 82 8 28 27 
#53 68 45 69 70 89 47 20 25 14 32 82 19 50 27 
#53 17 54 69 70 89 21 59 71 14 32 82 8 50 27 
#9 68 61 69 70 89 21 67 8 14 34 82 63 27 38 
#53 40 54 69 70 89 47 41 25 14 32 82 19 27 27 
#36 68 45 69 70 89 47 41 25 14 40 82 19 50 27 
#24 68 61 69 70 89 47 67 25 54 40 82 33 50 7 
#24 68 61 69 70 31 47 67 8 54 32 82 33 28 4 
#46 68 45 69 70 89 21 67 25 61 32 82 0 28 4 
#53 20 61 69 70 89 21 27 25 61 32 82 19 27 15 
#45 68 54 69 70 89 47 67 25 14 32 82 19 27 4 
#24 68 45 69 70 89 47 67 25 61 32 82 6 50 4 
#46 14 45 46 70 89 47 59 25 61 32 82 6 50 4 
#46 17 45 69 70 50 21 59 25 1 32 82 23 28 15 
#13 68 61 69 70 89 47 67 25 14 32 82 35 28 4 
#53 11 54 69 70 31 47 59 71 1 32 82 0 28 27 
#53 68 54 69 70 31 65 59 25 2 34 82 6 27 7 
#9 40 45 5 70 89 13 67 25 61 34 82 6 27 15 
#24 68 61 69 70 89 21 41 5 14 15 82 23 28 4 
#9 68 28 69 70 89 3 5 8 14 32 82 8 28 4 
#46 33 54 69 13 89 21 59 25 14 32 82 23 20 4 
#24 68 54 69 70 89 21 67 25 14 32 82 33 50 4 
#53 40 54 32 70 50 65 59 25 2 40 82 19 50 27 
#53 68 54 69 1 89 21 41 25 1 15 82 8 50 4 
#24 68 45 69 70 89 21 41 25 1 32 82 23 53 4 
#24 14 28 69 70 89 47 67 8 14 32 82 8 53 4 
#53 68 54 69 13 89 21 67 25 14 32 82 23 28 27 
#53 40 45 69 70 89 47 20 25 14 32 82 19 28 27 
#53 40 54 69 70 50 13 41 25 61 32 82 8 50 27 
#53 17 17 69 70 89 47 59 25 14 32 82 8 50 27 
#9 68 61 69 70 89 21 67 8 43 34 82 23 20 4 
#24 14 45 69 70 89 21 67 25 1 34 82 19 53 38 
#53 68 54 69 70 89 47 67 1 14 40 82 8 28 27 
#36 68 45 69 70 89 47 67 25 54 40 82 19 50 7 
#53 68 54 69 70 89 47 41 25 14 32 82 8 50 27 
#9 68 54 69 70 89 47 41 8 14 32 82 0 28 27 
#46 68 45 69 70 89 3 67 8 1 34 82 0 28 4 
#53 11 61 69 70 89 21 27 25 61 32 82 19 27 15 
#45 20 54 69 70 89 47 41 25 54 40 82 19 28 27 
#36 68 54 69 70 89 47 67 25 14 32 82 33 50 4 
#24 68 61 46 70 89 47 67 25 61 32 82 6 50 4 
#46 68 54 69 70 89 47 59 25 54 32 82 63 20 4 
#46 17 45 69 70 89 21 59 1 1 32 82 23 28 4 
#13 11 61 69 1 50 21 27 25 14 32 82 35 27 15 
#45 68 45 69 70 89 47 67 25 54 32 82 0 28 4 
#24 11 54 69 70 89 47 67 25 2 32 82 19 50 4 
#24 68 45 69 70 89 3 67 25 54 32 82 6 27 7 
#46 14 45 69 70 89 47 59 25 61 40 82 63 50 15 
49 9 12 26 40 38 
39 3 20 23 33 34 
24 16 46 11 51 0 
14 17 45 18 59 50 
4 44 13 53 52 56 
6 19 22 8 15 21 
#Base: 995
#Max: 786
#789950
#53 11 45 69 70 89 21 27 25 61 32 82 19 27 27 
#53 40 54 69 1 89 21 20 1 61 32 82 8 28 27 
#53 40 61 69 70 89 47 20 25 14 32 82 8 28 27 
#13 68 61 69 70 89 47 41 25 61 32 82 8 50 4 
#53 40 54 69 13 89 21 41 25 61 32 82 23 50 27 
#9 68 54 69 70 89 65 20 25 14 32 82 19 20 27 
#46 68 45 69 70 89 65 67 25 14 32 42 33 20 27 
#24 68 45 69 70 89 21 67 25 61 32 82 6 50 4 
#24 68 45 69 70 89 21 67 25 61 32 82 6 50 4 
#24 40 54 69 70 50 21 67 25 14 40 82 19 50 27 
#46 14 54 46 70 89 47 41 25 61 32 82 6 50 27 
#53 68 54 69 70 89 47 41 25 14 32 82 19 27 27 
#53 14 54 69 70 89 47 67 25 14 32 82 8 53 27 
#36 68 54 69 70 89 47 67 25 14 32 82 33 50 4 
#53 68 54 69 70 89 21 20 8 14 32 82 33 50 4 
#53 68 54 69 70 89 21 59 71 14 32 82 8 50 27 
#36 68 45 69 70 89 47 41 25 54 40 82 19 50 7 
#24 68 45 69 70 89 47 67 25 54 40 82 19 50 7 
#46 14 61 69 70 89 47 59 25 54 40 82 63 50 7 
#45 14 45 69 70 89 47 41 25 61 40 82 63 50 15 
#53 68 54 69 70 89 47 67 1 14 40 82 19 28 4 
#53 68 45 69 70 89 47 20 1 14 32 82 19 28 27 
#46 68 54 69 70 89 47 20 25 54 32 82 19 20 27 
#24 68 54 46 70 89 47 67 25 54 32 82 63 20 4 
#45 68 61 69 70 89 47 67 25 54 32 82 6 50 4 
#53 68 54 69 13 89 47 59 8 14 32 82 33 28 27 
#24 68 54 69 70 31 47 67 25 14 32 82 19 28 4 
#45 40 61 69 70 89 47 67 25 14 32 82 23 27 4 
#9 40 61 69 70 89 47 67 25 14 34 82 63 50 4 
#9 20 61 69 70 89 21 67 8 61 34 82 19 27 15 
#53 11 45 69 70 89 21 20 25 61 32 82 19 28 15 
#53 33 54 69 1 89 65 41 25 61 32 82 19 50 27 
#46 68 45 69 70 89 21 67 1 61 32 82 8 28 4 
#13 68 61 69 70 89 47 67 25 61 32 82 35 50 4 
#24 68 54 69 70 89 13 41 25 61 32 82 33 50 4 
#53 68 54 32 13 89 21 59 25 14 32 82 19 28 27 
#53 40 45 46 70 89 47 59 25 14 32 82 19 28 27 
#53 68 54 69 70 89 47 41 25 14 40 42 33 20 27 
#53 68 54 69 70 89 47 41 25 61 32 82 0 28 27 
#24 14 45 69 70 89 47 67 25 61 32 82 33 50 4 
#24 68 54 69 70 89 21 67 25 14 32 82 33 50 4 
#53 68 61 32 70 50 65 20 25 61 40 82 19 50 4 
#46 14 54 46 70 89 47 59 25 61 32 82 6 50 4 
#36 68 54 69 70 89 47 41 25 14 32 82 19 50 27 
#53 68 45 69 70 89 47 67 25 14 40 82 19 50 27 
#53 68 61 69 70 89 47 67 25 61 40 82 33 50 4 
#36 68 45 69 70 89 47 67 25 61 40 82 33 50 4 
#53 68 61 69 70 89 21 20 8 61 32 82 8 28 4 
#53 20 54 69 70 89 21 59 71 14 32 82 8 50 27 
#53 68 45 69 70 89 47 67 1 14 40 82 8 28 27 
#36 68 45 69 70 89 47 67 25 14 32 82 19 50 27 
#46 68 54 69 70 89 47 59 25 54 32 82 63 20 4 
#46 68 61 69 70 89 47 67 25 61 32 82 6 50 15 
#45 20 54 69 70 89 47 41 25 54 40 82 19 28 27 
#24 20 54 69 13 89 65 67 25 1 40 82 8 50 27 
#24 68 61 69 70 31 47 67 1 14 32 82 8 28 27 
#45 68 45 69 70 89 47 67 25 14 32 82 19 27 27 
#46 40 61 69 70 89 47 67 25 14 32 82 23 50 4 
#9 68 61 46 70 89 21 67 25 14 32 82 6 50 4 
#53 20 61 69 70 89 21 67 25 61 32 82 0 28 15 
#Base: 995
#Max: 819
#823116
