#[0] 3, 3
#[1] 4, 3
#[2] 3, 4
#[3] 3, 2
#[4] 2, 3
#[5] 2, 4
#[6] 1, 3
#[7] 2, 2
#[8] 3, 1
#[9] 4, 4
#[10] 5, 3
#[11] 3, 5
#[12] 4, 2
#[13] 3, 0
#[14] 5, 4
#[15] 4, 5
#[16] 5, 2
#[17] 4, 1
#[18] 0, 3
#[19] 1, 4
#[20] 2, 1
#[21] 1, 2
#[22] 2, 5
#[23] 0, 4
#[24] 5, 1
#[25] 0, 2
#[26] 5, 5
#[27] 1, 5
#[28] 2, 0
#[29] 1, 1
#[30] 4, 0
#[31] 0, 5
#[32] 1, 0
#[33] 0, 1
#[34] 5, 0
#[35] 0, 0
#Turn 0
15 5 56 34 31 28 
21 43 37 12 36 6 
53 35 18 57 30 14 
24 19 29 54 16 41 
20 11 47 38 44 40 
8 9 45 32 0 3 
#Base: 935
#Max: 352
#376471
#Turn 1
#13 47 24 43 8 12 35 7 7 32 22 16 1 33 17 
#13 47 23 37 50 16 41 22 9 26 3 16 1 21 17 
#42 18 49 30 7 7 37 20 9 26 22 20 5 21 8 
#35 14 49 1 7 53 34 20 24 9 19 20 23 4 2 
#54 14 22 41 7 7 28 20 10 13 19 27 23 4 3 
#13 29 22 34 20 5 2 4 2 25 48 30 17 14 50 
#17 48 11 21 49 50 10 3 2 25 47 25 17 6 6 
#9 8 7 3 5 22 12 3 17 45 56 15 39 9 55 
#9 2 7 3 5 16 27 25 21 15 56 60 34 21 6 
#48 17 19 30 1 47 27 25 4 15 4 60 26 21 1 
#9 21 35 15 32 20 5 27 22 50 25 14 56 17 58 
#12 21 18 15 33 20 32 27 7 24 25 17 16 3 58 
#18 19 23 23 22 16 32 11 7 26 67 19 12 11 19 
#8 38 23 8 27 16 13 2 29 18 14 18 12 2 3 
#56 14 1 8 27 1 23 4 9 18 23 18 58 2 28 
#59 10 25 4 11 20 28 8 11 1 17 30 39 46 46 
#59 10 25 20 46 20 43 18 34 1 17 9 70 4 7 
#10 26 8 9 11 22 75 18 31 22 13 14 70 1 14 
#36 23 4 9 11 15 75 34 23 29 13 10 12 70 14 
#30 23 22 19 19 14 1 5 58 48 15 10 15 70 19 
#16 19 1 54 12 48 2 12 18 48 16 6 30 5 14 
#6 19 1 54 5 48 4 28 10 7 16 47 8 35 1 
#27 24 19 5 5 5 8 28 10 21 29 4 20 35 4 
#36 24 19 25 13 5 8 74 1 39 26 10 25 9 4 
#36 24 23 25 3 55 29 25 65 39 26 10 25 6 27 
#46 26 3 14 40 18 14 25 44 21 27 40 39 19 4 
#46 6 4 14 6 14 1 17 19 3 27 34 39 53 14 
#5 62 4 31 8 0 12 0 7 3 1 34 0 20 18 
#1 2 29 12 51 0 12 17 7 3 11 9 31 42 2 
#1 2 13 34 51 34 17 13 0 52 11 9 44 42 45 
#52 22 11 34 26 14 2 17 7 26 22 30 29 5 50 
#13 47 22 30 8 16 10 17 2 25 31 16 17 33 17 
#42 18 23 21 50 50 37 3 9 26 3 15 39 21 8 
#35 2 49 3 5 22 33 20 17 36 56 20 34 17 55 
#48 17 22 3 7 53 27 25 21 15 19 60 23 21 7 
#7 10 20 41 8 7 28 12 10 39 2 27 46 18 1 
#13 29 11 16 12 14 2 4 3 19 48 30 29 14 28 
#12 48 22 30 32 5 5 17 2 50 25 25 15 3 58 
#17 19 11 23 49 50 12 11 10 24 11 19 16 6 7 
#9 38 7 68 5 22 13 1 17 36 14 20 34 11 3 
#48 14 1 8 1 16 23 4 21 15 4 18 26 21 28 
#5 32 19 30 8 47 5 12 4 39 2 45 26 18 14 
#9 39 26 4 12 20 23 16 22 1 12 30 56 17 28 
#59 21 25 3 46 1 43 8 8 50 25 17 24 3 7 
#5 10 3 23 33 22 27 11 7 24 8 19 16 11 16 
#10 38 4 68 22 15 75 2 29 22 13 14 1 1 14 
#56 14 1 21 6 24 23 2 23 18 15 10 58 2 28 
#5 40 22 19 5 47 41 5 12 48 13 8 15 4 14 
#11 10 26 4 11 49 28 4 33 1 12 31 30 22 46 
#59 19 25 3 28 48 43 8 18 1 17 15 24 5 1 
#6 10 3 20 9 25 4 18 34 22 40 47 8 27 16 
#10 24 19 9 14 5 8 74 22 22 29 14 1 19 4 
#36 23 23 21 6 24 16 4 1 29 15 10 12 70 27 
#30 40 22 8 19 10 29 5 65 48 24 8 15 6 5 
#14 33 35 13 40 49 2 4 32 48 37 14 30 19 4 
#16 26 3 54 6 48 1 17 18 21 27 40 18 5 1 
#6 56 3 9 5 25 34 28 19 11 40 47 8 53 1 
#27 62 29 5 14 0 8 0 7 21 35 4 20 19 4 
#36 19 23 0 51 55 44 4 1 39 26 9 25 9 2 
#10 20 9 8 3 29 17 13 65 52 29 13 7 6 45 
12 20 39 53 8 14 
30 21 7 33 6 49 
51 54 10 19 24 32 
23 29 16 18 17 43 
46 9 59 45 56 15 
1 52 37 34 58 25 
#Base: 935
#Max: 418
#447059
#Turn 2
#18 19 1 54 22 16 32 11 7 26 67 6 30 11 19 
#16 38 7 68 5 22 2 12 17 48 16 6 30 11 3 
#30 40 7 68 19 22 29 5 65 48 24 8 34 11 5 
#9 40 7 3 19 10 27 25 21 15 24 8 34 6 6 
#9 14 1 8 5 16 23 25 21 18 23 18 34 21 28 
#52 19 11 54 26 48 4 17 7 26 16 47 29 35 1 
#9 19 7 3 5 48 12 3 17 45 56 15 8 35 1 
#9 2 7 3 5 22 12 20 17 45 56 15 39 17 55 
#17 48 11 3 5 22 33 3 17 36 47 20 17 6 6 
#17 19 25 3 28 48 10 3 18 25 17 25 17 5 6 
#14 33 19 9 40 49 2 4 22 48 29 14 30 19 4 
#9 21 35 15 32 49 2 4 22 50 25 14 56 19 58 
#9 23 22 15 32 20 1 27 58 48 15 10 56 70 19 
#30 23 22 19 19 55 29 5 65 48 15 10 25 70 19 
#36 18 23 21 50 50 37 3 9 39 3 15 39 21 27 
#36 24 19 25 13 5 17 74 1 39 11 9 44 42 45 
#1 10 25 34 46 34 43 13 34 52 11 9 44 4 7 
#59 10 25 20 46 20 43 18 23 29 13 10 12 4 7 
#10 23 4 9 11 15 75 18 31 22 13 14 70 70 14 
#59 21 8 9 11 1 43 18 8 22 25 17 70 3 7 
#48 17 1 30 6 47 23 2 4 18 15 60 26 21 1 
#48 17 19 8 1 47 17 13 4 15 4 13 7 6 45 
#10 38 4 8 22 29 75 13 29 52 13 13 1 6 45 
#6 38 3 68 5 25 34 28 29 11 13 14 1 1 1 
#59 56 25 4 5 25 34 8 11 1 40 30 39 53 1 
#36 47 23 21 50 16 16 4 1 29 15 10 12 70 27 
#12 48 23 30 32 5 16 4 1 29 25 10 15 3 27 
#48 17 22 3 32 5 27 17 2 15 25 25 15 3 7 
#48 17 23 0 51 55 27 4 21 15 26 60 23 9 2 
#36 26 3 0 40 55 14 4 44 21 26 40 25 9 2 
#52 22 23 23 26 16 32 11 7 26 22 19 12 5 50 
#16 19 1 54 12 48 4 12 10 48 16 47 30 5 14 
#9 38 7 68 5 22 12 3 17 36 56 15 34 11 55 
#30 2 49 3 19 10 29 5 65 36 56 8 34 6 55 
#17 48 7 21 49 16 27 25 2 15 47 60 17 21 6 
#59 19 1 8 28 1 43 8 18 18 17 15 24 2 1 
#52 22 19 34 26 14 2 17 22 26 29 30 29 19 50 
#6 19 35 54 5 49 4 4 32 48 16 14 8 19 1 
#9 8 35 15 5 22 12 3 22 50 25 15 56 17 58 
#30 23 49 19 5 14 1 5 17 36 56 20 34 17 19 
#36 48 11 21 3 55 29 3 65 39 47 25 25 6 27 
#59 19 23 21 28 50 43 3 18 26 3 15 39 5 1 
#36 24 19 9 13 5 8 74 22 22 26 14 25 9 4 
#1 33 35 13 40 49 2 13 32 48 37 9 44 42 45 
#59 21 35 15 32 20 5 27 22 1 17 14 70 17 58 
#30 23 22 19 11 15 75 34 58 29 13 10 12 70 14 
#10 26 8 25 11 22 29 25 65 39 13 10 70 6 14 
#42 18 23 3 46 1 43 3 9 50 25 15 24 3 8 
#56 24 1 21 13 24 23 2 1 39 26 10 58 2 28 
#1 2 13 34 1 34 17 13 4 15 11 9 44 42 45 
#10 20 25 20 3 20 17 13 34 52 17 13 7 4 7 
#36 23 4 68 22 15 75 2 29 22 13 14 12 70 14 
#10 56 8 9 5 22 34 28 31 11 40 14 70 53 1 
#59 10 25 3 46 1 28 8 11 1 17 30 24 3 7 
#13 14 1 21 50 24 23 2 23 18 15 16 58 21 28 
#36 17 19 30 1 47 16 25 1 29 4 60 26 70 27 
#12 48 9 30 3 29 17 17 2 52 29 25 15 6 45 
#48 38 4 3 7 15 27 2 29 15 19 14 23 1 14 
#36 19 23 0 5 55 44 4 1 11 40 9 8 9 1 
#59 10 3 4 40 20 14 25 44 1 17 40 39 46 46 
36 20 16 46 19 7 
29 31 5 40 28 41 
0 25 2 12 33 34 
43 44 13 51 45 32 
48 22 15 18 52 11 
1 38 59 55 24 14 
#Base: 935
#Max: 454
#485561
#Turn 3
#48 22 1 34 26 14 23 2 4 18 15 30 29 21 1 
#1 10 1 30 46 47 23 13 34 18 15 9 26 21 7 
#1 26 8 25 46 22 43 25 65 39 13 9 44 6 14 
#10 21 8 9 11 1 29 18 65 22 25 10 70 3 7 
#9 2 7 9 11 1 12 18 17 45 25 17 70 3 55 
#36 26 3 0 40 55 14 4 10 48 26 40 30 9 2 
#52 19 11 54 26 48 4 12 7 26 16 47 30 35 14 
#52 48 11 54 3 48 29 17 7 26 47 47 25 35 1 
#36 17 11 0 3 55 27 4 21 39 26 25 23 9 2 
#48 19 23 21 28 50 27 3 21 26 3 15 23 9 2 
#36 19 23 54 22 16 32 4 7 29 67 6 30 11 19 
#36 40 7 21 50 16 16 4 1 29 15 10 12 70 5 
#30 23 7 15 19 20 1 5 58 48 15 8 56 70 5 
#9 23 49 15 19 10 1 27 65 48 15 8 56 70 55 
#17 48 7 21 49 10 29 25 65 36 56 60 34 6 55 
#1 33 35 15 40 49 2 13 22 1 17 9 70 17 58 
#59 21 35 15 19 55 5 5 22 48 15 10 25 17 58 
#30 23 4 19 19 15 29 2 65 22 13 14 25 70 14 
#36 23 4 68 22 15 75 2 29 22 13 14 12 70 14 
#9 23 7 68 11 15 75 3 58 29 56 10 34 11 55 
#56 24 4 8 22 29 23 2 29 52 26 13 58 2 45 
#10 24 19 8 22 29 17 74 29 52 13 9 1 6 45 
#36 23 4 25 11 15 75 74 31 39 11 14 70 70 45 
#10 56 4 9 11 22 75 28 31 22 13 14 70 53 1 
#9 21 35 15 32 22 2 28 22 50 25 14 56 19 1 
#16 38 35 68 5 22 2 3 22 48 16 6 56 17 58 
#59 8 3 15 40 20 12 3 22 50 17 40 39 17 46 
#59 10 3 4 1 20 16 25 1 1 17 40 39 46 27 
#36 56 19 4 1 47 34 25 11 29 40 60 39 70 27 
#36 18 23 21 5 25 34 3 9 1 3 15 39 53 27 
#52 22 19 34 26 55 2 17 44 26 29 30 29 9 50 
#48 17 1 30 12 48 23 12 10 18 15 47 30 5 1 
#1 19 11 34 26 34 43 13 34 52 11 9 44 4 7 
#10 48 8 21 11 55 29 25 65 39 13 10 25 6 14 
#48 21 23 0 11 1 43 18 8 22 25 60 70 3 2 
#9 19 23 21 28 22 43 3 18 45 3 15 39 17 1 
#18 26 1 0 22 55 14 4 7 26 67 40 30 9 19 
#16 47 23 21 12 48 16 12 10 48 16 47 12 70 27 
#52 19 11 54 19 22 29 5 65 26 24 47 34 35 5 
#36 23 11 21 3 20 1 3 65 48 47 25 56 6 19 
#48 2 49 3 19 55 27 5 65 15 26 8 34 9 2 
#17 19 23 21 28 16 43 3 18 15 3 15 39 5 6 
#18 33 1 54 22 16 32 11 32 48 67 6 30 42 19 
#36 47 23 21 32 20 5 27 22 29 17 14 12 17 27 
#30 40 7 19 19 55 29 5 65 48 15 8 34 70 5 
#9 23 4 15 32 20 1 2 29 48 15 14 12 70 19 
#30 2 49 3 11 15 29 5 65 36 13 10 12 6 14 
#17 38 7 21 5 16 12 25 17 15 47 60 17 21 6 
#1 33 35 21 40 49 2 2 1 48 26 10 58 42 28 
#59 21 35 15 22 29 5 27 29 52 17 13 1 6 58 
#36 23 22 19 13 5 29 5 1 39 15 10 44 42 45 
#10 23 4 9 22 15 75 18 31 22 13 14 12 70 14 
#10 56 22 19 11 15 75 28 31 11 40 10 70 53 1 
#9 38 35 68 5 22 12 3 22 50 56 14 34 11 55 
#56 24 1 21 13 22 2 2 1 39 16 10 58 2 3 
#10 8 35 15 22 29 75 13 22 50 25 13 1 6 58 
#59 10 19 4 13 20 17 74 1 1 11 9 44 42 46 
#36 23 19 9 1 15 16 18 1 29 13 60 26 70 14 
#10 56 8 9 5 25 34 8 11 11 40 14 39 53 1 
#36 18 35 21 32 49 37 4 9 50 25 14 39 19 27 
10 17 20 55 48 33 
21 2 39 23 16 49 
26 30 18 28 52 34 
37 44 13 22 14 25 
6 15 38 19 53 12 
57 40 56 7 42 51 
#Base: 935
#Max: 543
#580749
#Turn 4
#36 19 23 19 22 16 32 4 65 29 67 6 25 11 19 
#30 23 4 8 22 29 29 2 65 52 26 14 58 70 14 
#10 24 4 8 22 29 23 13 29 52 25 13 1 2 58 
#10 33 35 21 22 29 2 13 22 50 25 13 1 42 28 
#10 33 35 21 11 49 2 2 1 48 26 10 58 42 14 
#1 26 19 8 46 22 17 25 29 39 13 9 44 6 45 
#36 26 11 25 46 20 1 25 65 48 47 25 56 6 14 
#36 23 4 9 11 20 75 3 65 48 13 25 56 6 19 
#59 56 35 15 19 55 5 28 31 22 13 10 70 53 58 
#59 21 35 15 19 55 5 5 22 48 15 13 1 6 58 
#59 8 19 15 26 55 2 17 44 50 17 40 39 9 50 
#52 22 4 34 22 15 2 17 29 22 13 14 12 9 14 
#36 56 19 68 1 15 75 25 29 29 40 14 12 70 14 
#36 56 19 19 1 15 34 25 31 29 40 60 70 53 27 
#48 56 22 19 11 15 75 28 31 11 40 60 70 53 1 
#30 47 7 19 19 48 29 12 65 48 16 47 34 70 27 
#9 40 49 15 19 55 1 5 65 48 15 8 34 70 55 
#9 23 4 15 11 15 75 27 65 39 15 14 56 70 45 
#36 48 7 25 11 15 75 25 65 39 56 14 70 6 55 
#17 38 7 21 49 10 2 3 22 36 56 60 34 17 58 
#52 33 35 15 26 48 2 12 7 26 17 47 70 17 14 
#52 19 35 15 19 22 29 5 22 26 17 9 34 35 5 
#52 19 11 54 19 15 75 5 58 26 56 47 34 11 55 
#9 23 35 68 11 22 12 3 58 29 56 10 34 11 55 
#30 38 7 68 5 20 12 3 58 50 15 14 56 70 5 
#48 23 19 9 19 55 27 5 65 29 13 8 34 9 2 
#48 10 19 3 19 20 27 5 1 15 26 8 34 9 2 
#59 10 11 4 13 48 17 17 7 1 11 9 44 42 1 
#18 48 11 54 3 48 29 11 7 48 67 47 25 42 19 
#18 33 4 9 22 16 75 11 32 48 67 6 30 42 14 
#36 19 23 54 22 29 32 4 29 52 67 6 30 6 45 
#1 26 4 19 19 22 29 25 65 22 13 9 25 70 14 
#36 24 4 8 22 29 23 2 65 52 47 13 58 6 45 
#10 56 35 9 11 22 75 28 22 50 13 14 1 53 1 
#1 33 35 21 40 55 5 5 1 48 15 10 58 42 28 
#10 21 35 21 11 29 5 27 29 39 17 13 1 6 58 
#59 24 19 8 22 20 17 74 29 50 13 9 1 17 45 
#52 22 19 34 46 22 2 25 65 39 13 9 29 9 14 
#36 23 4 21 3 15 1 3 65 22 13 14 12 6 14 
#10 56 19 9 1 22 34 25 31 22 13 14 70 53 27 
#59 21 35 15 19 55 5 5 31 48 15 10 70 53 1 
#59 21 23 15 22 29 5 18 8 52 17 13 1 3 2 
#59 47 3 15 12 20 12 12 22 50 16 40 39 17 27 
#52 40 19 19 26 55 2 17 65 26 29 8 29 70 5 
#36 23 4 15 22 15 75 2 65 48 13 14 56 70 55 
#36 23 19 4 11 15 75 74 11 39 11 14 70 70 45 
#10 48 7 21 11 15 75 25 65 11 40 10 34 53 1 
#48 21 35 68 5 22 43 3 22 22 25 6 70 3 58 
#16 47 23 21 12 48 16 12 7 48 16 47 30 70 27 
#30 40 7 15 19 49 29 5 22 48 15 8 70 17 58 
#9 19 49 54 19 22 29 27 65 48 15 8 56 70 5 
#9 23 4 68 11 15 75 3 31 29 56 14 34 11 55 
#17 38 7 68 49 22 12 25 22 36 56 60 34 11 55 
#30 23 7 15 19 20 2 5 58 48 15 8 56 17 58 
#52 23 11 54 1 15 4 12 7 26 16 47 26 35 14 
#1 33 49 3 19 49 2 5 65 15 26 8 34 17 2 
#52 10 19 54 19 22 17 5 1 1 24 47 34 42 46 
#9 48 11 54 11 48 29 3 58 29 56 47 34 11 55 
#9 33 35 68 22 16 12 3 32 50 56 14 34 11 55 
#30 23 7 9 22 20 75 5 31 48 13 8 56 70 14 
36 33 7 43 58 19 
49 32 59 12 40 6 
10 1 17 22 8 46 
57 16 44 18 14 52 
30 51 13 45 50 47 
48 23 28 15 24 29 
#Base: 935
#Max: 547
#585027
#Turn 5
#10 24 35 9 22 22 17 28 29 50 13 9 1 53 45 
#36 23 35 9 11 22 75 28 22 48 13 25 1 6 19 
#52 40 19 19 11 20 2 17 65 48 29 25 29 6 19 
#52 33 19 68 22 16 12 17 65 26 56 14 29 11 55 
#17 33 35 68 49 10 2 3 32 36 56 60 34 17 58 
#30 40 7 15 22 49 23 5 65 52 15 8 70 17 58 
#30 23 7 9 22 29 23 5 65 48 13 8 56 70 45 
#30 56 7 9 22 15 75 5 29 48 40 8 56 70 14 
#36 21 19 68 19 55 75 5 29 48 15 14 70 53 14 
#36 21 11 15 46 20 5 25 31 48 15 10 56 6 14 
#59 8 19 15 22 29 2 2 44 50 26 14 39 9 14 
#9 23 4 15 22 29 29 2 65 39 15 14 58 70 45 
#9 19 4 54 19 15 75 5 58 26 56 47 56 70 55 
#52 56 35 15 19 15 5 5 31 22 13 47 34 53 58 
#10 48 7 15 11 55 5 28 65 11 13 10 34 53 58 
#9 48 11 54 11 55 29 5 58 29 15 47 34 11 55 
#9 40 49 15 22 15 75 5 65 48 13 8 34 70 55 
#36 23 4 15 22 15 75 2 65 39 56 14 70 70 55 
#48 56 22 19 11 15 75 28 65 39 40 60 70 53 1 
#17 38 22 68 11 15 75 25 31 36 40 60 34 53 1 
#9 23 23 54 11 15 75 4 31 29 67 6 30 6 45 
#36 23 4 68 1 15 75 3 31 29 40 14 70 53 27 
#36 23 19 19 1 15 34 25 31 39 40 60 70 70 27 
#36 19 49 4 11 22 29 27 65 48 11 8 70 70 45 
#48 21 49 68 5 22 43 3 22 48 25 6 70 70 5 
#16 47 35 21 12 22 16 12 7 29 56 10 30 70 55 
#18 48 11 54 11 22 29 11 58 48 67 47 34 42 19 
#18 47 7 19 19 48 29 12 65 48 67 47 34 42 19 
#30 38 7 68 5 20 29 3 58 50 16 47 56 70 27 
#18 33 4 9 22 16 12 11 32 48 15 14 56 70 14 
#30 40 7 15 19 20 29 5 22 50 13 9 70 17 45 
#36 56 4 9 22 29 75 2 65 50 13 14 1 53 1 
#36 23 4 9 22 20 75 3 31 48 13 25 56 70 19 
#36 56 19 19 1 55 75 25 65 29 40 14 29 70 14 
#9 33 35 68 19 16 5 5 32 50 56 10 70 53 1 
#36 38 7 21 46 20 1 3 65 48 47 25 56 17 58 
#30 40 7 15 19 55 29 5 44 48 15 40 39 9 50 
#36 23 4 8 22 29 29 2 65 52 47 14 58 6 14 
#9 23 7 15 11 15 75 27 31 39 13 14 56 70 45 
#52 56 19 68 19 15 75 25 58 26 40 14 12 70 14 
#59 56 35 15 19 55 5 28 31 22 13 10 70 53 1 
#10 26 7 25 11 15 75 25 65 11 47 25 34 53 14 
#9 8 11 54 26 55 29 3 44 29 56 40 34 11 50 
#9 23 49 8 22 55 1 5 65 52 15 14 58 70 14 
#9 23 4 15 11 15 75 27 65 48 15 14 56 70 45 
#52 19 7 54 19 15 75 25 58 39 56 14 34 11 55 
#59 56 22 15 19 55 5 28 31 11 13 60 70 53 1 
#17 48 7 68 11 15 12 25 65 36 56 60 34 11 55 
#9 48 11 54 22 29 32 4 58 52 67 6 34 6 45 
#9 40 49 15 11 55 1 5 31 48 56 8 34 11 55 
#36 56 19 19 22 15 34 25 65 48 13 14 70 70 27 
#36 23 19 25 11 15 75 74 11 39 56 14 70 70 45 
#9 56 22 19 19 22 29 28 31 11 40 60 70 53 1 
#48 38 35 68 49 22 12 25 22 36 56 6 70 11 58 
#16 19 23 54 22 48 16 12 7 48 67 6 30 6 45 
#9 23 35 68 11 15 75 3 58 29 56 14 34 11 55 
#18 56 11 54 3 48 34 11 31 29 40 60 25 53 27 
#36 47 19 4 19 48 75 74 65 48 16 47 70 70 45 
#30 38 7 54 19 20 29 27 58 50 15 14 56 70 5 
#18 33 35 9 22 16 75 11 22 48 25 6 70 42 58 
40 56 22 21 26 34 
5 58 4 33 55 3 
35 46 8 12 39 27 
24 53 17 57 51 28 
43 44 50 18 16 47 
48 7 23 45 19 59 
#Base: 935
#Max: 683
#730481
#Turn 6
#59 56 35 15 3 55 5 28 31 29 13 10 25 53 1 
#36 23 19 54 1 15 34 11 31 39 40 60 25 70 27 
#36 23 19 19 1 15 34 25 31 39 40 60 70 70 27 
#18 23 4 54 1 22 75 11 58 29 67 14 34 53 27 
#18 33 11 54 19 16 29 5 58 48 67 47 34 42 1 
#30 40 7 54 19 49 23 5 65 50 15 14 70 17 5 
#17 38 35 54 49 10 2 3 58 50 56 14 56 17 58 
#36 56 19 19 49 10 2 3 65 29 40 14 29 17 58 
#9 56 35 68 11 55 75 3 65 29 40 14 34 11 14 
#52 33 19 68 11 15 12 17 65 26 56 14 29 11 55 
#59 56 22 21 19 20 5 28 65 48 47 25 56 53 58 
#59 56 22 15 19 55 5 28 31 48 13 14 70 53 14 
#36 21 4 54 19 15 75 5 29 26 56 47 56 53 14 
#52 56 4 68 19 15 75 25 58 26 56 47 12 70 14 
#18 56 19 19 19 48 29 12 58 26 40 14 34 42 14 
#48 38 35 68 49 22 43 3 22 48 25 6 70 11 58 
#48 23 4 15 22 22 75 25 22 36 56 6 70 11 55 
#36 47 4 4 19 15 75 2 65 39 16 47 70 70 45 
#36 23 19 4 19 15 75 74 65 48 16 47 70 70 45 
#36 23 7 68 11 20 29 3 11 50 56 47 70 70 45 
#9 23 4 8 22 15 1 27 65 48 15 14 58 70 14 
#9 56 4 15 22 15 75 25 65 48 13 14 70 70 27 
#48 56 19 19 11 15 34 25 65 48 13 14 70 70 27 
#48 56 49 15 11 15 75 28 65 48 40 8 34 70 55 
#17 40 7 68 11 15 75 5 65 48 56 8 34 11 55 
#30 48 11 9 22 29 75 5 29 52 40 6 34 70 45 
#36 56 7 9 22 15 29 27 65 48 11 8 56 70 14 
#52 19 7 4 19 15 29 25 58 48 11 14 34 70 55 
#17 19 7 68 11 15 75 25 58 36 40 60 34 11 1 
#17 38 35 68 22 16 75 25 22 36 40 6 70 53 1 
#30 40 35 15 22 55 5 5 65 52 13 8 70 53 58 
#18 56 11 54 3 20 34 27 58 50 40 14 56 70 27 
#17 33 35 19 1 15 2 3 32 39 40 60 70 17 27 
#36 23 4 19 1 15 75 25 31 29 40 14 29 70 27 
#9 48 35 54 11 15 75 11 58 29 67 14 34 42 55 
#9 33 19 68 19 16 5 17 32 50 56 10 70 11 1 
#36 40 7 21 46 49 23 3 65 48 47 8 70 17 58 
#30 38 7 15 19 20 29 28 58 50 15 60 70 53 1 
#36 21 35 68 19 55 2 3 32 36 15 14 34 53 14 
#9 56 4 54 19 15 75 25 58 29 40 14 29 70 55 
#52 23 35 68 11 15 75 3 58 29 56 14 12 70 14 
#18 47 19 68 22 16 12 12 65 26 67 47 34 11 55 
#36 21 7 68 46 20 1 3 22 48 47 6 56 70 5 
#59 38 35 15 49 55 5 25 31 36 13 60 70 53 1 
#36 23 4 15 19 55 75 5 65 48 56 14 70 70 55 
#9 47 19 54 19 15 75 74 65 48 16 47 70 70 55 
#52 23 19 25 19 15 75 74 11 39 40 14 70 70 45 
#18 47 7 19 19 48 29 12 65 50 16 47 34 42 27 
#9 21 49 8 22 22 1 5 65 52 25 6 58 70 14 
#48 23 4 15 11 22 12 27 65 48 56 14 56 11 58 
#36 56 19 19 22 15 34 2 65 48 56 14 70 70 27 
#48 47 22 19 19 15 75 28 65 48 16 47 70 53 45 
#36 40 19 25 11 15 75 74 11 48 56 14 34 70 45 
#17 38 7 68 11 20 12 25 58 36 56 47 56 11 27 
#9 48 49 54 22 55 32 4 58 52 15 14 34 70 14 
#30 23 7 9 22 15 75 27 65 48 15 8 56 70 45 
#36 19 19 19 22 22 29 27 65 48 13 14 70 70 45 
#52 19 7 19 11 15 75 28 58 39 40 14 70 11 55 
#17 38 22 15 22 15 75 25 65 36 40 60 34 53 1 
#18 48 35 68 11 15 75 25 65 48 25 6 34 42 55 
2 56 29 15 30 58 
12 57 22 46 36 55 
6 31 52 51 13 24 
50 17 23 45 44 34 
41 43 39 18 10 40 
25 8 21 59 19 54 
#Base: 935
#Max: 683
#730481
#Turn 7
#36 19 19 19 1 15 34 25 65 39 13 60 70 70 45 
#17 38 19 19 22 16 29 25 65 48 40 6 70 70 45 
#17 38 35 68 49 22 43 3 22 36 25 6 70 11 1 
#48 40 35 15 22 55 5 5 22 52 25 8 70 11 58 
#17 38 22 15 22 55 5 25 65 52 13 60 34 53 1 
#36 21 4 19 11 15 75 28 58 26 56 47 70 53 55 
#52 19 7 19 11 15 75 25 58 48 13 14 70 70 27 
#48 23 19 25 19 15 34 74 11 48 40 14 70 70 45 
#52 23 19 21 19 15 75 74 11 48 47 14 70 70 58 
#30 23 7 9 22 15 23 3 65 48 47 8 56 70 45 
#17 56 35 54 49 20 34 3 58 50 56 14 56 70 58 
#18 40 11 25 3 20 34 27 11 50 40 14 56 70 45 
#48 40 19 25 11 15 75 28 65 48 16 47 34 70 45 
#48 56 4 68 19 15 75 28 58 48 16 47 70 53 45 
#52 56 7 68 11 15 75 5 65 48 56 8 12 70 55 
#36 47 19 4 22 15 75 2 65 48 16 14 70 70 45 
#36 56 49 15 19 15 75 28 65 39 40 8 34 70 45 
#9 56 49 15 19 15 75 28 65 48 16 8 70 70 55 
#9 47 4 54 19 55 75 74 65 48 56 47 70 70 55 
#36 48 35 15 11 15 75 11 58 48 56 14 70 70 55 
#59 47 19 68 22 55 5 25 65 36 67 60 34 11 55 
#59 38 4 15 49 55 75 25 31 36 40 60 29 70 55 
#9 23 19 4 19 15 75 25 58 48 16 47 29 70 55 
#59 56 19 21 19 15 75 28 65 48 47 47 56 53 58 
#59 56 35 21 19 15 75 28 65 29 47 25 12 70 14 
#9 48 11 9 11 55 75 5 29 52 40 14 34 70 14 
#9 56 4 68 22 15 75 3 65 29 13 14 70 11 14 
#18 48 35 15 22 15 75 25 65 48 25 6 70 70 27 
#18 23 35 68 11 15 75 25 11 48 25 47 34 42 55 
#36 23 7 68 11 55 29 4 11 52 56 14 34 70 14 
#36 23 19 19 19 15 75 5 31 26 56 47 56 70 27 
#36 19 19 19 22 22 75 28 58 48 13 14 70 11 55 
#17 38 35 68 11 16 75 25 65 36 13 6 70 70 1 
#48 23 35 25 49 22 43 74 22 48 25 6 70 70 58 
#36 40 35 21 46 49 5 3 65 48 13 8 70 17 58 
#17 23 22 15 22 15 75 27 65 48 40 60 34 70 45 
#36 38 4 54 19 15 2 5 29 26 56 47 56 53 14 
#18 19 7 54 3 15 75 27 58 39 40 14 56 70 27 
#48 40 19 19 11 15 34 25 11 48 13 14 34 70 27 
#48 47 19 25 19 15 75 74 11 39 40 14 70 70 45 
#52 56 4 68 19 49 75 3 65 26 56 47 12 70 58 
#17 40 7 9 22 15 75 5 65 48 15 8 34 70 55 
#36 56 35 54 22 10 34 3 58 50 56 14 56 70 58 
#36 56 4 54 19 20 34 27 65 50 16 14 56 70 27 
#36 40 49 15 11 15 75 28 11 48 56 14 34 70 55 
#48 47 19 19 19 15 75 28 65 48 16 47 70 70 55 
#52 56 4 68 19 55 75 5 65 26 56 14 70 70 55 
#9 40 35 54 11 15 75 5 65 29 56 14 34 11 55 
#18 56 19 19 22 16 34 12 65 26 67 47 70 11 27 
#59 47 4 15 49 55 5 2 31 36 16 60 70 70 1 
#48 56 49 15 11 15 75 25 65 48 40 8 29 70 55 
#9 23 19 4 19 15 75 74 65 48 16 47 70 70 45 
#36 56 22 15 19 55 5 5 65 48 56 14 70 53 55 
#52 23 35 54 11 15 75 3 58 29 56 14 34 70 55 
#30 47 11 9 22 29 75 5 29 52 40 6 34 70 45 
#59 38 35 15 49 55 75 3 31 36 13 14 34 11 1 
#9 56 4 54 22 15 75 25 65 48 40 14 29 70 55 
#36 48 19 68 19 15 75 25 65 48 25 6 70 42 55 
#36 56 7 68 19 20 29 3 65 48 47 47 56 70 45 
#9 48 49 54 22 55 75 3 58 29 15 14 12 70 14 
59 43 5 51 12 44 
7 32 53 21 17 24 
27 16 10 13 45 56 
14 20 23 18 40 57 
15 50 58 46 8 39 
49 52 42 19 33 35 
#Base: 935
#Max: 748
#800000
#Turn 8
#9 56 4 54 22 55 34 3 65 50 16 14 12 70 14 
#36 21 4 54 19 20 75 27 65 26 16 47 56 70 27 
#9 21 19 4 11 15 75 28 58 26 16 47 70 70 55 
#9 23 19 4 19 15 75 28 65 48 16 47 34 70 45 
#36 40 19 25 11 15 75 28 11 48 56 14 34 70 45 
#48 23 19 68 11 16 34 74 65 48 13 14 70 70 45 
#52 38 35 68 11 15 75 25 58 29 13 6 70 70 1 
#52 23 4 54 11 15 75 25 31 29 40 14 34 70 55 
#9 56 4 15 19 55 75 25 31 48 16 60 70 70 55 
#59 56 35 21 19 15 75 28 65 48 16 8 12 70 55 
#36 56 49 15 19 15 75 28 65 39 25 8 34 70 45 
#17 56 49 54 49 20 75 3 58 50 56 14 34 70 45 
#17 56 35 54 19 15 75 28 58 48 56 14 70 53 45 
#48 56 19 19 19 15 75 28 65 48 16 47 70 53 45 
#9 47 4 19 22 15 75 25 65 48 40 47 70 70 55 
#52 56 19 68 22 55 75 5 65 36 56 60 12 11 55 
#59 47 19 68 22 55 5 28 65 48 67 47 34 53 55 
#59 56 4 21 19 15 75 28 65 48 56 47 70 70 55 
#9 56 4 68 19 49 75 3 65 26 56 47 12 70 58 
#36 48 4 68 19 15 75 3 65 26 56 6 12 42 58 
#36 56 19 4 22 15 75 2 65 48 40 14 70 70 55 
#36 56 49 15 11 20 29 25 65 48 40 8 56 70 55 
#52 56 7 68 19 20 75 5 65 48 47 47 56 70 45 
#52 23 4 21 19 55 75 74 65 26 47 14 70 70 58 
#52 23 19 25 19 15 75 74 11 48 40 14 70 70 45 
#36 47 22 15 49 55 5 2 31 36 16 60 70 53 55 
#36 56 35 15 22 10 5 5 65 50 56 14 70 53 55 
#36 56 35 54 22 10 75 11 58 48 56 14 56 70 58 
#36 48 35 15 11 22 75 11 58 48 56 6 70 70 55 
#48 23 22 25 22 15 75 74 22 48 25 6 70 70 58 
#48 23 49 25 22 55 34 3 58 29 15 14 12 70 45 
#36 56 35 68 19 20 34 27 65 36 16 6 56 70 27 
#52 21 4 54 11 15 75 28 58 29 56 14 34 70 55 
#9 38 19 15 49 55 75 25 65 36 40 60 29 70 45 
#9 40 49 15 11 15 75 28 65 48 16 47 70 70 45 
#59 40 49 21 11 15 75 28 65 29 47 25 34 70 14 
#48 23 19 15 22 15 75 74 11 48 25 14 70 70 45 
#36 38 49 15 11 15 75 25 65 39 13 6 70 70 45 
#52 23 35 54 11 15 34 3 58 29 56 14 56 70 55 
#59 56 4 15 19 55 75 25 58 36 16 60 29 53 55 
#9 47 19 15 19 15 75 28 65 48 16 8 70 70 55 
#9 56 35 54 19 15 75 25 65 48 47 14 29 70 14 
#18 48 7 68 22 15 75 25 65 48 25 6 70 70 27 
#59 56 19 68 19 15 75 25 65 39 40 60 34 70 55 
#17 56 19 54 49 15 75 3 65 50 56 14 56 70 58 
#9 56 4 54 19 55 75 74 65 48 56 47 70 70 55 
#48 47 4 68 19 49 75 28 65 26 16 47 70 70 55 
#36 56 19 54 22 15 75 25 65 48 40 14 29 70 55 
#52 47 7 4 11 15 75 2 65 48 16 8 12 70 55 
#48 56 19 15 22 55 75 25 65 48 67 8 29 11 55 
#36 56 19 68 19 20 75 28 65 48 47 47 56 70 45 
#52 56 4 54 19 55 75 5 65 48 56 47 70 70 55 
#52 23 19 68 19 49 75 74 65 48 56 14 12 70 58 
#36 48 19 25 19 15 75 74 11 48 40 14 70 42 55 
#36 47 4 4 49 55 75 2 65 36 16 60 70 70 45 
#36 56 49 15 11 15 5 25 65 48 56 14 70 70 55 
#36 56 35 54 19 20 34 3 65 50 56 14 56 70 58 
#36 56 35 68 19 55 75 5 58 48 56 14 70 70 55 
#48 23 35 25 19 15 75 74 11 48 47 6 70 70 58 
#17 47 22 25 22 15 75 74 11 48 40 60 34 70 45 
55 20 39 56 18 24 
49 34 13 17 58 8 
59 47 46 43 50 5 
11 22 52 45 57 27 
29 33 44 51 23 12 
53 28 54 16 15 14 
#Base: 935
#Max: 757
#809626
#Turn 9
#36 56 19 15 22 15 5 25 65 48 40 14 70 70 55 
#36 56 4 15 22 55 75 2 65 36 16 14 70 70 55 
#36 56 4 15 19 20 34 3 58 36 16 60 56 53 55 
#36 56 35 68 19 49 75 3 65 50 56 47 56 70 58 
#9 23 4 25 19 15 75 74 11 48 40 47 70 70 58 
#9 56 19 15 11 55 75 28 65 48 67 8 70 11 55 
#9 40 19 19 19 15 75 28 65 48 16 47 70 53 45 
#59 56 19 21 19 15 75 28 65 48 56 47 70 53 45 
#48 23 35 25 19 15 75 74 11 48 47 47 70 70 55 
#9 23 4 15 19 15 75 74 11 48 47 6 70 70 58 
#17 56 19 54 22 15 75 74 11 48 40 14 29 70 45 
#36 56 4 54 22 49 75 28 65 48 40 47 70 70 55 
#48 47 19 68 19 49 75 28 65 26 16 60 70 70 55 
#36 56 19 68 19 20 75 28 65 39 40 60 56 70 55 
#36 56 19 68 19 16 75 28 65 48 13 47 70 70 45 
#52 56 7 68 19 20 75 5 58 48 56 14 56 70 45 
#52 23 7 68 19 49 75 74 65 48 56 14 12 70 45 
#52 23 19 54 19 55 75 74 65 48 56 14 70 70 58 
#36 56 35 68 19 55 75 74 65 48 56 47 70 70 55 
#36 56 35 68 22 10 75 11 58 48 56 14 70 70 58 
#9 23 22 25 49 15 75 25 65 48 40 6 29 70 58 
#17 38 19 54 49 55 75 3 65 36 56 14 29 70 45 
#17 56 19 54 19 55 75 5 65 50 56 47 56 70 58 
#52 23 4 21 19 55 75 74 65 26 56 47 70 70 58 
#17 56 35 54 19 55 75 74 58 48 56 14 70 70 58 
#36 48 35 25 19 15 75 74 11 48 56 6 70 42 55 
#36 47 4 15 49 22 75 11 65 48 56 60 70 70 45 
#59 47 19 4 22 55 5 2 65 48 67 47 70 53 55 
#59 56 19 68 22 55 75 5 65 48 67 47 12 11 55 
#52 47 4 19 22 15 75 25 65 48 40 60 12 70 55 
#48 56 19 15 22 15 75 25 65 48 67 14 70 70 55 
#36 40 49 15 22 15 75 2 65 48 16 47 70 70 45 
#59 56 19 19 19 55 75 28 65 48 16 47 29 53 45 
#36 56 35 21 19 20 34 28 65 48 56 47 70 70 55 
#9 23 35 25 19 15 75 3 65 48 47 6 70 70 58 
#52 56 19 25 19 55 75 25 31 48 40 14 70 70 55 
#48 56 19 25 22 15 75 74 65 48 40 60 29 11 45 
#36 40 19 54 11 15 75 25 65 48 16 47 29 70 45 
#48 47 4 68 19 49 75 28 65 26 16 47 70 53 45 
#59 56 4 68 19 15 75 28 65 48 40 60 34 70 55 
#36 56 19 68 19 15 75 74 65 48 47 47 70 70 45 
#9 23 4 15 11 16 34 25 65 48 16 60 70 70 55 
#17 56 22 25 22 15 75 74 58 50 40 14 34 70 45 
#52 56 7 54 22 20 75 25 65 48 47 14 29 70 45 
#52 47 19 68 19 49 75 28 65 26 56 47 70 70 55 
#9 56 19 68 19 55 75 25 65 48 40 47 70 70 55 
#36 56 35 68 19 55 75 5 65 48 56 47 70 70 45 
#36 23 35 68 22 10 75 11 58 48 56 14 56 70 45 
#17 56 49 54 49 20 75 3 22 50 56 6 34 70 45 
#52 38 19 68 49 20 75 5 65 48 47 47 29 70 45 
#52 56 19 54 49 15 75 74 65 50 56 14 56 70 58 
#52 56 4 54 19 55 75 5 65 48 56 47 70 70 55 
#52 56 35 21 19 55 75 74 58 26 47 14 70 70 55 
#17 56 35 54 19 10 75 28 58 48 56 14 56 53 58 
#36 23 19 25 19 15 75 74 22 48 25 6 70 70 55 
#36 48 19 15 49 55 75 25 58 36 56 60 29 70 55 
#36 47 19 4 49 55 75 3 65 36 16 14 56 70 58 
#59 47 4 54 22 55 75 28 65 48 67 47 70 70 55 
#52 23 19 68 19 55 75 5 65 26 56 60 70 70 58 
#9 47 35 54 22 15 75 28 58 48 56 47 70 70 55 
32 15 16 39 49 35 
28 30 19 44 55 26 
8 59 46 40 17 7 
12 3 24 18 50 45 
38 22 11 57 52 13 
53 14 23 51 58 33 
#Base: 935
#Max: 829
#886631
#59 56 19 68 19 20 75 28 58 48 16 47 56 70 45 
#52 56 7 68 19 49 75 74 58 48 56 14 12 70 45 
#59 56 7 68 19 15 75 74 65 48 56 14 12 70 55 
#59 38 19 68 19 15 75 5 65 48 40 60 34 70 55 
#52 38 19 68 49 20 75 5 31 48 47 47 70 70 55 
#59 56 19 15 22 55 75 5 65 48 67 47 12 70 55 
#36 56 19 68 22 15 75 25 65 48 56 14 70 70 58 
#52 47 35 68 22 10 75 28 65 26 56 47 70 70 55 
#52 47 19 15 19 49 75 28 65 26 56 47 29 70 55 
#36 48 4 15 49 22 75 11 65 36 56 60 29 70 55 
#48 47 35 54 22 15 75 28 11 48 47 47 70 70 55 
#9 56 35 54 22 55 75 28 58 48 56 47 70 70 45 
#36 56 19 68 19 55 75 5 65 48 47 47 70 70 45 
#52 23 19 68 19 55 75 74 65 48 56 47 70 70 58 
#52 23 19 21 19 55 75 28 65 48 56 14 70 70 45 
#36 56 35 68 19 49 75 3 65 50 16 47 56 70 58 
#17 56 35 54 19 55 75 74 65 50 56 47 56 70 58 
#17 56 35 54 19 55 75 74 65 48 56 47 70 70 58 
#52 56 35 68 19 15 75 74 65 48 56 14 70 70 58 
#9 56 19 68 49 15 75 74 65 50 56 47 56 70 58 
#17 47 4 68 19 55 75 5 65 50 16 47 70 53 45 
#36 56 4 54 19 49 75 28 65 48 56 47 70 70 55 
#59 56 4 54 22 55 75 28 65 48 67 47 70 70 55 
#52 47 4 21 22 55 75 74 65 26 47 47 70 70 55 
#36 56 35 68 19 20 75 28 58 26 47 14 56 70 55 
#17 56 35 54 19 16 75 28 65 48 56 47 56 53 58 
#36 56 19 68 19 16 75 28 65 26 56 47 70 70 58 
#52 56 4 21 19 55 75 74 65 48 56 47 70 70 58 
#52 56 19 68 19 55 75 5 65 26 56 60 70 70 58 
#52 56 35 21 19 55 75 5 65 26 56 47 70 70 58 
#59 56 19 68 22 55 75 5 65 48 67 47 12 11 45 
#52 56 19 68 22 20 75 5 58 48 67 14 70 70 45 
#36 56 7 68 19 10 75 11 65 48 56 14 70 70 58 
#59 47 19 68 19 15 75 28 65 48 40 60 34 70 55 
#52 38 19 15 49 20 75 25 58 36 56 60 29 70 55 
#52 56 4 15 19 22 75 11 31 48 56 60 70 70 55 
#59 23 35 68 19 55 75 74 11 48 67 47 12 70 55 
#48 47 19 54 22 15 75 25 65 48 67 47 70 70 55 
#36 56 35 68 22 10 75 5 58 48 56 14 70 70 58 
#52 47 19 68 19 15 75 74 65 48 47 47 70 70 45 
#36 48 19 54 19 55 75 25 58 36 56 60 29 70 55 
#59 47 4 21 19 15 75 28 65 48 56 47 70 53 45 
#48 23 35 68 19 49 75 28 65 48 47 47 70 70 55 
#36 56 35 68 22 15 75 3 65 50 56 47 56 70 58 
#36 56 35 68 19 55 75 5 65 48 56 47 70 70 58 
#36 56 35 68 19 15 75 74 65 48 56 47 70 70 55 
#52 56 19 54 49 15 75 74 65 48 56 14 56 70 58 
#59 56 19 68 19 55 75 28 65 48 40 47 70 70 45 
#48 47 4 68 19 49 75 28 65 26 16 60 70 53 55 
#36 56 19 68 19 55 75 3 65 50 56 47 56 70 58 
#17 56 4 54 19 49 75 74 58 48 40 47 70 70 58 
#59 56 35 54 22 55 75 74 65 48 56 47 70 70 55 
#52 56 35 21 19 55 75 74 58 26 47 14 70 70 58 
#36 56 19 68 19 20 75 25 65 48 40 60 70 70 55 
#17 47 35 54 19 49 75 28 65 26 16 47 70 53 58 
#17 56 19 68 19 16 75 28 65 48 56 47 56 70 45 
#36 56 4 54 19 55 75 74 65 48 56 47 70 70 58 
#59 47 4 54 22 55 75 28 65 48 67 47 70 70 55 
#52 23 19 21 19 55 75 74 58 26 56 60 70 70 58 
#36 56 19 21 19 20 34 28 65 39 56 60 70 70 55 
#Base: 935
#Max: 841
#899465
