#[0] 3, 3
#[1] 4, 3
#[2] 3, 4
#[3] 3, 2
#[4] 2, 3
#[5] 2, 4
#[6] 1, 3
#[7] 2, 2
#[8] 3, 1
#[9] 4, 4
#[10] 5, 3
#[11] 3, 5
#[12] 4, 2
#[13] 3, 0
#[14] 5, 4
#[15] 4, 5
#[16] 5, 2
#[17] 4, 1
#[18] 0, 3
#[19] 1, 4
#[20] 2, 1
#[21] 1, 2
#[22] 2, 5
#[23] 0, 4
#[24] 5, 1
#[25] 0, 2
#[26] 5, 5
#[27] 1, 5
#[28] 2, 0
#[29] 1, 1
#[30] 4, 0
#[31] 0, 5
#[32] 1, 0
#[33] 0, 1
#[34] 5, 0
#[35] 0, 0
#Turn 0
35 27 14 3 19 9 
38 7 11 6 53 45 
26 23 22 48 10 37 
16 43 4 18 1 25 
30 39 42 46 47 8 
57 41 50 52 56 28 
#Base: 951
#Max: 345
#362776
#Turn 1
#1 12 38 3 9 35 27 9 24 31 10 0 25 34 39 
#14 32 26 3 11 34 16 7 14 4 52 17 25 54 4 
#21 3 4 49 38 29 55 1 9 4 2 7 30 19 17 
#25 3 4 56 27 14 14 12 27 28 2 7 12 6 7 
#25 45 4 1 35 14 14 19 27 28 21 0 12 20 14 
#6 22 8 48 21 14 29 1 4 44 32 41 3 40 10 
#43 2 3 30 1 4 45 42 20 10 22 1 13 23 28 
#68 7 14 42 17 39 9 36 1 10 22 22 17 23 12 
#19 27 14 42 21 16 9 31 27 33 14 13 25 23 32 
#19 20 24 10 21 8 12 31 27 16 18 4 23 49 32 
#26 19 36 26 50 16 30 22 16 23 21 11 19 18 7 
#0 37 36 26 12 16 11 5 16 23 16 56 38 11 13 
#10 13 8 4 3 60 24 5 16 27 28 8 38 0 70 
#24 13 0 26 3 40 24 12 4 42 14 8 2 6 70 
#24 4 0 1 6 10 33 31 33 42 6 9 2 24 19 
#9 20 1 20 9 23 2 12 29 9 10 27 68 35 19 
#18 14 21 20 17 4 44 68 24 2 10 27 7 4 19 
#13 14 20 17 17 15 44 68 24 2 25 16 22 4 10 
#13 6 20 17 5 2 33 20 24 5 25 67 22 47 2 
#22 17 3 45 5 5 3 20 23 24 44 9 17 47 2 
#10 18 16 38 32 5 17 15 45 10 30 28 2 12 53 
#15 21 34 34 39 20 29 6 55 8 21 48 2 4 12 
#13 47 17 44 4 13 7 6 17 71 7 19 7 4 8 
#11 4 7 44 28 59 7 7 0 71 4 16 15 2 8 
#11 27 8 19 28 11 16 13 0 6 21 43 11 56 45 
#34 18 11 10 20 24 31 7 15 14 13 13 29 17 2 
#15 24 1 4 20 24 31 61 15 14 13 13 11 12 6 
#15 24 7 4 9 41 33 5 43 22 9 5 10 48 1 
#15 29 7 21 27 28 33 11 60 27 10 9 10 17 16 
#15 24 0 21 27 20 31 1 13 45 4 9 4 17 16 
#1 22 8 52 21 35 27 9 4 40 10 41 3 34 10 
#21 2 3 30 11 24 24 7 20 31 32 1 25 23 28 
#14 13 24 49 17 39 29 36 18 4 22 24 8 7 8 
#21 3 14 52 16 29 55 14 28 7 2 13 25 23 12 
#19 27 25 6 17 14 5 31 27 16 21 33 12 5 32 
#49 45 4 1 48 15 12 19 23 6 25 25 25 49 32 
#20 19 23 48 21 14 35 1 8 45 21 41 3 18 10 
#2 37 36 26 12 4 30 42 16 23 32 56 13 23 28 
#43 49 5 7 5 60 11 36 18 10 22 5 38 7 8 
#10 13 24 26 16 16 24 14 1 15 2 8 25 23 12 
#24 27 0 6 21 10 5 31 4 16 14 4 2 24 19 
#31 7 25 1 48 15 11 5 23 6 18 9 34 5 32 
#9 19 23 36 9 34 10 22 8 9 2 11 19 18 7 
#18 37 36 20 12 4 2 20 14 8 16 27 68 35 16 
#8 52 8 1 5 60 44 68 16 27 36 17 7 4 10 
#13 13 20 17 3 15 76 12 16 15 25 16 23 27 70 
#24 4 3 11 6 10 33 20 4 24 6 68 2 24 19 
#2 17 25 1 25 37 3 6 33 31 44 9 34 47 48 
#10 14 57 36 9 5 17 24 45 9 2 53 24 6 7 
#18 21 1 20 35 20 2 20 55 8 10 27 2 12 19 
#13 14 56 1 4 16 44 68 24 8 36 48 7 4 10 
#13 4 20 44 3 13 76 12 17 71 25 19 22 27 3 
#11 27 7 11 28 2 19 25 0 24 4 16 3 47 5 
#22 17 14 45 48 11 16 6 1 6 44 43 11 16 45 
#10 18 16 38 46 44 17 7 46 2 3 6 3 4 2 
#15 30 34 10 39 20 25 15 55 14 6 28 34 12 6 
#15 24 56 19 4 16 29 6 12 22 21 48 11 48 10 
#39 4 17 51 9 28 33 7 17 27 7 5 10 2 8 
#15 27 13 6 28 59 19 11 0 20 10 9 22 17 5 
#36 11 0 19 18 20 31 1 25 6 21 43 4 35 21 
19 28 2 56 1 11 
36 55 15 35 16 20 
33 17 22 12 23 5 
43 7 50 51 45 47 
46 21 48 44 38 37 
54 24 18 13 53 30 
#Base: 951
#Max: 380
#399579
#Turn 2
#15 17 7 45 27 5 3 20 60 24 44 9 10 17 2 
#21 29 7 21 38 28 55 11 9 27 10 7 10 17 17 
#21 3 56 19 38 29 55 1 9 4 2 7 11 19 17 
#15 24 26 3 11 16 29 6 14 4 52 48 11 48 10 
#0 32 26 3 11 34 11 5 16 4 16 17 25 11 13 
#20 30 34 48 21 14 25 15 8 45 21 41 34 18 6 
#15 30 1 20 39 20 25 12 29 9 6 27 34 35 19 
#49 45 1 1 9 15 12 12 29 6 10 27 25 49 32 
#18 45 4 20 48 15 12 19 23 6 10 25 25 4 32 
#18 18 21 20 17 5 44 68 45 2 10 27 2 4 19 
#21 3 14 52 16 15 55 68 28 7 25 16 25 23 10 
#13 47 20 17 4 13 44 68 17 2 25 19 7 4 8 
#10 13 17 44 3 60 7 5 16 27 7 19 38 0 70 
#11 4 7 4 3 59 7 7 16 71 4 8 38 0 70 
#11 4 8 44 28 14 7 1 4 44 4 41 3 2 8 
#18 7 14 20 17 4 2 20 14 10 22 27 68 35 12 
#13 14 14 42 17 39 9 36 1 10 22 48 17 23 10 
#13 4 20 1 4 13 76 12 17 71 36 19 7 27 3 
#13 4 20 17 3 15 76 12 17 15 25 16 22 27 70 
#2 17 20 17 3 37 76 6 33 15 44 16 34 27 70 
#24 4 34 11 6 20 33 6 4 24 6 48 2 4 19 
#10 14 34 34 9 20 17 24 55 8 2 53 2 6 12 
#10 14 57 36 5 60 17 24 16 27 2 53 24 6 7 
#8 52 8 7 5 60 44 36 16 27 22 5 38 7 10 
#2 37 36 26 12 60 30 42 16 23 22 5 38 23 28 
#11 27 16 19 28 44 17 13 46 2 21 43 3 56 45 
#11 6 8 19 5 2 33 13 0 5 25 43 22 47 45 
#13 13 20 26 3 40 33 20 4 5 14 8 22 6 2 
#24 13 0 26 48 40 16 6 4 6 44 43 11 16 45 
#1 22 14 45 48 11 27 9 1 6 44 41 3 16 10 
#20 19 3 48 21 5 35 1 8 45 21 41 3 18 2 
#15 30 7 21 39 28 25 15 60 27 6 9 10 12 6 
#9 3 4 49 38 29 2 12 9 4 2 27 68 35 19 
#15 45 4 1 48 15 12 6 12 22 21 48 11 49 10 
#14 14 26 20 11 34 44 68 14 4 52 17 7 4 4 
#0 37 36 26 32 5 11 5 16 23 16 28 2 12 53 
#20 19 23 52 16 29 35 1 28 45 2 13 25 18 10 
#13 30 34 10 39 15 44 15 24 2 6 16 34 4 10 
#9 47 1 44 9 13 2 6 29 9 10 19 68 4 8 
#10 45 4 4 3 15 24 5 23 27 28 8 38 49 32 
#18 4 21 44 28 4 44 68 24 71 10 27 7 4 8 
#10 22 16 38 32 14 17 15 45 10 30 41 3 12 10 
#21 3 36 52 12 29 2 20 28 7 2 13 25 23 16 
#68 7 20 42 17 15 44 36 24 2 22 16 17 23 12 
#13 47 17 44 4 13 7 6 24 71 7 48 7 4 8 
#13 4 20 44 3 13 76 5 16 27 25 8 22 0 70 
#11 13 20 17 28 59 7 12 0 71 4 16 23 2 70 
#2 17 25 48 25 14 3 1 33 44 44 41 3 40 48 
#18 4 36 11 12 4 33 20 14 24 6 68 2 24 16 
#68 21 34 34 39 20 29 36 1 10 22 48 2 4 12 
#10 14 57 36 9 5 44 68 45 9 36 48 24 6 7 
#13 52 20 44 5 60 76 12 16 27 25 17 22 27 10 
#43 13 20 7 3 60 76 12 18 15 25 5 23 7 70 
#2 17 36 1 12 4 3 42 33 31 32 56 13 23 28 
#10 4 3 11 46 10 17 7 46 2 3 6 2 4 19 
#11 21 8 19 28 11 16 6 0 6 21 43 2 56 12 
#13 14 20 36 9 2 17 24 45 5 2 53 24 47 7 
#8 52 8 1 3 60 24 12 4 42 36 8 7 6 70 
#43 17 14 45 5 60 16 36 18 10 44 43 38 7 8 
#2 37 8 52 21 35 27 42 4 40 32 41 13 23 28 
2 7 9 25 43 53 
56 5 24 40 59 38 
28 34 45 46 13 23 
10 57 50 52 51 58 
33 44 12 19 17 22 
0 32 47 18 49 11 
#Base: 951
#Max: 426
#447950
#Turn 3
#21 3 56 1 9 15 55 1 29 4 2 7 11 49 32 
#18 18 21 1 9 5 44 12 29 6 10 27 25 4 19 
#18 27 21 20 28 44 17 68 45 2 21 27 2 4 19 
#68 27 16 42 28 44 44 13 24 2 21 16 17 23 45 
#68 7 20 42 12 4 44 36 33 2 32 56 13 23 28 
#13 30 34 48 9 14 17 15 45 5 21 41 34 47 6 
#2 37 34 48 21 60 25 15 8 23 21 41 34 18 28 
#2 4 21 26 28 60 44 42 24 23 10 5 7 23 8 
#18 4 21 52 21 35 44 68 4 40 10 27 7 4 8 
#9 47 1 44 9 13 2 42 4 40 32 19 13 4 8 
#14 14 26 20 11 34 44 68 4 4 44 43 11 4 45 
#14 14 26 44 3 34 76 68 14 27 25 8 7 4 4 
#13 4 20 44 28 59 76 5 16 71 4 8 22 0 70 
#11 13 7 17 3 59 7 12 0 71 4 16 38 0 70 
#8 52 8 7 5 60 7 7 16 71 22 8 38 0 10 
#21 52 8 1 3 60 24 12 28 7 25 16 7 23 10 
#10 14 8 36 9 5 24 68 45 42 36 48 7 6 7 
#10 13 20 36 3 60 76 68 45 15 36 5 24 6 70 
#13 13 20 7 5 60 76 12 16 15 25 17 23 27 10 
#43 52 14 44 5 60 16 12 16 27 44 17 22 27 10 
#15 45 4 1 48 15 12 6 12 22 7 48 7 4 8 
#10 47 17 44 3 60 7 5 24 71 7 19 38 0 70 
#10 13 20 17 3 60 76 5 33 15 44 19 34 27 70 
#2 4 20 17 4 13 76 6 17 15 36 16 34 27 3 
#10 14 57 36 4 13 76 24 17 71 2 53 7 27 3 
#15 17 4 49 38 29 2 20 60 4 44 9 10 35 2 
#2 3 25 48 25 14 3 12 33 4 2 41 3 40 19 
#13 4 25 17 25 15 3 1 17 15 25 16 22 40 70 
#13 21 20 17 39 20 76 36 1 10 25 16 2 4 12 
#68 47 20 17 39 20 29 36 17 2 25 48 7 4 8 
#21 3 56 19 38 29 17 24 9 4 2 53 11 19 17 
#20 45 1 1 21 14 12 15 8 6 21 27 25 49 6 
#2 37 21 20 17 60 44 42 16 2 10 27 38 23 19 
#18 27 16 44 28 4 17 13 24 2 10 43 7 56 45 
#68 37 8 52 17 35 27 42 4 2 22 41 17 23 28 
#2 17 36 44 9 4 3 6 33 9 10 19 13 23 28 
#13 13 20 26 48 2 16 24 4 6 44 53 11 47 7 
#14 30 34 20 11 14 25 15 14 45 21 17 34 18 4 
#13 4 36 44 12 60 30 5 16 23 25 5 22 0 28 
#18 4 21 44 28 4 44 68 24 71 4 16 7 2 70 
#2 4 7 52 3 35 7 42 4 40 4 41 38 23 70 
#9 52 8 44 9 13 44 36 29 9 22 5 68 7 10 
#21 13 14 26 16 40 16 68 28 7 44 43 11 16 45 
#8 14 26 20 11 34 44 68 4 4 52 8 7 4 4 
#13 14 57 36 9 5 76 5 45 27 36 8 24 0 7 
#43 13 20 17 3 59 76 12 18 71 4 16 23 2 70 
#13 4 20 4 5 59 7 7 16 27 4 17 38 0 10 
#43 17 14 7 5 60 16 36 18 10 44 5 38 7 10 
#21 3 14 52 48 15 55 68 12 22 25 48 25 23 10 
#13 47 17 1 3 60 7 12 4 71 36 8 7 6 70 
#10 14 17 36 3 5 44 5 16 27 7 19 24 6 7 
#43 13 20 17 3 60 76 12 18 15 25 5 34 7 70 
#13 4 20 44 5 13 76 12 17 71 36 17 22 27 3 
#10 17 14 36 5 60 16 24 16 27 2 43 38 7 8 
#15 45 7 45 48 5 12 20 12 22 21 48 10 17 10 
#13 47 17 49 4 13 7 6 24 4 2 48 68 35 19 
#10 13 17 48 25 60 3 5 33 27 44 19 3 0 48 
#2 17 20 17 3 37 76 6 33 15 25 16 34 27 70 
#13 21 34 1 39 20 76 12 17 10 22 19 7 27 12 
#13 47 57 17 5 60 44 24 17 27 25 53 24 6 7 
5 32 14 3 29 56 
2 6 42 24 44 16 
8 10 51 22 21 19 
13 49 39 17 45 52 
18 40 59 12 48 4 
25 55 34 57 11 41 
#Base: 951
#Max: 487
#512093
#Turn 4
#2 37 21 48 9 60 44 15 45 2 10 27 38 23 19 
#2 52 21 7 5 60 44 42 16 71 10 8 38 0 19 
#68 27 8 42 5 44 7 13 16 71 21 16 38 0 10 
#68 47 20 17 39 20 29 13 24 2 25 16 17 4 8 
#10 13 17 17 39 20 29 36 17 2 44 19 3 0 8 
#18 37 34 48 21 60 25 15 45 23 21 41 2 18 19 
#21 13 14 48 16 40 25 15 28 23 21 43 34 16 28 
#10 14 14 26 16 13 16 24 17 71 44 53 11 16 45 
#10 14 57 36 9 5 76 24 17 27 36 8 7 0 3 
#10 14 8 36 9 5 24 5 45 42 36 48 7 6 7 
#18 14 26 20 11 34 44 68 4 4 44 27 11 4 45 
#14 14 20 20 11 34 76 12 4 4 44 5 11 4 45 
#10 13 20 17 3 60 76 5 18 15 44 5 34 7 70 
#10 47 20 17 3 60 76 5 24 71 7 19 34 0 70 
#43 47 14 44 5 60 16 12 16 71 44 17 38 0 10 
#13 47 7 17 3 60 7 12 0 71 36 8 38 6 70 
#13 4 17 1 28 60 44 68 4 71 4 8 7 6 70 
#18 13 21 36 3 4 76 68 24 71 4 16 24 2 70 
#43 13 20 17 3 60 76 68 45 15 36 5 24 6 70 
#13 13 20 44 5 59 76 12 18 71 36 17 23 2 70 
#13 4 7 7 5 60 76 42 4 15 25 41 23 23 70 
#13 47 57 52 5 35 7 24 17 27 4 53 38 6 70 
#13 47 57 17 28 60 76 5 17 71 4 8 24 0 7 
#21 4 20 44 48 59 76 68 12 71 25 48 25 0 10 
#21 3 14 52 12 15 44 36 12 22 32 48 25 23 28 
#15 17 17 49 4 29 7 6 24 4 2 9 68 35 19 
#68 47 17 52 17 35 27 42 24 4 22 41 17 35 19 
#2 37 8 52 17 35 27 42 33 2 22 16 34 23 70 
#2 14 20 44 3 34 76 68 33 27 25 8 34 27 4 
#9 52 8 44 9 34 44 68 14 9 22 8 68 4 10 
#13 30 21 48 28 14 17 15 45 5 21 27 2 4 6 
#2 37 21 20 17 60 44 42 8 2 10 27 38 18 19 
#21 13 14 26 16 40 7 68 16 71 44 43 38 16 10 
#10 14 16 36 4 44 76 13 24 71 2 16 17 27 3 
#68 14 57 36 9 20 29 36 45 2 36 8 7 4 8 
#10 14 17 36 25 60 3 5 45 27 36 48 3 6 48 
#18 4 21 52 21 35 17 68 45 40 10 27 2 4 19 
#2 14 26 20 21 34 44 15 4 23 44 43 11 4 28 
#21 13 14 17 16 40 76 68 28 15 44 5 34 16 70 
#10 13 20 36 3 60 76 24 33 71 44 19 34 27 70 
#10 14 17 36 3 60 76 5 45 71 7 8 38 0 70 
#43 14 14 36 9 5 16 12 45 42 36 17 7 27 7 
#11 4 7 17 21 59 7 68 4 71 10 27 38 4 70 
#13 47 26 20 3 60 7 12 4 4 36 8 7 4 45 
#18 13 20 17 28 60 44 12 18 15 4 5 34 2 70 
#10 13 20 36 3 60 76 68 45 15 36 19 24 27 70 
#10 13 20 17 3 59 76 12 18 71 7 16 38 2 70 
#43 52 14 44 5 13 76 12 16 71 44 17 22 27 3 
#11 13 7 7 3 59 7 12 0 15 4 17 38 0 70 
#13 4 7 52 3 35 7 12 4 71 4 8 38 6 70 
#18 4 21 17 5 4 44 24 17 27 25 53 24 2 70 
#13 4 20 36 28 60 76 5 45 15 4 8 22 0 70 
#21 13 14 17 48 15 55 68 12 71 25 48 25 2 10 
#68 4 20 42 5 4 44 36 17 71 36 56 13 23 28 
#15 17 20 7 5 29 2 12 16 4 44 9 23 35 10 
#2 4 7 49 3 13 7 6 24 40 4 41 68 35 19 
#13 47 8 52 5 60 44 42 4 27 25 53 24 23 7 
#2 17 20 17 28 59 76 5 33 71 25 8 34 27 70 
#21 3 26 44 3 34 76 68 14 27 25 8 7 4 4 
#68 52 20 44 12 4 44 36 29 9 22 5 68 7 10 
34 58 28 20 12 33 
27 1 14 13 51 29 
56 15 19 40 57 59 
16 17 18 23 45 22 
2 52 47 39 38 42 
49 32 21 46 53 26 
#Base: 951
#Max: 540
#567823
#Turn 5
#68 3 26 44 3 20 29 36 45 2 36 8 7 4 8 
#21 3 26 44 3 34 76 68 14 27 25 8 34 4 4 
#13 4 20 7 3 60 76 68 4 27 25 41 34 23 4 
#13 4 20 7 3 60 76 5 18 15 25 5 23 7 70 
#10 14 16 36 4 60 76 5 18 71 44 16 34 7 70 
#2 37 21 52 5 60 44 42 33 2 22 16 38 0 70 
#43 47 14 7 5 60 44 12 16 71 44 17 38 0 19 
#43 47 20 17 3 60 76 12 24 71 44 17 38 0 70 
#10 47 20 36 3 60 76 5 45 71 7 19 22 0 70 
#13 52 8 44 9 60 76 5 14 15 22 8 68 0 10 
#13 47 8 52 3 60 44 12 4 71 25 53 24 23 70 
#13 47 7 17 5 59 7 12 18 71 36 8 23 6 70 
#13 13 20 36 3 59 76 5 45 71 7 17 38 2 70 
#10 17 20 17 28 60 76 5 33 71 7 8 38 0 70 
#2 17 20 17 28 4 76 5 33 9 22 8 34 27 10 
#13 4 21 1 28 60 44 68 24 71 4 16 24 6 70 
#43 13 20 36 3 4 76 68 45 15 36 16 24 2 70 
#43 4 20 17 3 60 76 68 12 15 25 48 24 6 10 
#10 4 20 44 48 59 76 68 12 15 25 19 24 0 70 
#10 47 20 17 3 60 76 68 17 15 36 19 24 0 7 
#21 13 8 17 5 15 55 68 12 71 21 16 38 2 10 
#21 52 14 44 5 15 76 12 12 71 44 48 25 27 10 
#10 13 20 36 5 13 76 24 16 71 44 17 22 27 3 
#10 13 20 36 16 40 76 68 28 71 44 19 34 16 70 
#11 4 14 17 16 40 7 68 4 71 10 27 38 16 70 
#21 13 7 26 16 40 7 68 16 71 4 8 38 16 70 
#13 13 57 52 5 40 7 68 16 27 4 53 38 16 10 
#13 47 20 52 3 59 7 12 17 27 4 16 38 6 70 
#10 4 20 17 5 59 44 36 17 71 7 16 38 2 70 
#68 47 20 42 5 35 27 36 24 71 36 41 17 23 19 
#68 37 57 36 9 20 27 36 33 2 36 8 7 4 70 
#2 52 26 7 3 34 44 68 16 27 10 8 38 0 19 
#2 14 20 44 5 60 16 68 16 71 44 17 38 0 4 
#13 47 7 7 5 60 76 42 4 71 25 41 34 0 70 
#13 13 20 36 28 60 76 5 18 15 44 8 34 0 70 
#9 14 8 44 4 44 44 68 24 71 2 16 68 4 10 
#13 37 8 52 5 35 27 42 4 2 22 53 34 23 70 
#2 52 21 17 5 60 44 42 0 71 36 8 38 6 70 
#13 13 20 44 5 59 16 12 18 71 36 17 38 2 10 
#10 47 17 17 3 60 76 5 45 71 7 8 34 0 70 
#2 4 20 36 28 59 76 5 45 71 4 8 34 0 70 
#9 52 8 44 12 34 44 68 29 9 22 8 68 4 10 
#13 4 17 52 28 60 44 42 4 71 25 53 7 23 7 
#13 13 7 17 3 60 7 68 24 71 36 8 24 2 70 
#43 13 20 44 5 60 76 68 18 71 36 5 23 2 70 
#10 14 17 36 3 60 76 5 45 71 25 48 38 0 70 
#2 13 20 36 3 59 76 68 33 15 25 8 34 27 70 
#68 52 20 17 12 60 76 5 17 71 4 5 24 7 10 
#13 27 8 42 28 60 7 68 4 71 4 16 38 0 70 
#18 13 21 17 3 4 55 68 12 71 25 16 24 2 70 
#43 13 20 44 5 13 76 68 45 71 44 5 22 6 3 
#21 13 20 44 48 60 76 24 33 71 44 48 25 0 70 
#10 13 20 17 3 60 76 68 28 15 36 5 24 16 70 
#11 47 7 17 21 59 76 68 4 71 10 8 24 0 7 
#68 4 7 42 3 44 7 12 16 71 21 16 38 0 10 
#21 13 14 17 48 15 7 68 12 71 25 43 38 2 10 
#43 52 57 44 5 35 7 24 17 71 4 17 38 27 70 
#10 13 20 17 3 60 76 24 33 71 7 19 34 27 70 
#21 4 14 42 16 40 44 36 28 15 44 56 34 16 28 
#68 47 17 17 21 35 7 42 24 71 10 27 17 4 19 
32 5 21 13 52 42 
17 34 47 8 16 35 
43 48 10 45 33 29 
40 18 7 51 23 56 
30 37 4 44 39 50 
49 15 57 12 46 53 
#Base: 951
#Max: 597
#627760
#Turn 6
#2 37 21 52 5 60 44 42 16 71 44 16 38 0 70 
#21 52 14 52 5 60 44 12 33 71 22 48 25 27 70 
#10 17 14 44 28 60 76 5 12 71 44 8 25 27 70 
#10 13 20 17 28 60 76 68 33 15 7 5 38 0 70 
#10 4 17 52 3 60 76 42 28 15 36 5 24 23 7 
#13 4 20 36 28 60 76 5 12 15 25 48 34 0 70 
#13 52 20 36 12 60 76 5 18 71 44 8 24 0 70 
#10 47 20 36 12 60 76 5 45 71 4 5 24 7 10 
#43 47 20 36 3 4 76 5 45 71 7 19 24 2 70 
#43 13 20 36 4 4 44 68 24 71 2 16 24 2 10 
#13 27 7 17 3 60 7 68 24 71 36 16 24 0 70 
#13 27 8 42 3 60 7 68 4 71 4 16 38 23 70 
#10 14 17 36 3 60 76 12 4 71 25 53 38 0 70 
#10 47 7 36 3 60 76 42 4 71 25 41 38 0 70 
#68 47 7 42 5 60 27 42 24 71 36 41 34 23 19 
#10 4 20 36 48 59 76 5 12 15 25 8 24 0 70 
#10 4 20 17 48 60 76 68 24 15 25 19 24 0 70 
#21 13 20 17 48 60 76 24 33 71 44 17 38 0 70 
#10 13 20 36 16 60 76 68 28 71 44 48 34 0 70 
#10 52 20 44 16 35 7 24 28 71 4 19 38 16 70 
#2 52 57 17 9 20 27 36 33 71 36 8 7 4 70 
#2 14 16 17 4 60 76 5 0 71 44 16 38 7 70 
#43 14 16 36 4 60 76 5 18 71 36 16 23 7 70 
#43 13 17 44 3 60 76 5 45 71 7 8 34 0 70 
#43 13 17 44 3 13 76 68 45 71 44 8 34 6 70 
#13 13 21 1 28 4 55 68 12 71 25 16 24 2 70 
#10 4 20 17 28 60 76 68 33 71 4 19 24 6 70 
#10 13 20 36 3 59 76 24 45 71 7 17 38 27 70 
#13 13 20 36 3 59 76 68 45 15 25 8 34 2 70 
#2 13 7 36 3 59 76 68 33 71 25 8 34 0 70 
#43 4 20 44 5 60 76 68 12 15 25 17 24 0 10 
#2 37 21 36 28 60 76 42 18 2 22 8 38 0 70 
#21 52 14 44 12 15 76 5 12 71 4 5 24 7 10 
#10 17 20 17 3 60 76 5 33 71 7 19 22 0 70 
#43 13 20 17 3 60 76 68 45 15 36 16 24 16 70 
#9 4 17 44 4 60 44 42 4 71 2 53 7 23 10 
#43 13 20 17 3 60 7 68 24 15 25 8 24 6 70 
#13 27 8 42 28 60 76 5 18 15 44 8 38 0 70 
#13 52 8 52 3 60 44 5 17 71 4 5 24 7 70 
#10 47 20 36 3 60 76 5 45 71 7 19 38 0 70 
#43 47 7 36 5 4 76 42 4 71 25 41 24 0 70 
#68 14 20 44 5 44 44 36 24 71 2 41 68 23 19 
#13 4 20 36 3 60 76 68 24 71 4 8 24 0 70 
#13 4 20 42 48 60 7 68 4 15 4 16 24 0 70 
#13 47 20 17 3 60 76 12 4 71 25 53 24 0 70 
#21 13 17 44 48 60 76 24 45 71 25 48 25 0 70 
#10 47 20 7 5 40 76 68 4 71 44 41 34 16 70 
#43 47 20 44 5 35 27 24 17 71 4 41 17 23 19 
#2 37 57 36 9 59 76 5 45 71 4 8 7 4 70 
#2 4 20 44 48 59 76 42 12 15 25 19 24 6 70 
#10 47 20 17 3 60 76 12 18 71 44 16 38 0 70 
#21 13 20 44 48 60 76 68 18 71 36 48 25 0 70 
#10 47 20 36 3 60 76 5 28 71 7 19 34 0 70 
#43 52 57 44 5 13 76 68 17 71 44 5 38 27 70 
#18 13 21 36 3 4 27 36 12 2 25 16 7 4 70 
#13 52 21 1 5 60 44 42 0 71 36 8 24 6 70 
#10 14 16 17 3 60 76 24 33 71 44 19 34 27 70 
#43 13 20 36 3 60 76 5 18 71 7 17 23 2 70 
#10 47 17 36 3 60 76 5 33 71 7 8 34 27 70 
#11 47 7 17 5 59 76 68 4 71 44 8 22 0 7 
3 57 42 23 58 16 
8 22 2 17 56 12 
52 41 13 24 46 50 
6 1 45 53 18 26 
28 48 39 51 29 0 
59 44 27 14 34 40 
#Base: 951
#Max: 630
#662461
#Turn 7
#43 13 20 17 3 60 76 68 33 15 7 5 23 2 70 
#13 13 20 36 3 60 76 68 24 71 4 8 24 0 70 
#43 4 17 44 3 60 76 68 45 71 7 8 34 0 70 
#43 47 17 44 3 60 76 5 45 71 7 8 34 27 70 
#10 47 17 17 3 60 76 68 33 71 7 8 24 27 70 
#43 47 20 36 3 60 76 5 45 71 7 19 24 7 70 
#10 17 16 36 4 60 76 5 12 71 36 16 23 7 70 
#21 17 20 44 48 60 76 5 12 71 44 8 25 0 70 
#10 13 20 17 48 60 76 24 33 71 44 19 34 27 70 
#10 14 17 36 3 60 76 24 33 71 25 19 34 27 70 
#68 14 20 36 3 60 44 36 24 71 7 19 68 23 70 
#68 47 7 44 3 60 44 36 4 71 25 41 38 23 19 
#10 13 17 36 3 60 76 68 4 71 25 8 34 0 70 
#43 13 17 7 5 40 76 68 45 71 44 41 34 16 70 
#10 47 20 17 3 60 76 12 18 71 44 16 38 0 70 
#21 52 20 36 5 60 44 12 33 71 22 8 24 27 70 
#21 13 17 52 48 60 44 12 45 71 22 48 25 0 70 
#43 13 17 44 48 13 76 68 17 71 44 5 38 0 70 
#10 52 20 44 5 60 76 68 17 71 44 48 34 27 70 
#10 13 20 17 28 60 76 68 33 71 4 19 34 0 70 
#2 37 20 36 3 59 76 5 45 15 4 8 34 2 70 
#2 47 57 36 9 60 76 5 45 71 7 8 38 0 70 
#10 47 20 44 48 60 76 68 45 71 36 48 38 0 70 
#21 13 7 44 3 60 76 68 18 71 36 48 34 0 70 
#2 13 7 52 3 60 44 42 33 71 25 8 38 0 70 
#11 47 20 17 3 59 76 12 4 71 44 53 24 0 70 
#10 13 20 17 3 59 76 12 4 71 25 53 38 27 70 
#10 47 7 36 3 60 27 24 45 71 36 17 38 27 70 
#68 13 7 17 3 60 76 42 45 15 36 41 24 16 70 
#43 47 7 17 3 60 76 68 45 15 25 16 24 16 70 
#43 47 20 36 28 4 76 5 45 15 7 5 38 2 70 
#43 14 16 36 3 60 76 5 18 71 7 16 23 2 70 
#13 17 20 36 28 60 76 68 12 71 44 8 24 27 70 
#21 13 17 17 3 60 76 24 33 71 44 17 34 0 70 
#10 14 17 36 3 60 76 24 33 71 44 8 34 27 70 
#10 4 17 17 3 60 76 68 24 71 25 19 24 0 70 
#43 47 20 36 3 4 76 5 45 71 7 19 34 0 70 
#68 14 20 36 4 60 76 5 24 71 36 41 23 23 70 
#10 17 7 36 3 60 76 42 4 71 44 8 38 0 70 
#43 13 20 17 48 13 76 68 33 71 44 8 38 0 70 
#10 14 16 17 3 40 76 24 33 71 44 41 34 16 70 
#10 47 20 17 3 60 76 12 18 71 25 16 38 0 70 
#10 47 20 36 12 60 76 5 28 71 7 8 24 0 70 
#68 52 20 52 5 44 44 12 24 71 2 41 68 27 70 
#10 13 17 36 48 60 76 24 45 71 25 48 38 0 70 
#43 52 17 44 5 13 76 68 45 71 44 8 34 27 70 
#10 47 20 7 16 60 76 68 4 71 44 48 34 16 70 
#10 47 20 17 28 60 76 68 18 71 4 19 38 6 70 
#13 13 20 36 12 60 76 68 45 71 44 8 24 2 70 
#2 37 57 36 9 60 44 5 33 71 22 48 7 4 70 
#21 13 17 36 48 60 76 24 45 71 25 19 25 0 70 
#43 52 57 44 48 60 76 68 17 71 36 48 25 0 70 
#2 13 7 36 3 59 76 68 28 71 25 8 34 0 70 
#2 4 20 17 5 60 76 68 16 71 44 16 24 6 70 
#11 47 7 36 5 59 76 68 45 71 25 8 22 2 7 
#13 47 20 36 9 59 76 5 4 71 4 8 7 0 70 
#10 47 20 36 3 60 76 24 45 71 7 17 38 27 70 
#68 47 20 44 48 60 76 68 18 71 36 41 34 0 70 
#2 13 20 17 3 60 76 68 33 71 25 8 24 16 70 
#43 37 7 52 5 60 44 42 16 71 25 16 24 0 70 
58 9 5 8 16 11 
25 34 50 46 47 29 
19 56 13 45 43 21 
48 44 18 51 22 37 
7 3 17 57 23 2 
52 4 10 32 39 28 
#Base: 951
#Max: 715
#751840
#Turn 8
#2 14 17 17 3 60 76 24 33 71 25 8 34 27 70 
#43 14 17 36 3 60 76 24 33 71 7 19 34 7 70 
#43 13 20 17 3 60 76 24 45 71 7 19 24 27 70 
#10 13 20 17 48 60 76 12 33 71 44 19 34 0 70 
#68 13 17 44 3 60 44 12 45 71 25 41 25 0 70 
#10 14 20 36 3 59 76 24 4 71 44 53 24 27 70 
#10 14 17 36 48 60 76 24 45 71 44 8 25 27 70 
#10 13 20 7 48 60 76 68 4 71 44 19 34 0 70 
#10 47 20 7 16 60 76 68 18 71 4 48 38 6 70 
#43 47 20 17 3 60 76 68 45 15 4 19 24 16 70 
#10 13 20 17 3 60 76 68 45 71 4 17 38 0 70 
#10 47 20 7 5 60 76 68 45 71 44 17 34 16 70 
#43 13 17 44 5 40 76 68 45 71 44 41 34 27 70 
#68 52 20 52 5 44 44 12 45 71 2 41 34 27 70 
#68 52 20 36 9 44 76 12 45 71 2 41 68 27 70 
#10 13 20 36 12 60 76 68 45 71 25 48 38 2 70 
#10 52 20 36 5 60 76 24 17 71 25 48 38 0 70 
#10 52 20 44 48 60 76 68 17 71 44 48 25 27 70 
#10 52 20 44 48 60 76 68 45 71 36 48 38 0 70 
#10 14 20 44 4 60 76 5 45 71 36 48 38 23 70 
#43 47 17 44 3 60 76 5 45 71 7 8 25 27 70 
#43 47 17 44 48 60 76 68 45 71 44 8 34 0 70 
#43 13 17 44 48 60 76 68 18 71 36 5 38 0 70 
#68 13 20 44 3 60 76 68 18 71 36 48 34 0 70 
#43 13 17 44 3 60 76 68 45 71 36 48 34 0 70 
#10 47 7 36 3 60 76 68 28 71 25 8 24 27 70 
#10 47 17 36 3 60 44 36 24 71 7 8 24 27 70 
#68 17 20 36 28 60 44 36 24 71 7 8 24 23 70 
#13 17 20 36 28 60 76 68 12 71 44 8 24 27 70 
#68 13 20 17 3 13 76 42 33 71 36 41 24 0 70 
#11 47 20 17 3 59 76 12 33 71 44 8 24 0 70 
#10 14 17 36 3 60 76 24 33 71 44 8 34 27 70 
#43 47 20 36 3 60 76 5 45 71 25 19 25 0 70 
#10 47 20 17 16 60 76 68 4 71 44 19 34 27 70 
#21 13 20 52 48 60 76 12 45 71 22 48 38 0 70 
#43 47 7 44 3 60 76 68 45 15 25 41 24 16 70 
#11 13 20 17 3 60 76 12 33 71 4 19 24 0 70 
#10 47 17 36 3 60 76 24 33 71 7 8 38 27 70 
#21 13 17 36 5 40 76 24 45 71 25 41 34 0 70 
#10 47 17 7 5 13 76 68 4 71 44 8 34 16 70 
#10 52 20 17 5 60 76 68 24 71 2 19 38 6 70 
#2 47 7 17 3 60 76 68 45 71 25 16 38 0 70 
#10 13 20 36 28 60 76 68 33 71 4 8 24 0 70 
#10 47 20 36 3 60 76 24 45 71 7 17 38 0 70 
#10 52 17 44 5 40 76 68 45 71 44 48 34 27 70 
#43 52 17 44 5 60 76 68 17 71 44 48 25 0 70 
#68 52 20 44 48 60 76 68 45 71 36 48 38 0 70 
#2 47 20 36 4 60 76 5 24 71 36 8 23 0 70 
#13 13 20 36 12 60 76 68 12 71 44 8 24 2 70 
#10 13 17 36 48 60 76 24 45 71 7 8 34 0 70 
#43 13 20 44 5 13 76 68 17 71 44 5 38 0 70 
#68 47 20 44 48 60 76 68 18 71 36 48 34 0 70 
#21 13 7 44 3 60 76 68 18 71 36 48 34 0 70 
#68 14 20 44 3 60 76 68 24 71 7 8 34 23 70 
#21 17 7 44 48 59 76 68 28 71 44 8 34 0 70 
#10 47 17 17 3 60 76 5 33 71 7 8 34 27 70 
#68 14 17 36 48 13 76 68 17 71 7 5 38 23 70 
#68 17 20 44 48 60 76 68 18 71 36 41 34 0 70 
#21 13 7 44 3 60 76 68 33 71 36 8 34 0 70 
#43 13 7 17 3 60 76 68 45 15 36 8 24 0 70 
4 58 19 13 56 32 
7 20 6 44 35 8 
16 33 14 21 57 28 
34 45 17 46 18 24 
41 11 22 51 12 15 
40 52 53 23 54 25 
#Base: 951
#Max: 744
#782334
#Turn 9
#21 13 17 44 3 60 44 12 33 71 36 8 25 0 70 
#10 13 20 44 3 60 76 5 45 71 36 48 34 23 70 
#68 14 20 44 5 44 76 5 45 71 36 41 38 27 70 
#68 52 20 52 5 44 76 68 45 71 7 41 38 27 70 
#43 47 17 36 48 60 76 68 17 71 7 5 25 23 70 
#10 13 20 7 48 60 76 5 4 71 7 19 25 0 70 
#10 14 17 44 3 60 76 5 45 71 7 8 25 27 70 
#10 52 17 44 5 60 76 68 45 71 44 8 25 27 70 
#43 52 17 44 3 60 76 68 45 15 44 41 34 16 70 
#10 47 7 44 16 60 76 68 18 15 25 41 38 16 70 
#10 52 20 36 5 60 76 68 4 71 25 48 38 0 70 
#68 52 20 36 9 44 76 12 45 71 2 41 34 27 70 
#43 47 17 36 9 60 76 68 45 71 2 8 68 0 70 
#43 47 17 44 48 60 76 68 18 71 36 41 34 0 70 
#68 17 20 44 28 60 76 68 12 71 36 8 24 27 70 
#21 13 20 52 5 60 76 12 17 71 22 48 38 0 70 
#10 52 20 44 48 60 76 68 17 71 44 48 25 0 70 
#10 52 20 44 48 60 76 68 45 71 36 48 25 27 70 
#68 52 20 44 48 60 76 68 45 71 36 48 38 0 70 
#10 13 17 44 3 60 76 68 45 71 36 48 38 0 70 
#10 47 20 17 3 60 76 68 45 71 44 17 34 0 70 
#10 47 20 44 48 60 76 68 18 71 36 5 38 0 70 
#68 47 20 44 48 60 76 68 18 71 36 5 38 0 70 
#68 47 20 44 48 60 76 68 45 71 36 41 34 0 70 
#43 13 17 36 5 40 76 68 45 71 25 41 34 2 70 
#10 13 7 44 3 60 76 68 18 71 36 48 34 0 70 
#21 13 20 44 3 60 76 68 18 71 7 8 34 0 70 
#68 13 20 44 3 60 76 68 18 71 36 48 34 0 70 
#68 17 20 44 48 59 76 68 18 71 36 8 34 0 70 
#21 17 7 36 3 60 76 68 28 71 44 8 24 0 70 
#10 13 20 7 3 60 76 68 45 71 25 19 34 0 70 
#43 13 17 44 3 60 76 5 45 71 36 8 34 0 70 
#10 14 20 36 48 60 76 24 45 71 36 8 38 27 70 
#68 52 20 52 5 40 76 68 45 71 2 41 34 27 70 
#68 14 17 44 48 13 76 68 45 71 7 5 38 16 70 
#10 47 20 36 3 60 76 5 18 71 25 19 25 6 70 
#10 52 20 36 5 60 76 24 17 71 44 48 38 0 70 
#43 47 20 17 3 60 76 5 45 71 7 8 25 27 70 
#10 52 17 36 48 44 76 24 45 71 2 8 25 27 70 
#10 47 17 44 48 60 76 68 45 71 44 48 34 0 70 
#43 17 20 44 3 60 76 68 45 71 36 41 24 0 70 
#10 47 20 36 16 60 76 68 18 71 4 8 38 27 70 
#10 13 20 52 5 60 76 24 45 71 22 48 38 0 70 
#43 52 17 17 5 60 76 68 17 71 44 48 34 0 70 
#10 52 20 44 48 44 76 12 45 71 44 41 25 27 70 
#43 52 20 44 48 60 76 68 45 71 36 48 34 0 70 
#68 52 20 44 48 60 76 68 18 71 36 48 34 0 70 
#43 13 20 44 3 60 76 68 12 71 44 8 34 27 70 
#21 13 20 52 48 60 76 12 45 71 25 48 38 0 70 
#43 47 20 7 5 60 76 68 17 71 44 48 25 16 70 
#43 13 17 44 48 60 76 68 18 71 36 5 38 0 70 
#68 52 20 44 48 60 76 68 45 71 36 48 38 0 70 
#43 13 20 44 48 40 76 68 45 71 44 48 34 0 70 
#10 13 20 44 12 60 76 68 45 71 25 48 38 0 70 
#2 47 7 17 3 60 76 68 45 71 2 16 38 0 70 
#21 47 7 44 5 60 76 68 18 71 44 48 34 16 70 
#43 14 20 44 48 60 76 68 24 71 7 5 34 0 70 
#68 13 20 44 48 60 76 68 18 71 36 48 34 0 70 
#43 17 17 44 48 40 76 68 45 71 44 8 34 0 70 
#10 13 7 36 12 60 76 68 45 71 25 8 24 27 70 
32 53 40 55 43 48 
34 21 27 3 58 2 
12 7 39 46 17 49 
16 13 45 18 23 52 
50 28 22 51 57 8 
47 4 14 33 44 11 
#Base: 951
#Max: 744
#782334
#10 13 20 36 12 60 76 24 45 71 36 48 38 27 70 
#10 17 20 44 3 60 76 68 45 71 36 48 38 0 70 
#21 47 7 44 5 60 76 68 45 71 36 48 24 0 70 
#43 47 7 17 5 60 76 68 18 71 44 48 34 0 70 
#43 13 20 52 5 60 76 68 45 71 44 48 34 0 70 
#68 14 17 44 48 60 76 68 45 71 7 5 38 16 70 
#68 13 20 44 48 60 76 68 18 71 36 5 38 0 70 
#68 52 20 52 3 60 76 68 45 71 36 41 34 27 70 
#68 52 17 52 5 44 76 68 45 71 7 8 34 0 70 
#43 14 20 44 5 40 76 68 45 71 36 41 34 27 70 
#10 52 17 44 5 60 76 68 45 71 2 8 68 27 70 
#10 47 17 44 5 60 76 68 45 71 44 48 34 0 70 
#10 47 20 44 48 60 76 68 18 71 36 48 34 0 70 
#10 52 20 44 48 60 76 68 18 71 36 48 25 0 70 
#10 47 20 44 48 60 76 68 45 71 36 48 25 27 70 
#10 52 20 44 48 60 76 68 17 71 36 41 34 0 70 
#43 52 17 44 48 60 76 68 45 71 36 48 34 0 70 
#43 52 20 44 48 60 76 68 45 71 36 48 38 0 70 
#68 52 20 44 48 60 76 68 45 71 36 48 38 0 70 
#43 13 20 44 48 40 76 68 45 71 36 48 34 0 70 
#68 17 17 44 48 60 76 68 18 71 36 5 38 0 70 
#68 17 20 44 48 60 76 68 18 71 36 8 34 0 70 
#68 52 20 44 48 60 76 68 45 71 36 5 38 0 70 
#68 13 20 44 48 60 76 68 45 71 36 48 34 0 70 
#43 13 17 44 3 60 76 68 18 71 36 41 34 0 70 
#43 47 20 36 48 60 76 68 17 71 44 8 25 23 70 
#43 47 17 44 28 60 76 68 17 71 7 8 25 23 70 
#68 17 20 52 28 40 76 68 12 71 36 8 34 27 70 
#68 52 20 44 5 40 76 68 45 71 44 41 25 27 70 
#10 52 20 44 48 44 76 12 45 71 44 41 34 27 70 
#10 14 17 36 48 13 76 68 45 71 7 8 38 16 70 
#10 13 20 44 48 60 76 68 18 71 25 48 38 0 70 
#43 13 20 44 3 60 76 68 45 71 36 48 34 0 70 
#68 52 20 44 5 44 76 68 18 71 44 41 38 27 70 
#43 17 17 17 5 60 76 68 17 71 44 48 34 0 70 
#68 13 20 52 48 60 76 5 45 71 25 48 38 0 70 
#43 14 17 44 48 60 76 68 45 71 2 5 68 16 70 
#10 47 20 44 48 60 76 68 45 71 44 8 38 27 70 
#10 47 17 44 48 60 76 68 45 71 44 48 34 0 70 
#68 52 20 44 48 60 76 68 45 71 36 48 38 27 70 
#10 52 20 44 48 60 76 68 45 71 36 48 25 27 70 
#43 14 20 44 5 44 76 5 45 71 44 41 25 27 70 
#43 52 20 44 48 60 76 68 45 71 2 48 68 0 70 
#43 52 17 44 5 60 76 68 18 71 44 8 34 27 70 
#10 47 20 44 48 60 76 68 45 71 44 48 34 0 70 
#68 52 20 44 48 60 76 68 18 71 36 48 38 0 70 
#10 52 20 44 48 60 76 68 45 71 36 41 25 0 70 
#43 13 20 44 5 60 76 68 17 71 44 48 34 16 70 
#10 13 17 44 48 60 76 68 18 71 36 48 25 0 70 
#43 17 20 44 48 60 76 68 18 71 36 8 34 0 70 
#43 47 20 44 48 60 76 68 18 71 36 5 34 0 70 
#68 52 20 44 48 60 76 68 45 71 36 48 38 0 70 
#68 47 20 44 48 60 76 68 45 71 36 41 34 0 70 
#43 13 17 44 48 60 76 68 45 15 44 48 34 0 70 
#43 13 20 44 3 60 76 68 18 71 44 5 34 27 70 
#43 47 20 36 48 60 76 68 18 71 36 5 34 23 70 
#68 47 20 44 28 60 76 68 12 71 36 5 38 27 70 
#68 52 20 52 5 60 76 68 45 71 36 41 38 27 70 
#10 13 20 44 48 60 76 68 45 71 44 41 25 0 70 
#43 52 17 36 3 60 76 12 45 71 2 41 34 16 70 
#Base: 951
#Max: 771
#810726
