#[0] 3, 3
#[1] 4, 3
#[2] 3, 4
#[3] 3, 2
#[4] 2, 3
#[5] 2, 4
#[6] 1, 3
#[7] 2, 2
#[8] 3, 1
#[9] 4, 4
#[10] 5, 3
#[11] 3, 5
#[12] 4, 2
#[13] 3, 0
#[14] 5, 4
#[15] 4, 5
#[16] 5, 2
#[17] 4, 1
#[18] 0, 3
#[19] 1, 4
#[20] 2, 1
#[21] 1, 2
#[22] 2, 5
#[23] 0, 4
#[24] 5, 1
#[25] 0, 2
#[26] 5, 5
#[27] 1, 5
#[28] 2, 0
#[29] 1, 1
#[30] 4, 0
#[31] 0, 5
#[32] 1, 0
#[33] 0, 1
#[34] 5, 0
#[35] 0, 0
#Turn 0
20 4 46 5 3 30 
18 44 9 2 50 12 
19 59 40 51 39 53 
43 34 8 57 23 33 
45 56 16 26 10 14 
48 24 11 15 13 49 
#Base: 896
#Max: 355
#396205
#Turn 1
#15 19 11 15 5 7 16 30 3 32 30 52 2 33 47 
#15 19 11 2 5 45 16 30 3 32 4 7 33 18 43 
#3 45 49 17 9 4 41 13 20 47 5 7 33 18 41 
#3 0 49 17 9 9 28 40 4 47 29 39 11 23 7 
#7 26 41 2 13 24 13 25 36 34 20 6 18 34 7 
#10 3 25 40 11 20 9 30 13 35 27 3 38 5 11 
#17 35 33 19 23 36 50 50 16 45 3 3 17 16 11 
#27 65 5 19 25 36 7 50 16 40 32 21 5 2 10 
#45 65 2 24 25 26 16 24 15 40 32 4 26 2 7 
#45 41 14 12 31 53 33 26 15 2 4 4 24 19 7 
#7 21 38 11 19 20 22 16 33 59 4 30 39 25 15 
#7 18 30 11 4 6 46 16 28 8 30 15 1 5 15 
#16 32 67 6 6 38 12 11 5 8 4 12 28 12 23 
#16 32 45 12 8 19 20 12 66 20 5 16 28 12 23 
#9 21 16 12 42 35 3 2 5 38 24 16 27 21 24 
#38 13 2 10 5 12 33 20 0 19 33 7 60 13 2 
#38 5 39 10 5 12 37 36 7 43 15 29 60 66 18 
#38 11 15 9 4 2 17 36 12 14 9 29 27 47 3 
#38 68 1 5 63 2 17 53 12 14 9 9 27 47 3 
#8 5 0 44 16 21 4 10 26 3 23 27 12 26 22 
#50 34 3 22 20 18 36 20 8 7 19 25 22 35 12 
#4 34 24 28 2 3 46 14 58 5 34 25 11 12 16 
#15 25 1 5 2 3 46 21 42 20 22 17 73 20 17 
#15 25 1 62 9 16 22 18 32 15 22 17 3 3 22 
#31 3 41 50 5 20 22 18 32 15 15 7 9 3 13 
#25 19 4 5 29 1 57 44 1 3 12 18 6 44 43 
#36 14 10 6 54 15 9 44 4 28 38 18 26 21 21 
#11 14 10 14 11 24 11 14 4 28 38 7 50 5 49 
#21 28 10 14 11 40 15 14 13 14 10 1 25 5 26 
#21 28 27 4 15 60 15 14 42 14 20 25 42 45 16 
#10 3 25 26 46 11 26 12 29 35 14 51 29 36 9 
#17 15 11 40 5 45 50 30 13 32 13 26 2 5 11 
#46 45 4 10 5 4 7 13 20 45 3 21 17 16 43 
#27 65 49 24 25 26 16 9 13 47 5 39 11 2 10 
#10 41 16 2 34 53 31 40 15 2 29 4 1 23 7 
#18 5 14 3 31 18 13 26 52 12 20 42 24 35 17 
#10 3 1 38 11 50 20 4 33 35 4 51 39 14 9 
#7 21 38 11 19 20 50 30 13 59 30 3 16 25 11 
#15 35 5 54 11 6 7 11 30 45 3 6 17 5 3 
#16 65 2 24 6 26 12 5 5 40 32 12 5 2 23 
#9 41 16 12 34 19 2 24 66 20 5 4 27 5 7 
#18 5 16 3 31 18 33 26 52 38 4 4 24 35 8 
#16 15 1 48 8 2 20 20 33 17 8 30 18 58 12 
#38 5 39 10 5 12 37 16 28 19 30 7 16 25 2 
#2 11 15 54 4 6 11 11 7 8 4 6 1 66 48 
#16 68 67 9 4 38 12 12 5 14 9 12 27 12 23 
#9 5 45 12 63 19 20 53 66 20 5 16 27 7 24 
#19 45 10 43 16 14 3 10 5 38 23 19 15 26 22 
#50 13 2 48 8 2 33 20 27 7 8 44 22 35 12 
#4 34 3 10 20 12 7 20 0 5 33 7 60 13 2 
#2 11 24 10 2 3 11 14 42 43 34 55 11 66 18 
#15 68 1 9 4 2 7 21 12 1 9 17 73 20 22 
#8 3 0 62 63 21 22 18 26 15 23 27 26 3 32 
#19 27 10 44 16 14 10 10 22 53 23 7 9 3 22 
#25 16 9 5 29 15 36 0 8 7 37 18 23 35 12 
#4 34 3 32 20 18 57 44 58 5 12 25 6 21 16 
#4 14 24 4 2 3 46 14 4 20 34 10 11 12 17 
#11 2 1 5 19 16 11 21 33 1 26 7 73 5 22 
#21 28 41 62 30 60 22 14 5 14 15 25 3 45 16 
#40 27 27 50 15 16 17 19 22 53 35 25 9 3 13 
0 34 30 25 10 12 
39 26 36 50 59 21 
9 13 33 51 45 48 
8 52 58 18 46 55 
3 37 29 16 22 2 
42 57 6 7 44 40 
#Base: 896
#Max: 420
#468750
#Turn 2
#15 41 16 15 34 7 31 30 15 32 30 4 2 23 47 
#10 41 25 2 34 11 31 40 15 2 29 51 29 23 7 
#25 19 4 26 46 1 26 44 29 3 12 51 6 36 43 
#25 21 38 5 19 20 22 16 1 3 4 18 6 25 15 
#7 21 38 11 6 38 12 16 33 59 4 30 28 12 23 
#16 65 2 6 54 26 9 44 4 28 32 18 5 2 21 
#36 3 1 38 54 50 20 4 4 35 38 18 26 21 21 
#2 11 1 38 11 50 11 4 42 43 34 55 11 66 18 
#40 11 24 50 2 16 11 19 42 53 34 25 11 3 13 
#40 27 24 28 15 3 17 14 58 53 34 25 11 12 16 
#45 41 45 12 8 53 20 12 15 2 5 4 28 19 7 
#16 32 49 24 8 26 16 9 66 47 5 16 28 2 23 
#15 68 49 9 25 2 7 21 12 47 9 39 11 20 10 
#15 68 67 9 4 38 7 21 5 1 9 12 27 20 23 
#16 68 67 48 8 2 12 12 5 7 9 44 27 12 23 
#8 3 0 24 63 26 16 18 26 40 23 4 26 3 32 
#8 3 41 62 63 60 22 18 26 14 15 25 3 45 16 
#21 68 1 62 30 60 17 14 5 14 15 25 3 47 16 
#9 68 1 5 63 19 17 53 12 20 9 16 27 47 3 
#4 5 3 32 20 19 57 44 66 20 5 16 6 21 24 
#3 21 38 11 9 9 50 30 13 59 30 3 11 25 7 
#7 21 38 11 15 20 50 30 13 14 30 25 16 45 11 
#21 28 39 4 5 60 37 14 42 43 20 25 60 45 18 
#15 25 1 10 2 3 46 36 7 20 15 17 60 66 18 
#3 25 49 17 9 4 46 13 42 47 5 17 73 20 41 
#16 15 1 5 19 2 20 20 33 17 8 7 18 5 22 
#17 2 1 19 19 36 11 21 33 45 26 7 17 5 22 
#17 65 33 19 25 36 50 50 16 45 32 21 17 16 11 
#2 11 5 19 25 6 7 11 16 8 32 6 1 2 10 
#9 11 15 54 4 6 11 11 66 20 4 6 1 66 48 
#16 19 2 15 5 7 16 30 3 40 30 52 5 33 47 
#10 14 16 6 34 53 9 44 4 2 29 18 26 21 7 
#10 3 25 38 11 11 20 4 33 35 14 51 29 14 9 
#2 11 24 10 2 1 11 14 1 43 34 55 6 66 18 
#40 27 27 50 19 16 22 19 22 59 35 30 9 3 13 
#4 34 67 28 2 3 46 11 5 8 4 25 28 12 16 
#16 41 2 12 6 26 33 26 15 2 32 12 5 19 7 
#36 32 10 6 54 19 20 12 4 28 5 16 26 21 23 
#27 3 49 38 25 26 16 4 13 47 5 39 11 2 9 
#2 11 1 9 2 3 11 14 12 43 34 55 73 66 22 
#16 27 27 9 15 16 12 19 5 53 9 12 9 3 23 
#50 34 24 48 8 2 33 14 58 5 8 25 11 35 16 
#45 41 2 24 31 26 33 26 15 40 32 4 26 19 7 
#16 32 0 12 8 21 20 12 26 20 23 16 28 12 32 
#21 65 41 24 30 60 22 14 13 14 5 39 3 45 16 
#38 68 1 5 4 2 17 53 12 1 9 17 73 47 22 
#16 5 67 12 63 19 20 12 5 20 5 12 27 12 23 
#50 34 3 32 20 18 33 44 58 5 12 25 22 21 12 
#45 65 2 17 9 9 28 24 4 47 32 4 26 2 7 
#7 3 0 11 63 21 50 18 26 59 23 3 16 3 11 
#21 28 41 4 15 60 22 14 5 14 15 25 42 45 16 
#38 5 1 10 63 12 17 36 7 14 15 29 60 66 3 
#15 25 1 12 2 19 20 21 66 20 22 17 73 20 24 
#4 34 49 17 9 4 57 44 58 47 5 7 6 21 41 
#3 0 49 48 8 9 28 40 4 47 29 30 18 23 12 
#11 21 1 5 19 20 50 21 33 1 26 7 16 25 11 
#17 28 33 4 15 60 50 14 16 14 3 3 17 45 11 
#27 5 39 19 25 36 37 36 16 43 15 29 5 2 10 
#2 25 1 5 4 6 11 11 42 20 4 6 73 66 17 
#3 41 16 12 9 4 2 13 20 20 5 4 27 18 7 
56 8 34 19 47 48 
50 2 41 51 11 33 
6 12 7 22 24 49 
44 53 17 45 39 14 
9 23 29 16 18 58 
54 5 13 27 52 46 
#Base: 896
#Max: 461
#514509
#Turn 3
#17 28 33 50 2 16 50 19 42 14 34 3 11 45 11 
#40 27 24 50 2 16 11 19 42 59 34 30 9 3 13 
#40 27 3 50 19 16 57 19 66 20 5 30 6 3 24 
#4 34 3 32 20 19 33 44 58 5 5 25 6 21 24 
#50 65 3 17 9 9 33 44 58 47 32 4 22 2 12 
#25 28 4 4 46 60 22 14 29 3 15 25 42 45 43 
#50 34 24 48 8 1 33 14 29 5 8 51 11 36 16 
#38 5 24 48 8 12 17 36 7 14 8 29 11 66 16 
#38 5 49 24 8 12 17 9 7 14 5 16 28 2 3 
#16 11 49 24 8 26 16 9 66 43 34 16 28 66 18 
#36 68 1 38 54 2 20 4 4 47 38 39 26 20 21 
#15 68 49 38 11 2 11 4 42 47 34 55 11 66 18 
#2 28 39 4 11 60 11 14 42 43 34 55 60 66 18 
#21 28 49 17 5 60 46 13 42 47 5 25 73 45 18 
#3 25 0 17 9 4 46 18 42 47 23 3 16 3 41 
#21 34 41 24 30 60 22 44 13 47 5 39 6 21 16 
#4 68 1 17 9 4 57 44 5 14 5 7 3 47 16 
#38 68 1 5 30 60 17 14 12 1 15 17 3 47 22 
#38 11 1 5 2 3 11 14 12 1 9 55 73 66 22 
#2 11 1 48 2 2 12 12 12 7 34 44 73 66 23 
#40 25 1 28 2 3 46 36 58 20 34 17 11 12 18 
#9 25 1 54 2 3 11 11 66 20 4 6 1 66 18 
#8 3 15 62 63 60 11 11 66 14 4 25 1 66 16 
#9 3 41 62 63 60 22 53 12 14 9 25 27 47 16 
#9 68 1 5 63 6 11 53 12 20 4 6 27 66 3 
#3 0 2 6 54 26 9 44 4 47 32 18 5 23 21 
#15 68 67 6 54 38 9 21 4 1 9 18 27 2 21 
#15 65 67 19 25 38 7 50 5 45 9 21 17 16 11 
#17 25 1 19 25 36 20 21 16 45 32 21 73 16 24 
#16 25 1 12 63 19 20 21 66 20 22 12 27 20 24 
#21 28 41 4 15 60 50 14 16 14 3 3 42 45 16 
#40 19 24 26 46 1 11 44 42 3 12 51 11 3 43 
#50 27 27 50 8 16 22 19 22 5 35 30 9 3 16 
#4 5 3 10 20 19 57 36 7 20 5 16 6 21 3 
#16 34 49 24 20 18 16 9 66 47 12 25 28 2 23 
#2 11 2 10 2 9 11 14 1 47 32 4 26 2 18 
#36 3 1 4 54 50 22 4 5 35 38 25 42 21 21 
#15 19 4 9 46 1 26 44 29 47 9 39 6 20 43 
#50 34 1 38 8 50 33 4 42 5 34 55 11 35 16 
#21 28 39 10 63 12 37 14 7 14 15 25 60 45 3 
#16 32 49 24 9 26 16 13 42 47 5 16 73 2 23 
#7 3 24 10 2 21 11 14 26 43 23 3 6 3 11 
#21 65 41 24 30 60 22 14 13 14 38 18 3 45 16 
#4 68 49 9 9 2 57 44 58 47 9 7 11 20 10 
#21 11 1 38 11 60 17 14 42 43 15 25 3 66 18 
#21 68 39 5 4 2 37 14 42 1 9 17 60 45 18 
#2 11 1 17 2 4 46 13 12 47 5 17 73 66 41 
#7 68 67 48 63 21 50 12 26 7 9 3 16 3 23 
#40 65 24 28 30 3 22 14 58 53 5 39 3 12 16 
#4 34 49 17 2 4 46 36 7 47 15 17 6 21 41 
#21 68 15 62 4 60 11 11 5 20 15 25 1 47 48 
#8 68 1 5 63 60 17 53 12 14 15 17 3 45 16 
#2 68 1 5 63 3 11 14 12 43 9 16 73 47 3 
#16 25 67 5 4 2 11 12 5 7 9 6 27 66 23 
#40 27 24 28 15 3 28 40 58 53 34 25 11 12 16 
#15 25 1 6 2 3 9 44 4 28 15 17 5 66 18 
#15 68 67 54 4 6 7 21 5 20 9 6 27 66 23 
#17 65 33 62 63 60 22 18 16 14 32 25 3 16 16 
#15 25 1 12 2 19 20 21 66 20 22 17 27 47 3 
#16 25 67 12 63 6 20 12 42 20 4 12 73 66 23 
34 54 38 10 26 5 
17 39 45 47 48 44 
2 19 57 11 23 42 
24 52 13 59 12 43 
15 27 51 22 56 4 
21 18 46 50 9 40 
#Base: 896
#Max: 494
#551339
#Turn 4
#16 34 49 28 20 18 16 40 58 47 34 25 28 2 23 
#50 34 24 28 8 3 33 40 42 5 34 25 11 12 16 
#50 34 1 38 8 2 33 4 4 5 34 39 11 20 21 
#15 68 67 6 54 2 9 21 4 47 38 18 27 2 21 
#25 28 4 6 46 38 9 14 4 1 9 18 27 2 21 
#38 68 39 10 30 12 17 14 12 1 15 25 3 47 22 
#21 68 39 5 4 2 37 14 7 14 15 17 60 45 18 
#7 68 39 5 4 2 50 12 42 1 9 3 60 45 18 
#7 68 67 28 30 21 22 12 58 7 9 3 16 12 16 
#40 65 1 28 30 3 17 14 42 53 5 39 3 12 16 
#2 11 3 48 19 2 12 19 12 20 34 44 6 3 23 
#17 65 1 62 2 60 12 12 16 7 32 44 3 66 23 
#17 65 33 38 63 2 11 4 42 47 32 55 3 16 18 
#15 3 49 62 63 60 22 4 42 14 34 25 27 66 16 
#21 3 41 62 30 60 22 53 12 14 38 18 3 45 16 
#9 68 1 5 63 6 11 53 12 43 4 6 27 47 3 
#2 68 1 5 63 3 46 14 12 47 9 16 73 47 3 
#21 25 67 12 63 6 46 12 42 47 4 25 73 66 23 
#16 28 39 12 63 6 20 14 42 20 34 55 60 66 18 
#2 28 39 9 9 2 11 14 42 47 34 55 11 20 18 
#15 65 41 24 25 60 7 50 5 45 5 39 17 21 16 
#15 68 67 5 25 38 17 53 5 45 15 17 17 16 11 
#8 68 15 5 63 60 17 53 12 14 15 17 1 66 16 
#8 68 67 62 4 6 11 21 5 20 4 6 1 66 16 
#15 65 67 17 4 9 7 21 58 20 9 6 22 66 23 
#9 25 1 5 2 3 11 14 66 20 9 6 1 66 22 
#38 11 1 5 2 3 46 14 12 1 5 17 73 66 41 
#2 11 15 62 4 4 46 11 5 20 5 17 73 47 48 
#21 68 15 24 4 26 16 11 66 20 34 16 1 47 48 
#16 32 49 24 9 26 16 9 42 43 5 16 73 66 18 
#38 34 49 5 20 18 17 9 12 47 15 17 3 2 22 
#40 28 39 10 15 3 28 14 7 14 15 25 60 45 16 
#50 34 39 38 8 2 37 14 42 5 34 17 60 35 18 
#7 68 67 48 54 21 20 4 4 47 38 3 16 20 23 
#40 68 24 28 54 38 9 21 4 53 5 39 27 2 16 
#25 11 1 38 11 60 22 14 29 3 15 25 3 66 43 
#38 68 3 5 30 16 17 19 12 1 15 17 3 3 24 
#2 11 1 48 2 12 37 12 12 7 34 25 60 66 3 
#17 65 33 62 63 60 22 18 16 1 9 25 3 16 18 
#7 68 67 38 11 21 50 4 26 47 9 55 11 3 23 
#40 65 41 28 30 3 22 14 12 14 9 25 27 47 16 
#21 65 41 38 30 60 22 14 42 43 38 18 3 45 16 
#9 68 1 50 63 6 57 53 12 20 4 30 27 66 3 
#2 11 1 5 63 3 12 14 12 7 34 16 73 66 3 
#21 28 49 62 63 60 22 18 42 14 5 25 3 45 18 
#16 68 49 38 11 2 11 12 42 20 34 55 11 66 23 
#2 3 41 62 11 60 22 53 42 14 34 25 60 66 16 
#21 68 49 24 9 60 57 14 58 47 9 7 3 45 10 
#21 68 41 24 63 60 11 44 13 47 4 6 27 21 16 
#2 65 1 5 25 38 7 50 12 43 9 16 17 47 3 
#8 28 49 5 63 60 46 53 42 14 5 17 73 45 18 
#16 25 15 12 63 60 11 11 66 20 4 25 73 66 23 
#15 28 67 54 4 60 7 21 5 43 9 6 60 66 23 
#4 68 3 17 9 2 33 44 58 47 32 4 22 2 12 
#9 25 41 54 30 3 22 44 66 47 4 6 6 66 16 
#38 11 67 19 2 38 7 14 5 45 9 21 73 16 11 
#8 11 1 5 2 60 46 13 12 47 15 17 3 66 16 
#8 68 15 62 63 60 11 11 5 14 4 25 1 66 16 
#16 11 49 24 4 26 16 21 66 20 34 6 27 66 23 
#50 32 49 17 9 26 33 13 58 47 5 4 22 2 23 
55 15 14 33 24 27 
7 21 38 47 54 3 
34 12 52 42 13 29 
48 57 46 17 51 22 
28 39 44 50 18 45 
32 23 11 16 41 20 
#Base: 896
#Max: 532
#593750
#Turn 5
#9 11 1 5 2 38 7 53 12 43 9 21 27 16 3 
#9 3 1 5 30 6 22 53 12 14 4 18 27 45 3 
#7 68 67 62 54 60 20 4 4 47 38 18 16 20 23 
#15 65 67 48 54 9 20 4 4 47 9 6 16 66 23 
#15 65 67 62 4 9 7 21 58 20 9 6 73 66 23 
#15 68 39 5 25 38 17 12 5 1 9 3 60 45 18 
#17 65 33 5 63 38 22 18 5 45 15 17 3 16 11 
#21 68 49 62 63 60 57 14 16 1 9 25 3 45 18 
#21 25 49 24 30 3 57 44 66 47 4 7 6 45 10 
#15 68 41 6 30 3 9 44 66 47 38 6 27 2 16 
#17 65 24 38 54 38 11 21 4 47 5 55 3 16 18 
#17 28 33 54 4 2 7 4 42 47 32 55 3 16 23 
#15 68 67 54 63 6 7 53 5 20 4 6 27 66 23 
#15 68 49 62 63 6 22 53 12 14 4 30 27 66 3 
#15 32 49 24 9 26 16 4 42 43 34 16 73 66 16 
#8 68 15 24 63 60 11 11 5 14 4 6 1 21 16 
#8 3 15 62 63 60 11 53 42 14 34 25 1 66 16 
#2 25 41 62 11 6 22 12 42 14 34 25 73 66 23 
#21 25 67 12 63 6 46 11 66 20 4 25 73 66 23 
#8 68 15 5 63 60 17 53 66 20 15 25 73 66 16 
#7 68 67 24 4 21 16 4 66 47 9 16 1 3 23 
#21 68 67 62 63 21 50 18 26 14 5 55 3 3 18 
#8 28 49 5 63 60 46 18 42 14 5 25 73 45 18 
#8 28 39 12 63 60 46 53 42 20 5 17 73 66 18 
#16 28 49 12 63 6 20 14 42 20 34 55 60 66 18 
#8 34 67 38 4 6 11 14 42 20 34 17 1 35 18 
#8 65 1 62 2 60 12 21 5 7 4 44 1 66 23 
#17 68 1 62 2 3 46 12 16 7 32 44 73 47 23 
#2 68 1 38 30 3 46 14 12 43 9 18 73 45 3 
#21 65 41 24 30 60 7 50 5 43 38 18 17 45 16 
#38 68 39 5 4 38 7 14 5 1 9 21 60 16 18 
#15 68 67 5 63 38 11 53 5 45 4 17 17 16 11 
#17 65 41 62 30 60 22 53 12 1 9 25 3 45 16 
#7 68 67 24 54 21 20 14 4 47 9 3 16 45 23 
#15 25 67 17 30 9 7 44 66 47 4 6 6 66 23 
#15 11 67 6 4 4 9 11 4 47 5 18 73 47 21 
#7 68 39 28 4 38 50 21 42 1 9 3 60 45 18 
#17 65 67 5 63 38 11 4 5 45 15 17 17 16 18 
#15 28 33 54 4 60 7 21 5 1 9 6 60 16 23 
#21 68 1 24 63 6 57 14 12 47 9 30 3 45 3 
#9 25 41 54 63 60 22 4 42 14 34 6 27 66 16 
#15 68 49 6 54 2 16 9 42 43 38 16 73 2 21 
#40 68 24 28 63 60 11 21 4 47 4 6 27 2 16 
#17 68 33 38 63 60 11 11 5 14 4 55 1 66 16 
#15 28 41 54 11 60 22 53 5 14 34 6 60 66 16 
#9 25 67 50 63 6 46 12 42 47 4 25 73 66 23 
#16 3 49 12 63 60 22 4 66 20 4 25 27 66 16 
#16 68 49 24 63 60 17 53 12 43 5 16 73 66 18 
#21 68 15 24 4 60 16 44 13 20 34 16 27 47 48 
#8 68 67 62 63 21 11 4 26 47 9 25 1 3 16 
#21 3 49 62 63 60 22 18 42 14 5 25 60 66 16 
#8 25 49 5 63 6 46 12 42 47 4 17 73 66 23 
#16 25 39 12 63 6 11 14 42 20 4 55 73 66 18 
#8 68 15 5 11 2 11 53 12 20 15 17 1 66 16 
#21 34 39 24 8 26 37 11 66 20 34 17 1 47 18 
#7 68 67 62 4 6 11 21 5 47 9 55 11 66 23 
#21 65 1 62 63 60 12 18 42 7 5 44 3 45 23 
#2 68 1 5 63 60 46 14 12 47 9 16 73 45 18 
#16 28 41 38 30 60 22 14 42 20 38 18 60 45 18 
#15 65 41 38 25 60 11 50 5 45 34 39 17 66 16 
34 31 3 16 27 29 
14 49 44 50 56 46 
32 43 7 18 4 40 
57 2 23 19 45 13 
17 24 59 47 12 22 
58 52 55 21 51 41 
#Base: 896
#Max: 583
#650670
#Turn 6
#15 68 67 17 30 38 11 44 5 45 4 17 6 66 11 
#15 68 67 5 54 9 20 53 4 47 4 6 17 16 23 
#15 65 67 62 63 60 20 4 42 47 9 6 1 66 23 
#8 3 1 62 2 3 46 12 16 14 34 44 73 66 16 
#21 65 1 24 2 3 46 50 16 43 32 44 73 47 23 
#8 32 67 62 63 26 16 4 42 43 34 16 1 66 16 
#15 68 67 54 63 60 11 53 5 14 34 6 60 66 16 
#15 28 41 54 63 60 22 18 5 14 5 6 60 66 16 
#21 3 1 62 63 60 22 18 42 14 5 44 60 45 16 
#21 65 49 12 63 60 22 4 66 7 4 25 3 66 16 
#17 68 41 62 30 60 11 53 12 14 4 25 1 45 16 
#21 68 33 62 63 60 11 11 5 1 9 25 1 66 16 
#21 68 49 62 63 60 46 14 66 1 9 25 3 45 23 
#21 65 67 12 4 9 46 11 66 20 9 6 73 66 23 
#15 65 67 62 4 9 22 21 42 20 9 6 73 66 16 
#2 68 1 62 63 60 46 14 4 47 38 18 73 45 18 
#8 68 39 62 63 60 46 4 42 47 5 18 16 66 18 
#8 28 15 12 63 60 17 53 42 20 15 17 73 66 18 
#8 68 67 5 63 60 46 12 66 20 4 25 73 66 23 
#9 68 49 62 63 6 22 53 42 14 4 30 73 66 3 
#2 25 49 12 11 6 22 14 42 20 34 55 60 66 18 
#16 28 41 38 25 6 20 50 42 45 34 39 60 66 16 
#15 65 49 38 25 60 11 53 5 43 5 16 17 66 16 
#16 68 49 54 63 60 17 53 5 43 5 16 27 66 23 
#8 68 67 5 63 60 46 53 42 14 5 6 73 45 18 
#16 25 39 38 63 60 22 14 42 20 38 18 60 45 18 
#7 25 67 62 4 6 11 21 42 47 4 55 73 66 18 
#7 68 67 62 63 6 50 18 26 47 9 55 3 66 23 
#8 68 49 5 63 6 46 12 42 47 4 55 3 66 23 
#15 68 49 5 63 6 16 12 42 43 4 17 73 2 21 
#15 25 67 17 30 26 16 44 42 47 4 16 73 66 23 
#8 68 67 5 63 21 11 53 5 47 9 17 1 16 11 
#15 28 67 48 11 9 22 4 5 14 34 6 60 66 16 
#8 3 49 62 63 60 11 53 42 14 34 25 1 66 16 
#17 68 1 62 63 3 12 12 42 7 32 44 3 47 23 
#21 65 49 12 30 60 7 50 5 20 4 25 27 66 16 
#17 65 49 62 9 60 22 4 42 43 9 25 3 66 16 
#8 68 67 38 63 21 11 11 5 47 4 55 1 3 16 
#21 68 41 62 63 60 22 14 5 1 9 6 60 45 16 
#21 25 67 62 63 60 46 11 66 20 5 25 73 66 23 
#15 65 1 62 4 60 7 18 58 20 9 44 3 45 23 
#9 25 41 12 63 60 22 4 66 20 4 6 27 66 16 
#17 65 41 62 30 60 22 14 12 47 9 25 73 45 18 
#17 68 67 62 54 60 11 4 5 47 4 55 16 20 16 
#21 28 39 12 63 60 46 14 16 1 9 25 3 45 18 
#21 25 67 5 63 60 46 53 66 20 4 25 73 66 23 
#15 25 67 50 4 9 7 21 42 47 9 25 73 66 23 
#9 25 41 54 63 6 22 4 12 14 4 6 27 66 3 
#2 25 1 5 11 60 22 12 12 14 9 25 73 66 23 
#7 68 49 12 63 6 20 4 4 47 34 55 16 66 18 
#15 28 41 12 63 60 46 53 5 20 5 39 73 66 16 
#16 68 49 5 63 60 17 53 66 20 5 16 73 66 18 
#15 25 67 54 63 6 7 12 5 20 4 25 27 66 23 
#15 68 49 62 63 60 22 53 12 14 5 30 27 66 3 
#2 28 41 62 11 6 22 14 42 14 38 25 60 45 18 
#16 28 49 12 63 6 11 14 42 20 34 55 73 66 18 
#7 68 67 38 4 6 11 21 5 45 9 39 17 66 16 
#16 68 67 62 63 21 50 18 12 14 5 16 3 66 18 
#8 68 49 54 63 6 7 53 42 20 4 6 73 66 23 
#15 68 49 6 63 60 46 9 42 43 38 25 73 2 21 
46 25 17 26 57 5 
36 9 33 27 43 55 
30 13 19 6 24 14 
59 15 51 39 45 23 
21 42 12 18 2 53 
4 28 50 16 58 38 
#Base: 896
#Max: 633
#706473
#Turn 7
#16 25 67 50 4 60 22 14 42 20 38 25 73 66 18 
#8 28 15 38 63 60 17 14 42 20 38 18 60 45 18 
#8 25 15 12 63 60 17 21 42 20 15 17 73 66 18 
#7 68 67 62 4 6 11 21 12 14 4 16 73 66 18 
#16 68 67 62 63 26 16 18 42 43 34 16 3 66 16 
#17 65 49 62 63 60 22 4 66 7 9 25 3 66 16 
#21 65 49 62 63 60 11 4 42 7 4 25 3 66 16 
#7 3 67 62 63 6 11 53 42 47 9 55 3 66 16 
#17 68 67 62 54 6 11 4 5 47 4 55 3 20 23 
#16 68 67 62 63 60 11 14 5 47 34 55 73 20 16 
#21 65 67 17 4 9 16 11 66 47 4 6 73 66 23 
#9 68 67 62 63 6 22 53 66 14 4 6 73 66 3 
#9 68 67 54 63 6 22 53 5 14 34 6 73 66 16 
#8 68 67 5 63 60 11 53 5 14 5 6 73 45 18 
#8 68 67 62 63 9 22 53 42 20 5 6 73 66 16 
#15 68 49 62 63 60 46 9 42 47 38 18 73 2 21 
#16 68 49 5 63 60 46 14 66 20 5 16 73 45 18 
#16 68 67 62 63 60 46 53 66 20 5 16 73 66 23 
#21 25 67 62 63 60 46 11 66 20 4 25 73 66 23 
#21 68 67 5 63 60 46 53 66 43 4 25 73 66 23 
#16 28 41 38 25 60 22 14 12 47 9 25 60 45 18 
#21 65 49 62 30 60 22 14 66 1 9 25 3 45 18 
#8 68 67 62 63 60 46 14 66 20 4 25 3 66 23 
#15 68 67 62 63 60 20 4 42 20 9 6 1 66 23 
#15 65 49 62 63 60 22 53 12 14 5 6 1 66 3 
#21 68 49 5 2 6 46 12 16 47 32 55 73 66 23 
#8 68 41 12 63 6 46 12 42 47 4 55 3 66 23 
#8 68 39 12 63 60 46 4 5 20 5 39 73 66 16 
#8 68 39 54 63 60 46 4 42 20 4 18 16 66 23 
#21 68 41 54 63 60 22 53 42 1 9 6 73 66 23 
#15 25 49 50 4 9 7 21 42 43 9 25 3 66 23 
#21 65 39 12 63 60 22 14 42 20 4 25 60 45 18 
#8 3 49 12 63 60 17 53 42 14 34 25 73 66 16 
#7 25 67 62 4 6 11 18 26 47 9 55 73 66 18 
#17 68 67 62 63 60 50 4 5 47 4 16 16 20 18 
#16 28 49 12 63 6 11 14 42 20 34 55 1 66 18 
#15 25 67 62 30 26 16 4 42 43 4 16 73 66 23 
#21 65 67 12 4 9 46 11 66 7 9 25 73 66 23 
#8 3 49 62 63 60 11 53 42 14 34 30 1 66 16 
#15 68 67 62 63 60 11 53 26 14 34 55 60 66 23 
#8 68 67 5 63 60 11 53 42 14 4 6 73 20 18 
#16 28 67 12 63 6 11 14 42 20 34 6 73 66 18 
#15 68 49 17 30 60 16 44 42 43 4 25 73 66 23 
#21 68 67 12 63 60 46 14 66 20 9 6 73 45 18 
#9 68 49 62 63 6 22 53 66 20 4 16 73 66 18 
#15 25 67 62 63 60 11 11 66 20 5 6 73 66 23 
#21 25 67 5 63 60 46 53 42 20 4 25 73 66 23 
#16 65 49 54 4 9 22 21 42 43 9 6 27 66 23 
#16 28 41 6 63 6 46 50 42 45 38 25 60 66 21 
#2 65 41 62 63 60 46 14 12 47 9 25 73 45 18 
#16 68 49 62 63 60 46 53 66 1 9 25 73 45 18 
#8 68 67 62 63 60 46 11 66 20 5 25 73 66 23 
#21 25 67 5 63 60 46 4 66 47 4 25 1 66 23 
#16 68 49 62 63 60 17 53 12 43 5 30 27 66 3 
#16 65 41 24 25 3 46 50 16 43 34 39 73 66 16 
#17 65 49 5 30 6 22 12 42 47 4 25 73 45 23 
#21 28 41 62 63 60 46 14 66 20 5 39 73 66 23 
#8 68 39 5 63 60 46 4 66 20 4 25 16 66 23 
#8 68 49 54 63 6 20 53 42 47 9 6 73 66 23 
#21 68 49 62 63 60 22 53 12 1 5 30 27 45 16 
34 52 48 45 4 27 
28 23 16 56 53 0 
32 42 9 50 18 12 
46 15 51 17 39 44 
59 49 11 19 29 58 
25 54 14 22 43 5 
#Base: 896
#Max: 704
#785714
#Turn 8
#21 68 67 62 63 60 46 4 66 47 4 16 16 66 18 
#16 28 67 5 63 6 46 4 42 47 38 25 1 66 23 
#16 28 67 6 63 60 11 50 42 20 5 6 73 66 21 
#15 68 67 62 63 60 11 18 42 43 34 16 73 66 23 
#16 68 67 62 63 26 16 4 42 43 5 39 73 66 16 
#8 68 67 54 63 60 20 4 42 20 9 6 16 66 23 
#15 68 49 5 63 60 46 4 42 20 5 16 73 45 23 
#16 68 41 5 63 60 46 14 66 20 5 39 73 45 18 
#16 28 41 62 63 60 17 53 66 20 5 30 73 66 23 
#16 25 67 62 4 60 22 53 42 43 5 30 73 66 18 
#15 3 49 12 30 60 17 44 42 43 34 25 73 66 16 
#15 68 67 17 63 60 16 44 42 43 4 55 73 66 23 
#16 68 67 62 63 60 46 53 66 1 9 55 73 45 16 
#16 25 67 62 63 60 46 11 66 20 4 25 73 45 23 
#9 25 67 62 63 6 22 53 66 20 34 6 73 66 23 
#15 25 49 62 63 60 46 53 42 47 38 25 73 66 21 
#15 68 67 62 63 60 46 9 66 47 5 25 73 2 23 
#8 68 67 62 63 60 46 53 66 20 5 25 73 66 23 
#15 68 67 62 63 60 11 53 26 14 5 16 60 66 23 
#15 68 67 62 63 6 22 53 66 20 4 55 73 66 23 
#2 65 41 62 63 60 46 14 12 47 5 30 73 45 18 
#9 65 41 62 63 60 46 53 12 47 9 6 73 45 18 
#21 68 67 5 63 6 22 53 66 14 4 25 73 66 23 
#21 68 41 54 63 60 46 53 66 1 4 6 73 66 23 
#8 68 41 54 63 60 22 53 42 47 9 6 73 66 23 
#21 68 41 5 25 3 46 12 16 47 32 39 73 66 23 
#16 68 41 24 63 3 46 53 42 43 5 39 73 66 16 
#8 68 67 62 63 60 22 14 42 20 4 6 73 66 16 
#8 68 67 62 63 60 46 14 66 20 9 6 3 66 23 
#17 68 67 12 63 60 22 4 66 20 9 6 3 66 16 
#8 68 67 62 63 60 50 4 5 20 4 18 16 66 23 
#21 68 67 62 63 60 20 4 66 20 4 6 1 66 23 
#16 28 49 5 63 6 46 14 42 45 5 25 73 45 21 
#15 25 67 62 63 60 46 11 66 20 5 39 73 66 23 
#16 68 49 62 63 60 17 53 12 43 34 30 27 66 3 
#16 25 39 12 63 60 46 4 5 20 38 39 73 66 18 
#8 68 39 12 63 60 46 53 42 14 4 18 73 66 16 
#15 68 67 17 30 60 20 44 42 43 4 25 1 66 23 
#16 68 49 5 63 60 11 14 5 20 34 55 73 20 16 
#16 28 41 62 63 60 46 53 66 1 9 25 73 66 18 
#16 68 67 62 63 60 46 11 12 20 4 25 27 66 23 
#16 68 67 54 63 6 22 53 5 20 38 25 73 66 18 
#8 3 67 5 63 60 17 53 42 20 4 25 73 66 23 
#15 68 49 17 63 60 46 9 42 43 38 18 73 66 21 
#8 68 67 62 63 60 46 11 66 20 34 25 73 20 16 
#16 68 67 62 63 60 46 53 66 1 5 25 73 66 23 
#21 25 67 62 63 60 11 11 26 14 34 55 60 66 23 
#9 68 49 62 63 6 22 53 5 14 34 6 73 66 16 
#21 68 67 62 63 60 22 53 12 1 4 25 27 66 23 
#15 65 41 62 63 60 46 9 42 47 9 18 73 2 18 
#9 68 67 62 63 6 22 11 66 14 4 6 73 66 23 
#21 68 67 5 63 60 46 53 66 43 5 25 73 66 23 
#21 68 67 62 63 60 11 53 42 1 34 6 60 66 23 
#8 68 49 54 63 6 22 53 42 20 4 6 73 66 23 
#21 68 49 5 2 6 22 53 12 47 32 55 27 66 23 
#16 65 41 62 25 60 46 14 16 47 9 39 73 45 18 
#9 68 67 62 63 6 22 53 42 14 4 6 73 66 16 
#8 68 67 62 63 60 46 14 66 43 4 25 3 66 23 
#21 68 41 54 63 60 46 14 66 1 9 6 73 66 23 
#8 68 49 54 63 60 20 53 42 47 9 25 3 66 16 
7 36 46 57 13 20 
59 27 18 3 58 14 
41 21 11 51 19 4 
16 23 15 17 45 52 
9 8 24 12 33 39 
28 34 0 44 43 26 
#Base: 896
#Max: 705
#786830
#Turn 9
#16 68 39 5 63 60 46 14 42 20 4 18 73 66 16 
#21 68 67 12 63 60 46 53 26 14 4 55 60 66 23 
#8 25 67 62 63 60 46 14 66 14 34 55 3 66 23 
#16 68 67 62 63 60 46 11 66 43 4 25 73 66 23 
#2 25 67 62 63 60 46 14 12 47 5 30 73 45 18 
#8 68 49 54 63 60 22 14 42 20 9 6 3 66 16 
#8 68 67 62 63 60 22 53 26 14 5 16 73 66 16 
#15 68 67 62 63 60 11 53 42 14 34 16 73 66 23 
#15 68 41 62 63 60 11 18 66 43 34 6 73 66 23 
#9 25 41 62 63 60 46 53 66 20 9 6 73 66 23 
#16 68 67 62 63 60 46 53 5 20 9 25 73 45 18 
#15 65 67 62 63 60 46 53 42 47 9 6 73 45 23 
#21 68 67 5 63 60 46 44 66 43 5 55 73 66 23 
#21 68 67 62 63 60 46 53 66 43 4 25 73 66 23 
#15 68 67 62 63 6 22 53 66 20 5 39 73 66 23 
#21 68 41 54 63 60 46 53 66 1 5 6 73 2 23 
#21 68 41 54 63 60 46 53 66 1 4 25 73 66 21 
#8 68 67 62 63 60 46 53 42 47 5 25 73 66 21 
#16 68 67 62 63 60 46 53 66 1 5 25 73 66 23 
#16 68 67 62 63 60 46 53 42 1 5 6 73 66 23 
#16 25 41 62 4 60 17 53 42 43 5 30 73 66 18 
#16 68 41 54 63 60 22 53 42 47 5 30 73 66 23 
#8 68 67 62 63 60 22 53 42 1 9 55 73 45 23 
#15 68 67 62 63 60 46 53 66 20 9 55 73 66 16 
#16 28 67 62 63 60 46 53 66 1 9 39 73 66 23 
#16 68 67 62 63 60 17 14 66 20 34 6 3 66 3 
#16 68 49 62 63 60 17 53 66 43 4 16 16 66 18 
#21 68 67 62 63 60 46 4 66 47 4 16 16 66 18 
#15 68 49 62 63 60 46 9 66 43 34 25 73 20 16 
#15 68 49 17 63 60 46 9 42 43 5 18 73 66 16 
#8 68 41 54 63 60 46 14 42 47 9 39 3 45 16 
#8 68 39 62 63 60 22 53 42 14 4 6 73 66 16 
#15 25 67 62 63 60 11 11 26 14 5 16 60 66 23 
#8 68 67 62 63 60 46 14 66 43 34 16 3 66 23 
#16 68 41 62 63 60 46 11 66 1 9 6 73 45 23 
#9 25 67 62 63 60 22 14 12 20 5 6 73 45 23 
#16 68 49 54 63 60 20 53 42 47 9 25 3 66 18 
#8 68 67 62 63 60 46 14 42 47 4 6 73 66 18 
#15 68 67 17 63 60 11 53 26 14 4 16 73 66 23 
#21 68 67 62 63 60 46 18 42 43 5 16 73 66 23 
#21 68 41 54 63 60 46 53 66 1 9 6 73 66 23 
#16 25 67 62 63 26 22 4 66 43 5 39 73 66 16 
#15 68 67 54 63 6 22 53 5 20 38 25 73 66 23 
#21 68 41 62 63 60 46 53 66 1 4 6 73 45 18 
#15 68 67 17 63 60 46 53 42 43 4 25 73 66 23 
#21 68 67 62 63 60 46 53 66 20 5 25 73 66 23 
#15 68 67 62 63 60 46 53 66 20 4 55 73 66 23 
#16 68 67 62 63 26 11 53 42 43 34 39 73 66 16 
#16 25 67 62 63 60 22 9 42 43 5 25 73 2 23 
#21 28 41 54 63 60 46 53 66 20 5 6 73 66 23 
#15 68 41 62 63 60 46 53 42 47 9 25 73 66 23 
#8 68 67 62 63 60 46 53 66 20 5 55 73 45 16 
#15 68 67 62 63 60 46 11 66 1 5 39 73 66 23 
#21 68 41 62 63 60 46 53 66 1 34 6 60 66 23 
#8 68 67 62 63 60 22 53 66 43 5 30 3 66 23 
#16 68 49 62 63 60 17 53 66 20 34 30 27 66 23 
#21 68 41 62 63 60 22 4 42 47 4 6 73 66 23 
#16 68 67 62 63 60 46 11 66 1 34 55 73 20 16 
#15 68 49 17 63 60 46 9 42 43 38 18 73 66 21 
#16 68 41 24 63 3 46 53 66 43 9 25 73 66 16 
9 10 14 55 8 58 
54 37 52 12 16 19 
1 28 50 17 51 57 
7 3 45 13 23 11 
33 44 39 46 47 24 
49 22 53 18 21 40 
#Base: 896
#Max: 741
#827009
#9 25 67 62 63 60 46 53 5 20 9 25 73 66 23 
#15 68 67 62 63 60 46 53 5 20 5 39 73 66 18 
#15 68 67 62 63 60 17 53 66 20 5 39 73 66 23 
#15 68 41 62 63 60 11 53 66 43 34 6 27 66 23 
#15 68 49 17 63 60 46 18 42 43 38 18 73 66 23 
#8 68 67 62 63 60 22 53 42 43 4 30 3 66 18 
#15 68 67 62 63 60 46 11 66 47 5 39 73 66 18 
#21 68 67 5 63 60 46 11 66 43 5 55 73 66 23 
#21 68 41 54 63 60 46 44 66 43 4 55 73 66 21 
#16 68 41 54 63 60 46 53 66 1 4 25 73 66 21 
#21 68 49 62 63 60 46 9 26 43 34 25 60 20 23 
#15 68 49 62 63 60 46 9 66 43 34 25 73 66 23 
#8 68 41 62 63 60 46 53 42 47 5 25 73 66 23 
#8 68 67 62 63 60 46 53 42 47 5 25 73 45 21 
#8 68 67 62 63 60 46 53 66 1 5 55 73 20 16 
#16 68 67 62 63 60 46 53 66 43 4 25 73 66 23 
#16 68 67 62 63 60 46 53 66 43 4 25 73 66 23 
#21 68 67 62 63 60 46 53 66 43 4 25 73 66 23 
#21 68 67 62 63 60 46 53 66 43 4 55 73 66 16 
#15 68 67 62 63 60 46 53 42 20 9 6 73 66 23 
#8 68 67 62 63 60 46 14 66 43 34 16 3 66 23 
#15 68 67 62 63 60 46 18 42 43 5 25 73 66 23 
#15 68 67 62 63 60 46 18 42 43 4 16 73 66 23 
#15 68 67 62 63 60 46 53 42 43 34 55 73 66 23 
#16 28 67 62 63 60 11 53 66 43 9 39 73 66 16 
#21 68 67 62 63 60 22 53 66 1 9 55 73 66 23 
#8 68 67 62 63 60 22 53 66 1 9 55 60 66 23 
#16 68 67 62 63 60 46 53 66 1 5 25 73 66 23 
#16 68 67 54 63 60 46 53 66 1 5 30 73 66 23 
#16 68 41 54 63 60 46 53 42 47 5 6 73 66 23 
#8 68 41 62 63 60 46 53 66 20 5 6 73 66 23 
#16 68 67 62 63 60 46 14 5 20 9 6 73 45 18 
#15 68 67 62 63 60 22 53 66 20 5 39 73 66 23 
#16 68 67 62 63 60 17 44 66 20 5 30 73 66 23 
#15 68 41 54 63 60 46 18 66 1 34 25 73 66 23 
#16 68 49 17 63 60 46 9 42 1 38 18 73 66 23 
#21 68 67 12 63 60 46 53 26 14 4 30 3 66 23 
#15 68 67 62 63 60 46 14 42 47 34 6 73 20 18 
#15 68 67 62 63 60 46 53 66 1 9 39 73 66 23 
#21 68 67 62 63 60 46 53 42 47 5 25 73 66 23 
#8 68 67 54 63 60 46 53 66 1 4 55 73 66 16 
#16 68 67 62 63 60 46 53 66 1 5 55 73 66 23 
#21 68 67 12 63 60 46 53 42 14 34 55 73 66 23 
#15 68 49 62 63 60 46 11 66 43 34 25 73 20 16 
#15 68 67 62 63 60 46 53 66 47 5 25 73 66 23 
#21 68 67 62 63 60 46 53 66 43 5 25 73 66 21 
#15 68 67 62 63 60 46 53 66 20 5 55 73 45 16 
#15 65 67 62 63 60 46 11 42 47 34 6 73 20 23 
#15 68 67 62 63 60 11 53 66 43 34 16 3 66 23 
#15 68 67 17 63 60 46 11 66 43 4 25 73 66 23 
#21 68 67 62 63 60 46 53 66 43 5 16 73 66 23 
#21 68 67 62 63 60 46 53 66 43 4 25 73 66 23 
#16 68 67 62 63 60 46 53 42 43 9 55 73 66 16 
#15 28 67 62 63 60 46 53 66 1 9 6 73 45 23 
#21 68 67 54 63 60 46 53 66 43 34 6 3 66 23 
#15 68 67 62 63 60 22 53 42 1 9 25 73 66 23 
#21 68 67 62 63 60 46 18 42 1 5 6 73 66 23 
#16 68 67 62 63 60 46 53 66 1 4 25 73 66 23 
#16 68 41 62 63 26 11 53 42 43 5 39 73 66 16 
#16 28 67 62 63 60 46 53 66 1 9 39 73 66 23 
#Base: 896
#Max: 770
#859375
