#[0] 3, 3
#[1] 4, 3
#[2] 3, 4
#[3] 3, 2
#[4] 2, 3
#[5] 2, 4
#[6] 1, 3
#[7] 2, 2
#[8] 3, 1
#[9] 4, 4
#[10] 5, 3
#[11] 3, 5
#[12] 4, 2
#[13] 3, 0
#[14] 5, 4
#[15] 4, 5
#[16] 5, 2
#[17] 4, 1
#[18] 0, 3
#[19] 1, 4
#[20] 2, 1
#[21] 1, 2
#[22] 2, 5
#[23] 0, 4
#[24] 5, 1
#[25] 0, 2
#[26] 5, 5
#[27] 1, 5
#[28] 2, 0
#[29] 1, 1
#[30] 4, 0
#[31] 0, 5
#[32] 1, 0
#[33] 0, 1
#[34] 5, 0
#[35] 0, 0
#Turn 0
21 20 11 9 12 56 
5 18 55 8 44 4 
57 1 40 22 52 49 
23 42 28 41 46 45 
6 37 43 59 0 51 
31 13 14 48 36 34 
#Base: 893
#Max: 351
#393057
#Turn 1
#13 14 19 22 25 19 37 16 22 3 12 13 19 20 23 
#40 14 19 5 45 38 7 29 29 1 12 4 24 15 47 
#40 10 9 5 34 16 7 29 18 1 7 13 24 15 41 
#43 10 3 6 34 16 26 20 23 31 7 33 17 31 12 
#3 37 3 35 31 32 51 9 5 31 8 22 40 34 12 
#29 6 32 9 2 8 47 15 33 17 14 16 3 41 33 
#19 15 15 27 14 34 41 10 33 47 14 41 33 39 31 
#10 4 31 30 14 47 18 8 4 28 35 11 36 39 11 
#14 4 31 30 12 11 18 8 4 32 5 19 36 31 11 
#10 11 43 18 25 10 14 24 38 57 37 6 13 14 13 
#28 12 27 27 7 26 40 3 40 49 1 23 26 9 19 
#4 8 27 13 12 19 33 18 24 11 25 65 48 6 11 
#5 8 59 10 15 5 26 18 24 26 0 65 37 6 11 
#36 17 59 17 8 12 26 13 22 4 1 13 5 13 13 
#51 23 10 17 24 35 16 34 21 19 1 34 11 4 10 
#21 25 28 0 41 18 4 12 0 34 13 8 2 27 63 
#17 9 21 0 18 18 8 12 0 42 5 5 17 14 63 
#14 74 16 11 21 9 8 29 15 13 28 5 40 10 17 
#4 74 12 11 21 9 20 15 15 48 13 4 40 10 24 
#13 18 12 4 59 9 20 9 19 48 15 26 20 31 26 
#29 20 18 13 24 24 11 34 9 1 40 34 59 8 7 
#29 26 18 41 0 24 21 20 9 43 6 34 59 2 1 
#10 5 11 2 51 72 21 2 15 7 6 4 7 2 1 
#21 5 39 34 38 24 14 2 26 7 6 6 23 1 47 
#21 4 34 16 10 24 14 50 26 0 4 4 23 1 47 
#35 12 5 19 32 13 13 10 44 29 32 16 13 13 53 
#51 12 15 28 51 13 15 27 21 29 19 21 17 6 23 
#51 41 15 28 11 3 33 48 16 27 19 57 17 6 23 
#12 17 3 22 11 17 33 21 45 27 0 9 38 59 3 
#12 17 8 22 21 37 9 21 45 19 38 9 1 36 26 
#29 53 22 22 25 8 47 20 22 17 7 16 3 20 27 
#19 6 15 41 45 20 9 15 33 3 12 4 33 45 23 
#3 15 14 5 34 38 7 29 18 1 35 11 24 15 47 
#43 4 31 30 34 11 18 20 4 32 7 19 5 65 11 
#14 12 3 52 8 1 14 11 38 14 5 33 17 31 13 
#10 11 17 18 25 10 28 16 36 57 8 22 29 14 10 
#29 40 32 27 7 26 40 2 32 49 1 16 26 9 19 
#19 6 15 27 2 34 7 3 33 11 14 41 33 2 19 
#5 8 25 10 21 19 41 10 24 26 0 11 4 39 11 
#36 4 31 30 15 5 26 14 24 4 5 13 36 13 11 
#51 12 43 52 8 12 16 13 22 14 5 39 5 31 13 
#0 11 13 17 25 35 28 24 21 19 5 6 29 14 13 
#28 8 8 27 7 26 40 55 12 49 13 23 2 13 2 
#11 25 27 0 12 54 4 12 0 34 25 15 17 27 19 
#5 9 25 11 21 19 8 29 13 42 0 65 37 6 11 
#14 74 16 53 15 9 26 15 24 13 13 6 8 10 13 
#4 17 12 17 21 9 16 13 19 6 15 4 5 23 26 
#13 23 21 17 24 25 39 19 13 19 6 26 11 31 50 
#19 8 8 38 24 49 11 55 18 27 13 47 4 13 2 
#11 25 18 0 41 18 4 12 0 1 28 8 59 27 63 
#31 38 21 2 18 10 8 20 47 43 6 5 67 14 17 
#10 74 16 34 21 9 11 2 15 13 5 6 7 16 24 
#4 4 39 11 21 24 14 59 26 48 15 4 20 1 47 
#13 13 34 15 10 25 14 50 44 39 6 26 11 31 50 
#19 20 21 13 32 49 11 34 44 27 40 35 10 13 39 
#29 12 5 41 0 24 19 6 23 1 28 34 13 23 53 
#51 41 15 28 51 2 21 20 47 43 6 4 17 6 23 
#12 5 3 34 11 72 33 48 16 7 0 6 38 16 17 
#21 17 39 22 11 24 9 59 26 0 38 9 1 1 47 
#19 12 8 53 10 21 14 18 44 39 42 10 13 36 24 
10 26 15 21 51 1 
25 36 4 12 40 20 
9 59 45 56 49 44 
33 52 50 27 18 54 
19 11 6 57 53 58 
30 28 22 17 48 42 
#Base: 893
#Max: 413
#462486
#Turn 2
#28 12 15 27 51 26 15 27 40 29 1 23 17 6 19 
#21 12 28 0 51 13 4 27 0 34 19 21 17 6 23 
#29 25 28 0 0 18 21 20 9 34 13 34 59 2 63 
#10 74 18 41 21 9 21 20 9 13 5 6 59 2 1 
#40 74 16 5 21 38 7 2 15 1 5 4 24 15 24 
#35 40 5 19 7 26 40 2 44 29 1 16 13 13 53 
#3 37 3 35 7 32 51 2 5 31 1 16 26 9 19 
#3 37 59 10 15 32 26 18 24 31 8 65 37 34 11 
#51 12 59 10 8 12 16 18 24 14 5 65 5 31 13 
#29 12 18 52 8 12 11 34 9 14 5 39 59 8 7 
#19 11 8 18 10 10 14 18 44 39 42 10 13 14 13 
#19 74 16 53 15 21 14 15 44 13 13 10 13 10 24 
#14 41 15 28 51 2 21 20 47 13 13 4 8 10 13 
#11 25 15 28 51 18 4 12 0 1 28 8 17 27 63 
#11 9 18 0 21 18 8 29 13 1 0 8 37 6 11 
#43 4 39 30 34 24 18 59 4 48 15 19 5 65 47 
#31 4 39 11 18 24 8 20 26 43 15 4 67 1 47 
#51 41 15 2 18 10 33 48 16 27 19 57 17 14 23 
#51 74 15 11 21 9 33 48 15 27 13 57 40 10 23 
#19 20 12 13 32 49 20 34 44 27 13 35 10 10 39 
#13 18 12 4 12 9 33 9 24 11 15 26 20 6 11 
#4 15 15 27 14 19 41 18 33 47 14 41 33 6 11 
#12 15 15 27 14 34 33 48 16 7 14 6 38 16 31 
#12 5 34 34 11 72 14 50 16 39 0 26 11 16 50 
#13 13 39 15 10 24 14 59 44 39 6 26 1 31 50 
#12 17 22 22 25 17 47 20 22 17 7 9 3 20 3 
#10 5 11 22 51 17 21 2 15 7 0 4 7 59 1 
#14 5 11 11 51 9 8 2 15 13 28 5 40 2 17 
#19 74 16 11 21 49 11 29 15 13 28 47 40 13 2 
#19 8 8 27 7 26 40 55 12 27 13 47 2 13 2 
#28 12 27 27 7 13 40 3 44 49 32 23 13 9 53 
#51 40 15 28 51 26 15 27 21 49 1 16 26 9 19 
#21 37 3 35 31 18 4 9 5 34 8 22 40 27 12 
#5 26 18 10 15 5 21 20 9 26 6 34 37 2 11 
#51 12 43 34 21 9 11 2 22 13 5 6 5 31 24 
#40 14 18 13 24 24 11 34 9 1 40 34 24 8 47 
#35 11 5 18 25 13 13 24 38 57 32 6 13 14 53 
#19 40 8 27 7 21 40 2 32 49 42 10 13 9 24 
#14 74 3 35 31 32 51 9 24 31 13 6 40 10 12 
#5 8 15 28 15 2 26 20 47 43 6 65 17 6 11 
#11 25 18 52 41 12 16 13 0 14 28 8 59 31 63 
#5 20 18 11 21 24 8 29 9 42 40 65 37 8 11 
#43 4 43 30 25 11 18 24 4 32 7 6 13 14 11 
#4 4 8 11 10 21 14 18 26 48 42 10 13 36 47 
#14 38 16 2 18 9 26 20 47 43 13 6 8 14 13 
#51 41 15 28 51 2 21 48 16 27 19 4 17 6 23 
#11 25 18 11 21 18 4 12 0 48 13 4 40 27 24 
#5 9 21 11 32 49 8 29 13 27 40 35 37 13 39 
#43 4 31 30 59 9 18 20 19 32 7 19 5 31 26 
#4 8 27 13 21 24 33 59 24 48 15 4 20 1 47 
#19 38 15 2 14 10 41 10 33 47 14 5 33 14 31 
#12 41 3 34 11 72 33 48 16 27 19 57 38 6 23 
#4 13 34 15 10 9 20 15 15 48 13 26 40 31 24 
#21 20 39 22 11 24 9 34 44 0 38 9 10 1 47 
#13 18 12 4 25 9 20 20 22 48 15 26 20 20 27 
#12 17 3 13 11 19 33 18 24 11 0 65 38 6 3 
#10 15 15 2 14 34 41 10 15 47 6 41 7 2 1 
#12 5 16 11 21 72 33 48 15 7 28 6 38 16 17 
#19 13 8 15 24 25 11 55 44 27 13 26 4 31 2 
#21 17 39 22 7 24 40 55 12 0 38 9 2 1 47 
43 29 5 45 59 37 
53 19 36 38 49 48 
47 41 7 40 28 4 
2 3 23 18 51 24 
13 30 16 15 8 57 
35 39 31 11 17 9 
#Base: 893
#Max: 454
#508399
#Turn 3
#4 8 8 11 7 26 14 55 26 48 13 47 13 13 47 
#35 8 8 19 7 26 40 2 44 29 1 47 2 13 2 
#51 40 15 28 51 26 21 2 16 27 19 4 13 6 53 
#21 41 15 28 51 2 40 48 16 0 38 9 17 6 23 
#19 40 8 22 7 21 40 55 32 0 38 9 13 1 47 
#19 20 12 22 11 24 20 34 44 27 13 9 10 1 47 
#35 11 5 18 25 13 13 24 38 27 13 6 10 14 53 
#14 74 3 18 31 13 51 24 38 57 13 6 13 10 12 
#4 8 3 35 21 32 33 59 24 48 15 6 20 1 47 
#4 4 27 13 59 9 33 20 19 48 15 19 5 1 26 
#5 9 18 11 21 49 8 29 13 42 40 65 37 13 39 
#3 20 59 11 15 24 26 18 9 31 8 65 37 8 11 
#3 25 59 10 15 32 26 18 0 14 28 8 37 31 11 
#19 25 18 11 21 49 16 29 0 14 28 47 59 31 63 
#19 74 16 11 21 38 7 2 15 13 28 4 24 15 24 
#29 74 18 0 21 9 21 20 9 34 13 6 59 2 1 
#12 5 18 34 11 9 14 20 9 13 0 6 11 16 1 
#51 74 15 34 21 72 33 48 15 27 13 57 40 16 23 
#12 41 15 11 11 9 33 48 16 27 13 57 38 6 23 
#12 13 39 15 11 72 14 48 44 39 19 26 38 6 23 
#28 12 27 28 7 18 4 3 0 1 28 23 17 27 53 
#28 12 27 11 18 24 8 20 44 49 32 23 67 9 53 
#43 4 39 11 18 24 8 20 26 48 15 4 5 65 47 
#51 12 39 10 34 12 16 59 24 48 15 19 5 31 13 
#12 5 59 11 21 72 33 48 24 14 28 65 5 16 17 
#40 8 18 28 24 2 11 34 47 43 6 65 24 8 11 
#51 8 15 28 15 2 26 27 21 43 6 65 17 9 19 
#51 40 15 28 51 21 14 15 44 13 1 10 26 9 24 
#19 74 16 2 15 10 14 48 44 27 19 10 17 14 23 
#29 41 15 2 18 10 33 34 16 14 5 57 17 14 23 
#4 20 8 11 10 24 14 34 44 48 42 9 10 36 47 
#19 8 12 27 32 26 20 34 12 27 13 47 10 10 39 
#35 11 5 18 25 13 13 2 38 29 32 16 13 13 53 
#51 74 3 35 31 2 51 9 24 31 13 6 40 10 23 
#21 17 27 13 7 24 33 59 12 48 38 9 20 1 47 
#43 4 8 27 59 21 40 20 32 32 7 19 5 9 24 
#5 20 21 11 11 24 8 34 13 27 38 35 37 1 47 
#5 20 18 11 32 49 8 34 44 42 40 65 37 8 39 
#35 37 59 10 25 32 13 18 38 57 32 6 37 14 11 
#14 74 3 52 41 12 51 9 0 31 28 8 59 10 63 
#19 74 16 13 21 49 33 29 24 48 15 4 40 1 47 
#40 74 16 30 59 38 7 2 15 32 7 4 5 15 26 
#5 9 21 0 32 49 21 20 13 34 40 35 37 13 63 
#10 74 18 11 21 24 8 20 9 42 5 65 37 8 11 
#12 5 59 10 15 32 14 18 24 31 0 65 37 16 11 
#11 74 18 11 41 9 16 13 15 27 13 8 59 31 23 
#12 74 16 34 11 72 11 29 15 27 28 57 40 6 23 
#13 74 16 5 21 38 14 2 44 1 5 4 24 31 50 
#29 25 28 28 51 18 21 12 0 1 13 8 17 27 63 
#10 12 18 41 7 13 40 20 9 49 5 6 13 9 53 
#12 4 34 11 11 24 14 20 26 39 0 26 11 16 50 
#51 4 39 11 21 24 33 59 4 27 13 57 5 10 23 
#12 41 3 10 11 12 16 48 16 14 19 65 38 31 13 
#12 13 39 15 10 72 33 48 15 39 28 6 1 31 17 
#40 14 15 28 24 18 4 12 0 1 28 8 24 27 63 
#28 12 15 28 7 13 26 20 44 49 6 23 13 6 11 
#31 4 15 11 18 26 8 20 26 49 1 4 26 1 47 
#43 4 39 53 15 21 14 15 44 13 15 19 13 65 47 
#51 12 15 10 8 10 33 48 16 27 19 65 17 31 23 
#12 5 18 52 21 72 11 48 9 14 28 39 59 8 17 
4 26 25 51 58 8 
11 44 47 37 53 28 
34 22 33 40 59 42 
41 13 24 17 46 21 
2 45 7 39 57 38 
52 23 10 19 43 15 
#Base: 893
#Max: 539
#603583
#Turn 4
#19 40 15 22 15 2 26 55 21 0 6 9 17 9 19 
#51 8 18 28 24 2 11 34 47 43 6 65 24 9 11 
#51 8 39 11 21 24 33 34 47 43 13 65 24 8 23 
#51 12 39 11 8 24 33 48 4 27 19 65 5 31 23 
#51 8 3 35 21 10 33 48 16 27 19 6 20 1 47 
#12 5 59 10 15 32 26 18 24 31 0 65 37 16 11 
#13 5 16 5 15 32 14 2 24 1 0 65 37 16 50 
#13 20 18 5 32 38 8 2 44 1 5 65 24 31 39 
#12 13 39 15 10 72 8 48 15 39 40 65 1 31 39 
#19 13 39 15 15 10 33 48 44 39 28 6 17 31 17 
#21 17 27 11 7 24 8 20 12 48 15 9 20 65 47 
#43 4 39 11 18 24 51 20 24 48 15 6 5 65 47 
#51 74 3 35 21 49 51 9 24 31 15 4 40 10 23 
#12 74 16 13 21 72 11 29 24 14 28 4 59 1 17 
#12 9 21 52 21 49 11 48 9 14 28 39 59 8 17 
#40 74 18 30 59 49 16 29 15 32 28 4 59 15 26 
#12 5 59 11 21 72 16 29 0 14 28 65 59 31 17 
#12 5 15 34 21 72 33 48 15 14 13 65 40 16 17 
#51 74 15 34 21 72 33 48 15 27 28 57 40 6 23 
#28 74 16 11 18 72 8 20 44 49 28 57 67 6 53 
#51 74 18 11 41 9 21 13 16 27 19 4 59 6 23 
#11 74 18 11 41 9 16 13 38 57 13 8 13 31 12 
#14 74 3 52 31 12 51 9 0 57 13 6 59 10 12 
#43 74 3 53 41 21 14 15 44 13 15 19 13 10 63 
#43 4 59 10 25 21 13 15 44 57 32 19 37 65 11 
#51 41 3 10 11 12 16 59 16 14 19 19 38 31 13 
#5 12 18 10 21 12 16 59 24 48 40 65 5 31 39 
#5 9 39 15 11 49 14 29 13 39 40 26 37 6 39 
#12 74 39 11 21 24 14 48 44 42 5 26 37 6 23 
#29 74 18 0 21 24 8 20 9 34 13 65 37 2 1 
#19 20 59 11 15 24 40 18 32 0 38 65 37 8 47 
#12 8 15 10 15 32 26 18 21 31 6 65 17 9 11 
#13 8 16 28 21 38 11 34 44 1 6 65 24 8 11 
#51 4 39 11 32 24 8 34 4 42 13 57 37 10 39 
#12 13 15 15 8 10 33 48 15 27 28 6 17 31 23 
#4 74 16 35 15 10 33 48 44 27 19 10 17 14 23 
#21 20 27 11 7 24 33 18 12 31 38 65 20 1 47 
#43 4 39 10 18 24 14 18 26 48 0 65 5 16 47 
#51 74 16 35 21 38 51 9 24 1 5 4 24 10 23 
#5 74 16 11 32 49 8 34 24 42 40 4 37 8 47 
#12 13 39 15 21 72 11 48 15 39 28 39 59 31 17 
#19 74 16 2 15 49 14 20 44 27 40 10 17 14 63 
#40 17 16 13 7 38 7 2 12 32 38 4 20 1 26 
#43 4 39 11 18 49 16 29 26 48 15 4 59 65 47 
#51 74 3 35 21 2 33 9 24 31 13 6 40 10 17 
#51 74 15 34 21 49 33 48 24 48 13 4 40 16 23 
#12 74 16 34 21 72 11 29 9 27 28 39 59 6 23 
#28 9 21 0 32 24 8 20 13 49 40 23 67 9 63 
#51 74 16 28 51 38 21 2 15 27 19 4 5 15 26 
#11 74 18 11 21 49 16 29 15 14 28 8 59 31 23 
#14 5 59 18 31 72 33 24 24 57 28 65 5 10 17 
#51 74 3 34 21 12 51 48 15 31 13 8 59 16 63 
#43 4 39 53 11 21 11 15 15 13 15 19 40 65 47 
#28 12 59 10 18 32 13 18 44 49 32 23 67 9 11 
#51 41 3 28 11 26 16 48 16 27 19 65 38 31 13 
#51 74 18 11 34 12 16 59 15 27 15 19 5 31 23 
#5 9 3 11 31 49 51 29 13 42 13 6 37 10 12 
#12 13 3 52 11 12 14 48 0 39 28 26 59 6 63 
#10 4 18 11 21 21 8 20 9 42 5 65 13 8 11 
#35 37 18 10 25 9 21 20 38 57 13 6 59 14 1 
3 48 47 17 53 52 
38 49 28 46 30 20 
57 2 43 45 50 11 
40 16 15 19 51 22 
26 13 24 18 8 41 
33 55 39 23 12 54 
#Base: 893
#Max: 551
#617021
#Turn 5
#51 74 16 28 51 38 21 2 4 27 19 4 5 15 23 
#51 74 21 0 32 38 8 2 15 27 40 23 67 9 26 
#28 9 21 34 21 24 33 48 15 49 13 23 67 16 17 
#28 5 15 34 18 32 33 48 44 14 13 23 40 9 11 
#28 12 59 53 11 21 11 15 15 13 32 19 67 65 47 
#51 74 16 11 21 49 51 29 24 14 28 4 59 31 23 
#12 74 39 11 21 49 16 48 44 42 28 8 59 6 23 
#12 74 39 34 21 72 11 29 44 27 28 26 59 6 23 
#12 20 16 34 21 24 40 18 32 0 38 39 59 6 23 
#19 74 59 11 41 24 40 18 32 0 38 4 59 6 23 
#12 8 39 52 11 24 33 48 47 39 28 65 24 8 23 
#43 4 39 11 21 24 16 34 47 43 13 4 59 65 23 
#51 74 15 11 21 49 16 29 24 48 13 4 59 65 23 
#51 5 59 18 21 49 33 48 24 48 28 65 5 16 23 
#43 4 39 11 31 72 51 24 24 48 15 6 5 10 47 
#12 13 39 15 21 72 16 48 0 14 28 39 59 31 17 
#40 5 59 30 59 72 16 29 0 32 28 65 59 31 17 
#40 74 18 11 18 72 8 20 44 32 28 57 59 6 26 
#51 74 16 11 18 12 51 20 44 31 13 8 67 16 53 
#14 74 3 34 31 12 51 9 0 31 13 8 59 10 12 
#5 12 18 13 21 12 11 29 24 14 40 4 5 1 17 
#43 74 16 10 25 21 11 29 24 14 28 19 59 1 17 
#43 4 59 34 21 21 13 15 44 27 32 19 37 6 11 
#51 13 39 15 10 72 33 48 15 39 40 65 1 31 39 
#19 13 16 15 15 72 14 20 15 39 40 10 1 31 39 
#51 74 18 11 34 24 8 59 4 42 13 19 5 10 39 
#51 74 16 11 34 12 16 59 24 42 40 4 37 31 47 
#5 74 3 11 32 21 14 15 44 13 40 4 37 8 63 
#51 74 3 53 21 21 14 15 44 13 15 19 13 10 23 
#51 74 3 28 21 49 51 9 24 31 19 65 38 10 23 
#51 74 39 11 8 24 33 48 4 1 5 4 24 10 23 
#51 74 18 11 21 49 16 29 15 27 19 4 5 15 26 
#12 9 39 11 21 24 14 20 44 42 40 23 67 9 23 
#12 5 16 34 21 72 11 48 9 14 28 39 40 6 17 
#19 20 59 11 18 24 40 18 32 49 38 23 67 8 47 
#51 74 39 53 11 9 21 15 16 13 19 19 40 6 23 
#51 13 16 35 11 12 51 48 24 1 5 26 59 6 23 
#51 74 18 11 21 24 16 29 15 43 28 65 59 31 23 
#43 4 39 11 21 49 14 48 44 48 15 4 59 6 47 
#12 74 15 34 21 49 11 29 24 48 28 4 59 16 23 
#14 20 59 18 31 72 33 18 24 57 28 65 5 10 17 
#43 74 39 11 18 9 21 13 16 48 15 6 5 65 23 
#12 13 3 52 21 72 14 48 15 39 28 26 59 31 17 
#12 8 39 11 21 24 33 29 0 43 28 65 59 31 17 
#43 4 18 30 18 49 16 29 26 32 28 4 59 65 47 
#28 74 16 11 18 49 33 20 24 49 13 57 40 16 53 
#14 5 59 34 21 12 51 48 24 57 13 8 59 10 17 
#14 74 3 11 18 12 51 9 24 48 15 6 5 10 12 
#5 12 39 15 21 72 11 48 15 39 40 39 59 31 39 
#12 74 59 11 21 72 16 29 0 14 28 65 59 1 17 
#40 74 18 10 59 21 16 15 44 57 28 4 37 15 11 
#28 74 15 34 18 72 8 20 15 49 28 57 40 6 23 
#12 13 39 15 10 72 51 48 15 31 40 8 1 31 39 
#14 74 3 52 15 49 14 20 44 27 13 6 17 10 63 
#5 4 39 10 32 12 8 59 24 48 13 65 5 10 39 
#12 74 18 13 34 12 16 59 24 14 28 19 5 31 23 
#5 74 59 10 32 49 13 15 44 57 32 19 37 8 11 
#43 74 15 34 21 72 14 15 15 27 15 57 13 6 63 
#12 13 3 15 21 49 51 9 24 31 15 4 1 31 39 
#51 74 3 2 15 26 16 48 44 27 19 10 38 14 13 
15 52 1 56 50 14 
46 11 34 57 4 10 
39 9 37 23 7 44 
13 29 12 16 49 26 
53 48 45 17 18 6 
25 38 40 51 5 42 
#Base: 893
#Max: 542
#606943
#Turn 6
#12 13 39 15 21 72 51 48 15 14 40 8 1 31 39 
#12 74 39 15 32 72 51 2 15 31 40 23 67 31 39 
#5 74 59 0 32 49 13 15 15 57 32 19 37 8 26 
#5 74 59 10 32 49 13 15 44 57 28 19 37 8 11 
#43 4 39 10 59 72 16 24 24 48 28 4 5 10 47 
#43 5 39 34 21 12 16 34 24 43 13 8 59 65 17 
#43 20 39 11 18 24 16 18 32 49 13 4 59 65 23 
#43 74 15 34 21 24 14 18 15 27 15 23 13 8 47 
#28 74 59 53 11 72 14 15 15 27 15 19 13 65 47 
#28 8 39 53 11 24 11 15 15 13 32 19 67 8 47 
#12 74 59 11 21 49 11 18 32 0 28 4 59 16 23 
#19 74 18 11 41 24 16 29 32 43 28 65 59 6 23 
#51 74 18 15 10 72 33 29 15 39 40 65 1 31 39 
#12 74 39 34 21 72 33 48 15 27 28 65 1 31 23 
#43 74 18 34 18 72 16 29 44 32 28 4 59 65 47 
#51 74 59 28 21 49 33 9 24 31 28 65 5 10 23 
#51 74 3 28 21 49 16 9 24 31 13 65 38 65 23 
#51 74 15 11 21 72 16 29 0 32 13 65 59 65 17 
#40 74 59 11 21 72 16 29 0 32 28 65 59 1 17 
#51 74 16 11 34 12 16 29 0 14 40 65 37 31 17 
#14 12 39 15 21 49 11 20 44 39 13 39 17 31 39 
#28 74 16 11 21 72 11 20 15 49 13 39 59 16 39 
#40 74 16 11 18 49 33 20 24 49 13 57 40 16 53 
#40 74 18 11 18 72 8 20 44 32 13 57 67 6 26 
#51 74 16 11 21 49 16 20 44 42 13 8 67 6 23 
#51 74 39 11 34 24 14 59 4 48 15 19 59 6 47 
#43 20 39 18 31 72 14 48 44 48 15 65 59 10 47 
#14 20 15 18 18 72 8 20 24 49 28 57 5 6 23 
#28 74 16 34 18 49 51 29 24 14 28 4 40 6 23 
#51 74 16 52 21 49 51 29 24 39 28 26 59 31 23 
#12 5 59 34 21 72 16 48 24 57 28 39 59 31 17 
#43 13 39 11 10 72 16 48 15 31 40 8 1 65 39 
#19 20 21 11 32 24 8 18 32 27 40 23 67 8 47 
#5 74 59 10 21 72 14 15 15 57 32 19 37 8 63 
#28 74 59 10 59 21 11 15 15 13 28 19 67 65 47 
#43 4 39 52 11 72 33 24 47 48 28 65 5 8 47 
#12 5 59 34 21 49 51 48 24 48 28 8 59 10 17 
#43 74 39 11 21 24 40 18 32 43 13 4 59 6 23 
#51 20 18 11 21 24 40 18 15 49 38 23 59 8 23 
#51 13 39 34 10 72 14 15 15 27 40 57 1 31 63 
#12 12 39 34 11 21 11 15 15 13 28 19 59 6 47 
#43 8 18 30 18 24 16 29 26 32 28 65 59 65 23 
#12 74 59 34 21 49 11 48 24 48 28 65 59 16 23 
#19 74 3 11 21 24 40 9 32 0 19 4 38 6 23 
#51 74 15 11 21 49 16 29 24 48 28 4 59 31 23 
#40 13 39 15 10 72 16 29 15 39 40 65 1 31 39 
#12 74 59 34 21 72 16 29 0 27 28 26 59 6 23 
#43 4 16 30 34 49 16 29 26 42 40 4 59 65 47 
#51 74 59 18 15 49 33 20 44 27 28 6 17 16 23 
#51 74 39 28 21 49 51 48 24 31 19 39 38 31 23 
#28 74 15 11 21 49 16 20 24 49 13 4 59 16 23 
#40 74 18 30 59 72 16 20 44 32 28 65 59 31 17 
#51 74 59 11 18 12 16 29 0 31 13 65 67 1 53 
#12 74 39 11 34 12 16 59 24 42 28 8 37 31 47 
#51 74 3 11 34 49 8 20 4 42 13 19 17 10 39 
#43 12 39 11 21 49 11 48 44 39 15 39 59 31 39 
#28 20 59 11 18 72 33 18 24 49 13 65 5 10 17 
#40 74 18 11 18 72 8 20 15 49 28 57 40 6 26 
#51 74 16 11 18 49 51 29 24 31 28 8 67 16 53 
#12 13 39 52 21 72 14 48 15 42 28 26 59 31 23 
24 41 57 30 46 44 
48 11 15 1 16 39 
59 25 18 17 29 22 
52 49 26 51 42 8 
55 23 35 14 34 58 
36 47 33 12 13 21 
#Base: 893
#Max: 605
#677492
#Turn 7
#43 74 16 11 18 49 16 20 26 42 13 8 59 65 23 
#43 74 18 11 18 72 8 20 26 32 28 57 40 6 23 
#40 74 59 11 21 72 16 48 15 57 28 39 59 31 17 
#12 74 59 34 21 72 16 48 0 57 28 26 59 6 23 
#51 74 15 34 21 49 16 29 24 48 28 26 59 31 23 
#51 74 18 11 15 24 16 29 44 27 28 6 17 6 23 
#51 74 59 11 41 49 16 29 32 43 28 65 5 10 23 
#51 74 39 15 21 49 51 9 24 31 40 65 67 31 23 
#12 74 3 28 21 72 16 2 15 31 40 23 67 31 23 
#51 13 39 28 10 72 16 15 24 31 13 57 1 31 63 
#51 13 39 11 21 24 14 48 15 48 15 26 59 6 47 
#40 74 59 11 34 72 16 29 0 48 15 65 59 6 17 
#40 74 15 11 21 72 16 29 0 32 28 65 59 1 17 
#51 74 15 52 21 72 51 29 24 32 13 65 59 31 23 
#40 74 16 11 18 49 33 20 24 39 28 26 59 31 53 
#51 74 59 11 21 49 51 48 24 31 19 39 67 1 53 
#43 74 39 18 21 49 51 48 44 48 19 65 59 31 47 
#43 74 39 30 31 72 16 48 44 48 28 65 59 10 17 
#40 74 18 30 21 72 11 48 24 48 28 65 59 31 23 
#12 74 59 53 11 72 14 15 24 48 28 65 13 65 23 
#40 74 18 11 21 49 8 48 44 32 15 39 59 31 26 
#43 74 18 52 11 72 33 24 47 32 28 65 67 6 47 
#43 4 18 52 11 72 33 24 47 32 28 65 5 8 47 
#43 74 18 34 59 21 11 15 44 13 28 4 59 65 47 
#28 74 16 11 18 21 11 29 15 31 28 19 67 16 47 
#43 4 16 30 21 49 16 48 24 42 40 4 59 10 17 
#43 74 59 30 21 49 14 29 15 42 32 19 59 65 47 
#51 74 18 10 21 72 33 29 15 39 40 19 1 8 63 
#51 74 18 34 10 72 33 48 15 27 40 65 1 31 39 
#28 74 16 11 21 72 33 48 15 27 28 39 1 31 39 
#51 74 59 18 15 49 33 20 44 42 13 8 67 6 23 
#43 8 18 11 41 24 16 29 26 32 28 65 59 6 23 
#40 74 18 28 21 49 8 9 24 31 28 57 5 10 26 
#12 5 59 34 21 72 16 2 15 57 28 23 59 31 17 
#51 74 59 34 21 72 16 29 24 27 28 26 38 6 23 
#51 13 15 34 10 72 14 15 24 48 28 57 1 31 63 
#51 13 39 52 15 49 33 48 44 42 28 26 59 31 23 
#51 74 39 11 34 24 16 59 32 43 15 65 59 6 23 
#40 74 59 28 21 72 16 9 24 32 28 65 5 1 17 
#51 74 15 11 21 72 51 2 0 32 13 23 67 65 17 
#51 74 16 52 21 49 16 29 24 31 13 65 59 31 23 
#51 13 39 11 10 72 14 20 24 49 13 57 1 31 63 
#51 13 59 52 18 12 14 29 0 31 28 26 59 1 23 
#51 74 39 28 34 24 14 59 24 48 19 39 38 31 47 
#40 20 39 18 21 72 14 29 0 32 15 65 59 1 17 
#51 74 15 30 21 72 16 29 0 32 28 65 59 31 17 
#12 74 59 52 21 49 51 48 24 39 28 65 59 31 23 
#40 74 59 11 11 72 33 15 15 49 15 57 13 16 47 
#51 12 59 11 18 49 11 29 44 39 13 65 59 1 53 
#51 74 39 11 21 49 51 20 24 31 13 57 38 6 23 
#43 4 39 18 31 72 33 48 44 48 15 65 59 8 47 
#40 74 18 30 59 72 16 20 44 32 28 65 59 31 47 
#28 74 59 10 21 21 11 15 15 48 28 65 67 65 47 
#28 74 59 11 11 49 14 15 15 31 28 19 13 65 53 
#43 12 59 11 21 49 51 48 24 48 28 39 59 10 17 
#40 4 16 30 18 49 8 20 44 42 40 57 59 65 47 
#43 74 59 10 11 72 14 15 15 48 28 19 5 8 47 
#51 74 18 34 18 72 16 29 44 39 28 4 1 65 47 
#12 74 59 10 59 72 33 48 15 13 28 65 1 31 47 
#28 74 16 11 21 72 11 29 15 31 13 8 67 16 53 
20 14 6 37 36 4 
48 34 45 15 40 47 
39 57 26 21 13 3 
58 18 17 16 46 19 
30 11 52 51 7 28 
54 23 43 2 50 55 
#Base: 893
#Max: 656
#734602
#Turn 8
#40 74 16 11 21 49 33 48 24 39 15 39 59 31 26 
#51 74 16 11 41 49 16 29 24 39 28 26 59 10 23 
#51 74 59 11 41 24 16 59 32 43 28 65 5 6 23 
#51 74 39 52 34 24 16 59 32 43 28 65 59 31 23 
#51 74 39 52 15 49 33 48 44 48 28 26 59 31 23 
#51 12 59 34 21 72 11 29 44 27 28 65 59 1 23 
#51 74 15 30 21 72 16 29 24 32 28 65 38 6 17 
#51 74 59 30 21 49 51 48 24 32 28 65 67 1 53 
#51 74 59 11 21 49 16 29 24 31 13 65 67 1 53 
#40 74 16 11 11 72 16 15 15 31 13 65 13 16 23 
#51 74 18 34 18 72 51 2 44 39 13 23 67 65 47 
#51 74 59 34 18 49 14 29 44 42 28 4 1 65 47 
#43 74 18 52 11 49 33 24 15 42 28 19 59 65 47 
#51 74 18 52 21 72 51 29 47 32 13 65 67 6 47 
#51 74 59 52 21 72 51 29 24 57 13 26 59 31 23 
#40 74 59 30 21 72 33 48 24 48 28 65 59 31 47 
#40 74 18 30 21 72 11 48 44 48 28 65 59 10 17 
#43 74 39 18 31 49 51 48 44 48 28 65 59 10 17 
#12 74 59 52 21 49 51 48 24 39 28 65 59 31 23 
#12 74 59 52 21 72 51 15 24 48 28 65 13 65 23 
#40 74 59 11 15 72 33 20 44 48 15 65 67 6 23 
#28 74 59 11 34 21 16 29 15 48 28 65 59 65 47 
#40 74 59 30 21 21 11 20 44 48 28 65 59 65 47 
#40 74 18 30 59 49 51 9 44 31 40 65 67 31 23 
#51 74 18 34 10 49 33 9 15 27 40 65 1 31 23 
#43 12 18 34 21 21 11 15 24 13 28 39 59 10 47 
#43 74 39 28 59 21 11 59 24 13 28 39 59 65 47 
#51 74 39 11 34 72 16 59 15 48 19 39 38 31 17 
#40 74 39 18 31 72 16 48 44 48 15 65 59 31 47 
#43 4 16 18 18 49 8 20 44 48 15 65 59 65 47 
#40 12 18 11 18 49 8 48 44 39 13 65 59 31 26 
#51 74 59 34 21 49 33 20 24 39 28 26 59 6 23 
#51 74 59 30 41 49 16 29 0 43 28 65 5 10 23 
#51 74 39 11 34 49 51 48 32 43 15 39 67 6 23 
#51 13 16 52 15 49 33 48 44 42 28 26 59 31 23 
#51 74 15 11 21 49 16 15 15 49 28 57 13 31 47 
#51 74 59 11 18 72 11 29 0 32 13 65 59 1 17 
#51 74 18 34 18 72 16 29 44 27 28 4 1 6 47 
#43 74 15 30 21 49 14 29 0 32 28 65 59 31 17 
#51 74 59 11 21 72 51 24 24 32 28 39 67 1 53 
#51 74 15 52 21 49 16 29 24 32 13 65 59 31 23 
#12 74 59 34 21 72 16 48 0 49 15 26 59 16 23 
#12 74 15 11 21 72 51 48 15 13 13 23 67 65 47 
#40 74 18 30 21 72 11 48 24 39 28 4 1 65 47 
#43 74 39 30 21 49 14 48 44 42 28 65 59 65 47 
#43 74 18 52 21 49 51 48 47 48 19 65 59 6 47 
#51 74 59 52 21 72 51 29 24 32 28 65 59 31 23 
#12 74 59 53 21 72 16 48 0 57 28 26 59 65 23 
#51 74 59 10 15 49 33 20 44 42 28 8 1 6 23 
#40 74 18 11 34 72 16 29 24 48 28 65 59 31 17 
#28 74 39 10 31 21 11 15 15 48 28 65 59 10 47 
#40 74 39 30 21 72 16 20 44 48 28 65 59 31 47 
#51 74 39 15 21 49 51 9 24 39 28 65 59 31 23 
#51 74 59 34 11 72 14 15 24 48 28 65 13 31 23 
#43 74 59 11 15 49 33 20 24 42 28 39 67 6 17 
#40 74 18 34 34 72 11 15 44 13 15 4 59 65 47 
#28 74 59 28 21 21 11 15 24 48 19 65 67 31 47 
#40 74 18 11 21 72 16 20 15 57 28 39 59 31 17 
#51 4 39 18 21 72 33 9 44 31 15 65 59 8 23 
#40 4 18 30 10 49 8 20 15 27 40 65 59 65 39 
55 42 52 26 33 56 
40 53 20 13 39 8 
27 21 14 45 28 16 
17 18 7 15 44 23 
11 47 3 46 51 4 
31 12 10 22 19 49 
#Base: 893
#Max: 679
#760358
#Turn 9
#40 74 15 34 34 72 51 15 15 13 13 23 67 65 47 
#51 74 15 11 21 49 51 9 15 39 13 23 67 65 47 
#43 74 39 15 59 21 51 59 24 13 28 65 59 65 47 
#43 74 39 11 59 49 51 59 32 43 15 39 67 65 23 
#51 74 59 11 21 21 51 15 24 48 19 39 67 31 47 
#51 74 59 52 21 72 14 15 24 32 28 65 59 31 23 
#40 74 59 11 11 72 33 20 44 48 15 65 67 31 23 
#40 74 59 52 15 72 33 29 44 48 13 65 67 6 47 
#51 74 59 11 21 72 51 29 47 32 28 65 67 1 47 
#51 74 59 11 21 72 51 29 24 31 28 65 67 1 53 
#28 74 59 11 34 21 16 59 15 48 19 65 59 65 47 
#28 74 59 52 21 21 51 29 24 48 13 65 59 65 23 
#51 74 18 52 21 49 51 29 24 57 19 26 59 31 47 
#40 74 18 52 31 49 16 48 47 48 19 65 59 31 47 
#40 74 18 18 21 72 11 48 44 48 28 65 59 31 47 
#12 74 39 52 31 49 51 48 44 48 28 65 59 31 17 
#51 74 59 52 21 49 51 48 24 32 28 65 67 1 53 
#40 74 59 30 21 72 33 48 24 32 28 65 67 31 47 
#43 74 59 30 21 49 14 48 24 48 28 65 59 31 47 
#40 74 39 30 21 49 14 48 44 31 28 65 67 65 23 
#12 74 59 53 18 72 16 48 44 57 28 26 59 65 23 
#51 74 59 52 21 24 16 59 0 57 28 26 59 31 23 
#51 74 59 52 34 24 51 59 24 32 28 65 59 31 23 
#51 74 39 30 21 72 51 20 44 32 28 65 59 31 47 
#40 74 39 52 21 49 33 20 44 48 28 26 59 31 47 
#43 74 59 52 21 49 33 24 24 42 28 26 59 65 23 
#51 74 18 34 11 49 51 2 44 39 28 23 59 65 47 
#51 74 18 34 18 72 51 2 44 48 28 23 67 65 47 
#40 74 59 52 21 21 51 20 24 48 28 65 59 65 23 
#12 74 59 52 21 72 16 15 24 48 28 65 13 31 23 
#51 74 15 52 34 72 16 15 44 32 13 4 59 65 47 
#51 74 59 11 11 72 14 15 15 48 13 23 13 65 47 
#51 74 39 15 21 72 51 20 44 39 28 65 67 31 23 
#51 74 18 52 21 21 11 59 24 32 28 65 67 65 47 
#51 74 39 11 21 49 51 48 24 43 28 39 67 1 53 
#28 74 59 11 21 21 11 15 24 48 13 65 67 31 47 
#51 74 15 52 21 49 16 29 15 48 19 39 59 31 17 
#51 74 59 11 11 21 16 15 24 48 28 65 59 31 47 
#40 74 59 52 21 72 33 29 24 57 15 26 59 6 23 
#43 74 18 52 21 72 51 29 47 32 19 65 67 6 47 
#40 74 59 11 21 72 51 48 24 32 15 65 67 1 47 
#40 74 59 30 21 72 16 48 44 31 28 65 59 10 17 
#51 74 39 11 31 72 51 59 44 48 19 39 59 31 17 
#12 74 59 52 34 49 16 48 24 48 28 65 59 31 23 
#51 74 59 30 21 49 51 48 24 32 28 65 59 31 53 
#40 74 18 30 21 49 51 48 47 48 28 65 59 6 47 
#43 74 39 30 31 49 16 48 44 48 15 65 59 31 47 
#40 74 18 30 59 72 51 48 44 31 40 65 59 31 23 
#51 74 59 18 31 49 51 48 44 48 28 65 1 65 17 
#12 74 59 52 21 72 16 48 0 57 28 26 59 65 23 
#51 74 39 30 21 24 16 59 32 43 28 65 59 31 23 
#40 74 59 52 21 72 33 29 24 32 28 65 59 31 23 
#40 74 39 30 21 72 14 48 44 48 28 65 59 31 47 
#40 74 18 52 59 49 33 48 44 31 40 26 67 31 23 
#51 74 59 34 18 49 14 20 44 39 28 4 59 6 47 
#43 74 18 53 11 49 33 24 15 42 28 19 59 65 23 
#51 74 39 52 18 72 16 59 44 39 13 23 67 65 47 
#51 74 59 52 21 21 51 29 44 48 28 65 59 65 47 
#12 74 39 30 21 72 16 15 24 48 28 65 13 31 47 
#51 74 39 11 15 72 33 48 44 48 28 65 59 31 17 
24 43 39 8 19 25 
9 11 48 3 46 59 
33 18 16 17 22 53 
28 23 56 57 44 7 
45 51 15 47 52 13 
14 32 42 2 20 27 
#Base: 893
#Max: 714
#799552
#40 74 39 52 21 49 33 20 44 48 28 26 59 31 47 
#12 74 18 52 21 72 51 48 24 32 28 65 67 31 47 
#43 74 18 11 21 72 51 29 47 32 28 65 67 1 47 
#51 74 59 30 21 49 14 48 47 32 28 65 67 1 23 
#40 74 39 30 21 49 33 24 44 42 28 65 67 65 23 
#28 74 59 11 21 72 51 29 24 48 13 65 67 1 53 
#28 74 59 52 21 49 51 29 24 48 13 65 59 65 17 
#51 74 39 18 31 49 51 48 44 48 28 65 1 65 23 
#43 74 39 30 31 49 16 48 44 43 15 39 67 65 47 
#43 74 39 30 15 49 16 48 44 48 28 65 59 31 47 
#51 74 18 52 21 21 14 59 24 48 28 65 59 31 47 
#51 74 59 30 21 49 14 48 24 32 28 65 67 31 53 
#40 74 59 52 21 72 51 48 24 32 28 65 67 31 53 
#40 74 59 52 34 72 51 48 24 32 28 65 67 31 23 
#51 74 18 52 34 49 33 59 24 31 28 26 67 31 23 
#40 74 59 30 21 72 51 20 24 48 28 65 59 65 47 
#51 74 39 52 18 72 51 59 44 39 13 65 67 65 47 
#51 74 59 52 18 72 16 29 44 39 13 23 67 65 47 
#51 74 59 52 21 21 51 48 24 32 28 65 59 31 53 
#51 74 59 52 21 49 33 48 24 32 28 65 67 6 53 
#40 74 18 52 21 72 33 48 47 32 28 65 59 31 47 
#12 74 39 52 21 49 33 48 44 32 28 65 59 31 23 
#12 74 39 52 31 49 51 48 44 48 28 65 59 31 17 
#40 74 18 30 59 72 51 48 44 48 40 65 59 31 47 
#40 74 39 52 31 49 14 48 44 48 19 65 59 31 47 
#51 74 18 18 21 72 11 48 44 48 28 65 59 31 47 
#51 74 39 11 21 72 51 20 44 39 28 65 67 31 23 
#43 74 39 15 59 72 51 59 24 13 28 39 59 31 17 
#12 74 39 15 18 72 51 59 24 13 28 65 59 65 47 
#12 74 59 34 18 72 16 48 44 57 28 23 59 65 47 
#40 74 39 52 21 72 51 20 44 31 28 65 67 31 53 
#12 74 59 52 21 49 51 48 24 48 13 65 59 31 23 
#43 74 18 18 21 72 51 48 44 32 28 65 67 6 17 
#51 74 59 11 21 72 51 59 32 32 28 65 67 1 47 
#40 74 39 30 21 49 14 48 44 31 28 65 59 31 47 
#43 74 39 52 21 72 33 24 24 48 28 65 59 31 17 
#51 74 59 52 21 72 11 59 24 31 28 65 67 65 53 
#43 74 59 52 21 21 14 48 24 48 13 65 59 31 23 
#51 74 59 18 21 49 51 48 44 32 28 65 1 65 17 
#40 74 39 30 59 49 51 59 24 43 28 65 67 65 47 
#43 74 59 30 34 24 16 59 24 48 15 65 59 31 47 
#51 74 39 11 15 49 33 48 44 48 28 65 59 31 17 
#40 74 18 52 21 21 11 59 24 48 28 65 67 65 23 
#43 74 39 30 21 49 51 48 24 32 28 65 59 31 47 
#51 74 59 52 21 72 51 48 44 32 13 23 67 65 47 
#40 74 59 30 21 21 33 29 24 32 28 65 59 31 47 
#51 74 59 30 21 49 51 48 24 32 28 65 59 31 23 
#40 74 18 52 59 49 33 29 44 48 40 26 67 6 47 
#40 74 59 52 21 21 51 48 47 48 28 65 59 6 23 
#40 74 39 52 21 72 33 20 24 32 28 65 59 31 23 
#51 74 39 52 31 49 51 59 44 48 13 23 59 65 47 
#51 74 18 52 21 72 51 29 44 31 28 65 59 65 23 
#40 74 59 30 21 72 51 48 44 32 28 65 59 31 47 
#40 74 18 52 15 49 16 48 44 48 13 65 67 6 47 
#40 74 18 30 21 49 51 48 47 48 28 65 59 31 47 
#51 74 39 52 21 72 33 20 24 39 28 65 67 31 23 
#51 74 39 52 31 72 51 59 44 48 19 39 59 31 17 
#40 74 39 15 59 72 51 59 44 13 28 65 59 65 23 
#12 74 59 30 21 72 16 48 44 57 28 26 59 65 23 
#40 74 18 52 18 72 16 48 47 48 28 23 59 65 47 
#Base: 893
#Max: 756
#846585
