#[0] 3, 3
#[1] 4, 3
#[2] 3, 4
#[3] 3, 2
#[4] 2, 3
#[5] 2, 4
#[6] 1, 3
#[7] 2, 2
#[8] 3, 1
#[9] 4, 4
#[10] 5, 3
#[11] 3, 5
#[12] 4, 2
#[13] 3, 0
#[14] 5, 4
#[15] 4, 5
#[16] 5, 2
#[17] 4, 1
#[18] 0, 3
#[19] 1, 4
#[20] 2, 1
#[21] 1, 2
#[22] 2, 5
#[23] 0, 4
#[24] 5, 1
#[25] 0, 2
#[26] 5, 5
#[27] 1, 5
#[28] 2, 0
#[29] 1, 1
#[30] 4, 0
#[31] 0, 5
#[32] 1, 0
#[33] 0, 1
#[34] 5, 0
#[35] 0, 0
#Turn 0
3 12 18 31 45 38 
44 17 14 40 13 43 
25 11 24 59 35 0 
55 15 23 36 52 50 
27 57 5 32 6 42 
8 48 39 58 30 29 
#Base: 936
#Max: 345
#368590
#Turn 1
#54 29 7 46 18 3 29 22 36 17 28 1 12 47 4 
#54 9 55 6 16 27 19 22 2 22 28 1 29 47 42 
#13 59 55 12 37 27 23 6 2 22 8 25 3 36 12 
#13 59 8 3 37 18 1 6 27 10 2 8 59 36 11 
#17 39 23 16 36 10 21 5 30 20 25 20 1 0 3 
#1 19 3 32 52 11 45 23 30 25 9 23 50 6 11 
#24 35 16 4 4 8 16 23 2 25 22 23 15 6 44 
#20 35 16 4 4 8 6 8 25 26 41 16 21 33 44 
#9 35 8 5 8 0 6 46 25 69 43 16 6 36 3 
#9 34 15 0 8 18 8 2 26 34 14 18 51 36 11 
#7 44 2 38 4 31 56 15 1 4 18 9 4 24 11 
#3 4 13 23 4 5 4 15 3 50 59 29 23 15 11 
#14 7 4 23 17 28 4 3 64 50 59 6 23 13 19 
#14 7 61 15 17 28 4 12 44 9 1 7 7 27 11 
#47 7 61 3 6 2 1 12 3 2 37 15 17 27 56 
#44 19 6 19 25 18 30 1 17 15 51 12 59 1 1 
#5 11 11 11 8 7 7 1 15 34 51 6 32 21 1 
#3 4 11 11 4 7 7 10 2 26 51 6 22 5 16 
#24 28 16 12 1 30 7 22 50 74 14 1 22 5 16 
#24 28 16 50 1 12 15 6 4 6 19 39 4 15 10 
#35 11 30 1 46 3 8 13 16 24 22 59 15 36 9 
#16 11 47 6 14 3 2 10 16 25 22 41 16 14 6 
#30 73 4 6 14 14 18 22 13 19 58 40 16 6 6 
#7 2 24 15 29 8 18 22 13 19 34 63 2 12 47 
#15 19 33 1 6 9 6 1 7 23 19 63 8 9 32 
#22 7 22 51 3 38 8 47 8 4 15 15 39 12 28 
#19 7 22 51 9 38 43 47 20 3 15 26 39 12 42 
#1 1 35 22 20 14 25 1 9 16 40 25 10 6 28 
#1 22 23 16 41 67 25 21 65 8 0 1 24 6 28 
#2 10 23 16 47 18 8 21 19 43 16 4 24 27 8 
#46 29 23 6 7 26 10 33 30 25 20 3 12 20 4 
#54 19 7 6 52 3 19 23 36 25 28 1 15 6 18 
#12 35 55 12 16 27 16 50 2 22 8 16 3 17 44 
#20 59 8 3 37 18 3 6 25 9 2 8 32 36 12 
#9 39 15 5 8 18 21 46 2 10 43 18 6 0 11 
#38 34 3 0 16 1 8 5 26 34 42 12 51 2 11 
#7 42 2 29 7 31 10 33 2 27 9 9 50 20 38 
#1 19 3 38 52 57 4 23 1 4 38 29 4 6 18 
#24 4 4 4 4 8 45 50 2 26 59 16 21 12 19 
#14 25 38 13 10 28 4 8 64 9 16 10 32 33 4 
#47 35 61 3 8 2 21 12 2 2 43 7 7 36 11 
#33 34 18 0 6 6 8 2 3 37 14 12 17 27 56 
#44 42 2 29 4 4 56 8 17 15 3 9 59 24 38 
#5 44 6 60 8 18 4 1 15 4 51 12 4 19 11 
#12 11 4 11 4 5 11 16 3 50 51 6 32 21 64 
#72 4 38 15 17 2 7 3 50 9 14 10 50 13 16 
#24 29 61 12 13 2 15 12 9 2 19 23 22 27 6 
#10 7 18 50 6 6 44 27 4 6 2 15 4 24 56 
#44 3 44 19 46 4 30 6 6 15 22 47 14 1 9 
#16 11 6 60 8 3 7 13 16 24 51 59 23 19 1 
#30 11 49 11 4 14 11 10 2 25 58 41 16 14 64 
#72 4 4 11 8 8 7 22 50 19 34 40 22 5 16 
#7 2 16 1 1 30 15 1 7 74 19 63 22 12 6 
#10 15 33 14 6 15 44 55 53 11 9 20 4 9 10 
#9 9 30 1 46 45 8 25 6 2 28 15 35 16 28 
#16 11 47 51 13 3 42 3 20 24 15 59 39 10 42 
#30 1 49 6 20 14 2 47 9 25 40 25 16 45 6 
#1 25 35 15 8 17 18 22 65 16 34 1 14 6 10 
#26 22 23 16 18 67 6 1 7 23 19 4 24 25 3 
#2 19 29 49 6 15 6 57 7 11 36 20 9 9 32 
25 47 56 0 32 39 
59 43 37 42 40 23 
53 15 12 45 52 5 
14 51 22 28 50 18 
48 3 49 55 1 44 
31 38 2 8 26 20 
#Base: 936
#Max: 395
#422009
#Turn 2
#22 7 18 51 6 38 44 47 4 4 2 15 4 24 56 
#30 1 49 50 20 6 2 27 4 6 2 15 4 45 56 
#30 29 49 46 20 3 2 22 36 25 40 1 16 47 6 
#54 35 55 46 16 27 29 50 36 22 8 16 12 47 4 
#12 25 38 12 10 27 4 8 64 9 16 16 3 17 4 
#2 19 29 60 6 15 4 1 15 11 36 20 4 9 11 
#5 44 6 38 8 57 4 1 1 4 51 12 4 6 18 
#44 19 2 29 52 57 56 23 17 4 3 29 4 6 18 
#47 42 2 29 4 4 56 8 17 2 3 7 59 36 11 
#47 2 24 3 29 2 18 22 13 19 34 7 2 12 47 
#44 15 6 19 25 15 30 1 53 11 51 12 59 9 10 
#44 19 6 19 17 18 30 1 17 15 59 6 59 1 1 
#72 7 4 23 17 28 7 3 64 9 59 10 23 13 19 
#7 2 38 1 17 30 7 3 7 74 14 10 22 12 16 
#1 19 3 1 1 11 45 23 30 74 19 63 50 6 6 
#72 4 4 3 6 2 1 12 50 2 37 40 22 27 16 
#30 4 4 6 14 8 18 22 50 19 34 40 22 6 16 
#1 22 23 16 14 67 18 21 65 8 0 1 16 6 28 
#30 11 23 16 41 14 25 21 2 8 0 41 16 14 28 
#24 11 49 12 1 14 7 10 2 74 14 41 22 14 64 
#44 59 44 3 37 4 30 6 6 15 2 47 14 36 11 
#16 11 8 3 37 18 7 13 27 24 51 59 59 36 11 
#16 11 6 60 13 3 42 13 16 24 51 59 23 10 1 
#16 11 55 6 13 27 42 22 20 24 28 59 39 47 42 
#12 11 4 11 4 27 11 22 2 50 28 6 29 47 42 
#54 19 4 4 52 8 19 50 2 25 59 16 21 6 18 
#24 59 4 4 37 27 23 50 2 22 8 25 3 12 19 
#9 35 55 5 8 0 6 6 2 22 8 25 6 36 12 
#9 35 8 5 8 0 43 46 20 3 15 26 6 12 42 
#19 11 30 51 46 38 8 13 20 3 22 26 39 12 42 
#22 7 22 51 6 15 8 57 7 11 15 15 39 12 32 
#5 44 18 50 6 18 44 1 4 4 51 15 4 19 11 
#1 1 49 6 20 14 4 47 1 25 40 25 4 6 18 
#44 42 2 29 4 3 56 8 17 17 3 1 12 47 38 
#47 35 55 3 8 2 21 12 2 2 43 16 7 36 11 
#14 2 38 13 29 28 18 22 13 9 16 63 32 33 4 
#2 15 33 14 6 15 6 55 53 11 36 20 9 9 32 
#5 19 6 19 25 18 30 1 17 15 51 12 59 19 11 
#1 19 4 38 17 28 4 23 1 50 59 6 4 6 19 
#44 42 38 15 17 2 56 3 17 9 14 10 59 24 38 
#7 35 61 1 1 2 21 1 7 74 43 7 22 36 11 
#7 19 24 15 29 11 45 23 13 19 34 23 2 6 11 
#10 7 33 14 6 2 44 55 53 11 37 15 4 27 10 
#44 4 6 19 25 8 30 22 50 19 51 12 59 5 1 
#14 73 4 6 17 28 18 22 64 50 59 6 23 6 6 
#1 4 38 15 41 67 7 21 50 8 14 1 50 6 16 
#30 11 16 11 4 30 11 1 7 25 58 63 16 14 6 
#24 28 16 12 1 11 7 22 30 25 9 23 50 6 16 
#44 3 44 19 6 4 30 6 3 2 37 15 14 1 9 
#72 59 4 3 37 8 7 6 50 19 34 8 22 5 16 
#30 11 6 60 14 14 7 13 13 24 58 40 16 19 1 
#16 22 47 16 13 67 42 3 65 8 15 59 39 6 42 
#54 9 49 11 4 27 11 22 2 22 58 1 29 47 64 
#12 11 16 12 4 5 11 22 50 50 51 6 32 5 16 
#44 3 44 19 52 4 19 6 6 25 28 47 14 1 9 
#13 59 8 3 37 8 1 50 27 10 2 8 59 36 11 
#13 11 6 60 8 3 23 6 16 22 51 59 23 19 1 
#9 35 8 51 13 0 42 46 20 69 15 59 39 10 42 
#19 9 55 51 9 38 19 22 2 22 28 1 39 12 42 
#12 11 30 1 4 5 11 13 3 50 51 6 32 36 64 
46 50 17 10 15 11 
29 2 43 12 8 58 
1 20 19 14 3 59 
45 23 52 51 44 39 
33 55 21 57 49 7 
42 0 22 40 25 56 
#Base: 936
#Max: 460
#491453
#Turn 3
#30 11 16 11 14 30 7 1 7 24 58 63 16 19 1 
#30 11 6 60 14 14 18 21 13 24 0 1 16 6 28 
#44 15 6 16 25 67 18 21 65 8 51 1 59 9 28 
#72 15 6 3 6 2 1 12 50 11 37 40 22 9 10 
#44 19 4 19 17 18 1 12 17 2 59 6 59 27 16 
#19 11 30 51 46 38 8 13 36 3 40 26 16 47 6 
#44 4 49 19 20 8 2 22 36 19 40 12 16 47 1 
#72 7 6 23 25 8 30 3 50 9 51 10 23 13 1 
#47 42 2 23 4 28 56 8 64 2 59 10 23 36 19 
#19 42 2 51 4 4 56 22 2 2 28 1 59 36 42 
#44 59 49 3 37 6 30 27 6 15 2 15 14 45 11 
#24 59 44 12 37 4 7 6 2 15 2 47 22 14 64 
#24 11 3 12 1 14 45 23 2 74 19 63 22 14 6 
#1 19 55 46 16 11 45 50 30 74 19 63 12 6 6 
#12 35 30 1 4 5 11 13 36 22 8 6 32 47 4 
#16 4 38 15 41 67 7 21 20 24 14 59 50 47 42 
#16 9 49 6 13 27 42 22 20 22 58 1 39 47 42 
#54 22 49 11 13 27 11 22 65 22 15 59 29 6 64 
#14 73 47 6 13 67 18 3 64 50 15 6 23 6 42 
#44 42 4 6 17 2 18 22 17 50 59 10 59 24 38 
#13 42 2 29 37 8 56 50 27 17 3 1 12 47 38 
#16 59 8 3 37 18 7 50 27 10 51 59 59 36 11 
#9 11 8 3 37 18 42 13 27 69 15 59 59 36 42 
#9 59 8 51 13 8 7 6 20 69 15 59 39 10 16 
#44 59 2 29 37 8 56 6 50 4 34 29 4 6 18 
#10 7 18 51 6 38 44 55 53 4 2 15 4 24 56 
#16 11 6 60 13 3 42 47 16 24 51 59 23 10 56 
#7 35 6 60 1 3 42 13 7 24 43 59 23 10 1 
#7 35 4 1 52 2 21 1 2 25 43 7 21 6 11 
#13 11 4 4 8 8 23 50 16 25 51 16 23 6 18 
#19 11 16 11 4 30 11 13 20 3 58 63 16 12 6 
#30 11 49 46 20 14 2 13 36 25 58 1 16 47 6 
#44 4 23 16 25 67 30 21 50 19 51 12 16 5 28 
#72 7 4 19 17 28 7 1 53 9 51 10 59 9 19 
#72 4 2 29 6 2 56 8 17 2 3 40 22 36 11 
#44 9 55 51 17 38 19 1 17 15 59 1 39 12 42 
#30 1 30 51 46 38 8 13 4 3 22 26 4 12 56 
#30 59 49 3 37 3 30 22 6 15 40 47 16 47 11 
#44 4 6 19 25 8 30 10 50 74 14 41 22 14 64 
#1 7 4 23 17 11 45 23 64 74 19 10 23 13 19 
#47 42 55 29 16 4 56 50 17 22 3 16 12 36 4 
#12 11 55 1 4 5 11 13 3 50 51 6 32 36 64 
#1 1 49 50 20 6 7 27 4 6 2 1 4 6 16 
#44 59 55 3 37 27 30 6 6 15 2 59 14 36 42 
#24 9 49 12 4 27 7 22 2 74 14 1 22 14 64 
#16 19 47 16 13 67 45 3 30 74 19 63 50 6 42 
#54 73 55 46 16 27 29 22 36 50 8 6 23 47 6 
#44 11 30 15 17 2 11 13 3 9 14 10 32 24 38 
#1 4 38 15 4 67 56 8 17 17 14 1 50 6 16 
#13 11 55 3 37 8 42 50 20 24 2 59 59 47 42 
#54 9 49 11 37 27 11 22 2 22 58 59 59 47 64 
#16 22 8 16 13 67 42 3 20 69 15 59 39 6 42 
#72 73 4 6 17 28 18 6 64 19 34 8 22 5 6 
#44 19 38 15 17 57 56 23 17 4 3 29 59 24 38 
#10 7 2 29 6 3 56 8 17 17 37 1 4 27 10 
#22 7 18 3 6 38 1 47 4 10 2 15 4 36 11 
#16 11 6 60 13 3 7 13 27 24 51 59 59 36 1 
#9 35 8 1 1 0 42 46 20 69 43 59 39 10 42 
#54 59 4 4 37 8 19 50 2 19 34 8 22 6 18 
#13 19 2 29 8 3 23 6 17 4 3 29 23 6 1 
12 39 40 23 19 41 
16 24 56 49 53 9 
32 35 51 13 17 33 
52 21 46 50 18 15 
44 43 57 45 2 26 
11 25 8 22 38 37 
#Base: 936
#Max: 531
#567308
#Turn 4
#24 7 4 23 1 14 45 23 2 74 19 10 23 14 19 
#1 42 55 29 17 4 56 50 64 74 19 10 23 13 19 
#9 59 55 51 16 8 7 6 20 69 15 16 12 10 16 
#9 59 4 6 17 8 7 22 17 69 59 10 39 10 38 
#44 42 4 6 17 2 11 22 17 50 59 6 32 36 64 
#16 9 2 6 13 27 56 6 50 22 58 29 39 6 42 
#44 59 2 60 37 8 7 13 27 4 34 29 4 6 1 
#16 11 55 60 13 3 42 50 20 24 2 59 59 47 1 
#13 19 38 15 37 8 42 50 20 24 3 59 59 24 38 
#19 42 2 15 17 57 56 23 2 4 28 1 59 24 42 
#44 4 55 16 25 38 30 1 50 15 51 12 16 12 42 
#44 22 8 16 17 38 19 1 20 15 59 59 39 12 42 
#1 22 55 46 13 67 42 3 30 69 15 59 39 6 42 
#54 19 49 46 16 27 45 22 30 74 19 63 29 6 64 
#54 22 49 19 13 27 7 1 65 9 15 59 59 9 64 
#72 59 4 3 17 18 7 50 64 10 51 8 59 36 6 
#54 59 55 46 16 27 7 22 27 10 51 59 23 47 11 
#54 73 49 11 16 27 11 22 36 22 58 6 59 47 6 
#14 73 47 6 13 27 18 22 2 50 58 6 59 6 42 
#16 4 38 15 13 67 18 3 64 24 15 6 50 47 42 
#44 59 49 12 4 27 7 22 2 74 14 59 22 14 42 
#44 59 8 3 1 0 30 6 20 15 43 59 14 10 42 
#16 35 8 1 1 67 45 3 20 69 43 63 39 10 42 
#16 19 6 16 13 67 18 3 30 8 19 1 59 9 28 
#44 15 6 60 25 3 18 21 16 24 51 1 23 9 56 
#24 7 18 12 37 38 44 6 53 4 2 47 4 14 64 
#47 42 2 23 6 28 56 55 64 2 2 10 4 24 19 
#47 42 2 23 37 28 42 8 64 69 15 59 23 36 19 
#44 11 8 19 25 8 42 13 50 69 14 41 59 36 64 
#44 4 6 3 37 3 30 22 50 74 14 41 16 47 64 
#16 11 3 6 1 27 42 22 2 74 58 63 22 14 42 
#1 7 2 23 37 11 45 6 64 4 34 29 23 6 18 
#47 11 55 60 16 4 7 13 27 22 3 59 59 36 4 
#9 59 8 51 13 8 42 6 20 69 15 59 59 10 16 
#44 42 4 15 17 57 56 23 17 50 3 10 59 24 38 
#12 42 55 1 4 4 56 22 2 2 28 1 32 36 42 
#16 4 49 16 25 27 42 22 50 22 58 1 16 5 42 
#44 9 55 51 17 8 56 1 50 15 59 1 4 6 18 
#16 11 6 60 13 67 42 13 20 69 15 59 39 6 1 
#13 11 55 46 16 8 45 50 30 74 2 63 59 47 42 
#54 22 38 15 17 57 56 23 65 4 15 59 29 6 38 
#72 7 4 19 17 4 56 1 2 9 51 10 59 36 42 
#44 73 4 6 25 67 30 6 50 19 34 12 22 5 28 
#16 59 8 3 17 38 7 50 17 15 51 1 39 36 42 
#16 22 8 16 16 27 42 22 36 69 8 59 23 47 42 
#54 19 55 46 37 11 45 50 2 22 19 59 59 6 64 
#14 73 47 6 13 67 11 22 65 50 15 59 29 6 64 
#72 4 4 19 17 67 7 1 53 9 51 10 59 47 19 
#24 9 49 6 4 28 7 6 2 19 34 1 22 14 64 
#16 59 8 3 37 27 7 50 27 10 51 59 14 36 11 
#9 35 8 46 16 27 42 22 36 50 43 6 39 47 42 
#16 9 49 11 37 67 45 22 2 74 19 59 59 47 64 
#44 15 47 6 25 67 18 21 65 8 51 6 23 9 28 
#16 4 38 15 13 3 42 47 20 24 14 59 23 10 42 
#24 59 44 12 4 4 7 6 2 74 2 1 22 14 64 
#10 59 55 3 37 38 44 6 53 15 2 15 4 24 42 
#9 35 8 1 4 28 56 46 20 2 59 10 23 36 19 
#16 11 47 16 13 67 42 3 27 74 15 63 59 36 42 
#44 4 6 16 25 8 30 10 65 8 51 1 59 14 28 
#16 59 6 60 37 3 30 47 6 24 51 59 23 10 11 
4 8 32 29 34 19 
50 44 20 12 38 30 
52 33 15 45 57 18 
1 17 13 51 39 16 
41 7 14 46 27 22 
37 59 47 28 40 42 
#Base: 936
#Max: 580
#619658
#Turn 5
#13 19 38 6 17 8 11 50 17 50 59 6 32 24 64 
#13 11 38 15 37 4 7 13 27 22 3 59 59 36 4 
#47 11 6 60 16 3 7 13 50 74 3 41 16 47 64 
#44 4 6 3 37 3 30 22 50 74 14 41 59 47 64 
#16 42 4 15 13 57 18 3 17 50 3 10 50 24 42 
#9 22 8 46 16 27 42 22 36 50 43 6 39 47 42 
#44 22 49 16 4 27 7 22 2 69 14 59 23 14 42 
#1 22 49 12 13 67 7 22 2 69 15 59 22 14 42 
#16 11 6 46 13 67 42 3 30 69 15 59 39 6 42 
#16 11 3 60 13 67 42 13 20 74 15 59 39 14 42 
#9 59 47 51 25 8 18 21 65 8 15 59 59 9 28 
#72 59 4 51 13 8 42 6 64 10 15 8 59 10 6 
#72 59 4 46 37 18 7 50 64 10 51 59 59 36 6 
#16 11 55 16 13 67 42 3 2 22 15 59 59 6 42 
#16 73 47 6 13 67 18 3 2 50 15 63 59 36 42 
#1 73 49 11 17 27 56 50 64 74 58 10 23 47 19 
#54 73 49 11 16 27 45 22 36 74 58 6 29 6 6 
#16 19 49 46 37 67 45 22 30 74 19 63 29 6 64 
#13 11 49 46 16 8 45 50 30 74 2 59 59 47 64 
#54 11 55 46 16 8 45 50 30 74 2 59 23 47 11 
#16 11 4 60 17 4 42 1 2 24 2 10 59 36 42 
#54 22 49 60 13 3 7 50 20 9 2 59 59 9 1 
#54 22 49 6 13 67 11 22 65 50 15 59 29 6 64 
#47 42 2 6 13 67 11 8 64 69 15 59 29 6 19 
#16 35 8 1 37 28 42 3 20 69 15 63 23 10 42 
#16 59 55 60 37 8 56 1 50 15 51 1 4 6 11 
#16 4 4 60 37 67 7 47 53 24 51 10 59 10 19 
#44 11 4 19 25 8 7 1 50 69 51 10 59 47 19 
#54 22 8 15 25 8 42 13 65 4 15 59 29 36 64 
#54 73 4 15 25 67 56 23 65 19 34 59 22 6 28 
#44 35 8 6 17 27 11 22 17 50 59 6 32 36 64 
#16 22 8 16 16 8 42 50 36 24 3 59 23 47 38 
#44 59 55 12 4 4 7 22 2 74 3 59 59 36 42 
#1 4 6 3 37 3 30 22 30 69 14 59 16 6 64 
#16 42 4 60 17 57 42 13 20 50 3 59 39 6 38 
#16 11 38 6 1 27 18 3 2 74 58 6 22 47 42 
#44 35 47 46 16 27 18 22 65 8 51 6 39 9 42 
#9 59 8 51 13 8 42 6 20 69 8 59 23 10 16 
#72 59 4 3 17 18 7 22 2 74 14 8 22 36 6 
#54 19 55 46 37 67 45 50 30 22 19 59 59 6 42 
#16 11 47 16 13 67 42 13 20 74 15 59 39 6 42 
#14 11 47 6 13 27 42 22 2 50 58 6 59 6 42 
#44 15 55 29 25 4 18 50 65 74 19 6 23 13 19 
#54 73 49 11 16 27 42 22 36 69 58 59 59 47 16 
#54 19 49 3 17 27 45 50 64 74 19 63 29 36 64 
#16 9 49 11 37 11 45 22 2 74 19 59 59 6 64 
#16 11 55 46 13 8 45 50 27 74 2 63 59 36 42 
#54 73 47 46 13 27 18 22 2 10 51 59 59 47 11 
#72 7 55 19 17 4 56 1 64 9 19 10 23 36 42 
#54 73 49 60 16 3 42 22 36 24 58 59 59 47 1 
#54 19 49 19 13 27 7 1 65 74 15 59 29 6 64 
#16 9 49 11 13 67 45 22 65 50 15 59 29 6 64 
#47 42 55 46 16 8 45 50 30 74 2 59 23 36 42 
#16 35 8 1 1 67 45 22 27 69 51 59 39 47 11 
#44 7 4 19 17 8 56 1 50 15 59 10 59 36 42 
#16 11 55 60 37 3 30 47 6 24 51 59 59 47 11 
#54 4 4 19 17 67 7 1 65 9 15 10 59 9 64 
#14 11 8 6 13 67 42 13 65 50 14 59 29 6 64 
#47 22 38 23 37 28 56 8 64 69 15 59 29 6 38 
#44 73 8 6 1 67 30 3 20 69 43 63 39 10 42 
42 11 9 16 53 26 
8 10 32 18 50 40 
23 3 17 12 39 55 
47 52 15 43 49 59 
57 58 22 44 29 14 
34 45 51 46 19 2 
#Base: 936
#Max: 638
#681624
#Turn 6
#72 15 4 51 25 8 18 50 64 10 15 8 59 10 6 
#72 59 4 60 13 67 42 6 64 74 15 8 59 14 6 
#16 11 49 11 13 67 45 13 20 74 15 6 39 6 42 
#16 35 49 1 16 67 45 22 27 69 51 59 39 6 6 
#16 35 4 60 1 67 45 47 53 69 51 59 59 47 19 
#16 59 47 51 25 67 18 21 65 8 15 59 39 9 28 
#9 59 55 51 25 4 7 21 2 74 15 59 59 9 28 
#44 11 55 12 16 4 7 22 2 74 2 59 59 36 64 
#13 11 49 19 16 27 45 1 65 74 15 59 29 47 64 
#16 19 47 19 13 67 42 1 65 74 15 59 29 6 42 
#47 42 2 3 13 3 30 22 50 69 15 59 29 47 19 
#44 4 49 46 37 3 30 22 50 74 14 41 59 6 64 
#16 19 49 46 37 18 45 22 64 74 19 63 29 6 64 
#72 19 4 46 37 67 7 50 30 10 19 59 59 6 42 
#16 19 55 46 37 3 45 47 6 24 51 59 59 47 11 
#47 42 47 46 16 8 45 22 30 74 51 59 59 47 11 
#47 42 49 11 16 27 56 50 64 74 58 59 23 36 19 
#54 73 49 11 16 27 56 50 64 69 58 59 23 47 16 
#54 73 49 60 16 27 42 22 36 24 58 59 59 47 16 
#54 73 8 60 1 3 42 22 36 24 43 59 59 47 42 
#47 22 8 6 13 28 42 8 64 50 14 59 29 6 38 
#54 22 38 6 13 28 56 22 64 69 15 59 29 6 64 
#54 22 49 3 17 67 45 22 64 74 15 59 29 6 64 
#54 73 49 15 17 67 56 23 65 74 19 59 29 6 64 
#16 73 47 6 13 67 18 23 2 50 15 63 22 6 28 
#16 9 49 60 17 57 42 13 2 74 3 59 59 6 64 
#16 9 49 11 13 11 45 22 65 50 19 59 29 6 64 
#16 11 55 11 13 67 45 22 65 50 15 59 29 6 42 
#16 11 55 46 16 8 45 50 30 74 2 59 23 47 42 
#54 11 55 60 16 8 45 50 30 74 2 41 16 47 11 
#16 15 6 29 13 67 42 50 65 74 15 59 23 6 42 
#72 59 4 51 13 8 42 6 65 10 15 59 59 10 6 
#44 11 55 60 4 4 42 13 2 74 3 59 39 36 42 
#13 11 49 46 16 27 45 50 30 74 2 6 59 47 64 
#54 19 8 19 1 67 7 1 27 74 51 59 29 6 11 
#16 11 4 60 13 67 42 13 53 24 15 10 59 10 19 
#47 42 2 6 13 67 11 3 30 69 15 59 29 6 19 
#9 4 47 3 25 3 18 21 50 8 15 41 59 9 28 
#44 59 55 46 4 4 7 22 2 74 3 59 59 36 64 
#72 11 49 46 16 18 7 50 30 74 51 59 59 36 6 
#54 19 55 46 37 67 45 1 65 74 15 59 29 6 64 
#16 11 55 16 13 67 30 13 6 24 51 59 59 6 42 
#54 73 47 6 13 67 11 8 2 69 51 59 29 47 19 
#44 42 55 3 16 3 45 50 50 74 2 41 59 36 42 
#1 73 49 46 37 67 45 22 64 74 58 10 23 6 64 
#72 73 49 46 16 18 7 50 64 69 51 59 59 47 16 
#54 73 55 46 37 3 42 50 36 24 58 59 59 6 42 
#16 73 8 60 37 3 30 47 20 69 51 59 59 47 11 
#54 73 47 6 13 67 18 13 65 50 51 59 29 47 64 
#47 42 38 46 37 28 45 50 30 74 2 59 29 36 38 
#1 22 49 6 13 67 11 50 65 50 15 59 29 6 64 
#54 73 49 3 17 27 45 50 36 74 58 59 59 47 64 
#54 73 4 15 16 3 42 23 65 19 58 59 22 47 1 
#44 73 8 6 13 67 30 3 20 50 43 63 59 36 42 
#14 11 8 60 13 67 42 13 20 50 3 59 39 6 38 
#16 9 49 11 37 28 56 8 64 69 15 59 59 6 64 
#16 22 49 6 13 67 11 22 65 50 15 59 29 6 64 
#54 19 49 46 17 27 45 50 27 74 19 63 59 36 42 
#54 73 4 46 16 8 56 23 30 74 34 59 22 47 11 
#47 11 47 6 16 67 7 3 50 74 15 41 16 36 64 
5 29 55 19 38 13 
30 33 43 40 42 21 
11 12 46 48 44 53 
47 4 17 51 23 57 
8 49 22 45 18 15 
9 58 39 16 1 25 
#Base: 936
#Max: 715
#763889
#Turn 7
#54 11 55 51 16 67 18 21 65 8 15 59 39 9 28 
#54 9 49 11 16 8 56 50 30 74 2 59 16 6 64 
#16 9 49 11 1 28 56 22 64 69 15 59 59 6 42 
#44 59 8 46 4 3 42 22 2 74 3 59 59 47 64 
#72 19 4 46 4 4 7 50 30 74 3 59 59 6 42 
#13 11 49 46 13 27 42 50 30 74 15 6 59 6 42 
#13 11 49 46 16 27 45 50 30 74 2 6 59 47 42 
#54 19 55 3 16 67 45 1 65 74 15 41 59 6 42 
#54 19 47 6 37 67 11 8 65 69 51 59 29 6 64 
#54 22 47 6 13 67 56 22 2 69 51 59 29 6 19 
#16 19 49 46 37 3 45 22 50 74 19 63 29 6 64 
#54 73 55 46 37 18 45 22 64 24 58 63 59 6 42 
#54 73 55 46 13 3 42 50 65 24 58 59 29 6 64 
#1 73 49 6 13 67 45 13 64 74 58 10 29 6 64 
#44 73 8 46 37 67 30 22 64 74 43 63 59 6 64 
#16 35 8 60 37 67 45 47 20 69 51 59 59 47 11 
#54 73 4 11 16 27 56 50 53 69 51 59 23 47 19 
#54 73 49 11 17 27 45 50 64 74 58 59 59 47 64 
#54 73 49 15 17 67 56 23 65 74 19 59 29 6 64 
#54 19 49 15 17 27 45 50 27 74 19 63 29 6 42 
#13 42 38 19 37 28 45 50 30 74 2 59 29 36 38 
#47 22 49 3 37 28 45 22 64 74 15 59 29 36 64 
#72 22 49 3 17 18 7 50 64 74 51 59 59 6 64 
#54 73 49 46 16 18 42 50 36 69 58 59 59 47 16 
#54 42 49 60 16 8 45 22 36 74 58 59 59 47 16 
#16 19 47 46 13 67 42 23 30 74 34 59 29 47 42 
#54 73 49 46 16 18 56 23 30 74 34 59 59 36 11 
#72 11 49 46 16 18 7 50 64 74 58 59 59 36 6 
#47 59 4 11 13 67 42 6 64 74 58 8 59 36 19 
#72 59 4 60 17 67 42 6 64 74 3 8 59 6 64 
#16 15 6 29 25 67 42 50 65 8 15 59 23 6 28 
#13 11 49 46 16 8 45 50 30 74 2 41 59 47 64 
#16 42 55 11 16 28 45 8 64 69 15 59 59 6 42 
#54 19 8 46 37 3 45 1 65 74 15 59 29 47 64 
#54 73 47 6 4 4 11 8 2 74 3 59 29 36 19 
#72 22 4 46 13 67 7 50 30 10 15 59 59 6 42 
#44 4 49 29 37 67 30 22 50 74 15 59 59 6 42 
#13 19 49 46 16 27 45 22 30 74 2 63 59 6 64 
#54 73 55 3 16 3 45 50 36 74 2 41 59 6 42 
#54 19 55 46 13 67 18 1 65 50 15 59 29 47 64 
#54 73 49 46 13 67 11 22 2 74 58 10 23 6 19 
#54 22 38 6 13 67 30 22 20 69 43 63 29 6 42 
#44 4 49 60 37 3 30 47 50 74 14 41 59 6 11 
#16 19 4 60 37 67 45 47 53 69 51 59 29 47 19 
#54 73 49 11 16 27 42 50 64 24 58 59 23 6 42 
#54 73 47 6 17 67 45 13 65 50 58 59 29 47 64 
#1 73 49 15 17 67 56 23 65 74 19 10 29 6 64 
#44 73 49 6 17 27 30 50 27 50 43 63 59 36 42 
#16 11 8 60 16 27 30 1 65 69 15 59 29 47 11 
#16 35 38 46 1 67 45 50 53 74 51 59 59 47 38 
#54 22 49 11 16 67 56 22 64 74 15 59 29 6 16 
#54 73 49 46 17 27 45 50 64 74 51 59 59 47 64 
#54 73 49 60 17 67 56 23 36 74 19 59 29 6 16 
#54 42 49 46 16 27 45 50 27 74 51 63 59 47 11 
#13 11 47 19 16 67 45 1 65 74 15 59 29 47 42 
#54 73 4 46 37 8 45 50 30 74 34 59 22 47 38 
#72 11 49 3 17 18 7 22 30 74 51 59 29 6 64 
#72 42 49 46 16 27 7 50 64 74 58 59 23 36 16 
#72 73 4 60 16 27 42 6 64 24 58 59 59 14 6 
#16 9 49 46 16 8 45 13 2 74 51 59 59 47 64 
59 7 58 43 8 28 
33 46 47 18 55 13 
36 16 11 23 49 39 
26 53 45 51 14 52 
25 29 57 17 12 15 
38 44 22 24 27 21 
#Base: 936
#Max: 779
#832265
#Turn 8
#16 9 49 46 16 67 45 1 65 74 51 41 59 6 64 
#54 19 4 3 16 27 45 6 64 74 58 59 59 14 6 
#72 19 4 60 37 67 45 6 64 69 51 59 29 47 6 
#54 19 47 6 37 67 11 8 53 69 51 59 29 47 64 
#47 19 47 11 13 67 11 8 65 69 51 59 29 36 19 
#1 73 8 15 37 67 56 1 65 74 19 59 29 47 64 
#44 73 49 6 17 27 56 23 27 74 43 63 29 36 42 
#44 73 49 6 17 67 30 23 27 50 43 59 59 36 42 
#54 73 49 46 17 8 45 23 65 74 19 59 29 6 64 
#1 73 4 6 13 67 45 13 64 74 58 59 29 47 64 
#54 73 49 11 16 67 56 22 53 74 15 59 23 6 19 
#54 73 4 11 37 18 45 22 53 69 51 59 23 6 42 
#54 73 49 46 37 18 45 22 36 24 58 59 59 6 42 
#16 73 38 46 16 67 42 50 53 74 51 59 59 47 38 
#54 35 55 46 13 67 18 1 65 74 51 59 29 47 38 
#54 73 49 46 16 18 45 50 27 74 51 59 59 47 11 
#54 42 49 6 16 67 45 13 27 50 51 63 29 47 11 
#54 73 49 46 17 67 45 13 65 50 51 59 59 47 64 
#44 73 8 46 37 67 30 50 64 74 43 63 59 6 64 
#54 73 8 46 37 67 30 23 64 74 43 59 29 6 16 
#16 19 47 46 17 67 42 23 64 74 34 8 29 47 42 
#72 42 49 60 17 27 42 50 64 74 58 8 59 6 16 
#72 73 49 46 16 27 7 50 64 74 58 59 23 36 64 
#54 73 55 46 17 27 42 50 65 24 58 59 59 6 64 
#16 73 8 60 13 67 45 50 65 24 58 59 29 6 64 
#54 73 49 11 16 3 45 50 36 74 2 59 23 6 42 
#54 73 49 11 17 27 7 50 64 24 51 59 59 6 42 
#54 22 49 60 16 8 7 22 36 74 58 59 59 47 64 
#54 42 49 60 16 18 7 50 64 74 58 59 59 47 6 
#47 22 49 3 37 18 7 50 64 74 15 59 29 36 64 
#16 19 49 46 37 8 45 1 65 74 51 59 29 47 64 
#1 19 55 15 17 67 45 23 65 74 15 41 59 6 64 
#72 73 49 60 16 27 30 50 64 50 43 59 59 14 6 
#16 19 49 60 17 67 45 23 53 74 51 59 29 47 19 
#54 73 4 46 37 67 11 8 65 74 51 59 29 6 64 
#1 59 49 11 13 67 45 6 64 74 58 10 59 6 64 
#44 19 8 29 37 3 45 22 50 74 15 59 29 6 42 
#54 73 49 15 16 27 56 23 65 74 19 10 23 6 19 
#44 73 49 6 37 27 30 50 27 24 58 63 59 36 42 
#54 73 49 15 17 18 56 23 65 69 58 59 59 6 64 
#16 35 38 46 37 67 45 50 53 74 34 59 22 47 38 
#1 19 49 46 13 67 18 13 65 74 58 59 29 6 64 
#44 73 49 46 16 67 30 22 50 74 15 59 59 36 11 
#54 42 49 11 16 27 45 50 27 74 51 59 59 47 11 
#54 73 47 46 17 67 45 13 65 24 58 63 59 6 42 
#54 73 49 46 17 27 42 50 64 74 58 59 59 47 64 
#16 73 8 46 1 67 45 50 64 74 43 63 59 6 64 
#54 19 55 46 17 67 56 23 36 50 19 59 29 47 64 
#54 73 49 46 13 18 42 23 30 74 34 59 29 47 42 
#54 59 49 60 17 67 45 6 27 74 51 8 59 47 64 
#54 73 49 46 17 67 45 50 64 74 58 59 23 36 64 
#54 73 49 11 17 27 45 50 64 74 58 59 59 47 64 
#44 73 55 46 37 67 42 50 65 74 43 63 29 6 64 
#54 73 49 60 37 67 56 47 36 69 51 59 59 6 16 
#54 73 47 46 13 67 45 23 30 74 34 59 29 6 42 
#72 59 49 60 17 27 42 50 64 74 3 8 59 6 42 
#72 22 49 3 16 27 7 50 64 74 51 59 23 6 64 
#54 73 49 11 17 8 45 50 36 74 58 59 59 47 16 
#54 73 55 46 16 18 7 50 64 74 58 59 29 36 6 
#47 22 8 3 37 67 45 22 64 74 15 59 59 47 11 
38 12 47 57 21 8 
19 48 34 13 14 2 
27 42 18 51 53 58 
46 22 52 45 17 39 
55 40 15 50 23 32 
33 54 28 49 44 24 
#Base: 936
#Max: 783
#836538
#Turn 9
#44 73 49 46 37 27 30 50 27 24 58 63 59 6 42 
#54 73 55 46 37 18 56 23 36 24 19 59 29 47 64 
#54 73 55 46 17 67 56 50 36 50 58 59 59 47 16 
#72 73 49 60 17 27 45 50 36 74 58 59 59 47 16 
#72 73 49 46 17 8 45 50 64 74 19 8 59 6 16 
#54 73 49 46 13 18 30 23 64 74 34 59 29 47 16 
#54 73 4 46 13 67 11 8 65 74 34 59 29 47 42 
#16 73 4 46 16 67 42 50 65 74 51 59 59 47 64 
#54 73 38 46 16 67 42 50 53 74 51 59 59 47 38 
#72 35 4 46 37 67 18 6 65 74 51 59 29 47 38 
#44 73 49 46 16 8 30 22 50 74 58 59 59 36 11 
#44 73 8 46 16 67 30 22 50 74 43 63 59 6 64 
#54 73 49 46 17 67 30 50 64 74 58 59 59 6 64 
#54 73 49 11 17 67 45 47 64 74 58 59 59 47 64 
#54 73 49 46 37 67 56 50 64 69 58 59 59 36 16 
#16 73 49 46 1 67 45 50 64 74 58 59 59 6 64 
#44 73 55 46 16 27 42 50 65 74 58 63 29 6 64 
#54 73 55 46 37 27 42 50 65 74 43 63 59 6 64 
#54 73 49 46 17 27 42 13 64 74 51 59 59 47 64 
#54 73 49 15 17 67 45 23 65 50 58 59 59 47 64 
#72 59 38 46 37 27 42 50 64 74 34 59 59 6 38 
#54 35 49 46 16 18 45 50 53 74 34 59 59 47 11 
#54 73 49 46 17 67 45 50 64 74 51 59 23 47 11 
#54 73 55 46 17 67 45 50 64 24 58 59 23 6 64 
#54 73 49 46 16 27 30 50 64 24 43 59 59 14 64 
#54 19 49 46 13 67 45 23 53 74 34 59 29 6 42 
#54 73 49 46 13 67 7 50 64 74 34 59 29 47 42 
#54 42 49 60 17 18 45 50 27 74 51 59 59 47 6 
#54 59 47 46 17 67 45 13 65 24 51 8 59 6 64 
#16 73 8 60 17 67 45 50 65 24 58 63 59 6 42 
#44 73 49 46 37 27 30 23 64 24 43 59 59 36 16 
#54 73 49 46 13 18 45 23 30 74 58 59 29 47 42 
#54 19 4 46 37 67 56 23 36 74 19 59 29 6 64 
#16 73 38 11 17 67 45 50 36 74 58 59 59 47 38 
#54 42 55 46 17 27 42 50 64 74 51 59 59 47 38 
#72 19 49 60 17 67 45 23 64 74 19 59 29 47 6 
#54 22 8 60 16 67 30 23 36 74 43 59 29 6 64 
#44 73 49 46 13 18 30 22 50 74 15 59 59 47 11 
#54 73 8 46 37 67 30 8 65 74 51 59 29 6 64 
#54 73 49 46 16 67 45 50 64 74 51 59 59 47 64 
#54 73 55 60 13 67 56 1 65 74 51 59 59 6 38 
#54 19 4 46 16 67 7 6 64 74 51 59 29 36 6 
#54 22 49 46 1 67 7 50 36 74 43 63 59 6 64 
#44 73 49 46 16 27 7 50 64 74 15 59 23 36 11 
#44 73 8 46 37 67 30 50 64 74 43 63 59 6 64 
#54 73 49 46 17 27 45 50 64 74 58 59 59 47 64 
#54 73 49 60 17 67 56 13 36 50 51 59 59 47 64 
#54 73 49 15 17 18 7 50 65 69 58 59 59 6 6 
#16 59 49 60 17 67 42 50 64 74 3 63 59 6 64 
#16 73 38 46 16 67 7 50 64 74 34 59 22 47 38 
#54 73 49 46 16 18 45 50 27 74 51 63 29 6 64 
#54 73 49 46 17 27 45 50 64 74 58 59 23 36 64 
#54 73 55 46 17 27 42 13 65 24 58 59 59 47 64 
#72 73 49 15 17 27 30 50 65 50 58 59 59 14 6 
#72 19 49 60 17 27 42 23 53 74 3 59 29 6 42 
#16 35 38 46 13 67 45 50 30 74 34 59 29 6 38 
#54 73 49 60 16 18 7 50 64 74 51 59 59 47 6 
#54 73 49 60 17 67 45 6 27 74 51 59 59 36 64 
#54 73 55 46 17 67 45 13 65 24 58 59 59 6 64 
#16 73 8 60 16 67 30 50 64 50 58 59 59 14 64 
11 38 58 15 52 31 
50 56 20 17 40 59 
48 16 46 8 12 26 
57 2 13 39 45 51 
24 44 18 14 19 22 
27 23 7 3 34 33 
#Base: 936
#Max: 818
#873932
#54 73 8 46 16 67 30 8 50 74 51 63 59 6 64 
#54 73 8 46 37 67 30 8 65 24 58 59 29 6 64 
#54 73 49 46 17 67 45 50 65 74 58 59 59 6 64 
#16 73 49 46 17 27 45 50 65 24 58 59 59 47 64 
#54 73 55 46 13 18 42 23 30 24 58 59 59 47 42 
#54 73 49 46 16 18 7 50 64 74 51 59 59 6 6 
#72 73 49 60 16 27 42 50 64 74 51 59 59 47 6 
#54 73 55 46 37 27 42 50 65 74 43 63 59 6 64 
#54 73 55 60 13 27 56 50 65 74 43 59 59 6 64 
#54 73 55 60 13 67 30 50 65 74 51 59 59 14 64 
#44 73 49 46 17 67 42 50 64 74 3 63 59 6 64 
#44 73 49 60 17 27 42 50 36 74 51 63 29 6 64 
#54 73 38 46 17 67 56 50 53 50 51 59 59 47 38 
#54 73 49 46 17 67 30 50 64 74 51 59 59 6 64 
#54 73 49 46 17 67 30 50 64 74 58 59 59 6 64 
#54 73 49 46 17 67 56 6 27 50 51 59 59 47 16 
#54 73 55 46 17 67 45 47 64 50 58 59 59 47 64 
#54 73 49 46 17 67 45 47 64 74 51 59 59 47 64 
#54 73 49 46 17 67 45 50 64 74 58 59 59 47 64 
#54 73 49 46 17 27 45 50 64 74 58 59 23 36 64 
#44 73 49 46 16 67 30 50 64 74 43 63 59 6 64 
#44 73 49 46 17 67 30 50 64 74 43 63 59 47 64 
#54 73 49 46 17 67 56 13 64 74 58 59 59 47 64 
#54 73 49 46 37 67 45 50 64 69 58 59 59 47 16 
#54 73 49 46 17 67 45 50 65 74 58 59 23 47 11 
#54 73 55 60 17 18 45 50 64 24 58 59 59 6 6 
#16 73 4 46 16 67 42 50 65 24 51 59 59 47 64 
#72 73 49 46 16 27 42 50 65 74 58 59 59 47 16 
#72 42 55 46 17 27 45 50 36 74 51 59 59 47 16 
#54 42 38 46 17 67 45 50 64 74 51 59 59 47 38 
#54 73 8 46 16 67 30 50 50 74 43 63 29 6 64 
#54 73 49 46 16 18 7 8 65 74 51 59 29 6 64 
#72 73 38 46 37 27 42 50 65 24 34 59 59 6 64 
#16 73 49 46 1 67 45 50 65 74 43 63 59 6 64 
#54 73 55 46 17 27 42 13 65 74 51 59 59 47 38 
#16 73 49 60 13 18 45 23 64 50 58 59 59 47 64 
#16 73 49 60 17 67 45 50 64 74 3 63 59 6 64 
#54 73 49 46 16 27 7 50 65 74 58 59 29 6 6 
#72 73 49 60 37 27 42 13 64 50 34 59 59 47 38 
#54 73 55 46 37 27 42 50 65 74 43 59 59 6 64 
#54 73 55 46 13 67 30 1 65 74 51 59 59 6 38 
#16 73 49 46 16 67 7 50 64 74 58 59 29 14 64 
#54 73 49 60 17 67 42 6 64 74 51 63 59 36 64 
#44 73 55 46 16 27 56 50 65 74 58 63 59 6 64 
#54 73 49 60 17 67 56 47 64 74 58 59 59 47 64 
#54 73 49 46 16 67 42 50 64 74 51 59 59 47 64 
#54 73 49 46 17 67 30 50 64 74 58 59 59 6 64 
#54 73 49 46 17 27 7 50 64 74 58 59 23 47 42 
#54 73 49 46 16 27 45 6 27 24 43 59 59 14 64 
#44 73 8 46 37 67 30 50 36 74 58 63 59 47 64 
#54 73 49 11 17 27 42 47 64 74 58 59 59 47 64 
#54 73 49 46 37 67 56 50 64 74 58 59 59 36 16 
#54 73 49 46 17 67 45 23 65 74 58 59 59 47 64 
#54 73 49 46 17 27 45 50 64 74 58 59 23 36 11 
#54 73 49 46 17 18 45 50 27 74 43 59 59 14 6 
#54 73 55 46 17 67 45 50 64 24 43 63 59 6 64 
#16 73 49 46 17 67 42 50 65 74 51 59 59 47 64 
#72 73 49 46 17 27 45 50 36 74 58 59 59 36 16 
#54 73 49 15 17 27 42 23 64 74 51 59 59 47 38 
#54 73 49 11 17 67 45 50 36 74 51 59 59 47 11 
#Base: 936
#Max: 848
#905983
