#[0] 3, 3
#[1] 4, 3
#[2] 3, 4
#[3] 3, 2
#[4] 2, 3
#[5] 2, 4
#[6] 1, 3
#[7] 2, 2
#[8] 3, 1
#[9] 4, 4
#[10] 5, 3
#[11] 3, 5
#[12] 4, 2
#[13] 3, 0
#[14] 5, 4
#[15] 4, 5
#[16] 5, 2
#[17] 4, 1
#[18] 0, 3
#[19] 1, 4
#[20] 2, 1
#[21] 1, 2
#[22] 2, 5
#[23] 0, 4
#[24] 5, 1
#[25] 0, 2
#[26] 5, 5
#[27] 1, 5
#[28] 2, 0
#[29] 1, 1
#[30] 4, 0
#[31] 0, 5
#[32] 1, 0
#[33] 0, 1
#[34] 5, 0
#[35] 0, 0
#Turn 0
5 27 32 16 14 10 
56 26 33 53 19 23 
13 21 12 48 28 25 
6 20 22 42 18 1 
15 45 49 31 2 55 
59 29 47 35 50 7 
#Base: 948
#Max: 362
#381857
#Turn 1
#15 9 11 28 8 36 0 54 9 14 17 4 33 36 9 
#29 9 5 3 12 54 14 26 18 14 21 4 6 36 13 
#29 4 12 44 16 40 6 17 37 26 7 17 37 13 0 
#44 52 12 44 5 37 12 27 2 26 5 8 38 13 45 
#19 52 6 14 19 30 12 20 10 10 51 8 22 25 15 
#15 15 50 46 22 34 12 1 2 23 0 16 7 33 11 
#48 15 50 35 46 9 6 29 2 23 21 16 7 33 2 
#48 3 33 38 24 9 6 29 4 0 37 30 16 23 15 
#5 25 8 10 15 49 13 30 4 1 7 6 3 41 11 
#12 25 3 19 31 34 21 1 15 12 7 6 5 41 11 
#48 28 36 29 21 28 9 13 22 20 1 18 55 17 23 
#17 2 22 29 21 40 9 28 0 20 1 30 1 48 23 
#17 13 6 29 21 25 7 28 12 12 3 30 1 67 18 
#71 8 15 0 9 12 1 51 61 5 16 4 30 36 11 
#45 8 6 20 9 15 1 51 61 5 16 5 47 6 47 
#51 2 5 20 29 1 22 18 8 23 57 1 3 24 44 
#15 1 9 31 6 20 22 1 8 25 57 31 29 24 44 
#0 77 14 19 17 7 14 1 16 51 0 1 29 5 73 
#0 7 14 25 2 10 3 61 7 51 2 28 6 0 15 
#14 7 8 25 22 21 4 61 48 11 61 21 6 18 5 
#50 31 44 7 23 37 14 18 6 9 36 9 3 47 21 
#45 0 44 5 1 3 60 17 20 9 44 9 3 30 22 
#9 6 6 25 22 3 3 17 80 9 8 42 10 30 22 
#36 6 2 60 33 12 16 22 80 26 8 13 3 10 33 
#36 17 2 60 22 38 16 26 12 26 7 20 5 1 0 
#26 13 35 19 2 50 17 25 13 14 35 24 37 19 38 
#26 13 35 3 2 0 19 5 24 28 35 3 37 21 12 
#21 29 3 3 27 12 34 22 6 3 29 56 14 21 55 
#21 29 6 8 27 12 34 4 13 3 22 55 14 26 55 
#30 6 2 10 46 24 20 11 13 21 22 32 47 26 13 
#15 32 21 23 8 38 0 4 27 18 0 46 21 30 45 
#1 9 16 35 12 34 10 1 29 14 26 16 33 36 11 
#48 1 5 3 39 54 6 26 18 0 5 17 16 21 2 
#5 4 12 44 16 6 13 17 37 26 37 15 37 23 0 
#45 25 8 10 5 37 12 1 2 10 5 8 38 41 45 
#12 46 6 14 31 34 50 20 10 5 51 14 28 11 15 
#15 18 21 46 8 11 8 9 22 18 11 44 13 17 22 
#1 15 5 35 46 40 10 1 2 23 26 16 7 33 11 
#17 1 22 29 21 9 7 29 0 12 21 30 1 67 2 
#71 3 6 3 5 6 25 30 12 35 5 26 3 36 15 
#45 8 8 10 9 12 21 1 61 1 16 16 2 6 11 
#5 3 3 37 31 34 31 16 26 12 43 14 28 13 15 
#32 45 36 34 29 28 4 6 36 3 11 18 55 4 18 
#51 2 5 3 8 40 9 18 8 23 57 28 12 48 23 
#15 9 9 31 6 20 7 1 9 25 3 30 29 5 18 
#0 77 6 0 5 7 25 1 12 51 0 1 30 36 15 
#45 8 15 25 2 12 62 51 7 23 16 28 2 1 5 
#14 3 8 37 12 15 4 7 48 11 61 5 47 17 47 
#50 31 5 12 29 24 20 6 36 3 12 1 12 4 18 
#51 2 4 7 8 2 22 18 8 9 57 10 3 47 44 
#15 1 9 31 1 20 14 17 9 9 14 31 29 30 73 
#0 6 6 25 22 10 3 1 16 26 8 13 10 10 15 
#36 3 2 60 33 12 16 22 7 26 2 48 3 1 5 
#14 17 8 56 22 38 4 7 12 18 3 20 3 18 26 
#50 9 13 12 23 37 20 25 6 3 36 13 12 18 41 
#45 0 35 7 25 32 14 5 20 53 35 9 37 47 12 
#17 20 23 5 1 0 60 22 6 9 37 3 29 21 1 
#0 29 6 8 27 12 3 4 80 3 8 56 14 3 55 
#36 3 6 60 33 12 16 1 5 26 22 48 0 4 0 
#47 17 2 10 22 38 20 26 44 18 18 20 5 7 24 
32 24 52 27 28 18 
34 12 6 22 20 16 
25 15 47 14 45 35 
49 19 13 17 23 43 
38 39 21 57 3 50 
30 10 42 55 46 58 
#Base: 948
#Max: 376
#396624
#Turn 2
#48 17 5 3 39 54 6 26 12 26 5 17 16 21 2 
#36 17 2 60 33 38 16 22 7 26 2 48 5 1 5 
#21 3 2 3 33 12 16 22 6 26 29 48 14 21 5 
#21 29 3 3 27 12 34 4 6 3 22 55 14 21 55 
#21 7 6 8 2 10 3 4 13 3 2 55 14 0 55 
#17 25 6 29 21 37 12 1 2 12 3 30 38 41 18 
#48 15 50 35 46 25 7 28 2 23 3 30 1 33 18 
#9 6 6 25 46 3 6 17 80 23 8 16 10 30 22 
#50 6 44 25 23 3 3 17 6 9 8 42 3 30 21 
#50 1 9 31 23 37 22 1 6 25 36 9 3 24 21 
#26 2 35 20 29 50 22 18 13 14 35 1 3 19 38 
#51 2 5 20 29 15 4 7 48 11 57 5 3 17 47 
#14 3 8 20 12 15 1 51 48 5 61 5 47 6 47 
#45 8 6 0 9 15 1 1 61 51 16 5 47 6 15 
#12 77 6 0 31 7 50 20 12 51 51 14 30 11 15 
#51 2 8 7 8 2 22 18 48 9 61 10 6 18 44 
#71 8 8 0 22 12 4 51 61 11 16 4 30 18 11 
#0 8 14 19 17 12 14 1 61 5 0 1 30 5 73 
#36 77 2 60 17 7 14 1 80 26 8 13 3 10 73 
#51 2 5 3 8 40 16 18 80 26 57 28 12 10 23 
#71 1 22 3 21 9 25 29 12 35 5 30 3 67 2 
#71 0 44 3 1 6 25 17 20 9 44 26 3 36 15 
#45 0 6 8 1 12 3 4 20 3 44 56 3 30 55 
#0 52 6 8 5 12 12 4 80 26 5 56 14 13 55 
#15 1 9 44 5 20 12 27 2 9 14 31 38 13 73 
#15 28 36 29 21 28 9 13 22 20 1 18 55 30 45 
#48 45 36 34 21 28 4 6 36 20 1 18 55 4 23 
#32 45 36 7 25 28 14 5 20 3 35 9 37 47 12 
#45 0 35 7 25 32 62 51 20 23 16 28 37 47 12 
#45 3 6 60 33 12 16 51 5 26 22 28 2 4 5 
#48 1 5 3 39 54 6 26 2 0 5 17 38 21 2 
#36 13 2 29 21 38 7 28 12 12 7 30 1 1 18 
#48 3 50 35 33 9 6 22 2 23 2 48 3 33 5 
#21 29 3 25 22 12 3 22 80 9 8 42 10 30 22 
#21 29 44 8 27 37 34 18 6 3 36 9 14 26 21 
#0 7 9 31 6 10 3 61 7 25 2 28 29 0 15 
#45 25 35 19 2 37 12 25 13 10 5 8 38 19 38 
#51 2 5 29 21 25 22 28 8 12 3 1 1 24 18 
#48 15 8 35 12 15 6 7 2 23 21 5 7 33 2 
#45 8 6 20 22 3 3 17 80 9 8 42 10 30 47 
#0 31 44 7 5 37 14 18 12 9 36 9 3 47 15 
#15 1 9 14 6 34 50 1 8 25 51 14 29 24 44 
#26 13 35 7 2 50 17 25 8 9 57 24 3 19 38 
#51 7 8 20 22 21 4 18 48 23 61 1 6 24 5 
#14 8 8 37 9 15 1 51 61 11 61 4 30 36 11 
#0 77 6 20 17 7 1 51 16 5 0 5 29 5 73 
#0 6 2 0 5 7 16 1 12 51 0 1 3 10 15 
#12 2 5 3 31 40 50 18 8 5 57 14 28 48 23 
#51 2 22 29 8 9 7 18 0 9 21 30 3 67 2 
#14 7 8 25 22 6 25 30 12 35 61 26 6 18 5 
#71 0 44 5 1 3 60 51 20 9 16 4 3 30 22 
#0 77 6 19 27 7 14 1 80 3 0 56 29 5 73 
#44 52 12 44 33 37 16 27 80 26 8 13 38 10 33 
#51 1 9 3 8 20 9 17 8 23 14 28 29 30 23 
#15 32 22 23 8 38 7 29 0 18 0 46 21 30 45 
#71 28 36 3 5 6 9 30 12 35 1 26 3 36 15 
#32 0 36 5 1 28 60 17 20 3 11 18 3 4 22 
#45 0 35 8 25 32 3 4 20 53 8 9 37 47 12 
#44 52 15 44 2 12 62 51 7 26 5 8 2 1 5 
#36 1 9 31 33 20 16 17 9 26 14 31 29 4 73 
48 32 22 26 15 57 
1 29 11 14 17 55 
6 59 28 45 19 47 
58 50 23 18 52 16 
43 21 44 51 39 33 
42 24 7 20 12 13 
#Base: 948
#Max: 473
#498945
#Turn 3
#48 3 50 29 33 9 7 22 2 23 21 30 3 33 2 
#48 3 6 35 1 12 3 4 20 3 44 48 3 33 5 
#48 0 36 34 1 12 4 6 20 20 44 56 55 4 23 
#51 45 8 34 21 2 22 18 48 9 61 10 6 18 23 
#45 2 8 7 8 2 22 18 20 9 61 10 37 18 44 
#36 3 2 60 33 12 16 51 7 26 22 28 2 1 5 
#51 3 5 60 33 15 4 51 48 26 57 28 3 17 5 
#51 2 5 20 29 15 4 7 48 11 57 5 30 11 15 
#12 77 6 19 17 12 14 20 12 51 51 14 30 5 15 
#71 28 14 19 17 12 14 1 61 35 1 1 3 36 15 
#48 1 50 31 46 25 7 28 9 26 3 31 1 4 18 
#36 1 35 7 25 20 16 51 20 26 16 31 37 4 12 
#0 0 35 20 25 32 1 51 16 5 16 28 37 5 73 
#0 2 6 3 8 7 16 18 16 5 57 28 12 5 23 
#51 2 5 3 31 40 16 18 80 26 57 14 12 10 23 
#44 0 15 44 2 12 62 51 20 9 5 8 2 30 22 
#71 52 6 5 1 3 12 4 80 9 5 4 14 13 55 
#0 77 2 60 5 7 12 1 80 26 8 56 3 10 55 
#36 52 2 44 33 37 16 1 80 26 8 13 3 10 33 
#44 52 12 0 33 37 16 27 80 26 8 13 38 18 33 
#71 7 8 20 22 6 4 17 48 23 44 26 6 36 15 
#14 0 44 3 9 15 1 51 61 9 44 26 30 36 15 
#14 8 8 19 27 7 14 51 61 11 0 4 29 5 73 
#0 8 6 19 27 3 14 17 80 9 8 56 29 5 47 
#45 29 6 20 22 3 3 22 80 9 8 42 10 30 22 
#15 13 9 7 2 50 17 27 8 9 57 31 38 19 38 
#9 1 6 44 46 3 6 17 2 9 14 16 10 30 73 
#71 6 22 25 21 9 25 29 80 35 5 30 3 30 22 
#14 3 22 3 21 15 1 29 12 35 61 5 3 67 47 
#14 8 8 0 12 15 1 1 48 51 16 5 47 6 47 
#51 17 22 29 8 9 16 18 0 26 2 30 3 67 2 
#45 3 50 35 33 9 16 51 5 23 22 28 3 33 5 
#45 2 6 8 29 15 3 7 20 3 44 56 3 30 47 
#12 77 36 0 31 28 4 20 12 20 51 14 55 4 15 
#0 8 8 19 17 12 14 18 48 5 0 10 6 5 73 
#71 28 35 3 5 32 3 30 20 35 1 26 3 36 15 
#36 15 2 60 46 38 7 22 2 26 3 48 1 1 18 
#36 3 6 31 33 12 16 51 5 26 22 28 29 4 5 
#45 2 35 20 25 32 62 51 20 23 57 5 3 17 47 
#12 77 6 20 31 7 50 51 12 5 51 14 30 5 15 
#0 8 14 3 8 12 16 1 80 5 0 28 12 10 73 
#71 2 5 3 31 40 50 30 8 5 1 26 3 48 15 
#48 15 50 35 46 12 62 51 7 23 3 30 1 33 5 
#71 1 9 31 33 3 60 51 20 26 14 4 29 4 22 
#45 0 35 8 5 32 12 51 80 26 5 56 37 47 12 
#36 77 2 60 17 7 1 51 16 26 8 13 3 10 73 
#44 52 5 44 8 37 16 27 80 26 8 28 12 10 33 
#71 8 5 0 22 40 4 18 8 5 16 14 28 18 11 
#44 52 15 20 2 21 62 51 48 23 5 8 6 24 5 
#71 0 44 3 1 6 25 17 20 9 44 4 3 30 15 
#0 52 6 8 9 12 1 4 80 26 61 56 14 36 11 
#36 77 2 60 27 7 14 1 80 26 0 56 3 10 73 
#45 8 12 20 33 37 3 27 80 26 8 13 10 10 33 
#71 29 3 25 22 12 3 22 80 11 8 42 10 18 22 
#51 13 35 20 22 21 17 25 48 9 61 1 3 19 5 
#71 0 44 44 5 6 12 27 20 9 14 26 3 36 73 
#9 6 8 37 46 3 1 51 80 11 8 4 30 30 22 
#0 77 22 19 21 7 25 29 12 35 0 30 3 5 2 
#45 3 8 20 12 15 1 17 80 9 8 5 47 30 47 
#45 29 3 0 22 12 3 22 80 9 8 5 10 6 22 
20 9 52 43 22 12 
3 28 58 27 48 8 
24 56 19 50 16 23 
6 46 45 51 44 53 
2 33 14 17 55 42 
21 40 39 38 18 41 
#Base: 948
#Max: 472
#497890
#Turn 4
#71 7 8 20 22 12 4 1 48 35 44 26 3 36 15 
#71 28 12 20 33 37 3 27 80 35 1 1 10 10 33 
#45 8 9 31 33 3 60 51 80 26 14 13 29 10 22 
#71 1 8 19 27 3 60 51 61 11 0 4 29 5 22 
#0 8 35 20 27 7 14 51 61 5 0 28 29 5 73 
#14 45 22 34 21 2 1 18 12 35 61 5 3 18 47 
#45 3 8 20 21 15 1 29 80 9 61 5 47 30 47 
#45 3 22 25 21 9 1 17 80 35 8 5 3 30 47 
#71 6 15 25 21 9 62 29 48 23 5 30 6 24 22 
#12 52 6 19 2 12 14 20 12 23 5 8 30 5 5 
#9 29 8 37 22 3 3 22 80 9 8 42 30 30 22 
#44 52 8 0 33 37 1 27 80 26 8 13 30 30 33 
#44 52 6 0 33 37 16 27 80 26 8 13 38 36 11 
#71 52 6 8 9 3 1 4 80 9 61 4 14 36 55 
#0 52 6 19 1 3 12 17 80 9 5 4 14 13 47 
#51 3 5 44 8 37 4 51 48 26 8 28 12 17 5 
#44 77 2 44 8 7 1 51 16 26 8 28 12 10 73 
#36 77 2 60 17 7 14 1 16 26 0 56 3 10 73 
#45 77 35 60 5 7 14 51 80 26 5 56 37 47 73 
#45 29 35 8 22 12 12 22 80 11 5 42 37 18 22 
#48 77 36 34 31 28 4 20 12 20 51 56 55 4 15 
#12 2 5 3 31 28 16 18 12 20 57 14 12 10 23 
#51 77 5 60 5 7 12 1 80 26 57 14 12 10 55 
#0 77 2 60 5 7 12 27 20 9 14 26 3 10 55 
#48 0 44 44 5 12 12 27 20 23 3 30 1 33 73 
#14 8 14 3 9 15 16 1 80 9 0 28 30 36 15 
#0 8 14 20 8 12 16 51 12 5 51 28 30 10 15 
#45 77 6 20 31 32 50 51 12 5 51 5 3 5 47 
#36 52 35 20 25 37 16 1 20 23 57 5 3 17 47 
#71 2 2 44 33 37 50 30 80 26 1 13 3 10 15 
#71 45 8 20 22 2 4 17 48 23 61 10 6 36 15 
#14 3 14 3 21 12 1 1 61 35 1 5 3 67 15 
#45 8 12 20 33 15 1 27 80 26 8 5 47 10 33 
#71 6 22 31 21 9 25 51 20 35 5 4 29 30 22 
#14 8 8 20 27 21 14 51 61 11 5 4 6 24 5 
#0 0 35 20 25 32 1 51 16 51 16 28 37 5 15 
#51 29 8 34 22 3 22 18 48 9 8 10 10 18 23 
#9 3 22 3 46 3 1 51 80 35 61 5 3 30 22 
#44 3 8 20 12 15 1 27 80 9 8 5 47 18 47 
#0 52 6 8 21 9 1 4 80 35 61 30 3 30 22 
#44 52 6 5 1 3 12 51 48 9 5 8 6 13 55 
#12 77 6 19 27 3 14 20 12 9 8 56 30 5 47 
#51 3 6 20 33 3 3 22 80 9 8 42 10 17 5 
#9 52 8 44 8 3 1 27 80 11 8 28 30 10 33 
#36 77 2 0 33 7 1 51 80 26 8 13 38 18 73 
#0 52 2 8 27 12 1 1 80 26 61 56 3 36 11 
#71 0 6 8 1 32 12 4 80 9 5 56 37 47 55 
#71 8 6 19 22 3 14 17 80 9 8 42 29 18 22 
#48 3 5 60 33 12 4 51 48 20 57 56 55 17 5 
#12 77 36 0 31 28 4 27 80 20 51 14 55 10 33 
#36 2 5 60 17 40 16 51 80 26 8 13 12 10 73 
#36 77 2 60 5 7 12 1 80 26 8 56 3 10 55 
#71 0 44 44 5 6 12 51 20 9 14 56 3 47 73 
#71 15 50 35 22 12 3 51 7 23 8 30 1 33 22 
#14 0 36 34 9 12 1 6 61 9 44 56 30 36 23 
#12 77 36 0 31 28 16 1 80 5 51 14 55 10 15 
#51 77 6 20 31 40 16 51 12 5 57 14 30 10 15 
#45 77 2 60 5 7 62 1 80 26 8 56 3 10 55 
#71 0 44 44 5 37 12 27 20 9 8 13 3 36 33 
#71 2 5 35 31 12 62 51 8 5 3 26 1 48 5 
32 24 3 2 11 8 
19 47 1 52 56 59 
30 45 13 51 49 12 
17 46 44 18 22 48 
4 6 55 57 50 29 
53 37 16 20 27 39 
#Base: 948
#Max: 618
#651899
#Turn 5
#45 8 44 20 5 12 1 27 80 23 3 30 47 10 33 
#48 0 8 44 5 12 60 27 20 23 3 4 1 33 73 
#45 1 8 19 27 3 60 51 61 26 14 4 29 10 22 
#44 8 9 31 33 3 60 51 80 26 8 13 30 10 22 
#71 6 8 25 33 9 1 29 80 23 8 30 6 30 33 
#45 8 35 8 22 12 14 22 80 9 5 42 37 18 22 
#71 28 6 19 22 37 3 27 80 35 1 42 10 10 22 
#71 28 12 44 33 6 3 51 20 9 14 1 10 10 33 
#51 0 44 44 31 40 16 51 20 9 14 56 3 10 15 
#51 2 5 20 31 40 16 51 12 5 57 14 30 10 5 
#71 52 8 8 22 2 1 17 80 26 61 56 3 36 15 
#0 52 6 8 9 3 1 1 80 26 61 4 3 36 11 
#36 77 6 8 5 7 12 4 80 26 61 4 14 10 55 
#12 77 36 0 5 7 12 27 80 26 51 14 55 10 33 
#12 77 6 0 31 37 4 27 80 26 51 13 38 10 33 
#71 0 2 60 17 7 12 1 16 9 5 56 3 47 73 
#36 0 2 8 33 32 12 4 80 9 8 13 37 18 73 
#36 77 35 0 33 7 1 51 80 26 8 13 38 47 73 
#45 77 5 60 5 7 14 51 80 26 5 56 37 10 73 
#48 3 5 60 5 7 4 1 80 20 57 56 12 17 55 
#45 3 35 20 27 15 14 51 80 9 0 28 47 5 47 
#12 77 8 20 31 28 1 1 80 9 51 14 47 30 15 
#12 77 36 60 31 7 62 1 80 5 51 14 55 10 15 
#45 77 2 60 5 40 62 1 80 26 8 56 12 10 73 
#71 2 5 44 17 40 16 30 80 26 1 13 12 10 73 
#71 3 22 3 22 3 1 51 7 35 61 5 1 30 22 
#9 77 22 3 46 7 1 51 16 35 61 28 3 10 73 
#44 77 2 44 31 7 4 20 12 20 8 28 55 10 15 
#45 77 6 34 31 28 50 51 12 20 51 5 55 5 47 
#45 52 6 8 31 32 1 4 12 5 61 30 3 5 22 
#45 8 12 8 22 12 1 22 80 11 5 5 47 10 33 
#48 8 6 44 22 3 14 17 80 9 3 30 29 33 73 
#71 28 12 20 27 3 60 51 80 35 0 1 10 10 33 
#45 0 44 31 5 6 12 51 20 9 14 13 3 47 73 
#51 52 8 0 31 37 16 27 12 5 8 14 30 10 15 
#71 2 15 35 31 12 62 29 48 23 3 26 1 48 22 
#45 45 35 8 22 2 4 22 80 23 61 42 37 18 22 
#0 52 2 19 22 3 1 1 80 26 8 42 29 36 11 
#71 52 12 8 9 3 1 4 80 9 61 1 14 36 55 
#36 77 2 44 5 7 12 51 80 26 14 56 3 10 55 
#51 77 36 20 31 28 4 51 12 5 51 14 30 10 15 
#44 52 6 0 33 37 62 51 80 5 8 13 1 48 5 
#71 45 2 20 22 7 4 17 16 23 61 56 3 36 73 
#71 52 2 8 1 32 1 4 80 26 5 56 3 36 11 
#36 52 6 0 9 7 1 51 80 9 61 13 14 36 73 
#36 77 2 60 5 7 14 1 80 26 5 56 37 10 73 
#51 77 36 60 5 7 12 27 80 26 57 14 55 10 33 
#48 52 5 60 33 37 16 27 48 20 8 56 38 36 5 
#0 77 35 20 27 7 14 51 16 26 0 28 29 10 73 
#45 0 8 20 1 15 1 4 80 9 61 56 47 47 47 
#12 77 36 0 31 7 16 51 80 26 8 13 55 10 73 
#45 77 2 60 5 7 62 1 80 26 8 56 3 10 55 
#51 77 5 60 17 40 16 1 80 26 57 13 12 10 55 
#48 2 2 60 33 12 4 30 48 20 57 56 55 10 15 
#71 8 50 35 27 7 3 51 7 5 8 30 29 5 73 
#9 3 22 3 46 15 1 29 80 35 61 5 3 30 22 
#12 77 2 0 31 28 1 51 16 5 51 14 12 10 15 
#48 77 36 60 5 28 62 1 80 26 51 56 55 10 15 
#36 2 6 20 17 40 50 51 80 5 8 5 3 5 47 
#0 2 2 44 33 37 50 30 80 35 61 30 3 10 15 
3 20 36 24 47 31 
15 59 38 22 19 12 
21 13 52 17 51 32 
44 45 46 57 18 28 
43 26 10 23 50 42 
54 14 41 39 49 53 
#Base: 948
#Max: 610
#643460
#Turn 6
#44 3 9 20 27 15 14 51 80 26 0 28 30 10 22 
#45 3 35 20 22 15 14 51 80 9 61 42 37 18 47 
#45 45 35 8 17 40 16 30 80 26 1 42 12 10 22 
#71 2 5 44 33 40 16 27 80 26 1 56 12 36 5 
#48 8 5 44 33 37 16 17 80 20 3 56 38 36 5 
#0 0 2 44 33 7 12 1 16 9 61 30 3 10 15 
#0 2 2 44 33 3 50 4 80 9 61 30 3 10 55 
#71 52 12 8 9 3 62 4 80 5 61 14 55 10 55 
#48 3 36 60 5 7 4 1 80 20 51 56 55 17 55 
#36 3 5 8 5 7 4 1 80 26 61 56 12 17 55 
#12 77 8 20 5 7 12 27 80 9 51 14 47 30 33 
#12 77 36 60 5 40 12 27 80 26 51 13 12 10 33 
#51 77 5 60 33 7 1 51 80 26 8 13 12 47 55 
#45 77 2 60 33 7 62 1 80 26 8 56 3 10 73 
#71 77 12 60 27 7 60 1 80 35 0 1 10 10 55 
#36 52 6 0 5 7 14 1 80 9 61 56 14 36 73 
#51 77 2 60 5 7 12 1 80 26 5 56 37 10 73 
#48 77 36 60 5 28 62 27 80 26 57 14 55 10 15 
#48 77 5 60 5 7 62 1 80 26 51 56 37 10 73 
#45 77 6 34 31 7 14 51 80 26 5 5 37 5 47 
#71 52 22 8 46 7 1 4 80 35 5 56 3 10 11 
#9 52 8 8 22 7 1 51 80 35 61 28 3 36 15 
#71 52 2 60 5 40 62 17 80 26 8 56 12 36 15 
#45 77 36 0 31 40 62 51 80 26 8 13 12 10 73 
#12 77 36 0 31 7 16 51 16 23 8 13 3 10 73 
#71 8 50 0 27 37 3 27 80 26 8 13 38 5 73 
#12 77 6 0 31 37 4 27 80 26 51 13 1 48 33 
#44 77 6 0 5 7 12 51 80 5 14 13 1 10 55 
#45 77 2 44 1 7 12 4 80 9 14 56 3 47 47 
#45 2 2 20 33 12 1 4 48 20 57 56 47 10 15 
#44 8 9 60 33 7 60 51 80 26 8 56 30 10 22 
#0 3 2 44 33 37 50 51 80 35 61 28 47 5 15 
#71 45 35 8 22 3 1 4 80 9 61 1 14 36 55 
#12 2 36 44 17 40 16 30 80 5 1 13 12 10 73 
#48 52 5 60 5 7 16 27 80 20 8 56 38 17 5 
#48 8 6 8 22 7 14 17 80 9 3 4 14 33 55 
#12 77 2 20 17 7 1 1 16 9 51 56 47 30 15 
#0 2 36 0 5 7 12 30 80 35 51 30 3 10 15 
#51 52 5 8 9 40 16 1 80 9 57 1 14 10 55 
#36 77 36 0 33 7 1 1 80 26 8 13 38 47 73 
#48 77 2 60 5 7 62 1 80 20 57 56 12 17 55 
#36 77 6 20 27 3 12 51 80 26 61 4 14 10 55 
#12 52 8 20 31 7 1 1 80 9 61 14 14 36 73 
#12 77 36 60 5 7 12 27 80 26 51 14 55 10 33 
#51 77 36 60 5 7 16 27 80 26 57 13 55 10 55 
#48 77 35 60 33 28 62 51 80 26 51 56 38 47 15 
#45 77 5 60 5 7 62 1 80 26 8 56 37 10 55 
#45 77 6 34 31 28 50 51 12 35 51 5 10 5 33 
#36 52 6 8 1 32 1 4 80 9 61 56 14 36 73 
#36 77 2 60 46 7 1 1 80 26 5 28 37 10 73 
#51 52 8 8 22 7 1 17 80 26 61 56 3 36 33 
#48 77 36 60 5 28 62 1 80 26 8 56 55 10 73 
#12 77 5 0 5 7 14 51 80 26 5 56 55 10 73 
#45 45 6 20 22 28 50 17 16 23 61 56 55 5 73 
#71 52 50 8 27 32 1 51 80 5 8 56 29 5 73 
#12 77 6 3 46 7 1 27 16 26 61 28 3 10 33 
#71 52 6 0 33 37 1 51 80 26 8 13 3 36 5 
#45 77 2 60 5 40 62 51 80 26 8 56 12 10 73 
#45 77 8 0 31 7 1 51 80 9 61 56 47 10 73 
#48 2 2 60 22 7 4 17 16 23 61 56 55 10 15 
3 32 31 8 39 15 
28 25 53 40 52 48 
1 43 44 17 58 30 
14 13 18 45 57 46 
19 49 22 51 23 16 
50 41 7 54 12 11 
#Base: 948
#Max: 707
#745781
#Turn 7
#71 45 35 44 22 3 1 4 80 9 61 1 12 36 55 
#0 3 2 44 22 3 1 51 80 9 61 28 14 5 15 
#48 3 36 44 33 37 4 51 80 20 51 28 55 17 55 
#36 3 36 0 33 7 4 1 80 20 51 56 38 47 55 
#36 77 36 0 33 7 14 1 80 9 61 13 38 47 73 
#71 8 2 0 1 7 12 4 80 26 14 13 38 5 73 
#71 8 50 0 27 28 50 27 80 26 61 56 38 5 73 
#48 45 6 60 22 28 62 17 80 23 57 56 55 17 55 
#48 77 5 60 5 7 62 51 80 20 5 56 12 17 55 
#12 52 6 8 1 32 14 4 80 9 5 56 55 36 73 
#45 3 35 20 5 15 12 51 80 9 61 42 55 10 47 
#12 77 36 60 5 7 12 27 80 26 57 14 55 10 55 
#51 77 36 60 5 7 62 27 80 26 57 13 55 10 15 
#48 77 36 0 31 28 1 27 80 9 57 56 47 10 15 
#45 8 9 60 33 7 1 51 80 26 8 56 47 10 22 
#45 77 12 60 27 7 62 1 80 26 0 1 3 10 55 
#45 77 5 60 33 7 62 1 80 26 51 56 3 10 73 
#48 77 35 60 5 28 62 1 80 26 51 56 37 47 73 
#45 77 2 60 5 40 62 51 80 26 8 56 38 47 15 
#45 77 2 60 5 7 62 51 80 26 8 56 12 10 73 
#36 77 2 34 31 7 1 1 80 26 5 28 37 5 47 
#36 52 2 60 5 7 62 1 80 26 5 56 12 36 15 
#71 77 2 60 5 40 62 1 80 26 8 56 55 36 73 
#48 77 36 60 5 28 62 51 80 26 8 13 12 10 73 
#51 77 36 60 5 40 12 1 80 26 5 56 12 10 73 
#36 52 8 20 22 3 1 17 80 26 61 4 3 10 33 
#71 52 6 20 27 3 12 4 80 26 61 14 14 10 55 
#71 52 12 8 27 3 1 51 80 5 8 56 29 5 73 
#71 77 50 8 27 32 1 51 80 26 8 13 29 5 55 
#12 77 5 60 33 7 1 51 80 26 51 13 12 47 55 
#71 2 2 44 1 7 12 27 80 26 14 56 3 36 5 
#71 8 50 0 22 3 1 4 80 26 61 13 38 36 73 
#0 45 2 20 22 28 50 51 16 23 61 56 47 5 73 
#48 77 2 60 5 7 62 1 80 20 57 56 12 17 55 
#12 77 36 0 5 7 14 1 80 26 8 56 55 10 73 
#36 52 6 8 5 32 14 4 80 9 61 56 14 36 73 
#45 77 35 44 1 15 12 51 80 9 61 42 3 47 47 
#12 8 50 60 5 7 12 27 80 26 51 14 55 5 73 
#45 77 6 20 5 28 16 17 16 26 61 56 55 10 55 
#48 77 2 60 5 28 62 27 80 26 57 14 55 10 55 
#45 77 8 0 5 7 14 51 80 9 61 56 47 10 73 
#36 8 6 8 33 32 60 4 80 26 61 56 14 36 22 
#45 3 12 20 22 15 14 51 80 35 61 1 10 18 47 
#45 77 36 60 33 7 62 27 80 26 8 14 55 10 33 
#48 77 36 60 5 7 62 1 80 26 57 13 55 10 73 
#48 77 36 60 33 28 62 51 80 26 51 14 55 47 15 
#45 77 2 60 31 40 62 51 80 26 61 56 47 10 73 
#45 8 9 60 5 7 62 51 80 26 8 56 37 10 55 
#71 77 12 34 27 7 60 1 80 35 0 5 10 5 55 
#36 77 2 60 46 7 1 1 80 26 8 28 3 10 73 
#71 77 5 60 5 40 62 1 80 26 51 56 12 10 73 
#48 77 36 60 33 28 62 51 80 26 51 56 55 10 15 
#45 77 2 60 31 40 62 51 80 26 8 56 12 10 73 
#51 77 2 60 5 7 62 1 80 26 5 56 37 10 73 
#45 77 8 34 22 7 1 51 80 26 5 5 3 5 33 
#36 77 2 20 27 3 1 1 80 26 5 28 14 10 55 
#71 52 12 60 5 3 62 17 80 26 61 56 55 36 15 
#48 77 36 8 5 32 62 1 80 26 8 56 29 10 73 
#45 77 36 0 33 40 1 51 80 26 8 13 12 47 73 
#12 77 2 60 5 7 12 27 80 26 5 56 37 10 73 
32 59 2 36 40 13 
47 29 8 52 43 28 
11 53 7 22 50 57 
16 44 45 46 51 39 
4 33 6 17 56 19 
31 24 12 18 23 58 
#Base: 948
#Max: 721
#760549
#Turn 8
#12 77 2 20 22 7 12 27 16 23 61 56 47 10 73 
#12 77 36 44 33 7 4 27 80 26 5 56 55 10 55 
#45 77 35 44 1 15 12 51 80 9 51 28 55 17 55 
#45 77 8 44 5 7 14 51 80 9 61 42 3 47 73 
#45 77 8 0 5 28 1 27 80 9 61 56 47 10 15 
#12 8 9 60 5 7 62 51 80 26 51 56 12 47 55 
#12 77 5 60 33 7 62 51 80 20 5 13 12 47 55 
#48 77 2 60 31 40 62 51 80 26 8 56 12 17 55 
#45 77 36 60 33 7 62 27 80 26 8 56 12 10 33 
#45 77 36 60 33 7 62 51 80 26 8 14 55 5 33 
#51 77 36 60 5 7 62 27 80 26 5 56 37 10 73 
#51 45 6 60 22 7 62 17 80 26 57 56 55 17 73 
#48 77 2 60 5 28 62 1 80 26 57 56 55 36 55 
#71 77 2 60 5 40 62 1 80 26 8 56 55 36 73 
#71 77 36 8 5 32 62 1 80 26 51 56 29 10 73 
#48 77 36 60 33 7 62 1 80 26 51 13 55 10 73 
#48 77 36 60 5 7 62 51 80 26 51 14 55 10 15 
#45 77 2 60 33 28 62 51 80 26 61 56 55 10 15 
#45 77 36 60 31 40 62 51 80 26 51 56 55 10 15 
#48 77 2 60 5 28 62 51 80 26 57 56 55 10 15 
#36 77 36 0 33 7 14 1 80 9 57 56 38 47 55 
#71 77 50 0 5 28 62 1 80 26 61 56 12 17 73 
#71 8 50 60 5 28 50 1 80 26 61 56 38 5 73 
#48 52 12 60 5 3 62 17 80 26 61 56 55 47 15 
#71 77 2 60 5 3 62 51 80 26 61 56 55 10 15 
#71 77 50 0 22 40 1 1 80 26 5 13 12 36 73 
#51 77 36 60 5 7 12 27 80 26 57 13 55 10 15 
#51 77 36 60 5 40 62 27 80 26 8 56 55 47 15 
#48 77 2 60 5 28 62 51 80 26 8 13 12 47 15 
#45 77 36 0 33 40 1 51 80 26 8 13 12 47 73 
#0 8 9 20 22 7 62 51 16 26 61 56 47 10 55 
#12 77 5 60 5 7 1 51 80 26 51 13 37 10 55 
#48 77 5 44 33 7 62 51 80 20 5 56 55 17 55 
#45 77 2 60 31 40 62 51 80 26 61 42 12 47 47 
#45 77 8 60 33 7 62 51 80 26 61 14 47 10 73 
#48 77 50 0 31 32 1 27 80 9 57 56 29 10 55 
#12 8 9 60 5 7 12 51 80 26 57 56 55 10 55 
#51 77 5 60 5 7 1 51 80 26 5 56 37 47 55 
#48 77 6 60 22 28 62 51 80 23 5 56 12 17 55 
#71 77 2 60 5 40 62 1 80 26 8 56 12 36 73 
#45 77 36 60 5 40 62 27 80 26 51 14 12 10 33 
#71 77 50 8 5 32 1 51 80 26 8 13 29 5 55 
#12 77 5 60 5 7 62 27 80 26 57 56 3 10 73 
#48 77 2 60 5 7 62 1 80 26 5 56 55 10 73 
#48 45 6 60 33 28 62 17 80 26 51 14 55 17 55 
#45 77 2 60 31 40 62 51 80 26 61 56 55 10 73 
#71 77 5 60 5 28 62 51 80 26 51 56 55 10 15 
#48 77 36 60 5 32 62 27 80 26 57 14 55 10 73 
#36 77 36 60 33 7 14 1 80 9 61 56 3 10 73 
#48 77 2 60 5 7 62 1 80 26 57 56 12 17 55 
#71 77 36 0 33 28 50 27 80 26 61 14 55 47 73 
#45 77 2 60 5 28 62 51 80 26 61 56 37 10 73 
#48 52 36 60 5 3 62 51 80 26 51 56 55 10 15 
#48 77 2 60 5 7 62 27 80 26 57 14 12 10 55 
#71 8 36 0 33 3 1 4 80 26 61 13 38 47 73 
#51 77 36 60 5 40 12 1 80 20 57 56 12 17 73 
#71 8 36 60 5 7 62 27 80 26 61 56 55 10 73 
#48 77 35 60 5 40 62 51 80 26 51 56 38 47 73 
#48 52 36 60 5 3 62 17 80 26 61 13 12 10 15 
#45 77 2 0 33 7 62 51 80 26 8 13 12 47 73 
43 2 39 7 22 9 
40 44 32 47 21 23 
55 14 17 50 51 10 
56 34 33 57 18 12 
16 15 27 45 46 11 
8 52 19 13 24 38 
#Base: 948
#Max: 749
#790084
#Turn 9
#48 77 35 60 5 15 62 1 80 9 51 28 55 10 73 
#71 77 2 60 5 40 62 1 80 9 51 28 55 17 55 
#48 77 2 60 31 40 62 51 80 26 8 56 12 17 73 
#71 77 2 60 5 28 62 51 80 26 61 56 12 17 55 
#71 77 50 60 5 7 62 1 80 26 8 56 55 5 33 
#45 45 36 60 33 40 62 27 80 26 51 14 12 10 55 
#48 77 6 44 33 28 62 17 80 20 5 14 55 17 55 
#48 77 5 44 5 32 62 51 80 20 5 56 55 10 55 
#48 77 36 0 5 28 62 1 80 26 57 14 12 10 73 
#71 77 50 0 5 28 62 17 80 26 61 56 12 47 15 
#71 77 36 8 5 40 12 1 80 20 51 56 12 17 73 
#45 77 2 60 33 28 62 51 80 26 61 56 29 10 73 
#71 77 36 60 33 28 50 27 80 26 61 56 55 10 15 
#71 77 2 0 33 28 50 27 80 26 61 56 55 47 73 
#45 77 2 60 5 28 62 27 80 26 61 56 37 10 73 
#71 8 36 60 33 7 62 51 80 26 61 56 55 10 73 
#45 77 2 60 31 40 62 51 80 26 61 14 12 10 73 
#45 77 2 60 31 40 62 51 80 26 61 56 38 47 73 
#45 77 36 60 5 40 62 51 80 26 51 56 55 10 73 
#48 77 36 60 31 28 62 1 80 26 51 56 55 10 15 
#48 77 36 60 5 7 62 1 80 26 51 14 55 10 73 
#51 77 36 60 5 7 62 27 80 26 51 56 55 47 15 
#45 77 2 60 5 40 62 27 80 26 61 56 55 47 15 
#71 77 5 60 5 28 62 51 80 26 61 56 55 10 15 
#51 45 6 60 5 7 62 17 80 26 57 56 55 17 73 
#48 77 36 60 5 7 62 27 80 26 51 56 55 10 15 
#48 77 36 60 5 3 62 51 80 26 57 56 55 10 15 
#71 77 2 60 5 28 62 1 80 26 8 56 55 10 15 
#71 77 2 60 5 3 62 51 80 26 61 56 55 36 73 
#71 77 6 60 22 3 62 51 80 26 61 56 55 17 15 
#45 77 36 60 5 40 62 1 80 26 5 14 55 10 73 
#45 77 35 44 33 28 12 17 80 9 51 14 55 17 55 
#48 77 2 60 5 7 62 1 80 26 5 56 55 17 73 
#48 77 2 60 5 40 62 51 80 26 8 56 55 17 73 
#71 77 50 0 5 28 62 1 80 26 61 56 12 17 73 
#48 77 36 60 5 3 62 17 80 26 8 14 55 5 15 
#45 77 36 60 5 40 12 27 80 26 57 56 12 17 33 
#71 45 6 8 5 28 62 1 80 26 51 56 29 17 55 
#45 77 2 44 33 28 62 51 80 20 61 56 55 10 15 
#71 77 36 0 33 32 62 27 80 26 61 14 55 10 73 
#71 77 2 60 5 28 62 51 80 26 61 56 37 10 73 
#51 77 36 60 5 7 62 27 80 26 5 56 55 47 15 
#71 8 36 60 5 7 62 1 80 20 57 56 12 10 73 
#45 77 36 8 5 7 62 51 80 26 51 14 47 10 73 
#45 77 2 60 31 28 62 51 80 26 61 42 55 10 47 
#71 77 36 0 5 40 62 27 80 26 51 56 38 47 73 
#45 77 36 60 5 28 62 51 80 26 61 56 55 10 15 
#51 77 2 60 5 7 62 27 80 26 57 56 55 36 73 
#71 77 36 60 5 7 62 27 80 26 61 56 55 10 15 
#48 77 36 60 33 7 62 1 80 26 61 14 47 10 73 
#45 77 36 60 5 40 62 51 80 26 61 42 12 47 15 
#45 77 35 60 31 40 62 51 80 26 61 56 38 10 73 
#45 77 5 60 5 28 62 51 80 26 51 56 55 10 15 
#51 77 6 60 22 7 62 1 80 26 57 56 55 36 73 
#45 77 36 60 33 7 62 51 80 26 8 56 55 10 33 
#48 52 36 60 33 7 62 1 80 26 51 13 55 10 15 
#48 77 2 60 5 40 62 27 80 26 8 56 55 10 15 
#45 77 2 60 31 40 62 51 80 26 8 56 55 10 73 
#71 77 5 60 5 28 62 51 80 26 61 56 55 10 15 
#51 77 6 60 22 7 62 17 80 26 57 56 12 17 73 
25 52 14 22 39 19 
49 2 3 40 23 16 
38 58 15 11 12 33 
47 45 28 51 18 57 
26 29 46 17 44 53 
59 48 21 13 50 54 
#Base: 948
#Max: 749
#790084
#48 77 36 60 5 7 62 51 80 26 51 56 55 10 15 
#45 77 5 60 5 28 62 27 80 26 61 56 37 10 73 
#45 77 2 60 5 28 62 27 80 26 61 56 55 10 15 
#71 77 36 0 33 32 62 27 80 26 61 14 55 10 15 
#48 77 36 0 31 28 62 1 80 26 51 56 55 10 15 
#48 77 2 60 31 40 62 1 80 26 61 56 47 17 73 
#48 77 2 60 5 28 62 51 80 26 8 56 12 17 73 
#71 77 2 60 5 28 62 51 80 26 61 56 37 17 73 
#71 77 5 60 5 28 62 51 80 26 61 56 55 10 15 
#45 77 5 60 31 28 62 51 80 26 61 14 55 10 73 
#71 77 2 60 33 28 62 51 80 20 61 56 55 10 15 
#71 8 5 60 5 7 62 51 80 26 61 56 55 10 15 
#45 8 2 60 33 28 62 51 80 26 61 56 55 10 73 
#71 77 2 60 33 28 50 27 80 26 61 56 55 10 73 
#48 77 36 60 33 40 62 27 80 26 61 56 55 17 73 
#71 77 36 60 5 40 62 27 80 26 57 56 38 36 73 
#71 77 2 60 5 3 62 51 80 26 61 56 38 47 73 
#71 77 35 60 31 40 62 51 80 26 61 56 55 36 73 
#45 77 35 60 5 40 62 51 80 26 51 56 55 10 73 
#45 77 2 60 31 40 62 51 80 26 8 56 55 10 73 
#71 77 6 60 5 3 62 51 80 26 57 56 55 17 15 
#71 77 36 60 22 3 62 51 80 26 61 56 55 10 15 
#45 77 2 60 31 28 62 51 80 26 61 56 55 10 73 
#45 77 2 60 31 40 62 51 80 26 61 56 55 47 47 
#51 77 2 60 31 28 62 51 80 26 61 56 55 10 73 
#51 77 36 60 22 7 62 17 80 26 57 56 55 17 73 
#51 77 36 60 5 7 62 27 80 26 61 56 55 10 15 
#71 77 2 60 5 28 62 27 80 26 51 56 55 47 73 
#71 77 2 0 5 40 62 27 80 26 61 42 55 47 73 
#45 77 36 60 33 40 62 51 80 26 8 42 55 47 33 
#48 77 36 60 5 7 62 27 80 26 61 56 47 10 15 
#45 77 2 60 31 28 62 51 80 26 51 56 55 10 15 
#45 77 2 60 5 28 62 51 80 26 61 56 37 17 55 
#45 77 2 60 5 40 62 27 80 26 61 56 55 10 15 
#71 77 5 60 33 32 62 27 80 26 61 56 55 10 15 
#45 77 2 60 31 40 62 51 80 26 51 14 12 10 15 
#45 77 2 60 33 28 62 51 80 26 61 14 55 10 15 
#48 77 5 60 31 40 62 51 80 26 8 56 55 17 73 
#71 77 2 60 33 28 62 51 80 26 61 56 55 10 55 
#71 77 2 60 33 28 62 51 80 26 61 56 37 10 73 
#71 77 5 60 33 28 50 51 80 26 61 56 55 10 15 
#45 77 2 60 5 40 62 51 80 26 8 56 12 17 73 
#51 77 2 44 5 7 62 27 80 20 61 56 55 36 73 
#71 77 5 60 5 28 62 27 80 26 51 56 38 47 73 
#71 77 2 60 33 3 62 51 80 26 61 56 55 10 73 
#45 77 35 60 33 28 62 51 80 26 61 56 38 10 73 
#45 77 36 60 33 40 50 51 80 26 61 56 55 10 73 
#48 77 2 60 5 40 62 51 80 26 8 56 55 17 73 
#51 77 36 60 5 7 62 51 80 26 57 56 55 10 15 
#71 77 6 0 5 3 62 27 80 26 51 56 55 17 73 
#45 77 2 60 5 28 62 51 80 26 61 56 55 10 73 
#45 77 35 60 31 40 62 51 80 26 61 56 38 10 73 
#45 77 36 60 5 28 62 51 80 26 51 42 55 10 47 
#45 77 6 60 22 7 62 51 80 26 8 56 55 10 73 
#48 77 36 60 22 7 62 51 80 26 57 56 55 17 73 
#71 77 6 60 22 7 62 51 80 26 61 56 55 10 15 
#51 77 36 60 5 7 62 51 80 26 61 56 55 47 15 
#45 77 2 60 31 40 62 27 80 26 61 56 38 47 73 
#45 77 2 60 31 40 62 51 80 26 61 42 55 47 47 
#45 77 6 60 22 7 62 51 80 26 8 56 55 36 33 
#Base: 948
#Max: 814
#858650
