#[0] 3, 3
#[1] 4, 3
#[2] 3, 4
#[3] 3, 2
#[4] 2, 3
#[5] 2, 4
#[6] 1, 3
#[7] 2, 2
#[8] 3, 1
#[9] 4, 4
#[10] 5, 3
#[11] 3, 5
#[12] 4, 2
#[13] 3, 0
#[14] 5, 4
#[15] 4, 5
#[16] 5, 2
#[17] 4, 1
#[18] 0, 3
#[19] 1, 4
#[20] 2, 1
#[21] 1, 2
#[22] 2, 5
#[23] 0, 4
#[24] 5, 1
#[25] 0, 2
#[26] 5, 5
#[27] 1, 5
#[28] 2, 0
#[29] 1, 1
#[30] 4, 0
#[31] 0, 5
#[32] 1, 0
#[33] 0, 1
#[34] 5, 0
#[35] 0, 0
#Turn 0
45 8 18 47 3 14 
59 44 58 42 26 23 
10 49 29 2 57 13 
5 16 27 40 35 36 
51 46 33 20 25 56 
11 7 34 52 6 4 
#Base: 921
#Max: 349
#378936
#Turn 1
#36 7 31 2 9 21 8 13 16 47 7 23 8 19 31 
#8 17 14 47 28 21 14 18 16 47 42 31 10 57 31 
#7 18 4 7 28 16 25 32 16 19 2 21 39 18 33 
#3 18 4 7 7 13 25 33 25 57 2 21 10 18 33 
#3 2 4 29 18 13 37 33 22 33 4 52 22 27 11 
#9 9 54 10 17 11 3 38 45 23 6 48 26 32 2 
#16 10 24 22 14 32 14 16 63 23 3 6 36 39 11 
#9 9 24 22 14 32 39 16 63 23 3 15 7 8 3 
#1 20 25 29 19 14 39 61 56 6 45 28 7 8 12 
#1 20 15 52 20 34 0 3 56 22 13 3 41 13 12 
#56 10 31 13 24 41 10 20 9 5 23 41 20 53 20 
#33 53 31 13 4 14 1 49 23 4 2 30 2 0 15 
#52 3 13 16 9 14 1 19 23 7 17 5 4 0 15 
#52 3 13 30 9 40 21 18 15 24 17 12 5 7 0 
#36 20 42 30 29 9 31 18 6 5 13 9 22 2 1 
#21 14 1 38 13 1 45 13 3 30 12 27 2 48 26 
#44 7 64 1 18 16 27 2 7 30 14 27 2 6 24 
#18 8 41 25 82 16 3 10 12 5 14 48 17 15 24 
#18 32 42 16 82 11 13 2 12 13 10 3 3 13 25 
#9 32 42 16 4 9 45 60 12 16 10 26 69 15 15 
#26 7 31 21 44 12 17 32 2 1 2 18 2 21 7 
#60 14 31 21 17 37 35 12 27 2 62 18 2 9 2 
#36 2 2 6 17 37 11 12 1 25 62 13 2 16 25 
#2 41 20 25 26 24 13 37 1 2 17 13 73 16 25 
#6 41 28 27 1 13 18 37 6 2 12 7 35 29 12 
#54 15 7 8 34 24 33 21 4 59 9 3 33 5 27 
#54 9 9 14 46 20 12 4 9 38 28 53 21 27 3 
#28 4 28 9 24 7 12 4 9 62 48 10 6 27 13 
#18 12 20 9 5 7 8 26 2 62 55 7 6 7 29 
#43 12 3 48 22 9 8 44 27 3 28 7 27 7 29 
#9 9 49 34 17 36 19 38 16 1 7 48 8 32 2 
#8 17 54 2 9 11 3 25 4 47 6 6 35 39 31 
#7 17 24 47 14 16 14 32 16 23 7 15 36 18 0 
#9 9 9 7 19 1 39 29 13 6 45 21 39 8 33 
#1 60 25 52 7 14 37 33 56 16 4 28 22 4 12 
#26 2 15 60 20 34 14 3 22 5 10 52 22 27 32 
#9 9 15 2 17 20 19 38 45 5 11 48 18 32 24 
#46 34 31 13 28 11 10 15 9 9 25 30 2 39 20 
#16 53 24 22 14 32 14 49 63 4 2 5 36 0 15 
#9 3 9 29 9 14 61 19 15 7 45 32 23 7 7 
#1 36 25 52 19 14 21 3 56 24 13 12 5 26 0 
#26 20 15 60 29 34 19 3 6 22 10 3 41 13 1 
#21 10 15 38 13 31 45 1 13 5 12 27 20 53 24 
#56 34 64 24 4 13 27 15 7 30 25 30 2 6 20 
#33 7 41 1 2 16 1 49 21 4 14 5 17 0 24 
#18 3 13 7 9 11 3 19 15 7 17 11 3 7 7 
#3 36 42 16 4 5 13 2 15 24 13 12 69 2 0 
#45 22 11 20 16 9 45 60 6 5 45 10 45 11 15 
#21 7 21 10 44 1 45 5 23 1 12 9 46 21 7 
#60 8 64 24 40 12 1 32 2 28 4 18 2 6 30 
#36 14 41 6 17 37 35 2 21 2 14 48 17 26 2 
#18 8 37 25 82 24 3 10 1 13 17 13 73 16 25 
#3 41 20 16 4 5 13 37 12 16 10 26 69 15 25 
#6 4 28 27 16 9 18 60 12 17 2 10 45 29 11 
#13 15 7 21 44 22 17 21 23 59 9 3 33 21 7 
#54 27 31 21 25 24 1 32 2 38 28 18 2 5 3 
#36 14 9 14 46 20 35 12 9 2 62 17 2 27 13 
#2 4 28 15 26 7 11 32 1 62 48 10 6 7 21 
#18 12 20 48 1 9 8 37 27 3 12 7 24 7 12 
#43 4 3 25 48 7 18 13 3 52 2 22 27 59 2 
53 42 40 5 28 41 
39 27 9 49 52 30 
57 56 38 18 8 46 
23 21 34 51 17 43 
31 35 59 19 47 26 
54 6 25 1 10 16 
#Base: 921
#Max: 401
#435396
#Turn 2
#6 10 15 38 16 9 45 1 12 17 2 27 20 53 11 
#1 10 15 38 13 14 21 1 56 24 13 27 20 26 24 
#9 9 54 52 17 11 3 38 45 24 6 48 26 26 0 
#9 9 54 10 5 7 8 38 45 23 55 7 6 7 29 
#18 12 15 60 29 34 8 26 6 62 10 3 6 7 29 
#28 4 9 9 9 7 12 4 15 62 45 32 23 27 7 
#28 4 15 52 24 7 12 4 56 62 48 3 6 13 13 
#60 20 64 24 40 34 0 32 56 28 13 18 2 13 30 
#60 8 64 24 40 12 13 37 12 16 4 18 2 6 25 
#3 41 20 34 4 36 19 37 12 1 7 48 69 15 25 
#36 4 9 14 46 7 11 32 1 62 48 10 6 27 21 
#16 14 24 14 46 20 35 12 63 2 62 5 36 0 13 
#16 32 24 16 14 11 14 49 63 13 2 3 36 13 25 
#1 32 25 16 19 11 13 61 56 13 45 3 3 13 25 
#3 36 42 29 4 14 39 61 56 24 13 12 7 8 0 
#60 41 31 25 26 37 35 12 1 2 17 13 73 16 2 
#1 60 31 21 7 37 35 33 27 16 4 28 2 9 2 
#18 8 37 52 7 24 3 10 1 13 17 28 73 16 12 
#18 8 37 25 82 16 3 10 1 13 14 13 73 15 25 
#56 8 41 24 82 13 3 15 7 30 14 30 2 6 20 
#26 2 15 2 9 11 14 25 22 5 10 52 35 39 32 
#43 2 3 25 48 7 18 3 22 52 10 22 22 27 32 
#43 32 3 16 48 7 45 13 12 16 10 26 27 15 2 
#45 32 11 20 4 9 45 60 12 16 10 10 69 11 15 
#45 22 11 14 16 20 12 4 9 5 45 53 45 27 15 
#16 10 24 22 44 32 17 16 63 59 9 3 33 21 11 
#54 10 7 8 14 32 33 21 4 59 9 6 33 5 27 
#8 15 14 8 28 24 33 21 16 47 9 3 33 57 27 
#8 10 31 13 28 21 14 20 16 5 23 31 20 53 20 
#56 10 64 1 24 41 27 2 7 30 23 41 20 53 24 
#6 3 28 27 16 9 18 60 12 17 2 32 45 7 11 
#28 10 28 9 24 7 12 4 13 5 48 10 20 27 24 
#1 20 15 52 19 34 21 3 56 24 13 12 5 13 12 
#9 8 54 10 40 11 1 32 45 28 6 48 2 6 30 
#18 12 20 9 4 5 13 26 12 62 55 26 69 15 29 
#9 9 15 60 17 36 19 38 16 1 10 48 8 13 2 
#2 4 28 15 9 14 61 19 1 62 45 10 23 7 7 
#36 4 28 9 46 20 35 4 9 2 62 17 2 27 13 
#16 53 15 52 14 34 14 3 56 22 13 5 36 13 15 
#60 8 64 16 40 11 13 32 2 13 4 18 3 13 25 
#1 20 20 16 4 14 39 61 12 16 45 28 7 15 25 
#3 9 49 34 4 5 13 2 15 1 7 12 69 32 0 
#2 41 28 25 26 7 13 37 1 2 48 10 73 7 25 
#36 14 31 21 17 37 35 12 27 2 62 18 2 9 2 
#1 53 24 22 7 14 37 49 63 4 4 5 22 4 15 
#18 8 42 25 82 11 13 10 1 13 10 3 73 16 25 
#18 20 25 29 82 14 3 10 12 5 45 28 17 8 12 
#3 36 64 24 4 13 13 15 15 30 13 30 2 6 0 
#8 17 54 2 9 11 3 25 4 2 6 6 73 16 31 
#60 14 15 60 20 37 35 12 27 2 10 18 22 27 32 
#1 4 25 25 48 7 18 33 56 52 4 28 22 4 2 
#9 32 42 16 4 24 45 60 1 13 10 13 73 16 15 
#45 22 41 20 16 16 3 60 6 5 45 48 45 11 15 
#56 9 64 14 4 13 12 4 9 30 25 53 21 6 20 
#13 17 7 21 9 22 17 25 4 59 9 3 35 39 7 
#16 2 15 22 20 32 14 16 63 5 3 6 36 39 11 
#43 15 3 25 48 7 33 21 4 59 9 3 27 5 27 
#8 32 42 47 28 9 14 18 12 16 10 31 10 15 15 
#45 10 11 20 24 9 10 60 6 5 23 10 45 11 20 
#54 9 9 1 18 16 12 2 9 38 28 53 21 6 24 
12 3 36 53 17 33 
56 50 44 51 14 10 
4 8 34 15 19 38 
42 23 29 45 7 6 
48 2 9 18 52 46 
26 39 49 11 25 13 
#Base: 921
#Max: 434
#471227
#Turn 3
#9 32 24 10 14 7 8 49 45 13 2 7 6 13 29 
#9 4 28 15 9 14 61 19 45 62 55 10 23 7 7 
#2 4 28 14 9 13 12 19 9 30 25 53 23 7 20 
#56 9 64 52 7 13 12 10 9 30 17 28 73 16 12 
#18 8 37 10 7 24 1 32 45 28 6 48 73 16 30 
#43 15 25 25 48 7 33 33 56 59 9 28 27 4 2 
#1 4 25 22 7 14 18 49 56 52 4 28 22 4 15 
#1 32 42 22 7 14 45 49 63 13 4 13 73 16 15 
#9 36 42 29 4 14 39 60 56 13 10 13 7 16 0 
#36 36 42 14 46 7 11 32 56 62 48 10 6 8 21 
#18 8 64 60 40 34 8 26 12 62 10 3 6 7 25 
#18 12 64 24 40 12 13 26 12 16 55 26 2 6 29 
#18 12 20 9 26 37 13 26 12 62 17 26 69 15 2 
#56 8 31 24 26 13 35 15 7 2 14 30 73 16 2 
#16 8 15 24 82 34 3 3 56 22 13 30 2 13 20 
#2 32 28 25 4 7 13 37 1 16 10 10 69 11 15 
#56 32 11 1 4 41 45 2 7 16 23 10 20 11 24 
#56 8 64 1 82 11 13 2 1 13 23 3 20 16 25 
#18 8 42 24 82 34 13 10 56 28 13 3 2 16 25 
#60 4 15 24 40 34 0 4 56 62 48 3 6 13 30 
#9 9 54 2 9 11 3 25 45 24 6 48 26 16 31 
#9 41 20 34 17 11 3 37 45 24 6 48 69 26 25 
#18 8 37 25 82 16 19 37 1 1 14 13 69 15 25 
#45 22 37 25 82 16 3 60 1 5 45 13 73 15 15 
#45 20 25 29 82 14 3 60 12 5 45 28 45 11 12 
#60 8 64 8 14 11 13 21 4 13 9 18 33 5 25 
#60 14 15 16 20 11 13 32 27 13 10 18 3 27 25 
#60 14 24 14 46 20 35 12 63 2 62 18 22 27 13 
#16 10 24 14 44 32 17 12 63 2 62 3 33 0 11 
#16 32 24 22 19 11 13 16 63 13 9 3 33 21 11 
#43 15 24 25 14 7 33 21 63 59 2 3 27 5 25 
#9 9 25 10 5 7 8 38 56 23 55 7 6 7 2 
#2 4 28 15 9 14 61 19 1 62 45 5 23 4 7 
#56 9 42 16 4 13 45 60 9 30 25 13 21 6 20 
#3 8 37 52 7 24 39 61 56 24 13 28 73 8 0 
#36 8 54 14 40 7 11 32 45 28 6 10 2 6 21 
#43 12 3 60 48 7 8 21 6 59 10 3 27 5 27 
#60 4 64 24 48 7 18 37 56 16 4 18 22 6 2 
#18 53 20 22 7 14 13 26 12 62 55 5 22 4 29 
#60 41 42 25 26 37 45 60 1 2 17 13 73 16 2 
#56 8 41 29 82 14 39 61 56 24 14 30 7 8 20 
#36 53 9 52 14 34 11 3 56 62 48 10 6 27 15 
#2 41 28 60 26 7 13 26 6 62 48 10 6 7 25 
#60 8 11 24 40 9 13 37 12 16 10 10 69 6 25 
#18 10 20 1 24 41 13 2 12 30 23 41 20 15 29 
#18 41 31 25 82 37 13 10 1 2 10 13 73 16 25 
#60 20 64 24 82 34 3 32 56 28 14 18 2 6 30 
#16 4 15 52 14 7 12 4 56 62 13 5 6 13 13 
#2 17 54 2 26 7 3 25 1 2 6 10 73 16 25 
#9 9 11 20 4 9 45 60 12 16 10 48 69 11 15 
#3 10 64 1 4 41 19 37 7 30 23 41 20 53 25 
#18 8 42 25 82 16 3 10 1 13 14 3 73 15 25 
#60 20 41 24 40 16 0 32 56 28 45 48 2 11 30 
#18 4 15 29 24 14 3 4 12 5 45 28 6 13 13 
#54 17 7 8 9 11 3 21 4 59 9 6 33 5 27 
#60 8 64 52 40 11 13 38 2 13 4 48 26 13 0 
#60 14 15 34 20 37 19 37 12 2 10 18 22 27 32 
#18 14 37 14 46 16 35 10 1 2 62 5 73 15 13 
#45 10 41 20 16 32 3 16 63 59 45 48 45 11 15 
#18 32 25 16 19 11 3 10 12 13 45 3 17 13 25 
36 30 1 17 5 13 
12 42 18 58 37 14 
49 10 45 34 24 21 
22 3 39 23 46 52 
50 55 27 40 41 9 
43 57 51 7 19 4 
#Base: 921
#Max: 489
#530945
#Turn 4
#43 15 3 25 14 7 33 21 6 59 10 3 27 5 27 
#43 15 28 25 9 7 61 19 45 62 2 10 27 5 25 
#56 4 64 1 9 11 61 19 45 62 55 3 23 7 25 
#56 8 64 25 48 11 33 33 1 59 9 28 20 16 2 
#56 8 25 24 48 13 33 15 7 2 9 30 27 16 2 
#18 41 20 9 26 7 13 26 6 62 48 26 6 7 2 
#2 41 42 24 26 7 13 10 6 28 13 10 6 7 25 
#45 10 42 20 82 34 13 10 56 59 13 48 45 11 15 
#45 10 64 20 48 7 18 16 56 16 45 48 45 6 2 
#60 4 15 24 82 7 18 3 56 22 4 30 22 13 2 
#18 8 64 20 40 34 8 26 12 16 10 48 6 11 25 
#18 8 64 25 40 34 8 10 1 62 10 13 6 7 25 
#3 41 37 25 82 37 39 10 56 2 13 28 73 16 25 
#3 20 25 29 82 24 39 60 56 24 13 28 73 8 0 
#9 41 20 34 17 11 3 60 12 5 45 48 69 11 25 
#18 8 37 52 82 16 12 37 9 30 17 28 69 16 25 
#60 9 42 52 7 13 45 10 9 2 17 13 73 16 2 
#45 41 37 25 26 37 3 60 1 5 45 13 73 16 15 
#45 22 37 25 82 34 3 60 56 28 14 13 73 6 30 
#60 20 41 24 82 16 0 32 56 28 14 18 2 11 30 
#3 8 64 1 4 41 13 38 2 30 23 41 26 13 0 
#60 8 64 52 46 11 35 38 63 13 4 48 22 13 13 
#60 8 41 29 46 14 39 12 63 24 62 30 7 27 13 
#56 8 41 29 82 14 11 61 56 62 48 10 6 27 15 
#36 53 42 14 14 7 11 32 56 62 48 10 6 27 15 
#60 8 11 24 46 9 35 37 12 2 62 5 69 15 25 
#18 8 42 14 46 16 3 10 1 2 62 3 73 15 25 
#1 8 42 22 82 14 45 10 1 13 4 13 73 15 25 
#60 4 15 22 7 14 45 49 56 62 4 3 73 13 15 
#60 4 37 24 40 34 1 4 56 62 6 3 73 16 30 
#18 12 20 9 48 7 8 21 6 62 10 26 27 15 2 
#2 41 28 60 26 7 33 21 63 62 2 10 27 7 25 
#9 8 28 15 9 14 61 19 56 28 13 10 23 16 25 
#56 8 41 20 82 32 13 16 1 13 45 48 20 11 25 
#43 15 25 25 48 7 18 37 56 16 9 28 27 4 2 
#16 8 31 24 26 34 3 3 7 2 13 30 2 13 20 
#18 9 20 20 26 9 13 26 12 62 17 26 69 11 15 
#2 8 64 60 40 7 8 26 12 62 10 10 6 7 25 
#18 41 31 24 82 34 13 10 1 2 13 13 2 16 25 
#45 10 37 20 16 32 39 16 63 24 45 28 45 8 15 
#45 20 25 24 48 7 18 37 12 5 4 28 45 11 2 
#9 41 15 24 17 34 3 3 45 24 6 48 2 26 25 
#9 8 11 20 4 9 45 60 1 16 14 48 69 11 15 
#18 9 64 52 7 13 8 10 9 30 17 28 73 16 12 
#60 41 42 25 26 37 13 60 1 2 17 13 73 16 25 
#45 22 37 52 7 24 3 60 56 5 13 28 73 8 0 
#60 20 25 24 82 34 3 60 12 5 14 28 45 6 12 
#9 20 41 24 40 16 0 32 56 24 45 48 69 11 25 
#18 8 64 25 82 16 19 37 7 30 14 41 69 53 25 
#56 9 64 52 7 11 12 38 9 30 17 48 26 16 12 
#60 41 42 25 46 20 45 12 63 2 62 13 22 27 2 
#56 8 41 25 82 14 39 61 1 5 45 13 73 15 15 
#60 20 9 52 82 34 11 32 56 62 48 10 6 6 15 
#60 36 41 24 40 7 11 32 56 62 48 48 2 11 30 
#60 8 64 1 40 9 13 37 7 30 23 10 20 53 25 
#18 14 37 14 40 16 13 38 2 2 62 5 73 15 0 
#18 14 42 25 82 16 3 10 63 13 14 18 22 27 25 
#1 8 41 22 7 14 45 61 63 24 4 13 7 8 15 
#36 4 9 24 14 34 0 4 56 62 48 10 6 27 15 
#36 8 37 14 7 7 11 32 45 62 6 48 6 8 21 
54 56 27 46 33 16 
39 14 8 7 19 31 
3 17 12 48 13 47 
50 21 52 23 51 28 
9 44 2 18 53 22 
49 25 45 29 15 24 
#Base: 921
#Max: 528
#573290
#Turn 5
#60 8 42 1 82 16 13 37 63 13 23 10 20 27 25 
#18 14 42 25 82 14 45 10 1 13 4 18 22 15 25 
#60 20 25 24 82 14 3 60 1 13 4 13 73 6 25 
#56 8 25 20 82 32 3 60 1 5 14 28 20 11 25 
#60 9 42 52 7 13 45 10 9 13 17 48 20 16 2 
#45 10 37 34 16 11 39 16 63 24 45 28 69 11 15 
#45 41 20 34 48 7 3 60 12 5 45 48 45 11 2 
#45 10 42 20 82 7 18 16 56 59 45 48 45 11 2 
#45 20 41 20 82 16 13 10 56 59 14 18 2 11 30 
#2 41 28 60 26 16 33 21 56 62 2 18 2 11 25 
#45 41 37 25 48 11 3 33 1 59 45 13 20 16 2 
#3 41 37 25 26 37 3 60 56 5 45 13 73 16 25 
#3 8 64 25 82 37 39 10 7 30 14 41 69 16 25 
#18 8 64 29 82 16 39 60 56 30 13 41 69 53 0 
#3 20 41 29 40 24 39 60 56 24 45 48 69 11 25 
#60 8 42 25 46 20 35 12 63 2 62 13 22 27 2 
#60 8 64 52 82 11 11 38 63 62 48 10 22 13 13 
#60 20 41 29 82 34 11 61 56 62 48 10 6 27 15 
#56 8 41 25 82 14 11 61 1 62 45 10 6 15 15 
#56 4 15 25 7 14 39 61 1 5 4 3 73 13 15 
#60 4 42 25 26 37 18 3 1 22 17 13 22 16 25 
#60 41 64 1 26 37 61 60 1 62 17 13 23 7 25 
#45 4 37 1 82 34 3 19 56 62 55 13 73 7 30 
#60 36 41 25 40 7 11 32 56 28 14 13 73 11 30 
#60 8 41 29 40 14 39 12 63 24 62 48 7 27 13 
#60 8 11 24 7 9 12 37 9 30 62 48 26 16 12 
#60 8 37 24 46 24 35 37 56 5 62 5 69 15 25 
#60 22 37 24 40 24 1 4 56 62 13 3 73 16 30 
#18 8 37 52 82 34 12 4 9 30 17 28 69 16 30 
#18 53 37 52 14 7 12 32 56 62 17 10 69 27 25 
#60 8 64 1 16 9 13 16 7 30 45 28 20 8 25 
#18 14 20 34 82 11 3 60 12 5 45 18 69 27 25 
#1 8 42 22 48 14 18 10 56 16 45 13 73 15 2 
#45 20 42 24 82 34 13 60 56 59 13 28 45 6 15 
#60 8 41 24 82 16 13 32 1 28 14 48 20 11 25 
#2 9 28 52 7 13 45 21 9 2 2 13 73 16 25 
#45 10 37 20 48 11 39 16 63 59 45 28 45 16 2 
#45 41 20 34 17 37 3 60 1 5 45 13 73 16 15 
#45 10 64 20 82 7 39 10 56 16 13 48 45 6 25 
#45 8 64 20 82 16 13 10 56 30 14 41 45 11 25 
#3 20 25 29 82 16 0 32 56 24 13 28 73 8 0 
#2 20 41 60 26 7 33 21 56 62 45 48 27 11 25 
#56 41 64 25 48 20 45 33 63 2 62 28 20 16 2 
#60 8 37 52 26 37 3 38 1 13 45 13 73 16 13 
#3 20 37 52 82 34 11 32 56 2 48 28 73 16 15 
#56 8 64 29 82 14 11 61 56 30 48 10 69 27 15 
#3 8 41 29 82 24 39 61 1 24 45 28 73 8 0 
#60 4 15 22 40 16 45 49 56 62 45 3 69 11 25 
#60 4 42 25 82 20 45 3 56 2 4 13 22 13 2 
#60 41 42 25 26 37 13 60 1 2 17 13 73 16 25 
#56 20 64 52 9 11 61 32 45 62 55 3 6 6 25 
#56 22 41 29 82 14 3 60 56 62 48 13 73 6 30 
#60 8 41 24 40 14 11 32 1 62 48 13 73 11 30 
#60 8 41 22 46 14 45 12 56 24 62 30 73 27 15 
#56 4 15 24 82 11 18 3 56 22 17 48 26 13 12 
#60 41 11 25 46 9 13 60 12 2 17 5 69 16 25 
#56 4 37 1 7 11 61 19 45 5 13 3 23 7 25 
#60 22 37 25 82 34 1 60 56 62 6 3 73 6 30 
#18 8 37 52 40 16 12 32 56 62 17 28 2 11 30 
#36 53 41 29 46 14 11 32 56 24 48 10 7 27 13 
8 49 52 38 27 31 
28 11 29 22 12 2 
36 39 33 16 17 18 
7 53 57 51 13 42 
23 46 50 45 44 21 
0 24 26 47 14 41 
#Base: 921
#Max: 595
#646037
#Turn 6
#45 41 41 20 26 16 13 60 56 59 14 18 2 16 30 
#60 8 41 24 40 37 11 60 1 2 17 13 73 16 25 
#45 8 64 20 82 14 11 32 56 16 13 48 45 6 25 
#60 22 64 24 40 7 39 10 56 16 13 48 45 16 25 
#18 22 20 24 82 24 3 4 56 5 45 3 69 16 30 
#3 8 37 52 82 34 3 4 9 30 17 28 73 16 30 
#18 41 37 52 26 7 3 32 56 62 45 13 69 16 25 
#18 4 37 1 82 7 3 32 56 62 17 13 73 7 30 
#3 4 37 1 82 37 39 10 56 62 55 41 69 16 25 
#60 20 64 24 82 37 39 10 7 13 4 13 73 6 25 
#45 10 37 20 82 11 13 16 63 59 45 41 45 11 2 
#45 20 64 20 82 16 13 60 56 59 13 28 45 6 25 
#45 8 42 24 82 34 11 60 63 62 13 10 45 13 13 
#60 8 64 52 82 11 11 61 63 62 48 10 22 13 15 
#56 20 41 29 82 14 11 61 56 62 45 10 6 15 15 
#60 8 41 22 82 7 45 16 56 24 62 30 73 11 15 
#60 22 41 25 82 34 45 12 56 62 62 30 73 27 30 
#56 22 41 29 82 14 3 60 56 62 48 13 73 6 30 
#18 8 41 29 82 14 3 60 56 30 48 13 69 6 30 
#18 41 64 25 48 16 45 33 56 30 62 41 69 53 0 
#60 36 41 25 40 7 11 61 1 28 14 28 73 11 30 
#56 8 41 52 9 11 61 61 45 24 55 28 73 8 0 
#56 20 64 29 82 11 61 32 45 62 55 10 6 6 25 
#3 20 64 29 82 34 11 32 56 30 48 10 73 27 15 
#3 20 37 52 82 37 11 60 1 2 17 28 73 7 25 
#60 8 41 29 40 14 13 37 63 24 62 48 7 27 25 
#60 8 37 24 40 24 35 37 63 24 62 5 69 27 25 
#60 8 15 22 46 16 35 49 56 5 45 5 69 15 25 
#60 20 15 22 40 16 39 49 56 24 45 3 69 11 25 
#2 20 41 29 26 7 33 60 56 24 45 48 69 11 25 
#45 20 41 20 82 16 12 4 56 59 17 18 2 16 30 
#3 41 42 25 26 37 3 60 56 5 17 13 73 16 25 
#60 8 37 24 40 7 11 32 56 62 17 13 69 27 30 
#45 4 64 20 82 7 39 10 56 16 55 13 45 7 25 
#60 8 64 25 40 37 1 10 7 62 13 3 69 16 30 
#18 20 25 24 82 11 3 60 1 13 45 13 73 6 25 
#45 8 37 20 48 11 12 16 63 30 45 28 69 16 2 
#45 41 37 25 82 37 3 10 56 30 14 41 45 11 25 
#18 20 37 24 82 34 12 32 56 62 17 28 69 6 25 
#45 8 37 52 82 34 3 19 56 62 55 10 73 7 30 
#60 20 41 25 82 37 11 61 7 62 48 41 69 27 15 
#56 20 25 24 82 14 3 60 1 13 4 10 6 6 25 
#45 10 37 20 82 11 18 16 63 59 45 28 45 11 2 
#60 8 41 20 82 14 45 12 56 30 62 30 45 11 25 
#60 22 42 24 82 34 13 60 56 59 13 3 73 6 15 
#56 8 64 29 82 14 3 60 56 62 48 13 73 6 30 
#18 20 41 29 82 34 39 61 56 30 48 10 69 27 15 
#56 8 41 25 48 14 11 33 63 62 45 28 20 16 15 
#45 10 42 25 82 7 11 32 56 59 45 48 73 11 2 
#60 8 41 29 82 24 45 12 1 24 45 30 73 8 0 
#56 22 37 25 82 34 61 32 45 62 55 3 6 6 30 
#56 22 64 29 82 14 11 60 56 62 48 13 73 6 30 
#18 8 64 52 82 34 39 60 56 30 48 41 73 16 15 
#60 41 64 25 48 37 61 33 1 2 62 28 23 7 25 
#60 8 42 1 40 16 11 37 56 13 14 13 20 11 25 
#3 8 41 29 82 24 39 61 1 24 45 28 7 27 0 
#56 8 64 52 46 24 35 37 56 62 62 3 69 15 25 
#60 8 15 22 40 16 11 49 56 30 48 10 69 27 25 
#3 20 41 29 40 24 39 32 56 2 45 48 73 16 25 
#2 20 41 1 26 37 61 21 56 62 17 48 23 7 25 
29 37 18 21 26 9 
6 33 12 17 23 10 
49 43 13 56 40 14 
15 19 45 16 52 22 
42 11 46 51 39 50 
2 38 8 44 48 53 
#Base: 921
#Max: 661
#717698
#Turn 7
#2 41 37 25 82 7 3 60 56 30 14 41 45 11 25 
#18 8 41 25 82 37 3 60 56 30 48 13 69 6 30 
#18 8 41 52 82 11 61 60 45 30 55 13 73 8 30 
#60 8 41 52 40 11 61 37 63 24 55 28 69 8 25 
#60 20 37 24 82 37 39 10 63 24 4 13 69 27 25 
#45 41 37 20 26 7 3 32 56 16 45 13 45 7 25 
#45 8 42 20 82 7 11 60 63 62 55 13 45 13 25 
#45 8 42 24 82 14 3 60 56 62 48 13 73 13 13 
#56 20 64 29 82 14 3 32 56 62 48 13 73 6 30 
#45 10 37 29 82 34 13 32 56 30 45 41 73 11 2 
#60 8 41 29 82 14 45 12 1 24 62 30 73 8 25 
#60 8 64 52 82 11 45 61 63 62 62 30 45 11 25 
#60 8 64 52 82 24 11 61 63 62 62 3 22 13 25 
#60 20 64 52 46 37 11 61 56 62 62 41 69 15 15 
#60 20 41 25 82 37 11 61 56 62 48 41 69 27 15 
#60 8 64 25 48 16 45 16 56 30 62 41 73 53 0 
#18 41 64 25 48 16 3 60 56 62 48 13 73 53 30 
#60 22 41 29 82 34 45 12 56 62 62 30 73 27 30 
#60 22 64 25 82 34 45 12 56 30 48 41 73 27 15 
#56 8 64 29 82 34 39 32 45 30 55 41 6 16 25 
#45 20 37 20 82 11 18 16 56 59 45 28 45 6 2 
#45 20 41 29 82 34 39 60 56 30 48 10 45 27 25 
#18 22 41 29 82 34 11 60 56 30 48 10 69 6 15 
#56 22 37 29 82 14 3 60 56 62 55 10 73 6 30 
#56 22 37 52 82 34 3 19 56 62 55 10 6 7 30 
#18 20 64 24 82 14 11 32 56 16 13 28 45 6 25 
#18 20 37 1 82 37 39 32 56 62 17 41 69 6 25 
#60 4 37 24 82 34 13 10 56 59 55 41 73 6 25 
#45 22 42 25 82 34 11 32 56 59 13 3 73 6 2 
#60 10 64 25 48 7 61 33 56 2 45 48 23 7 25 
#2 41 41 29 26 7 3 60 56 24 45 13 69 11 25 
#45 4 64 20 82 7 39 10 56 16 14 41 45 11 25 
#45 8 42 29 82 34 3 60 63 30 13 10 45 6 13 
#56 22 41 29 82 14 61 60 56 24 55 28 73 8 0 
#3 20 64 29 82 24 35 32 56 24 62 5 73 27 25 
#60 10 64 20 82 37 39 16 7 59 45 41 73 6 25 
#18 41 41 29 82 24 3 12 56 62 45 30 69 16 0 
#60 4 41 20 82 14 45 10 56 16 55 30 45 7 25 
#45 8 42 24 82 34 11 60 63 62 48 10 22 13 13 
#56 22 41 52 82 24 3 37 56 62 62 13 69 6 30 
#60 20 41 29 82 37 11 32 7 30 48 41 73 27 15 
#45 10 37 29 82 11 13 16 56 62 45 10 6 15 15 
#60 8 41 22 82 7 45 16 56 24 45 30 73 8 0 
#18 41 64 25 48 16 45 12 56 30 62 30 69 11 0 
#60 8 64 29 82 14 3 61 63 62 48 10 22 6 15 
#56 8 41 52 46 34 35 12 56 62 62 30 69 15 30 
#18 20 64 52 82 37 11 60 56 30 48 41 69 27 15 
#56 20 41 29 82 11 11 32 45 62 45 10 6 6 15 
#60 10 37 20 82 11 18 16 56 59 62 30 45 11 2 
#45 20 64 20 48 16 45 33 56 30 62 41 69 6 0 
#18 8 41 29 82 14 39 61 56 62 48 10 69 27 30 
#60 22 41 29 82 14 45 60 56 62 48 30 73 6 30 
#45 8 37 52 82 34 3 19 56 30 48 10 73 16 30 
#56 20 37 29 82 11 61 32 45 62 55 3 6 6 30 
#45 8 37 20 82 14 11 16 63 59 13 28 45 11 2 
#18 20 64 24 82 34 13 32 56 62 17 28 45 6 25 
#18 20 37 29 82 34 39 61 56 30 48 10 69 27 15 
#60 22 42 24 82 34 13 60 56 62 48 3 73 6 30 
#45 8 42 25 82 7 3 19 56 59 55 10 73 11 30 
#56 41 37 25 48 34 61 32 1 62 55 3 6 7 30 
24 53 44 35 7 26 
9 40 3 46 27 6 
49 21 12 14 18 56 
45 57 51 11 17 16 
52 2 23 13 39 8 
38 34 50 33 15 19 
#Base: 921
#Max: 681
#739414
#Turn 8
#56 22 37 29 82 34 61 32 56 62 55 3 6 6 30 
#60 20 64 29 82 14 61 61 63 62 48 10 6 6 15 
#60 8 64 20 82 14 3 61 7 62 45 41 22 6 25 
#60 10 42 20 82 37 3 16 56 59 45 13 73 6 25 
#18 8 42 24 82 37 39 60 56 62 48 41 73 13 13 
#45 10 37 29 82 34 13 32 56 30 48 41 73 27 15 
#60 20 41 29 82 11 11 37 63 30 48 28 69 8 25 
#60 20 41 52 40 37 61 60 56 30 55 28 69 8 25 
#18 4 64 24 82 34 13 10 56 59 55 41 73 6 25 
#60 8 37 20 82 7 11 60 63 62 55 13 73 13 25 
#45 20 41 20 82 16 45 60 56 30 62 41 45 6 0 
#45 20 41 52 82 24 11 61 56 62 48 10 22 13 25 
#60 8 64 25 82 24 11 61 56 62 48 41 69 27 25 
#60 20 64 25 82 34 11 12 56 30 48 41 73 27 15 
#18 22 64 25 82 34 39 61 56 30 48 41 69 27 15 
#56 22 42 52 46 34 35 12 56 62 48 30 73 6 30 
#60 22 42 24 82 14 13 60 56 62 48 30 73 6 30 
#60 22 41 29 82 11 45 61 63 62 62 30 45 6 25 
#60 8 64 29 82 11 45 61 56 62 62 30 45 11 25 
#60 41 41 25 82 34 3 60 56 62 48 13 73 27 30 
#45 8 37 52 82 11 61 60 56 30 48 10 73 8 30 
#56 8 37 52 82 14 3 60 56 30 55 10 73 6 30 
#60 20 64 29 82 37 11 60 56 62 62 10 73 15 30 
#60 20 64 52 46 24 11 37 56 62 62 41 69 6 15 
#56 20 64 29 82 24 3 37 56 62 48 13 73 6 30 
#45 20 64 29 82 34 35 60 63 62 62 5 73 13 25 
#18 20 64 29 82 24 35 32 56 24 48 5 73 27 25 
#18 8 41 29 82 14 61 60 56 24 55 10 69 27 0 
#60 8 41 29 82 14 45 60 56 24 55 28 73 8 0 
#56 8 64 29 48 34 45 16 45 30 62 41 6 53 0 
#56 10 37 29 82 34 13 32 56 62 55 41 73 11 30 
#56 20 41 29 82 37 61 32 7 62 48 41 6 27 15 
#60 8 64 52 82 11 61 37 63 24 48 10 22 6 25 
#18 20 64 20 82 37 11 16 7 30 48 41 69 6 15 
#60 8 42 24 82 34 13 10 56 59 55 41 73 13 13 
#45 20 42 1 82 37 39 32 63 62 17 41 45 13 25 
#45 10 37 29 48 16 13 32 56 30 45 41 69 6 0 
#45 20 41 29 82 34 11 60 7 30 48 41 73 27 15 
#60 8 41 52 82 11 61 37 63 62 62 28 22 13 25 
#18 20 41 25 82 37 11 61 56 30 48 41 69 27 15 
#60 22 64 25 82 34 45 10 56 30 48 41 73 27 25 
#45 20 37 20 82 34 11 61 56 30 48 10 69 27 15 
#45 20 64 20 46 16 45 12 56 62 62 30 69 15 30 
#60 22 41 29 82 34 13 60 56 30 48 10 45 27 30 
#60 8 64 29 82 14 45 60 63 62 48 3 73 6 25 
#60 8 64 52 82 37 45 61 63 62 48 30 69 27 15 
#60 22 64 25 82 34 45 12 56 62 48 30 73 27 30 
#18 20 64 29 82 16 3 60 56 62 48 13 69 27 15 
#45 8 41 52 82 34 35 19 56 62 62 10 73 15 30 
#60 8 41 52 82 11 61 60 45 30 55 13 73 6 30 
#56 22 37 29 82 14 3 60 56 62 48 10 73 6 30 
#60 8 64 52 82 11 11 61 63 62 62 30 45 15 15 
#56 22 41 52 82 34 45 12 56 62 62 13 69 6 30 
#56 41 64 25 48 14 3 32 56 62 48 13 73 53 30 
#45 8 37 24 82 34 3 60 63 62 48 10 73 16 30 
#3 8 64 29 82 11 61 60 56 24 55 13 73 27 30 
#56 8 37 29 82 14 3 61 56 62 48 10 69 6 30 
#60 22 64 52 82 14 11 61 56 62 55 28 73 8 0 
#60 8 64 25 48 24 3 37 56 62 62 41 73 6 0 
#56 8 64 29 82 34 3 32 56 62 48 41 6 6 30 
34 43 24 48 20 9 
50 54 53 18 16 13 
55 30 57 12 19 4 
51 17 46 45 22 7 
42 23 52 25 40 38 
28 15 49 44 14 1 
#Base: 921
#Max: 723
#785016
#Turn 9
#60 22 42 24 82 34 13 60 56 59 48 10 73 27 30 
#60 20 64 29 82 34 13 60 56 62 48 13 73 27 30 
#45 20 41 52 82 34 35 19 56 62 48 10 73 15 30 
#45 8 41 52 82 11 61 19 56 30 48 10 73 15 30 
#60 8 37 52 82 7 61 60 63 30 48 10 73 13 25 
#45 22 37 24 82 34 3 60 56 62 48 10 73 16 30 
#56 41 64 25 82 14 3 32 63 62 48 13 73 53 30 
#60 41 64 25 48 14 45 32 56 62 48 13 45 11 30 
#60 22 64 29 82 11 13 61 56 62 48 30 45 11 25 
#60 20 42 25 82 14 13 60 56 30 48 30 73 27 15 
#3 8 37 29 82 11 13 60 56 62 55 41 73 27 30 
#60 10 37 52 82 14 11 61 56 62 55 41 73 8 0 
#60 22 64 52 82 14 11 61 56 62 55 28 73 27 25 
#60 41 64 25 82 34 11 60 56 62 48 13 69 27 25 
#60 8 42 25 82 37 39 60 56 62 48 41 73 27 13 
#60 8 64 29 82 11 45 61 63 62 62 30 45 6 25 
#60 22 41 29 82 11 45 61 63 62 48 30 45 27 25 
#60 22 64 25 82 34 45 12 56 62 48 30 69 27 15 
#60 8 64 29 82 37 45 60 56 62 48 30 69 15 30 
#60 20 41 52 40 37 11 60 56 30 55 10 69 8 25 
#45 20 64 20 46 16 45 37 56 62 62 30 69 6 30 
#56 22 41 52 46 34 11 37 56 62 62 13 69 6 30 
#45 22 64 52 82 34 45 12 56 62 62 13 69 6 30 
#45 22 64 29 82 34 45 10 63 30 62 41 73 27 25 
#60 8 41 52 82 34 45 37 56 30 62 28 22 27 25 
#60 22 41 29 82 14 45 60 56 62 48 28 73 8 0 
#56 8 42 52 46 11 35 60 45 62 48 30 73 6 30 
#60 8 64 52 82 11 45 60 45 30 55 3 73 6 25 
#18 22 64 25 82 14 45 60 56 30 48 3 73 6 15 
#18 22 64 25 82 34 61 61 63 62 48 41 6 27 15 
#56 8 37 29 82 34 13 10 56 62 55 41 73 13 13 
#45 22 41 24 82 34 13 60 63 30 48 10 73 16 30 
#56 41 64 25 82 14 3 32 56 62 48 13 73 6 30 
#60 8 64 52 82 34 45 19 56 62 62 10 73 15 25 
#60 8 37 24 82 14 13 60 56 62 48 10 73 6 30 
#60 8 37 20 82 7 11 60 63 62 48 41 73 13 25 
#3 8 37 29 82 11 61 60 56 62 55 10 73 6 30 
#56 10 37 29 82 34 3 60 56 62 48 41 73 16 30 
#56 41 64 52 48 14 3 61 56 62 55 13 73 8 0 
#60 8 64 29 82 24 11 61 56 62 62 30 45 27 25 
#60 22 42 24 82 34 13 60 56 62 48 13 73 6 30 
#18 8 42 25 82 34 39 60 56 30 48 41 73 13 15 
#60 8 64 52 82 11 11 60 63 24 55 30 73 27 30 
#56 22 37 29 82 34 45 61 56 62 55 30 73 6 25 
#60 22 64 52 82 14 11 61 56 62 55 28 73 27 30 
#60 8 64 52 82 37 11 61 63 62 48 41 69 27 15 
#60 41 41 29 82 37 11 60 56 62 48 13 73 27 30 
#18 8 42 24 82 37 61 60 56 30 55 28 69 8 13 
#60 8 64 20 46 16 11 61 56 62 62 30 45 15 15 
#60 22 64 29 82 24 11 37 56 62 62 30 45 6 15 
#56 22 64 52 82 34 45 12 56 62 62 13 69 6 30 
#45 20 64 29 82 34 45 61 63 62 62 30 73 13 15 
#60 20 64 25 82 37 11 60 56 30 48 41 73 27 30 
#60 8 41 52 82 37 61 37 56 62 55 28 22 13 25 
#45 8 64 29 46 14 45 12 56 24 62 30 73 8 0 
#56 20 42 52 46 34 35 37 56 62 62 41 69 6 30 
#60 8 41 52 82 34 61 60 45 62 62 13 73 6 30 
#60 20 64 29 82 14 45 60 63 62 62 5 73 13 25 
#60 22 64 25 82 34 45 61 56 30 48 41 73 27 25 
#60 8 64 29 82 11 61 37 63 62 48 28 6 13 25 
20 25 53 55 39 4 
8 2 22 56 17 37 
29 6 13 18 12 15 
52 43 44 58 45 1 
40 23 57 51 14 50 
24 42 16 46 33 0 
#Base: 921
#Max: 700
#760043
#45 22 64 29 82 14 45 60 56 62 62 28 69 6 0 
#60 22 41 29 82 14 45 37 56 62 55 28 73 8 0 
#60 20 42 52 82 34 61 37 56 62 62 41 69 6 30 
#60 20 64 52 82 34 11 37 56 62 62 30 69 27 30 
#60 8 37 52 82 7 61 60 63 30 48 10 73 27 25 
#45 22 64 52 82 11 13 19 56 62 48 10 73 15 25 
#45 22 41 52 82 34 35 12 56 62 62 13 69 6 30 
#60 8 64 52 82 34 61 12 45 62 62 13 73 6 30 
#60 22 64 25 82 34 45 12 45 62 48 13 73 27 30 
#56 10 37 25 82 34 45 12 56 62 48 30 73 16 30 
#56 22 64 25 82 14 3 61 63 62 48 13 6 27 15 
#56 41 64 25 82 34 11 32 63 62 48 13 69 27 25 
#60 8 64 25 82 34 45 60 56 62 48 13 69 27 25 
#60 22 64 29 82 14 45 60 56 62 48 30 73 27 25 
#60 8 64 52 82 14 45 61 63 62 55 30 45 6 25 
#56 22 64 25 82 37 45 61 56 30 55 30 73 27 25 
#60 22 37 29 82 34 45 61 56 62 55 28 73 27 30 
#60 22 64 25 82 34 11 61 56 30 55 41 73 27 25 
#60 8 64 25 82 37 45 61 63 62 48 41 69 27 25 
#60 20 64 52 82 34 11 60 56 62 48 13 69 27 30 
#60 22 42 29 82 34 45 10 56 30 62 41 73 6 30 
#60 20 64 29 82 34 45 10 63 62 62 5 73 13 25 
#45 20 64 29 82 34 45 60 63 62 62 30 73 13 25 
#45 8 64 25 82 34 45 60 63 62 48 30 73 27 15 
#56 8 64 52 82 34 39 60 56 62 62 41 73 27 30 
#60 8 64 52 82 11 11 60 63 30 55 28 73 27 30 
#60 22 41 29 82 11 11 60 63 62 55 30 45 27 30 
#60 22 41 29 82 37 45 60 63 62 48 30 73 27 30 
#60 41 41 29 82 34 11 19 56 62 48 10 73 27 25 
#60 8 64 24 82 34 45 60 56 59 48 10 73 27 30 
#45 20 64 29 46 11 13 61 56 62 48 30 45 11 30 
#60 20 41 29 82 34 45 19 56 62 48 10 73 8 30 
#60 22 41 52 82 34 61 12 56 62 62 13 69 6 30 
#60 8 42 52 82 34 35 60 45 62 62 13 69 6 30 
#60 8 64 29 82 24 11 12 56 62 48 30 69 27 25 
#56 8 37 29 82 7 3 60 56 30 48 10 73 13 25 
#60 22 64 25 82 34 61 61 63 62 48 41 45 11 25 
#45 41 64 52 82 34 3 32 63 62 48 10 73 53 30 
#45 41 64 52 82 34 45 12 56 62 48 13 69 27 30 
#60 8 64 29 82 37 61 60 45 62 62 13 69 15 30 
#60 22 64 25 82 34 45 61 56 62 55 30 73 27 25 
#60 10 37 29 82 11 3 60 56 62 62 41 73 6 30 
#60 22 64 25 82 34 61 60 56 30 48 41 6 27 15 
#56 41 37 29 82 34 45 32 63 62 48 13 73 6 25 
#60 22 64 25 82 14 11 61 56 62 48 13 69 27 25 
#60 8 64 29 82 34 45 61 56 30 48 30 69 15 25 
#60 22 64 52 82 37 11 61 56 62 48 28 73 27 15 
#60 20 64 29 82 34 45 60 63 62 48 30 73 6 30 
#60 22 42 24 82 37 11 60 56 30 48 41 73 27 30 
#45 22 37 29 82 34 45 10 63 62 62 41 73 27 25 
#60 22 64 29 82 14 45 60 63 62 55 28 73 13 25 
#60 22 64 25 82 34 45 61 56 30 48 41 73 13 25 
#60 8 42 25 82 37 11 61 56 62 48 41 69 27 13 
#60 20 64 52 82 34 13 60 56 62 62 13 69 6 30 
#60 8 41 24 82 34 13 37 56 62 48 13 22 6 25 
#45 8 64 52 82 34 45 60 63 30 62 30 73 27 25 
#60 20 64 29 82 14 45 61 63 62 62 30 73 13 25 
#60 20 64 29 82 34 45 60 56 62 62 30 73 27 30 
#60 8 42 52 82 37 45 60 56 62 62 10 73 15 25 
#56 22 42 52 82 34 45 60 56 62 48 10 73 6 30 
#Base: 921
#Max: 746
#809989
