#[0] 3, 3
#[1] 4, 3
#[2] 3, 4
#[3] 3, 2
#[4] 2, 3
#[5] 2, 4
#[6] 1, 3
#[7] 2, 2
#[8] 3, 1
#[9] 4, 4
#[10] 5, 3
#[11] 3, 5
#[12] 4, 2
#[13] 3, 0
#[14] 5, 4
#[15] 4, 5
#[16] 5, 2
#[17] 4, 1
#[18] 0, 3
#[19] 1, 4
#[20] 2, 1
#[21] 1, 2
#[22] 2, 5
#[23] 0, 4
#[24] 5, 1
#[25] 0, 2
#[26] 5, 5
#[27] 1, 5
#[28] 2, 0
#[29] 1, 1
#[30] 4, 0
#[31] 0, 5
#[32] 1, 0
#[33] 0, 1
#[34] 5, 0
#[35] 0, 0
#Turn 0
6 35 24 48 45 38 
1 26 40 23 4 50 
20 0 14 21 16 52 
10 54 29 7 30 5 
22 3 25 12 58 15 
8 32 19 44 33 17 
#Base: 892
#Max: 351
#393498
#Turn 1
#30 3 2 37 18 48 29 12 32 0 38 44 40 26 19 
#7 44 20 25 7 39 6 26 32 0 4 5 13 15 8 
#46 44 14 56 7 39 7 26 40 4 15 28 20 25 29 
#19 11 27 56 13 9 7 29 10 18 3 11 10 9 14 
#42 15 27 3 6 37 25 23 49 28 26 26 1 9 14 
#14 1 59 19 36 7 16 17 32 27 52 8 9 23 22 
#34 34 31 12 8 7 22 11 29 11 52 14 13 1 24 
#26 26 20 34 17 50 8 16 29 13 46 0 13 1 9 
#26 13 35 20 17 14 4 13 35 52 5 0 12 22 3 
#16 13 19 38 7 14 32 13 34 6 14 7 12 53 3 
#26 11 28 30 10 9 28 53 32 10 13 22 20 39 37 
#26 13 4 1 10 28 16 32 1 7 60 8 49 9 37 
#29 13 53 58 47 1 11 1 40 7 6 8 49 2 17 
#2 11 14 58 59 18 11 11 40 51 1 15 42 24 17 
#11 11 14 9 59 16 6 28 6 56 10 5 42 30 25 
#14 29 37 30 12 2 16 20 14 27 61 16 12 11 17 
#5 29 2 28 12 43 4 42 19 7 6 10 6 7 11 
#17 17 28 58 3 6 18 12 5 65 6 59 6 22 30 
#18 17 13 37 3 6 18 28 30 11 12 59 6 24 30 
#36 11 13 4 7 17 20 20 30 21 12 14 6 4 9 
#41 2 9 40 46 10 1 35 19 28 2 14 50 6 47 
#41 2 13 28 49 51 1 1 4 28 2 16 27 33 47 
#16 4 2 28 4 29 32 38 13 14 12 12 38 6 1 
#16 36 5 12 4 29 32 1 13 23 12 12 3 28 13 
#4 36 41 12 39 33 7 1 14 17 46 3 58 28 17 
#46 7 9 38 15 10 9 38 31 5 24 23 3 20 4 
#15 30 43 9 32 10 6 20 31 5 24 16 31 20 4 
#2 30 43 23 30 5 53 8 4 18 28 47 10 1 5 
#2 33 9 9 6 21 8 38 57 40 31 26 10 1 14 
#50 22 9 9 34 16 8 38 44 4 13 14 4 1 33 
#14 1 1 19 36 31 29 17 32 27 38 8 9 14 22 
#34 34 31 12 8 7 22 28 42 0 46 14 7 23 24 
#2 24 20 47 9 39 5 26 29 11 46 45 13 1 8 
#46 26 2 34 13 9 7 16 23 38 5 0 5 66 9 
#44 11 35 20 16 37 32 23 49 18 14 7 10 9 3 
#16 15 19 38 6 52 21 24 24 28 26 5 1 20 32 
#14 1 59 4 1 31 16 17 32 17 24 8 9 39 22 
#34 30 31 30 10 7 28 6 42 12 52 22 7 9 24 
#4 13 53 1 9 27 16 11 13 11 6 8 13 1 8 
#29 26 2 58 17 1 4 16 23 51 5 0 29 7 17 
#44 13 35 9 59 14 32 11 35 52 1 11 42 24 15 
#11 18 14 31 12 16 36 28 34 6 10 5 3 30 32 
#24 63 37 4 1 9 16 53 32 17 13 16 20 39 8 
#26 29 4 30 12 2 40 42 1 7 60 10 10 7 11 
#4 13 28 1 0 27 16 32 5 7 6 8 1 22 8 
#17 17 18 58 3 6 18 0 40 11 12 15 6 7 30 
#18 11 49 37 59 17 6 28 11 24 12 11 6 6 69 
#11 18 20 4 26 2 36 28 6 56 12 5 58 4 25 
#28 5 9 11 46 32 2 35 19 27 21 14 50 11 17 
#14 29 13 30 12 2 40 8 4 7 61 10 6 6 47 
#13 4 1 28 0 43 4 12 5 14 6 31 38 22 18 
#17 17 2 58 4 29 32 38 13 23 12 12 6 24 13 
#4 11 13 37 29 17 19 28 3 21 46 3 58 28 15 
#2 20 20 35 26 2 20 20 14 17 12 1 19 4 9 
#28 7 45 14 15 11 9 38 19 38 21 14 3 10 40 
#41 14 9 14 49 10 1 8 4 28 24 16 31 6 47 
#13 4 43 9 32 5 21 1 44 51 28 31 38 4 1 
#16 15 2 24 30 29 32 4 55 23 31 12 3 1 13 
#4 33 5 12 6 21 8 38 57 40 46 3 4 1 15 
#50 15 9 5 39 16 7 6 44 17 12 14 19 38 33 
4 36 28 49 10 55 
18 48 32 42 52 59 
15 27 24 40 2 43 
5 20 12 46 13 33 
34 58 0 17 21 11 
29 39 56 14 47 37 
#Base: 892
#Max: 400
#448430
#Turn 2
#14 1 59 3 6 31 16 23 32 17 24 26 9 9 22 
#2 33 9 4 1 21 8 17 32 40 24 8 10 39 22 
#14 29 9 9 6 21 8 38 4 40 61 26 6 1 47 
#14 29 13 30 10 2 28 8 4 7 61 22 20 6 47 
#26 11 9 14 49 9 28 53 4 28 13 16 31 6 37 
#28 5 9 11 46 6 2 28 19 27 21 59 6 24 30 
#28 5 20 47 9 32 2 26 29 27 21 45 13 1 17 
#24 63 20 4 9 9 16 53 32 17 13 45 20 39 8 
#4 63 37 4 29 9 16 53 3 21 13 3 20 39 8 
#4 11 9 5 29 16 19 6 3 21 46 3 58 28 15 
#14 29 43 23 12 5 53 20 4 18 28 47 10 11 17 
#2 30 43 23 30 5 7 1 4 17 28 3 58 28 17 
#44 36 41 12 39 14 32 1 14 17 46 11 58 24 15 
#46 13 14 9 7 14 32 26 35 52 1 28 42 24 15 
#26 44 4 56 12 39 7 42 1 4 60 28 20 7 11 
#41 1 9 19 36 7 16 17 19 28 52 14 9 23 22 
#41 2 9 40 46 1 11 1 19 28 6 14 50 6 17 
#29 11 49 58 59 17 11 28 11 24 6 11 49 6 69 
#18 11 49 37 59 18 11 28 40 24 12 11 42 24 69 
#46 26 14 34 13 18 11 16 40 38 5 0 42 24 9 
#44 11 35 12 6 37 8 38 49 40 46 3 4 1 15 
#4 33 5 37 18 21 29 12 32 40 46 44 40 1 15 
#17 3 2 58 18 6 29 12 32 65 38 59 6 26 30 
#41 17 13 58 49 6 18 12 4 28 6 16 27 22 30 
#26 13 13 28 10 28 1 1 4 7 60 8 27 9 47 
#50 26 9 9 17 16 4 16 23 51 13 14 29 1 33 
#29 26 2 58 17 1 4 16 23 51 28 31 29 4 17 
#13 11 43 9 59 16 21 1 44 51 28 5 42 4 1 
#11 11 20 9 59 16 6 28 6 56 10 5 58 4 25 
#11 18 31 4 26 2 36 28 42 12 12 22 7 4 24 
#18 15 27 37 3 6 25 23 30 28 26 26 6 9 14 
#14 1 9 11 46 31 16 17 32 17 21 8 9 11 22 
#2 24 9 47 6 39 8 26 57 40 46 45 10 1 8 
#24 63 37 30 12 2 40 53 32 7 61 10 20 39 47 
#4 11 28 37 10 9 19 28 3 21 46 3 58 28 37 
#41 14 9 14 39 16 1 8 4 17 24 14 19 6 47 
#14 29 37 30 12 2 18 28 30 27 61 59 12 11 30 
#28 5 9 23 46 5 53 8 4 18 21 47 50 11 5 
#4 24 20 12 9 39 5 26 29 17 46 3 13 1 8 
#44 63 37 9 1 9 32 11 35 52 13 11 42 39 8 
#46 11 13 37 7 39 19 26 40 4 46 3 20 25 15 
#26 29 9 30 39 16 40 42 44 17 12 10 10 7 33 
#14 29 59 19 36 2 16 20 32 27 61 16 9 11 17 
#2 2 9 23 30 5 1 35 19 18 28 14 50 6 5 
#4 13 41 12 47 33 7 1 40 17 46 8 49 28 17 
#44 11 49 9 59 14 32 11 35 52 12 11 6 24 69 
#46 44 14 58 7 18 11 11 40 51 1 15 42 25 17 
#46 29 4 34 13 9 40 16 23 38 5 0 5 66 9 
#44 1 59 19 36 37 32 17 32 18 14 8 10 9 3 
#4 33 9 12 6 10 1 35 19 40 2 3 50 6 15 
#29 13 53 58 18 48 29 12 40 7 6 44 49 2 17 
#18 17 49 37 3 17 6 28 11 24 12 59 6 22 69 
#2 2 13 28 59 18 11 11 4 28 1 15 27 24 17 
#26 13 2 1 10 9 16 32 1 7 5 8 5 9 37 
#50 11 9 9 34 16 32 38 49 4 13 7 4 1 3 
#4 33 5 58 6 21 4 38 57 40 5 0 29 7 17 
#13 4 2 37 18 5 21 12 44 0 38 31 38 26 19 
#11 11 28 9 59 6 6 12 5 65 6 59 42 22 30 
#41 2 20 28 49 51 36 1 6 56 2 16 27 4 25 
#34 13 31 30 10 28 28 32 1 7 52 8 7 9 24 
5 41 21 42 8 13 
40 48 44 57 47 34 
23 55 39 22 50 20 
12 51 18 33 45 36 
26 28 32 17 46 7 
4 37 27 14 58 2 
#Base: 892
#Max: 477
#534753
#Turn 3
#28 29 9 11 39 16 40 28 44 17 12 59 10 24 30 
#26 29 5 37 18 16 29 42 32 17 12 10 40 7 33 
#4 33 59 19 36 21 29 20 32 40 61 16 40 1 17 
#4 63 59 4 29 2 16 53 3 21 61 3 9 39 17 
#4 63 14 4 7 14 32 26 35 21 1 28 20 24 8 
#44 1 13 37 7 39 32 17 32 18 46 8 10 9 15 
#4 1 59 12 36 37 7 17 32 18 46 8 49 9 17 
#4 13 41 9 59 6 6 12 5 65 6 59 49 22 17 
#11 11 4 9 59 6 6 16 5 65 5 59 5 66 30 
#4 29 28 34 13 9 40 16 23 38 5 3 5 28 9 
#4 33 13 58 49 6 4 38 57 28 6 16 27 22 17 
#4 63 5 9 1 9 32 11 35 40 5 11 29 39 8 
#17 63 37 9 18 6 29 12 32 52 38 59 42 26 30 
#29 3 2 58 18 6 29 12 32 7 38 59 6 2 30 
#44 11 53 12 6 48 8 38 40 40 6 3 4 1 17 
#44 36 49 12 3 17 32 28 11 24 46 59 6 24 69 
#18 17 49 37 3 18 11 28 11 24 12 11 42 24 69 
#24 11 37 30 12 2 11 28 32 7 12 10 42 39 47 
#44 63 49 9 12 14 40 53 35 7 12 10 20 39 47 
#14 11 49 30 59 2 18 11 30 52 12 59 6 11 69 
#11 26 2 58 17 1 4 28 23 51 28 5 29 4 17 
#2 11 20 47 6 16 6 26 57 56 46 45 10 4 25 
#29 24 9 58 6 39 8 28 57 24 46 11 10 1 8 
#46 44 14 58 7 17 11 11 11 51 6 15 49 6 17 
#46 44 14 4 7 9 16 11 40 51 1 45 20 39 8 
#28 11 9 14 46 9 28 8 4 18 21 16 50 6 5 
#13 5 43 23 46 5 21 1 4 18 28 5 42 4 1 
#26 44 43 56 59 39 7 1 1 4 28 5 20 7 11 
#26 44 4 56 12 39 7 42 1 4 60 16 27 4 25 
#41 29 9 28 49 51 36 1 6 40 61 26 27 4 47 
#46 5 9 11 7 39 19 28 40 27 46 3 6 24 30 
#44 29 59 19 39 16 40 42 32 18 14 8 10 9 3 
#4 33 5 12 18 33 7 12 32 40 46 8 49 28 15 
#14 11 28 9 59 2 16 12 32 65 61 59 42 11 30 
#46 29 37 4 13 9 16 53 3 38 13 3 20 39 9 
#4 13 28 9 10 9 32 28 3 21 1 28 58 24 37 
#46 11 13 37 7 6 18 12 4 4 6 3 20 22 30 
#4 1 5 19 6 21 32 17 32 40 5 0 29 9 3 
#4 13 41 9 1 33 32 1 35 17 13 11 42 28 8 
#17 3 28 58 18 6 6 12 32 65 6 59 6 26 30 
#46 29 53 34 13 9 40 16 23 38 5 0 5 66 9 
#44 11 28 37 6 9 8 28 49 40 46 3 58 1 37 
#44 17 13 58 49 14 32 1 4 17 6 11 58 24 15 
#4 33 49 58 3 17 4 28 11 24 12 0 29 7 69 
#18 11 37 37 59 18 11 11 35 24 13 11 42 24 69 
#24 3 2 30 18 6 40 53 32 65 61 59 20 39 30 
#29 13 53 58 18 14 29 11 40 52 12 44 6 2 69 
#14 11 37 30 6 2 8 28 30 40 61 59 12 11 15 
#29 36 2 58 39 14 4 16 23 17 46 11 29 4 15 
#11 17 20 37 59 16 6 28 6 56 10 59 6 4 69 
#2 24 9 37 59 39 8 28 40 40 46 11 42 24 8 
#29 63 49 58 12 2 40 28 11 7 61 11 20 39 69 
#44 44 49 9 7 14 11 11 35 51 1 11 42 25 69 
#14 29 37 30 12 2 18 28 30 17 13 59 20 39 30 
#29 11 9 58 17 9 4 53 23 28 28 31 31 6 37 
#11 11 9 23 59 16 6 28 6 56 21 5 50 11 5 
#2 11 9 47 59 16 8 1 57 40 46 45 42 1 8 
#26 44 4 58 12 17 11 42 1 4 6 11 49 6 11 
#41 44 20 28 7 51 36 11 6 56 1 16 42 25 17 
#14 29 9 9 6 9 16 53 32 17 13 26 6 39 8 
24 0 10 39 58 22 
31 47 21 49 40 42 
23 50 12 46 15 43 
56 18 19 51 33 52 
16 41 3 45 29 44 
6 28 2 8 7 27 
#Base: 892
#Max: 499
#559417
#Turn 4
#46 29 14 11 39 16 16 11 44 51 12 45 20 24 8 
#4 29 9 58 39 16 4 28 57 17 6 16 27 24 30 
#17 3 13 58 49 6 4 38 57 28 6 59 27 26 17 
#41 44 20 58 7 51 36 12 32 65 1 59 42 26 17 
#29 44 20 28 7 39 8 11 57 56 46 16 10 1 17 
#44 29 37 30 39 2 8 42 30 40 14 8 12 11 3 
#14 11 37 30 6 16 6 28 30 56 46 45 10 4 15 
#2 17 20 37 59 16 6 28 57 56 10 45 10 4 25 
#11 29 20 34 13 16 6 16 6 38 5 0 5 4 69 
#44 29 53 58 13 14 32 16 4 17 5 11 58 66 9 
#2 24 9 37 7 17 8 28 40 51 6 11 49 6 17 
#2 63 37 37 18 39 8 12 40 40 46 11 42 24 30 
#29 63 53 58 18 14 29 12 40 52 38 59 6 26 30 
#44 13 49 12 18 14 29 28 11 52 12 44 6 24 69 
#4 36 49 58 3 17 4 28 11 24 12 0 6 24 69 
#44 11 9 47 59 14 40 1 35 40 12 10 20 39 47 
#44 11 49 9 59 14 18 11 30 7 12 59 6 11 69 
#29 63 49 30 59 2 40 28 11 52 61 11 6 11 69 
#14 63 28 58 59 2 40 12 32 7 61 59 42 11 30 
#14 11 28 9 59 14 16 11 32 65 61 11 42 11 69 
#44 17 28 37 3 18 8 28 11 40 12 3 42 1 37 
#4 11 59 37 6 9 8 53 3 21 61 3 9 39 17 
#4 3 2 30 18 6 40 53 32 65 61 3 20 39 17 
#24 3 9 30 49 51 40 1 6 40 61 59 20 39 30 
#18 11 37 37 49 51 11 1 35 40 13 26 27 4 47 
#4 1 4 56 36 37 7 42 1 18 60 8 27 9 17 
#26 33 4 19 12 21 29 20 1 4 60 16 27 4 17 
#4 11 4 9 36 21 6 16 32 65 5 59 5 1 30 
#4 11 41 9 59 6 6 12 5 65 5 59 49 22 17 
#26 44 41 56 59 39 6 12 1 65 6 5 20 7 11 
#44 29 59 19 7 16 16 42 32 18 1 45 20 39 3 
#28 29 9 30 39 2 40 28 44 17 61 59 10 24 30 
#2 33 13 58 49 16 6 26 57 28 6 45 27 22 25 
#17 3 28 37 18 16 6 12 32 56 10 59 6 26 69 
#41 29 20 34 7 9 40 16 23 56 5 16 42 66 9 
#44 24 13 58 6 14 8 28 57 24 6 11 58 24 15 
#44 44 14 58 7 16 11 11 11 18 6 15 49 9 17 
#14 24 37 37 6 39 8 28 30 40 46 59 42 24 15 
#17 11 37 47 18 6 29 26 57 52 46 45 42 26 25 
#11 13 20 37 59 16 29 11 6 52 10 59 6 4 69 
#44 36 53 34 3 17 32 28 11 38 46 0 5 24 9 
#4 33 49 58 3 17 4 28 4 17 6 11 29 24 15 
#2 44 9 58 59 17 11 1 11 40 6 45 42 1 8 
#2 24 9 37 12 14 8 28 40 7 12 11 42 39 47 
#17 63 49 9 59 6 18 11 30 52 12 59 6 11 30 
#29 13 49 58 18 2 29 11 11 7 61 11 20 2 69 
#14 36 49 9 3 2 16 12 32 65 61 59 6 11 69 
#44 44 49 9 7 17 4 28 11 24 1 0 42 7 69 
#18 11 49 47 3 18 11 1 11 24 46 11 42 1 8 
#44 11 49 9 6 14 40 53 49 7 46 10 58 1 47 
#14 63 59 4 59 2 16 11 30 52 61 3 9 11 69 
#24 63 2 58 12 2 40 53 11 7 61 59 20 39 69 
#14 11 9 28 59 51 16 1 32 40 61 26 42 4 30 
#18 44 37 9 7 14 11 11 35 51 13 11 42 25 69 
#4 17 49 37 36 37 7 28 32 18 12 11 49 9 69 
#26 44 4 56 6 39 8 42 49 40 60 16 58 4 25 
#4 63 59 19 29 21 16 20 3 40 61 3 40 39 17 
#24 3 2 9 18 6 6 53 5 65 61 59 5 66 30 
#41 13 41 28 49 51 6 1 6 40 6 26 27 22 47 
#26 44 37 37 59 18 7 1 35 24 13 11 42 7 11 
35 7 22 31 13 34 
32 54 45 46 29 37 
28 11 55 12 3 52 
44 19 50 51 18 49 
33 39 38 17 57 56 
53 2 16 23 9 15 
#Base: 892
#Max: 527
#590807
#Turn 5
#44 17 20 37 59 14 6 28 57 24 10 45 58 24 15 
#4 3 2 37 18 6 40 53 57 65 10 3 20 39 25 
#28 29 9 30 39 6 40 28 32 65 61 3 20 24 17 
#28 13 9 30 39 14 29 28 44 52 61 44 10 24 30 
#41 29 49 34 7 14 40 16 23 52 5 44 6 24 69 
#2 33 13 58 36 37 7 26 57 18 12 45 49 22 25 
#29 17 49 37 36 2 7 11 32 18 61 11 20 2 69 
#29 36 49 58 18 2 29 12 11 7 61 11 20 2 69 
#14 44 41 9 3 2 16 12 1 65 61 59 20 11 69 
#14 44 37 56 59 39 8 28 30 40 6 59 20 24 11 
#4 63 37 9 59 6 6 12 40 40 5 59 49 22 30 
#2 63 4 56 6 39 8 42 40 40 60 16 58 4 30 
#29 44 4 56 6 14 29 42 49 52 38 16 58 4 30 
#29 63 53 58 18 14 36 12 32 65 38 59 42 26 17 
#14 11 20 28 7 51 36 12 32 65 1 26 42 26 17 
#14 11 28 9 59 6 18 11 30 65 61 59 42 11 69 
#14 63 28 4 59 2 16 11 30 65 61 11 42 11 69 
#14 63 59 4 12 2 16 11 11 52 61 59 20 11 69 
#24 63 2 58 59 2 40 12 11 7 61 59 42 11 30 
#14 63 49 58 59 2 40 12 32 7 61 59 58 11 30 
#11 13 20 37 18 16 29 11 6 52 10 59 6 4 69 
#17 11 37 37 59 16 29 11 57 52 10 59 42 26 69 
#29 11 37 30 59 6 40 28 57 52 61 11 6 26 25 
#24 3 49 30 18 6 6 28 11 65 61 11 6 66 30 
#24 3 2 9 18 6 6 53 3 65 61 59 40 66 17 
#17 3 37 58 49 14 11 11 35 51 13 11 27 25 17 
#17 11 49 9 59 6 4 11 30 7 12 59 27 11 69 
#44 11 49 30 59 51 40 11 6 40 12 59 6 11 69 
#24 3 9 58 13 14 32 16 4 17 61 11 58 39 30 
#44 29 9 58 13 14 40 1 4 40 12 10 58 39 47 
#2 24 13 58 6 14 6 28 57 28 6 45 27 24 15 
#4 17 49 37 36 37 6 28 32 56 12 45 49 9 69 
#4 3 2 58 18 2 40 53 11 65 61 3 20 2 17 
#14 36 9 30 3 2 40 12 44 17 61 59 6 11 69 
#44 13 49 12 59 39 6 28 11 52 12 5 6 24 11 
#41 24 20 34 7 9 8 28 30 56 5 59 42 24 15 
#2 11 13 9 59 16 6 26 5 65 6 59 27 22 17 
#2 17 49 37 18 37 7 12 40 18 46 11 42 9 69 
#29 13 49 58 6 2 8 11 11 7 61 11 20 2 25 
#29 63 53 58 3 2 29 12 40 65 38 59 6 26 30 
#41 44 41 56 59 39 6 12 32 65 6 59 42 26 17 
#14 11 37 37 6 51 8 28 32 40 46 26 42 24 30 
#17 63 41 9 59 6 6 11 30 65 5 59 49 11 17 
#2 11 37 9 59 14 8 12 32 40 46 11 42 11 69 
#26 63 4 56 59 2 16 42 30 52 61 16 9 4 25 
#24 63 2 58 12 2 29 53 11 52 38 59 20 26 69 
#41 63 20 58 7 2 40 12 32 7 1 59 42 11 17 
#44 11 9 9 59 14 40 1 32 7 61 10 42 4 47 
#17 63 28 37 18 16 18 12 32 56 10 59 6 26 69 
#14 13 20 9 59 16 16 11 6 65 61 59 6 4 69 
#14 63 59 4 59 2 29 26 30 52 46 45 42 11 69 
#24 63 2 30 59 2 40 53 11 7 61 59 20 39 69 
#24 3 28 9 18 2 40 53 32 7 61 59 42 11 30 
#4 11 59 9 6 21 40 53 49 7 61 3 58 39 47 
#18 3 37 9 7 14 6 11 32 51 13 11 6 25 69 
#11 3 20 37 59 16 4 11 57 28 10 59 27 26 69 
#44 11 49 47 18 6 18 26 30 7 12 59 42 26 25 
#24 63 49 30 59 51 40 28 6 52 61 59 6 39 69 
#44 3 53 58 13 14 6 53 4 17 5 59 5 66 30 
#44 63 9 19 29 14 40 1 3 40 12 3 40 39 47 
3 7 58 24 8 33 
23 4 22 45 42 10 
55 48 21 13 40 49 
17 39 50 57 51 27 
0 31 18 19 16 53 
46 12 44 15 11 9 
#Base: 892
#Max: 636
#713004
#Turn 6
#29 13 49 58 39 14 29 28 44 52 61 44 20 24 30 
#29 36 53 58 13 14 6 12 4 17 61 59 20 66 30 
#24 3 2 58 18 6 6 53 3 17 5 59 5 66 30 
#24 44 2 9 18 6 16 53 3 65 61 59 20 66 69 
#14 44 9 9 3 2 40 12 44 17 61 59 6 11 69 
#41 3 49 30 18 14 40 16 11 52 5 11 6 66 69 
#41 29 49 30 7 6 40 28 57 52 5 44 6 24 25 
#29 11 2 58 59 2 29 53 11 52 61 11 20 26 69 
#17 63 41 58 59 6 29 53 30 52 5 59 49 11 17 
#17 63 37 9 59 6 6 11 40 65 5 59 49 11 17 
#11 3 28 37 59 16 18 12 57 56 10 59 6 26 69 
#17 63 37 37 18 16 29 11 57 52 10 59 42 26 69 
#17 63 53 58 18 16 29 11 57 52 10 59 42 26 17 
#29 44 41 56 18 14 36 12 32 65 6 59 42 26 17 
#14 44 41 56 59 39 6 11 32 65 61 59 6 4 17 
#14 63 59 4 12 2 29 12 11 65 38 59 20 26 69 
#29 63 53 58 3 2 29 26 40 65 38 59 42 11 30 
#24 63 59 30 59 2 29 26 6 52 46 45 6 39 69 
#24 63 49 30 59 2 40 28 11 7 61 59 6 39 69 
#44 11 49 30 59 51 40 11 11 7 12 59 6 11 69 
#4 17 49 37 36 37 6 28 32 24 12 45 49 24 69 
#4 17 49 37 59 37 6 12 32 56 12 45 49 9 30 
#24 63 49 58 59 2 40 12 11 7 61 59 58 11 30 
#14 63 28 4 59 2 16 11 32 7 61 59 42 11 69 
#14 11 28 9 59 21 16 11 49 7 61 11 42 11 69 
#29 44 20 58 6 2 40 42 49 52 1 16 42 11 17 
#26 63 4 56 59 2 29 42 49 52 61 16 9 4 30 
#26 63 4 9 59 6 18 11 30 52 61 16 9 4 25 
#2 11 4 9 59 6 18 11 30 40 60 59 58 11 69 
#2 63 37 56 6 39 8 28 30 40 60 16 20 4 11 
#24 13 9 30 18 14 29 28 44 65 61 11 10 24 30 
#41 36 49 34 18 2 29 16 23 52 5 11 20 24 69 
#29 3 53 58 59 14 40 53 57 52 61 59 6 26 30 
#24 3 2 9 12 6 6 53 11 65 38 59 40 66 69 
#14 63 41 9 3 2 16 12 1 65 61 59 20 11 69 
#14 63 9 9 59 2 40 12 40 17 5 59 6 11 69 
#24 3 20 37 59 6 4 28 11 28 10 59 27 26 30 
#17 63 28 37 7 14 18 16 23 56 10 59 6 26 69 
#29 11 37 30 59 16 29 28 57 52 10 59 42 26 69 
#29 63 2 58 18 2 36 12 11 52 38 59 42 26 69 
#41 44 41 56 59 6 6 12 32 65 5 59 49 26 17 
#4 13 37 9 59 16 16 12 40 40 61 59 49 22 30 
#11 3 20 37 12 2 16 11 57 28 61 59 20 26 69 
#17 63 28 58 3 16 18 12 40 65 38 59 6 26 69 
#14 11 59 37 59 2 29 26 30 52 46 45 42 11 69 
#29 63 49 58 18 51 40 28 6 52 61 59 42 39 69 
#24 44 2 56 59 39 40 12 32 65 61 59 20 26 69 
#14 13 49 30 59 51 16 11 6 40 61 59 6 11 69 
#14 17 59 4 12 2 6 11 57 24 10 59 58 24 15 
#4 63 49 58 3 37 29 12 32 56 12 59 6 9 30 
#24 63 59 4 59 2 29 12 30 52 46 45 42 11 69 
#14 63 49 58 59 51 40 28 6 7 61 59 58 11 69 
#24 63 28 4 59 2 40 53 11 65 61 59 42 39 69 
#44 11 59 9 6 21 40 11 6 40 61 3 58 11 47 
#41 63 20 37 59 14 40 12 57 24 1 59 58 24 17 
#4 44 49 56 6 37 6 42 32 52 38 45 49 9 30 
#24 63 2 56 59 2 40 42 11 7 61 16 9 11 25 
#14 11 28 9 59 2 18 11 30 65 61 59 58 11 69 
#14 63 4 4 6 39 16 11 30 65 61 16 42 11 69 
#14 44 37 9 59 21 40 53 30 7 6 3 20 39 47 
28 34 47 57 0 1 
19 55 40 18 14 23 
33 12 22 32 17 26 
11 50 46 45 52 38 
13 54 3 51 8 43 
10 7 39 16 44 15 
#Base: 892
#Max: 664
#744395
#Turn 7
#2 11 4 9 3 2 18 12 1 65 60 59 58 11 69 
#14 13 41 30 59 51 16 12 6 40 61 59 20 11 69 
#14 11 28 9 59 2 16 11 30 40 61 59 6 11 69 
#14 11 28 9 59 14 18 11 44 52 61 59 20 24 30 
#29 13 49 58 39 14 29 12 44 17 61 59 20 66 30 
#4 11 49 30 6 51 6 42 32 7 12 59 6 9 69 
#4 44 41 56 59 37 6 42 32 52 38 59 49 26 17 
#24 63 49 56 59 6 40 28 32 65 5 59 49 26 17 
#14 44 49 56 59 2 6 11 11 65 61 59 6 4 17 
#14 44 41 4 59 2 16 11 32 7 61 59 6 11 17 
#24 63 2 58 12 6 29 11 57 65 38 59 40 66 69 
#24 63 49 58 18 16 40 11 11 52 10 59 42 26 30 
#29 3 49 58 59 14 40 12 57 7 61 59 6 26 30 
#24 63 59 30 59 14 29 53 6 52 46 45 6 26 30 
#24 63 59 30 59 2 29 42 49 52 46 45 6 4 30 
#24 63 59 4 18 16 29 12 57 52 46 45 42 26 69 
#24 63 2 4 59 2 40 12 30 65 46 45 42 11 69 
#24 44 49 56 59 51 40 28 6 52 61 59 20 26 69 
#29 63 49 58 18 51 40 28 6 65 61 59 42 39 69 
#29 63 37 30 59 16 29 53 57 65 61 59 42 39 69 
#29 63 41 37 18 14 40 12 57 65 6 59 42 24 17 
#41 63 2 9 59 6 40 12 57 24 61 59 20 66 17 
#14 44 49 9 59 51 16 53 3 7 61 59 20 66 69 
#14 63 49 58 59 51 40 28 6 7 61 59 58 11 69 
#17 63 41 58 59 16 29 12 40 65 5 59 6 26 69 
#29 11 2 58 59 16 18 53 57 52 61 59 20 26 69 
#29 11 2 58 18 2 36 12 11 52 61 11 20 26 69 
#29 63 53 58 3 2 36 12 11 65 38 59 42 26 30 
#29 63 53 37 3 2 29 26 30 52 46 45 42 11 30 
#14 63 59 4 59 2 29 12 30 52 38 45 42 26 69 
#2 11 4 9 59 51 40 11 11 7 12 59 58 11 69 
#4 44 49 9 3 2 16 12 32 65 61 45 49 11 30 
#14 44 49 56 59 6 16 11 6 65 61 59 49 26 17 
#14 11 28 9 59 2 40 28 30 65 61 59 58 11 69 
#14 13 41 56 59 14 29 11 44 65 61 44 6 24 17 
#29 63 53 4 13 2 16 12 32 7 61 59 42 66 69 
#44 3 49 9 59 6 6 53 11 65 12 59 6 66 69 
#4 63 49 58 6 16 6 42 57 52 38 59 49 26 30 
#24 63 49 56 59 6 6 12 32 7 61 59 58 26 17 
#29 3 53 30 59 14 40 28 57 52 61 59 6 26 69 
#24 63 59 56 59 39 29 11 32 65 61 59 6 39 69 
#14 63 4 4 59 2 16 42 49 52 61 59 42 11 30 
#17 3 37 37 12 6 6 53 11 65 38 59 40 26 69 
#24 63 53 4 18 16 29 11 30 52 10 45 42 11 69 
#24 44 2 58 59 39 40 12 32 7 61 59 58 11 69 
#29 63 49 58 18 51 40 28 57 52 61 59 42 26 69 
#24 63 59 30 59 2 29 53 11 65 46 59 42 39 69 
#29 11 37 30 59 16 29 42 49 52 61 59 9 4 30 
#29 63 37 56 18 14 29 11 32 52 10 59 42 26 69 
#41 63 20 4 59 2 29 12 57 52 1 59 42 24 69 
#24 44 2 9 59 39 40 12 32 65 61 59 20 26 69 
#14 63 49 58 18 51 40 28 6 52 61 59 42 39 69 
#24 63 28 4 59 2 40 53 30 52 5 59 42 11 69 
#17 63 37 58 3 16 18 28 40 52 38 59 6 26 69 
#29 3 28 56 18 14 36 12 57 65 6 59 42 26 69 
#29 63 20 58 59 2 29 12 57 52 1 11 58 24 69 
#29 63 2 58 18 6 36 12 11 52 61 59 20 26 69 
#29 63 53 58 59 2 40 26 6 7 38 59 42 11 30 
#17 63 41 37 59 6 29 26 30 52 46 45 42 11 69 
#14 63 28 4 3 2 18 12 40 65 38 59 20 26 69 
27 36 21 6 29 13 
4 38 33 17 37 32 
14 55 23 46 51 52 
7 10 40 19 18 39 
35 15 44 45 25 58 
53 49 50 22 24 48 
#Base: 892
#Max: 708
#793722
#Turn 8
#29 63 53 9 3 6 6 12 11 65 38 59 6 26 30 
#44 63 49 9 59 6 40 53 11 65 12 59 6 66 69 
#41 44 41 56 59 37 6 12 32 52 38 59 20 66 17 
#14 44 59 4 59 2 29 12 30 52 38 45 49 26 17 
#24 63 59 4 59 2 29 12 30 52 46 45 6 26 30 
#24 63 49 56 39 14 6 12 44 17 61 59 20 66 17 
#24 11 28 9 59 6 6 12 30 65 61 59 58 11 17 
#14 11 49 56 59 51 40 28 30 65 61 59 20 26 69 
#24 44 49 56 59 16 40 42 57 52 38 59 49 26 30 
#14 63 49 56 6 6 6 42 57 65 38 59 49 26 30 
#24 63 59 30 59 2 29 12 49 52 46 11 58 4 30 
#29 63 20 58 59 51 29 12 57 52 61 59 58 11 69 
#14 63 49 58 59 2 40 53 6 65 46 59 58 39 69 
#14 63 59 58 18 2 40 53 6 65 61 59 42 39 69 
#14 63 49 58 18 2 40 53 6 52 5 59 42 39 69 
#24 63 2 56 59 6 40 11 32 65 38 59 49 26 69 
#24 63 2 56 59 6 29 11 32 65 61 59 6 39 69 
#29 63 59 30 59 39 29 53 57 65 61 59 6 39 69 
#29 63 37 58 59 51 29 28 57 65 61 59 42 39 69 
#29 3 49 30 18 51 40 28 57 65 61 59 6 26 69 
#29 63 59 4 13 2 29 12 57 52 61 59 42 66 69 
#24 63 2 4 18 16 40 12 57 52 46 45 58 26 69 
#24 63 49 58 59 39 40 28 57 52 61 59 42 26 69 
#29 11 49 58 18 51 18 53 57 52 61 59 20 26 69 
#17 63 2 37 59 16 29 26 30 52 46 45 42 26 69 
#41 63 20 58 3 16 29 28 57 52 1 59 6 24 69 
#41 63 2 4 59 2 29 12 32 52 61 59 42 24 69 
#14 44 2 9 59 51 40 12 32 65 61 59 20 66 69 
#14 63 41 9 59 16 16 12 40 65 61 59 6 66 69 
#17 63 41 58 18 14 29 12 32 52 5 59 6 26 69 
#29 63 49 58 39 2 36 12 44 65 38 59 20 26 30 
#24 3 49 9 59 6 6 12 32 7 12 59 6 66 69 
#41 63 2 9 59 2 40 28 57 24 61 59 20 66 17 
#4 44 41 56 59 37 40 42 6 52 38 59 49 26 17 
#14 63 59 58 6 16 29 12 57 52 38 59 42 26 69 
#24 44 59 30 59 6 29 53 6 52 46 59 49 26 30 
#24 63 59 30 59 14 29 12 44 17 46 45 6 66 30 
#29 63 49 58 59 2 6 12 57 52 1 11 58 26 17 
#14 11 28 9 59 2 40 28 6 7 61 59 58 11 69 
#24 44 59 30 59 2 40 53 11 65 46 59 42 26 69 
#4 63 49 58 18 16 40 28 57 52 38 59 49 26 69 
#14 63 28 56 59 2 40 53 6 52 5 59 42 11 17 
#24 63 59 30 59 6 40 28 49 65 46 59 49 26 30 
#29 63 2 58 59 2 29 11 57 65 38 11 58 66 69 
#24 63 59 58 59 51 40 11 6 7 61 59 58 11 69 
#29 63 59 30 59 16 29 53 57 65 46 59 42 39 69 
#14 63 49 58 18 51 40 28 6 65 61 59 42 39 69 
#24 3 53 4 59 2 40 28 30 52 61 59 42 11 69 
#29 63 49 4 13 6 40 28 32 65 5 59 42 66 69 
#24 63 59 58 18 6 29 12 57 52 38 59 42 26 69 
#24 44 2 56 59 39 29 12 32 65 61 59 58 39 69 
#29 63 37 30 18 16 29 53 57 65 61 59 42 26 69 
#29 63 2 58 18 16 18 53 6 52 61 59 20 39 69 
#17 3 53 37 59 14 29 26 57 52 61 45 42 11 69 
#17 63 37 58 13 2 16 12 40 52 38 59 6 66 69 
#24 63 59 4 59 16 29 12 57 52 46 45 42 26 69 
#24 44 2 9 59 39 40 12 32 7 61 59 20 11 69 
#14 44 49 58 18 51 16 28 57 52 61 59 42 26 69 
#17 63 41 58 59 16 18 12 40 65 5 59 20 26 69 
#17 63 41 37 59 14 29 11 32 52 46 45 42 11 69 
14 30 15 43 27 35 
33 2 1 46 20 19 
16 49 51 11 12 55 
44 50 45 18 17 8 
53 40 7 22 13 23 
48 34 39 57 42 28 
#Base: 892
#Max: 746
#836323
#Turn 9
#14 63 49 58 39 2 36 53 6 52 38 59 42 39 30 
#24 63 49 58 59 6 40 11 44 65 38 59 49 26 69 
#29 63 2 58 59 6 29 11 32 65 38 59 58 66 69 
#29 63 2 9 59 51 40 11 32 65 61 59 58 66 69 
#24 44 59 9 59 6 40 53 6 65 46 59 20 26 30 
#41 44 41 56 59 37 6 42 6 52 38 59 20 66 17 
#41 44 49 9 59 6 40 12 11 65 38 59 6 66 17 
#44 63 49 9 18 6 40 28 11 65 12 59 42 66 69 
#29 63 49 4 13 51 40 28 57 65 61 59 42 39 69 
#29 63 49 4 13 2 29 12 57 65 61 59 42 66 69 
#24 63 59 58 59 6 29 12 32 65 38 59 6 39 69 
#29 63 37 58 18 16 29 53 57 65 38 59 42 26 69 
#29 63 37 30 18 51 29 12 57 65 61 59 58 11 69 
#29 63 49 58 59 2 40 53 57 65 46 59 58 11 69 
#14 63 59 4 59 16 29 12 6 65 46 45 58 39 69 
#24 63 59 58 59 39 29 12 32 7 61 59 58 39 69 
#29 63 59 30 59 16 29 12 57 65 46 59 58 39 69 
#29 63 59 30 59 51 29 28 57 65 61 59 42 39 69 
#29 63 37 58 59 51 29 53 57 65 61 59 6 39 69 
#29 44 59 56 59 16 40 53 57 52 61 59 49 26 30 
#4 3 49 37 59 14 40 28 57 52 61 59 49 26 69 
#14 11 49 58 59 16 40 28 57 65 38 59 20 26 69 
#24 11 49 58 59 39 40 28 57 65 61 59 42 26 69 
#14 63 59 58 59 39 40 28 6 65 61 59 42 26 69 
#29 11 49 58 18 2 18 53 6 52 61 59 20 39 69 
#14 63 59 58 13 6 40 12 57 52 5 59 42 66 69 
#24 63 59 30 59 2 29 53 11 65 46 59 42 26 69 
#24 44 49 58 18 51 40 28 57 65 46 59 42 26 69 
#14 44 49 30 59 6 40 28 57 52 61 59 42 26 69 
#24 63 41 30 59 6 16 12 49 65 61 59 6 66 30 
#14 63 49 58 59 37 40 53 6 52 5 59 42 26 69 
#41 44 41 58 59 2 6 12 44 52 38 59 20 66 17 
#44 63 2 56 59 6 40 11 11 65 38 59 6 66 69 
#14 63 49 58 18 2 29 28 57 65 38 59 42 66 69 
#29 63 59 4 13 51 29 12 57 52 61 59 42 66 69 
#29 3 49 30 18 6 29 28 6 65 46 59 6 26 69 
#4 63 2 56 59 6 40 42 32 65 61 59 6 39 17 
#24 63 41 58 59 37 6 12 32 52 38 59 20 66 17 
#29 63 49 30 18 6 40 53 11 65 12 59 42 26 69 
#29 63 20 58 18 51 40 12 57 52 61 59 58 39 69 
#14 63 59 4 13 2 29 53 57 52 61 59 58 39 69 
#24 63 59 4 18 51 40 12 57 52 46 59 6 26 69 
#24 63 2 56 59 51 40 11 32 7 61 59 58 39 69 
#24 44 2 58 18 6 29 12 57 65 38 59 58 26 69 
#29 63 59 30 59 16 29 53 57 65 46 59 42 26 69 
#29 63 37 58 59 51 29 28 57 52 61 59 58 11 69 
#29 63 59 58 59 39 29 53 6 65 46 59 6 39 69 
#24 44 59 4 59 16 29 12 57 52 46 45 49 26 30 
#17 3 59 58 59 51 29 26 57 7 61 59 42 11 69 
#24 44 49 58 59 16 40 28 57 65 38 59 49 26 69 
#29 63 49 30 59 16 40 53 30 65 46 59 42 39 69 
#29 63 37 58 59 39 29 28 57 52 61 59 42 26 69 
#14 63 59 58 18 2 40 53 57 65 61 59 42 39 69 
#24 44 49 56 18 16 18 42 57 52 38 59 20 26 30 
#17 63 49 37 13 14 29 26 32 65 61 59 42 11 69 
#14 63 49 58 18 16 29 12 57 52 38 59 42 26 69 
#14 11 59 30 59 51 40 28 30 65 61 59 20 26 69 
#14 63 49 58 59 39 40 28 57 52 61 59 42 26 69 
#14 63 59 58 18 2 40 53 49 65 46 59 42 39 69 
#29 11 41 9 18 16 16 12 57 52 61 59 20 66 69 
9 10 12 8 1 42 
40 30 3 44 15 2 
26 11 19 51 13 34 
49 50 57 17 45 22 
56 58 39 18 52 27 
21 33 46 16 23 28 
#Base: 892
#Max: 740
#829596
#24 63 59 4 59 6 29 12 32 65 61 59 42 39 69 
#24 63 37 30 59 6 29 12 32 65 61 59 58 39 69 
#29 63 49 4 18 51 29 28 57 65 61 59 42 39 69 
#24 63 49 58 13 6 40 28 44 65 38 59 42 26 69 
#24 63 2 56 59 6 40 11 32 7 61 59 49 39 69 
#14 63 59 58 59 2 29 53 6 52 61 59 58 26 69 
#29 63 2 58 59 37 40 53 32 52 5 59 42 66 69 
#29 63 2 30 59 16 40 11 57 65 61 59 42 66 69 
#29 63 59 58 59 16 29 12 32 7 61 59 58 26 69 
#24 63 59 58 59 6 29 12 32 65 38 59 58 66 69 
#24 63 37 58 18 2 29 53 57 65 38 59 42 26 69 
#29 63 37 58 18 16 40 53 57 52 38 59 49 26 30 
#29 63 37 58 59 39 29 53 57 52 61 59 42 26 69 
#29 63 49 58 59 39 29 28 57 52 61 59 42 26 69 
#29 63 49 4 59 51 40 53 57 52 46 59 58 66 69 
#24 63 49 30 59 16 40 53 30 65 46 59 49 39 69 
#14 63 49 30 59 16 40 28 57 52 61 59 42 39 69 
#29 63 59 58 59 39 29 28 57 65 61 59 42 39 69 
#29 63 37 58 59 51 29 28 57 52 61 59 58 11 69 
#24 11 37 58 59 51 40 28 57 52 61 59 58 11 69 
#14 11 59 30 18 51 40 28 49 65 61 59 20 39 69 
#29 63 20 58 18 2 40 53 57 65 46 59 58 39 69 
#29 63 37 58 18 51 40 53 57 65 61 59 58 39 69 
#14 63 59 58 59 2 40 53 57 65 61 59 42 39 69 
#24 44 49 58 18 2 40 28 57 65 61 59 42 39 69 
#14 63 49 58 59 16 29 28 57 65 38 59 20 66 69 
#14 63 49 58 18 39 29 28 57 65 38 59 42 66 69 
#29 63 59 58 59 16 29 53 57 65 46 59 6 39 69 
#29 63 59 30 59 16 40 28 6 65 46 59 58 39 69 
#14 63 59 58 59 6 40 28 57 52 61 59 42 26 69 
#14 63 59 4 13 2 29 12 57 65 61 59 58 39 69 
#14 63 49 58 59 37 29 12 32 52 38 59 42 39 69 
#29 63 37 30 59 51 40 11 57 65 61 59 58 66 69 
#29 63 59 4 59 16 29 53 57 65 46 59 42 39 69 
#24 63 49 58 59 6 29 11 44 7 61 59 49 26 69 
#29 63 2 58 59 6 29 11 32 7 61 59 58 39 69 
#24 63 59 30 59 2 29 53 11 65 61 59 42 39 69 
#14 63 49 58 18 37 29 53 6 65 5 59 42 26 69 
#29 44 59 9 59 16 40 53 32 65 61 59 49 26 69 
#29 63 59 58 59 39 29 53 57 52 46 59 42 26 69 
#29 63 49 58 59 2 29 12 57 7 46 59 58 39 69 
#29 63 59 58 13 6 29 12 57 52 61 59 58 66 69 
#24 63 59 58 59 16 29 53 11 65 38 59 42 26 69 
#29 63 49 30 18 16 40 53 57 65 38 59 42 26 69 
#14 63 49 58 59 39 40 28 57 52 61 59 42 26 30 
#29 63 59 30 59 51 29 28 57 65 61 59 42 26 69 
#29 63 49 58 59 51 40 53 57 52 61 59 58 11 69 
#24 63 49 4 13 39 29 28 57 65 61 59 42 26 69 
#14 11 59 30 59 16 40 28 57 65 61 59 49 26 69 
#29 63 49 58 59 16 40 53 30 65 46 59 42 39 69 
#14 63 20 58 18 39 40 12 57 52 61 59 58 39 69 
#29 63 37 58 59 51 29 28 57 65 61 59 42 39 69 
#29 63 37 58 59 2 29 53 57 52 61 59 42 11 69 
#24 11 49 58 18 51 40 28 57 65 46 59 42 26 69 
#14 11 59 30 59 16 40 28 30 65 61 59 20 26 69 
#14 63 49 58 18 2 40 28 57 65 38 59 42 39 69 
#29 63 20 58 59 51 40 53 6 52 61 59 58 39 69 
#29 63 59 30 59 16 29 53 57 65 46 59 58 39 69 
#14 63 59 58 59 39 40 28 57 65 61 59 42 26 69 
#24 44 49 58 18 51 40 28 57 65 61 59 42 26 69 
#Base: 892
#Max: 769
#862108
