#[0] 3, 3
#[1] 4, 3
#[2] 3, 4
#[3] 3, 2
#[4] 2, 3
#[5] 2, 4
#[6] 1, 3
#[7] 2, 2
#[8] 3, 1
#[9] 4, 4
#[10] 5, 3
#[11] 3, 5
#[12] 4, 2
#[13] 3, 0
#[14] 5, 4
#[15] 4, 5
#[16] 5, 2
#[17] 4, 1
#[18] 0, 3
#[19] 1, 4
#[20] 2, 1
#[21] 1, 2
#[22] 2, 5
#[23] 0, 4
#[24] 5, 1
#[25] 0, 2
#[26] 5, 5
#[27] 1, 5
#[28] 2, 0
#[29] 1, 1
#[30] 4, 0
#[31] 0, 5
#[32] 1, 0
#[33] 0, 1
#[34] 5, 0
#[35] 0, 0
#Turn 0
32 30 29 47 12 31 
20 7 18 35 1 19 
33 52 59 53 25 26 
23 22 11 3 28 56 
37 55 48 34 40 38 
16 6 4 13 45 5 
#Base: 883
#Max: 348
#394111
#Turn 1
#40 23 25 3 20 10 31 19 8 4 8 52 29 9 19 
#40 50 25 9 3 20 43 24 16 47 8 0 19 12 6 
#38 15 51 33 3 20 4 17 16 47 19 12 4 6 6 
#26 30 51 12 11 15 5 17 58 0 48 12 4 14 11 
#3 25 27 12 14 7 5 44 22 0 48 17 51 20 5 
#17 0 16 37 16 9 45 25 33 0 56 32 16 0 0 
#4 24 32 1 26 1 51 25 37 8 56 27 18 0 4 
#9 44 1 1 22 64 21 22 16 8 10 2 18 11 15 
#14 40 11 14 4 22 46 22 16 8 10 11 3 11 15 
#51 2 11 20 32 36 46 0 46 8 3 4 3 17 20 
#33 5 37 3 18 25 58 4 9 7 51 56 40 33 16 
#33 5 37 20 18 11 7 57 2 57 51 21 30 15 19 
#8 15 12 3 4 50 4 3 18 57 4 21 14 19 45 
#20 5 3 3 4 50 19 3 3 49 8 41 8 12 58 
#11 33 3 7 13 42 44 6 2 49 25 30 8 16 58 
#8 4 38 15 49 43 56 14 30 2 21 47 26 0 11 
#8 24 17 20 8 0 9 68 12 13 2 4 40 22 11 
#27 22 17 20 4 0 13 14 12 13 10 5 49 3 9 
#35 17 9 1 67 5 13 14 20 10 13 19 3 3 38 
#15 17 9 38 67 5 10 46 20 10 49 19 6 12 38 
#6 6 16 8 44 17 32 2 17 6 25 46 15 13 10 
#13 27 11 8 23 2 32 15 6 19 12 36 15 52 53 
#40 12 11 65 48 5 5 11 6 19 16 11 39 8 19 
#18 12 10 64 48 10 5 14 3 26 5 11 19 23 26 
#7 16 10 64 17 10 43 35 2 13 12 25 30 23 26 
#40 39 7 15 29 12 8 21 12 21 8 7 16 25 16 
#27 39 9 22 1 19 58 39 29 21 22 3 24 45 16 
#27 23 38 22 4 27 13 14 6 32 2 8 24 45 34 
#21 23 39 39 4 27 15 4 6 53 2 4 15 31 3 
#28 18 39 28 49 35 15 4 6 53 37 21 15 34 11 
#17 0 28 37 49 11 5 19 34 4 6 52 29 9 19 
#40 14 25 33 20 1 45 25 8 8 56 23 16 0 32 
#11 15 32 1 3 20 43 42 16 47 6 0 19 47 6 
#26 15 51 33 11 64 21 22 16 39 19 12 4 11 15 
#14 30 15 12 43 22 46 2 46 8 3 17 32 14 38 
#3 25 27 48 26 36 9 0 11 10 32 4 15 17 5 
#17 0 28 37 16 25 58 22 38 0 48 29 11 33 1 
#4 14 37 33 26 11 45 4 2 11 56 23 16 15 16 
#8 9 5 27 4 8 51 57 18 57 6 27 18 47 4 
#20 15 12 3 60 50 21 22 16 39 10 2 14 18 45 
#14 5 3 25 4 22 9 2 46 49 8 41 3 12 38 
#51 33 52 20 26 36 9 0 2 1 25 4 0 17 20 
#28 25 0 3 49 25 58 1 9 7 21 6 26 33 1 
#8 5 38 9 8 11 7 14 2 59 51 56 14 15 11 
#27 24 17 20 4 8 4 68 18 13 9 21 40 22 19 
#20 15 12 3 4 50 19 14 2 6 10 16 49 3 45 
#11 5 3 40 4 3 16 46 14 10 13 19 3 12 58 
#54 33 15 7 13 5 10 6 3 57 25 6 0 16 0 
#28 4 0 10 46 43 56 1 11 29 21 46 43 0 10 
#8 27 38 8 44 2 32 15 30 59 2 23 15 13 11 
#27 24 17 8 23 10 36 10 6 19 16 4 39 52 6 
#40 22 0 65 4 5 5 14 3 26 5 5 49 8 71 
#15 17 10 64 1 5 16 14 2 10 31 19 3 23 38 
#10 10 46 10 28 5 10 35 13 57 49 6 6 12 14 
#6 6 7 15 46 17 8 2 12 29 25 7 43 25 28 
#13 27 9 8 1 2 32 27 17 6 12 23 15 13 53 
#27 2 9 22 2 19 50 39 6 19 11 3 39 52 6 
#21 23 38 65 48 27 13 11 3 32 5 11 26 12 3 
#18 16 39 64 1 10 43 14 2 26 37 16 15 31 26 
#18 6 4 10 17 61 8 35 16 8 47 21 30 12 1 
30 12 56 3 49 32 
5 34 6 48 53 1 
42 24 43 19 15 31 
39 14 38 51 11 36 
23 13 58 10 33 22 
21 44 26 29 57 9 
#Base: 883
#Max: 395
#447339
#Turn 2
#17 15 12 3 49 11 4 19 34 4 4 52 14 19 19 
#27 2 9 22 4 50 50 39 6 57 4 3 14 19 45 
#26 2 9 22 11 19 5 17 58 0 11 12 39 52 6 
#26 30 51 8 11 15 5 15 30 0 2 23 4 13 11 
#11 27 38 1 44 2 43 42 16 59 6 23 19 47 11 
#17 30 16 37 43 22 46 25 46 8 3 17 16 0 0 
#14 30 15 1 26 22 46 2 37 8 3 27 32 0 38 
#4 4 32 1 46 1 51 25 37 29 56 27 18 0 10 
#10 10 46 10 46 5 10 1 11 29 21 46 6 0 10 
#10 50 25 10 3 20 43 35 13 47 8 6 6 12 6 
#7 16 10 3 17 25 58 35 2 13 21 25 30 23 1 
#7 16 10 9 17 10 43 14 2 13 12 56 14 23 11 
#8 5 38 9 8 5 7 46 2 10 49 56 14 15 38 
#8 4 38 38 67 5 10 14 20 10 49 19 26 12 38 
#8 4 38 15 20 43 45 14 30 2 56 23 26 0 11 
#20 15 3 3 13 42 21 6 2 39 25 30 8 18 58 
#8 33 5 7 4 42 44 57 2 57 25 27 8 16 4 
#8 9 0 27 4 5 5 57 18 26 5 5 49 47 4 
#40 22 0 20 4 11 5 14 3 26 51 21 49 15 19 
#33 5 28 37 16 25 7 57 2 0 48 29 11 33 1 
#18 12 3 64 4 50 5 14 3 26 5 11 8 23 58 
#20 16 3 3 4 50 43 14 2 49 37 16 15 12 58 
#18 16 39 64 1 10 43 14 2 26 51 16 15 33 26 
#26 15 37 33 11 64 58 22 9 39 19 12 4 33 16 
#40 12 11 33 48 64 21 11 16 19 19 11 4 11 19 
#27 27 17 8 4 8 32 68 18 19 9 36 40 52 19 
#27 24 9 22 4 8 58 68 29 13 22 3 40 45 16 
#27 18 9 28 1 19 15 39 29 21 37 3 15 34 11 
#28 18 39 65 48 35 15 4 3 32 37 21 26 34 3 
#21 2 38 65 32 27 46 11 46 32 3 4 26 17 3 
#17 0 16 37 16 9 45 25 33 0 56 52 29 9 0 
#8 30 12 12 4 22 46 3 46 57 3 21 14 19 38 
#4 2 32 1 2 1 51 39 37 8 11 3 39 0 6 
#26 30 0 12 11 15 5 1 11 29 48 46 4 0 11 
#10 27 38 10 44 2 32 15 30 57 2 6 15 12 14 
#11 15 32 9 3 20 43 24 16 47 8 0 19 47 6 
#17 25 0 3 49 25 45 25 33 7 56 6 16 33 0 
#7 16 15 64 43 10 46 2 46 8 12 17 30 14 38 
#4 24 38 1 8 11 7 25 2 59 51 56 14 0 4 
#15 4 0 38 67 43 56 1 20 29 21 46 43 0 38 
#10 10 38 15 28 43 10 14 13 57 21 6 26 12 11 
#40 50 25 9 3 20 43 25 16 47 8 0 16 12 6 
#28 25 0 3 49 25 58 1 16 7 10 6 14 18 1 
#7 33 10 7 13 42 44 6 2 49 25 25 30 16 26 
#8 5 38 9 4 8 7 57 18 57 6 56 18 15 11 
#15 17 9 65 4 5 5 14 3 26 49 5 49 8 71 
#33 4 37 15 18 11 56 14 30 2 51 21 30 15 11 
#40 0 28 37 16 1 58 25 38 8 56 29 11 0 32 
#18 12 10 64 48 50 21 14 16 39 5 2 14 23 45 
#11 33 3 3 13 42 44 6 3 49 25 30 8 16 58 
#8 9 5 64 4 10 51 57 18 26 6 16 18 47 4 
#33 22 37 65 18 25 5 14 3 26 51 56 49 33 16 
#26 5 37 33 18 11 7 22 16 39 51 12 30 15 15 
#40 12 11 65 48 25 58 22 6 19 16 29 11 8 19 
#13 12 11 8 48 2 32 15 3 19 12 36 15 23 53 
#20 24 3 20 4 50 4 3 3 13 8 21 8 22 58 
#18 16 39 22 1 19 43 14 29 26 37 16 24 45 16 
#33 5 39 3 18 35 15 4 9 53 37 56 40 34 16 
#21 15 51 33 48 27 21 22 16 32 5 12 4 11 3 
#40 12 11 65 48 5 46 0 6 19 3 4 3 8 19 
17 14 30 16 7 19 
46 24 20 50 21 36 
12 44 23 53 28 38 
29 48 26 39 45 47 
31 13 25 51 4 1 
41 49 22 57 37 59 
#Base: 883
#Max: 453
#513024
#Turn 3
#8 4 0 15 20 5 5 14 30 2 5 23 26 0 11 
#8 0 16 15 16 9 45 25 33 0 56 23 29 0 0 
#8 33 16 7 4 42 45 25 2 57 25 27 29 16 0 
#8 33 32 7 46 42 51 25 37 29 56 27 8 16 4 
#4 4 32 37 46 1 51 25 2 0 56 27 11 33 10 
#40 12 37 15 48 11 56 14 16 19 19 21 30 11 19 
#18 12 3 64 48 50 21 11 16 26 5 11 8 11 58 
#8 12 5 64 4 10 51 14 18 26 5 16 8 23 58 
#8 16 3 3 4 50 43 14 2 49 37 16 18 12 58 
#17 16 0 3 49 25 45 14 33 7 56 6 15 33 58 
#8 5 38 9 8 8 7 46 2 10 49 56 14 15 11 
#8 5 37 33 4 64 58 22 9 39 19 12 18 33 16 
#40 12 11 65 48 64 58 22 9 19 19 29 4 33 19 
#28 18 39 65 48 25 58 22 6 19 16 29 26 8 3 
#4 18 39 65 48 11 7 4 2 32 51 56 26 0 4 
#18 2 10 64 32 50 46 11 46 39 5 4 14 17 3 
#18 12 9 22 48 8 58 68 29 13 22 2 14 23 45 
#27 24 9 38 4 8 58 68 20 13 22 46 40 45 38 
#15 17 0 65 67 43 5 1 20 29 49 46 43 0 38 
#40 0 9 65 4 1 5 14 3 8 56 5 49 8 71 
#8 4 38 12 67 5 10 14 20 57 49 21 14 12 38 
#8 27 17 8 67 8 10 68 18 19 49 36 40 52 19 
#27 27 37 65 18 25 32 68 3 26 51 36 49 33 16 
#33 22 38 1 18 25 5 42 16 26 6 56 19 33 11 
#27 27 38 1 44 2 50 39 6 59 4 23 19 19 11 
#40 33 3 3 3 42 44 6 16 49 25 30 8 12 58 
#18 33 39 3 13 42 44 14 2 49 51 16 15 33 26 
#33 5 39 64 1 10 43 14 9 53 37 16 40 33 16 
#7 5 15 64 18 10 15 2 46 8 12 17 40 14 16 
#40 16 15 65 43 10 46 2 6 8 3 4 3 14 38 
#8 9 37 27 4 5 56 14 18 2 51 21 30 47 11 
#8 4 11 33 48 64 45 14 30 19 56 23 4 0 19 
#18 0 16 37 4 50 5 14 33 26 56 52 8 23 58 
#8 9 5 7 4 42 51 57 18 26 6 16 8 47 4 
#4 4 3 1 46 50 51 14 2 49 37 27 15 12 10 
#17 5 28 37 16 25 45 57 2 0 48 6 16 33 1 
#33 4 37 9 18 5 7 14 30 2 51 56 30 15 11 
#8 12 11 9 48 8 7 11 18 19 6 56 4 15 19 
#18 12 3 33 11 50 58 14 9 39 5 11 8 33 58 
#8 12 5 64 48 25 51 22 6 26 16 29 11 47 19 
#28 18 39 3 4 50 15 14 2 32 37 21 26 34 58 
#17 24 0 1 8 25 45 25 33 59 51 56 14 33 4 
#8 5 38 9 32 27 46 11 2 10 49 56 26 15 38 
#8 12 38 64 4 8 7 57 16 57 6 2 18 15 11 
#26 15 9 22 4 8 58 22 9 13 19 12 4 33 16 
#40 12 0 38 67 43 56 1 6 19 16 29 43 8 38 
#15 17 39 65 4 5 5 4 3 26 49 5 26 34 71 
#4 24 38 37 16 11 58 25 38 8 51 56 11 0 32 
#21 30 12 65 4 27 46 11 46 57 3 4 26 19 3 
#18 4 38 64 48 50 10 14 20 39 49 2 14 12 38 
#27 27 9 8 4 8 32 68 29 13 22 3 40 45 16 
#15 4 0 38 18 25 5 1 20 26 51 56 43 33 38 
#15 27 9 65 44 2 43 14 3 26 49 23 49 47 11 
#40 2 28 22 4 50 58 25 38 8 56 3 11 0 32 
#8 50 12 12 4 22 46 25 46 57 3 21 16 19 38 
#11 4 3 3 67 42 10 14 3 49 49 19 8 16 38 
#27 16 17 64 4 8 32 14 2 19 9 36 15 52 26 
#33 5 39 65 18 25 5 14 9 26 37 56 40 33 16 
#7 27 15 64 43 2 46 2 16 8 6 17 30 14 38 
#27 2 9 65 48 50 46 0 6 57 3 4 14 19 19 
51 54 39 41 20 55 
26 38 48 52 3 15 
11 31 45 17 19 53 
27 49 12 22 21 14 
25 16 32 18 46 47 
43 6 13 59 57 9 
#Base: 883
#Max: 513
#580974
#Turn 4
#15 50 0 12 18 22 5 25 46 57 51 21 43 19 38 
#8 12 12 64 48 22 46 22 6 57 3 21 11 47 38 
#17 24 5 1 48 25 45 25 6 59 16 29 11 33 19 
#17 4 0 12 67 25 10 14 20 59 49 21 14 33 4 
#8 4 3 12 67 5 10 14 3 49 49 21 8 16 38 
#18 33 3 3 13 42 44 14 2 39 5 11 8 33 58 
#21 12 3 65 11 50 58 14 9 39 5 11 8 19 58 
#21 27 9 65 4 2 43 11 46 26 3 23 49 19 11 
#8 33 9 65 44 2 51 14 37 29 49 23 49 16 4 
#18 33 10 64 32 50 51 25 37 39 56 4 14 16 3 
#8 5 11 33 48 64 58 14 9 39 19 12 18 0 19 
#40 12 11 38 48 64 45 14 6 19 56 23 43 8 38 
#40 12 9 38 4 43 58 1 6 13 22 29 43 45 38 
#40 24 9 65 4 8 58 68 20 8 56 46 49 8 71 
#40 0 28 65 4 50 58 14 3 8 56 5 49 0 32 
#18 5 39 64 1 50 43 14 9 39 49 2 40 33 38 
#18 4 11 64 48 50 10 22 9 39 49 29 14 33 38 
#27 12 37 65 48 64 32 68 3 19 51 29 49 33 19 
#27 27 37 8 18 8 32 68 18 19 51 36 40 52 16 
#4 27 39 8 67 11 10 68 18 19 49 56 26 52 4 
#18 33 9 3 48 8 44 68 16 13 22 30 8 12 58 
#18 12 9 37 48 8 5 14 33 13 22 52 8 23 45 
#18 17 0 65 67 43 5 14 33 29 56 52 8 23 38 
#15 17 0 65 67 43 5 4 3 26 49 46 26 34 71 
#15 17 39 37 4 11 58 25 38 26 49 56 26 0 32 
#8 12 3 64 48 8 21 11 16 26 5 2 8 11 58 
#28 12 3 64 48 25 58 22 16 19 5 29 8 11 58 
#28 2 39 65 48 50 58 0 6 19 16 29 26 8 3 
#27 2 39 65 48 50 46 14 6 26 3 56 40 33 19 
#33 16 0 65 49 25 45 14 9 26 37 6 40 33 16 
#15 33 39 38 18 25 44 14 2 49 51 16 43 33 26 
#8 12 12 12 4 22 58 14 46 57 5 11 16 33 38 
#8 30 5 65 4 27 51 22 6 57 16 29 11 19 19 
#17 24 9 1 44 25 43 25 3 26 49 56 49 47 11 
#8 33 32 12 46 42 10 14 20 29 49 27 8 16 38 
#18 4 3 64 32 42 10 11 46 49 5 19 8 16 38 
#8 33 37 3 4 64 44 22 2 39 51 16 18 33 26 
#18 12 11 33 48 64 58 14 9 19 56 23 4 33 19 
#21 12 12 38 4 43 46 11 6 57 3 29 43 19 38 
#27 24 9 38 4 2 58 14 3 13 22 23 49 45 11 
#40 0 9 65 4 42 51 25 3 8 56 27 49 16 71 
#18 2 10 22 4 50 58 11 46 39 5 4 14 0 32 
#33 5 39 64 1 10 58 22 9 53 19 16 18 33 16 
#8 4 38 33 48 50 10 14 30 19 49 2 14 0 38 
#40 12 0 65 67 43 56 22 6 19 19 29 43 33 38 
#27 27 9 38 18 8 58 68 20 26 22 36 49 45 16 
#8 0 9 8 67 8 10 14 18 8 49 5 49 8 19 
#40 2 28 65 4 50 7 25 38 32 51 56 26 0 32 
#40 5 3 3 1 42 44 6 9 49 25 16 40 12 58 
#18 4 38 64 48 8 58 14 29 39 22 2 14 23 45 
#40 12 16 37 48 64 5 14 9 19 19 52 8 33 58 
#15 17 37 65 67 43 5 1 3 29 49 46 49 33 16 
#15 17 39 65 4 8 5 4 18 26 49 36 26 52 71 
#4 24 38 65 16 11 58 25 2 32 51 56 26 0 4 
#8 12 38 3 4 42 7 57 16 57 25 2 18 12 58 
#18 12 9 64 48 8 58 11 16 26 22 11 8 11 58 
#18 0 16 37 48 25 5 14 6 19 16 52 8 23 58 
#27 17 9 65 67 50 5 0 6 57 3 46 43 0 38 
#15 17 39 65 4 5 5 4 3 26 37 5 26 34 16 
#17 16 0 37 16 11 58 25 38 7 51 6 15 0 32 
55 42 27 18 1 30 
29 6 16 19 50 24 
26 8 22 44 51 49 
14 57 40 13 23 52 
0 53 11 17 28 9 
20 37 15 47 45 33 
#Base: 883
#Max: 556
#629672
#Turn 5
#18 12 39 64 48 10 58 22 16 53 19 11 18 11 16 
#28 5 39 65 1 10 58 22 9 19 19 29 18 8 16 
#27 27 37 65 18 50 32 68 18 19 51 29 40 8 16 
#8 12 12 64 18 8 32 68 18 19 3 21 11 47 38 
#15 33 12 38 48 25 46 14 2 49 3 21 11 33 38 
#33 16 3 65 49 50 45 14 9 26 5 11 8 33 58 
#21 4 3 65 11 50 10 22 9 39 49 29 8 19 58 
#18 4 11 8 67 11 10 68 18 19 49 29 26 52 4 
#4 27 16 8 67 11 5 68 18 19 49 52 26 33 58 
#40 12 16 37 48 64 5 14 38 19 19 56 8 0 58 
#8 12 9 64 48 25 51 22 16 29 5 23 49 11 4 
#8 33 0 65 44 2 5 14 37 29 49 23 8 16 4 
#18 12 0 65 67 43 5 14 6 29 56 52 8 23 38 
#40 17 37 65 67 43 56 22 6 29 19 46 43 33 16 
#18 17 38 64 48 8 5 1 29 39 22 46 49 33 16 
#27 0 9 65 67 50 5 0 6 57 3 46 49 0 38 
#27 0 9 65 4 50 51 0 3 8 3 46 43 16 38 
#40 0 9 65 4 8 58 68 3 8 56 46 49 8 71 
#40 17 0 65 67 8 5 68 20 8 56 46 49 8 71 
#15 17 39 65 67 8 5 4 18 26 49 46 26 52 71 
#15 24 38 12 16 22 58 25 46 57 51 21 43 0 4 
#4 12 11 38 48 64 58 25 6 32 56 23 43 8 38 
#27 12 11 38 48 64 32 68 6 19 56 23 49 33 19 
#27 12 37 65 48 50 32 68 3 26 3 56 49 33 19 
#18 33 39 65 48 50 46 25 6 26 56 4 14 33 19 
#18 33 9 33 48 8 44 14 16 13 56 23 8 12 58 
#18 5 39 64 48 64 43 14 9 39 56 23 40 33 38 
#40 2 39 64 4 50 43 14 38 32 49 56 40 33 38 
#27 2 28 38 4 50 7 25 20 26 22 36 49 45 32 
#17 24 9 1 18 8 43 68 20 26 49 56 49 45 16 
#33 16 9 64 48 8 58 11 16 26 22 6 40 33 16 
#21 5 39 64 11 10 58 14 9 53 5 11 8 19 58 
#28 4 39 65 48 50 10 22 9 39 16 29 14 8 38 
#27 27 37 8 67 8 10 68 18 19 49 56 26 52 16 
#40 12 12 37 48 22 46 14 6 19 3 21 11 47 58 
#15 33 39 37 18 11 58 25 38 26 49 56 43 0 32 
#28 16 0 65 48 25 45 22 9 19 5 6 40 11 58 
#21 33 9 65 44 50 51 14 37 29 5 11 8 19 58 
#18 17 11 64 67 50 5 14 9 29 56 29 8 23 38 
#4 27 39 8 67 43 56 22 6 19 49 29 43 52 38 
#15 17 37 65 67 64 5 1 9 19 19 52 8 33 16 
#15 4 39 37 48 11 58 25 29 26 49 2 26 23 32 
#28 12 3 64 48 25 58 22 16 8 5 29 49 11 32 
#8 33 9 65 67 2 51 14 6 29 3 23 49 16 38 
#40 17 9 65 67 42 51 14 3 29 56 27 8 23 38 
#40 12 9 65 67 43 58 68 20 19 19 46 43 8 71 
#15 17 0 65 67 43 5 4 3 26 49 46 26 34 16 
#18 4 38 64 4 8 58 14 18 39 22 2 26 23 71 
#15 50 0 12 4 22 5 25 46 8 56 21 43 19 38 
#4 17 9 65 67 50 5 0 2 57 3 56 26 0 38 
#40 0 9 65 4 64 45 25 6 8 56 27 43 8 71 
#27 24 37 65 4 64 32 68 3 19 56 46 49 8 19 
#27 17 39 65 67 50 5 14 3 26 49 56 26 33 71 
#18 33 39 65 4 50 51 4 37 26 56 36 14 16 71 
#15 33 0 3 18 22 5 25 46 13 22 21 43 12 38 
#4 24 11 65 48 11 58 25 9 19 56 56 26 33 4 
#18 12 39 64 48 64 45 14 9 39 49 23 40 8 38 
#40 12 28 65 48 64 7 25 38 19 51 29 49 0 32 
#27 2 39 65 18 8 46 68 6 26 3 56 49 33 16 
#18 24 10 1 32 25 43 25 37 39 56 56 49 16 11 
43 46 35 2 21 38 
9 40 15 27 58 49 
37 8 19 51 23 24 
56 13 17 45 52 50 
29 33 57 18 53 39 
5 55 44 26 22 12 
#Base: 883
#Max: 588
#665912
#Turn 6
#8 17 0 65 67 43 5 4 6 29 3 23 26 16 38 
#15 33 39 65 18 11 58 25 3 26 49 46 26 0 16 
#15 33 37 37 18 11 32 25 38 19 49 56 43 8 32 
#4 12 11 38 18 50 58 68 6 19 51 23 40 8 38 
#18 12 11 38 48 50 58 14 6 29 56 29 8 23 38 
#40 12 16 65 48 64 5 1 38 19 19 56 8 33 58 
#27 0 37 65 67 64 5 0 6 57 19 52 8 0 16 
#27 0 39 65 4 50 43 0 38 32 3 56 40 33 38 
#27 2 39 64 18 50 43 68 38 26 3 56 49 33 38 
#27 2 9 65 18 8 5 0 6 57 3 56 26 33 38 
#4 33 16 65 44 11 5 14 18 19 49 52 26 19 58 
#4 17 16 65 67 11 5 68 18 19 49 46 26 52 71 
#15 17 37 65 67 8 5 68 18 19 56 46 26 52 71 
#27 12 37 65 48 50 32 68 3 26 56 46 49 8 19 
#27 12 39 65 48 50 32 68 6 26 56 4 49 33 19 
#40 12 39 64 48 64 56 14 6 39 19 23 43 33 38 
#40 0 37 65 67 43 56 68 3 8 56 46 49 33 71 
#40 0 9 65 67 43 58 68 20 8 56 46 43 8 71 
#40 17 9 65 67 43 5 14 20 26 49 56 26 33 71 
#27 17 9 65 4 64 45 14 6 26 49 27 26 8 71 
#17 27 9 1 18 8 43 68 18 26 49 56 26 52 16 
#40 12 28 8 48 64 7 68 38 19 51 29 26 0 32 
#40 12 0 65 48 64 7 68 20 19 56 29 49 0 32 
#40 17 0 65 67 50 5 4 37 26 56 46 14 8 71 
#4 33 39 8 67 43 56 22 37 19 56 36 43 16 38 
#4 24 3 65 48 11 45 25 9 26 5 56 26 33 4 
#40 17 9 65 67 42 51 25 9 19 56 27 26 33 4 
#40 5 39 64 67 64 51 14 3 39 56 27 8 23 38 
#27 12 11 64 48 64 32 14 6 39 56 23 49 33 19 
#27 12 0 38 67 43 5 68 6 19 56 52 8 33 19 
#8 12 9 65 67 64 5 14 38 29 3 23 8 0 58 
#15 17 37 65 67 43 5 1 9 19 19 46 26 33 16 
#15 33 9 65 67 50 5 0 38 57 49 46 49 0 32 
#40 27 37 65 18 50 43 68 18 19 51 29 40 8 16 
#27 12 11 38 48 8 58 25 6 26 56 56 43 33 16 
#4 17 11 64 67 50 5 0 2 29 3 29 26 23 38 
#21 33 16 65 44 64 51 14 37 19 19 11 8 0 58 
#15 27 37 8 67 11 5 1 9 19 49 52 26 33 16 
#27 0 39 65 67 8 5 0 6 26 49 46 49 0 71 
#27 24 39 64 4 64 32 68 3 32 49 56 49 33 38 
#27 12 37 65 18 50 46 68 6 26 3 56 49 33 19 
#4 17 9 65 67 50 46 0 2 26 3 4 14 33 19 
#18 33 9 64 48 64 51 14 9 39 49 23 40 19 58 
#40 27 37 65 67 11 56 22 6 29 19 52 43 33 16 
#40 17 9 65 67 8 58 68 3 8 49 46 49 8 71 
#40 24 9 65 4 64 32 68 20 19 19 46 49 8 19 
#27 17 39 65 48 50 32 68 3 26 49 56 26 33 71 
#18 0 9 65 4 64 46 25 6 8 56 4 14 33 19 
#18 24 39 1 48 8 43 68 20 39 49 56 49 45 38 
#40 27 37 65 67 8 10 68 18 19 19 56 26 33 16 
#40 12 9 65 4 64 58 68 38 8 51 29 49 0 32 
#40 12 0 65 67 8 5 68 20 8 56 46 43 8 71 
#18 17 39 65 67 50 51 4 3 26 56 36 26 33 71 
#40 0 9 65 67 43 45 25 6 8 49 29 43 8 71 
#33 16 9 1 18 50 43 68 20 26 49 56 8 33 16 
#4 27 37 65 48 11 58 25 18 19 56 56 26 33 4 
#40 12 9 65 48 64 7 25 38 29 51 29 8 0 32 
#18 5 39 65 48 64 43 68 20 39 56 46 49 8 71 
#27 12 39 65 4 50 51 68 6 26 56 36 14 16 19 
#4 12 39 8 67 43 56 22 6 29 49 52 43 23 38 
55 59 43 32 33 28 
45 58 22 39 23 24 
38 15 52 44 12 53 
27 11 46 16 17 13 
5 14 18 57 8 48 
26 40 42 51 50 49 
#Base: 883
#Max: 642
#727067
#Turn 7
#4 27 39 8 67 11 56 25 18 19 56 52 43 23 38 
#40 27 37 65 67 43 56 22 6 29 49 52 43 23 38 
#40 27 37 65 67 11 5 0 6 29 49 46 43 0 32 
#40 27 9 65 67 50 5 0 38 19 51 29 49 0 32 
#40 27 11 65 48 64 32 14 18 39 51 23 40 8 16 
#40 24 9 65 4 64 51 68 20 19 19 36 49 8 19 
#27 12 39 65 48 50 51 68 20 19 56 36 14 16 19 
#27 24 0 64 48 64 32 68 3 19 56 29 49 33 38 
#40 17 0 64 67 50 32 4 3 26 49 46 49 33 71 
#4 17 39 8 67 43 5 4 37 26 56 36 14 16 71 
#40 12 39 65 67 64 56 14 6 39 19 46 49 0 71 
#40 12 39 64 67 64 51 14 6 39 19 23 26 33 71 
#40 17 9 65 67 50 58 4 3 8 49 36 49 33 71 
#15 17 37 65 67 8 58 68 3 8 56 46 49 8 71 
#40 17 9 65 67 43 45 68 18 19 49 46 26 52 71 
#4 17 39 64 67 64 51 68 18 19 56 46 8 23 71 
#27 17 39 65 48 11 5 68 18 19 49 56 26 52 71 
#27 0 37 65 67 50 32 68 3 8 56 56 26 33 71 
#40 0 9 65 67 43 58 68 20 8 56 46 49 33 71 
#27 12 9 65 67 43 32 68 3 8 56 46 43 8 71 
#27 12 39 65 48 50 32 1 6 26 19 56 49 33 19 
#27 17 39 65 48 50 5 68 6 26 49 56 49 33 71 
#18 17 9 65 67 43 5 68 20 26 49 46 26 8 71 
#18 5 39 65 48 64 43 68 38 26 56 46 49 8 71 
#18 2 39 64 48 8 43 68 20 26 49 56 49 45 38 
#27 17 37 65 67 50 46 25 9 26 56 27 49 33 19 
#27 33 37 65 48 64 46 68 9 26 3 23 49 33 58 
#18 12 9 64 48 8 5 68 9 39 49 23 43 8 71 
#40 12 0 65 67 8 58 68 38 8 51 29 43 0 32 
#40 27 37 65 67 64 58 68 38 8 19 29 26 33 16 
#40 27 9 65 4 11 58 25 18 19 56 56 49 8 19 
#4 12 39 65 67 50 51 68 6 26 56 52 43 16 38 
#40 27 37 65 67 11 56 22 20 29 19 29 49 33 32 
#15 33 39 64 67 50 5 68 3 32 49 56 49 33 32 
#40 27 0 65 18 50 5 68 37 19 56 29 40 8 71 
#4 12 11 64 67 64 56 22 6 19 56 36 43 33 38 
#40 0 9 65 67 64 5 68 20 26 49 46 49 8 71 
#27 12 39 64 48 50 56 14 6 39 19 23 14 16 38 
#40 12 0 65 48 64 7 68 20 19 56 29 49 33 32 
#27 24 9 64 4 8 58 68 3 32 49 56 49 33 71 
#40 17 37 65 67 8 5 68 37 19 56 46 14 8 71 
#40 33 39 8 67 43 56 22 6 8 56 36 43 8 71 
#40 0 39 65 67 64 51 0 6 26 49 46 49 0 38 
#4 17 39 64 48 11 5 68 6 39 19 46 43 33 38 
#27 17 39 65 67 50 51 4 3 26 49 56 26 33 71 
#40 17 37 65 67 8 58 68 3 8 49 46 49 33 71 
#15 0 37 65 67 43 5 68 18 19 56 46 26 52 71 
#27 12 37 65 67 43 45 25 6 26 49 29 49 8 19 
#40 5 16 64 67 64 5 1 3 19 19 27 8 23 58 
#27 17 16 65 67 50 5 68 6 19 49 46 26 52 19 
#40 17 9 65 48 50 32 68 3 26 49 56 26 33 71 
#18 0 37 65 48 64 56 68 20 39 56 46 49 33 71 
#27 2 39 65 18 50 58 68 20 8 56 56 43 8 38 
#27 12 39 65 48 8 43 68 3 39 49 46 49 45 38 
#40 12 16 65 67 42 5 1 38 19 19 56 26 33 4 
#27 12 39 65 48 50 46 68 6 26 56 4 49 33 19 
#18 33 9 65 67 43 5 14 9 26 49 23 26 19 71 
#40 5 0 65 48 64 5 68 20 39 56 46 49 8 71 
#40 12 9 65 4 64 58 68 38 26 51 56 49 0 38 
#18 27 37 65 67 8 10 68 18 39 19 56 26 33 16 
38 55 19 26 24 7 
42 52 53 21 44 40 
39 58 17 45 15 16 
10 36 14 51 18 31 
8 13 33 23 57 29 
25 11 1 46 50 12 
#Base: 883
#Max: 670
#758777
#Turn 8
#27 12 39 65 48 64 7 68 20 19 56 4 49 33 32 
#27 12 9 65 67 43 32 68 3 26 56 4 43 33 19 
#27 12 37 65 48 43 46 68 3 26 3 46 43 33 58 
#27 33 39 65 48 64 46 68 9 26 3 56 49 33 58 
#27 2 0 64 48 8 43 68 3 19 49 56 49 45 38 
#40 2 39 65 18 64 51 68 20 8 56 46 49 8 38 
#27 12 39 65 18 8 58 68 3 8 49 46 49 45 38 
#27 12 39 65 48 50 5 68 3 39 49 46 49 45 38 
#27 17 39 65 48 50 51 68 6 26 49 56 26 33 71 
#40 17 37 65 67 50 51 4 3 26 56 56 14 33 71 
#27 12 9 65 4 8 58 68 3 26 49 56 49 33 71 
#27 12 37 65 4 64 58 68 38 8 51 56 26 0 38 
#27 0 37 65 67 8 32 68 3 8 49 56 49 33 71 
#4 17 39 64 67 64 51 68 18 8 56 46 49 23 71 
#27 17 39 64 67 11 5 68 18 19 56 46 26 23 71 
#40 12 9 65 67 64 5 68 20 39 49 46 49 0 71 
#40 0 9 65 67 43 5 68 20 26 49 46 49 8 71 
#40 17 9 65 67 43 45 68 18 19 49 46 26 33 71 
#18 0 37 65 67 64 56 68 20 8 56 46 49 33 71 
#40 0 9 65 67 50 58 68 6 8 56 46 49 16 38 
#40 17 0 65 67 8 32 68 3 26 49 46 49 33 71 
#15 17 39 65 67 50 58 68 3 32 56 56 49 33 71 
#18 33 39 65 67 50 43 68 38 26 49 56 49 8 71 
#40 5 0 65 48 64 43 68 20 39 56 46 49 8 71 
#40 5 0 65 67 64 58 68 20 8 56 29 49 33 71 
#27 12 39 64 67 64 51 14 9 26 19 23 49 33 71 
#40 12 37 64 67 43 51 22 6 39 19 23 43 33 38 
#40 0 37 65 67 43 56 22 6 29 56 52 43 52 38 
#40 17 37 65 48 50 32 68 3 26 56 56 26 52 71 
#40 17 9 65 48 50 32 4 3 8 49 36 26 33 71 
#40 0 0 65 67 64 7 68 6 26 49 29 49 0 38 
#27 12 39 65 18 50 46 68 6 8 56 4 43 8 19 
#27 12 39 65 67 43 43 68 3 8 49 46 43 8 71 
#27 33 37 65 48 50 5 68 9 26 3 23 49 33 71 
#18 2 39 64 48 50 43 68 3 26 49 56 26 33 71 
#27 17 37 64 48 8 32 68 37 19 56 29 14 33 71 
#27 0 39 65 4 8 51 0 6 26 49 56 49 33 71 
#27 2 9 65 18 64 58 68 38 8 51 56 49 0 38 
#27 12 39 65 67 8 32 68 3 39 56 46 26 33 38 
#27 17 37 65 48 50 5 68 6 8 49 56 49 33 71 
#27 17 39 64 67 64 51 68 18 26 56 46 26 23 71 
#27 17 37 65 67 8 5 68 18 19 49 56 14 52 71 
#27 12 39 65 4 64 56 68 6 32 19 56 49 33 71 
#40 12 9 65 67 64 58 68 38 26 51 46 49 0 71 
#40 0 37 65 67 43 45 68 18 19 49 46 26 33 71 
#18 0 37 65 67 8 58 68 3 8 49 46 49 33 71 
#40 0 9 64 67 43 51 68 18 19 56 46 8 23 71 
#27 12 39 65 48 50 5 68 18 19 56 52 43 16 71 
#40 12 39 65 67 64 32 4 3 39 19 46 49 0 71 
#40 17 9 65 67 64 58 68 20 8 49 46 49 8 71 
#40 17 39 64 67 43 5 68 3 32 49 46 49 33 32 
#18 5 39 65 48 64 56 68 38 26 56 46 49 33 71 
#40 0 0 65 67 43 5 68 20 8 56 46 49 8 71 
#4 12 39 65 67 64 58 68 6 8 56 29 43 33 38 
#40 17 0 65 67 50 32 25 9 26 56 27 49 33 19 
#15 12 39 64 67 8 58 14 6 8 56 23 26 33 71 
#40 27 39 64 67 50 56 22 3 29 49 56 43 33 32 
#15 5 39 65 48 43 5 68 38 26 56 46 26 52 71 
#40 5 9 65 48 64 5 68 3 26 56 56 26 8 71 
#40 17 9 65 67 64 58 68 38 8 19 36 49 33 16 
5 12 47 57 9 19 
20 7 32 28 42 50 
46 34 13 40 18 53 
23 49 43 51 21 44 
45 15 3 22 24 56 
41 39 27 8 17 59 
#Base: 883
#Max: 682
#772367
#Turn 9
#27 0 37 65 67 8 51 68 3 8 49 56 49 33 38 
#27 12 39 65 67 50 5 68 3 19 56 56 49 33 71 
#27 12 39 65 48 50 5 68 18 19 56 52 43 52 71 
#40 5 37 65 48 50 5 4 3 26 56 46 26 52 71 
#40 17 9 65 67 50 58 4 3 8 56 56 49 33 71 
#40 12 39 65 48 8 32 68 3 39 49 46 49 33 38 
#27 12 39 65 67 43 43 68 3 39 49 46 43 8 38 
#27 17 39 65 48 43 43 68 3 8 56 46 43 52 71 
#40 17 39 65 4 50 32 68 3 32 56 56 49 52 71 
#40 17 39 64 4 64 56 68 3 32 49 56 49 33 32 
#18 2 39 64 67 43 43 68 18 26 49 56 26 33 71 
#18 2 39 64 48 50 51 68 3 8 49 46 26 23 71 
#4 17 39 64 67 64 51 68 18 8 56 46 49 23 71 
#18 17 37 64 67 64 56 68 20 8 56 46 26 23 71 
#4 0 37 65 67 64 56 68 20 8 56 29 43 33 71 
#40 5 0 65 67 64 58 68 20 39 56 46 49 8 71 
#40 17 9 65 67 64 58 68 38 26 51 46 49 8 71 
#18 12 9 65 67 64 56 68 38 26 56 46 49 33 71 
#18 5 39 65 48 64 58 68 38 32 56 56 49 33 71 
#15 17 39 65 67 43 58 68 3 32 56 56 49 33 71 
#18 0 37 65 67 64 58 68 20 39 49 46 49 33 71 
#40 12 9 65 67 64 5 68 20 39 49 56 49 33 71 
#27 33 39 65 48 50 46 68 9 26 3 56 49 33 58 
#40 5 39 65 67 64 43 68 38 26 49 29 49 33 71 
#40 27 0 65 67 50 58 68 3 29 49 29 49 33 32 
#27 17 37 65 48 50 5 68 18 19 49 56 14 33 71 
#27 17 37 65 67 43 56 68 6 29 56 56 49 33 71 
#27 17 37 65 67 43 56 68 6 29 56 56 26 52 38 
#40 17 9 65 67 43 45 68 18 19 49 56 26 33 71 
#40 17 9 65 67 43 58 68 38 19 19 46 26 33 71 
#40 17 0 65 18 64 51 68 3 26 49 46 49 33 71 
#27 12 37 65 48 8 32 68 3 8 49 56 49 33 38 
#27 12 39 65 48 50 5 68 3 19 49 52 43 16 71 
#40 5 39 65 48 50 5 68 38 26 56 46 26 52 71 
#40 17 37 65 67 50 56 68 6 32 56 56 49 33 71 
#40 17 39 65 67 43 5 68 3 32 49 46 49 16 38 
#40 0 0 64 67 43 51 68 18 26 49 46 8 33 71 
#27 2 39 65 48 50 43 68 3 39 49 56 26 33 71 
#4 17 39 64 67 64 51 68 3 8 49 46 43 8 71 
#27 17 39 64 67 64 32 68 3 26 56 46 26 23 71 
#18 12 39 65 67 64 56 68 6 32 19 46 49 33 71 
#4 17 39 64 67 43 5 68 3 32 49 29 49 33 32 
#40 5 9 64 48 43 51 68 20 39 56 46 49 8 71 
#18 17 39 65 48 64 58 68 20 26 49 46 49 8 71 
#40 17 9 64 67 64 58 68 18 26 51 46 49 0 71 
#18 17 39 64 48 64 51 68 38 26 56 46 26 33 71 
#15 0 39 65 67 50 56 68 20 8 56 56 49 33 71 
#4 0 37 65 67 43 58 68 6 19 56 29 43 33 38 
#40 5 37 65 48 8 43 68 20 39 56 46 49 8 71 
#40 17 9 65 67 64 58 68 20 8 49 46 49 0 71 
#40 33 39 65 48 64 46 68 9 26 3 56 49 0 71 
#18 5 39 65 67 64 56 68 38 26 56 56 49 33 71 
#40 5 39 65 67 50 58 68 3 32 56 56 49 33 71 
#40 0 39 64 67 50 56 68 18 29 49 56 43 33 32 
#27 17 37 65 67 8 58 68 3 8 49 46 49 33 71 
#40 12 37 65 48 64 5 68 20 8 49 46 49 0 71 
#27 0 39 65 48 64 56 68 9 26 3 52 49 33 38 
#18 33 39 65 67 50 43 68 38 26 49 56 26 8 71 
#40 17 9 65 67 43 58 68 20 19 56 46 26 33 71 
#40 17 9 64 67 50 56 68 3 8 49 56 43 33 16 
1 42 28 15 33 49 
37 10 12 20 13 7 
2 58 17 52 26 44 
27 16 23 51 18 57 
29 21 43 34 45 40 
22 8 46 19 53 39 
#Base: 883
#Max: 711
#805210
#27 5 9 65 48 43 5 68 3 39 56 56 49 33 71 
#40 5 9 64 67 43 51 68 20 39 56 56 49 8 71 
#40 5 9 65 67 43 58 68 18 39 56 46 49 33 71 
#40 5 0 65 67 50 5 68 20 26 56 46 49 52 71 
#40 17 9 65 48 50 5 68 20 26 49 46 49 52 71 
#27 2 39 65 67 43 43 68 18 39 49 56 26 33 71 
#18 2 39 64 67 64 43 68 18 26 49 56 49 33 71 
#4 0 37 64 67 64 58 68 20 39 56 46 49 23 71 
#18 0 37 65 67 64 56 68 20 8 49 46 49 33 71 
#18 17 37 65 67 43 56 68 20 8 56 46 43 23 71 
#27 12 9 65 48 43 5 68 18 19 56 52 43 52 71 
#18 17 9 65 67 43 56 68 20 26 56 46 49 33 71 
#40 5 39 65 67 50 58 68 3 26 56 46 49 33 71 
#27 17 39 65 67 50 58 68 3 29 56 56 49 33 71 
#40 17 37 64 67 64 58 68 18 29 56 56 49 33 71 
#27 17 37 65 67 43 58 68 38 29 51 46 49 8 71 
#40 17 39 65 67 64 58 68 38 26 49 46 49 33 71 
#18 5 39 65 67 64 56 68 38 26 49 56 49 33 71 
#18 5 39 65 67 64 56 68 38 26 56 56 49 33 71 
#18 33 39 65 67 50 43 68 38 26 49 56 49 8 71 
#40 17 9 65 67 43 58 68 20 19 49 56 49 33 71 
#18 12 39 65 67 64 58 68 20 39 49 56 49 8 71 
#18 17 39 65 67 64 56 68 6 26 49 56 49 33 71 
#18 17 37 64 48 50 56 68 6 26 56 46 26 33 71 
#18 17 39 64 67 64 51 68 38 26 56 46 49 33 71 
#40 17 39 65 4 50 32 68 9 32 56 56 49 52 58 
#40 17 39 65 4 50 32 68 3 32 56 56 49 33 71 
#15 0 39 65 67 43 58 68 20 8 56 56 49 33 71 
#15 17 39 64 67 43 58 68 3 32 56 56 43 33 32 
#27 17 39 64 67 64 32 68 3 26 56 56 43 23 71 
#27 12 39 65 48 50 5 68 3 39 56 56 49 33 71 
#40 2 39 64 67 43 51 68 18 39 49 46 26 8 71 
#4 17 39 64 67 43 45 68 18 8 56 46 26 23 71 
#40 0 0 65 67 64 58 68 20 39 56 46 49 33 71 
#18 17 39 65 48 50 5 68 38 26 56 46 26 23 71 
#40 17 39 65 67 64 58 68 3 8 49 46 49 52 71 
#27 2 39 65 48 50 5 68 3 39 49 52 26 33 71 
#18 2 39 64 67 43 58 68 18 26 56 56 26 33 71 
#4 12 9 65 67 64 51 68 18 26 56 46 49 33 71 
#40 0 37 65 67 64 58 68 3 32 49 46 49 33 71 
#27 17 37 64 67 64 56 68 6 29 56 46 26 23 71 
#27 17 9 64 48 43 58 68 3 26 51 46 43 0 71 
#27 12 37 65 67 50 56 68 6 19 56 52 43 52 71 
#40 17 9 65 67 64 58 68 38 19 51 46 26 33 71 
#40 12 39 65 67 64 43 68 38 26 56 46 49 33 71 
#40 5 39 65 67 50 58 68 3 26 56 56 49 33 71 
#27 17 39 65 67 64 58 68 38 29 56 56 49 33 71 
#40 17 39 65 67 50 58 68 38 26 49 46 49 8 71 
#27 17 9 65 67 43 58 68 38 19 56 46 26 52 71 
#40 17 9 65 67 64 5 68 38 26 49 46 49 33 71 
#40 5 39 65 48 64 43 68 38 26 49 46 49 8 71 
#40 17 39 65 67 50 56 68 38 26 56 56 49 33 71 
#18 17 39 65 48 64 58 68 38 26 56 46 26 33 71 
#18 12 39 65 67 64 43 68 38 26 19 56 49 8 71 
#27 33 39 65 67 50 46 68 9 26 19 56 26 33 58 
#40 17 9 65 67 64 5 68 20 32 56 56 49 33 71 
#18 0 39 65 48 64 58 68 20 26 49 56 49 8 71 
#40 17 37 65 67 50 58 68 6 32 56 56 49 33 71 
#40 0 39 64 48 64 56 68 38 29 49 56 43 33 71 
#18 17 39 65 67 64 32 68 6 32 19 46 26 33 71 
#Base: 883
#Max: 737
#834655
