#[0] 3, 3
#[1] 4, 3
#[2] 3, 4
#[3] 3, 2
#[4] 2, 3
#[5] 2, 4
#[6] 1, 3
#[7] 2, 2
#[8] 3, 1
#[9] 4, 4
#[10] 5, 3
#[11] 3, 5
#[12] 4, 2
#[13] 3, 0
#[14] 5, 4
#[15] 4, 5
#[16] 5, 2
#[17] 4, 1
#[18] 0, 3
#[19] 1, 4
#[20] 2, 1
#[21] 1, 2
#[22] 2, 5
#[23] 0, 4
#[24] 5, 1
#[25] 0, 2
#[26] 5, 5
#[27] 1, 5
#[28] 2, 0
#[29] 1, 1
#[30] 4, 0
#[31] 0, 5
#[32] 1, 0
#[33] 0, 1
#[34] 5, 0
#[35] 0, 0
#Turn 0
12 38 20 23 21 49 
27 15 18 1 10 41 
54 0 14 8 34 55 
58 5 32 16 3 24 
47 46 36 13 56 25 
53 59 30 43 29 17 
#Base: 913
#Max: 355
#388828
#Turn 1
#8 36 0 11 6 24 17 51 8 32 37 23 31 23 14 
#8 15 34 0 52 56 8 49 10 8 25 23 4 11 25 
#16 14 31 0 52 14 32 27 15 8 3 61 25 32 13 
#47 14 7 56 15 20 1 27 26 14 3 18 25 10 13 
#27 26 3 56 15 20 1 15 26 27 24 18 5 34 2 
#40 45 12 18 1 10 9 25 23 11 35 6 38 9 36 
#40 13 3 18 20 10 9 21 38 0 2 6 12 36 12 
#17 26 53 2 0 4 3 3 32 0 2 28 16 36 12 
#17 38 22 24 48 4 36 3 3 65 21 28 13 3 50 
#4 12 22 24 48 43 4 19 13 2 26 27 24 46 2 
#33 47 8 38 21 10 5 3 10 3 24 39 5 35 28 
#16 8 43 0 60 10 1 41 6 3 36 10 30 6 56 
#34 17 5 0 60 5 1 41 10 16 36 34 32 31 3 
#28 19 12 24 5 14 7 13 10 16 10 1 66 15 28 
#29 11 12 43 44 1 26 28 35 16 45 17 29 15 22 
#7 13 14 36 22 10 2 0 26 41 10 5 21 62 5 
#28 31 16 11 24 10 38 2 3 67 17 3 22 11 18 
#11 4 16 11 0 5 8 1 15 67 35 1 22 11 0 
#11 5 26 47 0 5 54 11 66 1 12 3 39 8 6 
#2 48 33 5 35 14 11 22 6 1 12 4 52 65 6 
#11 34 5 9 31 5 40 10 31 29 1 25 3 44 23 
#5 34 5 29 31 4 19 11 31 16 16 6 11 44 45 
#5 1 2 70 18 4 19 2 2 16 33 6 11 22 42 
#16 10 2 7 9 6 32 0 9 20 13 42 16 20 9 
#5 10 19 22 25 59 28 55 18 20 6 48 16 20 9 
#1 9 43 1 39 13 12 23 5 10 49 19 22 26 14 
#1 14 23 17 1 47 25 23 5 10 49 19 19 26 29 
#19 6 23 17 1 30 28 11 9 38 1 8 19 49 45 
#19 57 9 13 8 15 43 11 9 38 37 8 26 39 45 
#15 21 36 13 53 15 3 30 10 4 37 37 17 6 5 
#16 45 12 46 6 24 29 51 23 32 35 14 37 9 21 
#40 15 3 31 20 10 9 3 10 16 24 6 38 44 14 
#45 31 53 2 40 14 3 49 20 0 10 23 12 32 12 
#17 14 4 29 43 4 36 3 15 14 3 61 16 11 13 
#47 38 22 56 48 43 1 21 3 2 24 2 13 3 18 
#27 12 12 6 20 47 15 25 38 27 49 33 24 46 2 
#33 45 8 38 1 12 29 25 23 11 35 39 37 35 15 
#40 27 3 42 20 10 9 12 17 3 28 10 38 6 56 
#10 13 53 0 40 15 1 41 6 12 36 27 30 36 12 
#17 26 5 26 0 14 36 3 10 65 67 22 32 31 4 
#4 19 22 24 48 43 26 19 35 2 10 1 13 15 50 
#27 11 9 43 20 47 0 5 2 38 45 27 24 13 2 
#33 47 8 38 20 20 5 3 26 27 24 39 5 6 5 
#7 31 43 18 22 10 38 0 17 41 17 5 31 6 56 
#10 10 16 0 24 5 1 41 6 12 35 34 22 11 0 
#34 9 26 26 0 14 7 1 66 20 67 22 18 31 6 
#28 19 12 47 17 1 11 11 6 1 10 3 66 15 6 
#10 48 4 5 44 7 2 5 46 16 0 4 52 21 22 
#13 5 38 36 7 20 2 43 26 25 10 1 21 38 5 
#7 34 14 18 22 10 14 0 3 41 16 10 3 62 18 
#28 4 16 29 24 40 19 2 15 16 33 3 22 11 0 
#11 9 2 7 9 6 54 7 9 20 13 1 10 22 27 
#5 5 2 47 17 14 11 0 6 1 12 3 39 65 9 
#23 48 4 5 41 7 2 55 18 0 0 4 15 21 15 
#47 5 38 29 39 22 40 12 27 25 7 25 46 38 14 
#37 34 10 15 1 47 12 11 5 29 16 19 34 44 44 
#5 58 23 29 18 4 25 2 17 37 33 14 19 49 42 
#19 6 2 6 9 6 32 7 9 16 43 8 10 39 45 
#15 57 2 7 10 59 28 0 35 4 37 48 16 6 5 
#23 21 19 22 53 9 23 30 18 5 11 37 17 29 1 
49 9 14 43 38 33 
15 46 47 19 55 40 
52 36 34 11 18 22 
1 28 58 39 8 54 
41 12 30 45 24 2 
53 16 35 56 32 37 
#Base: 913
#Max: 414
#453450
#Turn 2
#4 12 14 18 22 10 4 0 13 41 26 27 24 46 18 
#4 11 12 24 44 1 26 19 35 16 26 17 24 46 2 
#29 31 12 18 22 1 26 0 17 16 17 5 29 15 56 
#7 31 43 18 40 10 1 0 17 41 36 5 30 6 56 
#17 13 53 29 43 4 1 3 6 12 36 27 30 11 12 
#7 13 14 47 17 10 2 0 6 1 10 3 21 62 5 
#28 19 12 5 44 1 2 5 6 16 0 4 52 15 6 
#10 48 33 5 35 7 2 22 46 16 0 4 52 21 6 
#2 48 10 5 35 14 11 11 5 1 12 4 52 65 6 
#4 19 10 24 1 47 12 11 35 29 10 1 13 44 44 
#33 5 2 38 1 12 11 25 23 11 35 3 39 65 15 
#47 45 8 38 48 12 1 25 23 11 24 2 37 35 18 
#16 38 43 56 48 10 1 41 3 3 36 2 13 3 18 
#16 5 43 47 0 10 1 41 66 1 12 10 39 8 6 
#5 1 26 47 18 4 19 2 2 1 33 3 39 8 42 
#8 15 34 13 8 56 43 49 9 8 37 23 4 39 25 
#19 57 2 13 8 59 43 0 9 38 37 48 26 6 45 
#15 57 5 26 0 14 36 3 10 4 37 48 16 6 4 
#17 26 22 24 0 4 36 3 10 65 21 22 32 31 4 
#17 5 22 24 48 4 36 3 27 65 21 25 46 3 14 
#27 17 5 43 60 47 0 41 2 38 45 34 32 31 3 
#34 17 12 0 6 5 29 41 10 16 35 34 37 9 3 
#34 9 12 26 0 14 7 1 23 20 67 22 37 31 6 
#5 9 19 26 0 14 7 55 18 20 67 48 16 31 9 
#5 10 19 22 52 59 28 27 15 20 3 48 16 32 9 
#28 31 4 5 24 10 38 55 18 67 17 4 15 11 18 
#27 31 16 11 24 47 15 25 3 67 49 3 24 11 18 
#27 58 23 29 20 4 15 2 38 27 33 33 24 49 42 
#45 31 53 29 18 14 25 2 17 0 10 23 19 32 12 
#40 31 3 42 20 10 3 12 17 3 28 10 38 32 56 
#7 13 14 18 22 10 14 0 3 41 16 5 21 62 5 
#4 19 22 24 17 43 11 11 6 1 26 3 24 15 2 
#10 11 12 43 44 7 26 5 46 16 45 4 29 15 22 
#7 31 43 18 35 14 11 22 6 41 17 4 52 65 6 
#10 34 10 15 1 15 12 41 5 12 36 19 34 44 12 
#4 14 4 29 48 43 36 19 15 14 3 61 13 11 13 
#7 13 14 36 17 14 11 0 26 1 12 3 21 62 5 
#28 19 8 38 17 1 11 25 23 11 35 39 66 15 15 
#10 48 4 5 44 7 1 21 3 16 0 4 13 21 18 
#2 48 43 5 60 10 11 22 6 3 12 4 52 65 6 
#11 5 26 47 0 5 54 11 5 1 12 3 34 44 44 
#5 1 22 24 48 43 19 19 2 16 10 6 13 15 50 
#5 15 2 0 52 14 8 0 10 1 12 23 4 65 9 
#19 45 8 13 8 12 29 25 9 11 37 8 26 39 45 
#47 38 2 56 10 43 28 21 3 4 24 2 16 6 18 
#16 8 5 26 0 10 36 41 10 3 67 10 30 31 56 
#11 5 22 24 0 5 36 3 3 65 21 28 39 3 6 
#5 5 2 29 39 22 19 2 2 16 7 25 46 38 42 
#8 15 9 43 20 47 0 49 2 38 25 27 4 11 25 
#34 17 5 0 60 5 43 41 10 38 37 34 26 31 3 
#16 45 2 7 10 24 28 51 35 4 35 48 37 9 5 
#17 9 26 26 0 14 7 3 10 65 67 22 18 31 6 
#17 38 19 22 25 59 28 55 18 20 6 28 16 3 50 
#16 5 38 29 39 14 40 12 27 8 3 61 46 38 14 
#27 48 4 5 41 47 2 55 18 38 0 27 24 21 15 
#34 17 5 0 60 10 1 2 3 16 17 34 32 31 18 
#16 45 12 46 20 24 15 51 38 32 35 14 37 46 2 
#34 9 26 26 18 4 25 1 66 37 33 22 18 49 6 
#45 31 53 2 25 59 28 55 18 20 10 48 12 32 9 
#40 27 3 42 52 14 9 27 15 3 28 61 38 6 56 
18 7 8 25 11 29 
44 40 24 52 13 37 
35 15 27 20 56 12 
26 33 39 58 59 49 
10 54 23 16 45 57 
22 50 19 53 51 3 
#Base: 913
#Max: 447
#489595
#Turn 3
#17 26 33 24 0 7 36 3 10 65 21 4 52 31 4 
#10 48 33 5 35 7 11 11 5 16 12 4 52 65 6 
#28 31 10 5 24 14 11 55 18 67 17 4 52 65 6 
#47 31 8 38 48 10 1 55 18 11 17 2 37 11 18 
#40 31 3 38 48 12 1 25 23 3 24 10 38 35 56 
#47 5 2 56 10 43 28 21 5 1 12 3 34 6 18 
#11 5 26 47 52 59 28 27 5 1 3 48 16 32 9 
#5 38 19 22 52 59 28 55 15 20 6 48 16 32 50 
#17 38 19 22 25 10 1 41 18 20 6 28 39 8 6 
#28 5 43 38 17 1 1 25 66 1 35 10 39 8 15 
#4 15 4 29 8 56 43 19 15 14 37 23 13 39 13 
#27 58 34 13 8 4 15 49 9 27 33 23 4 39 42 
#27 58 5 29 20 47 15 2 2 27 45 33 32 31 3 
#27 45 12 46 60 47 0 51 38 32 35 14 37 46 2 
#16 38 12 56 20 10 1 51 3 3 35 14 13 46 2 
#27 31 43 18 35 14 15 25 6 67 49 4 24 65 6 
#7 31 43 18 60 14 11 22 6 3 17 4 52 65 6 
#45 48 53 5 60 59 11 22 6 3 10 48 12 65 9 
#40 31 3 2 25 59 9 27 18 3 10 61 12 32 56 
#40 17 5 42 60 5 9 27 15 38 28 34 38 6 56 
#33 48 4 38 1 12 11 25 23 38 35 3 24 65 15 
#5 9 4 26 0 14 7 55 18 20 0 48 16 31 9 
#5 9 19 13 0 14 7 55 18 38 37 48 16 6 45 
#19 57 5 13 0 10 36 0 10 38 37 48 26 6 56 
#16 8 26 26 18 10 25 41 66 3 33 10 30 49 56 
#16 9 12 26 0 14 28 51 35 4 35 48 37 31 5 
#17 45 2 7 48 24 36 51 27 4 35 25 46 3 5 
#17 5 38 24 48 14 36 12 27 65 3 61 46 3 14 
#16 5 26 26 39 14 40 3 10 8 67 22 46 38 14 
#17 9 43 18 0 10 1 3 10 65 36 22 18 31 6 
#17 26 2 56 10 43 28 21 3 65 21 22 16 31 18 
#10 48 26 5 35 7 54 11 46 1 0 3 52 21 6 
#5 10 19 5 35 59 11 27 15 1 3 48 52 65 9 
#17 38 19 22 25 59 38 55 18 20 6 4 15 11 50 
#16 45 43 38 0 10 1 41 23 11 12 10 37 35 18 
#28 31 3 38 17 10 3 25 23 11 35 39 38 32 56 
#47 14 4 56 48 43 28 19 15 14 24 61 13 11 13 
#8 15 26 47 0 5 43 49 5 1 37 3 4 39 25 
#5 58 23 29 20 59 15 27 38 27 3 33 16 49 42 
#17 17 5 22 60 59 28 41 18 38 6 28 16 3 3 
#16 45 43 46 0 10 1 41 38 32 12 14 37 8 2 
#16 38 43 56 48 1 11 41 23 11 35 39 66 15 15 
#4 14 4 29 48 43 15 25 3 14 3 3 24 11 13 
#8 31 43 13 35 14 43 49 9 41 17 4 4 65 6 
#27 58 43 29 60 10 15 2 6 3 33 4 52 49 6 
#27 31 53 43 60 59 28 41 2 38 45 48 12 32 3 
#40 27 3 46 20 24 15 27 38 3 28 14 37 46 2 
#16 38 43 0 48 10 43 41 10 38 37 34 26 31 3 
#33 5 16 11 1 47 11 25 3 11 49 3 24 11 15 
#7 48 4 18 41 14 2 55 18 41 0 4 52 21 15 
#5 9 19 26 0 14 11 22 6 20 67 4 16 65 6 
#19 57 53 13 8 59 28 55 18 20 37 48 12 6 9 
#16 27 3 42 0 14 36 41 15 3 67 10 30 31 56 
#34 17 5 0 60 4 25 41 66 38 33 34 26 31 6 
#33 5 12 26 1 14 7 25 23 11 67 3 39 31 15 
#16 45 4 7 10 24 28 51 35 4 0 27 24 21 15 
#17 5 19 26 0 4 36 55 18 65 21 25 16 3 14 
#16 57 2 13 39 59 40 0 27 8 3 61 26 6 14 
#17 8 26 26 0 14 36 41 10 3 67 22 30 31 6 
#7 31 43 18 40 10 25 1 17 37 36 22 18 49 6 
35 49 30 52 6 39 
12 26 47 2 16 28 
4 43 15 7 51 33 
19 27 41 45 13 38 
11 57 24 17 44 36 
31 23 32 53 18 20 
#Base: 913
#Max: 522
#571742
#Turn 4
#28 48 3 38 17 14 2 55 18 41 35 4 52 32 56 
#7 26 2 18 41 14 2 21 3 65 21 4 52 31 15 
#17 26 3 56 10 43 36 41 3 3 21 22 30 31 18 
#16 5 3 42 52 14 36 41 15 1 67 10 30 31 56 
#17 17 5 22 52 59 28 27 18 38 3 48 16 3 3 
#27 45 2 29 20 47 15 51 27 4 45 25 46 31 5 
#16 45 2 0 48 10 43 41 10 4 37 34 46 3 5 
#28 31 10 0 48 14 43 41 18 38 17 4 26 31 3 
#7 31 43 5 24 14 11 55 6 3 17 4 52 65 6 
#7 31 43 26 39 14 40 22 6 3 67 22 46 65 14 
#8 31 3 38 48 12 43 25 23 41 17 10 38 65 6 
#27 31 43 13 35 14 43 25 6 41 17 4 24 65 6 
#27 38 19 18 52 14 28 55 15 20 6 4 24 65 50 
#5 38 53 13 52 59 28 55 18 20 6 48 16 6 9 
#19 57 53 22 25 59 38 55 18 20 6 4 12 6 9 
#17 5 5 24 60 14 36 12 15 65 28 61 38 6 14 
#17 5 38 56 48 1 11 41 27 11 3 39 46 3 14 
#16 31 53 56 60 1 11 41 2 38 45 48 12 32 15 
#27 45 12 46 60 47 0 41 38 38 35 48 37 46 3 
#27 45 23 29 20 59 0 27 38 27 3 33 37 49 42 
#16 58 34 13 39 4 40 49 27 27 33 23 4 6 14 
#16 57 26 13 18 59 40 41 27 8 3 61 30 6 56 
#16 48 26 5 18 10 25 22 66 3 10 48 12 49 9 
#27 48 53 5 60 59 15 22 6 3 10 48 12 65 9 
#27 14 43 56 48 43 28 19 6 14 24 4 52 11 13 
#19 48 26 13 0 7 36 0 46 1 37 48 26 21 56 
#5 10 5 5 0 10 36 0 15 1 37 48 52 65 56 
#5 17 19 0 35 59 25 27 15 38 33 34 52 31 9 
#34 31 3 0 60 4 25 27 18 38 33 61 26 31 6 
#40 48 3 2 25 59 9 25 23 38 10 3 24 65 56 
#28 58 3 38 20 47 15 2 2 11 35 33 32 32 3 
#17 45 4 7 48 14 36 51 27 41 0 25 46 3 15 
#16 38 43 0 10 10 43 41 10 38 21 34 16 31 3 
#16 27 10 5 24 14 11 55 15 3 67 4 30 31 56 
#7 31 43 18 60 14 28 27 5 1 17 48 52 65 6 
#17 17 5 26 39 14 40 41 18 8 67 22 16 38 14 
#40 31 5 29 48 12 15 2 23 27 24 10 32 35 3 
#17 45 43 7 35 24 36 51 9 4 35 4 4 3 6 
#27 31 43 18 35 10 43 41 10 38 37 34 24 31 3 
#5 38 10 22 24 59 28 55 15 20 17 48 52 65 50 
#7 31 53 18 8 59 11 22 6 3 37 4 12 6 6 
#16 38 19 22 39 14 40 3 18 8 6 22 15 38 50 
#40 17 3 42 60 5 9 27 15 3 24 34 38 6 56 
#17 5 43 24 48 14 43 49 9 65 17 61 46 65 14 
#27 38 43 56 35 14 15 25 23 11 35 39 66 15 15 
#27 38 53 43 52 59 28 41 15 20 45 48 12 32 50 
#19 45 12 13 60 59 0 51 38 20 37 48 12 6 2 
#5 58 23 22 20 59 38 27 18 27 6 33 16 49 50 
#40 58 34 13 60 4 9 49 15 27 28 34 38 6 42 
#16 5 2 13 39 59 40 12 27 8 3 61 26 6 14 
#16 38 43 26 18 1 25 41 23 11 33 10 66 49 56 
#27 31 53 43 60 59 11 41 6 38 10 48 12 65 9 
#27 45 12 46 60 10 0 2 38 3 33 14 52 46 2 
#47 58 4 56 48 43 28 27 38 27 24 61 13 49 42 
#27 48 34 5 8 4 54 11 9 1 0 23 4 39 42 
#19 57 2 13 0 10 40 0 27 38 3 48 26 6 56 
#16 8 26 26 35 10 25 27 15 1 3 48 30 65 56 
#45 48 53 0 60 4 25 41 6 3 33 34 12 65 6 
#40 58 43 2 25 59 9 27 18 3 10 61 12 49 56 
#33 48 4 38 48 12 28 19 15 38 24 3 24 11 15 
42 25 14 13 19 56 
24 5 44 58 47 10 
26 3 23 39 18 12 
50 21 51 53 45 9 
28 34 29 43 57 0 
33 15 46 17 48 52 
#Base: 913
#Max: 565
#618839
#Turn 5
#19 48 26 13 60 7 9 0 46 3 37 48 38 6 56 
#19 57 26 13 0 7 38 0 46 1 6 4 12 21 9 
#5 57 53 22 25 59 38 55 18 20 6 4 12 6 9 
#27 38 53 29 20 59 0 55 18 27 3 48 16 49 42 
#27 45 26 29 35 59 25 27 38 27 3 48 37 65 56 
#27 45 2 29 20 43 28 19 27 4 24 4 52 11 13 
#27 45 2 29 20 47 15 25 23 11 45 39 66 31 5 
#27 58 43 2 35 59 15 25 18 3 10 61 66 49 15 
#5 58 43 22 20 59 9 27 18 3 6 33 16 49 50 
#8 31 23 22 48 59 43 25 18 27 17 33 16 49 6 
#16 5 3 42 52 14 36 0 15 1 37 48 52 65 56 
#16 48 53 5 52 14 36 41 6 3 67 48 12 31 9 
#27 48 53 22 60 59 15 22 15 3 10 48 52 65 50 
#27 38 10 22 60 59 0 55 15 20 35 48 37 65 50 
#27 38 12 46 52 47 28 55 38 38 35 48 24 46 3 
#16 38 43 26 18 1 25 41 23 11 33 61 30 49 56 
#16 31 53 43 60 59 11 41 27 8 10 48 12 65 56 
#27 31 53 43 60 59 11 41 6 27 24 48 12 49 9 
#27 38 53 43 48 59 28 41 15 27 24 61 12 49 50 
#7 31 53 43 39 14 28 41 15 3 67 48 46 32 50 
#7 31 3 18 60 14 25 27 18 38 17 48 52 31 6 
#40 48 3 2 60 59 28 25 5 1 17 3 24 65 56 
#17 5 3 24 25 14 43 25 9 65 17 3 46 65 56 
#17 48 53 24 48 14 25 41 9 65 33 61 46 65 14 
#28 48 53 38 17 14 25 55 18 3 35 34 52 65 56 
#17 27 5 24 24 14 36 55 15 3 67 4 30 6 56 
#17 45 5 24 60 14 0 12 38 20 37 48 38 6 2 
#16 31 53 13 60 1 11 41 2 38 37 48 12 32 2 
#16 31 53 56 60 1 11 49 2 27 28 48 12 32 42 
#40 45 34 46 60 10 9 49 38 27 33 34 52 6 42 
#27 14 3 42 60 43 28 27 6 3 24 34 38 6 56 
#27 48 2 13 0 7 15 0 46 1 45 48 26 31 5 
#19 57 53 22 25 14 38 25 23 11 6 4 66 15 9 
#40 58 53 2 25 59 9 55 18 20 10 61 16 6 9 
#5 45 23 29 20 59 0 27 18 27 6 33 16 49 50 
#16 8 26 38 35 12 43 27 15 41 17 10 38 65 56 
#27 10 5 56 0 43 28 0 15 14 37 4 52 65 13 
#27 5 3 42 52 14 15 41 27 1 67 10 30 31 5 
#27 38 53 56 35 59 15 25 6 3 10 48 12 65 15 
#40 58 10 22 24 59 9 55 18 3 17 48 12 49 56 
#5 58 23 46 20 59 0 27 38 38 6 33 37 46 3 
#8 31 3 38 48 14 43 55 23 20 6 4 38 65 50 
#16 10 43 26 0 1 25 0 23 11 33 10 66 49 56 
#16 5 3 13 18 14 40 41 27 1 67 61 30 6 56 
#27 31 53 5 60 59 11 22 6 3 10 48 12 65 9 
#5 38 10 22 24 43 28 55 15 20 24 61 13 65 42 
#27 38 12 46 60 59 28 41 38 38 45 48 37 46 50 
#27 31 43 18 39 14 40 22 6 20 6 4 46 65 14 
#34 31 3 0 60 1 25 41 23 38 33 61 66 49 56 
#16 31 43 13 18 59 40 41 5 8 3 61 52 6 6 
#27 31 53 43 25 59 11 25 6 38 10 48 12 65 9 
#47 5 4 56 48 14 43 27 38 27 24 61 13 49 14 
#45 48 53 0 60 4 28 41 6 3 45 48 12 32 50 
#7 48 43 26 17 14 40 55 18 3 35 4 46 65 56 
#34 27 3 5 24 4 11 55 18 3 33 61 30 31 56 
#17 31 43 24 60 14 28 27 15 1 17 48 38 65 6 
#19 48 3 13 60 59 9 51 38 20 10 3 24 6 2 
#17 5 43 24 48 14 11 41 2 38 17 48 46 32 14 
#45 48 53 13 60 4 9 41 15 27 28 34 12 6 6 
#28 48 12 38 60 10 2 2 38 3 33 4 52 32 2 
8 55 45 38 33 22 
35 44 10 48 21 15 
41 28 24 16 13 51 
17 4 18 46 12 29 
40 3 7 23 14 39 
0 50 53 19 52 11 
#Base: 913
#Max: 613
#671413
#Turn 6
#5 31 43 24 20 14 28 27 18 3 6 33 38 65 50 
#17 31 10 22 60 14 28 27 15 20 17 61 13 65 42 
#5 38 53 56 35 43 15 55 6 20 24 61 12 65 15 
#27 38 53 2 35 59 9 25 6 3 10 48 16 65 15 
#17 58 53 2 25 14 9 25 18 65 10 3 16 6 56 
#16 31 26 5 35 12 11 22 6 3 10 48 12 65 9 
#27 5 53 42 52 59 11 22 6 1 10 48 52 65 56 
#34 5 3 42 52 14 36 41 23 1 33 48 52 65 56 
#40 31 3 0 60 1 28 41 5 38 33 61 24 49 56 
#16 48 3 2 18 1 25 25 23 1 17 3 30 65 56 
#8 31 53 38 60 14 43 55 23 20 28 4 12 32 42 
#16 48 53 38 17 14 25 49 2 3 35 48 52 65 56 
#28 48 53 38 17 14 25 55 18 8 10 34 12 65 56 
#27 31 10 43 60 59 11 41 15 20 35 48 37 65 50 
#47 38 4 22 60 59 0 55 38 20 35 61 37 49 50 
#27 31 53 43 60 59 11 41 38 27 3 48 12 65 56 
#27 38 26 43 48 59 25 41 15 27 24 48 12 49 50 
#27 38 12 43 48 59 28 41 38 27 24 48 37 46 50 
#27 48 53 46 60 59 28 22 38 38 45 48 52 46 50 
#27 45 53 22 60 59 9 49 38 3 10 48 52 65 42 
#27 58 23 29 20 59 0 55 18 38 6 33 16 49 42 
#27 58 43 2 35 59 0 25 18 3 10 48 16 49 15 
#17 48 53 24 48 14 15 41 9 65 10 61 46 49 14 
#17 38 12 46 48 47 25 41 38 38 33 61 24 65 3 
#40 38 12 46 52 59 28 55 18 3 35 48 12 46 56 
#19 48 26 13 25 59 9 0 6 38 10 48 38 6 9 
#27 31 43 43 17 59 40 25 18 38 35 48 46 65 9 
#7 48 53 26 39 14 28 55 15 3 35 4 46 65 50 
#7 48 53 43 39 14 28 41 15 3 67 48 12 32 50 
#45 48 53 0 60 14 36 41 6 3 45 48 12 31 9 
#5 58 26 38 20 12 43 27 15 41 17 33 38 49 50 
#27 31 43 24 60 14 11 22 15 1 10 48 12 65 9 
#5 5 10 42 24 14 28 0 15 20 37 61 13 65 56 
#34 38 3 0 60 59 15 25 6 38 10 48 66 49 15 
#40 48 3 2 25 59 9 55 18 1 10 3 24 65 56 
#17 38 3 24 25 1 43 41 9 11 17 3 46 49 56 
#8 31 26 38 35 12 43 55 15 41 6 4 38 65 56 
#27 31 53 56 60 1 11 49 2 27 10 48 12 65 9 
#16 5 3 38 17 14 25 55 15 3 35 34 52 65 56 
#16 31 3 43 60 1 11 41 23 38 33 61 12 49 56 
#27 48 10 2 60 59 28 55 15 1 17 3 37 65 56 
#47 38 43 26 48 1 43 41 38 27 24 61 30 49 56 
#27 31 53 43 60 14 43 41 6 20 24 48 12 49 50 
#16 31 26 56 35 1 25 49 2 27 28 48 12 32 42 
#28 38 53 38 17 59 28 55 15 3 35 61 52 49 50 
#16 38 12 43 60 59 11 41 38 8 10 48 12 46 56 
#27 48 10 22 60 59 15 55 15 3 10 48 37 65 50 
#40 45 4 56 60 14 43 49 38 27 24 34 13 6 42 
#27 31 23 43 60 59 0 41 38 27 6 33 37 46 3 
#27 38 26 29 20 59 0 55 18 27 3 48 37 49 42 
#27 38 53 2 35 59 28 25 15 3 10 61 66 49 15 
#17 38 12 46 48 14 28 41 38 38 45 48 37 65 14 
#27 38 12 46 60 47 28 22 15 38 35 48 52 65 3 
#40 45 10 46 24 59 9 49 38 3 17 48 12 6 56 
#5 48 26 46 20 59 9 0 46 38 37 33 38 6 3 
#27 38 53 29 25 59 0 55 6 38 3 48 12 49 42 
#27 58 43 26 35 14 40 55 18 3 10 4 66 65 56 
#17 31 53 43 48 14 28 41 9 3 67 61 46 65 50 
#27 38 53 0 60 4 28 55 38 38 45 48 12 32 50 
#16 58 10 22 24 14 36 55 6 3 67 48 12 31 56 
37 33 28 22 2 39 
8 47 7 41 51 50 
27 16 13 44 15 42 
26 24 14 18 57 56 
55 58 52 19 17 6 
12 40 11 46 23 45 
#Base: 913
#Max: 660
#722892
#Turn 7
#34 31 53 0 60 59 11 49 2 38 10 48 12 65 9 
#7 38 3 0 39 14 15 41 6 3 67 48 66 32 50 
#17 48 53 43 48 14 15 41 15 65 10 48 46 32 14 
#5 38 53 56 48 14 15 55 9 65 24 61 46 49 14 
#5 38 3 56 35 43 11 41 6 38 24 61 12 49 15 
#40 45 4 0 60 1 43 49 5 38 24 61 24 49 56 
#40 5 3 56 52 14 36 49 23 27 24 48 52 65 56 
#34 38 3 26 48 1 36 41 23 27 33 61 30 65 56 
#17 38 43 26 48 1 28 41 38 38 24 61 30 65 14 
#27 38 53 2 48 14 28 25 38 38 45 48 37 65 14 
#7 48 53 26 39 59 28 55 15 3 35 48 12 65 50 
#27 31 26 43 60 59 11 41 15 27 24 48 37 49 50 
#27 38 10 43 17 59 11 41 15 20 35 48 37 49 50 
#28 38 53 38 17 59 28 55 38 27 35 48 52 65 56 
#27 31 53 43 60 14 11 41 38 27 3 48 12 49 56 
#27 31 12 43 17 59 28 55 18 3 35 48 46 46 9 
#40 38 4 46 52 59 28 55 38 3 35 61 12 46 56 
#47 48 4 46 60 59 0 22 38 20 45 61 37 46 50 
#17 48 53 46 48 14 28 22 9 3 45 48 52 65 50 
#27 58 43 43 35 14 28 55 9 3 67 61 46 65 50 
#27 38 53 29 60 59 0 55 38 38 45 48 12 32 42 
#27 38 12 46 60 47 28 55 15 38 35 48 12 65 50 
#27 38 53 22 60 59 9 22 38 38 10 48 52 65 3 
#27 38 12 43 48 59 28 41 38 27 24 48 37 46 42 
#27 38 53 42 48 59 11 22 6 27 10 48 37 65 50 
#28 48 53 38 60 14 28 55 15 1 17 3 12 65 56 
#16 48 53 2 60 59 28 55 15 3 35 48 37 65 56 
#27 48 53 38 17 59 15 49 2 3 10 48 52 65 50 
#27 48 12 46 60 59 15 55 38 3 10 61 24 65 3 
#16 38 12 46 48 59 25 41 38 8 10 61 12 46 56 
#40 31 53 56 60 1 28 49 5 38 33 61 24 49 56 
#40 45 4 0 60 59 15 49 38 38 10 34 13 6 42 
#7 5 53 42 52 14 36 41 15 1 67 48 52 65 50 
#17 38 53 24 48 14 43 41 9 27 10 61 46 49 14 
#5 38 12 46 48 14 15 41 38 20 24 48 12 65 14 
#16 31 3 2 35 59 28 41 15 3 33 61 12 49 15 
#7 48 53 26 39 1 28 41 15 38 35 61 24 49 56 
#27 38 4 43 48 14 43 41 15 27 24 34 12 49 50 
#27 31 10 43 52 59 11 41 15 20 33 48 37 65 50 
#47 38 53 38 17 59 28 41 15 27 24 61 52 49 50 
#17 38 53 46 48 14 11 41 38 27 3 48 37 65 14 
#27 31 53 43 60 14 43 41 15 20 10 48 66 49 50 
#7 48 43 26 17 59 28 25 15 3 35 48 46 65 50 
#27 38 12 43 48 59 28 41 15 3 24 48 12 49 50 
#27 31 10 43 60 59 0 41 38 20 35 48 37 49 50 
#28 48 53 46 17 59 28 55 15 3 35 61 52 46 50 
#17 31 53 43 60 59 28 41 9 27 3 48 46 65 50 
#27 31 43 26 60 14 40 41 18 20 10 4 66 49 56 
#27 38 53 43 25 59 40 25 6 38 35 48 12 49 42 
#40 38 53 0 60 4 28 55 38 3 35 48 12 46 56 
#27 38 12 22 60 47 28 55 15 38 35 61 52 49 3 
#27 45 53 22 60 59 9 49 38 3 10 48 52 65 42 
#27 38 53 43 48 59 28 41 9 27 24 61 46 65 50 
#27 5 43 26 52 59 40 55 18 3 10 48 66 65 56 
#27 48 53 29 17 59 25 55 18 8 10 48 12 49 42 
#27 38 53 2 60 4 28 55 38 38 17 3 37 32 50 
#27 38 53 38 60 14 28 22 2 3 35 48 52 65 56 
#27 45 53 22 60 59 15 55 38 3 10 48 37 65 50 
#27 38 12 43 48 47 25 41 38 27 33 48 37 46 50 
#27 5 12 43 60 59 11 22 38 1 10 48 12 46 56 
36 49 56 6 10 28 
48 11 22 26 18 24 
50 58 17 39 57 23 
20 30 45 13 19 53 
38 3 16 52 51 41 
7 44 32 46 21 27 
#Base: 913
#Max: 637
#697700
#Turn 8
#40 38 53 26 39 1 28 55 38 38 35 48 24 49 56 
#40 38 53 0 60 4 28 22 2 3 35 48 12 65 56 
#40 38 53 56 60 14 28 49 23 27 35 48 52 65 56 
#40 5 3 26 39 59 36 55 15 27 35 48 52 65 50 
#7 48 12 26 60 59 15 55 38 3 35 48 24 65 50 
#27 31 26 43 60 59 11 41 6 27 35 48 12 49 50 
#27 38 53 43 60 59 9 22 38 27 24 48 37 49 3 
#27 48 53 2 60 59 9 22 15 3 10 48 37 65 56 
#16 48 53 46 48 59 28 22 9 3 45 48 37 65 56 
#17 38 53 46 48 14 28 22 6 27 10 48 37 65 50 
#27 38 12 22 60 47 25 55 38 38 35 61 52 49 3 
#47 48 4 46 48 47 25 22 38 20 33 61 37 46 50 
#47 38 53 38 60 59 0 22 38 27 45 61 52 46 50 
#47 45 53 38 60 59 15 41 38 27 24 61 37 49 50 
#27 38 53 22 48 59 28 41 38 27 10 48 37 65 50 
#27 31 53 56 60 1 0 49 5 38 33 61 12 32 42 
#28 31 53 46 17 1 28 49 5 3 33 61 24 46 56 
#28 48 53 38 17 59 28 55 38 3 35 61 52 65 56 
#27 58 53 38 35 14 28 55 38 3 35 48 46 65 56 
#27 58 43 26 35 14 40 55 18 3 10 48 66 65 50 
#27 31 10 56 52 59 15 41 9 65 24 48 46 49 14 
#5 38 4 56 52 59 15 55 38 3 35 61 46 46 56 
#40 38 4 46 48 59 28 55 38 27 24 61 46 65 56 
#27 38 53 22 48 59 9 41 38 3 24 48 52 65 50 
#27 31 53 22 60 14 43 49 38 3 10 48 52 65 42 
#27 31 3 43 60 1 36 41 23 20 35 61 37 49 50 
#27 31 10 43 52 14 0 41 38 20 35 48 52 49 50 
#7 5 53 43 60 14 28 41 15 27 3 48 52 65 50 
#17 38 12 43 60 59 28 41 15 38 35 48 12 65 50 
#27 38 53 46 17 59 28 49 2 38 10 48 12 65 50 
#7 48 53 43 39 59 28 41 15 38 35 48 12 49 56 
#27 38 26 0 60 4 28 41 15 27 35 48 37 46 56 
#27 38 53 22 60 59 9 22 38 38 10 48 52 65 3 
#40 5 53 2 60 59 36 49 23 27 24 48 37 65 56 
#17 48 53 26 48 59 28 55 9 3 35 48 12 65 50 
#27 48 12 42 60 59 15 55 38 27 10 61 24 65 3 
#27 38 53 43 60 59 40 25 15 38 35 48 52 49 3 
#27 38 12 43 60 47 11 41 15 27 24 48 37 46 50 
#47 48 53 46 60 59 9 22 38 38 45 61 52 65 50 
#16 48 53 38 60 59 28 55 15 27 35 61 37 49 50 
#27 48 53 46 60 59 28 22 9 3 45 48 52 65 50 
#27 38 53 43 48 59 11 22 6 27 24 48 37 65 42 
#27 38 53 29 60 47 0 55 38 38 35 61 12 49 42 
#27 38 53 56 48 1 28 49 38 38 33 48 24 46 50 
#28 48 53 46 60 59 0 55 38 3 45 61 52 46 50 
#28 38 53 38 17 59 28 41 15 27 24 48 52 49 50 
#27 45 43 43 35 59 28 55 9 3 67 61 46 65 50 
#27 38 12 43 48 59 40 55 18 27 24 48 66 46 56 
#27 31 10 43 60 59 0 55 38 20 33 48 12 32 50 
#40 38 53 56 60 1 15 55 5 38 33 61 24 49 56 
#28 38 4 46 52 59 28 55 38 3 35 61 12 46 50 
#28 38 53 43 17 59 28 55 9 27 35 48 46 65 56 
#27 58 53 22 60 59 28 49 9 3 67 61 46 65 50 
#27 31 53 43 60 59 43 41 15 20 10 48 66 49 56 
#27 31 3 26 48 1 11 41 15 27 33 61 30 65 56 
#5 31 10 43 48 14 0 41 9 65 24 48 37 49 50 
#7 5 53 42 52 59 28 55 38 1 35 61 52 46 56 
#27 31 53 43 60 59 28 41 9 27 24 48 46 65 50 
#27 45 53 22 60 59 28 55 38 38 35 48 12 65 50 
#27 48 53 43 17 14 15 49 15 20 10 48 66 65 50 
34 19 43 56 8 10 
28 0 42 17 36 30 
21 49 12 2 46 33 
57 22 13 38 44 53 
45 14 40 52 58 51 
24 23 18 39 47 11 
#Base: 913
#Max: 693
#759036
#Turn 9
#27 58 53 26 35 59 40 55 9 3 10 48 12 65 50 
#27 58 43 26 48 1 28 55 18 3 33 48 24 46 50 
#7 38 53 42 48 59 28 49 38 38 35 48 52 46 50 
#7 5 53 42 52 59 28 22 9 1 45 61 37 46 56 
#27 38 12 46 60 59 25 55 9 3 35 61 52 49 56 
#40 38 12 43 60 1 28 55 15 38 35 48 12 49 50 
#40 38 53 26 60 1 0 55 38 38 35 48 24 49 42 
#27 48 53 29 60 47 28 55 38 3 35 61 52 49 42 
#28 38 53 38 60 59 28 25 15 3 35 61 52 49 56 
#7 38 53 43 60 59 28 41 15 38 35 48 12 49 56 
#40 38 4 56 60 1 15 55 38 3 35 61 24 46 56 
#40 38 53 56 60 59 15 55 5 38 45 61 52 46 56 
#47 38 53 38 60 14 0 22 38 27 35 48 52 65 50 
#40 45 53 43 60 14 28 49 23 27 67 61 46 65 56 
#27 45 43 43 35 59 36 49 9 27 24 48 46 65 50 
#27 38 53 46 48 59 28 41 9 27 24 61 46 65 50 
#40 38 53 46 60 59 28 41 38 27 24 61 37 49 50 
#47 48 53 38 60 59 15 22 38 38 24 61 37 65 50 
#47 48 53 46 60 59 0 55 38 38 45 61 52 65 50 
#27 48 53 43 60 59 43 55 15 20 10 48 66 46 50 
#28 38 53 38 17 59 28 41 15 27 24 48 37 65 50 
#27 38 53 22 48 59 28 22 9 3 10 48 52 65 50 
#27 58 53 22 60 59 28 49 9 3 45 61 46 65 50 
#27 58 53 22 60 59 28 55 38 3 35 48 46 65 50 
#28 38 53 43 60 59 28 55 38 38 35 48 12 65 50 
#27 38 53 22 48 14 43 41 38 3 24 48 52 65 42 
#27 38 53 38 48 59 28 41 38 3 24 48 52 65 56 
#16 48 53 38 60 59 28 55 15 3 35 61 37 65 56 
#27 38 53 38 60 59 40 55 15 27 35 48 37 46 50 
#27 38 12 46 48 47 40 22 38 20 24 61 66 46 50 
#17 38 12 26 60 59 28 55 15 38 35 48 12 65 50 
#40 58 43 26 35 14 28 55 38 3 10 48 24 65 50 
#27 38 53 29 60 1 0 55 38 38 33 61 12 46 42 
#28 5 53 42 17 59 28 55 38 1 35 61 52 46 56 
#27 48 53 46 60 59 28 22 15 3 35 48 37 65 56 
#27 38 53 22 39 47 28 55 38 38 35 61 12 49 56 
#17 38 4 43 60 59 15 41 38 3 35 48 12 65 56 
#40 38 53 26 39 1 28 55 38 38 35 61 24 49 56 
#47 38 53 29 60 47 0 55 38 38 35 61 52 46 50 
#28 48 53 56 17 14 28 49 38 3 35 61 52 65 56 
#27 38 53 43 35 59 40 25 9 3 67 48 52 49 50 
#7 48 53 2 39 59 28 41 15 38 24 48 12 49 56 
#5 31 53 43 52 59 15 55 38 3 35 61 46 46 56 
#40 38 4 46 48 1 28 55 5 27 33 61 46 65 56 
#47 45 53 38 60 59 15 41 38 27 45 61 52 46 50 
#40 38 53 56 60 14 28 22 38 27 35 61 52 65 56 
#27 48 53 43 60 59 0 55 9 3 67 61 52 65 50 
#40 31 53 2 60 59 36 49 23 27 24 48 37 49 56 
#27 38 53 43 17 59 28 41 15 27 24 48 46 49 50 
#40 38 53 22 48 59 28 55 38 27 10 48 37 65 56 
#27 45 53 46 60 59 28 22 38 3 24 48 37 49 50 
#27 48 53 46 60 59 9 49 38 38 67 61 52 65 50 
#27 48 53 22 60 59 28 55 38 38 35 61 52 65 50 
#27 31 53 43 17 59 28 55 15 27 35 48 46 65 56 
#28 38 53 22 17 14 28 49 15 27 10 48 52 49 42 
#27 38 53 22 48 59 9 41 38 3 10 48 37 65 50 
#27 48 53 46 35 59 28 22 9 3 35 48 52 65 56 
#27 58 53 22 60 59 28 55 9 3 67 61 37 65 50 
#27 45 53 43 60 59 40 55 38 27 35 48 12 46 50 
#28 38 4 43 17 47 28 22 9 27 35 61 37 65 50 
9 50 53 7 26 47 
42 8 15 16 49 34 
39 22 17 13 11 27 
58 24 44 51 52 23 
40 46 57 18 45 2 
29 14 28 38 19 35 
#Base: 913
#Max: 722
#790800
#27 38 53 43 60 59 28 22 38 3 24 48 12 49 50 
#27 45 53 46 17 59 28 55 15 3 35 48 37 65 56 
#27 48 53 29 60 47 28 55 15 3 35 61 46 65 42 
#27 48 53 38 60 47 28 55 38 3 24 61 52 65 56 
#27 31 53 38 60 59 36 41 38 3 24 48 52 65 56 
#28 31 53 38 60 59 15 25 15 3 35 61 46 46 56 
#28 38 53 46 48 59 28 25 15 27 35 61 46 49 56 
#40 38 53 46 48 59 28 41 9 27 24 61 46 65 50 
#40 38 53 46 48 59 28 41 38 27 10 61 37 49 56 
#27 38 53 22 60 59 28 22 38 3 10 48 37 65 56 
#27 58 53 56 60 59 28 49 9 3 45 61 52 65 56 
#27 58 53 22 60 59 15 49 38 38 24 61 46 65 50 
#47 45 53 43 60 59 28 49 38 27 24 61 46 65 50 
#40 45 53 56 60 14 28 55 23 27 45 61 52 65 56 
#40 48 53 38 60 59 28 55 15 3 35 61 52 65 56 
#27 45 53 43 60 59 28 55 38 38 35 48 12 46 50 
#28 45 53 43 60 59 28 55 38 38 45 48 12 65 50 
#27 48 53 46 60 59 9 49 38 38 67 61 52 46 50 
#27 48 53 22 60 59 9 55 38 38 67 61 52 65 50 
#27 58 53 22 60 59 28 55 38 3 35 61 52 65 50 
#27 38 53 43 35 59 0 25 9 3 67 61 52 49 50 
#27 58 53 22 60 59 28 55 9 3 67 61 37 65 50 
#47 58 53 46 60 59 0 55 38 38 45 61 37 65 50 
#47 48 53 56 60 14 0 22 38 38 45 61 52 65 56 
#7 38 53 56 48 14 28 22 38 38 35 48 52 65 56 
#27 45 43 43 48 47 36 49 38 20 24 48 66 65 50 
#27 38 53 38 60 59 36 55 15 27 35 48 37 46 50 
#47 38 53 29 60 59 40 55 15 38 35 61 37 46 50 
#47 38 53 43 60 59 43 55 15 38 35 61 66 46 50 
#27 38 53 43 60 47 28 55 15 20 10 61 66 46 56 
#5 31 53 43 60 59 28 41 15 3 35 61 46 46 56 
#27 38 53 38 60 59 28 25 15 3 35 61 37 49 56 
#27 38 53 43 48 59 28 55 9 27 35 61 46 65 50 
#27 48 53 29 60 59 28 41 38 3 24 61 52 49 50 
#27 38 53 22 48 59 28 55 38 27 24 48 37 65 56 
#27 48 53 2 60 59 36 22 23 3 24 48 37 49 56 
#5 48 53 43 52 14 15 49 38 3 35 61 52 46 56 
#28 58 53 38 60 59 28 25 9 3 45 61 52 65 56 
#27 38 53 38 48 59 28 41 38 27 24 61 37 65 50 
#40 38 53 46 60 14 28 41 38 27 67 61 46 49 50 
#40 38 53 22 60 59 28 55 5 38 10 48 52 46 56 
#16 48 53 46 60 59 28 55 15 3 35 61 37 65 56 
#28 48 53 43 17 59 40 55 38 3 35 61 12 46 50 
#27 58 53 22 60 59 28 49 9 3 35 61 46 65 50 
#47 48 53 38 60 59 15 22 38 27 24 61 52 65 50 
#40 48 53 46 60 14 9 49 38 27 67 61 46 65 50 
#40 48 53 22 60 59 28 55 38 38 35 61 52 46 56 
#27 58 53 38 60 59 28 55 38 3 35 61 37 65 56 
#27 45 53 43 35 59 40 25 9 27 67 48 52 49 50 
#27 38 53 43 60 59 0 55 38 3 35 61 12 65 50 
#27 58 53 38 60 59 28 55 38 27 67 61 37 46 50 
#47 48 53 46 60 59 0 49 38 38 67 61 52 65 50 
#40 48 53 56 60 59 28 22 38 38 35 61 52 65 56 
#7 38 53 22 48 59 28 55 38 38 35 48 52 65 50 
#27 38 12 43 35 47 40 22 38 3 67 48 66 49 50 
#27 48 53 43 60 59 0 49 9 27 67 48 52 65 50 
#27 38 53 38 60 59 28 55 9 3 67 48 37 65 50 
#47 38 53 29 60 59 0 55 38 38 45 61 52 65 50 
#40 48 53 56 60 14 43 22 38 20 35 61 66 65 56 
#7 38 53 22 39 59 28 55 38 38 35 61 52 46 56 
#Base: 913
#Max: 733
#802848
