#[0] 3, 3
#[1] 4, 3
#[2] 3, 4
#[3] 3, 2
#[4] 2, 3
#[5] 2, 4
#[6] 1, 3
#[7] 2, 2
#[8] 3, 1
#[9] 4, 4
#[10] 5, 3
#[11] 3, 5
#[12] 4, 2
#[13] 3, 0
#[14] 5, 4
#[15] 4, 5
#[16] 5, 2
#[17] 4, 1
#[18] 0, 3
#[19] 1, 4
#[20] 2, 1
#[21] 1, 2
#[22] 2, 5
#[23] 0, 4
#[24] 5, 1
#[25] 0, 2
#[26] 5, 5
#[27] 1, 5
#[28] 2, 0
#[29] 1, 1
#[30] 4, 0
#[31] 0, 5
#[32] 1, 0
#[33] 0, 1
#[34] 5, 0
#[35] 0, 0
#Turn 0
32 6 52 51 0 26 
2 19 30 25 7 13 
11 48 38 53 9 18 
36 28 37 46 29 45 
21 50 55 44 15 41 
12 54 8 56 39 22 
#Base: 925
#Max: 347
#375135
#Turn 1
#19 22 7 2 6 50 38 28 13 1 1 38 12 1 10 
#19 22 11 33 6 6 30 15 13 1 5 15 38 21 10 
#18 32 11 31 8 6 3 60 22 24 2 25 20 21 2 
#14 53 4 31 12 38 29 60 2 42 4 25 20 37 4 
#38 3 9 16 12 38 29 7 50 39 43 21 13 9 4 
#43 38 10 27 13 33 3 6 50 18 34 10 8 33 44 
#7 38 10 15 13 33 44 46 19 18 37 10 52 2 3 
#7 23 8 36 13 5 44 46 15 0 14 3 6 16 16 
#4 23 62 15 23 26 41 23 9 24 6 3 4 34 10 
#6 8 62 24 23 47 41 20 9 24 4 37 26 4 10 
#54 8 30 27 18 12 54 5 24 30 16 25 26 8 5 
#54 31 5 7 18 31 54 5 11 15 27 25 34 5 5 
#11 30 30 45 18 31 9 0 15 12 67 67 34 3 31 
#11 13 30 57 29 6 9 1 15 11 67 17 21 2 7 
#60 13 21 57 15 6 11 1 20 12 17 18 37 2 8 
#1 8 15 1 22 39 18 22 43 15 8 1 8 11 42 
#17 8 15 22 22 1 18 8 2 10 11 66 11 28 66 
#0 18 1 12 45 1 36 8 23 10 0 1 5 28 5 
#4 5 29 2 31 15 31 3 28 13 0 28 5 24 7 
#16 4 41 1 31 11 41 26 27 13 2 28 4 24 5 
#3 33 32 11 23 33 16 33 8 1 54 27 13 1 1 
#3 28 40 14 23 40 60 19 8 9 5 29 26 2 11 
#16 10 23 1 3 24 2 50 7 3 1 29 21 67 14 
#5 1 23 17 4 66 22 1 30 12 37 23 21 10 14 
#11 3 0 17 0 12 3 43 40 32 39 27 6 10 8 
#29 36 6 4 10 6 31 17 16 35 50 23 2 29 16 
#31 12 5 39 10 6 27 3 1 43 0 32 7 1 5 
#31 16 5 13 37 29 6 12 1 36 0 32 7 10 49 
#35 8 0 24 20 19 9 41 16 36 17 21 2 15 55 
#13 8 0 24 41 52 9 41 52 7 17 36 1 15 16 
#43 25 6 27 25 50 20 28 27 32 1 10 8 1 44 
#25 22 13 33 13 6 38 27 19 18 5 38 52 49 10 
#7 32 8 12 8 40 30 46 15 24 2 10 16 21 23 
#18 23 1 31 37 5 10 60 2 0 15 25 6 37 2 
#14 19 4 15 12 26 29 5 9 42 6 21 15 9 10 
#6 3 56 24 7 7 39 20 50 39 27 23 26 10 18 
#44 8 6 27 19 16 3 2 12 12 34 10 8 5 44 
#25 31 10 15 13 7 54 6 19 15 16 25 11 8 5 
#5 30 5 7 18 31 9 46 11 12 27 67 34 5 31 
#11 19 4 55 6 5 9 15 15 11 67 3 6 16 7 
#60 13 21 15 29 26 41 1 20 24 17 9 4 34 8 
#6 35 56 24 15 47 11 11 27 10 3 37 26 4 18 
#1 8 30 1 26 39 19 22 9 15 9 10 26 5 42 
#17 31 15 22 22 26 18 25 43 15 14 1 11 8 66 
#5 30 1 26 18 1 9 8 11 10 27 66 17 5 5 
#11 18 29 45 6 30 9 15 15 11 0 17 5 3 7 
#60 5 21 57 31 11 6 1 20 13 17 28 21 2 8 
#16 4 2 1 23 8 16 26 27 32 3 11 4 64 49 
#1 61 30 1 24 39 16 33 28 15 8 27 13 17 1 
#3 28 5 4 22 14 60 19 8 9 14 38 26 11 66 
#12 9 40 14 3 1 36 50 7 3 5 66 17 2 5 
#16 1 23 12 41 24 2 71 30 12 1 10 5 67 14 
#4 5 8 2 31 11 41 29 18 32 37 23 69 24 5 
#11 4 41 1 23 8 16 26 40 32 39 6 4 64 1 
#29 36 6 11 25 3 31 33 16 1 12 27 13 9 1 
#3 28 5 39 10 6 27 19 12 10 19 38 53 1 43 
#12 10 5 13 37 40 52 3 1 3 5 29 7 2 49 
#16 1 6 1 34 24 26 12 30 36 65 12 2 10 9 
#8 8 0 24 4 66 22 41 18 7 17 23 12 10 55 
#13 12 14 21 0 12 8 25 40 3 13 27 6 30 16 
56 55 41 14 39 8 
40 48 11 58 22 21 
4 43 38 49 52 47 
5 13 16 12 3 50 
57 46 35 51 9 6 
23 10 31 53 29 30 
#Base: 925
#Max: 403
#435676
#Turn 2
#3 10 5 39 37 40 27 19 1 10 5 29 7 2 49 
#3 28 56 24 10 47 27 19 27 10 19 38 26 4 43 
#60 35 21 57 15 6 11 11 20 10 3 37 26 2 8 
#11 13 4 55 6 6 9 15 20 12 17 18 6 2 7 
#11 19 62 15 6 5 41 15 9 11 6 3 4 16 10 
#1 13 21 1 29 26 16 33 20 15 8 27 13 17 1 
#54 31 30 7 18 31 54 33 28 15 8 25 34 5 5 
#54 8 0 24 4 31 54 5 11 7 27 25 34 5 5 
#16 10 23 24 4 66 2 50 18 7 17 23 21 67 55 
#3 10 40 14 3 24 2 19 8 9 5 29 26 67 11 
#17 31 15 22 22 26 29 25 50 39 14 1 13 9 4 
#5 30 15 22 18 26 18 46 11 12 27 1 34 8 66 
#5 28 5 4 22 31 9 19 11 12 14 38 34 11 31 
#3 5 8 2 22 14 60 29 8 32 37 38 26 11 5 
#4 5 2 2 23 8 41 29 27 32 37 23 4 24 49 
#11 38 10 57 29 6 3 1 50 18 67 10 8 2 44 
#17 13 30 57 29 6 9 8 15 11 11 17 21 2 7 
#17 8 15 45 22 1 18 8 15 12 11 66 34 3 66 
#14 53 30 31 18 31 29 0 2 42 67 25 20 3 4 
#14 9 40 31 3 1 36 60 7 3 4 66 17 2 5 
#60 5 21 57 31 11 6 12 20 13 17 12 21 2 9 
#6 3 56 24 7 7 6 1 50 13 27 23 21 2 8 
#6 1 23 24 41 7 2 20 50 39 1 23 26 67 14 
#6 1 62 12 23 24 41 71 30 12 1 37 5 67 14 
#7 38 10 15 23 47 41 20 9 18 4 37 52 4 3 
#5 8 23 27 18 66 54 5 30 30 16 23 26 10 5 
#54 22 30 27 18 6 38 5 19 18 16 25 26 49 10 
#11 22 13 1 23 8 16 26 40 18 39 6 4 64 10 
#11 8 41 24 23 8 9 41 52 7 17 36 4 15 1 
#13 8 0 27 25 52 9 28 52 7 17 10 8 15 16 
#60 13 21 15 37 40 52 1 20 24 17 9 7 2 8 
#3 61 30 39 10 6 27 33 12 10 8 38 53 17 43 
#54 35 5 24 18 31 54 5 11 15 3 25 34 5 5 
#8 8 21 57 15 6 11 41 18 12 17 23 37 10 55 
#16 19 4 55 3 5 2 50 15 11 67 3 6 16 14 
#3 23 62 15 23 26 60 19 9 9 5 3 4 34 11 
#38 13 21 15 29 38 29 7 20 39 43 9 4 9 8 
#17 31 30 1 22 26 16 33 43 15 8 1 11 8 66 
#5 30 5 7 18 31 54 46 11 15 27 25 34 5 31 
#3 28 0 4 4 14 22 41 8 9 17 23 12 11 55 
#16 10 23 1 3 11 2 50 7 32 1 29 69 24 14 
#16 28 2 1 23 8 60 26 27 32 3 29 26 64 49 
#38 38 10 27 12 33 29 7 50 39 34 10 13 9 44 
#11 31 15 22 22 6 18 1 43 15 67 1 11 8 7 
#5 30 5 7 22 31 18 46 2 10 11 67 11 28 66 
#11 28 30 45 18 14 9 0 15 9 14 38 34 3 31 
#14 53 4 31 31 38 29 60 2 32 37 25 69 37 5 
#12 9 2 14 3 8 16 26 27 32 3 11 4 2 5 
#16 1 6 1 34 33 26 12 30 18 34 12 8 10 9 
#11 13 21 57 31 6 6 1 20 11 67 17 21 2 7 
#17 3 15 22 22 7 18 20 2 10 27 66 11 28 66 
#11 30 23 45 41 24 2 0 30 12 67 67 34 67 14 
#6 8 4 24 12 47 41 20 2 42 4 25 26 4 10 
#12 9 10 15 13 1 44 46 7 3 5 10 17 2 3 
#5 1 23 17 4 66 26 1 30 36 37 23 21 10 9 
#60 8 21 27 18 11 54 5 20 30 17 25 26 8 5 
#6 3 13 33 13 7 39 20 19 18 27 23 26 49 10 
#16 4 41 1 23 24 2 26 30 32 1 6 4 64 1 
#13 8 62 24 41 47 9 20 52 7 17 37 26 4 10 
#7 25 10 27 13 33 44 28 19 18 1 10 52 2 3 
27 20 49 42 11 54 
38 26 33 44 2 55 
32 35 17 15 41 30 
22 31 8 51 46 50 
24 6 19 23 18 25 
7 40 1 58 34 37 
#Base: 925
#Max: 467
#504865
#Turn 3
#11 5 21 1 31 8 16 26 40 13 39 12 4 2 10 
#11 5 21 57 31 11 6 1 20 11 67 17 21 2 7 
#38 13 10 57 31 6 6 1 50 11 67 17 21 2 7 
#38 30 10 27 12 26 29 7 11 39 34 1 34 8 44 
#5 30 15 22 4 66 26 1 11 12 37 23 21 8 66 
#5 22 30 7 18 31 54 46 19 18 27 25 34 5 31 
#54 22 30 27 18 6 38 41 19 12 16 23 26 49 10 
#8 8 5 57 22 6 18 41 18 10 11 67 37 10 55 
#60 30 21 57 22 31 11 11 2 10 11 37 26 28 8 
#60 35 21 57 18 11 54 11 20 10 17 37 26 2 8 
#54 35 5 24 23 31 60 5 11 15 5 25 34 34 5 
#3 8 62 15 22 26 60 19 15 9 5 66 34 3 66 
#17 8 15 57 29 6 3 8 15 18 11 66 8 3 66 
#11 28 10 57 29 6 60 26 27 32 67 10 8 2 44 
#16 13 21 15 23 8 52 26 27 32 17 29 7 64 49 
#3 1 23 39 41 7 27 20 50 10 1 23 53 17 43 
#16 61 23 24 4 6 27 33 18 7 8 38 21 17 43 
#11 30 23 45 41 24 2 0 18 12 17 23 21 67 14 
#11 30 23 31 41 24 29 60 30 12 37 25 34 37 14 
#14 3 4 31 22 7 29 60 2 32 27 25 69 37 5 
#7 31 10 15 18 31 54 20 9 15 8 25 52 4 5 
#14 9 30 31 3 31 36 33 7 15 4 66 34 5 5 
#14 9 40 31 3 24 41 60 30 12 4 37 5 67 14 
#14 1 62 31 18 31 41 0 30 42 1 25 5 3 14 
#14 8 23 31 18 31 29 5 2 30 16 25 26 10 5 
#54 10 0 1 4 31 54 50 7 32 27 29 34 5 14 
#16 10 23 1 10 47 27 19 7 32 19 29 26 24 14 
#13 8 56 24 10 47 9 20 27 7 17 37 26 4 10 
#13 8 4 24 41 5 2 50 15 7 67 37 26 16 14 
#16 19 4 1 3 26 16 33 15 15 8 3 11 16 66 
#11 22 5 1 18 31 54 26 11 18 27 25 4 64 31 
#54 22 30 57 31 6 38 12 19 13 17 12 21 2 9 
#8 13 21 57 31 6 11 1 18 11 17 17 21 10 55 
#5 30 5 27 12 33 18 46 2 10 34 67 13 28 44 
#5 30 21 22 18 26 11 46 20 12 27 1 34 2 66 
#60 1 21 17 4 66 54 1 30 30 37 25 26 8 5 
#5 35 5 7 18 31 54 5 11 15 3 25 34 5 31 
#54 22 30 15 23 6 38 19 9 9 16 3 4 34 11 
#8 8 21 57 22 6 11 41 15 12 11 23 37 10 66 
#5 30 10 7 22 31 3 46 2 10 11 10 8 2 44 
#16 28 2 1 15 8 11 26 20 32 3 37 26 64 8 
#60 13 21 15 18 11 52 5 20 30 17 25 7 2 8 
#6 1 23 24 41 31 2 5 50 39 3 25 26 67 5 
#3 61 30 39 10 6 60 19 9 10 5 38 4 34 43 
#17 8 15 45 22 66 2 50 18 12 11 66 21 67 55 
#11 38 23 57 29 24 2 0 30 18 67 10 34 67 14 
#16 53 4 31 31 38 29 26 27 32 37 29 69 37 5 
#17 3 15 22 22 7 18 20 20 24 17 9 11 28 8 
#6 1 23 15 41 47 2 20 9 39 1 37 52 67 14 
#54 31 30 39 18 6 54 33 12 15 8 25 53 17 43 
#16 10 23 24 4 1 2 60 7 7 17 23 21 67 5 
#6 1 62 45 23 24 41 0 30 12 67 67 5 67 14 
#14 53 4 31 18 31 29 0 2 42 67 25 20 3 4 
#5 3 15 22 18 7 18 5 30 30 16 66 26 28 66 
#54 8 0 15 23 47 54 20 11 18 4 37 52 4 3 
#16 31 23 1 18 31 54 33 28 32 8 25 34 5 5 
#14 28 40 31 10 1 36 19 27 10 4 38 26 2 5 
#13 8 62 24 41 24 41 20 52 12 1 37 26 67 14 
#16 19 30 55 3 31 2 50 15 11 67 3 20 16 14 
#5 8 30 27 18 66 54 5 43 30 8 23 26 10 5 
17 28 59 2 54 15 
6 10 33 46 4 25 
38 53 35 57 13 58 
9 49 45 51 11 48 
8 14 43 44 22 19 
30 42 18 7 12 52 
#Base: 925
#Max: 475
#513514
#Turn 4
#13 30 4 24 41 24 2 0 15 12 17 37 26 67 14 
#13 8 30 27 41 5 54 50 15 7 8 37 26 10 5 
#38 8 30 27 31 66 54 5 43 11 67 23 21 10 5 
#54 8 10 57 23 6 6 20 50 18 4 37 21 2 7 
#3 8 0 15 41 47 54 20 11 18 4 37 53 4 43 
#54 22 5 27 23 6 60 5 11 12 5 25 26 34 5 
#5 30 5 24 12 33 60 5 11 15 34 67 34 28 44 
#5 53 5 31 12 38 29 46 2 32 34 29 69 28 5 
#16 30 4 31 4 38 26 1 27 32 37 29 69 37 66 
#54 30 15 22 4 31 54 50 11 32 27 23 34 8 14 
#5 3 21 57 18 7 11 5 30 30 16 66 37 28 66 
#5 3 21 17 4 7 18 5 30 30 16 25 26 8 5 
#13 1 21 17 41 24 54 1 30 30 1 37 26 67 14 
#13 28 10 24 41 24 41 20 27 12 67 10 8 2 14 
#11 28 10 55 3 31 60 50 15 32 67 3 8 2 14 
#54 35 30 39 18 11 54 11 20 10 8 37 53 17 8 
#11 38 30 39 29 6 54 33 30 18 67 10 34 17 43 
#11 38 23 57 29 24 41 0 30 12 67 67 34 67 14 
#6 1 62 15 23 26 41 0 30 9 67 66 5 3 66 
#3 8 23 15 22 26 2 19 15 9 5 37 52 3 66 
#16 30 21 57 23 8 52 26 27 10 17 29 7 28 8 
#16 61 30 39 10 6 60 26 27 32 5 29 7 64 43 
#17 61 30 39 10 6 60 50 9 10 5 66 21 34 43 
#14 9 15 45 22 66 41 50 30 12 4 37 5 67 14 
#14 3 4 31 3 7 29 60 30 32 4 25 5 37 14 
#11 22 5 1 18 31 2 5 50 18 3 25 4 67 5 
#11 30 23 24 41 24 2 60 30 39 3 25 26 67 14 
#11 8 5 57 22 24 18 60 30 10 11 67 37 10 55 
#8 8 15 57 29 6 3 8 15 10 11 67 37 3 55 
#17 53 4 57 29 6 29 0 15 42 67 25 20 3 66 
#54 22 23 27 18 6 2 41 19 12 17 23 21 67 10 
#13 8 5 24 23 5 2 5 15 15 67 37 34 16 14 
#5 30 30 27 12 66 18 46 43 30 34 23 13 28 44 
#38 13 10 31 31 38 29 26 27 32 67 17 69 37 5 
#54 30 15 22 4 47 54 20 11 18 4 37 21 4 3 
#54 1 23 39 41 31 27 20 50 32 27 29 53 17 43 
#54 8 30 57 18 6 11 41 15 12 11 23 37 10 10 
#5 35 5 22 23 31 60 5 30 30 16 25 26 34 66 
#60 1 5 17 12 66 54 1 30 10 37 67 26 28 44 
#16 8 4 31 41 24 29 26 52 32 1 37 69 67 14 
#11 30 10 22 29 66 60 26 27 32 67 10 21 8 66 
#16 19 0 55 3 31 54 50 7 11 27 29 20 16 14 
#8 35 21 57 18 11 54 41 20 12 11 37 26 10 8 
#5 31 30 22 18 6 54 5 30 30 8 25 26 28 66 
#60 38 23 57 4 24 54 0 30 30 37 25 34 67 14 
#13 8 62 45 41 24 41 20 52 12 67 37 5 67 14 
#3 28 10 57 22 26 60 26 27 32 67 10 8 3 44 
#16 1 23 55 3 31 2 50 9 11 1 3 52 67 14 
#60 35 21 57 22 11 11 11 2 10 11 37 26 28 8 
#16 13 21 15 18 6 52 33 12 15 8 29 53 17 49 
#3 61 23 57 29 24 2 19 9 10 5 10 34 34 43 
#17 8 62 45 22 66 2 0 30 12 11 67 5 67 14 
#3 8 40 31 22 24 41 19 30 12 5 37 5 3 66 
#6 3 4 15 22 47 2 20 2 39 27 25 69 37 5 
#60 30 21 57 18 31 54 26 2 10 11 25 4 28 31 
#6 13 21 24 23 8 52 5 27 32 3 25 7 64 49 
#11 61 23 31 41 6 60 60 30 10 5 38 4 34 43 
#8 8 15 45 22 6 2 50 18 10 11 67 37 67 55 
#17 9 40 31 3 24 41 60 30 12 4 37 8 67 66 
#14 3 4 31 22 7 29 0 2 42 27 25 69 3 5 
43 12 32 23 14 47 
9 54 46 18 27 6 
37 16 22 38 51 10 
57 58 44 17 40 39 
15 8 21 45 29 2 
4 7 35 56 33 26 
#Base: 925
#Max: 514
#555676
#Turn 5
#5 31 21 22 41 6 54 1 30 30 8 25 26 28 66 
#13 30 21 17 41 66 54 1 30 30 1 23 26 67 14 
#14 9 30 27 22 66 18 46 43 12 34 37 5 67 14 
#14 9 10 55 3 66 41 50 15 12 67 3 8 2 14 
#16 28 23 55 3 31 2 50 15 32 67 3 52 67 14 
#60 30 21 22 4 31 54 26 2 32 11 25 4 28 14 
#60 30 10 57 18 31 54 26 2 32 67 25 4 3 31 
#6 28 10 15 23 26 60 26 27 9 67 10 5 3 44 
#11 1 62 57 23 26 41 0 30 9 11 67 37 3 55 
#5 8 5 57 12 33 60 5 11 15 11 67 37 10 44 
#5 38 30 39 29 31 60 33 30 30 16 25 26 34 43 
#11 38 30 39 29 6 60 33 30 18 5 10 34 17 43 
#17 61 5 39 12 66 54 50 9 10 5 67 26 34 43 
#17 1 5 17 22 66 54 0 30 10 11 67 5 67 14 
#17 3 62 57 22 7 2 0 30 30 11 66 5 67 66 
#8 9 40 45 3 24 2 60 30 10 4 67 8 67 55 
#17 9 23 31 3 24 54 0 30 12 4 25 8 67 14 
#60 38 23 57 4 24 54 0 30 12 67 25 34 67 14 
#11 38 23 22 29 66 41 26 27 12 67 10 21 67 14 
#11 8 4 31 41 24 29 26 52 32 67 37 21 67 14 
#54 30 30 31 4 38 54 1 27 10 37 37 69 37 66 
#16 61 4 31 4 6 26 26 27 32 37 29 69 37 66 
#13 8 30 45 10 6 41 20 27 12 67 37 7 64 43 
#13 53 62 45 41 24 29 20 52 42 67 37 20 67 66 
#17 53 4 57 29 66 54 5 43 42 67 23 20 3 5 
#3 53 5 15 12 38 29 46 2 18 34 37 53 28 5 
#54 53 5 39 12 31 29 20 50 32 27 29 53 17 43 
#11 1 23 31 41 31 60 60 50 10 27 38 53 34 43 
#11 61 23 31 41 6 60 26 30 32 5 38 4 34 43 
#38 30 10 24 41 38 29 60 30 32 67 17 69 67 5 
#54 30 30 22 18 6 54 50 30 32 27 23 26 8 14 
#60 1 21 57 41 31 54 26 30 10 1 37 26 28 14 
#5 30 10 57 22 66 18 26 27 30 67 10 13 28 44 
#14 9 15 45 22 66 41 50 30 12 67 66 5 3 66 
#11 28 10 57 3 24 18 60 15 32 67 67 37 10 14 
#5 30 5 55 3 31 2 5 11 15 34 67 34 28 14 
#5 35 15 22 4 31 60 5 11 32 16 25 34 8 14 
#11 38 21 39 29 31 54 26 2 10 67 25 4 28 43 
#3 61 10 57 22 6 60 50 9 10 5 66 8 34 44 
#6 1 62 15 23 26 54 0 30 10 37 67 5 3 44 
#11 8 62 45 22 24 2 0 30 10 11 67 5 67 55 
#5 30 21 24 12 33 60 5 30 30 34 67 37 28 66 
#5 8 5 22 22 6 2 5 18 10 16 25 37 67 66 
#11 9 30 31 29 6 54 60 30 12 67 10 34 17 43 
#60 38 23 39 4 6 54 50 9 10 37 66 21 67 43 
#60 1 5 17 12 66 54 1 30 10 67 67 34 67 44 
#11 30 62 45 29 66 2 26 30 12 67 10 21 8 66 
#5 3 21 31 18 24 11 5 52 30 1 66 69 28 66 
#8 35 30 45 22 6 2 50 18 10 8 37 53 17 55 
#16 9 4 31 4 38 41 1 27 12 4 37 8 67 66 
#60 61 30 57 4 24 60 26 27 32 5 25 7 67 43 
#11 8 23 45 41 24 41 20 52 12 67 67 5 67 14 
#11 53 10 57 29 66 29 0 27 42 67 10 21 3 66 
#16 8 30 31 41 24 54 5 43 32 67 23 69 10 14 
#54 8 30 15 18 47 54 11 11 18 8 37 53 17 8 
#5 53 5 31 4 38 26 46 2 32 37 29 69 37 66 
#16 61 23 39 41 6 27 26 27 32 27 29 53 17 43 
#13 8 62 45 41 24 41 60 30 12 67 37 4 67 14 
#17 13 4 57 31 6 29 0 27 32 67 25 20 3 5 
#38 8 23 24 31 66 54 60 43 11 67 25 26 67 5 
1 2 53 4 15 40 
32 6 21 57 38 47 
8 41 50 33 44 18 
24 20 59 23 29 12 
19 55 51 45 17 27 
43 34 14 52 46 26 
#Base: 925
#Max: 638
#689730
#Turn 6
#13 30 21 27 22 66 54 46 43 12 34 37 5 67 14 
#14 8 30 31 22 66 54 5 43 32 34 23 5 67 14 
#16 8 30 31 3 24 2 50 43 32 67 23 52 67 14 
#8 28 40 55 3 24 2 60 30 10 67 3 8 67 14 
#8 9 40 45 3 24 2 60 30 10 4 67 5 67 55 
#60 30 10 57 18 66 54 26 27 32 67 10 13 3 31 
#60 30 4 57 18 6 54 26 2 32 37 29 69 3 31 
#16 8 62 45 4 6 41 26 30 12 67 29 69 67 66 
#13 8 62 57 41 24 41 50 9 10 5 66 8 67 14 
#5 61 21 31 22 6 11 5 52 10 1 66 69 28 44 
#11 1 62 24 23 26 60 5 30 9 34 67 37 28 66 
#60 61 30 24 4 24 60 26 27 30 5 25 37 28 43 
#60 61 30 57 4 24 60 26 27 12 5 25 7 67 66 
#60 38 15 39 22 6 54 50 9 10 67 66 21 3 43 
#11 38 23 22 4 66 41 26 27 12 67 10 21 67 43 
#54 30 4 31 29 38 54 5 27 42 67 37 69 37 66 
#54 8 30 24 4 66 54 60 27 10 67 25 26 37 5 
#38 8 62 45 31 24 29 20 52 11 67 37 26 67 5 
#13 30 10 45 41 38 29 60 30 32 67 37 69 67 5 
#17 30 10 24 12 66 29 60 9 32 67 67 69 67 5 
#11 8 4 31 4 24 29 26 2 32 67 29 69 37 14 
#5 53 5 31 41 38 41 20 52 12 37 67 5 67 14 
#11 8 5 17 41 66 54 20 30 12 67 67 5 67 44 
#60 38 5 17 12 24 54 1 30 12 67 25 34 67 44 
#11 1 23 31 41 24 54 0 30 10 27 38 34 34 43 
#11 28 30 57 3 6 18 60 30 12 67 67 37 17 43 
#11 28 10 57 22 7 2 0 30 32 67 66 5 10 14 
#11 3 62 57 29 66 29 0 27 42 11 10 5 3 66 
#11 30 62 57 29 66 2 26 30 42 67 10 21 8 66 
#54 53 5 45 29 66 29 20 50 32 67 29 21 8 66 
#13 30 10 17 22 66 18 26 27 30 1 23 13 67 44 
#60 30 30 57 22 66 54 26 2 12 34 37 4 3 14 
#16 8 4 31 41 24 54 26 27 32 67 29 69 10 14 
#13 8 23 55 3 24 41 50 30 12 67 37 52 67 14 
#3 61 40 57 22 6 60 50 30 10 4 67 8 67 44 
#5 8 62 31 22 24 11 5 30 10 1 67 5 67 66 
#5 1 10 57 23 26 41 0 27 30 67 67 37 28 55 
#60 30 21 24 18 33 60 26 2 32 67 25 4 28 66 
#16 61 4 31 4 6 60 26 27 32 5 25 69 67 43 
#14 9 62 45 41 24 41 50 30 12 67 37 5 67 14 
#3 38 23 39 4 6 54 50 9 10 5 66 21 34 43 
#11 3 23 31 18 24 41 26 27 30 67 10 69 28 14 
#17 53 4 57 23 26 41 0 30 9 11 67 37 3 55 
#5 30 21 24 12 38 54 5 30 10 37 37 37 37 66 
#60 8 23 24 31 66 60 60 43 11 5 25 26 67 5 
#14 53 15 45 41 66 41 20 52 42 67 37 20 3 66 
#60 38 10 24 41 6 29 50 30 32 67 17 69 67 5 
#11 61 5 22 12 66 41 50 9 10 67 67 21 67 14 
#17 8 4 31 29 24 54 5 43 32 67 37 21 67 5 
#54 53 30 31 4 38 26 46 27 32 37 37 69 37 66 
#38 8 23 24 31 24 54 20 43 11 67 25 26 67 5 
#60 1 62 17 12 66 29 1 30 10 67 67 20 67 66 
#38 30 23 24 4 38 54 0 30 32 67 17 69 67 5 
#11 61 5 39 12 31 54 60 9 10 5 38 53 34 43 
#11 9 4 31 29 6 54 26 30 12 67 10 21 67 14 
#11 28 10 31 3 38 26 60 2 32 37 29 69 37 66 
#11 8 62 57 22 7 41 0 52 12 11 66 5 67 14 
#60 53 10 57 29 66 54 0 30 42 67 67 21 67 66 
#60 38 23 57 4 66 2 26 30 12 67 10 34 8 14 
#11 1 5 31 12 31 29 60 50 10 27 29 53 34 43 
53 14 21 13 37 0 
55 38 16 18 52 8 
10 5 49 45 29 33 
28 7 19 57 15 12 
36 39 47 51 46 44 
11 23 17 34 22 25 
#Base: 925
#Max: 689
#744865
#Turn 7
#11 61 5 22 4 31 41 60 27 10 5 10 21 34 43 
#11 38 5 31 4 66 41 20 52 12 67 10 21 67 14 
#60 53 15 39 22 6 54 20 9 10 67 67 5 67 43 
#60 38 15 39 18 6 54 26 2 32 67 25 21 3 43 
#60 30 21 27 22 33 54 26 43 12 67 37 4 67 66 
#16 28 4 31 4 6 60 26 2 32 37 25 69 67 66 
#54 61 30 31 4 66 60 60 27 32 67 25 69 37 43 
#13 8 10 45 41 38 54 60 27 10 67 37 26 67 5 
#38 30 23 24 41 38 54 0 30 32 67 37 69 67 5 
#38 30 23 24 41 38 54 0 9 32 5 66 69 67 14 
#60 30 10 24 23 66 54 5 30 32 34 67 37 28 31 
#54 30 10 31 4 66 26 26 27 32 37 10 13 3 31 
#54 53 15 31 4 38 41 20 27 42 37 37 69 37 66 
#14 53 15 45 41 66 41 20 52 32 67 37 20 3 66 
#54 53 5 55 3 24 41 20 30 32 67 37 21 8 14 
#11 30 62 45 4 66 41 26 30 42 67 10 69 67 66 
#16 8 10 45 12 6 29 60 9 32 67 67 69 67 5 
#60 53 10 57 12 66 29 60 30 42 67 67 21 67 66 
#54 53 4 31 29 38 54 0 27 42 67 67 21 37 66 
#60 61 30 31 4 38 54 5 27 12 67 37 7 37 66 
#5 1 62 57 23 26 41 50 27 30 67 37 5 28 14 
#14 61 5 22 41 66 41 50 30 10 67 37 21 67 14 
#60 61 5 22 12 66 29 1 9 10 67 67 21 67 14 
#60 1 62 24 12 66 29 50 30 10 67 67 20 67 66 
#60 8 23 24 31 6 29 50 43 11 67 17 69 67 5 
#60 38 5 17 4 24 54 26 27 12 67 25 37 28 43 
#60 38 5 45 12 24 29 20 52 11 67 25 34 67 5 
#38 61 62 45 22 24 29 20 30 11 67 67 8 67 5 
#11 61 5 17 22 66 60 50 30 10 4 67 5 67 44 
#11 8 5 57 3 6 54 20 30 12 67 67 5 17 43 
#11 28 10 31 12 31 26 60 2 32 37 29 69 34 66 
#11 61 23 31 4 66 60 26 27 32 67 10 21 67 43 
#54 8 5 24 41 66 54 60 27 10 37 67 5 67 5 
#13 30 10 39 22 6 29 60 9 10 67 37 21 3 43 
#38 30 21 24 18 33 60 26 30 32 67 17 4 28 66 
#13 30 21 27 41 66 54 50 9 10 5 37 8 67 14 
#11 28 62 31 23 26 60 60 2 9 34 29 37 28 66 
#16 30 4 31 18 66 54 26 27 32 67 10 69 67 31 
#54 8 30 24 4 38 54 46 27 10 37 37 69 37 5 
#14 30 10 45 41 66 41 60 30 42 67 37 69 3 5 
#38 53 5 45 29 38 54 20 50 32 67 29 69 8 5 
#13 8 23 57 3 24 41 50 9 10 67 37 52 67 14 
#11 30 62 24 29 26 60 5 30 42 67 10 37 28 66 
#16 30 10 45 4 6 41 26 30 12 67 10 13 67 31 
#17 30 30 31 4 38 29 60 9 32 37 37 69 37 5 
#14 53 15 57 29 66 54 0 30 42 67 67 21 67 66 
#54 53 5 45 29 66 29 20 50 32 67 29 69 8 66 
#13 8 23 55 4 24 41 50 27 12 67 25 7 67 14 
#5 1 10 57 23 26 2 0 27 42 67 67 21 8 55 
#14 9 62 45 41 24 41 50 30 12 67 29 69 67 66 
#11 61 5 24 12 66 41 50 9 32 67 67 69 67 14 
#60 1 62 57 29 66 29 1 30 10 67 67 20 67 66 
#54 30 4 24 41 38 29 50 30 32 67 37 69 37 5 
#60 8 30 57 4 66 60 26 43 12 5 25 7 67 5 
#5 61 30 24 23 26 60 0 27 30 5 25 37 28 55 
#60 38 62 45 41 24 41 1 30 12 67 37 5 67 44 
#38 61 62 45 31 66 29 50 52 10 67 37 26 67 14 
#60 1 62 17 12 6 60 50 30 10 4 67 20 67 66 
#11 38 5 17 41 6 54 50 30 32 67 67 5 67 44 
#11 28 30 24 3 6 18 60 43 11 5 67 26 67 5 
7 16 32 31 52 42 
24 22 57 23 37 58 
28 21 49 51 15 2 
4 46 56 17 45 55 
10 8 13 6 50 39 
9 40 27 18 12 19 
#Base: 925
#Max: 707
#764324
#Turn 8
#16 8 10 45 12 6 54 60 9 10 67 67 69 67 5 
#54 8 5 45 41 6 54 60 27 10 37 67 5 67 5 
#54 8 23 31 41 66 60 26 27 10 67 10 5 67 5 
#54 61 23 24 4 66 60 50 30 32 67 37 21 37 5 
#11 30 62 24 41 38 29 5 30 42 67 10 69 28 5 
#60 61 5 22 12 6 29 1 9 10 67 17 21 67 14 
#60 1 5 17 12 6 29 50 9 10 67 67 21 67 66 
#60 1 62 17 12 6 29 50 30 10 67 67 20 67 66 
#60 1 62 24 12 66 54 26 30 10 67 67 20 67 66 
#16 38 4 17 18 6 54 50 30 32 67 10 5 67 31 
#11 61 5 17 22 66 60 50 30 10 67 67 5 67 44 
#14 61 62 22 41 24 41 50 30 10 67 29 21 67 14 
#14 9 62 45 29 66 41 50 30 12 67 67 20 67 66 
#11 30 62 57 29 66 29 26 30 10 67 10 20 67 66 
#60 53 15 39 22 6 41 20 9 10 67 67 69 67 43 
#54 30 21 27 22 33 54 26 43 32 67 37 69 67 66 
#38 61 5 45 31 66 29 50 50 10 67 29 26 8 66 
#38 61 62 45 12 66 29 60 30 10 67 67 21 67 14 
#60 53 10 57 12 66 54 60 30 42 67 67 21 67 66 
#60 38 62 57 29 24 41 1 30 42 67 37 5 67 66 
#38 30 10 24 41 66 54 5 30 32 67 67 37 67 31 
#38 30 15 45 41 66 41 0 52 32 67 37 69 3 66 
#14 53 15 45 41 66 60 60 27 32 67 37 20 37 66 
#54 61 30 24 12 66 60 50 9 32 67 25 69 37 14 
#14 61 10 24 12 66 41 60 9 42 67 67 69 3 14 
#38 30 23 45 29 38 54 0 50 32 5 66 69 67 5 
#38 61 5 45 22 38 29 20 30 11 67 29 8 8 5 
#38 53 62 31 22 38 29 0 27 42 67 67 21 37 5 
#54 53 15 31 29 38 41 0 27 42 67 67 21 37 66 
#54 53 15 31 4 38 41 5 27 42 67 37 7 37 66 
#13 8 10 45 41 6 54 50 43 10 67 17 26 67 5 
#16 61 10 45 12 66 29 1 9 32 67 67 69 67 14 
#54 1 62 17 12 66 60 60 27 10 4 67 20 67 66 
#60 61 23 24 12 66 29 50 27 10 67 67 21 67 66 
#16 30 4 24 18 66 54 50 30 32 67 37 69 67 31 
#11 38 62 17 41 26 60 50 30 32 67 10 37 67 44 
#11 61 5 24 22 6 60 50 43 11 4 17 5 67 5 
#14 61 5 22 12 66 29 1 9 10 67 67 21 67 14 
#60 9 62 45 41 6 41 50 30 12 67 29 20 67 66 
#60 1 62 57 12 66 29 50 30 10 67 67 20 67 66 
#16 30 62 31 18 66 41 26 30 42 67 10 69 67 31 
#60 38 15 39 22 6 54 20 9 32 67 67 5 67 44 
#60 30 21 17 22 66 60 26 43 12 4 37 4 67 44 
#14 61 5 22 29 66 29 20 50 10 67 37 69 8 66 
#38 9 62 45 31 24 41 50 30 12 67 37 26 67 66 
#60 53 62 57 29 66 29 60 30 42 67 67 20 67 66 
#11 30 62 45 29 66 54 26 30 42 67 10 69 67 66 
#60 38 62 39 22 24 54 1 9 10 67 67 5 67 43 
#60 30 21 27 22 66 54 26 30 12 67 37 4 67 66 
#54 53 23 24 41 66 54 0 50 32 67 29 69 67 5 
#14 53 15 45 41 66 41 20 52 10 67 37 26 67 14 
#60 53 10 31 4 66 29 60 30 32 67 67 69 37 43 
#11 53 15 57 29 66 41 50 9 42 67 67 69 67 66 
#60 30 10 45 41 24 41 1 30 42 67 37 69 3 44 
#38 30 23 24 41 38 54 0 9 32 5 66 69 28 14 
#38 53 23 45 41 38 54 0 50 32 67 37 69 67 5 
#38 53 15 45 41 24 41 20 52 11 67 67 20 3 5 
#54 61 30 31 29 66 60 60 27 32 67 25 21 37 43 
#11 53 5 31 4 66 41 20 27 32 37 67 69 37 14 
#14 61 10 45 41 38 54 5 27 42 67 37 69 3 66 
31 47 48 44 32 59 
3 16 20 33 38 14 
10 21 17 39 51 34 
8 15 46 45 52 22 
13 40 49 18 12 55 
50 35 23 57 19 28 
#Base: 925
#Max: 775
#837838
#Turn 9
#16 61 62 39 22 24 54 1 9 10 67 67 69 67 14 
#60 30 62 39 22 24 54 1 30 12 67 67 5 67 66 
#60 9 21 27 22 66 54 26 30 12 67 37 26 67 66 
#38 1 62 45 12 66 41 50 27 12 4 37 20 67 66 
#54 61 10 45 41 38 54 5 27 10 4 37 20 67 66 
#38 61 5 24 31 66 29 50 30 32 67 29 21 37 5 
#38 30 10 24 31 66 29 5 50 32 67 67 26 8 66 
#60 30 23 24 12 66 54 50 27 10 67 67 37 67 31 
#60 9 62 45 41 6 29 50 27 10 67 29 20 67 66 
#60 53 15 45 41 6 41 50 9 12 67 67 20 67 43 
#11 61 15 45 22 66 41 0 52 10 67 37 5 67 44 
#38 61 62 45 41 66 29 0 30 10 67 67 69 3 66 
#38 61 62 57 12 66 29 50 30 10 67 67 20 67 66 
#60 1 10 57 12 66 29 50 30 32 67 67 20 37 43 
#60 53 4 31 4 66 54 60 30 32 67 37 69 37 43 
#54 30 62 27 12 33 54 26 43 10 67 67 69 67 66 
#54 30 62 27 29 66 54 26 43 32 67 37 69 67 66 
#60 30 62 57 29 66 29 26 30 42 67 10 20 67 66 
#11 53 15 57 29 66 29 50 30 42 67 67 20 67 66 
#14 53 15 45 29 66 60 50 9 32 67 37 20 67 66 
#11 30 62 57 29 66 29 26 30 42 67 10 20 67 31 
#54 30 62 31 41 66 41 0 50 42 67 29 69 67 5 
#60 53 10 57 41 66 54 0 30 32 67 67 69 67 5 
#60 9 62 57 12 66 41 50 30 42 67 67 20 67 66 
#38 53 23 45 29 66 54 50 50 32 67 37 20 67 66 
#14 53 62 45 41 66 60 50 30 10 67 37 26 67 44 
#54 61 30 24 12 26 60 50 9 32 67 10 37 67 44 
#54 61 30 31 29 66 60 50 9 32 67 25 69 37 14 
#60 61 62 31 29 66 60 60 27 32 67 37 21 37 43 
#54 38 15 31 29 38 41 0 27 42 67 67 21 37 66 
#16 61 10 24 12 66 29 50 9 32 67 37 21 37 14 
#60 61 5 45 22 24 54 1 50 10 67 67 26 67 66 
#38 30 21 24 22 66 54 26 30 12 67 67 37 67 31 
#38 9 23 45 31 24 41 50 30 10 67 37 21 67 66 
#54 1 62 45 41 66 60 60 27 10 67 67 20 67 66 
#14 53 15 45 22 6 41 20 27 42 67 37 69 67 66 
#54 61 23 24 22 66 60 50 30 32 67 67 21 67 5 
#38 30 15 45 41 66 29 0 52 32 67 29 26 3 66 
#38 30 10 24 41 66 29 5 30 10 67 67 37 67 14 
#60 61 62 57 12 66 29 50 27 10 67 67 20 67 66 
#60 53 10 45 41 66 29 50 30 32 67 67 69 37 66 
#16 30 4 24 22 6 41 50 30 32 67 67 69 67 43 
#11 61 5 17 12 66 54 50 30 10 67 67 20 67 66 
#54 30 15 27 41 33 54 0 52 32 67 37 69 3 66 
#38 61 62 45 12 66 29 60 30 10 67 67 69 67 66 
#60 1 62 57 29 66 29 60 30 10 67 67 20 67 66 
#60 53 10 31 4 66 41 50 9 42 67 67 69 37 43 
#14 53 15 45 41 66 60 50 30 32 67 37 20 37 66 
#60 1 62 24 12 66 29 26 30 10 67 10 20 67 66 
#16 30 62 31 22 66 54 26 43 42 67 37 69 67 31 
#11 30 62 24 29 66 54 26 50 42 67 29 69 67 66 
#60 53 10 57 29 66 54 60 30 42 67 67 21 67 66 
#14 9 15 57 29 66 41 50 30 42 67 67 69 67 66 
#14 53 23 45 41 38 54 60 50 32 67 37 69 67 66 
#11 30 15 45 29 66 29 20 52 10 67 10 20 67 14 
#11 30 62 17 18 66 60 26 30 32 67 10 37 67 44 
#54 53 30 24 12 66 54 0 50 32 67 29 69 37 5 
#54 53 10 57 12 66 54 60 30 32 67 25 21 67 43 
#60 38 62 57 29 66 41 1 30 12 67 67 5 67 66 
#38 53 15 45 41 38 54 0 50 32 67 67 21 67 66 
9 32 46 17 36 7 
31 11 57 23 22 47 
27 58 24 53 39 59 
15 34 40 51 16 50 
19 49 52 44 28 25 
1 21 18 12 45 14 
#Base: 925
#Max: 749
#809730
#60 53 15 24 22 66 41 50 9 12 67 67 20 67 31 
#38 30 10 31 22 66 54 50 30 42 67 67 37 37 43 
#60 30 10 31 4 66 41 26 9 42 67 67 20 37 66 
#60 30 23 57 22 66 60 26 30 42 67 10 21 67 5 
#54 61 23 24 22 66 60 50 30 32 67 67 21 67 31 
#60 61 62 45 41 66 54 0 50 10 67 67 26 67 66 
#38 53 62 45 12 66 54 60 30 10 67 25 69 67 66 
#60 9 10 57 12 66 41 60 30 32 67 67 20 67 66 
#60 53 10 57 12 66 54 0 30 42 67 67 20 67 66 
#60 53 10 57 41 66 60 50 30 32 67 67 69 67 5 
#54 61 30 57 29 66 60 1 30 12 67 67 69 67 14 
#60 53 23 57 29 66 54 50 30 32 67 37 20 67 66 
#38 53 23 45 41 66 54 50 50 32 67 37 69 67 66 
#14 53 23 57 41 38 29 50 27 32 67 37 20 67 66 
#38 61 15 57 12 38 29 0 27 32 67 67 20 67 66 
#54 30 62 45 12 66 54 26 43 10 67 67 69 67 66 
#60 1 10 45 41 66 60 50 27 32 67 67 20 67 66 
#60 53 10 57 41 66 29 50 30 32 67 67 21 37 66 
#60 53 62 57 29 66 54 26 30 32 67 37 21 67 66 
#11 30 62 24 29 66 54 26 43 42 67 29 69 67 66 
#14 53 62 31 22 66 60 26 9 32 67 37 20 67 66 
#14 9 15 31 29 66 41 50 43 42 67 67 69 67 66 
#38 61 15 57 12 66 29 60 30 10 67 67 69 67 66 
#60 61 62 45 12 66 29 60 30 32 67 37 21 37 66 
#60 61 62 45 41 66 60 60 27 10 67 37 26 37 43 
#54 30 62 39 22 66 54 0 30 42 67 67 69 67 5 
#54 53 15 57 41 66 41 0 50 42 67 67 69 67 5 
#38 53 15 57 29 66 29 50 30 10 67 67 20 67 66 
#60 61 62 57 29 66 29 50 30 10 67 67 20 67 66 
#60 1 62 57 29 66 54 60 30 10 67 67 69 67 66 
#60 53 5 45 41 6 54 1 9 10 67 67 26 67 43 
#38 61 62 24 41 66 54 0 30 12 67 67 69 3 66 
#60 53 10 31 12 66 41 60 9 42 67 67 69 67 43 
#60 9 62 57 12 66 41 50 30 42 67 10 20 67 66 
#54 53 23 24 22 66 54 50 30 32 67 67 69 67 5 
#14 30 15 24 12 66 54 50 27 32 67 67 37 37 31 
#60 61 5 31 29 66 54 50 9 10 67 25 26 67 14 
#60 38 62 57 29 66 41 1 30 12 67 67 69 3 66 
#54 53 23 45 12 66 54 60 50 32 67 37 20 67 43 
#60 9 62 57 12 38 54 60 30 42 67 67 69 67 66 
#60 61 62 57 41 66 54 0 27 10 67 67 69 67 66 
#14 53 15 45 41 38 60 0 30 32 67 67 21 37 66 
#54 30 62 27 12 33 60 50 43 10 67 25 69 37 66 
#54 1 62 57 41 66 60 60 27 10 67 67 20 67 66 
#38 53 23 45 41 66 29 50 30 32 67 67 69 37 66 
#60 53 10 57 41 38 54 60 30 42 67 37 69 67 66 
#60 30 62 27 12 66 54 50 43 10 67 67 69 67 66 
#38 53 15 24 41 38 54 0 50 32 67 29 69 67 66 
#54 53 62 27 12 66 60 26 9 32 67 37 69 67 66 
#16 30 62 45 22 66 60 60 27 10 67 37 20 67 66 
#14 53 10 57 41 66 29 50 30 32 67 67 69 37 66 
#60 53 10 45 12 66 29 60 30 42 67 67 21 67 66 
#60 61 62 27 29 66 60 26 27 32 67 37 21 37 43 
#11 53 62 45 41 66 54 50 30 10 67 37 69 67 66 
#14 53 62 45 29 66 60 1 30 32 67 37 20 67 66 
#16 30 62 31 41 66 54 26 43 42 67 29 69 67 5 
#14 9 15 57 29 66 29 50 30 42 67 67 69 67 66 
#38 61 62 57 12 66 29 50 30 10 67 67 69 67 66 
#60 1 62 31 29 66 60 60 30 32 67 37 21 67 66 
#14 53 62 45 4 66 60 60 30 32 67 37 69 37 43 
#Base: 925
#Max: 774
#836757
