#[0] 3, 3
#[1] 4, 3
#[2] 3, 4
#[3] 3, 2
#[4] 2, 3
#[5] 2, 4
#[6] 1, 3
#[7] 2, 2
#[8] 3, 1
#[9] 4, 4
#[10] 5, 3
#[11] 3, 5
#[12] 4, 2
#[13] 3, 0
#[14] 5, 4
#[15] 4, 5
#[16] 5, 2
#[17] 4, 1
#[18] 0, 3
#[19] 1, 4
#[20] 2, 1
#[21] 1, 2
#[22] 2, 5
#[23] 0, 4
#[24] 5, 1
#[25] 0, 2
#[26] 5, 5
#[27] 1, 5
#[28] 2, 0
#[29] 1, 1
#[30] 4, 0
#[31] 0, 5
#[32] 1, 0
#[33] 0, 1
#[34] 5, 0
#[35] 0, 0
#Turn 0
19 12 54 47 51 8 
32 24 38 1 0 13 
33 6 39 50 40 15 
16 41 21 27 53 55 
35 37 43 28 2 56 
17 42 25 4 45 18 
#Base: 921
#Max: 362
#393051
#Turn 1
#14 30 20 15 6 33 12 19 33 8 4 30 23 12 30 
#40 38 37 27 24 24 12 19 52 27 4 11 10 17 30 
#7 38 29 27 24 24 23 28 59 33 1 13 10 17 38 
#7 15 29 23 21 15 13 11 8 20 10 13 2 23 38 
#2 12 17 51 19 15 26 1 8 20 10 28 50 1 42 
#11 19 27 28 32 14 14 27 17 27 24 53 4 37 46 
#47 6 2 17 31 10 21 5 19 23 24 17 17 6 2 
#47 5 24 3 40 10 21 5 54 18 42 17 22 6 13 
#61 13 8 18 33 1 27 26 7 18 54 4 50 4 13 
#25 13 7 18 12 28 55 23 1 12 54 21 33 30 1 
#7 49 29 21 6 36 21 24 2 18 26 20 27 36 23 
#7 17 25 8 6 7 60 24 2 47 10 20 40 9 55 
#1 10 9 8 64 9 20 1 44 13 10 19 40 9 41 
#19 10 13 0 15 45 20 14 24 3 44 19 11 37 2 
#32 15 14 0 15 45 10 14 37 11 44 37 26 37 5 
#2 1 9 7 21 8 18 45 1 8 23 11 5 42 12 
#30 1 8 61 16 8 51 11 20 17 29 49 5 14 12 
#30 14 8 61 80 5 0 11 20 17 2 15 6 15 6 
#14 18 6 8 22 16 29 36 13 11 15 15 10 69 25 
#7 18 5 8 44 23 29 2 30 11 35 3 10 69 25 
#37 35 1 1 32 40 5 10 25 19 33 59 3 34 16 
#30 29 6 9 7 14 5 10 20 18 33 59 62 34 8 
#26 29 21 1 4 14 23 14 20 14 15 19 62 23 8 
#9 7 36 11 15 59 25 14 40 14 15 12 2 23 22 
#9 10 39 45 5 59 13 3 20 17 62 11 15 4 22 
#5 2 43 1 40 18 8 32 3 39 21 17 40 30 42 
#21 11 43 1 45 0 32 5 24 9 13 14 40 23 10 
#28 29 36 8 3 52 23 0 2 36 7 52 19 8 22 
#28 37 36 40 3 5 17 0 2 53 29 20 50 8 22 
#13 37 2 27 11 5 30 7 15 36 34 31 6 30 8 
#11 14 20 28 32 14 45 27 26 8 24 30 33 10 35 
#50 6 37 5 6 53 12 19 33 27 4 17 23 12 30 
#47 5 15 17 40 10 21 5 54 11 21 15 10 6 2 
#7 15 29 23 33 8 1 11 59 33 42 13 2 12 38 
#2 40 7 51 8 15 13 1 8 20 10 28 50 23 15 
#25 30 24 29 3 28 55 20 1 39 33 21 17 1 1 
#11 49 27 28 5 14 14 27 17 18 0 2 36 10 35 
#22 6 2 5 6 53 19 24 19 47 24 20 27 37 46 
#1 10 24 17 12 10 21 5 36 13 10 17 17 9 41 
#61 10 8 3 64 9 20 1 38 18 21 4 11 22 9 
#32 13 7 0 15 45 10 14 7 3 44 17 41 37 2 
#25 30 24 28 27 17 55 43 37 12 3 21 33 30 1 
#2 49 10 1 5 36 18 45 5 18 0 11 36 36 23 
#48 1 9 7 7 8 51 24 1 8 23 22 27 37 12 
#1 14 8 61 12 5 60 6 36 13 29 49 40 9 25 
#19 25 9 21 80 7 6 12 44 31 21 19 6 22 6 
#14 18 13 0 15 45 10 36 24 11 44 3 41 37 2 
#47 27 14 8 44 17 16 43 30 11 11 37 60 10 5 
#2 35 10 1 32 5 13 45 51 19 27 26 48 9 34 
#48 23 6 9 7 40 51 10 1 8 23 22 3 34 12 
#30 14 8 61 16 14 23 11 20 18 45 49 3 14 25 
#9 25 6 11 80 7 6 12 1 14 15 15 6 23 6 
#14 18 22 45 22 16 25 36 40 18 2 11 29 69 22 
#7 7 39 25 1 23 13 2 30 17 35 16 15 10 18 
#37 16 1 1 32 29 13 32 3 19 21 26 48 1 34 
#21 23 6 9 7 40 5 10 12 10 13 14 40 34 34 
#11 29 21 8 27 0 23 19 20 36 45 19 62 23 10 
#28 29 36 11 3 16 11 14 2 14 15 12 19 23 77 
#31 10 2 45 3 5 25 3 15 53 2 20 50 25 22 
#30 30 39 25 11 13 13 31 20 17 62 31 15 16 19 
4 18 5 41 59 25 
1 7 56 8 37 33 
58 12 11 24 47 2 
50 21 52 17 45 16 
31 51 19 44 39 48 
14 9 20 57 28 27 
#Base: 921
#Max: 389
#422367
#Turn 2
#2 18 6 51 19 16 29 1 8 11 10 28 50 69 25 
#14 19 6 28 22 16 29 36 13 11 24 15 10 69 25 
#11 19 27 28 27 14 14 27 37 27 3 21 33 37 46 
#25 30 39 28 27 17 13 43 20 12 3 31 33 30 1 
#30 2 43 25 11 18 8 32 3 39 62 17 15 30 42 
#47 38 37 27 24 24 12 19 52 18 4 11 22 17 30 
#11 5 21 3 40 10 21 19 20 36 45 19 22 23 10 
#61 13 21 18 27 0 27 19 20 36 54 19 50 23 13 
#61 6 2 5 6 53 19 24 19 47 54 4 27 37 46 
#7 6 29 5 33 53 19 24 19 33 24 13 27 12 46 
#1 10 2 8 3 9 20 3 44 53 2 19 40 25 41 
#1 17 25 8 6 7 60 1 2 13 10 19 40 9 55 
#7 17 25 45 6 7 13 3 2 17 10 11 40 9 55 
#47 10 39 45 5 17 16 3 30 17 11 11 15 4 22 
#47 27 29 8 24 24 16 43 59 33 11 13 10 10 38 
#30 14 6 61 7 14 5 11 20 18 45 59 3 34 25 
#30 29 22 45 22 16 25 10 20 18 2 11 29 69 22 
#14 18 22 61 22 5 25 36 20 17 2 15 6 15 22 
#19 14 9 61 80 5 0 11 20 17 21 15 6 22 6 
#30 25 8 61 16 8 51 11 20 17 21 19 6 14 12 
#50 25 6 11 6 53 12 12 33 14 4 15 23 23 6 
#9 25 5 8 80 23 6 2 1 14 15 15 10 69 25 
#7 18 8 61 12 5 29 6 36 11 35 49 10 69 25 
#61 14 8 3 64 5 20 1 38 18 21 49 40 22 25 
#2 35 8 1 64 5 20 45 51 19 21 26 48 22 34 
#32 13 14 0 12 45 55 14 1 11 44 21 26 30 5 
#37 35 7 18 32 28 5 23 1 19 33 59 33 30 16 
#28 29 36 11 32 16 11 10 25 14 33 59 3 23 16 
#28 29 36 11 3 16 17 0 2 14 29 12 50 23 77 
#28 37 36 40 3 52 17 0 2 53 7 20 50 8 22 
#2 38 17 27 24 24 26 1 52 20 10 11 10 1 42 
#47 5 24 3 40 16 21 5 13 18 42 17 10 6 25 
#11 19 27 8 27 14 23 27 17 36 45 53 4 37 10 
#61 30 8 28 33 17 55 43 37 18 3 4 50 30 13 
#30 6 2 5 6 13 19 24 19 17 62 31 27 37 46 
#5 2 29 1 33 18 8 11 3 33 42 17 40 30 42 
#31 10 2 27 24 5 25 3 52 53 4 11 10 17 22 
#1 5 9 8 40 9 20 1 44 18 42 17 22 9 41 
#11 17 21 8 27 7 60 19 2 47 10 19 62 23 55 
#9 13 39 45 5 59 27 3 20 17 62 11 50 4 13 
#22 27 2 5 6 17 19 24 19 47 11 20 60 37 5 
#7 15 29 23 24 24 23 28 59 33 42 13 10 12 38 
#30 14 8 45 3 5 23 3 15 53 2 20 50 14 22 
#1 10 6 9 7 9 5 1 20 13 33 59 40 34 8 
#14 18 25 45 6 7 60 24 40 47 2 11 29 9 22 
#9 10 39 45 5 5 13 3 20 17 2 15 6 15 22 
#47 27 14 8 44 7 16 12 44 31 11 37 6 22 6 
#7 1 29 61 24 24 23 11 59 33 1 13 5 14 12 
#30 14 37 5 6 53 12 19 20 18 4 49 3 12 30 
#30 25 6 11 80 14 5 12 1 14 15 15 6 34 8 
#7 18 22 8 22 16 25 2 40 18 35 3 10 69 22 
#30 14 8 61 80 5 0 6 20 13 29 49 6 15 6 
#61 10 8 21 64 7 6 1 44 31 21 4 6 22 6 
#2 1 8 1 32 5 51 45 51 17 29 49 5 9 34 
#32 6 14 5 15 53 12 14 33 11 4 37 26 12 30 
#25 25 6 11 80 7 6 12 1 12 15 15 33 30 6 
#7 35 5 1 32 40 29 10 30 11 35 3 10 34 16 
#1 29 36 11 3 16 11 14 2 14 29 49 40 23 25 
#28 10 36 40 3 9 17 0 2 18 29 4 50 8 9 
#2 35 10 8 32 5 13 0 51 36 7 26 48 9 34 
42 59 41 14 49 25 
11 1 55 21 44 5 
50 16 39 38 23 47 
0 24 22 8 33 7 
32 4 29 51 18 52 
40 26 53 28 15 34 
#Base: 921
#Max: 430
#466884
#Turn 3
#30 14 8 8 32 5 13 3 15 36 2 26 50 9 34 
#7 15 29 23 32 24 23 28 59 36 7 13 10 9 34 
#47 15 29 8 24 24 23 43 59 33 42 13 10 10 38 
#30 25 29 11 80 14 16 43 1 33 15 13 10 34 8 
#32 25 6 0 12 45 5 14 1 11 44 15 26 30 5 
#14 19 25 8 22 16 60 36 13 11 10 19 10 9 25 
#25 19 6 11 80 16 29 36 1 12 15 15 33 30 25 
#25 25 6 8 80 7 6 2 1 12 15 15 10 69 25 
#9 18 25 8 6 7 6 24 1 47 2 11 10 9 25 
#47 18 37 27 6 24 60 19 40 47 4 11 29 17 22 
#7 29 22 45 22 16 25 2 40 18 35 3 29 69 22 
#9 29 22 45 5 59 27 3 20 18 2 11 50 69 22 
#11 13 21 8 5 59 60 19 20 47 10 19 50 23 55 
#61 17 21 8 64 7 60 19 38 47 21 19 62 23 55 
#7 1 29 3 64 24 23 1 38 18 1 13 5 22 25 
#2 35 6 51 19 5 20 1 8 19 10 26 48 22 34 
#7 18 8 61 12 5 20 6 51 19 35 49 10 22 25 
#61 6 2 61 12 53 19 24 36 11 54 49 27 37 46 
#61 6 2 28 6 53 19 43 37 47 3 4 50 37 46 
#61 30 8 28 33 0 27 19 20 36 54 4 50 23 13 
#11 2 27 25 11 14 23 32 3 39 45 17 4 37 10 
#28 37 36 40 3 52 17 0 3 39 62 20 15 30 22 
#30 14 36 61 80 5 17 6 2 13 29 20 6 15 6 
#19 14 8 61 80 5 0 11 20 13 29 15 6 22 6 
#19 10 9 21 64 5 0 1 20 31 21 15 6 22 6 
#37 27 7 5 6 28 19 24 19 47 33 20 33 37 5 
#2 35 7 18 32 5 5 45 1 19 33 59 33 30 34 
#2 29 36 1 32 5 51 45 2 17 29 12 50 23 34 
#30 14 36 61 3 16 17 11 20 14 45 12 50 34 77 
#30 14 6 5 7 14 5 11 19 17 62 31 27 37 46 
#1 14 25 45 3 5 23 3 2 13 10 20 50 9 55 
#2 19 6 28 22 16 29 0 51 11 24 15 10 9 25 
#7 25 29 23 80 7 6 12 59 12 15 13 33 30 38 
#47 25 29 8 24 24 6 43 59 33 11 15 10 69 25 
#14 25 6 11 6 7 5 24 40 47 2 11 29 34 22 
#32 13 14 27 12 45 12 19 52 11 44 21 26 17 5 
#1 18 22 8 6 7 60 2 2 13 10 19 40 9 22 
#14 19 22 28 22 16 25 10 20 18 2 11 29 69 22 
#9 25 6 11 80 59 27 12 1 17 15 11 50 30 6 
#11 25 21 8 27 7 60 2 1 14 10 15 10 23 25 
#61 14 8 45 6 7 60 1 38 47 2 11 40 22 25 
#7 1 37 61 24 24 23 11 59 33 1 11 5 14 30 
#2 18 6 51 19 16 25 1 40 18 35 28 50 69 25 
#2 29 22 1 22 5 25 10 20 18 2 26 29 69 34 
#7 13 8 61 12 59 29 6 36 17 35 11 50 69 13 
#11 6 21 5 27 53 60 24 19 47 10 4 62 23 55 
#61 14 8 3 33 5 55 1 38 18 3 49 50 22 13 
#61 13 21 61 27 0 27 19 20 36 54 19 5 14 12 
#11 19 6 51 27 14 23 1 8 36 45 53 4 69 25 
#30 2 8 1 64 5 8 45 51 19 21 26 48 30 34 
#7 18 8 61 3 5 17 0 36 11 35 49 50 8 22 
#61 14 8 5 80 5 0 24 19 47 29 4 27 15 6 
#61 14 8 61 80 5 55 43 20 18 3 15 50 30 13 
#61 13 21 21 27 0 6 19 20 36 54 4 6 23 6 
#11 19 2 8 27 14 19 27 17 36 45 20 4 37 10 
#30 35 7 18 32 18 8 23 3 19 62 17 33 30 16 
#28 37 8 40 32 52 17 45 51 53 29 20 5 9 22 
#28 14 8 11 80 16 17 0 20 13 29 12 50 15 6 
#30 14 6 61 7 14 0 11 20 17 21 59 6 34 25 
#61 10 2 5 6 13 6 1 44 17 21 4 6 22 6 
26 50 9 49 7 27 
41 6 47 45 22 23 
10 19 12 44 18 21 
48 33 28 13 17 11 
57 46 38 52 56 51 
16 2 42 32 40 3 
#Base: 921
#Max: 522
#566775
#Turn 4
#2 18 8 61 32 5 17 0 1 11 35 59 50 8 22 
#47 18 8 27 6 24 17 19 36 11 35 49 29 8 22 
#30 18 37 27 6 5 60 45 51 47 21 11 29 17 34 
#25 2 6 1 64 7 8 2 51 12 21 15 10 69 25 
#2 29 36 8 32 7 6 2 2 17 15 12 10 23 34 
#25 1 37 11 24 16 23 36 1 33 1 15 33 14 30 
#25 13 21 61 80 16 27 19 1 36 15 19 33 14 25 
#11 6 21 61 27 53 60 24 20 47 10 19 5 23 12 
#11 6 36 5 27 5 60 24 2 13 29 20 6 15 6 
#30 14 36 61 80 5 17 6 20 13 29 20 6 15 6 
#61 30 8 45 22 16 25 2 20 18 35 3 29 23 22 
#61 30 8 28 5 0 27 19 20 36 54 4 50 23 55 
#11 13 8 8 5 59 29 19 20 47 10 19 50 69 55 
#7 13 2 28 12 59 19 6 37 47 3 11 50 37 46 
#61 37 36 28 3 52 17 43 37 39 62 20 15 37 22 
#47 19 6 8 27 24 23 1 8 33 11 15 10 69 25 
#47 25 29 8 3 24 17 43 59 14 11 15 10 34 25 
#61 14 36 8 64 16 17 19 38 14 45 19 62 23 77 
#61 17 21 8 12 53 60 19 36 11 21 49 62 37 55 
#61 6 2 61 5 53 27 24 36 11 2 49 50 37 46 
#28 14 8 11 33 16 17 0 38 18 29 12 50 22 6 
#61 14 6 11 80 5 27 1 1 17 3 11 50 22 6 
#61 25 8 11 80 5 55 12 1 17 3 15 50 30 6 
#61 14 8 40 32 5 55 43 20 53 29 20 50 30 13 
#28 37 8 40 32 5 0 24 19 47 29 20 5 9 6 
#47 18 29 8 12 5 20 43 51 19 42 49 10 22 25 
#2 18 6 51 19 16 23 43 40 18 42 28 10 69 25 
#2 18 6 23 80 16 25 12 59 12 35 28 33 69 38 
#7 14 29 23 6 7 6 12 59 47 15 11 40 30 38 
#30 14 8 45 6 14 16 1 38 33 15 13 10 22 8 
#2 35 37 18 32 5 23 45 59 19 33 11 33 14 30 
#7 18 8 11 3 16 29 0 36 11 35 49 50 8 22 
#47 18 37 61 6 0 60 19 40 36 54 19 5 14 22 
#11 2 8 1 27 5 8 45 19 19 10 4 48 23 55 
#30 25 6 8 80 5 6 6 1 13 15 15 10 15 25 
#2 14 8 1 32 5 51 11 20 13 29 15 6 22 34 
#7 29 22 61 24 24 23 11 40 18 35 11 5 69 30 
#61 30 8 11 33 0 29 19 1 12 54 15 33 30 13 
#11 13 21 8 5 0 27 19 20 36 10 19 50 23 12 
#7 6 21 61 12 53 29 24 36 47 35 4 62 69 55 
#30 6 36 61 6 5 19 43 2 47 29 4 50 37 6 
#28 14 36 40 80 5 17 11 20 39 29 15 6 30 6 
#7 29 6 51 22 14 23 2 8 18 45 3 29 69 22 
#61 30 29 8 33 0 27 43 20 36 11 4 50 23 25 
#11 13 21 61 5 16 17 11 20 14 10 19 50 34 55 
#7 13 8 8 12 7 29 6 38 47 21 19 50 69 55 
#61 6 2 28 12 53 19 24 36 47 3 49 27 37 46 
#28 29 36 45 3 52 17 3 3 18 62 20 50 30 22 
#11 14 6 51 27 14 23 1 8 13 45 53 4 69 6 
#61 25 8 8 33 5 55 1 59 18 3 49 10 69 25 
#30 14 36 11 3 59 17 11 20 14 15 12 50 34 6 
#61 14 8 8 80 7 60 19 20 47 21 19 62 23 55 
#28 6 2 61 32 52 19 24 36 11 54 20 27 37 22 
#61 14 8 5 80 5 0 24 20 47 2 4 50 69 6 
#28 18 8 11 12 5 17 6 51 13 29 49 10 22 6 
#61 15 29 8 24 24 23 1 38 33 42 13 10 22 13 
#2 18 6 11 19 59 27 1 1 18 35 28 50 69 25 
#61 14 8 23 80 5 6 12 20 12 15 15 33 30 38 
#61 14 8 45 32 52 17 1 51 47 2 20 5 22 22 
#61 25 8 5 80 5 16 43 1 33 15 13 27 15 6 
3 48 59 47 7 41 
21 13 26 14 58 40 
9 45 53 19 27 36 
22 49 18 51 17 32 
43 6 12 39 23 2 
25 57 52 46 11 56 
#Base: 921
#Max: 522
#566775
#Turn 5
#11 2 6 1 27 14 23 2 8 12 45 15 4 69 6 
#61 25 8 51 80 5 23 43 1 13 45 53 4 69 6 
#28 29 8 45 3 52 16 43 3 33 15 20 50 30 22 
#11 6 21 61 3 52 17 24 20 18 10 19 50 23 22 
#28 6 21 40 80 5 60 11 20 39 29 15 5 23 12 
#7 14 6 11 80 59 27 1 37 17 3 11 50 37 6 
#7 18 2 51 12 16 23 6 37 18 3 11 10 37 25 
#61 37 36 28 19 52 17 43 37 39 42 20 10 37 22 
#61 14 36 28 3 52 17 1 37 47 2 20 5 37 22 
#61 6 8 61 32 5 17 1 2 47 2 20 50 37 22 
#7 13 36 61 80 5 29 6 38 47 29 20 50 69 55 
#61 14 8 5 80 5 0 6 20 47 2 4 50 69 55 
#61 14 8 61 80 53 0 24 20 47 2 4 50 69 6 
#2 18 2 61 5 16 27 12 36 12 2 49 50 69 46 
#2 18 6 61 24 24 25 11 40 18 35 28 5 69 38 
#61 25 8 8 80 5 55 12 59 18 3 15 10 30 6 
#61 25 21 8 33 53 60 1 59 11 21 49 62 37 25 
#61 14 21 8 12 53 60 19 20 47 21 19 62 37 55 
#61 14 8 8 64 7 60 19 38 47 21 19 62 23 55 
#47 14 37 8 6 0 60 19 38 36 54 19 62 14 77 
#61 30 21 61 33 0 27 43 20 36 15 19 33 14 25 
#25 13 21 61 80 16 27 19 1 47 10 19 33 14 25 
#11 13 21 8 5 53 29 19 20 47 10 19 62 69 55 
#61 14 21 61 32 5 55 43 20 53 29 4 50 69 13 
#30 14 37 27 6 5 55 43 51 53 29 20 50 17 34 
#61 18 29 8 80 5 6 43 20 19 15 49 33 22 25 
#61 14 8 61 80 52 19 12 36 12 15 20 27 37 38 
#61 6 2 28 12 53 19 24 36 11 54 20 27 37 46 
#61 30 2 28 12 0 27 24 20 36 3 4 50 23 46 
#61 18 6 11 19 0 27 1 20 36 35 4 50 69 25 
#25 14 6 11 80 7 8 1 51 12 21 15 10 22 25 
#11 13 6 51 12 59 23 1 8 47 3 11 4 69 6 
#2 25 6 51 80 16 16 43 1 18 42 13 10 15 6 
#61 37 36 28 3 52 17 43 3 18 62 20 50 30 22 
#61 14 21 61 27 52 60 1 20 47 2 20 5 22 12 
#30 6 36 40 6 5 17 11 2 39 29 15 50 37 6 
#30 14 6 11 80 5 27 6 20 13 3 20 50 15 6 
#7 13 2 8 12 7 19 6 38 47 21 11 50 69 55 
#61 18 6 5 80 5 23 43 40 47 42 28 50 69 6 
#61 37 2 28 3 52 17 43 37 11 2 49 15 37 22 
#61 14 6 45 32 16 25 1 51 47 2 28 33 22 38 
#30 29 36 61 24 24 19 11 2 18 35 4 5 37 6 
#30 25 36 11 80 5 17 6 1 17 29 15 50 15 6 
#7 13 8 8 12 5 55 6 59 47 21 49 50 69 25 
#61 17 21 5 12 5 0 24 36 47 2 4 50 37 55 
#61 6 2 8 80 53 60 19 36 47 21 49 62 23 55 
#61 18 36 23 80 16 17 12 59 14 45 28 33 23 38 
#47 18 37 61 24 0 60 11 40 36 54 11 5 69 22 
#61 25 29 11 33 5 55 12 20 17 3 15 50 30 6 
#25 25 21 61 80 16 55 1 59 18 15 19 10 14 25 
#61 17 21 8 5 59 60 19 36 11 10 49 50 37 55 
#7 14 21 8 12 7 60 24 20 47 21 19 62 69 55 
#61 14 36 40 32 5 55 19 38 14 45 19 62 30 77 
#47 18 37 61 6 0 60 19 40 47 21 19 5 17 22 
#47 18 29 8 12 5 20 43 20 36 11 4 10 23 25 
#61 13 8 61 80 16 27 19 20 12 15 19 33 14 25 
#28 6 8 8 32 59 29 19 20 11 54 19 27 69 55 
#7 6 21 28 12 53 29 24 36 47 3 49 62 37 46 
#61 14 8 40 5 0 55 43 20 53 29 4 50 23 55 
#30 18 37 11 6 5 27 45 1 18 35 11 50 17 34 
39 20 56 7 57 27 
53 13 43 1 49 25 
15 51 16 52 23 22 
26 18 38 45 12 47 
55 58 50 10 19 11 
21 24 33 17 46 34 
#Base: 921
#Max: 582
#631922
#Turn 6
#61 37 2 61 3 0 27 43 20 11 2 19 15 14 22 
#61 30 8 61 32 59 27 19 20 11 15 19 27 14 25 
#61 37 8 8 32 52 17 43 37 11 54 19 10 37 55 
#61 6 21 28 19 52 17 24 36 39 3 20 62 37 46 
#7 6 21 28 12 53 29 24 36 11 3 20 27 37 46 
#2 18 37 61 5 16 60 12 40 12 21 19 5 69 22 
#2 13 8 8 5 16 27 6 36 12 2 49 50 69 46 
#7 13 8 8 80 5 55 6 1 47 21 53 50 69 6 
#61 25 8 61 80 5 23 43 59 13 45 53 10 14 25 
#25 25 29 61 80 16 6 43 20 19 15 19 33 14 25 
#61 14 8 8 80 7 60 24 20 18 3 19 10 69 55 
#61 14 21 8 33 53 60 1 59 11 21 49 62 37 55 
#61 25 21 40 32 5 60 19 38 14 45 19 62 37 77 
#61 14 21 61 32 5 55 19 38 14 45 19 62 30 13 
#61 14 21 61 5 5 55 19 20 47 29 19 50 69 13 
#61 14 8 8 64 7 19 12 38 12 21 19 27 37 38 
#61 14 6 8 80 5 23 43 40 47 21 28 62 69 55 
#61 18 6 8 80 53 60 19 40 47 21 28 62 23 55 
#61 14 2 61 80 53 60 19 20 47 2 4 50 23 6 
#61 14 8 61 24 0 60 24 20 36 54 11 5 69 22 
#61 13 8 40 5 16 55 19 20 12 29 19 50 23 55 
#61 17 21 8 5 59 55 19 36 11 29 49 50 23 55 
#61 13 21 8 5 59 29 19 38 47 10 49 50 37 55 
#7 14 36 61 6 5 60 19 38 47 29 20 62 69 77 
#61 14 37 8 80 0 0 6 38 47 54 19 50 69 55 
#30 13 37 27 6 16 27 43 51 53 10 20 50 14 34 
#30 14 37 28 3 52 55 43 3 18 29 20 50 30 34 
#61 37 21 8 3 53 60 43 3 47 21 20 50 30 22 
#61 14 36 23 80 16 17 19 59 14 45 28 62 37 38 
#61 18 21 23 27 16 17 12 59 47 2 20 33 22 12 
#47 37 37 28 6 52 60 19 40 11 21 49 5 37 22 
#61 30 2 61 33 16 27 12 20 12 15 19 33 69 46 
#7 13 8 8 32 59 29 6 20 47 54 49 27 69 55 
#61 25 8 51 19 5 23 43 37 13 42 53 4 69 6 
#7 25 21 28 80 16 55 1 36 18 15 49 62 14 46 
#61 6 29 28 12 5 19 24 20 19 15 49 33 37 25 
#61 18 8 8 6 0 60 19 40 47 21 19 10 30 22 
#7 18 2 8 12 16 27 24 20 47 2 19 50 69 55 
#7 25 21 8 12 53 60 6 59 47 21 49 62 37 25 
#61 25 36 51 32 5 55 43 38 14 45 19 4 30 77 
#25 25 21 61 32 5 55 1 59 18 15 4 50 14 13 
#11 18 21 8 80 53 6 43 20 19 15 49 62 69 55 
#61 14 8 61 80 52 55 12 59 12 3 20 27 30 6 
#7 14 8 8 64 7 60 19 38 47 21 19 62 23 55 
#61 18 6 8 80 5 60 1 40 47 21 49 50 37 25 
#61 14 36 40 80 53 60 19 36 47 21 19 62 23 77 
#61 14 8 61 32 53 55 24 20 53 29 4 50 69 13 
#47 18 21 8 5 0 29 19 40 36 10 19 5 69 55 
#61 14 8 61 80 52 19 12 36 12 15 20 33 37 25 
#61 14 8 8 64 7 60 19 38 53 29 4 50 23 55 
#61 18 6 5 5 59 23 43 36 47 42 28 50 37 55 
#7 6 36 8 80 53 29 6 38 47 21 49 50 23 55 
#47 14 8 8 80 0 60 19 38 36 54 4 62 14 77 
#61 18 37 61 80 5 0 11 40 36 2 4 50 69 22 
#25 13 8 61 80 16 27 19 1 47 10 19 33 14 25 
#61 14 37 40 6 5 55 43 20 53 29 20 50 17 55 
#61 17 36 28 3 52 17 19 36 18 10 49 50 37 55 
#7 14 21 8 12 5 60 19 20 47 21 19 62 37 55 
#47 14 37 8 80 16 60 12 59 36 45 28 62 14 38 
#61 14 21 61 27 52 0 6 20 47 2 4 50 69 55 
2 56 14 51 22 19 
34 10 49 52 59 32 
48 50 12 23 58 55 
39 11 24 45 16 41 
13 42 8 17 46 53 
27 21 44 28 18 38 
#Base: 921
#Max: 648
#703583
#Turn 7
#61 37 36 8 3 52 17 19 37 18 10 49 10 37 55 
#61 14 21 61 5 5 17 19 20 47 29 19 50 69 13 
#7 14 36 8 80 5 55 6 38 47 21 19 50 23 13 
#61 6 36 8 80 53 29 19 38 47 21 49 50 37 55 
#61 14 8 61 24 0 29 19 38 36 54 11 50 37 22 
#61 25 21 8 80 7 55 1 20 18 3 49 10 14 55 
#61 14 8 8 80 7 60 19 38 18 3 4 50 69 55 
#47 14 8 8 64 7 60 19 38 36 29 4 62 14 77 
#61 14 8 61 80 0 60 6 20 36 2 4 50 69 77 
#7 14 21 61 27 59 0 6 20 47 54 4 50 69 55 
#61 14 6 5 80 59 23 43 36 12 42 28 50 37 25 
#61 18 6 40 5 5 60 43 38 47 42 28 62 37 77 
#61 25 36 61 6 5 60 19 38 47 29 19 62 69 77 
#7 14 36 61 80 16 60 12 59 47 45 20 62 69 77 
#61 14 37 8 6 16 60 43 59 53 29 20 62 14 38 
#61 25 36 51 32 5 55 1 38 14 21 49 62 30 77 
#61 14 21 8 33 0 0 6 38 47 54 49 62 69 55 
#61 14 37 40 80 0 60 19 38 47 21 19 50 69 77 
#61 14 6 8 80 5 23 43 36 47 21 28 62 23 77 
#61 14 6 8 80 5 23 43 40 47 15 49 62 69 55 
#61 14 8 61 80 52 55 19 59 14 3 20 27 30 13 
#61 25 8 61 80 52 55 43 59 12 3 20 27 14 6 
#61 25 8 8 80 5 23 43 59 13 45 53 62 14 55 
#61 14 6 8 80 53 55 24 40 53 21 4 62 69 55 
#61 18 37 61 32 5 55 11 20 53 2 4 50 69 22 
#61 37 21 8 3 59 55 19 36 47 21 20 50 30 55 
#61 17 21 8 80 5 60 1 40 47 21 49 50 37 25 
#61 14 36 23 80 5 17 1 40 47 45 49 50 37 38 
#61 14 2 23 80 16 17 19 59 14 2 4 62 23 6 
#61 14 21 8 80 53 60 19 59 47 2 49 62 23 25 
#7 25 8 8 32 52 55 43 36 18 15 49 10 14 55 
#61 14 8 8 3 52 60 19 36 18 10 19 10 69 55 
#61 14 8 61 64 7 60 19 20 47 29 19 50 23 13 
#7 14 36 8 80 0 60 6 38 47 21 4 50 23 77 
#61 14 21 61 27 52 0 19 20 47 10 49 50 69 55 
#61 13 8 8 24 0 60 6 20 36 54 11 5 69 55 
#7 25 21 28 80 52 19 12 36 12 15 20 62 14 46 
#61 14 8 8 5 7 23 43 36 18 3 19 10 69 55 
#61 14 21 8 64 5 60 19 38 14 45 4 62 23 77 
#47 14 36 61 6 0 60 19 38 36 54 20 62 69 77 
#61 14 21 61 80 52 0 12 59 36 2 28 50 14 55 
#7 13 37 40 32 59 29 43 20 53 29 20 27 17 55 
#61 14 8 51 32 5 55 12 36 12 45 19 33 30 77 
#61 18 6 5 5 59 23 1 59 47 42 28 62 37 55 
#61 14 21 40 32 5 0 6 38 47 45 19 50 37 77 
#61 14 36 61 6 5 60 19 38 47 29 19 62 23 77 
#47 14 6 8 80 16 23 12 59 47 45 28 62 14 38 
#61 14 37 8 80 5 6 43 20 19 29 49 50 17 55 
#61 25 36 51 32 5 55 19 38 14 45 19 4 30 77 
#61 14 21 61 33 53 55 12 59 12 3 20 27 30 55 
#61 25 37 8 80 5 23 43 59 47 45 53 50 14 55 
#61 18 36 40 80 53 60 19 36 47 21 28 62 23 55 
#61 14 6 61 80 53 23 24 20 47 21 4 62 69 55 
#61 18 21 61 80 53 6 11 20 36 15 49 50 69 55 
#61 37 21 8 32 53 55 19 38 47 45 19 62 30 13 
#61 17 8 8 80 52 55 19 59 11 3 49 50 30 6 
#61 18 8 8 80 5 60 43 40 13 21 53 10 14 25 
#61 14 6 23 80 53 60 19 59 47 21 28 62 37 55 
#61 14 8 61 32 53 60 19 20 47 29 4 50 23 13 
#61 25 37 8 80 53 60 6 59 47 21 49 62 69 25 
48 49 16 15 21 55 
25 10 27 23 34 38 
20 40 53 57 12 18 
19 52 51 13 17 29 
14 45 3 59 39 11 
43 54 22 50 8 26 
#Base: 921
#Max: 665
#722041
#Turn 8
#61 25 36 61 32 53 55 12 59 12 3 20 4 30 55 
#61 14 21 8 33 0 55 6 59 12 3 20 27 30 55 
#61 14 36 51 32 5 0 6 38 14 21 49 62 69 55 
#61 25 36 51 80 5 55 43 59 14 3 49 62 30 6 
#61 17 8 8 80 52 55 19 59 11 3 49 27 14 6 
#61 37 6 5 80 59 55 19 36 47 21 20 50 37 55 
#61 14 6 5 80 59 17 43 36 12 45 49 50 37 38 
#61 14 36 23 80 5 17 1 40 47 21 4 50 69 55 
#61 14 6 61 80 52 0 24 20 47 21 4 50 69 55 
#61 14 21 8 64 52 0 19 20 14 10 4 62 23 55 
#61 14 21 61 80 52 55 12 59 36 3 28 27 14 55 
#61 18 21 61 80 53 0 11 20 36 15 49 50 69 55 
#61 14 6 23 80 53 60 19 59 47 21 49 50 37 55 
#61 14 6 61 6 53 60 19 59 47 21 28 62 37 55 
#61 14 6 61 6 5 23 43 38 47 21 19 62 23 77 
#61 14 6 61 80 53 23 24 40 47 15 4 62 69 55 
#61 14 36 61 80 53 23 19 36 47 21 28 62 23 55 
#61 18 36 61 80 53 60 12 36 47 45 20 62 69 77 
#7 14 37 40 80 16 60 19 59 47 21 20 62 69 77 
#61 14 37 40 80 0 60 19 59 47 2 19 50 23 77 
#61 14 36 61 6 16 60 19 38 47 29 19 62 14 38 
#61 6 36 8 6 5 29 19 38 47 29 49 62 23 55 
#61 25 37 8 80 53 60 19 59 47 21 49 50 37 25 
#47 14 37 61 80 53 60 6 59 47 54 49 62 69 25 
#61 14 36 40 6 5 60 19 38 47 54 28 62 37 77 
#61 18 6 5 32 53 23 19 59 47 42 28 62 37 13 
#61 25 21 8 32 53 55 19 59 47 45 19 62 30 55 
#61 25 37 8 80 5 23 43 59 47 45 53 62 14 55 
#61 14 37 8 80 5 60 43 59 47 45 4 50 69 77 
#61 17 8 61 80 5 60 6 40 47 2 49 50 69 25 
#61 37 36 51 32 59 55 19 38 47 45 20 50 30 55 
#61 14 21 61 33 59 55 12 59 12 3 20 50 30 25 
#61 14 36 23 33 0 0 6 38 47 45 49 50 69 38 
#61 14 6 8 80 53 55 24 38 53 21 49 62 69 77 
#61 14 21 61 27 52 0 43 59 12 10 49 27 14 55 
#61 14 21 8 64 5 60 19 38 11 3 49 50 23 6 
#61 37 21 8 80 52 55 19 59 47 21 20 27 30 13 
#61 14 6 5 80 52 23 43 59 36 42 28 50 14 55 
#61 14 21 23 80 53 17 1 40 36 15 49 50 69 55 
#61 14 6 23 80 53 60 19 40 53 21 4 62 69 55 
#61 14 21 61 6 5 60 19 38 47 29 49 62 69 77 
#61 14 6 8 80 5 60 43 36 14 21 4 62 23 77 
#61 14 8 8 80 5 23 43 59 47 3 20 62 30 55 
#61 14 6 61 80 53 0 12 59 36 2 28 62 14 55 
#61 18 36 61 80 53 60 11 36 36 21 28 50 23 55 
#61 14 36 61 80 16 60 12 59 47 45 20 62 37 55 
#61 14 36 40 6 5 60 19 38 47 21 19 50 69 77 
#61 14 6 8 80 53 60 43 36 47 21 49 62 23 77 
#61 14 37 8 6 16 23 43 59 47 15 49 62 69 55 
#61 14 36 61 80 53 60 19 20 47 21 4 62 23 77 
#61 18 36 8 80 53 60 19 38 47 21 49 62 23 55 
#7 25 36 8 80 53 60 12 59 47 45 20 62 69 77 
#61 14 37 61 80 0 60 19 38 36 54 19 50 69 77 
#61 18 6 8 80 53 60 19 59 47 42 49 62 37 25 
#61 18 37 8 6 59 60 1 59 47 29 28 62 14 38 
#61 37 21 61 6 53 55 19 38 47 45 19 62 30 77 
#61 6 36 8 80 5 23 43 59 47 45 49 62 37 55 
#61 25 37 8 80 53 60 43 59 47 21 53 50 14 25 
#47 14 8 61 80 0 60 19 20 36 2 4 62 69 77 
#61 17 21 8 5 5 60 1 40 47 21 49 62 37 25 
48 10 26 39 15 29 
3 24 27 28 16 19 
5 40 47 45 51 56 
55 49 33 17 52 12 
38 53 22 23 57 44 
37 11 18 30 50 13 
#Base: 921
#Max: 737
#800217
#Turn 9
#61 14 21 8 6 16 23 43 59 47 3 49 62 14 55 
#61 25 21 61 32 53 55 19 59 47 3 19 62 14 55 
#61 25 6 8 80 53 55 19 40 53 45 4 62 30 55 
#61 14 6 61 80 53 60 24 40 47 15 4 62 69 55 
#61 14 6 61 80 5 23 6 40 47 15 49 62 69 55 
#61 14 36 51 6 5 60 19 38 47 3 28 62 30 77 
#61 25 37 40 80 5 23 19 38 47 54 28 62 37 77 
#61 14 37 8 80 5 60 43 59 47 45 53 62 14 55 
#61 14 37 61 80 5 60 43 36 47 21 4 50 23 55 
#61 14 37 40 80 0 60 19 36 47 21 28 62 23 55 
#61 14 21 61 6 59 60 19 38 47 21 49 50 37 55 
#61 14 21 8 80 5 60 43 36 47 21 49 62 69 77 
#61 14 36 61 80 53 60 12 59 47 45 49 62 23 55 
#61 25 36 8 80 16 60 12 59 47 45 20 62 37 77 
#61 6 36 8 80 53 60 12 59 47 45 20 62 69 77 
#61 14 21 61 80 53 55 19 20 47 45 4 62 30 77 
#61 14 36 8 80 53 55 19 38 47 21 4 62 69 77 
#61 14 6 8 80 53 60 24 38 47 45 20 62 69 77 
#61 18 37 61 80 0 60 12 36 47 45 20 62 69 77 
#61 14 37 61 80 0 60 19 38 36 54 49 50 37 77 
#61 14 6 8 80 53 17 1 40 36 15 49 62 37 25 
#61 25 6 8 80 53 60 19 59 47 21 49 50 37 25 
#47 25 37 61 80 53 60 19 59 47 21 49 50 69 25 
#61 25 37 8 80 53 60 43 59 47 21 49 50 69 25 
#61 18 36 8 80 53 60 43 36 36 21 28 50 14 55 
#61 18 6 61 80 53 23 43 59 36 42 49 50 14 55 
#61 18 21 61 80 16 0 19 20 36 21 20 50 69 77 
#7 37 36 51 80 59 60 19 38 47 45 20 62 30 55 
#61 37 36 8 32 53 55 19 38 47 45 49 50 23 55 
#61 14 36 61 80 53 60 19 38 47 21 49 62 37 55 
#61 25 36 51 6 16 23 43 59 14 3 49 62 30 55 
#61 14 21 61 6 5 60 12 38 36 3 28 27 14 55 
#61 25 37 8 80 5 55 19 59 47 45 19 62 30 55 
#61 14 6 8 80 53 60 19 40 47 45 4 62 69 77 
#61 14 6 61 80 53 23 19 40 47 21 28 62 23 55 
#61 14 37 61 80 0 60 19 40 47 2 49 50 69 77 
#61 25 6 51 80 5 55 43 36 47 21 49 62 30 55 
#61 14 21 40 6 5 60 19 38 47 29 28 62 69 77 
#61 25 6 8 80 5 60 43 59 47 45 49 62 14 55 
#61 14 36 61 80 16 60 43 59 47 45 20 62 37 55 
#61 14 36 61 80 53 60 19 36 47 45 28 62 69 55 
#61 14 37 8 80 0 23 19 59 47 45 19 62 37 77 
#61 37 21 5 6 59 55 19 36 47 21 19 62 37 55 
#61 14 21 61 6 5 60 19 20 47 21 49 62 69 77 
#61 14 6 8 80 53 60 24 36 47 21 49 62 23 77 
#61 14 36 61 80 16 60 12 59 47 45 20 62 69 55 
#7 14 37 61 80 53 60 12 38 47 45 20 62 69 77 
#61 6 6 8 80 5 23 43 59 47 45 49 50 37 55 
#61 14 21 23 6 53 17 1 38 36 45 49 50 69 55 
#61 18 36 61 80 53 60 19 20 47 42 4 62 37 25 
#61 14 37 8 80 53 55 19 59 47 21 49 62 69 25 
#61 14 36 61 80 53 60 12 36 47 54 49 62 69 77 
#61 14 37 61 80 53 60 43 59 47 21 53 50 69 77 
#61 14 36 23 80 53 60 19 36 47 21 28 50 37 55 
#61 14 21 5 80 52 17 1 40 36 42 49 50 14 55 
#61 18 6 8 80 53 0 19 59 36 15 49 62 69 55 
#61 25 37 40 80 16 60 19 59 47 21 20 50 37 77 
#47 37 37 51 32 59 55 19 59 47 45 20 62 30 55 
#61 25 37 8 80 53 60 43 59 47 21 49 62 14 55 
#61 14 6 61 80 53 60 11 36 36 21 28 50 37 55 
59 44 7 25 13 36 
28 53 11 29 27 6 
33 35 45 22 39 15 
57 23 12 52 40 58 
49 56 18 51 14 50 
38 3 17 46 19 16 
#Base: 921
#Max: 785
#852334
#61 14 6 61 80 53 60 24 36 36 21 28 50 23 55 
#61 14 37 8 80 5 60 43 59 47 45 53 62 23 55 
#61 18 6 61 80 53 60 43 59 36 42 53 62 14 55 
#61 18 6 61 80 53 23 43 59 47 42 20 50 37 55 
#61 25 6 8 80 16 60 43 36 47 21 20 62 37 55 
#61 37 36 8 32 53 55 19 38 47 21 28 50 23 55 
#61 14 36 8 80 53 60 19 36 47 21 49 50 69 77 
#61 14 21 61 80 53 60 43 36 47 21 49 62 69 77 
#7 14 36 61 80 53 60 19 38 47 45 20 62 30 55 
#7 25 36 40 80 59 60 19 38 47 45 28 62 30 77 
#61 14 37 8 80 0 60 19 40 47 2 49 50 69 77 
#61 14 36 61 80 0 60 19 40 47 45 20 62 69 55 
#61 14 36 61 80 16 60 12 59 47 21 20 62 69 55 
#47 14 37 61 80 53 60 19 59 47 45 49 62 69 55 
#61 14 21 61 80 16 55 19 59 47 45 4 62 30 55 
#61 25 37 51 32 53 60 19 59 47 45 49 50 69 25 
#61 14 36 61 80 53 60 43 59 47 21 49 62 69 25 
#61 14 36 61 80 53 60 12 59 47 21 53 50 69 55 
#61 14 37 61 80 53 60 43 59 47 45 28 62 69 77 
#61 25 37 61 80 53 60 19 59 47 21 28 62 69 55 
#61 18 36 40 80 16 60 19 20 47 42 20 50 37 77 
#61 25 37 61 80 0 60 19 36 47 45 20 62 37 77 
#61 18 36 61 80 0 60 12 36 47 45 49 62 69 77 
#61 6 36 61 80 53 60 12 59 47 54 20 62 69 77 
#61 14 36 8 80 53 55 19 59 47 21 20 62 69 77 
#61 14 6 61 80 5 60 24 40 47 15 49 62 14 55 
#61 14 6 8 80 53 60 24 40 47 15 20 62 69 77 
#61 14 6 8 80 53 60 24 38 47 45 20 62 69 77 
#61 14 37 61 80 0 60 12 38 36 54 49 50 69 77 
#61 14 36 61 80 0 60 19 38 47 21 49 62 69 77 
#61 37 6 8 32 53 60 19 38 36 21 28 50 23 55 
#61 14 36 8 80 53 60 24 36 47 21 49 62 37 55 
#61 14 21 8 80 5 60 43 36 47 21 49 62 69 55 
#61 18 6 61 80 53 23 19 59 47 21 49 62 37 55 
#61 25 36 8 80 59 60 19 59 47 45 20 62 37 55 
#61 25 37 51 80 5 55 19 38 47 21 28 62 30 55 
#61 14 6 8 32 53 55 19 38 47 45 49 62 23 77 
#61 14 37 23 80 0 60 19 40 47 21 28 50 37 55 
#61 14 36 8 80 16 60 12 59 47 21 20 62 69 55 
#61 25 37 61 80 53 60 19 38 47 21 49 62 69 55 
#7 37 36 51 80 59 60 19 59 47 45 20 62 30 55 
#61 14 21 40 80 53 23 19 20 47 54 28 62 37 77 
#61 14 6 8 80 59 55 19 59 47 45 20 62 30 55 
#61 25 37 8 80 0 60 43 40 47 21 49 50 69 25 
#61 14 36 61 80 53 60 12 59 47 45 49 62 69 55 
#61 25 37 61 80 53 60 19 59 47 21 53 50 69 25 
#61 14 36 61 80 53 60 19 36 47 45 28 62 69 55 
#61 25 21 8 80 53 55 19 20 47 21 4 62 14 55 
#47 18 37 61 80 59 60 19 59 47 45 20 62 30 25 
#61 25 37 8 80 53 60 43 59 47 21 20 50 69 77 
#61 18 36 61 80 53 60 12 36 47 45 49 62 23 77 
#61 14 36 61 80 53 60 43 59 47 54 53 50 69 77 
#61 14 36 8 80 53 60 19 36 47 45 20 62 69 55 
#61 25 37 8 80 53 55 43 59 47 21 49 62 69 25 
#61 25 6 8 80 53 60 19 59 47 42 49 62 14 55 
#61 14 37 61 80 16 60 24 59 47 21 4 50 37 55 
#61 14 37 8 80 0 60 24 38 47 45 20 62 69 77 
#7 14 37 61 80 53 60 12 36 47 45 20 62 69 77 
#61 14 36 61 80 0 60 12 59 47 45 20 62 37 77 
#61 14 36 8 80 53 55 19 59 47 21 4 62 69 77 
#Base: 921
#Max: 817
#887079
