#[0] 3, 3
#[1] 4, 3
#[2] 3, 4
#[3] 3, 2
#[4] 2, 3
#[5] 2, 4
#[6] 1, 3
#[7] 2, 2
#[8] 3, 1
#[9] 4, 4
#[10] 5, 3
#[11] 3, 5
#[12] 4, 2
#[13] 3, 0
#[14] 5, 4
#[15] 4, 5
#[16] 5, 2
#[17] 4, 1
#[18] 0, 3
#[19] 1, 4
#[20] 2, 1
#[21] 1, 2
#[22] 2, 5
#[23] 0, 4
#[24] 5, 1
#[25] 0, 2
#[26] 5, 5
#[27] 1, 5
#[28] 2, 0
#[29] 1, 1
#[30] 4, 0
#[31] 0, 5
#[32] 1, 0
#[33] 0, 1
#[34] 5, 0
#[35] 0, 0
#Turn 0
37 57 12 33 11 31 
46 36 51 21 9 55 
22 10 19 26 15 50 
35 43 27 4 40 3 
6 47 56 17 39 13 
29 1 18 48 58 14 
#Base: 935
#Max: 343
#366845
#Turn 1
#46 45 18 13 4 36 29 9 21 4 25 4 11 45 23 
#46 6 18 12 18 33 29 9 30 15 61 29 20 0 41 
#21 39 31 45 14 17 20 9 30 3 18 56 20 0 9 
#18 39 13 5 29 33 33 12 3 17 29 56 33 22 9 
#18 6 11 34 29 20 33 7 3 16 29 6 20 27 40 
#11 26 25 0 1 49 16 1 43 3 6 18 33 30 9 
#39 26 25 2 1 25 53 5 23 48 6 18 23 16 22 
#15 6 30 17 10 18 47 5 20 15 37 11 14 46 22 
#15 14 14 9 35 44 1 13 20 21 37 11 2 46 8 
#18 14 57 22 35 44 31 13 15 21 16 34 2 28 4 
#1 12 59 37 26 23 42 13 11 27 10 20 6 30 45 
#16 2 59 8 33 23 11 18 25 30 21 20 16 30 15 
#4 17 6 8 33 22 11 3 36 0 21 0 16 61 5 
#48 17 6 21 42 22 5 40 36 0 24 0 9 61 11 
#48 39 46 18 6 1 24 1 6 23 24 60 9 4 2 
#6 23 6 3 5 4 22 22 48 60 9 3 8 21 36 
#66 23 48 3 5 18 20 8 48 60 9 4 11 33 7 
#23 6 3 8 2 19 20 8 24 11 17 23 11 9 25 
#23 35 3 3 2 19 12 78 10 69 7 9 15 6 25 
#25 15 22 16 0 4 7 24 12 42 33 9 20 6 6 
#32 42 28 4 7 33 16 38 8 27 19 20 14 7 0 
#11 42 5 4 0 57 10 36 12 29 19 20 1 40 29 
#1 15 23 41 28 8 10 36 14 13 2 8 74 41 2 
#8 38 22 2 28 8 29 18 23 15 9 3 5 41 2 
#35 46 22 8 12 24 17 11 23 15 13 3 19 16 2 
#48 15 40 58 16 13 25 29 1 19 20 23 14 25 31 
#48 16 14 28 20 24 11 19 1 19 20 23 3 18 1 
#32 3 11 4 20 21 27 35 37 37 0 1 3 17 12 
#20 5 11 4 20 8 15 35 62 37 14 23 40 17 12 
#24 45 21 7 47 30 21 7 14 34 14 13 37 31 43 
#16 48 4 6 4 49 16 38 21 44 39 2 11 13 23 
#46 26 25 13 18 33 53 9 16 4 14 20 4 19 41 
#21 6 31 12 1 3 20 5 30 48 25 29 14 0 22 
#15 6 7 14 14 18 27 9 1 3 37 11 29 22 16 
#18 37 13 5 35 33 33 12 3 17 29 34 33 0 52 
#48 13 11 34 12 49 32 7 41 21 11 34 20 27 40 
#1 12 27 37 26 49 16 12 11 27 39 2 33 13 9 
#25 2 25 23 4 25 42 1 43 30 6 18 6 30 15 
#39 12 14 8 1 12 47 5 25 48 25 9 14 66 22 
#4 6 14 14 10 18 5 17 20 0 37 11 17 61 11 
#15 17 9 18 35 1 24 40 6 23 16 34 2 4 2 
#18 13 43 1 15 0 31 1 39 21 11 34 21 4 51 
#18 0 27 37 37 15 22 12 11 13 7 3 8 2 45 
#6 23 6 23 5 23 42 13 48 60 9 20 18 30 15 
#16 8 14 8 33 31 20 18 25 34 21 4 16 66 20 
#23 35 3 3 2 22 5 3 10 0 12 23 15 8 11 
#48 21 24 9 6 9 24 40 9 69 33 9 9 4 2 
#25 39 22 1 16 0 14 24 14 39 21 33 62 9 51 
#32 11 28 21 7 33 12 18 8 13 31 3 8 17 31 
#11 42 5 3 34 57 13 22 48 60 9 34 14 7 0 
#1 31 48 41 0 18 10 36 14 11 17 4 11 40 29 
#8 15 3 3 2 8 12 78 10 5 9 23 74 41 2 
#5 21 24 9 0 9 29 19 9 15 8 3 5 16 6 
#25 15 22 9 12 4 17 24 12 42 13 33 62 9 26 
#8 11 40 21 7 33 12 18 16 4 34 55 3 40 31 
#11 16 24 58 16 24 11 19 12 29 20 20 14 7 0 
#9 3 14 28 20 21 27 20 14 30 2 23 1 40 24 
#8 5 23 4 20 8 31 18 62 37 9 8 3 41 2 
#20 38 22 7 1 24 29 19 23 15 8 3 40 31 43 
#24 45 29 9 12 9 21 11 6 34 12 13 19 47 8 
12 11 31 44 3 41 
50 0 28 47 21 53 
15 34 13 22 38 54 
25 46 49 51 16 14 
57 9 10 18 1 29 
36 2 30 35 43 6 
#Base: 935
#Max: 400
#427807
#Turn 2
#4 2 59 8 33 22 11 3 36 0 21 0 16 61 5 
#46 26 59 8 18 23 53 9 16 4 14 20 16 30 15 
#46 8 25 13 33 33 53 9 25 4 21 4 16 66 20 
#18 39 13 5 29 31 20 12 25 34 21 4 33 22 9 
#18 39 43 5 15 0 33 12 39 21 29 34 33 22 51 
#46 31 48 13 4 18 10 9 14 11 25 4 11 40 23 
#20 45 11 13 4 8 29 35 21 4 14 4 11 17 23 
#25 39 22 4 16 8 15 24 62 39 14 33 62 17 12 
#11 39 22 1 0 57 14 24 14 29 19 33 1 9 29 
#25 15 22 9 0 4 17 24 12 42 13 20 62 9 26 
#18 37 6 3 35 33 33 12 3 60 9 3 8 0 36 
#48 17 13 21 42 22 5 40 36 0 24 34 9 0 52 
#48 15 6 21 42 22 10 40 36 0 2 0 9 41 11 
#1 15 14 8 28 8 47 5 25 48 2 8 74 41 22 
#39 11 40 8 1 33 12 18 25 48 34 9 3 66 31 
#48 15 40 58 16 13 24 29 1 19 33 23 14 25 31 
#48 21 5 9 6 9 13 40 48 69 9 34 9 4 2 
#11 42 5 3 2 8 12 78 10 60 9 23 74 7 2 
#66 15 3 3 2 18 12 78 10 5 9 23 11 33 2 
#66 23 48 18 6 18 20 1 48 23 24 4 9 33 2 
#8 5 57 4 20 8 31 18 15 21 9 8 2 28 4 
#18 12 57 22 35 23 42 13 11 27 16 20 6 28 45 
#23 12 3 37 2 23 42 13 11 69 7 20 15 6 25 
#23 6 3 12 18 33 12 78 30 15 7 29 15 0 41 
#24 45 21 7 47 30 29 7 14 15 61 13 37 0 41 
#21 12 31 45 14 49 16 9 11 27 39 2 20 0 9 
#16 39 31 6 14 17 16 38 30 44 39 2 11 0 9 
#48 13 11 34 12 49 32 7 41 21 11 2 20 27 40 
#48 23 11 23 12 23 32 13 41 60 11 34 20 27 40 
#39 26 6 2 1 25 42 5 48 60 6 20 18 30 15 
#1 17 6 41 0 22 11 3 14 0 17 4 11 61 5 
#46 2 18 13 33 23 29 18 25 4 25 20 11 45 15 
#20 26 11 13 20 8 15 35 16 4 14 23 40 19 12 
#25 39 14 1 33 31 20 24 25 39 21 4 62 66 51 
#18 42 5 4 0 57 33 36 3 17 19 56 33 22 29 
#18 13 22 9 12 4 31 24 39 21 11 34 21 4 51 
#1 31 6 41 5 4 10 36 48 11 9 3 11 40 36 
#18 45 18 5 4 33 29 12 21 17 29 34 11 0 52 
#20 5 11 4 20 8 5 35 62 37 24 23 9 61 12 
#1 15 23 41 28 8 10 24 14 13 21 8 62 9 2 
#11 12 5 4 1 57 47 36 25 48 19 20 14 66 22 
#8 15 40 9 7 33 17 18 12 4 13 33 3 40 31 
#48 15 40 3 5 13 25 29 48 19 9 3 14 25 36 
#48 21 24 5 6 9 33 12 3 69 33 34 9 4 52 
#48 17 5 3 34 22 13 22 48 0 24 0 14 7 0 
#8 15 3 41 2 8 10 36 14 5 9 8 74 41 2 
#39 12 14 3 1 12 47 8 48 48 9 4 14 33 7 
#48 11 40 18 7 33 24 1 16 4 24 60 3 40 31 
#48 5 23 58 20 13 31 18 1 19 9 23 3 41 31 
#18 14 24 9 6 44 24 13 9 69 33 9 2 28 4 
#1 12 5 37 34 23 13 22 11 27 9 34 6 7 45 
#23 15 3 3 2 8 12 78 10 69 9 9 15 41 2 
#66 6 18 12 5 33 29 9 30 60 9 29 11 33 7 
#48 45 46 7 47 1 24 1 14 34 14 13 9 4 2 
#8 12 23 37 20 8 31 18 11 27 39 8 33 41 2 
#21 14 31 45 14 17 31 9 15 3 18 34 20 28 4 
#16 48 4 6 4 23 42 13 11 44 39 2 6 13 23 
#23 13 3 3 12 19 12 78 10 21 11 34 20 6 25 
#46 23 6 12 18 23 29 13 30 15 61 20 18 0 15 
#24 45 21 2 47 30 21 7 14 48 6 13 23 16 43 
46 53 0 47 1 49 
22 48 4 43 15 21 
57 11 7 18 13 29 
16 14 40 17 51 52 
59 38 28 33 2 23 
10 45 19 24 34 27 
#Base: 935
#Max: 455
#486631
#Turn 3
#48 12 46 3 1 1 47 1 14 48 9 4 9 4 7 
#48 45 46 7 47 1 11 1 14 0 21 0 9 61 2 
#4 2 59 8 33 22 24 1 16 4 24 0 3 40 31 
#48 11 40 18 7 33 53 9 16 4 24 20 3 40 31 
#18 14 24 9 18 23 53 13 16 4 33 9 2 28 4 
#48 5 23 37 20 13 31 13 11 19 7 20 15 6 25 
#18 39 43 58 15 0 31 18 1 21 29 34 3 22 51 
#18 21 24 5 15 0 33 12 39 69 33 34 33 4 51 
#48 15 40 5 16 9 24 29 1 69 33 23 9 4 31 
#18 12 40 22 16 23 42 13 1 19 33 23 6 28 45 
#23 17 13 21 42 19 5 40 36 0 11 34 9 0 25 
#25 39 13 21 42 8 5 24 36 0 14 33 9 17 52 
#25 39 22 4 2 8 15 24 10 39 9 33 11 33 2 
#1 15 3 8 28 8 12 5 25 5 9 8 11 41 22 
#1 26 6 2 28 25 47 5 25 48 6 20 18 30 22 
#39 11 40 9 6 9 12 18 48 69 34 34 3 4 31 
#39 12 5 4 1 33 47 18 25 48 34 20 14 66 31 
#11 12 5 4 2 8 12 36 10 48 19 20 74 7 2 
#23 42 3 3 2 8 12 78 10 60 9 9 15 41 2 
#66 15 18 12 2 8 29 9 30 69 9 29 11 33 2 
#24 45 11 4 47 30 21 35 62 48 24 13 9 61 12 
#20 5 11 23 20 8 32 13 62 60 24 34 20 61 12 
#48 39 14 23 33 31 20 13 25 60 21 34 62 27 40 
#25 8 25 1 33 31 53 9 25 39 21 4 62 66 51 
#23 8 3 12 18 33 53 9 25 15 7 4 15 0 20 
#8 37 6 3 2 8 10 36 14 5 9 8 8 0 2 
#8 23 48 41 6 8 10 36 14 23 24 4 9 33 2 
#66 23 48 18 6 18 29 1 14 23 61 13 9 33 41 
#24 42 5 7 0 30 29 7 3 15 61 13 33 0 29 
#48 13 5 4 0 57 32 36 3 21 11 56 20 22 40 
#39 12 14 37 1 12 47 13 48 69 7 4 15 6 25 
#48 5 46 7 20 13 31 18 14 19 9 23 9 41 2 
#4 39 43 8 33 22 33 12 39 21 29 34 33 22 5 
#48 21 40 18 6 33 24 12 16 69 24 60 3 40 52 
#48 26 40 8 18 23 24 29 1 19 33 20 14 30 15 
#18 12 24 9 35 44 24 13 11 27 16 20 2 28 4 
#23 13 3 37 12 19 12 13 10 69 7 20 15 6 25 
#48 5 23 58 20 13 5 40 1 19 9 34 9 41 31 
#25 39 43 5 15 0 15 24 62 39 14 34 62 17 51 
#66 15 3 5 6 9 12 12 10 5 9 23 11 4 52 
#1 15 40 8 16 13 47 5 25 48 33 8 74 25 22 
#18 12 57 22 35 25 42 5 48 60 16 20 6 30 45 
#48 13 5 3 6 19 12 78 48 21 11 34 9 4 25 
#39 17 40 8 42 33 12 18 36 48 24 9 3 0 31 
#25 12 22 4 1 8 15 36 25 48 14 20 62 66 12 
#66 42 3 3 2 8 12 78 10 5 9 23 74 7 2 
#23 15 3 3 2 8 47 78 10 69 9 9 74 41 2 
#39 26 18 12 1 25 29 9 30 60 9 20 11 30 15 
#48 21 5 9 47 9 13 7 48 69 9 34 9 4 43 
#20 5 11 4 1 33 5 18 62 48 24 9 9 61 12 
#48 23 5 4 1 23 32 36 41 48 19 34 14 27 22 
#11 39 5 3 33 31 12 24 10 39 21 23 62 7 2 
#23 8 25 13 33 33 12 78 25 69 9 9 16 41 20 
#23 6 3 12 18 33 29 78 30 60 7 29 15 0 41 
#24 37 21 3 35 33 33 7 3 60 9 3 8 16 43 
#20 5 3 41 2 8 10 36 14 37 9 8 74 41 2 
#48 23 48 18 12 23 20 13 48 60 11 4 20 33 40 
#24 39 21 7 47 30 20 7 14 15 61 4 62 66 51 
#18 8 25 13 33 33 33 9 25 4 21 4 33 66 29 
#23 6 11 12 12 33 32 7 41 21 11 2 20 0 41 
54 58 6 7 29 50 
3 55 15 38 44 8 
49 42 20 23 22 19 
48 52 33 46 45 21 
37 18 27 57 41 40 
43 30 16 53 56 1 
#Base: 935
#Max: 490
#524064
#Turn 4
#18 8 21 3 35 33 33 9 25 4 21 4 33 16 43 
#18 8 43 13 15 0 31 18 25 4 29 34 33 22 51 
#18 21 24 58 15 0 33 18 39 69 33 34 33 22 51 
#18 13 24 5 0 57 33 36 3 69 33 34 20 22 40 
#48 13 5 4 0 23 32 36 41 48 19 34 14 27 40 
#20 11 40 18 2 33 53 36 16 37 24 20 3 40 31 
#39 11 3 41 2 8 12 18 48 37 34 8 74 41 31 
#39 39 43 5 15 0 12 18 62 69 34 34 62 17 51 
#25 12 22 4 15 0 15 24 25 48 14 34 62 66 51 
#48 12 22 5 16 8 24 36 1 69 33 20 62 4 12 
#20 13 5 4 1 19 5 18 48 21 11 34 9 61 25 
#48 45 5 3 47 19 21 35 48 21 11 34 9 4 12 
#24 8 25 4 47 30 21 35 25 48 21 13 9 61 12 
#48 39 25 1 33 31 20 9 25 60 21 4 62 66 40 
#66 39 14 12 2 8 29 9 25 60 9 29 11 27 2 
#48 21 5 9 47 33 12 7 25 69 9 34 16 41 43 
#23 21 40 13 33 33 24 78 25 69 24 9 3 41 20 
#48 21 3 3 6 33 24 78 10 69 24 9 3 40 2 
#23 15 3 3 2 8 12 78 10 5 9 9 74 7 2 
#66 5 11 23 20 8 32 78 62 5 9 23 74 7 2 
#23 5 3 58 2 13 12 40 1 19 9 34 9 41 2 
#23 42 48 3 6 18 12 1 14 60 61 9 15 41 2 
#66 23 21 18 6 30 29 7 14 23 61 13 9 33 51 
#18 39 57 7 47 25 20 7 48 60 16 4 6 66 45 
#1 12 40 8 35 13 47 5 48 48 33 8 6 30 45 
#39 17 40 8 1 12 12 18 48 48 7 9 3 0 25 
#39 12 14 4 1 12 47 13 48 48 34 20 14 66 31 
#39 12 5 4 18 33 47 78 30 48 34 29 15 0 41 
#23 23 48 12 12 23 20 78 30 60 7 4 15 0 41 
#48 23 46 18 12 1 20 13 48 60 11 0 20 61 40 
#48 37 21 3 35 33 53 9 16 60 24 20 3 16 43 
#18 5 25 13 33 8 33 36 14 37 21 8 74 41 29 
#18 11 40 58 15 0 31 18 48 21 29 34 3 22 31 
#25 39 43 5 15 0 33 24 39 39 14 34 33 17 51 
#48 12 22 4 0 57 15 36 25 48 14 20 20 66 12 
#48 15 40 4 1 9 24 36 1 69 19 23 9 4 22 
#20 5 11 18 1 33 53 9 16 4 24 9 3 61 12 
#20 5 5 3 6 8 12 36 14 37 11 8 9 41 25 
#24 11 40 4 6 9 21 18 62 48 34 34 3 4 31 
#25 8 25 5 33 0 15 9 62 39 14 34 62 17 51 
#25 39 22 4 1 8 15 13 25 48 14 20 62 27 40 
#66 15 18 5 2 9 24 9 30 69 9 29 9 4 2 
#20 21 5 9 1 9 13 18 48 69 24 34 9 4 12 
#23 8 5 13 6 33 12 78 25 69 9 9 9 4 25 
#24 21 40 18 6 30 21 12 62 48 24 60 3 61 12 
#25 8 3 3 33 31 53 78 25 39 9 4 74 66 2 
#66 42 14 3 2 8 12 13 25 5 9 23 62 7 40 
#66 5 18 23 20 8 29 13 62 60 9 34 11 61 2 
#48 21 5 58 47 13 5 7 1 19 9 34 9 41 31 
#23 8 3 3 33 8 12 78 10 69 9 9 15 41 2 
#66 21 48 18 6 18 24 12 16 23 61 60 3 40 41 
#23 39 21 7 47 8 47 7 10 69 9 4 62 66 2 
#66 12 3 3 2 25 42 78 10 5 9 20 6 30 2 
#1 5 40 8 20 13 32 13 25 60 33 8 74 61 22 
#39 5 23 8 42 13 5 18 1 19 24 9 9 41 31 
#39 42 3 37 2 8 47 78 48 69 7 9 15 6 25 
#39 12 48 18 1 18 47 1 25 48 34 20 9 66 31 
#24 6 3 12 18 30 20 78 30 60 7 29 15 0 41 
#48 23 48 22 35 25 42 5 48 60 11 4 20 30 45 
#1 15 46 8 16 13 11 1 14 0 33 0 74 25 22 
33 52 34 28 3 31 
21 9 56 51 6 22 
57 15 50 55 23 30 
27 16 13 45 19 44 
49 8 58 7 47 29 
43 39 17 2 53 26 
#Base: 935
#Max: 500
#534759
#Turn 5
#25 39 43 5 2 25 33 78 10 5 9 34 6 17 51 
#48 12 3 4 2 25 15 78 10 48 9 20 6 66 12 
#23 23 48 12 0 57 15 36 30 60 14 20 15 66 41 
#23 23 48 12 12 23 33 78 3 69 33 34 15 0 40 
#18 13 25 13 0 57 33 36 3 69 21 34 74 41 29 
#48 42 22 3 16 8 12 36 14 60 61 9 62 41 12 
#39 12 48 5 16 8 47 36 25 48 33 20 62 4 31 
#39 39 21 18 47 18 47 7 10 48 34 4 62 66 2 
#23 11 3 7 47 8 47 7 10 37 9 4 74 66 2 
#66 11 21 41 6 8 29 7 14 37 34 13 9 33 51 
#24 21 5 12 47 33 20 7 30 69 9 29 16 0 41 
#48 21 5 18 6 33 12 12 25 69 61 34 3 41 43 
#66 21 3 37 2 18 24 78 16 23 7 60 3 40 25 
#39 42 57 37 47 8 47 78 48 60 16 4 6 66 45 
#18 39 57 7 35 33 20 7 48 60 24 4 3 16 45 
#23 12 5 4 18 33 24 78 25 48 34 9 15 41 20 
#23 21 40 1 33 31 24 78 25 69 21 9 3 41 40 
#48 39 25 1 33 31 20 78 25 39 9 4 62 66 40 
#25 8 3 23 33 8 53 78 62 39 9 23 74 7 2 
#66 5 40 18 6 8 32 12 62 5 9 60 3 7 2 
#23 8 22 3 33 0 12 78 10 48 14 9 62 41 2 
#48 12 22 22 15 0 42 24 25 48 14 34 62 66 51 
#39 39 48 5 35 0 42 18 62 60 34 4 20 17 51 
#66 5 18 23 15 8 29 13 62 60 9 34 62 61 2 
#48 23 18 18 20 1 20 13 62 60 11 34 11 61 40 
#25 8 25 13 6 33 15 9 25 69 9 9 9 17 51 
#48 21 25 3 33 33 15 78 10 39 14 9 62 17 51 
#48 21 24 58 6 0 33 78 10 69 33 9 3 22 2 
#18 21 40 8 20 0 32 13 39 69 33 8 74 22 51 
#1 12 14 8 1 13 32 13 25 48 34 20 14 61 31 
#23 42 43 3 6 18 33 24 39 39 14 34 33 17 2 
#48 12 22 5 16 8 42 36 1 5 9 20 6 30 12 
#48 12 22 4 0 18 47 1 25 48 14 20 20 66 12 
#23 39 21 12 47 8 47 78 10 60 7 4 15 66 41 
#39 11 3 41 2 8 12 18 48 69 33 8 74 41 40 
#18 23 21 13 6 8 29 36 14 23 61 13 74 41 51 
#23 42 3 3 6 30 20 1 30 60 7 29 15 0 2 
#48 21 5 5 47 8 24 7 1 69 33 34 16 41 43 
#66 12 48 18 6 18 47 12 16 48 61 60 3 66 31 
#39 42 21 37 2 8 47 7 10 69 9 9 62 66 25 
#18 39 57 41 47 25 20 7 48 37 34 4 74 41 31 
#66 23 21 18 35 33 29 9 14 60 61 13 9 16 51 
#24 12 3 12 18 33 47 78 30 48 34 29 15 0 41 
#23 21 40 9 33 33 12 78 25 69 9 9 3 41 20 
#66 21 25 18 33 18 20 12 16 60 61 4 3 40 40 
#39 42 3 3 33 31 53 78 48 69 7 4 15 6 25 
#66 39 11 23 20 8 32 7 62 5 9 23 74 7 45 
#24 37 40 3 6 33 53 12 16 60 24 20 3 61 43 
#23 12 3 3 18 33 47 78 10 69 34 29 15 0 2 
#25 12 40 13 33 0 24 24 25 69 24 9 62 66 51 
#48 39 25 22 35 25 42 9 25 60 21 4 20 30 45 
#39 39 43 5 33 0 12 78 25 39 34 34 62 66 51 
#66 5 11 23 20 8 29 13 62 5 9 23 11 7 2 
#24 21 46 18 6 30 20 13 48 48 11 0 20 61 12 
#23 8 5 13 33 8 12 78 25 69 9 9 15 41 2 
#25 12 22 4 15 0 15 24 62 48 14 34 62 17 51 
#48 21 48 3 35 25 24 5 10 60 11 9 20 40 2 
#18 39 43 5 15 0 12 18 62 69 34 34 62 22 51 
#66 5 18 8 20 8 29 13 62 60 33 8 74 61 22 
#48 12 46 18 1 1 47 13 48 48 11 20 20 66 40 
42 47 41 16 27 43 
11 24 28 33 26 12 
59 3 23 58 40 2 
4 57 38 13 17 49 
44 7 21 51 18 22 
35 46 34 45 39 5 
#Base: 935
#Max: 600
#641711
#Turn 6
#24 37 3 3 18 33 47 78 30 60 24 29 3 61 43 
#24 37 21 3 6 33 29 9 14 60 24 20 9 16 43 
#66 23 40 1 33 31 24 78 25 60 61 13 3 41 40 
#23 21 40 1 33 0 24 78 10 69 21 9 3 41 2 
#48 21 24 58 6 0 33 78 10 69 33 9 3 22 20 
#48 23 18 18 20 1 12 12 62 69 61 34 3 41 40 
#48 23 18 18 20 1 20 13 62 60 33 8 74 61 40 
#23 21 40 8 47 8 47 13 10 69 7 4 15 22 41 
#48 21 25 3 47 33 47 78 10 60 7 9 15 17 51 
#66 21 25 37 33 33 24 78 10 39 14 60 62 17 51 
#23 12 48 18 1 1 47 13 48 69 11 34 15 66 40 
#23 23 18 12 12 23 29 13 62 69 33 34 62 61 40 
#66 5 18 23 20 8 29 13 62 60 33 34 62 61 22 
#18 39 57 41 47 8 20 13 62 37 33 4 74 41 22 
#18 23 57 12 47 57 20 7 30 60 34 4 74 66 41 
#18 13 43 5 0 0 33 36 62 69 34 34 62 22 51 
#66 39 48 5 15 18 47 12 16 69 61 34 3 22 31 
#39 42 48 37 47 18 47 12 48 60 16 4 6 66 45 
#39 39 57 37 33 31 47 78 25 39 16 4 6 66 40 
#25 39 25 13 33 0 20 78 25 69 24 9 62 66 51 
#66 21 21 18 33 18 20 12 10 60 34 4 3 66 2 
#39 12 22 22 47 0 47 7 25 48 14 34 62 66 51 
#48 39 22 22 33 0 42 78 25 39 14 34 62 66 51 
#25 39 3 23 33 8 12 78 62 39 9 34 74 66 51 
#25 39 3 5 35 0 42 18 62 39 9 23 74 17 51 
#18 23 11 13 6 8 32 36 14 23 61 23 74 7 45 
#66 11 3 23 2 8 32 18 48 69 9 8 74 7 40 
#39 42 3 41 33 31 53 78 48 69 7 4 15 6 40 
#39 42 3 3 2 31 53 7 48 69 7 9 15 66 25 
#48 42 21 37 16 8 12 7 14 60 61 9 62 66 25 
#48 21 5 12 18 33 47 12 30 69 34 34 15 41 41 
#24 23 40 3 6 1 20 12 16 60 24 20 3 61 40 
#66 23 21 18 20 33 32 9 14 69 33 8 9 22 51 
#23 39 21 12 33 31 24 78 10 60 7 4 3 41 41 
#48 21 25 58 6 33 33 78 10 39 33 9 62 17 51 
#66 21 3 37 33 33 24 78 25 23 7 60 3 40 20 
#48 12 46 18 1 33 47 12 25 69 11 20 3 41 43 
#48 23 18 18 20 1 20 13 3 60 33 34 11 0 40 
#18 5 18 23 20 0 32 13 39 60 33 8 62 61 51 
#66 39 18 8 20 8 47 78 10 60 33 4 74 66 41 
#48 39 25 3 33 33 15 78 48 37 14 4 62 17 51 
#23 21 48 12 0 57 24 36 16 23 14 20 15 40 25 
#18 12 25 13 0 1 47 13 48 69 21 20 20 66 29 
#18 23 43 12 12 0 12 18 3 69 34 34 15 0 40 
#66 12 18 23 15 18 47 13 16 48 61 34 3 61 2 
#39 5 18 8 47 8 47 78 48 60 33 4 6 61 45 
#48 39 57 1 33 25 20 7 48 39 34 4 74 66 40 
#23 12 40 13 0 0 15 24 25 69 24 20 15 66 51 
#18 21 25 18 0 57 20 12 16 69 61 34 3 40 40 
#39 39 43 5 15 0 47 18 10 48 34 4 62 22 2 
#48 12 22 22 6 18 42 12 25 48 14 60 62 66 31 
#39 39 57 5 33 8 12 78 48 60 16 34 6 66 51 
#48 39 25 23 33 31 20 78 62 39 9 4 62 66 2 
#39 39 48 13 35 0 42 18 25 60 34 4 62 66 51 
#18 21 25 13 6 18 29 12 16 60 61 13 3 40 40 
#66 39 11 23 47 8 32 7 62 5 34 23 74 7 45 
#48 11 3 22 15 8 42 18 25 48 14 34 62 66 51 
#39 39 3 5 33 31 53 78 48 69 7 4 15 6 51 
#25 8 21 23 2 8 53 7 62 69 9 23 62 66 25 
#39 39 48 5 35 0 12 18 14 60 61 9 20 17 12 
4 56 55 40 21 35 
5 58 57 18 11 16 
50 6 52 51 14 0 
45 19 9 39 23 53 
8 13 17 22 2 27 
10 29 12 46 34 15 
#Base: 935
#Max: 575
#614973
#Turn 7
#48 21 3 22 15 0 42 78 10 69 14 9 3 22 20 
#66 11 11 23 47 8 42 18 25 5 34 34 74 7 51 
#48 39 25 23 47 8 15 78 62 5 14 4 62 7 45 
#48 12 22 3 33 0 15 78 48 37 14 4 62 17 51 
#39 21 22 22 33 33 47 78 25 48 7 34 3 40 51 
#48 23 18 18 2 8 12 7 62 69 9 34 62 66 40 
#25 39 3 23 2 8 53 7 62 69 7 23 15 66 25 
#39 39 3 37 33 31 53 78 48 39 16 4 15 6 51 
#23 23 57 37 12 23 29 78 62 39 33 34 6 66 40 
#66 23 18 5 12 23 47 12 16 69 33 34 62 22 40 
#48 12 18 22 6 18 42 13 25 48 14 8 74 61 40 
#48 39 18 18 20 1 20 78 62 60 33 8 74 66 40 
#39 39 25 23 33 8 12 78 62 60 16 34 6 66 51 
#18 39 57 12 33 57 20 7 48 60 34 34 6 66 51 
#18 37 3 3 47 57 20 7 30 60 34 29 74 66 41 
#39 5 25 8 33 0 47 78 48 60 24 4 62 61 45 
#66 21 25 37 33 0 20 78 25 39 24 60 62 66 51 
#66 39 25 37 33 8 47 78 10 60 14 4 74 66 51 
#25 39 18 8 20 8 12 78 10 60 33 34 74 66 51 
#39 39 3 13 35 8 42 78 25 60 9 34 62 66 51 
#48 39 57 3 47 8 20 78 62 60 33 4 15 17 51 
#39 42 48 41 47 18 20 12 62 60 33 4 74 41 45 
#39 42 22 37 33 0 47 78 48 39 16 4 6 66 45 
#66 23 22 22 33 0 24 78 25 39 61 34 3 41 40 
#66 23 3 1 33 31 24 78 25 60 7 13 15 41 40 
#23 42 21 37 1 1 47 7 14 69 11 9 15 66 40 
#48 5 21 37 20 8 12 7 62 60 33 34 62 61 25 
#48 39 57 23 20 25 20 13 48 39 34 4 74 66 22 
#48 21 25 58 6 33 20 78 48 39 34 9 74 17 40 
#18 21 43 58 6 33 33 36 62 69 33 9 62 22 51 
#48 21 24 58 20 1 12 78 10 69 33 34 3 22 20 
#48 11 3 23 2 8 53 18 25 69 9 34 62 66 25 
#39 39 3 5 47 31 32 7 62 5 7 23 74 6 51 
#39 39 25 37 33 31 15 78 48 37 16 4 62 17 40 
#39 12 18 22 47 23 29 13 25 48 14 34 62 66 40 
#66 21 48 5 33 18 24 12 25 23 61 60 3 40 31 
#48 12 22 22 20 18 12 12 62 69 14 60 3 66 40 
#48 8 21 23 2 8 53 13 62 69 33 23 74 61 40 
#48 39 25 23 33 31 20 78 62 69 7 4 15 6 2 
#39 39 57 5 33 31 47 78 48 60 16 4 6 66 51 
#18 23 57 12 12 23 29 13 62 60 33 34 62 66 40 
#66 37 3 5 15 33 47 78 16 60 61 34 3 61 43 
#48 5 18 8 47 8 47 78 25 60 33 60 6 66 45 
#25 23 25 18 33 1 20 78 62 69 24 9 62 61 51 
#66 21 25 37 33 33 20 78 62 39 14 60 62 17 2 
#39 39 18 5 20 8 47 78 48 60 33 4 74 66 41 
#18 39 57 23 33 8 12 7 62 39 9 4 74 66 51 
#24 37 3 13 35 33 47 78 25 60 34 29 3 61 51 
#48 21 18 3 47 33 47 78 10 60 7 9 15 17 51 
#25 39 57 13 47 0 20 78 62 37 33 4 74 66 22 
#39 21 48 37 33 33 47 78 10 39 16 60 62 66 45 
#66 39 18 8 20 0 47 78 10 39 33 4 74 66 41 
#25 23 3 1 33 8 24 78 62 39 9 34 3 66 40 
#39 42 3 41 33 31 53 18 48 60 7 4 62 6 40 
#23 12 25 3 47 33 47 13 48 69 11 34 15 17 51 
#18 42 57 37 16 8 20 7 14 60 61 9 74 41 22 
#66 42 18 23 20 18 47 12 62 60 33 4 6 66 22 
#48 39 22 1 33 0 20 7 48 39 14 34 62 66 40 
#66 23 25 58 33 33 24 78 25 39 33 9 62 17 51 
#18 13 3 5 33 31 33 36 48 69 7 34 62 22 51 
7 4 47 28 40 46 
56 33 37 39 15 27 
22 20 21 45 49 18 
42 58 11 50 16 19 
23 29 43 17 41 51 
26 13 12 44 8 14 
#Base: 935
#Max: 634
#678075
#Turn 8
#39 39 3 37 33 31 47 78 48 48 16 4 3 40 51 
#24 37 22 13 35 33 47 78 25 60 7 34 3 40 51 
#24 21 25 13 35 33 20 78 48 60 34 9 3 61 51 
#48 23 57 58 6 33 20 13 48 60 34 9 74 66 40 
#18 23 57 12 12 23 29 13 62 60 33 34 62 66 51 
#66 42 25 37 20 31 47 78 48 60 16 4 6 66 22 
#48 8 21 37 33 31 53 13 62 69 16 23 62 17 40 
#48 8 57 5 2 8 53 78 62 60 16 4 74 66 51 
#39 39 25 8 33 0 47 78 48 60 16 4 6 66 45 
#48 39 25 23 20 25 20 13 48 39 34 4 62 66 22 
#39 42 57 37 33 8 47 78 62 60 16 4 15 66 51 
#48 39 48 3 47 8 20 12 62 60 33 4 15 41 51 
#39 42 18 5 47 8 47 78 62 60 33 4 74 41 45 
#39 39 18 5 47 8 47 78 48 60 33 4 74 66 22 
#25 39 57 8 47 8 20 78 10 60 33 4 74 66 22 
#48 5 18 8 47 33 47 78 25 39 33 9 62 17 45 
#66 39 25 58 33 33 20 78 62 60 33 9 74 17 40 
#39 21 18 18 33 1 47 78 10 39 16 8 74 66 45 
#39 21 48 37 33 33 20 78 25 39 16 60 62 66 51 
#66 39 3 13 33 8 42 78 25 39 24 60 62 66 51 
#66 23 43 58 6 33 33 36 25 69 61 9 62 22 40 
#18 23 43 18 6 33 20 78 62 69 24 9 62 22 51 
#25 23 25 18 33 8 20 78 10 60 24 4 74 61 51 
#66 37 25 37 33 33 47 78 10 60 14 4 3 66 51 
#66 37 18 5 15 0 47 78 16 39 33 4 74 61 41 
#18 5 57 12 20 8 12 7 48 60 34 34 6 66 25 
#18 39 25 12 33 8 20 78 48 60 34 34 6 66 51 
#39 21 25 23 33 33 20 78 62 60 14 60 6 17 51 
#66 23 25 37 33 23 29 78 62 39 33 60 62 66 40 
#18 37 57 37 12 23 29 78 62 60 34 34 74 66 40 
#39 39 3 37 33 31 47 12 62 60 16 4 6 6 22 
#39 21 22 37 33 31 47 78 25 37 7 4 3 40 40 
#48 37 3 13 35 8 47 13 25 60 33 29 74 61 40 
#39 21 57 5 6 33 20 78 48 39 16 4 6 66 51 
#39 5 25 8 33 0 29 78 62 60 33 4 62 66 45 
#18 39 57 23 33 8 20 13 62 39 34 4 74 66 22 
#39 42 22 23 20 0 47 78 62 39 16 4 6 66 22 
#48 39 57 37 33 31 20 78 62 60 33 4 15 17 51 
#48 8 21 41 47 8 20 13 62 60 33 23 74 41 45 
#39 39 57 5 33 8 47 78 48 60 33 4 6 66 41 
#39 5 57 8 47 0 20 78 62 37 33 4 62 61 45 
#48 39 18 23 20 25 12 78 10 60 33 34 74 66 22 
#48 5 18 8 47 0 47 78 25 60 33 4 6 66 45 
#48 23 25 3 33 8 20 78 62 39 33 4 62 17 51 
#39 42 48 41 47 18 20 12 62 60 33 8 74 41 45 
#39 21 18 5 33 33 47 78 48 60 16 4 62 66 45 
#25 21 57 37 47 0 20 78 62 39 24 60 62 66 22 
#39 39 18 13 35 8 42 78 10 60 33 34 74 66 51 
#66 23 22 8 33 0 47 78 25 60 61 60 6 66 40 
#18 21 25 58 6 33 24 78 62 39 33 9 62 17 51 
#48 23 18 18 20 1 20 78 62 69 33 8 74 66 51 
#39 39 48 37 33 8 47 78 10 39 14 4 62 66 45 
#66 21 25 37 33 33 47 78 25 39 24 34 3 66 43 
#66 39 18 13 35 8 42 78 10 60 33 34 74 66 51 
#48 5 22 22 20 8 12 78 62 39 33 34 3 41 25 
#18 21 43 12 6 33 33 36 48 69 33 34 6 66 51 
#39 39 25 23 33 1 12 78 62 69 16 9 62 66 51 
#66 21 25 37 33 33 20 78 62 39 14 60 62 17 2 
#23 23 3 37 15 23 47 78 16 39 61 34 6 61 43 
#66 37 3 3 20 57 20 7 10 39 34 4 74 66 41 
24 21 23 37 5 38 
27 14 51 10 45 40 
4 52 19 53 46 57 
3 12 18 28 16 7 
34 56 44 29 47 13 
49 39 20 48 50 41 
#Base: 935
#Max: 676
#722995
#Turn 9
#18 23 43 5 15 0 47 78 62 39 24 9 74 61 41 
#66 37 25 18 6 33 20 78 62 60 24 9 62 22 51 
#66 39 57 37 33 33 47 78 62 60 33 4 15 17 51 
#48 42 57 37 20 31 20 78 62 60 33 4 6 66 51 
#66 8 21 41 20 31 47 13 62 60 33 23 74 41 22 
#39 21 57 8 47 8 20 78 62 60 14 4 6 17 51 
#39 39 57 8 47 8 47 78 10 60 33 4 74 66 22 
#39 42 48 37 33 8 47 78 10 60 14 4 62 66 51 
#39 21 57 5 33 33 47 78 48 60 16 4 62 66 51 
#39 5 57 5 33 33 20 78 48 37 33 4 62 61 45 
#18 23 25 12 12 33 47 13 62 60 24 34 62 66 51 
#66 21 3 13 33 8 47 78 25 39 24 34 62 66 51 
#66 39 3 13 33 8 42 78 10 60 33 34 74 66 51 
#66 21 57 13 47 0 42 78 62 39 33 60 74 66 51 
#66 21 57 37 47 0 20 78 62 39 14 60 62 17 22 
#39 23 18 58 6 33 20 13 62 60 33 4 74 41 40 
#39 21 48 37 33 8 47 78 62 60 33 4 74 66 51 
#66 23 48 37 33 33 29 78 62 39 33 60 62 66 51 
#66 23 25 37 33 33 29 78 62 39 33 60 62 66 40 
#48 39 57 58 33 8 53 78 62 60 16 9 74 17 51 
#39 39 25 8 33 0 12 78 62 69 33 9 62 66 45 
#39 42 48 41 47 1 12 12 62 60 33 8 62 66 51 
#18 37 57 37 47 18 29 12 62 60 33 8 74 66 45 
#39 39 18 37 35 8 29 78 10 60 33 34 74 66 40 
#39 39 18 5 35 8 47 78 48 60 33 34 74 66 22 
#18 21 25 5 33 33 24 78 62 39 33 4 6 66 41 
#66 23 57 5 33 33 47 78 48 69 61 9 62 66 40 
#66 23 43 8 33 0 47 78 25 60 61 60 62 22 40 
#48 23 22 8 33 1 47 78 62 69 61 8 74 66 51 
#48 23 18 18 20 1 12 78 10 60 33 34 74 66 51 
#39 37 18 23 33 0 20 78 62 39 33 4 6 17 51 
#25 39 57 18 47 8 20 78 62 60 24 9 74 22 22 
#39 37 48 37 33 33 47 78 10 39 14 4 62 66 51 
#39 42 57 37 33 8 20 78 62 60 33 4 15 66 51 
#66 21 18 5 33 33 47 78 48 60 16 4 6 66 22 
#48 8 21 8 47 8 20 78 62 60 33 23 74 41 45 
#39 23 25 12 33 23 20 13 62 60 33 34 62 66 51 
#25 21 25 37 33 8 20 78 25 39 24 4 3 66 22 
#39 39 3 37 33 8 47 78 10 39 24 60 62 66 45 
#39 39 18 37 33 8 47 78 62 60 33 34 15 66 51 
#39 21 57 5 47 0 47 78 48 39 24 60 62 66 45 
#39 5 25 37 33 33 20 78 62 39 14 60 62 61 45 
#18 23 57 12 6 23 29 13 62 60 34 9 62 66 40 
#39 21 25 5 47 33 47 78 62 39 24 4 3 41 45 
#66 39 3 37 33 33 42 78 25 39 16 60 62 66 51 
#66 39 25 37 35 8 42 78 10 60 33 34 62 66 51 
#66 21 57 58 33 33 20 78 62 39 33 9 74 17 22 
#66 8 57 5 33 8 53 78 62 39 16 60 62 17 51 
#48 5 25 8 33 33 20 13 62 60 34 9 74 66 40 
#39 42 18 5 33 1 47 78 62 69 16 4 74 41 45 
#39 42 48 37 47 33 20 12 62 60 16 8 74 41 51 
#18 37 57 37 33 23 29 78 62 39 33 34 62 66 40 
#66 39 25 13 35 33 20 78 62 60 33 9 74 66 40 
#39 8 57 5 2 8 47 78 48 60 33 4 74 66 22 
#39 21 25 58 6 0 29 78 62 60 33 9 62 66 51 
#39 39 57 5 33 8 47 78 48 60 33 9 6 66 51 
#39 42 48 58 6 33 20 36 62 69 33 9 62 22 45 
#18 23 22 37 12 0 47 78 62 60 61 34 74 66 40 
#48 23 18 18 20 8 42 78 62 60 33 34 74 66 51 
#48 39 18 5 20 25 47 78 10 60 33 34 74 66 22 
21 54 23 8 24 56 
38 7 47 16 41 32 
50 3 52 19 51 22 
40 44 26 17 18 58 
14 27 2 13 45 57 
6 33 46 28 39 12 
#Base: 935
#Max: 720
#770053
#39 42 25 41 47 1 29 12 62 60 33 8 62 66 51 
#39 39 25 37 35 8 29 78 62 60 33 34 62 66 51 
#39 39 18 5 33 8 47 78 48 60 16 34 74 66 51 
#39 21 18 5 35 8 47 78 48 60 16 4 62 66 51 
#39 42 48 5 35 8 20 36 48 69 33 9 62 66 22 
#39 42 48 37 33 8 47 78 10 39 24 60 62 66 45 
#66 42 48 5 33 8 47 78 62 60 14 60 62 17 51 
#39 8 57 5 33 8 53 78 62 39 16 4 74 66 51 
#39 21 25 37 33 8 20 78 62 39 14 60 74 66 51 
#39 37 48 37 33 33 20 78 10 39 14 60 62 61 51 
#48 42 48 37 47 33 20 12 62 60 33 4 6 66 51 
#66 39 57 13 35 31 20 78 62 60 33 4 74 66 51 
#48 39 57 58 33 33 20 78 62 60 16 9 74 66 51 
#48 39 57 37 33 23 29 78 62 60 33 9 62 17 51 
#18 37 57 37 33 18 29 12 62 39 33 8 74 66 45 
#39 21 3 37 47 33 42 78 48 39 16 60 62 66 51 
#66 39 57 37 33 33 47 78 25 69 16 60 62 66 51 
#66 23 48 5 33 33 47 78 48 69 33 60 62 66 51 
#66 23 48 37 33 33 29 78 62 39 33 60 62 66 40 
#48 23 25 37 20 33 29 78 62 39 33 60 62 66 40 
#66 21 43 37 33 0 20 78 25 39 61 60 62 22 40 
#66 39 57 37 33 33 47 78 25 60 61 60 62 22 40 
#66 21 57 37 47 33 47 78 62 39 33 60 15 17 51 
#66 21 57 37 35 8 42 78 10 39 33 34 62 66 51 
#66 23 22 37 35 8 47 78 10 60 33 34 62 66 51 
#39 42 57 8 47 8 47 78 10 60 33 4 74 66 51 
#39 42 57 58 33 8 20 78 62 60 33 4 74 17 22 
#66 21 57 8 33 33 20 78 62 39 61 9 74 66 51 
#48 23 22 8 33 1 47 78 62 60 33 8 15 66 51 
#66 39 18 13 33 8 47 78 62 60 33 34 15 66 51 
#39 42 48 41 47 8 47 12 62 60 33 8 62 66 51 
#39 42 25 58 33 8 29 78 62 60 14 4 62 66 51 
#66 8 18 5 33 8 53 78 62 39 33 60 62 17 51 
#39 21 48 37 33 8 47 78 62 60 33 4 74 66 51 
#39 5 18 37 35 8 47 78 48 39 33 60 62 66 45 
#39 37 48 58 6 33 47 36 10 39 14 4 62 66 45 
#39 42 3 37 33 8 20 78 62 60 16 8 74 66 51 
#48 42 57 37 33 31 20 78 10 60 33 4 62 66 51 
#66 39 25 5 35 8 53 78 62 39 33 60 62 17 40 
#39 39 48 58 33 8 47 78 62 60 33 4 74 66 51 
#18 37 25 37 33 33 20 78 62 39 33 34 62 61 45 
#39 37 57 37 47 33 47 78 10 39 14 8 62 66 51 
#39 42 57 5 47 0 47 78 62 60 24 8 62 66 45 
#48 39 57 37 20 33 42 78 25 39 33 4 62 66 51 
#66 23 25 13 35 33 20 78 48 60 61 9 62 66 40 
#66 23 57 37 33 33 53 78 62 60 33 9 62 17 51 
#18 23 57 37 33 23 29 78 62 39 33 60 62 66 40 
#48 23 18 37 47 18 29 78 62 60 33 34 74 66 51 
#66 21 57 37 47 0 47 78 62 39 24 60 62 66 22 
#66 39 43 8 33 0 47 78 25 60 16 60 62 66 51 
#66 39 57 37 33 33 47 78 62 60 33 9 62 66 40 
#66 21 57 13 33 33 29 78 62 39 33 60 74 66 51 
#66 23 25 37 35 8 29 78 10 39 33 60 62 66 40 
#48 23 22 37 12 8 42 78 62 60 61 34 74 66 40 
#39 39 57 37 47 0 20 78 10 60 14 4 74 17 22 
#66 42 43 37 33 0 20 78 62 60 33 60 15 66 51 
#66 39 57 37 33 33 20 78 62 39 33 4 74 17 22 
#66 23 22 13 47 1 42 78 62 39 33 8 74 66 51 
#39 39 25 37 33 8 47 78 62 60 33 34 62 66 51 
#66 39 3 37 12 0 42 78 62 60 61 34 74 66 51 
#Base: 935
#Max: 739
#790374
