#[0] 3, 3
#[1] 4, 3
#[2] 3, 4
#[3] 3, 2
#[4] 2, 3
#[5] 2, 4
#[6] 1, 3
#[7] 2, 2
#[8] 3, 1
#[9] 4, 4
#[10] 5, 3
#[11] 3, 5
#[12] 4, 2
#[13] 3, 0
#[14] 5, 4
#[15] 4, 5
#[16] 5, 2
#[17] 4, 1
#[18] 0, 3
#[19] 1, 4
#[20] 2, 1
#[21] 1, 2
#[22] 2, 5
#[23] 0, 4
#[24] 5, 1
#[25] 0, 2
#[26] 5, 5
#[27] 1, 5
#[28] 2, 0
#[29] 1, 1
#[30] 4, 0
#[31] 0, 5
#[32] 1, 0
#[33] 0, 1
#[34] 5, 0
#[35] 0, 0
#Turn 0
3 6 35 13 2 50 
34 53 49 4 8 33 
54 32 57 56 51 16 
14 15 58 18 9 11 
59 23 12 43 36 24 
0 44 7 27 29 40 
#Base: 913
#Max: 361
#395400
#Turn 1
#30 21 1 42 12 14 36 32 40 4 9 7 22 20 28 
#6 21 44 42 14 14 36 32 18 11 9 2 17 25 20 
#13 43 4 44 14 23 18 27 7 11 17 2 4 7 20 
#13 52 44 12 1 23 22 4 9 4 4 38 38 7 36 
#14 52 44 12 1 5 51 37 7 4 4 5 40 2 15 
#11 11 18 18 15 56 8 0 15 17 42 34 14 46 14 
#11 19 18 18 14 21 27 2 25 57 42 0 14 1 38 
#0 19 9 1 54 21 53 22 2 57 13 0 17 37 39 
#10 51 40 57 19 5 12 22 2 12 7 25 2 14 20 
#10 51 2 53 19 24 22 15 16 9 7 25 13 1 20 
#2 3 4 2 18 47 12 30 48 19 29 10 18 39 34 
#24 13 15 19 18 13 16 10 7 24 48 7 12 39 4 
#24 13 7 2 28 13 7 10 7 24 24 43 49 28 12 
#17 67 7 2 14 22 1 15 10 13 0 43 27 28 16 
#56 9 28 34 14 20 4 3 10 0 2 58 17 20 16 
#1 11 6 15 7 5 26 14 13 6 48 17 60 11 2 
#29 9 64 15 1 3 14 14 13 14 18 47 6 51 4 
#47 9 64 7 8 0 14 21 4 14 25 4 18 51 6 
#70 0 13 8 8 21 25 29 2 35 25 4 18 13 6 
#1 0 13 11 25 21 10 29 55 15 0 2 21 47 24 
#49 11 35 18 21 28 34 1 41 22 4 25 28 8 5 
#49 27 35 5 25 28 34 13 2 43 11 33 28 8 2 
#10 27 3 5 18 7 59 13 27 4 11 3 17 4 13 
#15 1 29 17 7 25 34 67 2 4 48 3 20 8 20 
#1 5 29 7 7 25 2 67 31 20 8 33 20 34 20 
#23 8 10 42 46 11 19 7 23 22 4 4 22 45 52 
#20 22 21 42 46 47 18 20 23 26 19 4 53 24 3 
#17 5 7 28 31 6 10 20 17 22 19 4 53 41 62 
#17 9 2 14 16 6 20 42 10 22 2 8 17 38 62 
#26 3 2 14 12 42 12 60 38 11 2 8 12 38 14 
#30 11 47 23 34 53 6 18 15 4 33 7 18 46 30 
#48 21 18 42 15 14 36 2 18 6 9 34 17 1 14 
#6 19 51 49 14 21 18 13 7 11 13 2 17 37 38 
#20 14 4 1 14 5 53 22 7 35 17 46 38 14 39 
#10 51 3 12 19 5 11 28 9 4 7 25 33 15 30 
#42 3 9 28 38 24 51 13 7 16 3 5 29 1 42 
#27 3 47 24 37 26 8 20 31 17 33 7 18 9 30 
#2 10 18 1 15 56 2 30 25 6 48 34 12 39 14 
#24 19 15 13 14 21 44 10 7 57 24 7 17 64 38 
#20 6 7 1 54 5 7 22 3 13 0 43 2 28 39 
#56 9 3 34 19 24 1 15 16 12 16 25 33 15 20 
#11 17 28 53 19 34 22 3 29 9 2 7 17 1 42 
#12 3 0 37 37 5 12 20 31 1 48 42 18 9 13 
#2 11 6 15 18 51 2 30 48 55 18 10 12 21 4 
#29 9 15 19 1 13 14 21 7 24 26 7 21 64 4 
#17 67 10 2 28 22 7 22 3 13 0 4 18 28 6 
#56 9 15 8 25 20 1 3 10 35 1 58 21 29 16 
#1 17 28 41 7 35 4 47 29 15 0 44 17 20 19 
#10 11 28 37 7 30 27 20 8 22 48 17 13 24 13 
#49 11 35 42 1 51 26 1 13 12 18 47 6 8 2 
#10 27 43 18 1 3 14 21 4 43 11 8 21 51 2 
#47 1 3 7 8 0 25 22 2 4 25 3 17 4 6 
#70 5 29 16 7 25 17 67 18 35 1 33 21 13 20 
#1 8 4 11 7 27 2 47 31 2 8 44 33 34 23 
#23 8 28 18 15 30 19 15 41 22 26 4 13 24 52 
#49 32 21 42 46 17 18 7 23 26 3 2 17 45 5 
#10 22 43 5 25 47 16 20 17 18 11 30 5 7 2 
#15 5 3 18 18 6 10 42 10 22 48 3 17 4 62 
#17 9 2 14 16 25 20 67 2 20 2 33 17 8 14 
#1 8 21 7 11 27 2 40 36 2 8 44 32 34 23 
45 58 3 57 29 47 
6 32 13 30 33 35 
28 18 17 26 16 8 
25 49 27 52 7 55 
10 37 46 38 23 43 
20 5 14 4 24 21 
#Base: 913
#Max: 388
#424973
#Turn 2
#17 67 10 14 16 22 7 67 2 20 2 33 18 8 6 
#13 9 2 12 1 23 20 67 2 4 4 38 38 8 14 
#15 5 44 12 18 6 22 4 9 4 48 3 38 7 62 
#26 3 3 18 18 6 12 42 38 22 48 8 12 4 62 
#26 3 2 41 12 35 4 47 38 11 0 44 12 38 19 
#11 19 51 18 14 21 18 2 25 57 13 2 17 37 38 
#6 19 51 2 14 22 1 13 7 11 0 43 27 37 38 
#30 11 7 23 14 22 1 15 15 13 33 7 18 28 30 
#20 11 4 23 34 53 53 22 7 35 17 46 38 46 39 
#20 14 4 28 38 24 51 22 7 16 17 5 38 14 39 
#70 0 2 14 8 21 20 29 10 35 25 8 18 38 62 
#47 9 13 7 8 0 14 29 2 14 25 4 18 13 6 
#47 22 64 7 8 0 14 20 4 26 19 4 18 24 3 
#20 22 64 42 46 3 14 20 13 26 18 47 6 24 3 
#10 9 64 57 19 3 14 22 13 14 7 47 2 14 4 
#23 11 35 42 1 51 19 1 23 22 18 47 22 45 2 
#17 11 35 42 31 6 10 20 13 12 19 47 6 8 2 
#17 5 7 28 31 25 17 20 18 22 19 33 21 13 62 
#0 19 9 16 7 25 53 22 2 35 1 33 21 13 39 
#49 32 21 42 54 21 53 7 2 57 13 0 17 45 39 
#2 3 4 1 18 47 12 30 48 19 48 10 18 39 14 
#2 10 18 1 25 56 1 30 10 35 48 58 21 39 16 
#56 9 15 13 14 20 1 3 10 35 24 58 17 29 38 
#24 19 15 13 7 25 44 10 2 4 48 7 20 8 38 
#15 1 29 15 18 25 2 67 2 55 18 10 20 21 20 
#11 11 35 18 21 56 34 0 15 22 42 34 14 8 14 
#56 11 28 18 15 20 4 0 15 0 2 58 14 46 14 
#56 52 44 34 1 20 4 37 10 0 4 5 40 20 15 
#1 52 44 12 7 5 51 37 7 20 4 33 20 2 20 
#1 27 29 7 25 28 2 67 31 43 11 33 20 8 20 
#17 67 18 2 14 22 7 2 3 13 42 4 18 28 6 
#6 19 2 14 16 25 20 13 7 20 2 33 17 37 14 
#17 52 7 12 1 23 22 4 10 4 4 38 38 7 16 
#30 5 47 23 34 53 6 42 15 4 48 7 17 46 62 
#20 3 2 14 14 5 12 22 38 11 2 46 12 38 14 
#1 3 9 28 7 35 51 13 7 15 0 5 17 20 19 
#11 19 18 18 16 21 20 2 10 22 2 8 17 38 62 
#6 19 51 8 14 21 18 13 7 35 13 4 18 13 38 
#47 67 7 7 14 22 14 21 10 14 0 4 18 28 16 
#20 11 21 23 34 47 6 20 23 26 33 7 53 46 30 
#20 14 64 15 14 5 53 22 7 14 18 46 38 51 39 
#10 3 9 28 19 5 12 13 2 12 3 25 29 14 20 
#23 9 2 42 46 11 20 42 23 22 4 4 17 38 62 
#49 0 35 42 1 21 25 1 2 12 18 4 18 13 2 
#17 9 7 28 8 0 10 21 4 14 25 4 18 51 62 
#70 5 29 16 46 47 18 20 23 35 19 33 53 24 20 
#29 19 9 1 54 21 53 14 13 14 13 47 17 37 39 
#49 51 21 42 19 17 18 7 23 26 7 25 2 14 5 
#23 8 4 2 18 47 19 30 48 19 4 4 18 39 52 
#49 11 18 1 15 56 26 30 25 12 48 47 12 8 14 
#17 9 15 28 31 20 1 20 10 22 19 4 21 41 62 
#70 5 15 13 7 25 44 67 18 57 24 7 21 13 20 
#0 19 9 17 7 25 34 22 2 4 13 0 20 37 20 
#2 11 6 42 18 51 18 30 48 26 3 10 12 21 5 
#49 3 4 2 21 47 12 30 48 22 4 25 18 8 34 
#2 11 18 1 15 56 2 0 15 17 48 34 14 46 14 
#56 9 28 34 14 20 4 3 10 0 2 58 21 29 16 
#24 52 15 12 1 21 51 37 7 4 24 7 17 64 38 
#1 1 29 17 7 25 34 67 31 20 48 33 20 8 20 
#2 27 6 5 25 28 34 30 48 43 18 10 28 8 4 
47 38 2 14 26 20 
55 4 24 10 15 28 
56 22 57 40 8 3 
46 21 45 19 33 49 
54 29 42 51 0 58 
25 48 39 13 27 5 
#Base: 913
#Max: 458
#501643
#Turn 3
#49 51 21 7 14 17 14 7 23 26 7 4 18 28 5 
#15 67 44 12 14 22 22 4 9 14 48 4 38 7 62 
#10 5 64 12 19 3 14 22 13 4 48 47 2 7 4 
#56 11 28 57 19 3 14 22 13 0 2 47 14 14 4 
#2 3 28 18 18 20 12 30 48 19 48 58 14 46 14 
#2 3 18 41 12 56 4 47 38 17 0 44 12 38 19 
#15 1 2 41 18 35 4 67 2 55 0 10 12 21 19 
#15 1 2 14 8 25 2 29 10 55 25 10 20 21 62 
#23 0 35 14 8 51 19 29 23 35 25 8 22 38 2 
#23 52 35 12 1 5 51 37 23 20 18 47 22 45 2 
#56 9 28 34 14 20 1 3 10 35 24 58 17 29 38 
#56 52 15 13 14 20 51 37 10 35 24 58 17 64 38 
#24 52 15 12 1 5 51 22 7 4 24 46 17 51 39 
#20 11 4 23 14 5 53 22 7 35 17 46 38 51 39 
#20 3 3 18 34 6 53 22 7 22 48 46 12 46 62 
#2 19 18 1 25 56 1 14 13 14 48 58 17 39 16 
#2 5 29 1 25 47 1 30 10 35 19 33 21 39 16 
#70 32 29 16 54 47 53 20 23 35 19 33 17 45 39 
#49 5 21 23 54 21 53 7 2 4 13 7 17 46 62 
#30 11 18 1 15 56 6 30 25 4 48 47 17 46 62 
#1 27 29 7 21 47 12 30 48 22 4 25 20 8 20 
#1 27 2 42 25 11 2 42 31 43 4 33 17 38 62 
#23 9 15 42 7 11 20 67 18 57 4 7 17 38 20 
#70 67 15 13 7 22 7 67 2 20 24 33 21 13 20 
#1 1 10 17 16 22 7 67 2 20 48 33 20 8 6 
#23 11 35 2 21 56 19 0 48 19 4 34 18 39 14 
#23 11 21 2 34 47 19 30 48 19 4 4 18 46 52 
#20 11 64 42 34 47 14 20 13 26 18 7 53 46 3 
#20 22 44 42 46 20 4 37 10 0 4 5 6 20 3 
#11 19 51 34 14 20 18 2 25 0 4 5 17 20 38 
#2 51 18 42 19 17 2 7 15 26 7 25 2 14 14 
#47 3 2 7 12 35 4 21 38 14 0 44 18 38 19 
#15 1 44 15 18 25 22 4 2 55 48 3 38 7 20 
#10 9 2 14 8 3 14 22 13 14 25 8 2 14 62 
#23 11 35 42 1 51 4 0 15 0 18 47 22 45 2 
#2 52 4 1 18 5 51 37 48 19 48 10 20 39 20 
#2 11 28 34 14 20 2 3 10 17 2 58 21 29 16 
#56 3 15 13 14 20 4 3 38 11 0 58 12 38 38 
#15 52 15 12 1 21 2 37 7 4 24 7 17 64 20 
#70 0 2 15 8 21 20 29 7 35 18 8 18 51 62 
#20 11 35 23 34 51 53 1 7 22 18 47 38 45 39 
#26 52 3 12 18 5 51 37 7 22 48 8 20 4 62 
#29 19 9 34 14 21 53 3 13 14 2 47 17 37 16 
#56 9 15 1 25 56 1 30 10 35 24 58 21 29 38 
#24 5 15 16 1 21 18 20 7 4 24 33 53 24 20 
#49 32 64 15 54 5 53 7 7 57 13 0 38 51 39 
#30 11 4 23 34 53 6 42 15 35 48 7 38 46 62 
#49 11 18 18 15 56 26 42 25 22 48 8 12 4 14 
#49 19 9 1 54 47 53 30 48 14 13 47 17 8 34 
#1 27 18 7 25 56 1 67 10 35 48 58 21 39 16 
#23 9 29 42 46 47 20 20 23 35 4 4 53 24 62 
#70 32 15 13 54 25 53 7 18 57 13 7 21 45 39 
#17 5 10 14 16 22 7 67 2 4 48 7 17 46 62 
#49 11 18 17 7 25 26 30 31 12 48 33 20 8 20 
#11 11 35 18 21 47 34 0 48 22 42 25 18 8 14 
#1 27 29 2 25 47 2 30 31 19 11 33 18 8 52 
#20 9 21 23 46 11 20 20 23 26 4 7 53 38 62 
#70 5 15 42 7 25 14 20 13 57 18 7 21 13 3 
#56 67 44 34 16 20 7 67 10 20 4 33 40 8 15 
#11 19 51 18 7 25 18 2 25 57 48 33 17 37 38 
6 15 56 41 9 5 
57 10 35 23 52 4 
13 59 46 58 49 21 
18 48 51 45 11 40 
26 39 27 17 50 1 
47 12 43 19 14 22 
#Base: 913
#Max: 532
#582694
#Turn 4
#2 1 18 41 25 56 1 67 13 14 0 58 17 39 19 
#2 9 18 23 46 56 1 20 13 14 48 58 53 39 16 
#26 9 21 12 18 11 20 37 7 22 48 7 20 38 62 
#26 52 3 12 1 5 51 37 23 20 48 47 20 45 2 
#23 52 18 12 1 56 51 47 38 17 18 44 12 45 2 
#70 5 28 34 14 25 1 3 10 35 24 7 17 13 38 
#2 9 28 1 18 5 1 3 10 35 24 10 17 39 20 
#70 52 15 13 7 22 7 67 48 19 24 10 20 13 20 
#17 67 15 13 7 22 7 67 2 20 48 7 21 13 20 
#17 5 28 14 18 22 7 30 48 4 48 7 14 46 14 
#20 11 4 23 14 5 18 2 25 57 48 46 17 37 39 
#30 19 51 23 7 25 6 2 15 35 48 33 17 37 62 
#30 67 4 23 16 53 7 42 10 20 48 7 38 46 15 
#1 67 18 7 25 56 1 67 10 20 4 58 21 39 15 
#1 27 2 42 25 11 2 67 10 35 4 33 17 38 16 
#49 19 9 23 54 21 53 30 2 14 13 7 17 8 34 
#49 32 9 13 54 25 53 7 48 57 13 47 21 45 34 
#70 32 15 15 54 5 53 7 18 57 13 7 38 45 39 
#49 52 15 15 14 5 51 37 10 35 13 0 38 64 38 
#20 52 35 23 34 20 53 1 10 35 18 47 17 45 39 
#70 0 21 15 8 21 19 29 48 35 18 8 18 46 52 
#20 0 64 15 8 21 20 20 7 26 18 8 18 46 3 
#70 11 29 16 34 47 14 20 13 35 19 7 17 46 3 
#23 9 29 42 46 47 53 20 23 35 4 4 53 45 39 
#15 9 44 12 46 22 20 20 9 14 4 4 38 7 62 
#24 11 15 18 1 56 51 42 25 4 24 46 12 4 39 
#56 9 15 12 25 5 51 22 7 35 24 58 17 51 39 
#56 9 18 1 25 56 1 30 25 4 24 58 21 29 62 
#30 11 18 1 34 6 53 22 7 22 48 47 12 46 62 
#20 3 15 18 7 11 20 67 18 22 48 7 12 38 20 
#15 1 2 41 7 25 14 20 13 55 18 7 21 21 19 
#2 19 28 1 25 20 1 3 10 35 24 58 17 39 38 
#2 52 21 1 18 5 51 20 23 19 4 7 53 38 62 
#26 52 15 12 7 22 51 37 2 20 48 33 21 13 20 
#17 5 35 12 16 22 51 67 23 4 48 47 17 46 2 
#2 3 28 18 12 56 4 47 48 19 48 58 12 38 14 
#70 11 4 23 14 25 14 20 13 35 18 7 38 51 39 
#56 19 51 34 7 20 1 3 10 57 48 58 17 37 38 
#2 11 4 23 34 53 6 42 15 19 48 7 20 39 62 
#56 67 15 34 7 20 7 67 2 20 24 33 21 13 20 
#1 5 18 14 25 56 7 67 2 35 48 7 17 39 16 
#1 27 28 18 18 11 12 30 48 19 48 33 14 38 62 
#49 5 4 23 14 5 53 7 2 4 13 7 17 51 62 
#49 19 51 1 7 25 18 30 48 14 13 47 17 8 34 
#70 32 4 13 54 53 53 7 18 57 13 7 38 46 39 
#56 32 44 15 54 5 53 7 10 57 13 0 38 8 15 
#1 27 18 13 25 56 1 37 10 35 48 58 21 39 16 
#1 11 35 23 34 51 53 42 7 43 4 47 17 45 39 
#23 11 21 23 54 47 53 7 48 19 13 4 17 46 52 
#70 0 2 15 54 47 53 30 7 35 13 8 18 51 34 
#70 11 64 42 34 25 14 7 13 57 18 7 21 46 3 
#70 32 29 15 54 47 53 7 7 35 13 33 17 51 39 
#23 52 29 42 46 47 20 37 10 35 24 58 53 64 38 
#15 67 35 23 14 51 22 1 7 14 48 4 38 45 39 
#49 11 18 18 15 56 26 30 48 22 4 4 12 46 14 
#70 52 15 15 8 5 20 22 7 4 18 8 18 51 62 
#20 11 64 1 34 47 1 20 13 35 24 7 53 46 38 
#30 32 18 1 15 56 6 30 23 4 48 33 17 46 39 
#20 9 29 42 34 47 53 22 23 35 4 4 12 46 62 
#15 67 44 12 7 22 20 67 9 57 4 7 17 7 62 
3 32 26 7 28 0 
46 20 1 59 45 56 
35 53 49 17 37 39 
27 50 16 52 51 18 
55 12 47 44 13 58 
11 34 48 23 4 19 
#Base: 913
#Max: 578
#633078
#Turn 5
#2 52 3 1 18 5 51 37 23 19 48 47 20 38 62 
#56 9 21 1 25 5 51 20 23 35 4 58 53 38 62 
#70 9 15 12 7 22 51 67 48 35 24 58 17 13 39 
#30 52 18 13 34 6 53 22 7 19 24 47 12 13 20 
#30 1 18 1 25 56 1 22 13 22 48 47 12 46 62 
#1 0 21 13 8 56 1 37 10 35 48 8 18 46 52 
#70 0 18 23 46 21 19 29 48 35 18 58 18 46 52 
#2 9 44 12 7 56 1 67 9 14 48 58 53 39 16 
#56 67 44 12 7 22 53 67 9 57 13 7 38 8 15 
#56 32 64 15 54 47 1 7 10 57 13 0 38 46 15 
#15 67 35 18 14 51 4 47 7 14 48 4 38 38 39 
#15 0 35 15 54 47 53 1 7 14 48 8 38 45 39 
#70 32 15 15 54 47 53 30 7 35 13 7 38 51 34 
#56 19 15 34 54 20 53 3 18 57 13 7 17 45 39 
#56 67 51 34 7 20 7 67 2 57 24 58 17 13 38 
#70 9 18 42 25 56 14 30 13 57 24 7 21 46 62 
#49 11 9 42 54 25 14 7 48 57 18 7 21 45 34 
#49 52 29 42 46 25 53 7 48 57 24 47 21 64 34 
#23 32 29 15 54 47 20 7 7 35 13 33 53 51 39 
#70 52 29 15 54 47 51 37 10 35 13 0 17 64 39 
#30 67 4 23 8 53 20 22 10 4 48 7 38 46 15 
#1 67 4 23 16 53 7 42 10 20 48 47 38 46 39 
#70 32 35 13 34 53 53 7 7 43 4 47 38 46 39 
#70 32 4 7 25 56 53 67 10 20 4 58 38 46 15 
#20 9 18 7 34 56 1 22 10 20 4 4 12 46 15 
#17 19 35 12 7 22 51 67 23 4 48 33 17 37 62 
#17 11 35 12 54 22 51 67 23 4 13 47 17 46 52 
#23 9 29 23 46 47 53 20 23 19 4 4 17 45 39 
#23 9 29 42 1 56 51 20 23 35 18 4 53 45 39 
#23 52 35 23 1 56 53 47 38 17 18 44 12 45 39 
#26 27 18 12 25 56 1 37 10 20 48 47 20 39 2 
#2 52 21 1 18 5 51 20 23 19 18 7 18 46 52 
#56 9 18 23 46 56 1 22 13 14 24 58 53 51 39 
#15 67 15 13 7 22 20 67 48 57 4 7 17 13 62 
#30 11 18 15 54 5 53 22 10 22 13 0 38 46 15 
#2 11 64 1 25 56 1 67 13 14 0 58 53 39 38 
#1 27 28 18 25 56 4 47 48 19 48 58 21 38 16 
#70 0 21 23 14 51 19 1 7 14 18 4 18 45 52 
#70 0 18 15 46 56 53 20 13 35 13 58 53 51 16 
#70 67 44 15 7 5 20 7 18 57 4 7 17 45 39 
#56 32 51 34 54 20 53 7 10 57 13 0 38 8 15 
#20 11 15 34 34 47 7 67 2 35 24 7 21 46 38 
#56 3 18 1 25 56 4 47 48 19 48 58 21 38 14 
#70 11 64 23 14 51 14 7 7 14 18 7 38 45 3 
#70 32 9 13 54 25 53 30 7 35 13 47 18 45 34 
#23 52 15 42 54 5 20 37 10 57 13 58 38 64 38 
#70 19 29 34 7 20 1 7 7 35 13 58 17 37 39 
#49 52 15 34 7 20 7 37 10 20 24 33 21 13 38 
#56 9 18 15 8 5 1 22 7 4 18 58 21 51 62 
#70 11 64 42 16 25 7 42 13 57 18 7 38 46 15 
#49 32 35 23 54 51 53 7 7 43 13 47 21 45 39 
#23 52 29 42 46 47 53 37 18 35 24 7 53 64 38 
#70 32 18 7 54 47 53 7 7 35 13 58 21 51 15 
#20 9 15 15 34 47 53 22 23 35 4 0 12 64 62 
#70 52 51 23 7 25 20 22 15 4 18 33 18 51 62 
#17 5 35 12 16 22 51 42 23 20 48 47 17 46 15 
#1 11 35 23 34 51 53 7 48 19 4 47 17 45 39 
#70 32 4 42 54 47 53 7 23 57 13 7 38 46 39 
#1 67 18 7 25 56 1 47 10 20 4 58 12 39 15 
#20 9 29 23 34 20 53 22 10 35 4 4 17 46 39 
28 36 21 32 1 39 
13 40 44 23 49 42 
33 9 45 57 38 54 
2 22 14 17 19 15 
25 29 52 51 8 6 
10 26 35 50 12 7 
#Base: 913
#Max: 598
#654984
#Turn 6
#23 9 29 42 25 56 51 20 48 19 48 4 53 38 16 
#1 27 28 18 25 53 4 47 10 19 48 47 38 38 39 
#56 9 4 23 16 56 7 22 10 14 48 47 38 51 39 
#56 9 18 23 46 56 51 22 23 14 24 58 53 51 39 
#56 67 21 15 25 5 20 20 18 35 4 58 53 45 39 
#56 32 51 34 54 20 53 7 18 57 13 0 38 45 15 
#56 32 51 34 54 20 53 30 10 57 13 0 38 8 15 
#70 32 4 13 25 56 53 67 7 20 13 47 38 46 15 
#70 32 64 42 16 25 7 42 10 57 18 7 38 46 15 
#70 11 18 42 25 25 4 42 13 57 18 7 38 38 15 
#15 67 64 15 7 22 1 7 48 57 13 0 38 13 62 
#56 32 64 42 54 5 1 7 10 57 13 0 38 64 38 
#23 32 15 42 54 47 20 7 10 57 13 58 38 64 38 
#70 0 18 15 46 47 53 20 23 35 13 58 53 46 39 
#70 0 51 15 46 56 20 20 13 4 13 58 53 51 16 
#70 32 15 13 34 53 53 67 7 35 24 47 17 46 39 
#70 32 35 34 34 53 7 7 2 43 24 47 38 13 39 
#49 67 29 34 7 25 7 7 48 57 24 47 21 13 34 
#70 52 29 15 46 25 53 7 48 35 13 0 21 64 39 
#70 52 29 15 54 47 14 37 13 57 13 0 21 46 62 
#17 19 35 12 1 56 53 67 23 4 18 44 12 37 62 
#70 32 18 23 1 56 53 7 7 17 13 44 21 45 39 
#70 52 29 42 54 47 53 7 18 35 13 7 53 64 38 
#23 52 29 12 46 47 53 37 9 35 13 7 38 8 15 
#70 67 18 12 46 22 53 67 48 35 13 58 18 46 15 
#17 11 35 18 54 22 51 67 23 4 13 47 38 46 52 
#17 11 64 12 54 22 1 67 13 4 13 58 53 39 52 
#2 32 64 1 54 51 53 67 13 14 0 58 53 45 38 
#49 32 35 15 54 47 53 7 7 35 13 47 21 45 39 
#70 32 15 15 54 56 1 30 9 14 48 7 53 51 34 
#56 9 15 34 54 20 51 20 23 57 13 7 53 45 39 
#56 27 51 18 25 56 4 7 48 19 48 58 38 8 16 
#1 32 4 23 54 25 53 42 7 35 13 47 38 45 34 
#56 9 4 7 25 56 1 67 10 14 24 58 53 46 39 
#70 9 64 1 16 5 51 20 13 57 4 7 38 38 62 
#56 67 18 1 25 5 4 7 48 57 4 7 21 38 39 
#56 67 15 13 7 22 53 3 48 57 4 7 17 45 39 
#56 32 64 34 54 20 53 7 10 57 13 0 38 8 15 
#23 52 9 42 54 25 53 37 10 35 13 47 38 64 38 
#70 32 4 7 25 47 53 7 10 20 4 58 38 46 15 
#70 0 18 42 16 25 53 42 13 57 18 7 38 51 15 
#70 52 18 23 25 56 4 47 15 4 18 58 18 51 62 
#70 9 15 12 7 22 20 67 48 35 4 7 17 13 62 
#70 32 35 13 34 47 1 7 10 57 13 0 38 46 39 
#56 67 51 42 54 5 7 37 10 57 24 58 38 13 38 
#49 32 29 42 46 25 53 7 23 57 24 7 38 46 39 
#70 52 29 15 54 56 51 37 13 35 13 58 53 51 39 
#70 9 51 23 25 56 20 22 15 4 24 7 18 46 62 
#70 19 15 12 7 22 51 67 23 35 24 33 17 37 39 
#70 52 35 13 34 56 53 7 7 43 18 44 12 45 39 
#70 67 51 34 54 20 7 7 7 57 13 58 17 13 38 
#49 52 29 42 46 25 53 7 18 35 24 47 53 64 38 
#56 67 44 12 7 22 53 37 10 57 13 7 38 8 39 
#70 9 18 42 46 56 19 30 48 57 18 7 21 46 62 
#17 67 35 12 7 22 4 67 7 4 48 33 38 38 39 
#17 11 35 12 1 56 51 47 23 17 18 44 17 46 52 
#2 11 64 1 25 56 53 7 13 35 0 58 21 51 38 
#23 52 29 23 54 47 53 37 18 43 13 7 21 64 39 
#70 67 44 12 54 47 53 30 9 57 13 7 38 8 15 
#2 0 18 23 7 21 19 67 9 35 18 58 18 39 16 
16 31 25 12 26 34 
4 33 14 53 57 8 
30 11 15 51 44 45 
50 19 27 46 22 3 
28 7 41 24 13 49 
52 29 18 58 38 5 
#Base: 913
#Max: 626
#685652
#Turn 7
#70 32 51 34 34 56 7 7 48 43 24 58 38 8 39 
#56 27 35 18 25 56 51 7 48 4 13 47 38 8 16 
#17 11 35 18 54 22 51 67 23 57 13 58 38 46 52 
#23 32 64 42 54 22 1 67 10 4 13 58 53 39 52 
#70 11 64 12 54 5 1 20 13 57 4 58 53 39 62 
#56 9 4 7 25 56 1 67 10 35 4 58 53 46 39 
#56 9 4 15 46 56 20 20 13 4 24 58 53 51 39 
#70 0 18 15 46 56 19 30 13 4 13 58 53 51 16 
#23 9 29 23 46 47 19 37 18 43 13 7 21 46 62 
#70 52 64 23 54 25 53 37 18 43 18 7 38 64 39 
#56 9 15 34 54 20 1 20 10 57 13 7 53 64 39 
#70 32 15 42 34 53 1 7 7 35 24 47 38 64 38 
#49 52 15 42 34 53 53 7 7 35 24 47 17 64 39 
#49 67 51 42 46 25 7 7 10 35 24 58 38 64 38 
#56 67 29 42 46 5 53 37 23 57 24 7 38 46 39 
#70 52 51 34 54 20 14 7 7 57 13 0 17 46 62 
#70 52 64 15 54 51 53 37 13 57 13 58 21 45 38 
#2 32 64 15 54 56 51 67 13 35 13 58 53 51 38 
#70 52 29 15 54 56 51 7 13 35 13 58 53 51 39 
#70 52 18 23 46 47 53 7 18 35 13 7 53 51 39 
#49 32 4 13 25 56 53 7 7 20 13 47 21 46 39 
#70 32 18 23 25 56 53 67 7 20 18 47 38 51 15 
#70 52 18 23 25 22 53 67 15 4 13 58 18 51 15 
#70 67 18 15 46 47 53 20 48 35 13 58 18 46 39 
#70 0 35 13 46 47 53 7 23 35 18 58 12 46 39 
#70 67 44 15 7 22 1 30 9 14 48 7 38 8 39 
#70 52 29 15 54 25 53 30 9 35 13 0 53 64 39 
#70 67 44 15 54 47 53 7 48 35 13 7 21 8 39 
#70 67 9 42 54 47 53 37 10 35 13 7 38 64 15 
#23 52 51 42 54 25 53 37 18 35 13 47 38 64 38 
#56 32 35 34 34 53 20 7 2 43 24 58 53 45 39 
#56 9 51 18 25 56 1 67 48 14 48 58 53 8 16 
#70 11 35 18 54 22 20 67 23 4 13 58 53 46 16 
#23 9 18 42 54 47 20 30 48 57 13 7 21 46 38 
#17 11 29 12 54 22 53 67 18 43 13 7 53 64 52 
#70 32 64 1 16 5 7 42 10 57 4 7 38 46 62 
#56 67 21 15 25 20 20 20 18 35 4 58 53 45 39 
#56 9 64 7 54 5 1 67 10 57 13 58 38 46 38 
#70 0 51 15 34 56 20 20 7 4 24 58 53 46 39 
#70 52 29 42 46 56 19 30 48 35 24 47 53 46 38 
#56 52 51 42 54 5 7 37 10 57 24 58 21 13 38 
#49 32 29 42 16 25 7 7 10 57 18 7 38 46 15 
#56 67 51 34 54 20 7 20 23 57 13 58 17 45 39 
#56 52 29 42 54 47 1 7 10 57 13 0 38 46 38 
#70 32 15 1 34 53 53 67 7 14 0 58 17 46 38 
#49 52 29 15 46 56 53 7 13 35 13 47 53 64 39 
#70 52 29 42 54 5 53 37 10 57 13 58 38 64 38 
#49 32 29 42 46 25 51 7 23 14 24 58 53 51 39 
#70 67 51 34 54 47 7 7 7 57 13 58 17 45 38 
#70 32 4 13 25 56 53 37 7 57 13 0 38 46 62 
#2 32 64 23 25 51 4 47 13 14 18 58 18 45 62 
#70 52 29 12 46 56 53 37 13 35 13 58 53 46 39 
#70 0 18 42 54 47 53 20 23 35 13 7 53 64 39 
#70 9 18 13 34 56 51 22 7 14 18 44 12 51 39 
#56 32 35 15 54 22 53 7 10 57 13 7 38 8 39 
#70 32 4 13 25 56 1 30 9 14 48 7 53 51 34 
#70 52 18 15 46 25 53 47 48 4 18 58 21 51 62 
#70 67 44 12 54 47 53 30 9 35 13 7 18 8 15 
#23 52 18 15 46 25 53 37 10 35 13 47 53 46 39 
#56 32 51 34 34 20 53 7 7 43 13 44 12 45 15 
32 44 12 26 37 49 
34 30 4 18 52 27 
19 3 23 17 9 21 
14 56 51 16 46 45 
40 0 28 39 29 42 
15 31 2 48 13 47 
#Base: 913
#Max: 641
#702081
#Turn 8
#70 32 35 1 54 22 20 67 23 4 0 58 17 46 16 
#49 32 15 42 34 53 53 7 7 14 0 47 17 46 38 
#49 52 29 15 34 25 53 30 7 35 13 47 53 64 39 
#70 9 29 15 54 25 1 67 9 35 13 58 38 64 38 
#56 32 4 13 54 56 1 37 7 57 13 58 38 46 38 
#17 11 35 12 34 53 20 67 2 43 13 7 53 64 39 
#70 32 35 34 34 5 20 7 13 57 4 58 53 45 39 
#70 52 64 15 54 5 1 7 13 35 13 58 53 51 39 
#70 0 29 42 54 56 51 7 13 35 13 58 53 64 39 
#70 67 18 42 54 47 53 20 48 35 13 7 53 64 39 
#70 52 18 23 46 22 53 7 18 35 13 7 53 51 39 
#70 67 18 15 46 47 1 20 48 4 13 58 53 39 39 
#70 67 64 15 46 47 53 67 13 35 13 58 53 51 38 
#70 52 64 23 54 56 53 37 18 35 13 58 38 64 38 
#70 52 18 23 25 25 53 37 7 20 18 7 38 51 39 
#56 67 18 15 46 25 53 47 23 4 18 58 21 46 39 
#70 52 18 15 46 25 53 47 13 35 13 58 21 51 62 
#70 52 64 15 54 56 53 37 13 35 13 58 21 46 39 
#70 52 29 42 54 51 53 37 10 57 13 58 38 64 38 
#49 52 29 42 46 56 53 37 10 57 13 47 38 64 38 
#56 32 51 34 54 56 7 37 10 43 24 58 38 8 38 
#70 67 51 34 34 47 7 7 48 43 24 7 38 8 39 
#70 67 9 42 54 56 19 37 10 35 13 7 38 64 38 
#70 52 51 42 54 25 53 37 18 35 24 47 53 46 38 
#56 52 51 34 54 25 53 37 23 35 13 58 38 64 39 
#56 9 51 18 25 56 14 7 7 57 13 58 53 8 62 
#56 9 35 18 25 22 51 67 48 14 13 58 38 46 16 
#17 67 35 18 54 47 7 7 7 57 13 58 17 46 38 
#70 67 51 34 54 47 7 7 10 57 24 58 38 64 38 
#49 32 51 42 46 25 7 7 23 14 24 58 53 51 39 
#17 11 35 18 54 22 53 67 23 4 13 7 53 46 16 
#56 32 15 34 34 53 20 67 2 14 24 58 17 45 38 
#49 52 15 42 34 5 53 7 7 57 24 58 17 64 62 
#70 52 29 15 54 56 51 30 9 35 13 58 53 51 39 
#56 0 18 7 54 5 1 67 23 35 13 58 38 64 39 
#70 67 44 15 54 47 53 7 48 35 13 7 38 8 39 
#17 11 18 12 54 47 53 67 18 43 13 7 53 64 39 
#56 32 35 42 34 53 1 7 10 43 24 58 53 39 52 
#70 67 64 15 46 47 1 20 48 35 4 58 18 39 62 
#2 52 64 15 54 56 51 7 13 35 13 58 53 51 38 
#70 0 18 42 54 47 53 20 23 35 18 7 38 64 39 
#70 32 18 15 54 47 53 67 48 20 13 7 38 8 39 
#56 52 18 23 46 5 53 7 18 57 24 7 53 51 39 
#23 52 18 15 54 25 1 67 48 4 13 58 53 51 62 
#70 67 18 12 46 56 53 37 13 35 13 58 18 46 39 
#2 32 64 15 54 51 53 37 13 35 13 58 53 51 38 
#70 52 64 23 54 25 53 37 10 43 18 7 38 64 39 
#49 52 18 23 46 56 53 67 7 35 18 47 53 51 39 
#56 52 29 42 46 5 7 37 23 57 24 7 38 46 39 
#70 52 18 15 46 56 53 7 48 4 24 58 21 51 39 
#70 52 29 12 54 47 53 37 10 35 13 58 38 46 15 
#70 52 64 42 46 51 19 30 13 35 24 47 53 46 38 
#70 52 51 42 54 25 53 37 18 35 13 47 38 64 38 
#56 52 29 15 54 56 7 20 23 35 13 58 17 45 39 
#56 52 51 42 54 5 7 37 10 57 24 58 21 13 38 
#56 9 51 18 34 56 1 7 48 14 48 58 53 8 16 
#17 11 9 42 54 47 53 37 23 35 13 7 38 46 15 
#70 52 51 42 54 56 19 30 7 57 13 58 53 45 38 
#23 52 51 42 54 25 7 37 10 35 24 58 38 64 38 
#56 67 29 34 46 20 51 7 23 14 13 58 53 51 39 
41 15 58 16 59 37 
11 2 49 24 45 20 
35 50 19 23 52 39 
47 9 57 12 18 17 
43 44 33 13 51 38 
7 22 8 28 46 32 
#Base: 913
#Max: 690
#755750
#Turn 9
#70 67 18 15 54 47 53 47 48 4 18 7 21 46 39 
#23 67 18 15 46 25 7 37 10 35 24 58 38 46 38 
#23 52 18 15 54 25 7 37 10 35 24 58 21 51 62 
#70 52 29 15 46 20 51 47 23 14 13 58 21 51 62 
#56 67 35 34 34 53 51 7 23 14 13 58 53 51 39 
#49 67 29 15 34 47 1 30 48 4 13 58 53 39 39 
#70 52 18 15 46 56 53 7 7 35 13 58 21 64 39 
#70 52 18 15 54 25 53 7 48 4 24 58 21 64 39 
#56 32 51 15 54 51 53 37 23 35 13 58 38 64 39 
#2 32 51 15 54 51 53 37 10 43 13 58 38 51 38 
#70 67 44 15 54 47 53 37 10 35 13 58 38 46 15 
#70 52 29 42 46 47 53 37 10 57 13 47 38 46 38 
#70 52 29 42 46 25 53 37 18 35 24 47 38 46 38 
#70 52 51 42 54 25 53 37 18 35 13 47 38 46 38 
#2 52 64 42 54 25 53 37 13 35 13 58 38 64 38 
#70 67 18 42 54 56 53 67 48 35 13 7 53 51 39 
#70 67 51 42 54 56 19 20 48 57 13 7 53 64 39 
#70 67 64 15 46 56 53 67 7 35 13 58 53 51 38 
#70 52 64 42 46 47 53 37 10 35 13 58 38 51 38 
#70 52 29 15 54 56 53 37 10 57 13 58 38 46 39 
#23 52 18 15 54 25 53 37 48 4 13 58 18 46 62 
#70 52 18 15 54 56 53 30 9 35 13 58 18 51 39 
#70 52 64 23 54 56 53 30 18 35 13 58 38 51 39 
#70 52 64 42 54 51 19 30 18 35 13 58 38 46 38 
#70 52 64 42 46 47 1 20 13 35 4 47 18 46 38 
#70 52 9 42 54 56 19 37 10 35 13 7 53 51 39 
#70 67 29 42 54 56 51 7 10 35 13 7 38 64 38 
#70 67 29 34 54 56 7 7 13 57 13 58 53 64 38 
#70 67 64 23 54 47 7 7 10 57 24 7 38 64 39 
#70 52 64 42 34 5 53 37 10 43 18 7 38 64 62 
#70 32 18 15 46 47 53 67 48 20 13 7 53 39 39 
#56 52 29 15 34 25 53 47 7 35 13 58 21 46 39 
#70 52 18 15 46 56 53 37 10 4 24 58 21 64 38 
#56 52 18 15 54 25 53 47 13 35 13 58 21 51 62 
#2 32 29 15 54 20 53 37 23 35 13 58 53 51 39 
#56 32 35 42 54 56 7 37 10 43 24 58 38 39 52 
#70 67 18 15 54 47 53 20 48 4 13 7 38 39 39 
#49 52 29 12 34 25 53 37 10 35 13 58 38 46 15 
#70 52 29 42 46 56 53 7 10 4 13 47 38 51 38 
#70 52 51 34 54 25 53 37 23 35 24 58 38 64 39 
#2 52 64 15 54 51 53 37 18 35 13 47 53 64 38 
#56 52 64 15 54 56 7 7 13 43 13 58 38 51 38 
#49 52 44 15 54 47 53 7 48 35 18 47 38 51 39 
#70 67 29 42 54 47 53 20 10 35 13 7 38 64 15 
#49 52 51 42 46 56 19 37 10 57 13 58 38 45 38 
#70 52 64 15 54 25 53 67 13 35 24 47 53 51 38 
#70 52 51 42 54 25 53 37 18 35 13 47 38 64 38 
#70 52 64 15 54 56 51 7 13 35 13 58 21 46 39 
#49 52 18 23 54 25 53 67 48 4 18 58 53 51 62 
#70 67 18 42 54 56 53 20 13 35 13 7 53 64 39 
#70 52 29 42 54 56 51 30 7 57 13 58 53 51 39 
#70 67 64 23 46 56 53 67 13 35 13 58 53 51 38 
#70 52 64 42 46 51 19 37 13 35 24 47 53 46 38 
#70 67 64 15 54 47 53 20 13 35 4 58 18 46 62 
#23 52 64 15 54 25 1 67 48 4 13 58 53 51 62 
#70 67 9 42 46 56 53 37 10 35 13 7 18 64 38 
#70 52 29 15 54 56 51 7 9 35 13 58 53 64 39 
#70 67 51 23 54 56 53 7 10 35 24 58 38 64 38 
#70 52 64 23 46 25 53 37 10 43 18 47 38 64 39 
#49 52 64 42 46 47 1 20 7 35 24 58 17 39 62 
26 54 56 8 42 35 
14 47 12 22 53 40 
29 44 18 50 45 27 
23 16 39 51 15 46 
4 13 48 17 57 11 
33 10 19 52 58 49 
#Base: 913
#Max: 707
#774370
#23 67 64 15 54 25 51 7 48 4 13 7 53 64 38 
#23 52 29 15 54 25 51 7 9 35 13 58 53 64 62 
#70 52 29 15 54 56 51 7 9 35 13 58 53 64 39 
#49 52 51 15 54 51 53 37 23 35 18 58 38 51 39 
#56 52 44 15 54 47 7 37 48 43 24 47 38 51 52 
#2 52 64 42 54 56 51 7 13 35 13 58 38 46 39 
#70 52 29 42 54 25 51 7 18 35 13 47 21 46 39 
#70 52 29 23 54 25 53 37 18 35 13 47 38 46 39 
#70 52 64 23 54 56 53 20 13 35 13 58 18 46 39 
#70 52 64 15 54 51 53 20 13 35 4 58 18 64 62 
#49 52 51 42 46 5 53 37 10 43 13 58 38 64 62 
#70 52 51 42 46 56 19 37 10 35 13 58 38 45 38 
#70 52 64 42 46 47 53 37 7 57 13 58 53 51 38 
#70 52 64 42 54 25 53 67 7 35 13 47 53 51 39 
#70 52 64 15 54 56 53 7 13 35 24 58 53 51 38 
#70 52 51 42 54 51 19 30 48 57 13 7 38 64 39 
#70 52 51 34 54 25 19 20 48 35 13 58 38 64 39 
#70 52 64 23 54 56 53 67 13 35 13 58 38 51 38 
#70 67 18 23 46 56 53 67 48 35 13 7 53 51 39 
#70 67 51 42 54 25 53 37 48 35 13 7 53 64 38 
#70 52 51 42 34 25 51 7 18 35 13 47 53 46 39 
#49 52 18 23 54 25 53 67 18 35 13 47 38 51 62 
#70 67 64 15 54 25 53 67 7 35 13 58 53 51 62 
#70 67 51 23 54 56 53 7 7 35 24 58 53 51 38 
#70 52 51 42 46 47 53 37 10 57 13 47 38 64 38 
#70 67 18 15 54 47 53 37 13 35 13 58 38 51 62 
#70 67 29 15 54 56 53 37 10 35 13 58 38 46 39 
#70 52 64 15 54 51 19 37 13 57 13 58 53 46 38 
#70 52 64 42 46 25 19 37 10 35 18 47 53 46 38 
#70 67 64 42 54 56 53 37 13 43 18 47 53 64 39 
#70 67 29 42 54 25 51 37 13 35 13 7 38 64 38 
#70 52 64 15 54 56 51 7 13 35 13 58 53 46 62 
#70 52 29 42 46 25 51 37 18 35 24 58 53 46 38 
#70 52 64 15 54 51 53 37 23 35 13 58 38 64 39 
#49 67 44 15 54 47 53 7 13 35 4 47 18 46 62 
#2 52 35 15 54 51 7 37 18 43 24 58 38 39 52 
#70 52 64 42 54 25 53 37 13 35 18 7 38 64 62 
#70 52 51 15 46 56 19 7 10 57 13 58 38 46 38 
#70 52 29 42 46 25 53 37 18 35 24 47 38 51 38 
#70 52 29 23 54 56 53 30 18 57 13 58 38 51 39 
#70 67 64 15 54 25 53 67 13 35 4 58 18 51 38 
#2 52 64 34 54 51 7 37 18 35 13 47 53 64 38 
#70 52 64 42 54 5 53 37 18 35 13 58 38 64 62 
#70 67 51 42 54 56 19 37 10 57 13 7 38 45 39 
#70 52 51 42 46 47 53 37 23 35 13 58 38 64 38 
#70 52 29 42 46 56 53 67 7 57 13 58 53 51 39 
#70 52 64 42 54 25 53 67 13 35 13 7 53 51 38 
#70 52 51 34 54 56 7 7 13 57 13 58 38 64 38 
#56 52 64 34 54 51 19 7 23 35 13 58 53 51 38 
#70 67 51 42 54 56 53 20 48 57 13 7 53 46 39 
#49 52 18 34 54 25 53 67 23 4 18 58 53 51 62 
#70 67 64 23 46 56 53 67 13 35 13 58 53 51 38 
#70 67 18 42 54 56 53 7 10 35 24 58 53 64 38 
#70 52 29 42 54 25 53 37 10 35 13 47 38 64 38 
#56 52 18 15 34 53 51 47 13 14 13 58 21 51 62 
#70 67 44 42 54 47 53 37 18 35 13 47 38 46 38 
#49 52 29 23 54 25 53 37 48 57 18 58 53 51 62 
#70 67 64 42 46 56 53 37 13 35 13 58 53 46 38 
#70 52 51 23 54 25 53 7 10 43 18 47 38 64 38 
#70 67 29 42 46 47 53 37 13 35 13 7 53 64 39 
#Base: 913
#Max: 720
#788609
