#[0] 3, 3
#[1] 4, 3
#[2] 3, 4
#[3] 3, 2
#[4] 2, 3
#[5] 2, 4
#[6] 1, 3
#[7] 2, 2
#[8] 3, 1
#[9] 4, 4
#[10] 5, 3
#[11] 3, 5
#[12] 4, 2
#[13] 3, 0
#[14] 5, 4
#[15] 4, 5
#[16] 5, 2
#[17] 4, 1
#[18] 0, 3
#[19] 1, 4
#[20] 2, 1
#[21] 1, 2
#[22] 2, 5
#[23] 0, 4
#[24] 5, 1
#[25] 0, 2
#[26] 5, 5
#[27] 1, 5
#[28] 2, 0
#[29] 1, 1
#[30] 4, 0
#[31] 0, 5
#[32] 1, 0
#[33] 0, 1
#[34] 5, 0
#[35] 0, 0
#Turn 0
24 15 58 51 46 9 
55 49 30 0 38 42 
16 33 2 23 32 43 
59 56 53 7 11 47 
36 14 41 21 19 44 
3 5 57 10 20 6 
#Base: 934
#Max: 359
#384368
#Turn 1
#16 29 6 22 29 45 20 5 2 7 13 23 37 13 0 
#11 29 6 43 45 27 26 5 2 33 13 26 37 51 0 
#50 16 23 43 45 51 11 5 8 33 35 19 44 0 4 
#50 46 31 32 7 51 12 23 29 33 17 19 17 0 22 
#5 43 1 32 7 51 12 14 29 14 17 10 17 20 2 
#34 31 35 47 33 34 45 32 15 41 33 8 6 2 10 
#25 13 10 38 30 34 45 32 24 13 8 8 6 2 35 
#25 49 10 1 25 6 8 26 24 64 8 6 15 44 35 
#12 9 16 1 3 13 17 19 45 4 5 1 15 46 35 
#20 9 6 26 27 7 43 41 45 4 18 15 26 12 35 
#16 4 31 32 44 2 13 7 14 25 31 17 4 1 25 
#8 4 31 38 44 3 13 17 4 50 48 2 4 55 25 
#8 5 32 68 5 3 13 26 4 15 48 6 6 25 18 
#2 38 37 68 5 12 10 34 21 0 25 9 9 25 20 
#48 17 37 10 67 28 4 34 13 3 25 10 14 13 22 
#4 10 14 15 9 38 10 28 2 37 27 11 60 5 2 
#46 4 11 20 20 25 28 2 2 10 29 10 11 28 69 
#79 15 9 6 20 25 36 4 12 1 22 12 30 28 9 
#79 1 13 8 22 3 68 4 19 1 6 12 30 14 4 
#2 10 13 10 10 42 37 35 10 15 6 14 2 17 25 
#25 4 25 28 6 20 5 15 1 12 27 21 18 4 11 
#25 9 27 60 6 20 42 15 9 38 5 16 18 6 11 
#7 9 27 28 19 7 12 13 2 38 16 73 4 6 6 
#11 44 7 28 19 7 3 17 12 19 6 34 24 3 6 
#5 1 26 29 40 11 3 34 62 41 19 34 11 2 37 
#2 13 37 16 22 39 26 14 29 3 12 32 14 7 25 
#18 15 13 16 12 7 36 16 45 6 39 24 14 52 25 
#18 2 17 27 19 7 23 20 21 25 39 24 9 23 50 
#12 8 17 39 49 9 1 20 14 8 8 0 17 14 22 
#39 3 5 39 30 41 7 15 14 28 54 2 17 11 22 
#16 31 30 0 29 45 11 1 15 41 32 20 5 13 10 
#25 29 23 47 35 34 20 32 2 7 13 8 6 2 10 
#11 49 10 43 45 51 8 5 24 33 16 6 16 9 4 
#12 4 33 1 7 34 11 3 43 64 32 19 15 0 11 
#17 46 16 32 7 27 43 23 45 3 17 15 17 46 35 
#5 43 1 44 27 7 21 41 31 14 12 24 26 3 2 
#34 56 35 32 25 2 13 7 18 41 43 17 14 14 52 
#16 13 23 47 44 34 2 17 14 7 31 8 6 2 10 
#25 5 14 38 25 3 8 8 4 13 48 6 26 55 25 
#12 38 33 68 5 12 10 26 11 64 32 1 15 16 18 
#2 9 37 10 67 27 4 34 21 0 5 10 6 13 20 
#48 17 30 3 23 7 31 10 54 11 10 20 3 23 31 
#33 56 14 32 25 38 11 28 0 37 27 17 24 1 11 
#16 9 31 20 9 28 10 17 2 50 29 2 60 5 2 
#8 4 11 38 5 25 13 6 12 44 22 27 6 28 69 
#79 38 9 7 5 12 36 26 19 1 10 9 30 14 18 
#41 24 13 10 22 17 4 34 21 0 6 14 14 13 20 
#2 10 61 51 23 28 28 35 13 15 6 6 21 17 25 
#29 20 14 28 63 16 5 28 0 12 27 21 7 10 32 
#46 9 25 60 6 20 10 39 2 35 27 10 18 5 2 
#31 4 11 6 20 25 60 13 12 38 22 27 13 6 69 
#79 15 7 7 19 3 36 17 19 19 16 73 30 14 6 
#11 18 13 21 22 11 3 14 62 7 6 14 2 48 37 
#2 10 26 10 10 42 19 35 2 15 6 6 11 17 25 
#29 20 37 5 16 16 26 11 29 12 12 32 7 57 32 
#1 13 58 60 12 20 42 15 9 35 27 16 14 4 11 
#8 9 13 17 10 14 60 16 45 38 39 24 9 6 27 
#7 2 17 27 19 7 1 17 21 25 8 0 61 23 50 
#11 8 13 21 5 9 1 15 62 8 54 2 17 3 22 
#17 1 26 19 30 3 19 34 27 8 35 32 6 11 53 
21 58 49 13 56 57 
40 29 32 45 47 42 
43 1 11 2 36 12 
5 17 50 51 39 24 
52 34 14 18 7 44 
38 22 16 55 3 33 
#Base: 934
#Max: 406
#434690
#Turn 2
#11 9 27 60 5 20 1 15 9 38 5 2 17 6 11 
#46 9 25 60 5 20 1 39 2 35 54 2 17 5 22 
#2 9 37 68 6 20 10 39 21 35 27 10 9 25 20 
#2 38 13 68 5 12 10 16 45 38 39 9 9 25 20 
#8 9 17 27 10 7 1 16 21 38 39 24 61 6 27 
#39 9 5 10 30 41 4 15 21 0 5 10 6 11 22 
#39 3 5 43 45 51 7 15 14 28 54 6 16 9 4 
#11 38 10 43 5 12 36 26 19 1 10 6 16 9 18 
#79 38 61 51 5 12 28 35 13 15 6 6 30 14 25 
#33 10 14 51 23 28 11 35 0 37 27 17 21 1 11 
#16 29 6 43 9 27 26 17 2 33 13 2 60 51 0 
#11 29 31 38 45 27 26 17 2 33 48 26 4 55 25 
#8 4 31 43 44 3 13 17 4 50 35 19 4 55 4 
#34 56 35 43 45 2 11 5 8 33 35 19 14 0 4 
#34 5 32 68 5 3 13 7 18 15 43 6 6 14 52 
#79 31 9 47 33 25 36 32 15 1 33 12 6 2 10 
#79 4 11 6 20 25 60 13 12 1 22 27 13 28 69 
#31 4 11 6 19 25 60 17 19 19 22 27 13 14 69 
#12 38 33 68 19 3 10 26 11 19 32 73 30 16 18 
#12 38 33 68 40 12 10 34 11 64 32 34 15 16 18 
#11 46 16 21 22 11 43 23 62 7 6 15 17 46 37 
#17 17 37 32 7 27 4 34 13 3 25 15 17 46 35 
#79 1 13 8 22 3 68 4 13 1 25 10 14 14 22 
#25 49 10 1 25 3 68 26 24 64 6 12 30 44 35 
#8 4 11 1 25 25 8 26 24 44 22 27 15 44 69 
#25 9 14 38 19 7 12 8 2 13 16 73 4 55 6 
#7 9 11 28 20 7 12 2 2 10 16 73 4 6 6 
#1 13 11 60 12 20 28 15 2 35 27 10 11 4 69 
#50 13 58 32 7 20 12 15 29 33 27 19 17 0 11 
#12 46 33 1 7 34 11 23 29 33 32 19 15 0 11 
#25 9 37 10 67 20 42 34 21 0 5 16 18 13 20 
#11 8 5 39 5 41 1 15 62 8 54 2 17 3 22 
#11 49 10 43 45 51 10 39 24 35 27 6 18 9 2 
#79 38 9 68 5 12 36 26 19 1 10 9 9 25 18 
#2 10 13 17 23 28 28 35 45 15 39 24 21 6 27 
#7 2 14 27 19 7 1 17 0 25 27 0 24 1 50 
#16 9 31 20 67 28 10 34 21 50 29 2 6 13 20 
#11 29 6 43 45 27 7 15 2 28 54 26 37 11 0 
#11 49 10 43 44 51 8 5 24 50 48 6 4 55 4 
#50 38 23 43 45 12 11 26 19 1 35 9 44 0 18 
#2 56 35 32 23 2 28 35 18 15 6 6 14 17 52 
#8 5 32 32 5 38 11 26 0 37 27 6 24 25 11 
#34 9 31 47 33 34 10 17 2 41 29 2 60 5 10 
#11 29 9 6 20 25 36 4 12 33 22 12 30 28 0 
#8 4 31 38 20 25 13 17 12 50 22 27 4 55 25 
#50 16 7 43 19 51 36 17 8 33 16 19 44 0 4 
#12 56 33 32 5 2 13 7 18 41 32 1 15 16 52 
#8 1 32 29 40 11 13 34 4 41 48 34 11 25 18 
#11 31 13 21 33 11 45 14 62 41 33 14 2 48 37 
#79 46 9 6 20 27 43 4 12 3 17 15 17 28 35 
#31 17 11 6 20 25 4 13 13 3 22 27 13 13 69 
#79 1 7 8 22 3 68 17 19 19 16 12 30 14 6 
#25 38 10 1 5 12 8 26 11 64 8 1 15 16 35 
#8 1 11 38 5 11 3 6 62 44 22 27 6 2 69 
#25 5 13 38 25 11 3 14 62 7 48 6 26 55 37 
#7 46 27 28 7 7 12 13 45 38 17 73 17 46 6 
#46 17 37 20 20 25 4 2 2 3 25 10 11 28 69 
#79 13 58 8 22 20 42 15 19 35 27 12 14 4 4 
#25 49 31 1 25 51 12 23 29 64 17 6 17 44 22 
#12 4 33 38 7 25 13 6 12 44 32 19 15 0 69 
13 59 42 20 3 45 
12 6 27 18 17 25 
36 1 57 19 38 32 
49 55 33 16 23 58 
39 11 22 8 51 53 
10 14 54 15 48 24 
#Base: 934
#Max: 437
#467880
#Turn 3
#12 4 35 43 45 25 13 5 12 33 35 19 14 0 69 
#12 4 33 47 33 25 13 6 12 41 32 2 60 0 10 
#11 46 16 47 33 11 10 17 62 7 29 2 17 5 37 
#11 46 16 68 22 11 43 23 62 38 39 9 9 25 37 
#2 16 13 43 19 51 10 17 8 33 16 19 44 25 20 
#8 4 31 43 44 3 7 17 14 50 54 6 16 55 4 
#39 13 5 43 45 51 7 15 14 28 54 6 11 4 69 
#12 13 33 68 12 3 28 15 2 35 32 10 11 16 18 
#12 4 33 6 19 25 10 17 19 19 22 27 13 16 18 
#25 9 11 38 19 7 60 17 19 13 16 27 13 14 69 
#46 9 25 20 67 20 10 34 21 35 54 2 17 5 20 
#46 13 25 8 22 20 42 15 2 35 54 12 14 5 22 
#12 13 58 8 22 12 10 15 19 64 27 12 15 16 4 
#11 38 10 43 44 51 8 34 24 50 48 34 4 55 4 
#11 49 10 43 44 51 10 5 24 50 48 6 4 9 4 
#79 46 9 6 7 7 12 13 12 3 17 15 17 46 35 
#79 38 27 68 7 7 12 13 19 1 17 73 9 25 18 
#79 4 11 6 5 25 36 26 12 1 22 27 13 25 69 
#25 49 11 6 20 3 68 13 12 1 6 12 13 28 69 
#25 49 31 1 25 51 12 23 29 64 6 6 17 44 22 
#11 29 31 38 45 12 26 26 2 33 48 9 4 0 18 
#11 29 13 38 22 3 68 4 13 1 48 26 4 14 22 
#79 38 61 51 5 3 28 4 13 1 6 10 14 14 25 
#79 1 7 51 5 12 28 35 19 15 6 6 30 14 25 
#79 1 11 8 5 11 68 17 62 44 22 27 30 2 69 
#34 29 6 43 5 27 13 7 2 15 13 6 6 51 0 
#34 5 13 38 5 3 3 14 18 15 48 6 26 55 37 
#25 5 13 47 25 25 3 14 15 7 33 12 6 2 37 
#11 31 13 47 33 11 36 32 62 41 33 12 2 48 10 
#8 31 11 1 25 11 45 26 24 44 22 14 2 48 37 
#34 56 35 43 44 3 13 5 4 50 35 19 4 0 4 
#39 4 5 38 45 25 7 15 12 28 32 19 15 0 4 
#1 13 11 47 33 34 10 15 2 35 29 2 60 5 69 
#11 38 16 68 19 3 43 26 11 7 6 73 30 46 18 
#2 38 13 6 19 12 60 16 19 38 22 9 13 14 20 
#25 9 14 38 19 7 36 17 8 13 16 19 4 55 4 
#16 9 31 20 67 28 10 17 21 50 29 19 4 13 20 
#46 3 5 43 5 20 7 39 2 28 54 6 16 9 22 
#1 13 58 8 12 20 42 15 19 35 27 10 14 4 69 
#12 38 33 68 40 3 10 26 11 19 32 34 15 16 18 
#11 4 11 6 19 51 60 5 19 19 22 6 4 14 4 
#11 9 14 43 19 7 10 39 24 35 16 6 4 9 6 
#79 46 9 20 67 27 43 34 21 50 29 15 17 13 35 
#46 9 25 60 7 7 12 39 2 35 54 73 17 46 6 
#79 13 9 68 5 20 36 26 19 1 27 9 9 25 4 
#12 38 11 6 40 25 60 13 12 1 32 27 13 16 18 
#25 49 10 43 25 3 68 26 24 50 48 12 4 55 4 
#11 49 31 1 45 51 12 39 24 35 17 6 18 9 22 
#79 38 9 43 45 12 43 26 12 1 35 15 17 0 18 
#11 29 27 28 7 27 12 17 2 38 48 73 4 46 6 
#79 1 13 8 5 12 36 26 19 1 10 9 14 25 18 
#79 4 11 6 5 25 28 13 13 1 6 27 30 28 25 
#25 49 7 8 25 3 68 26 24 19 16 12 30 14 35 
#25 49 11 1 25 51 12 23 62 44 22 6 17 2 22 
#50 38 6 43 9 12 26 17 2 33 35 2 60 0 0 
#11 29 32 68 5 3 13 7 18 15 48 6 6 14 52 
#79 1 13 8 22 3 68 4 13 7 48 6 14 14 37 
#79 31 61 51 5 12 36 32 15 1 6 12 6 2 25 
#11 1 13 8 22 11 45 14 19 19 16 12 2 48 6 
#8 1 11 38 25 25 3 26 24 44 22 27 6 44 69 
52 54 23 49 53 39 
55 30 10 33 18 38 
15 14 13 46 3 5 
17 57 43 24 16 56 
9 19 48 42 6 28 
2 59 32 22 44 0 
#Base: 934
#Max: 505
#540685
#Turn 4
#25 49 7 43 25 3 68 26 24 33 35 12 30 0 35 
#50 38 6 51 9 12 28 35 19 15 6 6 60 0 25 
#79 29 7 51 7 27 28 35 2 38 6 6 30 14 6 
#25 29 27 1 7 27 12 23 2 38 48 73 17 46 22 
#25 49 11 1 25 3 10 26 62 19 22 34 15 2 18 
#34 56 35 68 5 3 13 7 18 15 35 19 4 0 4 
#34 56 25 43 44 3 10 34 4 50 54 19 17 5 20 
#46 9 25 20 19 3 10 26 21 7 54 73 30 46 18 
#11 49 16 68 20 3 68 26 12 7 6 73 30 46 18 
#25 13 11 6 20 3 42 13 12 35 6 12 14 4 69 
#11 49 10 43 44 7 12 13 24 50 48 6 4 46 35 
#11 49 10 43 44 51 8 5 24 50 48 34 4 9 4 
#11 38 10 43 25 51 68 26 24 50 48 34 4 55 4 
#25 46 16 43 25 11 68 23 62 50 48 12 4 55 4 
#8 4 16 68 22 3 43 17 14 50 54 9 16 25 37 
#79 31 61 51 5 25 36 26 15 1 22 12 13 2 25 
#79 9 25 51 7 7 12 32 15 35 6 12 17 46 25 
#79 9 11 8 7 7 12 17 2 44 54 73 17 2 69 
#79 38 11 8 5 11 12 13 62 44 22 73 9 2 69 
#79 1 27 68 7 3 12 4 19 7 48 6 14 14 37 
#25 49 31 38 19 7 12 23 29 64 6 6 13 44 22 
#79 49 9 1 25 51 43 26 29 1 35 15 17 44 22 
#79 38 9 20 45 12 43 34 21 1 29 15 17 13 35 
#79 46 5 20 45 27 43 34 21 50 54 15 17 13 35 
#39 13 13 47 33 11 7 32 62 28 54 6 11 48 10 
#8 46 16 47 33 11 3 17 62 44 22 27 17 44 69 
#8 13 11 38 33 25 10 15 2 44 22 2 60 5 69 
#1 38 11 51 5 3 10 4 2 35 6 10 14 14 25 
#79 38 61 68 5 3 36 4 19 1 6 9 14 25 4 
#79 13 9 68 5 25 36 26 19 1 27 9 14 25 69 
#25 49 7 8 25 3 68 26 24 19 16 12 30 14 52 
#50 38 6 43 44 12 26 5 4 50 35 2 60 0 0 
#79 1 7 20 5 12 28 34 19 15 6 2 30 14 25 
#11 38 16 68 7 27 43 26 2 38 48 73 4 46 18 
#25 49 11 6 25 51 68 13 12 1 22 6 13 28 22 
#12 13 33 8 40 20 10 26 19 19 27 10 15 4 18 
#79 29 9 6 5 7 12 13 18 3 48 6 6 14 52 
#34 56 10 43 44 51 13 5 4 50 48 6 4 9 4 
#46 38 10 43 67 20 10 34 24 50 48 2 17 5 4 
#11 49 16 68 19 3 68 26 11 7 6 73 4 46 4 
#11 46 16 68 20 11 68 13 12 38 6 9 9 25 69 
#8 13 58 8 44 20 42 17 19 50 54 10 14 4 4 
#79 4 11 6 7 7 36 13 12 3 22 27 13 25 35 
#79 49 10 51 5 51 36 5 24 1 48 6 4 9 25 
#11 9 10 60 44 7 8 39 24 50 54 73 4 55 4 
#79 1 10 43 25 3 68 26 24 50 48 27 4 55 4 
#11 38 27 68 7 7 12 13 19 38 17 73 9 25 18 
#8 1 13 8 44 3 7 4 14 50 54 6 16 14 37 
#79 9 11 38 5 25 60 17 12 13 22 27 13 25 69 
#25 31 31 51 25 51 36 32 29 1 6 6 17 2 25 
#46 38 25 60 7 7 43 39 2 35 35 15 17 0 18 
#79 1 9 20 5 27 68 34 62 50 22 27 17 13 69 
#79 13 5 68 45 7 7 13 14 1 17 73 11 25 18 
#79 1 13 8 22 3 68 4 62 41 48 6 2 48 10 
#11 46 16 47 33 7 60 17 19 13 29 2 17 5 37 
#25 1 31 1 25 25 3 26 24 44 22 27 6 44 22 
#79 13 9 43 33 12 43 26 12 35 35 2 17 5 18 
#79 46 9 51 67 3 43 4 13 50 29 10 17 13 25 
#79 13 9 68 45 51 7 15 19 28 54 6 9 4 69 
#11 31 13 43 33 11 13 32 12 41 35 19 2 48 69 
3 46 6 48 38 31 
37 0 28 17 21 7 
19 43 57 13 23 15 
39 8 45 51 18 12 
59 40 33 58 53 52 
11 22 25 44 29 24 
#Base: 934
#Max: 504
#539615
#Turn 5
#11 38 27 1 7 27 12 13 2 38 17 73 9 46 22 
#34 38 25 43 7 7 10 34 19 50 54 19 17 5 18 
#34 56 25 38 44 25 60 34 4 13 22 19 17 25 20 
#79 38 11 43 67 25 10 17 24 13 48 2 17 5 69 
#46 38 6 43 44 20 26 34 4 50 35 2 17 0 4 
#25 56 10 43 25 51 13 26 4 33 48 6 30 0 4 
#79 49 7 68 5 3 36 26 19 1 35 9 14 0 4 
#79 38 11 8 7 7 36 4 2 44 6 73 14 2 4 
#79 49 11 1 25 51 43 26 2 1 35 15 17 2 22 
#46 49 9 20 19 3 43 26 21 1 54 15 17 44 22 
#79 1 27 68 5 51 36 5 24 7 48 6 4 14 25 
#79 46 10 51 5 3 43 4 24 50 29 6 17 13 25 
#25 46 9 51 25 3 68 23 13 50 48 12 4 55 25 
#79 46 5 20 25 11 43 23 21 50 48 15 17 13 35 
#79 31 5 20 45 27 36 34 21 50 54 15 17 2 25 
#11 49 16 68 20 3 68 26 12 7 6 73 30 46 18 
#11 1 16 68 20 3 68 26 12 50 48 73 4 55 18 
#79 1 9 43 25 27 68 34 24 50 48 27 17 55 69 
#79 38 9 20 5 27 12 13 62 50 22 73 9 13 69 
#11 38 10 8 5 11 68 13 62 44 48 34 4 55 4 
#11 31 13 43 20 11 68 32 12 38 35 19 2 48 69 
#11 46 16 68 7 27 68 13 12 38 48 73 9 25 18 
#79 13 9 68 7 51 7 26 19 38 54 6 4 4 18 
#79 1 13 68 45 51 7 15 19 28 48 6 9 4 69 
#79 1 13 68 45 7 7 4 14 41 48 73 11 48 18 
#79 38 9 20 45 51 43 5 24 1 48 34 4 9 4 
#8 38 9 20 45 12 43 34 62 44 22 27 17 13 69 
#8 46 16 47 44 7 8 39 62 50 22 73 4 55 4 
#79 13 9 60 5 7 36 39 19 50 27 9 4 25 69 
#79 13 9 47 33 11 7 32 19 1 54 9 11 48 69 
#25 56 27 1 44 51 12 23 2 38 48 6 17 46 4 
#11 49 27 68 25 3 12 26 19 33 17 73 30 25 18 
#34 38 61 68 44 3 36 34 19 50 6 19 14 25 4 
#79 9 11 8 5 7 60 17 12 44 22 27 13 25 69 
#79 38 10 1 67 20 10 26 24 1 35 15 17 5 22 
#46 38 6 20 44 12 10 26 21 50 54 73 60 0 0 
#34 56 10 68 7 3 13 5 4 50 48 6 4 14 4 
#79 49 10 43 5 51 68 5 24 1 35 6 30 9 25 
#79 38 9 68 67 3 43 4 13 1 6 10 14 25 25 
#79 9 11 8 25 11 68 23 2 50 54 73 17 55 69 
#79 46 5 20 25 51 43 26 29 1 35 15 17 13 22 
#79 31 25 51 19 3 10 26 21 7 22 73 30 46 25 
#79 49 27 68 19 3 68 26 19 7 48 73 4 14 4 
#11 49 10 68 20 3 36 5 12 7 6 6 30 9 18 
#79 1 10 43 25 3 68 26 13 50 48 27 4 55 25 
#25 1 9 20 25 11 68 23 62 50 48 12 4 55 4 
#79 38 11 20 45 11 43 13 62 44 22 15 9 2 35 
#11 38 61 43 5 51 68 26 15 1 48 34 4 2 25 
#11 49 16 68 19 3 13 26 12 41 6 73 2 48 69 
#11 46 16 68 20 11 68 26 12 38 6 9 30 25 18 
#79 38 10 68 25 3 68 26 2 50 48 27 4 46 4 
#79 1 9 20 45 51 7 34 19 28 54 6 17 4 69 
#79 1 11 8 22 11 68 4 62 44 22 6 2 48 69 
#11 13 10 43 45 51 68 26 24 1 48 73 11 55 4 
#11 49 10 43 33 11 8 32 24 41 48 34 2 48 4 
#11 38 16 68 45 11 68 13 21 1 6 9 9 25 35 
#11 38 16 68 33 27 3 17 2 44 48 73 17 46 18 
#11 9 10 60 45 7 8 15 19 50 54 73 9 4 4 
#79 13 13 8 5 3 68 4 19 41 27 6 14 25 10 
#79 13 5 47 45 11 7 13 14 28 17 6 11 48 10 
33 10 14 41 12 13 
22 20 37 52 51 32 
26 29 16 50 24 56 
21 23 18 39 42 44 
47 15 3 17 53 28 
19 46 35 27 48 38 
#Base: 934
#Max: 576
#616702
#Turn 6
#79 1 11 68 5 51 60 17 24 44 48 6 13 14 25 
#79 31 5 68 5 51 36 34 21 50 48 15 17 2 25 
#79 31 25 20 45 3 10 34 21 50 22 73 17 2 25 
#79 46 9 51 25 3 10 23 21 7 48 73 30 46 25 
#79 46 9 51 25 11 43 23 13 50 48 12 17 13 35 
#79 13 13 68 20 51 68 32 12 38 54 6 4 48 18 
#11 49 13 43 5 11 68 5 12 38 35 6 2 48 25 
#79 1 10 8 5 51 68 5 24 1 22 6 2 48 69 
#79 1 9 8 45 11 68 4 62 28 22 6 17 48 69 
#79 38 9 20 45 3 36 34 19 28 54 6 17 4 69 
#8 38 9 20 45 11 7 34 19 1 54 27 11 48 69 
#11 1 9 47 33 3 7 26 19 50 48 73 4 55 69 
#79 1 10 68 20 3 68 26 2 50 48 73 4 55 18 
#79 38 13 68 25 7 7 26 2 41 48 27 4 46 18 
#11 38 16 68 45 7 3 17 14 41 48 73 11 46 18 
#79 1 13 68 7 27 68 15 12 28 48 6 9 25 69 
#79 38 13 20 5 27 12 13 62 50 22 73 9 4 69 
#79 38 9 20 5 27 12 23 2 50 54 73 9 13 69 
#79 49 27 8 25 11 68 26 2 7 48 73 4 55 4 
#79 49 27 43 25 3 68 26 13 50 48 27 4 55 25 
#11 38 61 68 5 3 68 26 12 7 48 73 30 2 18 
#11 38 11 68 67 3 10 26 24 13 6 73 30 5 69 
#79 1 9 43 67 27 68 34 24 50 48 27 17 5 69 
#11 1 9 43 45 51 68 26 24 1 48 73 11 55 4 
#11 13 9 43 5 51 36 26 24 1 27 73 11 25 69 
#79 38 10 20 45 11 68 13 62 44 22 34 4 2 35 
#79 38 11 20 45 12 43 26 62 50 54 73 9 2 35 
#46 46 6 20 44 7 10 39 62 50 54 73 60 55 4 
#8 46 16 47 19 7 13 26 62 41 6 73 2 55 69 
#79 38 9 68 19 3 43 4 13 41 6 73 2 48 25 
#79 9 11 68 7 7 60 26 19 38 22 27 13 25 18 
#79 31 13 68 20 51 68 32 12 7 35 19 4 14 69 
#79 49 5 43 45 51 36 34 24 1 35 6 17 9 25 
#79 1 25 8 22 11 10 26 62 7 22 73 30 46 25 
#79 46 9 51 45 3 68 34 13 28 48 6 17 55 25 
#34 46 5 20 44 3 43 34 21 50 6 15 17 25 4 
#8 13 9 20 7 51 43 26 19 44 22 6 4 13 18 
#79 13 13 47 20 11 68 32 19 38 54 19 11 48 69 
#11 49 16 43 5 51 68 5 24 50 48 6 4 9 18 
#79 1 11 68 22 11 68 26 62 50 22 6 2 48 69 
#79 1 13 20 45 51 7 4 19 41 54 6 11 48 18 
#34 38 16 68 44 3 3 34 19 44 48 73 14 25 4 
#11 38 16 68 45 12 68 13 12 38 22 27 17 13 18 
#79 13 13 47 33 11 7 15 19 1 54 6 9 4 69 
#11 1 9 68 20 3 12 26 62 50 48 73 4 13 18 
#79 9 10 8 25 3 68 23 2 50 54 73 4 46 4 
#79 49 13 68 19 3 7 4 14 41 48 73 11 14 4 
#11 38 16 68 33 27 3 17 13 44 48 27 4 55 25 
#11 38 16 68 5 27 68 13 15 1 48 73 9 25 25 
#79 1 13 68 45 3 7 26 12 7 6 6 9 46 69 
#79 38 11 43 67 27 10 13 24 50 48 2 17 5 69 
#79 9 11 43 25 11 68 23 2 50 54 27 17 55 69 
#79 49 10 68 45 51 68 26 24 7 48 73 11 55 4 
#79 13 10 43 25 7 68 26 13 50 27 9 4 25 69 
#11 38 61 43 5 51 68 26 62 1 48 34 4 2 4 
#11 49 11 20 45 11 68 13 62 44 22 73 30 2 35 
#79 38 6 43 67 12 10 26 24 50 48 73 60 5 0 
#79 46 16 43 25 27 68 39 62 50 22 27 17 55 69 
#11 49 16 68 45 3 13 26 24 41 6 73 11 48 4 
#79 38 9 68 5 7 36 39 19 1 6 9 4 25 69 
41 46 45 17 29 21 
54 0 3 56 28 1 
23 15 12 39 26 55 
34 51 27 57 22 31 
53 8 5 52 37 50 
11 25 18 19 16 20 
#Base: 934
#Max: 645
#690578
#Turn 7
#34 38 16 68 44 3 7 4 19 41 48 73 14 25 4 
#79 9 13 68 25 3 68 4 2 50 54 73 11 46 4 
#79 9 9 20 5 27 68 23 2 50 54 73 9 13 69 
#79 38 9 68 5 3 12 23 13 41 54 73 2 48 25 
#79 38 11 68 67 3 43 26 24 13 6 73 30 48 25 
#79 38 11 43 5 51 68 17 24 1 48 34 13 2 4 
#79 1 9 51 5 51 60 17 21 44 48 6 13 14 25 
#79 38 9 51 25 12 10 23 24 7 48 73 30 5 0 
#79 46 16 43 67 12 10 26 62 41 6 73 60 55 69 
#8 31 5 47 5 51 13 34 62 41 48 73 2 2 69 
#79 1 13 68 7 27 68 26 24 28 48 73 9 25 4 
#79 1 10 68 20 27 68 15 2 28 48 6 4 25 18 
#79 1 11 68 20 3 68 26 2 50 48 73 4 55 69 
#79 38 11 68 22 12 68 26 62 50 54 73 9 2 69 
#79 38 11 20 45 12 43 13 62 50 22 73 30 2 35 
#79 46 9 43 45 11 68 34 2 28 54 6 17 55 69 
#79 46 6 43 25 11 10 23 62 50 54 27 60 55 4 
#46 46 16 43 25 7 68 39 62 50 22 27 17 55 69 
#79 1 16 43 25 27 68 39 62 50 22 27 17 5 69 
#79 31 13 43 67 51 68 32 24 50 48 19 17 14 69 
#79 1 10 8 25 7 68 4 13 28 27 6 4 25 69 
#79 13 9 68 20 11 68 32 12 28 22 6 4 48 18 
#79 49 13 68 45 51 68 32 12 7 48 73 4 55 18 
#79 49 10 47 20 51 68 32 19 38 48 19 11 48 4 
#79 38 13 47 67 27 10 32 19 38 48 2 11 48 69 
#11 38 10 20 45 11 68 26 62 50 22 34 4 2 35 
#79 38 10 8 45 11 68 13 62 7 22 73 4 55 35 
#79 49 27 43 25 3 68 26 2 50 48 73 4 55 25 
#79 38 13 20 25 3 12 26 13 50 22 73 4 55 25 
#11 38 13 20 5 3 12 13 12 50 22 73 30 2 69 
#11 38 61 68 5 3 68 34 62 44 48 73 4 25 4 
#79 1 11 68 5 51 60 17 14 44 48 6 13 14 4 
#79 46 10 51 25 3 10 23 2 7 48 73 30 46 4 
#79 38 9 43 67 27 10 23 24 50 48 73 9 13 69 
#79 38 16 68 19 7 13 4 62 41 6 73 2 55 25 
#79 38 5 68 67 3 36 34 21 13 6 73 30 5 25 
#11 38 61 43 45 51 68 26 62 1 48 34 11 2 4 
#79 1 13 68 5 51 60 17 12 44 48 6 9 25 69 
#79 46 9 51 25 3 68 23 2 7 48 73 30 55 25 
#79 1 6 68 67 12 10 26 62 50 22 73 2 5 0 
#79 46 11 20 19 12 43 26 62 41 6 73 2 2 35 
#79 31 11 68 45 51 36 34 21 50 48 15 30 2 25 
#79 46 9 51 45 3 68 26 13 1 48 73 17 55 4 
#79 1 13 68 7 27 68 23 12 50 48 27 17 25 69 
#79 1 6 68 44 7 68 26 62 50 48 73 4 55 18 
#79 1 11 68 25 11 68 39 62 50 22 27 2 48 69 
#79 38 11 20 45 12 68 26 24 50 48 27 17 2 69 
#11 31 11 20 45 51 68 32 12 7 35 73 4 14 35 
#79 46 9 51 25 7 68 34 13 28 27 9 4 25 69 
#79 1 9 8 45 11 68 23 2 50 22 6 17 55 69 
#79 46 6 20 20 51 68 32 12 50 54 6 4 48 4 
#79 46 10 43 25 27 68 39 24 7 22 27 17 55 69 
#79 13 9 43 67 27 68 32 19 38 48 19 17 5 69 
#79 31 11 43 20 27 10 32 24 50 35 2 17 5 69 
#11 13 9 43 33 3 68 26 13 50 48 9 4 55 69 
#79 1 10 20 45 11 68 13 62 44 22 34 4 48 69 
#79 13 13 8 25 51 68 26 12 7 54 6 4 48 18 
#79 49 10 68 25 3 68 26 13 7 48 27 11 55 4 
#79 38 13 47 20 11 12 32 62 38 22 19 9 48 69 
#79 38 11 68 5 3 68 26 24 7 48 2 30 5 69 
39 10 46 42 26 58 
35 34 23 45 24 1 
2 41 33 19 12 43 
16 17 44 8 22 30 
37 38 4 13 27 51 
36 55 18 15 52 14 
#Base: 934
#Max: 665
#711991
#Turn 8
#79 1 13 68 7 12 10 26 62 28 22 73 9 25 4 
#79 38 11 68 45 27 68 26 24 28 48 27 9 25 4 
#79 38 9 20 45 3 68 26 24 1 48 73 17 55 69 
#79 46 10 51 45 3 68 13 62 1 48 73 17 55 35 
#79 38 13 47 45 11 68 13 62 38 22 73 4 55 69 
#79 38 16 68 19 7 13 4 62 13 6 73 2 5 25 
#79 49 16 47 19 51 13 32 62 41 48 73 2 55 4 
#79 49 11 47 25 11 68 32 62 50 48 27 11 48 69 
#79 1 13 68 25 11 68 32 62 50 48 27 11 48 69 
#79 9 13 68 67 27 10 32 2 50 54 2 11 48 69 
#79 9 9 68 5 27 36 34 21 50 54 15 30 13 69 
#79 31 9 68 67 27 36 23 21 50 48 15 30 2 69 
#79 31 9 43 67 51 68 23 24 50 48 73 17 14 69 
#79 31 11 43 67 51 68 26 24 50 48 73 17 14 69 
#79 1 13 68 20 3 68 23 2 50 48 73 17 55 69 
#79 46 16 43 25 7 68 39 62 50 22 27 17 55 4 
#79 1 16 43 44 7 68 26 62 50 48 73 17 55 18 
#79 46 16 43 67 12 68 26 62 50 6 73 60 55 18 
#79 49 13 43 67 51 68 26 12 41 48 73 60 55 69 
#11 38 61 68 45 3 68 32 62 7 48 73 4 55 18 
#79 46 13 51 25 3 60 23 2 44 48 73 9 25 69 
#79 38 9 51 25 3 68 23 2 7 48 73 30 55 25 
#79 38 11 68 67 3 68 26 24 13 54 73 30 2 25 
#79 49 11 68 22 12 68 26 2 50 48 73 9 55 69 
#79 46 27 43 25 3 68 26 24 50 48 27 17 55 69 
#11 1 61 43 45 11 68 13 62 44 48 34 4 2 69 
#79 1 16 43 25 11 68 39 62 44 22 27 17 48 69 
#79 1 9 43 45 27 68 39 62 50 54 27 17 55 69 
#79 46 9 43 67 11 68 32 2 38 54 6 17 55 69 
#79 13 9 20 45 27 68 13 62 38 48 19 30 2 69 
#79 38 6 68 67 12 36 26 62 50 6 73 2 5 0 
#79 1 13 68 7 27 68 26 24 28 48 73 2 55 25 
#79 49 10 47 20 51 68 26 24 38 48 27 11 2 69 
#79 46 11 51 25 3 68 39 13 50 48 73 2 55 4 
#79 38 13 8 67 11 10 32 19 38 22 2 4 55 35 
#79 38 13 47 20 3 12 4 2 38 22 19 9 46 4 
#79 9 5 68 67 27 36 23 21 13 6 73 9 13 25 
#79 38 11 68 45 51 13 34 62 41 6 73 2 2 25 
#79 49 10 43 20 51 10 32 19 38 48 73 11 48 69 
#79 1 11 43 67 11 68 39 24 50 22 19 17 14 69 
#79 1 13 47 67 3 10 26 19 38 48 2 11 48 69 
#79 9 13 68 7 27 68 23 2 50 48 27 11 25 69 
#79 9 9 20 25 11 68 23 62 50 54 27 60 13 4 
#46 31 16 68 25 7 36 34 62 50 48 15 17 55 25 
#79 1 9 68 67 27 68 26 24 50 48 73 4 13 18 
#79 46 13 43 67 12 10 26 24 50 6 19 60 55 69 
#79 1 11 68 45 3 68 32 12 7 48 73 4 55 18 
#79 38 13 68 5 27 68 23 12 44 48 27 4 25 69 
#79 1 6 43 25 11 60 23 62 50 48 6 9 55 4 
#46 46 9 43 25 7 68 39 62 7 22 73 30 55 69 
#79 38 11 68 44 7 43 26 62 13 48 73 30 48 18 
#79 38 16 68 67 12 68 26 62 50 6 73 60 2 69 
#79 49 13 68 25 3 68 26 2 50 48 73 4 55 25 
#11 38 61 68 25 27 68 39 62 7 48 27 17 55 4 
#79 38 13 43 5 51 68 26 62 1 48 34 9 2 4 
#79 1 9 51 25 11 68 23 2 7 48 34 4 48 25 
#79 1 11 68 25 27 43 26 24 50 22 27 17 5 25 
#79 46 11 68 45 12 68 34 2 28 54 6 9 2 69 
#79 13 9 43 67 3 68 26 2 50 48 19 17 55 69 
#79 46 11 20 25 12 68 13 62 7 22 73 17 55 35 
59 37 11 6 2 15 
53 58 22 23 14 20 
32 52 7 12 27 45 
3 4 13 18 17 16 
33 19 24 51 8 38 
47 44 28 50 49 26 
#Base: 934
#Max: 754
#807281
#Turn 9
#79 38 11 68 45 12 68 13 62 7 6 73 2 2 35 
#79 38 9 68 67 51 36 34 62 50 48 15 30 2 69 
#79 49 9 68 67 51 13 23 21 41 48 73 30 55 4 
#79 38 9 47 45 3 13 32 62 1 48 73 17 55 4 
#79 38 16 43 25 7 68 26 24 1 22 73 17 55 4 
#79 38 61 68 25 27 68 39 2 7 48 27 17 55 69 
#79 13 11 43 67 3 68 26 2 13 54 19 30 2 25 
#79 38 11 68 67 3 68 26 2 50 54 73 30 55 69 
#79 49 13 68 22 3 68 23 2 50 48 73 17 55 69 
#79 46 13 68 20 3 60 23 2 44 48 73 9 25 69 
#79 49 10 47 20 3 68 26 24 38 48 27 4 2 25 
#79 49 13 68 25 11 68 26 2 50 48 27 11 55 25 
#79 49 9 43 25 51 68 23 62 50 48 27 17 48 69 
#79 1 9 43 45 51 68 23 24 50 54 27 17 14 69 
#79 1 13 43 67 27 10 26 24 50 54 19 17 55 69 
#79 46 13 51 45 11 68 13 62 38 22 73 4 55 69 
#79 38 13 43 67 11 68 26 62 50 22 73 17 14 69 
#79 31 11 43 67 51 68 26 24 50 48 73 60 55 69 
#79 46 13 43 67 12 68 26 62 41 6 73 60 55 18 
#79 1 16 43 67 7 68 26 62 50 6 73 17 55 18 
#79 46 61 51 45 3 68 32 13 7 48 73 4 55 18 
#79 46 27 68 45 3 68 26 62 50 48 27 17 55 69 
#79 46 27 43 67 12 68 26 62 50 6 73 60 2 69 
#79 1 13 68 25 12 68 32 62 50 6 73 60 2 69 
#79 1 10 43 25 51 10 32 19 50 48 73 11 48 69 
#79 1 13 68 67 27 68 26 24 50 48 27 4 13 69 
#79 1 9 43 67 11 68 32 24 38 48 6 4 13 18 
#79 46 9 43 44 11 68 32 62 38 54 6 17 48 18 
#46 46 9 43 44 7 43 39 62 7 22 73 30 48 18 
#46 46 16 43 25 7 68 39 62 44 22 73 17 55 69 
#79 38 11 20 25 27 68 13 62 7 48 27 17 55 35 
#79 38 9 68 45 3 68 26 2 50 48 73 2 55 25 
#79 31 11 68 67 27 36 26 24 50 54 15 30 2 25 
#79 49 11 47 19 51 13 32 2 50 48 73 9 55 69 
#79 38 9 68 45 3 68 23 24 50 48 73 17 55 69 
#79 46 16 51 25 3 68 23 62 50 48 73 9 25 4 
#79 38 61 47 25 51 68 39 24 7 48 27 11 55 69 
#79 49 9 43 25 3 68 26 2 50 48 19 17 55 69 
#79 38 11 68 67 3 68 26 24 50 54 73 30 2 69 
#79 49 9 68 22 12 68 23 24 50 48 73 9 14 69 
#79 1 13 68 45 27 68 23 2 50 54 73 17 55 69 
#79 46 13 51 25 3 60 26 24 50 48 19 9 25 69 
#79 49 10 47 20 51 68 26 62 38 48 73 11 55 69 
#79 38 13 47 25 11 68 26 2 38 22 73 4 55 25 
#79 31 11 43 25 11 68 26 62 50 48 27 17 14 69 
#79 31 13 43 67 51 68 26 24 41 48 73 60 14 69 
#79 46 16 43 67 27 68 39 62 50 54 27 17 55 18 
#79 46 13 43 67 12 10 26 24 50 6 73 17 55 18 
#79 46 10 51 25 3 68 13 62 50 48 73 17 55 4 
#11 38 13 68 45 11 68 13 62 38 22 73 4 55 69 
#79 46 27 43 25 3 68 26 24 50 48 73 17 14 69 
#79 49 16 68 67 51 68 26 62 41 48 73 60 55 69 
#79 46 16 68 25 11 68 32 62 50 6 27 11 48 18 
#79 49 16 43 44 51 68 32 62 50 48 73 17 55 18 
#79 46 11 68 5 3 68 39 13 44 48 73 2 25 69 
#79 38 61 68 45 3 68 32 24 7 48 73 4 55 18 
#79 46 9 43 25 11 68 26 24 50 54 6 17 55 69 
#79 38 16 68 44 7 68 26 62 13 48 73 30 2 18 
#79 1 9 68 25 7 68 32 62 7 22 27 11 48 69 
#79 1 16 43 25 51 10 32 62 44 22 73 11 48 69 
54 59 33 40 39 49 
56 57 5 7 2 48 
20 8 22 42 21 55 
36 46 45 51 53 34 
44 29 1 17 12 38 
27 50 15 18 16 23 
#Base: 934
#Max: 832
#890792
#79 1 16 68 5 51 10 39 62 44 22 73 11 48 69 
#79 49 11 43 25 51 13 32 2 50 22 73 11 48 69 
#79 1 11 68 45 51 13 32 2 50 54 73 17 55 69 
#79 1 13 68 22 12 68 23 24 50 54 73 9 55 69 
#11 38 13 68 45 11 68 13 24 38 22 73 9 14 69 
#79 38 9 43 44 7 68 26 62 50 48 73 17 55 18 
#79 38 61 68 25 27 68 26 2 13 48 27 30 2 69 
#79 38 11 68 67 27 68 26 2 7 54 73 17 55 69 
#79 38 9 68 67 3 68 23 21 41 54 73 30 55 4 
#79 49 9 68 25 51 13 13 62 41 48 73 30 55 4 
#79 46 61 51 45 3 68 32 13 50 48 73 4 55 18 
#79 46 13 68 67 3 68 23 62 50 6 73 60 2 69 
#79 49 10 43 67 51 68 26 62 50 48 73 60 55 69 
#79 49 27 47 45 3 68 26 62 38 48 73 17 55 69 
#79 46 27 68 45 3 68 32 24 7 48 73 4 55 18 
#79 46 61 43 25 51 68 39 24 7 48 27 11 55 69 
#79 31 16 43 67 51 68 39 24 41 54 73 17 14 18 
#79 31 16 68 67 51 68 26 62 41 48 73 60 14 69 
#79 49 16 43 44 51 68 26 62 50 48 73 60 55 69 
#79 49 16 43 44 51 68 23 24 50 48 73 17 55 18 
#46 46 16 43 25 11 68 26 62 44 48 73 17 55 69 
#79 38 9 43 67 51 68 39 62 44 22 73 17 2 69 
#79 38 11 43 67 51 36 34 24 50 48 73 60 55 69 
#79 49 11 43 25 51 68 26 24 50 48 27 60 55 69 
#79 49 11 68 25 3 68 26 24 50 48 73 17 2 69 
#79 46 27 43 25 11 68 32 62 50 54 6 17 48 69 
#79 46 13 43 25 11 68 26 62 38 48 73 17 14 69 
#79 46 13 51 67 12 68 13 62 38 22 73 60 55 18 
#79 38 13 43 67 11 68 26 62 41 22 73 17 55 69 
#79 1 13 43 25 12 68 32 62 50 22 73 17 2 69 
#79 46 9 68 5 11 68 39 13 50 54 6 2 55 69 
#79 38 16 68 44 51 10 32 62 44 48 73 11 48 18 
#79 49 11 68 19 27 68 32 2 7 48 27 9 55 69 
#79 38 13 68 45 3 68 23 2 50 54 73 17 55 69 
#79 49 9 68 67 51 68 23 24 41 48 73 30 14 4 
#79 38 10 51 45 11 68 13 62 50 48 73 4 55 4 
#79 46 61 51 45 11 68 32 24 7 54 6 4 55 69 
#79 49 13 68 22 7 68 26 2 13 48 73 17 2 69 
#79 46 61 43 67 12 68 39 2 7 6 27 17 2 69 
#79 49 11 68 67 51 68 26 62 38 54 73 30 55 69 
#79 46 27 68 67 3 13 23 21 50 48 73 17 55 4 
#79 46 10 68 45 3 68 32 24 7 48 73 17 55 18 
#79 38 61 47 45 3 68 32 13 7 48 27 11 55 18 
#79 49 13 68 67 27 68 39 2 50 54 27 17 55 18 
#79 31 13 43 67 51 68 26 62 50 6 73 60 14 69 
#79 49 10 68 67 51 68 26 62 41 48 73 11 55 69 
#79 49 27 43 44 51 68 32 62 50 48 27 17 55 69 
#79 38 61 68 45 3 68 32 24 50 48 73 4 55 18 
#79 38 11 47 25 11 68 26 62 7 48 27 17 55 69 
#46 46 16 43 67 7 68 39 62 44 54 73 17 55 18 
#79 31 9 43 67 51 36 26 62 50 48 73 60 14 69 
#79 49 16 43 67 51 68 26 24 50 48 73 60 55 69 
#79 49 9 43 25 51 68 32 62 50 48 73 17 48 18 
#79 38 9 68 67 3 68 23 24 50 48 73 17 55 69 
#79 31 9 43 25 11 68 26 62 50 54 6 17 48 69 
#79 46 16 43 25 7 68 26 24 50 22 73 17 55 69 
#79 46 13 68 45 11 68 13 62 50 22 73 30 55 69 
#79 31 13 43 67 51 68 26 24 50 48 73 60 55 18 
#79 38 9 43 25 51 68 23 62 50 48 73 17 48 69 
#79 1 13 68 25 12 68 32 62 50 6 73 60 2 69 
#Base: 934
#Max: 810
#867238
