#[0] 3, 3
#[1] 4, 3
#[2] 3, 4
#[3] 3, 2
#[4] 2, 3
#[5] 2, 4
#[6] 1, 3
#[7] 2, 2
#[8] 3, 1
#[9] 4, 4
#[10] 5, 3
#[11] 3, 5
#[12] 4, 2
#[13] 3, 0
#[14] 5, 4
#[15] 4, 5
#[16] 5, 2
#[17] 4, 1
#[18] 0, 3
#[19] 1, 4
#[20] 2, 1
#[21] 1, 2
#[22] 2, 5
#[23] 0, 4
#[24] 5, 1
#[25] 0, 2
#[26] 5, 5
#[27] 1, 5
#[28] 2, 0
#[29] 1, 1
#[30] 4, 0
#[31] 0, 5
#[32] 1, 0
#[33] 0, 1
#[34] 5, 0
#[35] 0, 0
#Turn 0
48 23 4 35 18 25 
12 21 28 52 3 58 
51 41 31 36 6 1 
10 53 19 46 56 13 
50 45 49 16 24 7 
54 29 30 59 14 42 
#Base: 901
#Max: 365
#405105
#Turn 1
#32 15 19 11 29 35 12 45 22 18 2 1 14 22 15 
#40 1 14 11 30 38 53 29 12 18 20 1 36 16 43 
#8 1 14 36 3 10 43 5 6 10 10 40 36 4 33 
#8 34 31 36 17 10 29 5 45 39 10 4 3 31 6 
#6 1 17 32 17 32 18 12 44 11 20 4 9 47 6 
#35 40 30 28 3 39 46 7 22 7 17 1 18 12 10 
#35 26 30 2 18 31 3 50 55 15 6 20 18 5 48 
#24 25 22 12 7 31 64 5 55 11 28 12 24 7 18 
#9 16 8 12 44 32 64 12 49 11 25 5 18 7 18 
#9 16 8 45 7 32 13 5 49 16 25 5 21 5 18 
#1 33 5 15 59 4 0 31 7 22 20 37 14 3 27 
#23 11 5 59 1 26 52 31 20 15 20 24 14 2 22 
#7 11 5 10 22 26 52 10 17 12 23 26 24 2 32 
#7 10 2 10 27 0 1 8 33 12 38 4 24 23 28 
#4 61 2 7 23 0 1 8 33 32 23 6 8 1 28 
#47 7 31 43 3 1 37 7 13 31 9 9 36 60 35 
#15 2 36 14 13 11 6 7 6 27 9 8 36 60 35 
#70 22 8 14 9 2 1 12 10 27 1 7 23 60 27 
#24 22 8 8 9 2 1 10 2 11 24 2 65 41 17 
#18 8 22 27 41 27 22 0 26 0 1 7 38 8 33 
#2 3 10 29 27 20 47 51 25 16 6 10 41 24 31 
#2 11 12 29 8 20 47 51 5 16 8 22 14 30 52 
#26 16 10 4 8 23 2 5 7 8 52 63 27 10 21 
#8 16 32 4 13 14 6 27 7 11 8 12 64 10 20 
#8 29 27 6 28 38 13 7 7 16 11 12 8 28 20 
#10 19 15 1 21 47 41 17 28 17 10 29 27 11 4 
#11 19 53 40 41 7 49 25 16 6 10 16 43 9 14 
#14 12 53 40 3 20 49 25 16 4 13 16 16 9 14 
#18 39 10 22 59 20 13 26 21 4 19 8 16 21 23 
#18 29 24 22 4 14 19 62 17 40 0 15 11 23 23 
#23 15 22 39 3 39 46 7 22 7 2 44 12 12 34 
#32 41 31 31 30 16 3 50 16 18 22 20 18 13 10 
#40 1 14 49 3 38 22 14 12 10 20 10 24 5 48 
#19 25 31 12 9 44 43 5 27 39 10 40 18 7 18 
#6 43 8 45 44 32 29 5 45 11 25 4 0 31 6 
#3 22 39 32 7 43 13 35 44 17 28 38 21 12 7 
#1 40 22 28 3 53 46 7 15 22 17 37 20 20 27 
#35 41 30 31 12 4 3 31 22 15 20 24 18 13 10 
#24 11 5 2 1 26 22 10 20 15 23 10 22 2 5 
#19 7 12 12 22 0 64 51 17 11 28 4 18 23 32 
#8 16 2 9 27 32 1 8 33 33 25 44 0 5 18 
#34 61 39 27 23 43 13 10 24 32 23 5 21 15 7 
#47 16 31 43 22 1 37 36 13 22 23 37 20 26 27 
#4 40 26 34 3 11 4 7 7 8 20 8 36 60 35 
#23 11 49 14 1 18 52 10 10 15 23 26 37 2 5 
#7 7 11 10 22 0 1 51 17 12 60 4 24 23 32 
#24 8 16 9 27 0 1 8 26 0 38 44 65 1 33 
#18 61 26 7 23 22 24 0 24 63 23 6 38 15 31 
#47 11 31 15 17 1 8 19 13 26 4 9 36 24 54 
#4 7 36 34 3 11 4 7 5 31 9 8 41 60 35 
#12 2 12 11 13 18 6 23 10 27 1 22 14 16 27 
#70 16 10 8 9 2 2 14 2 11 24 31 23 10 17 
#8 21 16 6 41 27 6 27 37 16 1 2 64 21 20 
#18 29 22 27 5 38 13 0 1 37 11 7 38 8 17 
#19 43 15 15 21 14 12 19 25 17 30 10 27 39 13 
#2 3 5 36 1 7 47 51 28 34 10 8 41 30 4 
#11 11 53 11 3 23 49 23 3 6 13 16 14 9 52 
#14 22 11 13 13 51 2 5 21 11 19 63 27 21 21 
#18 21 32 6 4 14 6 62 17 16 8 15 64 21 20 
#13 29 27 47 5 38 19 50 39 37 11 2 11 32 17 
27 51 20 52 56 48 
33 32 49 8 55 45 
29 57 26 6 7 22 
42 41 58 47 17 39 
30 11 1 15 59 36 
16 43 21 46 34 35 
#Base: 901
#Max: 401
#445061
#Turn 2
#70 12 10 8 9 20 2 14 16 11 13 31 16 9 17 
#70 3 10 29 9 2 47 51 25 16 24 10 23 24 17 
#8 3 16 6 27 27 6 51 25 16 1 2 41 21 20 
#11 21 53 11 41 27 49 27 37 16 13 16 14 21 52 
#11 11 53 15 3 1 8 19 13 6 4 16 36 9 52 
#40 25 14 12 9 38 22 14 12 39 20 40 18 5 18 
#40 1 14 49 3 38 22 14 12 10 20 8 41 5 35 
#4 16 36 12 44 11 4 7 5 31 9 8 18 60 35 
#2 3 5 36 44 32 64 12 49 34 25 8 41 7 4 
#7 7 11 36 22 7 1 51 17 12 10 8 24 30 32 
#14 29 11 13 4 51 2 5 17 40 0 15 27 21 23 
#11 19 11 40 13 7 2 5 16 11 19 16 27 21 14 
#35 19 30 2 18 7 3 25 16 6 6 20 18 9 14 
#35 26 30 12 18 31 64 50 55 11 6 20 24 7 48 
#26 16 10 4 8 31 64 5 7 11 52 63 24 10 18 
#34 61 31 27 23 1 13 36 13 22 23 5 21 15 27 
#18 21 39 6 23 43 13 62 24 32 23 5 64 21 7 
#18 21 26 7 4 14 24 0 24 63 8 6 64 15 20 
#18 22 26 14 23 2 1 12 10 27 1 6 23 15 31 
#70 22 8 14 9 0 64 12 17 11 28 7 23 23 27 
#23 11 22 59 1 39 46 31 22 7 20 24 12 12 22 
#23 11 14 59 1 26 52 29 20 15 20 1 14 2 22 
#47 7 31 43 30 38 37 7 12 18 9 9 36 60 43 
#13 7 27 43 5 1 37 50 13 37 11 9 11 60 17 
#1 29 22 47 5 53 19 50 39 37 17 37 20 32 27 
#15 40 26 34 3 11 4 7 6 8 9 8 36 60 35 
#4 11 26 29 8 11 47 7 5 8 8 8 36 30 52 
#24 8 16 9 8 20 47 51 26 16 8 22 14 1 52 
#6 8 16 9 44 32 1 8 26 11 38 44 65 31 33 
#3 43 8 32 7 43 13 35 45 11 25 38 0 12 7 
#19 25 31 12 9 44 49 25 27 4 13 40 16 9 14 
#70 16 10 8 9 38 2 14 12 11 24 31 24 10 48 
#2 7 36 29 3 20 47 7 5 31 6 10 41 24 31 
#8 21 8 6 44 27 64 12 37 11 1 5 64 7 20 
#11 3 53 36 1 23 47 51 28 6 10 16 14 30 52 
#47 11 31 15 22 1 1 51 17 26 4 9 36 23 54 
#18 29 24 12 4 14 19 62 17 40 10 15 11 23 18 
#40 22 11 13 3 51 22 5 21 11 19 63 27 21 48 
#11 19 53 40 41 11 4 7 5 6 9 8 41 60 14 
#35 16 8 2 18 31 3 12 55 15 6 5 18 7 48 
#24 3 5 36 7 31 64 51 28 11 28 8 41 30 18 
#7 7 10 4 22 23 2 51 17 8 60 63 27 10 21 
#47 29 31 43 4 1 37 62 13 40 23 15 20 23 27 
#34 22 39 13 13 43 13 5 21 32 19 5 27 15 21 
#11 21 32 40 4 7 6 62 16 6 10 16 64 9 14 
#18 61 30 2 18 22 3 0 55 15 23 20 18 5 48 
#24 22 22 14 9 31 1 5 10 27 28 7 23 60 18 
#19 7 12 12 8 23 64 5 17 8 28 4 18 23 21 
#23 16 22 43 3 39 37 7 13 22 2 37 12 26 27 
#23 11 39 59 1 43 52 10 24 32 20 5 14 2 7 
#18 1 14 11 4 38 6 29 17 16 8 1 64 21 43 
#18 7 26 43 23 22 37 7 24 31 9 9 36 15 35 
#70 29 8 47 5 2 19 50 10 37 1 2 11 60 27 
#19 7 12 12 22 0 46 51 15 11 17 37 20 20 27 
#23 2 22 39 13 11 6 7 6 27 2 44 36 12 35 
#23 11 26 59 1 11 4 7 7 8 20 8 14 2 35 
#2 1 12 29 8 38 53 29 5 16 8 22 36 30 43 
#47 7 16 9 3 0 1 8 26 31 9 44 65 60 35 
#6 29 8 47 44 32 19 50 39 11 25 4 11 31 6 
#1 22 22 28 7 43 13 35 44 17 17 38 20 12 7 
29 21 35 44 17 50 
25 56 49 14 45 20 
15 38 42 16 24 23 
19 8 22 52 57 1 
27 41 40 13 33 28 
7 31 37 34 3 58 
#Base: 901
#Max: 437
#485017
#Turn 3
#23 11 8 59 7 26 13 35 20 15 20 1 14 2 22 
#23 11 31 15 22 26 52 51 17 26 4 1 14 2 54 
#47 21 32 15 4 1 6 62 16 6 10 9 36 9 14 
#11 21 26 40 4 14 24 62 24 63 8 16 64 15 14 
#18 21 26 11 4 38 6 29 17 63 8 6 64 21 43 
#15 1 12 29 8 11 53 7 5 16 8 22 36 30 35 
#2 11 12 59 1 38 52 29 5 16 8 22 14 2 43 
#26 16 39 4 1 31 64 5 24 32 52 5 14 10 18 
#18 16 30 4 8 22 3 5 7 15 52 63 24 10 48 
#18 61 30 2 1 39 46 0 55 15 23 20 18 5 48 
#34 19 53 27 23 1 13 36 5 22 23 5 41 60 14 
#47 19 53 40 41 1 37 7 13 40 9 15 41 60 14 
#18 21 31 43 4 43 37 62 24 40 23 5 20 23 27 
#18 29 22 47 23 53 19 50 39 37 17 37 64 21 7 
#13 7 27 47 5 1 19 50 13 37 17 9 20 60 17 
#2 3 8 14 9 32 64 12 49 11 28 7 23 7 4 
#47 3 5 43 44 32 37 12 49 34 25 9 36 7 4 
#47 29 31 47 5 38 19 7 12 18 9 2 11 60 43 
#47 7 8 9 5 0 1 8 26 37 1 2 11 60 27 
#47 3 10 9 9 0 47 51 26 31 24 10 23 60 17 
#24 7 10 4 22 23 47 51 26 16 60 63 27 10 52 
#24 7 5 4 22 23 64 51 17 8 60 63 41 10 18 
#35 3 30 12 7 31 64 51 28 11 28 20 24 30 18 
#8 26 30 12 18 31 64 50 37 11 6 5 64 7 48 
#8 8 16 9 44 32 64 12 26 11 38 5 64 31 20 
#70 16 36 12 44 38 4 14 5 11 24 8 24 60 35 
#40 22 11 8 9 38 22 5 21 11 19 31 24 21 48 
#40 3 53 36 1 51 47 51 28 11 10 16 14 21 52 
#11 3 53 11 1 23 47 27 28 6 10 16 14 30 52 
#11 29 53 11 44 32 19 27 39 16 25 4 14 31 52 
#15 43 26 32 3 43 13 7 6 8 25 8 36 60 7 
#23 11 12 29 1 26 52 29 20 16 20 1 36 30 43 
#47 11 31 59 22 1 52 51 17 26 20 5 36 2 7 
#11 16 10 4 8 31 64 5 16 11 52 63 24 10 14 
#18 21 30 2 18 22 3 0 55 63 8 6 18 15 20 
#18 1 14 11 1 38 46 29 17 16 20 24 64 21 22 
#34 61 26 27 23 11 13 7 6 22 23 8 21 15 35 
#11 19 53 29 41 11 53 7 5 16 8 8 41 60 43 
#47 11 31 59 1 1 37 62 13 40 23 5 20 23 7 
#18 21 39 4 8 31 64 62 24 32 23 5 24 21 18 
#1 29 22 47 18 53 19 50 39 15 23 37 20 5 27 
#13 11 27 43 5 1 46 31 22 7 20 24 11 12 17 
#70 22 8 27 23 1 13 36 17 11 28 7 23 15 27 
#11 3 5 40 44 32 64 12 5 6 25 8 41 7 14 
#47 7 31 43 30 38 37 62 13 40 9 15 36 60 27 
#18 21 39 47 5 43 19 62 10 32 1 5 11 21 7 
#1 7 22 9 5 0 1 8 26 37 17 44 20 32 27 
#70 3 27 43 5 1 47 51 13 37 24 9 11 24 17 
#24 22 16 9 8 0 47 51 17 16 8 7 23 23 27 
#7 3 10 36 44 23 64 12 49 34 25 63 41 7 21 
#47 3 5 43 30 38 64 7 12 18 9 8 36 30 18 
#70 29 30 47 5 2 64 50 10 11 6 20 24 7 27 
#47 21 8 9 3 27 1 12 37 31 9 5 64 60 20 
#6 8 16 29 44 2 47 51 25 16 24 44 23 31 17 
#24 16 16 9 8 20 4 51 26 31 9 22 14 1 52 
#7 16 10 8 22 23 2 14 12 8 24 63 27 10 48 
#40 22 5 13 3 51 64 51 21 11 19 8 27 21 48 
#11 26 53 12 18 31 47 50 55 11 10 20 14 7 52 
#11 21 53 6 41 27 49 27 37 11 1 16 64 7 20 
#6 29 16 9 44 32 1 50 26 11 38 4 11 31 33 
45 53 19 32 52 22 
10 29 39 23 58 40 
16 4 27 49 51 12 
56 11 20 44 21 37 
50 38 57 13 3 24 
7 17 9 25 47 33 
#Base: 901
#Max: 495
#549390
#Turn 4
#18 8 39 29 44 2 47 62 10 16 24 5 23 31 17 
#6 8 16 9 9 0 47 51 26 16 24 44 23 31 17 
#47 11 31 59 22 0 52 51 17 31 24 10 23 2 17 
#47 11 8 9 22 1 52 51 17 26 9 5 64 60 20 
#35 21 8 9 7 31 1 51 37 11 28 5 64 30 18 
#11 19 53 27 44 1 13 27 5 16 23 5 41 31 52 
#18 21 53 4 8 31 19 27 24 16 23 5 24 21 18 
#8 21 30 4 8 31 64 62 24 11 6 5 24 21 18 
#11 26 53 6 41 27 64 50 37 11 1 5 64 7 48 
#11 29 22 47 18 27 19 50 39 15 23 37 64 7 27 
#18 3 5 11 44 32 6 29 17 34 25 6 64 21 4 
#40 21 26 11 1 38 47 51 17 11 10 16 64 21 52 
#40 3 53 36 44 51 47 51 28 11 25 16 14 7 21 
#7 29 30 47 44 23 64 12 10 11 6 20 24 7 27 
#18 29 30 47 4 43 64 50 10 11 6 20 20 23 27 
#40 22 5 40 41 1 37 7 13 40 9 8 41 60 48 
#24 19 53 40 22 1 37 7 26 40 9 15 41 60 52 
#47 7 10 43 22 38 37 62 13 16 9 15 36 60 52 
#24 7 5 4 22 23 64 51 13 40 9 63 36 10 27 
#24 19 53 4 22 23 64 51 5 16 60 8 41 60 43 
#47 3 31 59 30 38 37 62 12 18 23 8 20 30 7 
#11 11 53 59 1 1 47 62 55 11 10 5 14 23 7 
#11 29 22 47 23 53 19 50 39 37 17 20 64 21 52 
#11 21 22 40 23 53 24 50 39 63 17 37 64 15 14 
#8 21 16 9 4 32 64 62 24 63 8 16 64 15 14 
#26 16 39 4 5 38 19 5 12 32 52 2 14 60 18 
#47 29 30 47 1 38 19 0 12 15 23 2 11 60 43 
#70 16 36 12 1 38 4 14 55 15 24 8 24 60 48 
#70 3 36 43 44 38 47 51 5 11 24 8 11 24 17 
#70 3 27 43 8 1 64 51 16 37 52 9 11 24 17 
#34 19 53 47 23 1 19 36 5 22 1 5 11 60 14 
#11 8 16 11 44 2 19 27 39 16 24 44 23 31 52 
#47 3 39 4 8 0 64 62 26 32 24 10 23 21 18 
#47 11 30 12 22 31 52 51 37 11 6 5 64 7 48 
#11 21 8 6 3 27 1 12 37 11 9 16 64 60 20 
#1 29 30 12 18 53 19 51 39 15 23 37 24 5 27 
#47 19 53 43 44 1 37 12 5 34 23 5 41 7 14 
#11 21 53 11 44 32 6 27 17 63 25 6 64 31 52 
#40 21 39 36 1 31 47 62 24 32 23 16 24 21 52 
#8 3 10 12 18 23 64 12 49 11 6 5 64 7 48 
#70 29 53 6 41 2 64 27 10 11 1 20 24 7 20 
#1 21 31 47 4 43 37 62 24 40 23 37 20 5 27 
#40 22 5 43 44 32 37 12 21 34 25 8 36 21 48 
#18 21 53 11 4 38 6 29 13 40 9 6 41 60 14 
#40 3 53 4 22 23 47 51 26 16 60 63 14 21 52 
#7 3 10 36 44 38 64 62 49 40 25 15 36 60 27 
#70 29 5 47 5 2 64 51 10 11 60 20 24 10 18 
#18 19 31 43 4 11 53 62 5 40 23 5 41 60 43 
#40 22 5 43 30 38 64 51 21 11 9 8 36 30 18 
#47 19 53 40 41 1 37 62 13 40 23 15 20 23 14 
#24 7 53 12 18 23 47 51 55 11 10 63 27 10 52 
#18 29 31 43 23 38 19 62 13 40 9 15 64 60 27 
#24 7 26 40 22 14 24 62 24 63 8 63 41 10 18 
#8 19 53 29 41 11 64 7 5 16 38 5 64 31 43 
#26 16 39 43 30 31 64 7 12 18 9 8 14 10 18 
#47 29 31 47 5 38 19 7 13 40 9 5 20 60 43 
#18 61 53 2 1 39 47 50 55 11 23 20 14 7 52 
#70 29 22 12 44 53 19 50 5 37 17 8 24 60 35 
#70 21 27 43 5 14 24 51 13 37 24 16 11 24 14 
#8 8 16 4 44 32 64 12 16 11 38 5 64 31 14 
55 9 3 27 12 15 
48 20 38 51 33 40 
21 28 8 23 22 16 
29 56 57 45 44 37 
18 53 17 19 50 24 
41 49 52 46 47 11 
#Base: 901
#Max: 516
#572697
#Turn 5
#11 29 31 47 5 38 19 50 39 40 23 5 20 7 43 
#47 29 8 9 22 27 52 50 17 26 9 5 64 60 27 
#47 11 8 9 1 38 4 14 55 26 24 8 64 60 20 
#40 3 53 36 44 38 4 14 28 11 24 8 14 7 48 
#40 22 5 40 41 1 37 7 28 11 9 16 14 7 48 
#47 22 5 59 30 38 64 51 21 18 23 8 20 30 7 
#40 3 39 36 30 31 37 62 24 32 23 16 20 30 7 
#18 21 31 36 23 31 47 62 13 32 9 15 64 21 52 
#47 29 31 12 22 38 52 62 37 11 9 5 64 60 48 
#70 29 53 6 22 2 64 27 10 11 6 20 24 7 48 
#11 3 36 59 44 38 47 51 5 11 24 8 11 23 17 
#70 3 53 43 44 38 47 51 37 11 1 8 11 24 17 
#11 21 53 6 41 53 64 50 39 63 17 37 64 7 48 
#11 21 22 47 23 53 19 50 39 37 17 20 64 21 14 
#24 29 53 47 23 1 37 50 39 40 9 15 64 21 52 
#18 3 27 2 8 1 64 50 16 11 52 20 11 24 52 
#18 61 53 2 1 53 47 50 5 11 23 8 24 60 52 
#70 3 10 12 44 53 64 50 49 40 25 8 36 60 35 
#7 3 53 36 44 23 64 62 49 16 25 15 14 21 27 
#40 3 53 4 22 23 47 27 26 16 25 63 64 21 52 
#8 19 53 4 22 23 64 51 13 16 38 5 36 10 27 
#47 7 53 29 22 38 64 62 5 16 9 15 36 31 52 
#47 19 10 4 22 38 37 51 13 16 60 15 36 60 43 
#24 19 53 12 18 23 47 51 5 11 10 8 41 60 52 
#24 7 53 9 4 23 64 62 24 11 8 16 27 10 52 
#1 19 53 47 41 1 37 62 13 40 23 37 20 5 27 
#24 19 53 40 22 14 37 62 13 40 8 63 20 10 18 
#24 29 26 40 22 14 64 51 10 63 60 63 24 10 18 
#18 19 5 47 4 2 53 62 10 11 60 5 41 10 43 
#40 19 31 11 1 11 47 62 5 40 23 16 64 60 52 
#40 22 31 47 30 38 19 7 13 40 9 5 36 30 43 
#47 29 22 59 30 38 37 62 12 15 23 8 20 30 7 
#40 11 8 36 22 1 52 62 24 32 23 5 64 21 52 
#70 16 36 12 23 38 19 14 13 15 24 15 64 60 48 
#40 11 30 36 44 31 47 51 37 11 25 16 14 7 48 
#40 22 53 6 41 2 64 7 13 11 1 20 24 60 20 
#11 11 5 43 30 1 47 51 21 11 10 8 14 23 18 
#47 3 36 43 44 38 47 51 12 11 24 8 11 24 7 
#11 21 39 36 1 31 47 50 37 11 1 16 64 7 52 
#11 29 22 43 23 38 24 62 39 63 17 15 64 15 27 
#11 29 30 12 22 53 52 50 39 11 6 5 64 21 52 
#70 19 53 40 22 2 64 7 10 40 9 15 41 60 20 
#70 3 27 43 1 1 47 62 55 11 10 9 11 23 7 
#70 3 36 43 1 38 47 51 5 11 23 8 11 7 17 
#70 29 53 12 41 53 19 50 5 37 17 8 64 7 35 
#11 21 22 40 44 38 24 50 49 40 17 37 64 15 27 
#11 29 22 4 22 23 19 50 26 16 17 63 64 21 52 
#11 21 53 11 22 32 6 27 17 40 9 6 41 31 52 
#70 3 27 43 8 23 64 51 16 37 52 63 36 10 27 
#8 61 53 2 41 39 47 50 5 11 23 5 14 31 52 
#70 29 22 43 22 38 37 62 5 16 17 15 36 60 52 
#7 3 53 36 22 38 64 62 49 40 60 15 41 60 43 
#24 7 53 12 22 23 47 51 55 11 60 63 14 21 52 
#8 21 53 11 4 32 6 62 24 63 8 16 64 15 14 
#1 21 5 47 22 43 37 51 24 40 23 63 36 5 27 
#8 19 53 40 41 11 37 7 13 16 23 15 20 31 14 
#47 7 10 43 22 38 24 62 24 16 8 63 36 60 52 
#70 19 53 47 5 23 64 51 10 11 60 20 24 60 43 
#24 7 31 12 18 23 47 62 55 40 23 5 41 60 52 
#40 21 26 11 4 32 64 62 24 11 10 16 64 21 52 
46 26 32 39 22 5 
54 49 33 50 45 18 
1 11 27 48 8 59 
14 52 17 51 57 58 
13 19 29 12 56 41 
23 7 21 44 16 40 
#Base: 901
#Max: 593
#658158
#Turn 6
#24 19 53 40 22 23 37 50 13 40 8 63 64 10 18 
#24 11 53 40 22 14 37 62 13 32 23 63 20 21 52 
#11 29 22 43 22 38 24 62 24 32 17 5 64 15 52 
#11 29 22 43 23 38 37 62 39 63 17 15 64 15 43 
#47 22 5 59 22 38 37 51 21 18 23 15 36 30 43 
#8 21 53 2 22 39 37 51 5 40 23 5 14 31 27 
#8 61 53 2 23 39 47 14 13 11 24 15 64 31 52 
#70 16 36 12 23 38 19 14 5 16 24 15 64 60 52 
#70 29 22 43 22 38 37 50 49 16 17 37 64 15 27 
#11 3 53 40 44 23 24 50 49 16 25 37 64 21 27 
#47 3 8 43 22 38 52 51 37 11 1 8 64 24 17 
#70 29 26 43 22 38 64 51 37 11 60 63 11 10 17 
#24 3 27 40 22 23 64 51 16 63 60 63 24 10 18 
#70 29 27 12 22 38 64 51 37 11 9 5 36 10 27 
#40 21 31 12 22 38 64 62 24 11 10 16 64 60 48 
#24 29 53 47 23 1 47 50 39 11 60 15 64 21 52 
#70 3 53 12 44 53 47 51 49 40 60 63 36 60 52 
#7 3 10 12 44 38 64 62 49 40 25 8 36 60 35 
#7 3 53 36 22 38 64 51 49 11 60 20 24 60 43 
#24 7 53 12 5 23 64 62 55 40 23 20 24 60 52 
#11 21 22 47 23 53 47 50 39 37 25 20 64 21 52 
#40 19 31 11 22 11 47 27 5 16 25 16 64 21 52 
#11 19 53 11 1 53 47 62 39 63 23 16 64 60 48 
#47 7 10 43 22 53 24 62 39 63 8 63 64 60 52 
#70 7 53 43 22 2 24 7 24 40 9 15 36 60 52 
#24 21 31 12 18 31 47 62 5 32 10 15 64 21 52 
#47 21 31 36 22 31 47 62 5 16 9 15 64 21 52 
#70 29 53 29 22 53 19 50 5 37 9 8 36 31 35 
#18 61 53 12 41 53 19 50 5 37 17 8 64 7 52 
#18 61 30 12 22 53 52 50 5 11 23 8 24 60 52 
#1 21 5 4 22 23 37 51 26 16 23 63 64 21 27 
#8 61 53 40 22 14 47 62 13 40 8 5 20 10 52 
#40 16 8 12 23 38 19 62 24 15 24 15 64 60 52 
#11 29 22 43 22 38 24 62 5 16 17 15 64 60 27 
#11 19 10 40 44 38 37 50 49 16 60 15 36 15 43 
#7 22 53 59 44 38 64 51 49 18 25 15 14 21 27 
#47 21 8 9 22 43 52 50 24 40 9 5 64 60 27 
#70 3 53 2 41 38 47 51 5 11 1 5 14 31 17 
#70 16 36 40 22 14 64 51 10 15 24 63 64 10 48 
#70 3 27 43 22 23 37 62 5 16 17 15 36 10 27 
#47 29 22 12 22 38 52 62 49 11 9 5 64 60 48 
#7 21 53 11 4 32 64 62 24 16 10 15 64 21 52 
#47 29 8 9 22 1 52 50 39 26 9 15 64 60 27 
#24 3 53 12 44 23 47 51 55 11 1 8 14 21 17 
#24 3 26 12 22 14 64 51 49 40 25 63 36 10 35 
#70 3 27 43 22 23 64 51 16 37 52 15 36 60 27 
#70 19 31 47 5 38 52 62 37 11 60 20 64 60 43 
#40 21 31 11 18 32 64 62 24 11 23 16 64 21 52 
#11 21 53 47 23 1 19 50 39 40 17 20 64 21 52 
#40 3 53 12 22 23 47 27 26 16 60 63 64 21 52 
#40 3 10 12 1 53 47 62 49 40 25 16 64 60 52 
#7 3 53 36 41 53 64 50 39 40 17 37 41 60 43 
#70 19 53 47 5 38 64 62 24 16 60 20 24 60 43 
#70 7 53 12 22 2 47 7 10 40 9 5 41 60 52 
#11 19 22 12 18 23 19 50 39 11 10 8 64 21 14 
#40 3 31 4 22 23 47 62 26 32 25 63 64 21 52 
#47 7 31 29 22 38 64 62 5 40 23 15 36 60 52 
#11 21 53 6 41 53 64 50 39 63 17 37 64 7 48 
#47 61 10 2 1 38 24 50 5 11 8 8 36 60 52 
#70 19 53 12 22 53 64 7 39 11 6 5 64 21 52 
48 9 17 8 3 0 
1 36 55 51 59 47 
29 20 11 22 57 12 
40 38 52 16 46 18 
27 14 15 23 50 19 
26 28 56 45 49 35 
#Base: 901
#Max: 693
#769145
#Turn 7
#11 21 53 40 23 23 19 50 39 16 17 20 64 21 52 
#11 3 53 40 44 23 64 50 49 16 25 8 64 60 35 
#70 29 22 43 44 38 64 50 49 40 25 8 36 15 27 
#70 29 22 43 22 38 37 62 39 63 17 15 64 15 27 
#11 29 22 43 22 23 37 62 13 63 17 15 64 10 43 
#24 21 53 40 22 43 37 50 13 32 9 5 20 60 27 
#47 3 8 4 22 43 47 62 24 32 25 5 64 21 27 
#7 3 53 4 41 23 47 50 26 32 25 63 41 21 43 
#7 3 53 12 41 53 64 50 39 11 6 37 64 21 52 
#70 21 53 12 22 53 64 7 39 11 6 5 64 21 52 
#18 21 22 12 23 53 52 50 39 37 25 20 24 21 52 
#11 21 22 43 23 38 47 50 37 37 25 63 64 10 17 
#70 19 26 43 1 53 64 51 37 63 60 63 11 60 48 
#11 21 53 6 41 53 47 50 39 63 23 16 64 60 48 
#24 21 27 6 22 53 64 51 39 63 60 63 24 10 48 
#47 29 36 40 22 38 64 51 49 11 9 5 64 10 48 
#70 16 53 47 5 14 64 51 24 16 60 63 24 10 43 
#70 19 53 12 44 53 47 62 49 40 60 20 24 60 52 
#70 3 53 12 5 38 52 62 37 40 60 63 64 60 43 
#7 3 31 36 5 38 64 51 49 11 60 20 64 60 43 
#70 29 31 12 22 53 64 62 24 37 9 8 64 31 35 
#24 29 31 47 22 1 47 62 39 11 60 16 64 60 52 
#47 29 10 43 22 53 24 50 39 63 8 15 64 21 52 
#47 3 10 43 1 53 47 62 39 40 8 63 64 60 52 
#24 7 10 12 1 23 64 62 49 40 25 16 24 60 52 
#47 21 53 36 22 31 47 62 5 16 17 8 64 7 52 
#47 7 31 29 41 38 64 50 5 37 17 8 36 7 52 
#70 7 27 43 22 38 64 62 5 40 23 15 36 60 27 
#40 3 27 12 22 23 64 27 16 37 52 15 36 60 52 
#7 3 53 12 44 38 47 51 26 16 60 15 14 21 27 
#24 11 53 40 22 14 37 50 13 40 17 20 64 21 52 
#47 21 8 40 44 23 52 50 24 40 9 37 64 60 27 
#40 3 10 12 44 38 64 62 26 32 25 63 64 60 52 
#70 29 53 36 22 53 64 50 39 40 17 37 64 60 43 
#70 29 53 12 23 38 37 7 39 11 17 15 64 21 52 
#24 19 53 11 18 32 37 50 13 11 23 16 64 10 18 
#24 11 30 12 22 53 37 50 5 11 23 8 24 60 52 
#11 21 8 9 22 53 52 50 39 40 25 5 64 21 27 
#70 3 26 43 22 23 47 51 26 11 60 63 11 21 17 
#11 19 53 11 1 53 64 50 39 63 23 16 41 60 43 
#11 21 53 12 22 53 64 50 39 63 6 37 64 21 52 
#24 21 31 40 22 32 64 62 16 63 60 16 64 10 18 
#47 61 22 12 22 53 52 62 49 11 23 8 24 60 48 
#70 21 36 40 23 14 47 50 10 15 25 20 64 10 48 
#70 29 26 43 5 38 64 51 37 11 60 20 24 60 17 
#70 19 53 11 44 53 47 51 39 40 60 63 64 60 52 
#11 19 53 6 5 53 64 62 37 11 17 20 64 60 43 
#24 3 53 36 22 38 64 51 49 63 60 20 24 10 43 
#70 29 53 29 22 38 52 50 5 37 9 8 36 60 35 
#70 16 31 12 22 14 64 62 24 15 24 63 64 10 48 
#70 29 53 47 23 1 47 62 39 11 60 20 24 60 43 
#47 3 53 12 22 53 47 51 39 63 8 63 36 60 52 
#70 19 31 47 5 53 47 62 49 11 60 16 64 60 52 
#24 3 53 12 22 38 64 62 49 40 60 20 24 60 43 
#47 29 31 36 22 31 47 62 5 16 9 8 36 21 52 
#40 61 31 12 41 38 19 62 5 37 10 8 64 7 52 
#24 7 31 47 22 38 64 62 5 11 60 15 64 21 52 
#70 3 27 43 22 23 64 62 16 37 52 15 36 60 52 
#40 3 53 12 22 53 47 27 49 40 25 16 64 21 52 
#24 22 53 59 5 23 64 51 49 18 23 20 24 21 27 
58 56 1 47 39 46 
48 27 42 51 44 41 
31 2 23 17 52 20 
53 32 18 45 33 57 
22 3 14 12 13 21 
15 19 16 50 40 49 
#Base: 901
#Max: 726
#805771
#Turn 8
#24 3 53 47 22 38 64 27 49 40 25 16 64 21 52 
#24 7 31 47 22 23 64 62 49 16 60 15 64 21 52 
#11 3 53 36 44 23 64 50 49 63 60 8 64 60 35 
#11 19 53 11 22 38 64 50 39 63 60 16 41 60 43 
#11 19 53 6 5 53 64 62 37 63 17 20 64 60 43 
#70 29 27 29 22 38 52 62 5 37 23 8 36 60 35 
#47 61 22 43 22 53 64 62 49 40 23 8 36 60 48 
#47 61 53 12 22 53 47 51 49 63 8 8 24 60 48 
#47 3 26 43 5 38 64 51 37 63 8 63 36 60 17 
#24 21 31 43 5 32 64 62 37 11 60 16 24 10 17 
#47 29 8 40 44 23 64 50 49 40 9 37 36 15 27 
#47 29 22 43 44 53 47 62 49 40 8 63 36 60 52 
#70 19 53 12 1 53 47 62 39 40 8 63 24 60 52 
#70 19 31 12 44 53 47 62 49 40 60 20 24 60 52 
#70 29 31 47 22 53 47 62 24 37 60 8 64 60 52 
#40 3 53 12 44 38 64 62 26 32 60 20 24 60 43 
#40 3 10 12 44 38 64 62 26 32 25 63 64 60 43 
#70 19 53 11 44 53 52 51 39 40 60 63 64 60 43 
#70 19 53 11 22 53 47 51 39 40 60 37 64 60 52 
#70 3 53 43 22 23 64 50 16 37 17 15 64 60 52 
#47 29 22 43 22 53 37 62 39 63 8 15 64 15 27 
#70 29 27 43 22 53 64 62 39 63 17 15 24 10 48 
#70 19 26 6 22 53 64 51 39 63 60 63 24 60 48 
#70 21 53 6 41 53 47 51 37 63 60 63 11 60 48 
#24 21 31 6 22 1 47 62 39 63 23 16 64 60 52 
#47 29 36 40 5 38 64 51 49 11 60 20 64 10 43 
#70 3 53 47 5 38 64 51 49 11 60 63 24 10 43 
#70 16 53 47 23 1 47 51 24 16 60 20 24 10 43 
#11 21 53 12 22 53 47 62 39 11 60 37 24 60 43 
#70 21 53 12 22 14 64 62 24 15 24 37 64 10 52 
#70 29 53 29 22 38 52 27 5 40 25 8 36 60 35 
#24 7 27 43 22 38 64 62 5 40 23 15 36 60 52 
#11 3 22 12 22 23 52 62 49 16 25 8 64 60 48 
#24 3 53 36 22 38 64 51 39 63 60 20 24 10 43 
#11 19 53 11 1 38 64 51 37 63 23 20 41 60 43 
#24 21 53 40 5 53 64 62 37 63 17 20 64 60 18 
#70 21 8 40 44 38 52 50 5 37 9 37 36 60 27 
#70 7 22 43 44 38 64 50 49 40 23 8 36 60 27 
#47 3 10 12 22 53 52 62 49 40 8 63 24 60 48 
#47 19 53 12 44 53 47 62 49 40 60 20 24 60 52 
#70 19 26 47 5 53 47 62 49 11 60 16 24 60 52 
#70 21 31 12 22 53 64 62 24 37 9 8 64 10 35 
#47 21 8 40 44 23 64 50 24 40 9 20 64 60 27 
#70 3 10 43 44 38 64 50 49 32 25 63 64 60 52 
#70 3 10 43 5 38 47 62 39 40 8 63 64 60 52 
#70 19 53 11 44 53 47 51 49 40 60 63 64 60 52 
#70 29 31 47 5 53 47 50 39 11 60 16 64 60 52 
#70 29 31 43 22 23 64 62 16 37 52 8 36 31 35 
#24 3 10 43 22 38 64 62 49 63 8 15 64 21 43 
#40 3 22 12 22 38 64 62 26 32 17 15 64 15 27 
#24 21 53 12 22 53 64 51 37 40 60 63 24 60 48 
#70 19 26 11 1 53 47 51 37 63 60 63 64 60 48 
#11 21 53 6 41 53 64 50 39 40 17 37 64 60 43 
#24 29 31 47 22 23 64 62 39 37 60 16 36 60 52 
#47 29 10 43 22 53 24 50 39 11 9 5 64 21 48 
#7 29 31 43 22 38 64 51 49 11 60 20 64 15 43 
#24 21 27 47 5 53 64 51 24 63 60 63 24 10 43 
#70 29 26 47 23 53 64 62 37 11 60 63 11 60 48 
#11 21 53 6 41 53 47 50 39 63 23 16 64 21 48 
#24 29 31 12 22 14 64 62 24 15 60 63 64 60 52 
47 25 3 12 59 56 
4 15 40 43 53 21 
16 35 14 51 22 52 
46 57 18 45 23 39 
37 44 6 17 11 2 
8 26 7 13 50 19 
#Base: 901
#Max: 736
#816870
#Turn 9
#47 29 31 40 22 38 64 51 49 37 60 20 64 10 35 
#47 29 53 40 22 38 64 51 49 11 60 16 41 10 43 
#70 19 53 11 1 53 47 50 39 63 8 16 41 60 43 
#24 19 53 12 1 14 64 62 24 15 60 63 24 60 52 
#24 29 27 47 5 53 64 62 24 63 60 63 24 60 52 
#11 3 53 12 44 53 64 62 26 63 60 20 64 60 43 
#70 19 53 12 44 38 64 62 26 32 60 16 24 60 52 
#70 19 10 43 5 38 47 62 49 11 60 16 24 60 52 
#70 3 31 47 22 23 64 62 39 37 25 16 64 60 52 
#24 29 27 47 22 53 64 62 39 37 60 15 24 10 52 
#40 3 53 40 44 53 64 62 26 63 17 63 64 60 43 
#70 21 31 47 5 53 64 62 24 37 60 8 64 60 18 
#70 29 26 47 1 53 47 62 24 37 60 8 64 60 48 
#70 19 26 6 1 53 64 51 37 63 60 63 64 60 48 
#11 19 26 6 41 53 64 51 39 63 17 63 64 60 48 
#70 29 26 47 5 53 64 62 37 11 60 63 11 60 48 
#70 19 26 47 22 53 47 62 39 11 60 37 64 60 48 
#70 19 53 11 22 53 47 51 39 40 60 63 64 60 52 
#70 19 53 6 44 53 47 51 37 40 60 63 11 60 48 
#70 21 53 12 41 53 47 62 49 63 60 63 24 60 48 
#70 3 10 43 5 38 47 50 39 40 23 8 36 60 52 
#70 3 22 43 22 38 64 62 39 40 23 63 64 60 52 
#70 19 22 11 22 53 52 62 39 40 60 8 64 60 43 
#70 19 53 43 44 53 47 51 39 40 8 63 36 60 52 
#47 29 53 36 44 53 64 50 49 40 8 63 36 60 35 
#47 3 26 43 5 38 64 51 49 63 60 63 24 60 43 
#47 61 53 12 22 53 47 51 49 63 8 63 24 60 48 
#70 19 53 12 44 53 47 51 49 40 8 8 24 60 48 
#24 21 31 12 22 53 64 51 49 40 60 20 24 60 52 
#24 3 53 12 22 23 64 50 37 37 60 15 24 60 48 
#11 19 53 6 5 23 64 62 16 63 52 20 36 31 43 
#40 29 36 40 5 38 64 62 26 32 60 20 64 60 43 
#70 19 26 47 22 53 47 50 39 11 60 16 24 60 43 
#70 3 10 12 1 53 64 50 39 32 25 63 24 60 52 
#24 29 31 47 22 14 64 62 39 15 60 16 64 60 52 
#70 29 27 47 22 53 64 51 24 63 60 63 24 10 48 
#40 3 10 6 5 38 64 62 37 32 25 63 64 60 43 
#24 21 53 40 5 38 64 62 26 32 17 20 64 60 18 
#70 19 26 47 22 53 47 62 49 11 60 8 64 60 52 
#70 3 10 11 44 38 64 51 37 63 25 63 64 60 52 
#24 29 26 47 22 23 64 62 39 63 60 63 36 60 52 
#70 29 53 6 41 53 64 50 39 40 17 37 64 60 43 
#70 29 10 47 44 53 47 62 39 32 60 63 64 60 43 
#24 29 26 47 23 53 64 62 37 63 60 20 64 60 48 
#70 29 31 47 22 53 47 51 24 40 60 37 64 60 52 
#70 19 26 11 44 53 47 51 49 40 60 63 64 60 48 
#70 21 53 6 22 53 64 51 37 63 60 63 24 60 48 
#47 21 53 12 44 53 47 62 49 40 17 20 64 60 52 
#70 7 31 47 44 38 64 50 49 11 60 8 64 60 27 
#70 29 10 47 23 38 64 62 37 11 8 63 64 60 52 
#47 19 22 11 22 53 47 62 39 40 23 37 64 60 48 
#70 19 53 11 44 53 47 51 49 40 60 63 64 60 43 
#47 21 53 43 44 53 47 51 49 63 8 63 36 60 48 
#11 3 53 12 44 53 64 62 49 40 60 20 24 60 35 
#47 3 26 43 5 38 64 51 49 40 8 8 36 60 27 
#70 3 53 47 5 38 47 62 49 11 8 63 24 10 43 
#47 61 22 12 22 53 47 62 49 40 8 8 24 60 48 
#70 19 53 11 44 53 52 51 49 40 60 20 64 60 43 
#24 29 53 12 22 53 47 51 49 40 8 63 36 60 52 
#70 3 53 43 44 23 64 50 16 63 17 8 64 60 35 
11 31 15 26 39 48 
22 5 4 46 18 6 
49 35 10 17 44 38 
24 57 45 51 42 23 
12 21 40 19 52 41 
14 47 16 43 13 25 
#Base: 901
#Max: 727
#806881
#40 29 36 47 5 38 64 62 26 32 60 8 64 60 18 
#70 29 36 40 5 53 64 62 37 32 60 63 64 60 43 
#70 29 26 47 5 53 64 62 37 63 60 63 24 60 48 
#70 61 53 12 22 53 47 51 49 63 8 63 64 60 48 
#70 3 31 11 44 38 64 51 37 63 60 8 64 60 27 
#11 19 22 11 22 53 64 62 39 40 60 8 64 60 43 
#24 3 27 12 44 53 64 62 26 63 60 63 64 60 43 
#70 21 53 47 5 53 64 62 37 63 60 63 24 60 48 
#70 21 53 6 22 53 64 51 37 63 60 63 11 60 48 
#70 19 53 6 44 38 64 62 37 40 60 63 24 60 48 
#70 29 10 47 23 53 64 62 24 11 8 63 24 60 52 
#40 3 27 40 44 53 64 51 26 63 17 63 64 10 48 
#40 19 53 11 22 53 47 62 39 63 17 63 64 60 43 
#70 29 31 11 22 53 47 51 24 40 60 63 64 60 52 
#70 29 31 47 22 53 47 51 24 40 60 8 64 60 52 
#70 19 53 11 44 53 52 51 49 40 60 20 36 60 43 
#70 19 53 11 44 53 52 51 49 40 60 20 64 60 43 
#70 19 26 11 44 53 47 51 49 40 60 63 64 60 43 
#70 29 10 47 44 53 47 62 39 32 60 63 64 60 43 
#70 19 10 47 44 53 47 62 39 32 8 63 64 60 43 
#70 3 26 47 1 53 64 62 24 40 23 63 64 60 48 
#70 3 22 47 22 38 64 62 39 63 23 63 64 60 52 
#24 29 53 12 22 23 64 62 49 63 60 63 24 60 48 
#47 21 53 12 41 53 47 51 49 63 60 63 36 60 48 
#47 29 53 6 44 53 64 51 39 63 17 37 36 60 48 
#47 19 26 12 41 53 64 62 39 63 17 63 64 60 48 
#70 21 53 47 44 53 47 62 39 40 17 37 64 60 52 
#24 19 26 47 23 53 64 62 39 11 60 37 64 60 48 
#70 19 26 6 1 53 64 51 37 63 60 63 64 60 48 
#70 3 26 6 5 38 64 51 49 63 60 63 24 60 43 
#70 19 22 11 5 53 64 62 24 40 60 8 64 60 18 
#40 29 36 12 44 53 64 62 26 32 60 20 64 60 43 
#70 29 26 47 5 53 64 62 37 63 60 63 11 60 52 
#47 61 53 12 22 53 64 51 49 63 60 63 24 60 48 
#70 19 10 11 44 38 64 51 37 63 25 63 64 60 48 
#70 19 31 47 44 38 64 62 26 32 60 16 64 60 52 
#70 19 10 11 23 53 64 62 39 11 60 63 64 60 52 
#11 3 53 12 44 53 64 51 26 63 60 20 64 10 48 
#24 29 53 40 44 53 64 62 24 63 17 63 24 60 43 
#70 19 53 11 22 53 47 51 39 40 60 63 24 60 52 
#70 29 31 47 22 53 47 51 37 40 60 63 11 60 52 
#70 19 53 47 22 38 64 62 49 32 60 8 24 60 52 
#70 29 10 36 23 38 64 62 49 40 8 63 36 60 35 
#70 19 53 47 44 53 64 51 24 63 60 63 64 10 43 
#40 3 26 40 44 53 47 51 26 63 60 63 64 60 48 
#70 19 53 11 44 53 47 51 49 40 60 63 64 60 52 
#70 29 10 47 44 53 47 51 24 32 60 63 64 60 43 
#70 19 26 47 44 53 47 51 49 40 8 63 36 60 52 
#47 29 26 47 1 53 47 50 49 40 60 8 36 60 48 
#70 19 53 11 44 53 64 51 49 40 23 63 64 60 43 
#24 29 26 47 44 53 47 51 39 40 60 63 64 60 48 
#70 21 53 12 41 53 47 62 49 63 60 63 24 60 43 
#70 29 53 43 44 53 47 51 49 32 60 63 64 60 48 
#70 19 53 6 41 53 64 50 39 40 8 37 64 60 43 
#11 19 26 6 1 53 47 62 39 37 60 63 64 60 48 
#70 21 53 12 22 38 47 62 39 40 17 20 64 60 52 
#70 19 26 47 22 23 64 62 39 11 60 37 36 60 52 
#70 21 53 12 41 53 47 62 37 63 60 20 24 60 48 
#70 21 53 43 1 53 64 51 49 63 8 63 36 60 48 
#70 3 53 6 5 38 64 50 49 40 17 63 64 60 43 
#Base: 901
#Max: 766
#850166
