#[0] 3, 3
#[1] 4, 3
#[2] 3, 4
#[3] 3, 2
#[4] 2, 3
#[5] 2, 4
#[6] 1, 3
#[7] 2, 2
#[8] 3, 1
#[9] 4, 4
#[10] 5, 3
#[11] 3, 5
#[12] 4, 2
#[13] 3, 0
#[14] 5, 4
#[15] 4, 5
#[16] 5, 2
#[17] 4, 1
#[18] 0, 3
#[19] 1, 4
#[20] 2, 1
#[21] 1, 2
#[22] 2, 5
#[23] 0, 4
#[24] 5, 1
#[25] 0, 2
#[26] 5, 5
#[27] 1, 5
#[28] 2, 0
#[29] 1, 1
#[30] 4, 0
#[31] 0, 5
#[32] 1, 0
#[33] 0, 1
#[34] 5, 0
#[35] 0, 0
#Turn 0
44 47 24 5 15 36 
51 40 48 39 29 21 
53 26 57 38 59 32 
54 58 28 22 6 10 
35 4 11 1 42 12 
3 23 49 2 30 55 
#Base: 937
#Max: 347
#370331
#Turn 1
#2 24 30 18 2 24 27 0 11 34 12 12 4 48 18 
#15 24 7 34 29 24 31 57 11 34 13 24 16 2 39 
#34 7 7 34 17 14 47 57 14 29 13 25 16 22 5 
#22 23 15 32 21 61 47 17 14 2 15 22 1 3 5 
#30 14 15 56 21 31 5 34 60 4 15 15 34 11 13 
#25 6 17 8 31 5 53 19 37 37 41 9 12 53 12 
#47 8 17 8 31 1 53 32 36 23 26 9 5 53 35 
#47 11 41 20 41 1 53 32 14 23 11 22 1 5 35 
#17 3 1 10 41 14 5 60 9 11 11 22 1 31 12 
#17 47 1 10 16 30 0 27 45 6 7 19 61 0 45 
#4 18 5 18 23 13 5 12 30 29 7 13 19 1 51 
#9 24 13 2 23 13 2 12 51 29 23 13 36 3 22 
#14 24 13 14 26 27 56 3 9 29 23 1 36 27 22 
#4 0 4 14 26 4 56 3 11 18 3 1 29 20 5 
#13 0 24 64 9 17 17 37 0 53 0 29 9 31 5 
#7 15 63 4 27 16 19 43 13 20 11 3 13 13 1 
#4 36 4 67 17 19 7 28 47 18 7 4 13 16 10 
#13 36 4 6 17 76 7 1 41 7 7 38 25 16 0 
#22 16 5 6 27 5 5 1 6 9 15 25 3 8 6 
#22 16 5 13 66 21 11 20 6 15 15 24 35 8 11 
#7 4 33 11 34 5 4 45 5 18 0 29 53 44 20 
#12 4 18 4 19 21 30 11 9 18 0 4 53 63 20 
#15 17 18 9 19 21 7 1 11 11 41 42 29 63 5 
#57 42 6 1 5 9 3 22 46 2 41 42 18 68 5 
#5 42 36 4 2 5 5 3 46 2 13 1 32 3 51 
#0 39 19 20 15 20 36 50 47 9 15 27 25 6 23 
#40 6 20 48 15 4 8 50 21 20 53 4 6 24 12 
#40 4 22 5 51 4 8 0 21 20 34 6 7 37 1 
#9 4 18 1 10 20 35 3 3 15 34 7 4 4 1 
#9 22 9 17 3 8 23 65 14 14 19 16 3 25 9 
#25 6 40 18 2 5 27 0 16 17 10 3 13 48 9 
#15 8 17 8 29 24 60 24 11 37 41 32 12 2 12 
#13 11 7 20 17 1 53 57 8 23 26 24 16 22 35 
#34 23 41 10 41 61 47 7 9 45 11 22 1 13 5 
#22 14 1 10 16 31 22 17 60 11 16 22 9 3 44 
#40 28 28 56 0 17 36 27 45 6 6 38 34 0 13 
#25 30 22 2 35 5 53 47 30 17 10 3 19 1 6 
#11 8 17 22 23 13 20 12 51 29 41 13 19 1 51 
#9 11 7 20 68 27 2 22 2 29 26 16 36 3 22 
#14 3 4 14 26 8 5 3 9 18 16 1 1 27 5 
#17 0 1 10 9 14 45 12 11 11 3 19 61 20 5 
#40 48 24 2 0 30 17 27 45 53 0 38 9 0 13 
#33 30 5 6 35 34 19 29 30 20 11 60 19 1 1 
#4 30 61 22 23 13 14 43 51 18 2 13 13 1 51 
#4 36 13 2 17 27 7 28 2 7 23 16 36 3 22 
#14 22 4 14 27 76 5 3 9 18 16 1 11 14 61 
#22 0 6 64 66 9 45 20 11 2 15 25 29 20 5 
#13 65 11 2 15 21 11 7 0 7 41 44 35 31 11 
#7 12 33 11 27 19 4 45 13 13 11 9 8 48 39 
#7 30 40 4 28 16 14 43 47 18 2 29 53 8 20 
#4 49 18 67 19 21 7 1 9 7 12 4 29 63 0 
#15 11 6 19 5 9 7 1 6 9 34 38 3 14 9 
#57 16 18 1 2 5 23 3 6 2 13 1 18 3 6 
#7 32 36 4 15 21 5 3 2 10 20 3 35 8 51 
#0 4 33 11 7 20 36 45 5 13 22 9 8 6 39 
#23 39 40 48 28 5 3 50 53 18 0 4 6 24 20 
#6 49 22 4 19 4 8 0 21 20 12 4 29 37 17 
#15 17 20 19 10 9 7 22 11 26 34 42 15 4 1 
#57 30 18 1 3 5 3 65 3 15 22 1 18 3 44 
#5 32 36 4 13 5 5 51 45 14 20 16 32 35 51 
24 37 38 47 21 25 
3 2 16 17 49 1 
42 26 6 43 33 32 
41 55 45 23 50 35 
31 7 4 46 58 5 
36 20 14 9 59 22 
#Base: 937
#Max: 384
#409819
#Turn 2
#5 42 36 22 23 13 5 3 51 2 13 1 32 3 51 
#11 8 7 20 68 27 2 12 2 29 41 16 19 3 51 
#9 11 7 20 15 21 2 7 0 29 41 16 35 3 11 
#12 65 18 2 15 21 11 7 9 18 0 4 53 63 11 
#12 4 19 20 19 20 36 50 47 9 0 4 53 63 23 
#34 7 15 32 17 14 47 17 14 2 15 22 16 22 5 
#34 36 4 34 17 14 7 28 14 29 13 25 13 22 5 
#4 36 4 6 17 76 7 28 41 18 7 38 13 16 10 
#13 30 40 6 17 76 14 1 47 7 7 38 53 8 20 
#7 24 40 4 29 24 31 57 47 18 13 24 16 2 20 
#40 30 20 48 15 4 8 29 21 20 11 4 6 1 1 
#40 8 20 8 15 4 8 50 21 23 53 9 6 53 12 
#4 8 17 22 31 13 14 43 36 18 26 9 13 1 51 
#4 30 61 22 23 61 47 7 9 45 11 13 1 13 5 
#34 11 7 20 17 1 47 57 8 23 11 24 1 13 35 
#40 39 24 48 0 5 3 27 45 53 0 38 9 24 20 
#14 22 4 48 28 5 3 3 9 18 16 4 11 14 61 
#14 42 4 1 27 9 3 22 46 2 41 1 18 68 61 
#57 49 6 1 5 9 7 1 46 2 12 42 18 68 5 
#4 49 28 67 0 21 7 1 9 7 6 38 34 0 13 
#47 11 41 8 41 24 53 24 11 37 41 22 12 5 35 
#47 11 41 56 41 31 53 32 60 23 15 15 34 5 13 
#30 14 15 56 66 31 45 34 60 2 15 15 29 20 13 
#22 30 6 64 66 9 3 20 11 2 22 25 29 3 44 
#57 6 18 8 31 5 53 65 3 15 41 1 18 3 44 
#7 4 33 2 34 5 4 47 30 18 10 3 19 1 6 
#7 0 33 64 34 5 4 37 0 53 0 29 9 31 5 
#13 0 24 10 9 17 17 37 45 6 0 19 9 31 5 
#5 32 36 4 16 30 5 27 45 14 20 19 32 35 51 
#5 17 36 9 13 5 7 1 11 11 41 16 29 63 51 
#22 42 15 4 21 5 47 17 46 2 13 1 32 3 51 
#34 8 7 34 17 13 20 12 14 29 13 25 16 22 5 
#9 36 4 67 17 19 2 22 47 18 26 16 13 3 22 
#13 65 4 6 15 21 7 7 0 7 41 44 25 31 11 
#12 4 18 4 28 21 14 43 47 18 0 4 53 8 20 
#15 39 7 20 29 20 36 50 11 9 15 24 25 6 23 
#22 23 5 6 35 34 47 17 14 2 11 22 19 3 5 
#34 6 7 48 15 14 47 57 14 20 53 4 6 22 12 
#47 8 17 8 17 19 7 32 47 23 26 9 5 16 35 
#13 36 61 6 23 76 14 43 41 7 7 13 25 1 0 
#7 30 40 4 41 61 47 43 9 45 11 22 1 8 20 
#15 11 7 20 29 24 31 57 8 34 13 24 16 2 35 
#40 48 5 2 0 34 19 27 45 53 0 38 9 1 13 
#40 39 20 48 15 5 8 50 21 18 53 4 6 24 12 
#47 8 4 8 31 76 53 3 36 23 26 1 11 14 61 
#4 42 61 1 23 9 14 43 46 18 41 13 13 1 5 
#4 23 18 10 19 21 7 7 9 7 11 4 29 13 0 
#40 11 28 56 0 17 36 57 45 23 6 38 34 22 13 
#15 8 17 2 0 24 60 27 11 53 0 38 9 0 13 
#23 11 41 20 28 1 3 50 14 18 11 22 6 24 35 
#30 22 4 56 21 76 5 3 9 18 16 15 11 11 61 
#57 42 6 64 66 9 3 20 46 2 41 25 18 68 5 
#57 49 18 1 3 21 3 65 9 15 12 4 18 63 44 
#40 6 28 56 0 17 36 27 37 6 41 38 34 53 12 
#15 30 17 8 29 24 60 24 11 17 10 32 19 2 6 
#47 11 41 11 41 5 4 32 14 23 11 22 1 44 35 
#13 14 24 56 9 17 17 34 60 53 0 29 34 11 5 
#22 0 1 64 16 9 0 20 45 2 15 19 61 0 45 
#57 30 18 4 13 5 5 65 3 14 20 1 18 3 51 
#25 6 17 9 31 21 53 19 11 37 41 42 29 53 12 
9 19 7 57 15 11 
29 42 59 50 3 45 
43 20 8 52 39 37 
4 17 22 51 21 47 
1 56 53 44 24 23 
32 58 13 18 40 26 
#Base: 937
#Max: 477
#509072
#Turn 3
#4 49 40 4 29 21 7 1 9 7 6 24 16 0 20 
#4 36 28 67 0 76 7 28 9 18 6 38 34 0 13 
#22 0 4 6 17 76 7 20 45 2 7 38 13 0 10 
#22 0 1 48 16 5 3 20 45 2 15 38 9 24 20 
#40 39 20 48 0 4 3 50 21 53 53 38 6 53 20 
#5 17 5 2 13 5 19 1 45 11 41 16 29 1 51 
#40 48 17 2 0 21 53 27 45 37 0 38 9 1 12 
#30 22 17 56 31 21 5 3 9 18 16 42 11 53 12 
#12 65 4 2 21 76 11 3 9 18 0 15 11 63 61 
#12 42 18 1 15 21 11 43 46 18 0 13 13 63 5 
#47 39 41 48 41 5 53 24 11 37 41 22 6 5 35 
#13 30 40 8 17 24 14 24 11 37 41 38 53 8 20 
#13 49 18 1 17 76 3 1 47 7 12 38 18 8 44 
#13 36 61 1 3 21 14 43 9 15 7 4 25 63 44 
#34 36 7 48 23 76 47 43 41 20 7 4 6 22 12 
#14 4 19 20 19 20 3 22 46 9 0 4 18 68 23 
#30 42 4 1 66 9 3 22 60 2 41 1 18 68 61 
#30 42 15 64 66 31 45 20 46 2 15 25 29 20 5 
#47 42 41 56 66 31 3 32 60 23 15 15 34 68 13 
#47 11 28 56 0 31 36 32 45 23 15 38 34 22 13 
#11 8 24 56 9 17 17 34 60 29 0 16 34 3 5 
#40 6 28 56 9 17 36 34 37 53 0 38 34 53 12 
#40 8 28 56 31 76 53 27 36 6 26 1 34 53 61 
#57 8 4 8 31 76 53 65 3 15 26 1 11 3 44 
#22 6 6 8 31 5 3 20 11 15 22 1 18 3 44 
#9 30 18 67 13 19 5 22 47 14 20 16 13 3 22 
#4 30 61 22 13 5 47 7 3 45 11 1 1 3 5 
#57 49 61 1 5 9 47 7 9 2 12 13 1 68 5 
#7 49 40 1 5 9 7 43 9 45 12 22 18 8 5 
#7 30 40 4 34 5 4 43 0 45 11 29 1 8 5 
#5 17 40 4 13 5 7 1 11 18 41 24 29 2 20 
#4 48 5 2 0 34 19 27 45 7 0 38 9 0 13 
#4 6 4 9 31 76 7 28 11 18 41 42 29 16 10 
#22 0 1 64 16 76 5 3 9 18 15 19 61 11 61 
#12 39 24 48 15 21 3 27 45 53 0 4 53 63 20 
#40 8 61 8 23 4 8 43 46 18 53 13 6 1 12 
#5 17 20 48 13 5 8 50 11 11 53 16 29 63 51 
#40 48 5 2 0 34 53 27 45 53 0 22 9 1 35 
#25 30 40 6 31 76 53 1 11 37 41 38 29 53 20 
#57 49 18 56 21 76 3 3 9 18 16 4 18 63 61 
#13 65 61 2 15 76 14 43 41 7 7 4 25 1 11 
#34 42 7 48 23 9 47 57 46 20 41 13 13 1 12 
#40 4 20 48 19 5 36 50 47 18 53 4 6 24 23 
#14 11 4 1 27 9 3 22 46 37 41 22 12 5 35 
#30 30 40 56 17 76 14 1 47 7 7 15 29 20 20 
#57 42 18 1 66 9 3 20 46 2 12 4 18 68 5 
#47 36 61 6 23 76 14 43 41 23 7 15 25 5 0 
#40 6 7 56 0 14 47 57 45 23 53 4 34 22 12 
#12 8 19 20 19 20 36 50 47 29 0 4 19 3 51 
#13 14 24 1 9 17 17 22 46 2 41 29 18 11 5 
#30 14 28 56 66 31 36 34 60 6 15 38 34 20 12 
#57 8 4 64 66 76 53 20 36 2 26 1 18 68 61 
#57 6 18 56 31 5 53 32 3 23 15 1 18 3 13 
#22 11 28 64 0 9 36 20 45 2 22 38 34 3 44 
#9 8 7 67 17 27 2 12 47 18 26 16 19 3 22 
#57 30 18 4 13 17 17 34 60 53 20 29 18 3 51 
#40 6 28 22 0 17 36 27 9 45 41 13 34 13 5 
#57 49 4 8 31 9 53 1 36 2 26 42 18 14 5 
#7 30 18 4 31 61 53 43 3 15 11 22 18 3 20 
#7 30 6 64 34 9 4 37 0 2 22 25 9 31 5 
6 35 41 47 55 53 
57 13 44 23 27 37 
19 10 8 16 38 1 
4 33 39 51 22 46 
42 21 17 18 50 45 
32 36 34 40 14 12 
#Base: 937
#Max: 560
#597652
#Turn 4
#40 48 17 2 23 21 8 43 45 18 0 13 6 1 12 
#34 8 7 8 23 4 47 57 46 18 53 13 6 1 12 
#40 42 7 56 0 14 47 57 45 20 53 4 34 22 12 
#40 30 18 4 0 14 17 34 45 23 53 29 34 22 12 
#57 30 28 4 13 9 36 34 60 2 22 29 18 3 44 
#13 49 4 8 31 21 53 1 9 15 7 4 18 14 5 
#30 30 40 1 3 21 14 43 47 7 7 15 25 20 44 
#30 30 40 56 31 76 14 65 3 15 26 1 11 20 20 
#57 8 4 1 5 9 53 7 3 2 12 13 11 3 5 
#40 48 5 1 5 34 53 7 45 53 12 22 9 68 35 
#47 11 41 48 41 5 36 32 11 23 41 22 6 5 13 
#12 39 41 2 41 5 53 24 11 37 0 15 6 63 35 
#12 42 4 1 66 76 3 22 9 2 0 1 18 63 61 
#25 30 40 1 31 9 53 1 60 2 41 1 18 68 61 
#25 36 40 67 0 76 7 1 11 37 6 38 34 0 20 
#22 0 20 48 16 76 5 3 9 53 53 38 6 11 61 
#22 49 1 56 16 76 3 3 9 18 16 19 61 63 61 
#57 49 18 64 21 76 3 3 9 18 16 4 18 68 61 
#57 8 4 56 31 76 53 27 36 6 26 1 34 53 61 
#47 36 61 56 31 76 53 43 36 23 7 1 25 53 0 
#40 4 20 56 9 17 36 34 47 18 53 38 6 53 23 
#30 6 15 56 9 17 36 34 46 2 0 38 34 53 5 
#30 42 15 56 66 31 3 20 60 23 15 25 34 20 13 
#47 42 28 56 66 31 36 32 60 6 15 38 34 68 12 
#57 14 18 1 66 31 3 20 46 6 15 4 18 20 5 
#5 6 4 9 31 5 8 28 11 11 53 16 29 63 10 
#5 39 24 48 13 21 8 50 45 11 0 4 29 63 51 
#12 65 24 2 15 76 14 27 41 53 0 4 53 1 11 
#34 36 61 48 15 76 47 43 41 7 7 4 25 22 12 
#13 36 18 1 23 76 47 43 41 20 12 4 6 8 12 
#40 48 4 2 31 9 53 1 36 2 0 42 18 1 12 
#40 36 61 8 3 21 14 43 9 15 53 13 25 63 44 
#30 30 40 48 17 76 14 57 47 7 7 13 29 1 20 
#40 8 7 8 31 76 53 65 45 23 53 1 11 3 12 
#57 30 61 1 5 9 17 34 9 2 20 29 18 3 5 
#40 11 5 64 0 9 53 27 45 2 0 38 9 3 35 
#57 49 4 56 31 9 53 1 36 2 15 38 18 22 13 
#47 36 41 48 3 21 14 43 11 15 7 22 6 63 44 
#12 65 40 2 21 76 14 3 9 18 7 15 11 20 20 
#30 42 4 8 66 9 53 65 60 15 41 1 18 68 44 
#57 30 40 6 5 76 47 1 11 2 41 38 29 68 5 
#40 36 28 67 0 76 53 28 9 18 6 38 34 1 35 
#47 39 28 48 0 31 3 50 21 23 15 38 34 22 13 
#22 39 41 48 16 76 53 24 11 37 15 22 61 5 35 
#12 65 18 56 21 76 11 3 9 18 0 15 11 63 61 
#30 42 4 1 66 9 3 20 60 2 41 1 18 68 61 
#25 8 28 6 31 76 53 1 36 6 41 38 34 53 20 
#47 36 28 6 0 76 7 28 41 23 7 38 34 5 0 
#40 4 20 48 0 4 3 50 47 18 53 4 6 24 23 
#40 6 1 56 16 17 5 34 37 53 15 19 61 11 61 
#57 49 18 56 21 76 3 3 46 2 16 4 29 20 61 
#47 8 41 56 66 31 53 20 36 2 26 1 18 68 13 
#40 8 28 56 66 76 53 34 36 6 26 1 34 53 12 
#47 42 61 1 66 76 14 43 46 2 7 4 18 5 0 
#40 6 20 9 19 76 7 50 11 18 41 4 6 16 23 
#5 6 28 56 9 17 8 34 37 53 53 38 34 53 51 
#30 42 15 64 66 31 45 27 45 53 0 4 29 20 5 
#13 42 61 2 66 31 14 32 60 7 15 4 34 68 13 
#34 36 28 48 23 31 47 43 41 20 15 4 34 20 12 
#57 42 18 1 17 76 3 1 46 7 12 38 18 8 44 
26 20 9 56 46 22 
14 32 55 16 13 2 
31 12 51 52 17 15 
57 50 18 19 39 40 
49 33 53 23 44 28 
59 7 45 43 41 27 
#Base: 937
#Max: 571
#609392
#Turn 5
#5 4 20 56 9 21 8 50 45 11 0 4 29 63 23 
#40 4 20 56 5 34 53 34 47 53 53 22 9 68 23 
#40 48 15 64 5 34 45 7 45 53 12 4 29 68 35 
#25 8 28 6 66 31 45 1 36 6 0 4 34 20 20 
#30 42 28 6 31 76 3 1 60 23 41 25 34 20 13 
#25 36 40 67 0 76 7 57 11 7 6 13 34 1 20 
#5 30 40 48 17 17 8 34 37 7 53 13 34 1 51 
#5 6 28 56 16 17 8 34 37 18 53 19 61 63 51 
#22 49 40 56 16 9 3 3 60 18 16 1 18 63 61 
#40 30 7 56 31 9 53 1 45 2 41 1 18 22 61 
#40 36 4 1 66 76 3 43 9 15 53 1 25 63 44 
#47 42 4 56 66 31 53 20 36 2 0 1 18 68 13 
#40 8 28 56 66 31 53 20 36 2 26 1 18 68 12 
#40 8 28 56 66 76 53 34 36 18 26 1 18 53 12 
#22 49 20 48 21 76 5 3 9 53 53 4 6 11 61 
#57 49 18 2 21 76 3 3 60 2 16 4 29 20 61 
#57 8 18 56 31 76 3 3 46 2 26 1 29 20 61 
#47 36 4 56 31 76 53 27 36 6 26 1 25 53 61 
#47 36 61 8 31 9 53 65 60 15 7 1 25 68 44 
#30 30 40 6 5 9 53 65 60 2 41 38 29 68 5 
#40 6 7 8 16 17 53 65 37 23 53 19 61 11 12 
#47 42 7 1 31 76 14 43 46 2 53 1 18 3 12 
#47 42 61 1 66 31 14 43 60 6 15 38 18 5 12 
#12 42 28 56 21 76 11 32 60 18 0 38 11 68 61 
#12 36 61 56 21 76 47 3 41 18 0 15 11 63 61 
#30 42 40 56 31 76 3 1 3 7 12 1 18 8 44 
#30 30 40 56 31 9 14 20 3 2 41 1 11 68 20 
#30 42 4 48 16 76 53 20 60 2 41 22 18 5 35 
#40 39 28 48 0 76 53 24 9 37 15 22 34 1 35 
#40 65 28 67 0 76 14 27 41 53 6 4 53 1 35 
#5 36 40 67 13 76 8 1 45 37 0 38 34 0 20 
#40 4 40 56 17 76 36 34 47 18 7 38 6 53 20 
#5 48 28 56 5 17 8 34 37 53 53 22 34 68 51 
#30 49 15 56 16 31 45 3 45 18 0 19 61 63 61 
#25 30 28 6 31 9 53 1 36 6 41 38 34 53 61 
#30 42 7 56 0 31 47 20 45 23 15 25 34 22 13 
#40 36 40 67 3 21 14 1 11 15 53 38 25 63 44 
#12 42 4 48 17 76 14 22 47 2 0 1 29 1 20 
#47 8 28 56 66 31 8 34 36 53 53 1 34 53 13 
#40 49 28 56 66 76 3 34 9 6 16 1 61 53 61 
#57 30 18 64 21 76 3 3 9 18 16 4 18 68 61 
#40 42 20 48 16 14 5 57 45 20 53 4 34 22 61 
#40 36 61 8 3 21 14 32 60 7 15 4 25 68 44 
#12 42 18 56 21 76 3 3 46 2 0 4 18 20 61 
#57 8 4 56 66 31 53 27 36 2 26 1 34 68 61 
#40 36 28 56 66 76 53 34 36 23 7 1 34 53 12 
#30 42 18 8 21 9 53 3 60 18 16 4 18 68 44 
#22 30 40 48 16 76 5 3 11 2 41 38 29 68 61 
#13 42 61 56 16 17 5 32 60 53 15 4 34 68 13 
#40 49 18 8 31 76 53 3 46 23 16 4 29 20 12 
#47 42 4 56 31 76 53 43 36 6 7 4 34 53 0 
#47 42 28 56 66 76 53 32 60 6 15 1 25 53 12 
#12 42 4 8 66 76 53 65 60 15 0 15 18 68 61 
#57 36 61 6 5 76 47 1 41 2 41 38 29 68 12 
#57 6 18 1 16 76 5 34 37 53 15 38 61 11 44 
#40 30 40 56 31 76 53 65 3 23 53 1 11 20 20 
#47 42 61 1 66 76 14 43 60 2 41 4 18 68 61 
#22 42 28 56 66 31 53 24 11 37 15 22 34 68 35 
#12 65 28 67 0 76 53 3 9 18 6 15 11 63 61 
#34 65 61 2 15 76 14 43 41 7 7 4 25 1 12 
16 14 48 38 40 12 
7 11 50 44 10 31 
54 32 53 45 23 47 
55 24 51 56 39 29 
27 1 58 52 18 57 
36 2 33 17 13 19 
#Base: 937
#Max: 604
#644610
#Turn 6
#57 8 18 56 31 76 5 3 46 2 26 4 29 20 61 
#22 49 20 48 21 17 5 3 60 53 53 4 34 68 61 
#13 8 61 56 16 31 8 32 60 53 15 4 34 53 13 
#57 8 18 56 66 76 3 3 36 18 16 1 34 68 13 
#57 30 18 64 21 31 53 20 9 18 16 4 18 68 12 
#47 6 4 56 16 31 53 34 36 2 53 1 18 68 51 
#47 42 4 56 66 76 53 20 36 2 7 4 18 68 13 
#57 42 4 56 31 76 53 43 36 2 26 4 34 53 61 
#57 8 4 1 66 31 53 27 9 2 53 1 25 68 61 
#40 4 4 1 17 76 36 43 47 18 53 1 6 53 20 
#5 6 28 1 16 17 8 34 37 53 15 22 61 11 44 
#5 48 61 6 5 17 8 34 41 53 53 22 34 68 12 
#57 36 61 6 5 76 47 34 36 23 41 1 34 68 12 
#40 42 28 56 21 76 11 34 36 18 7 1 34 68 61 
#22 42 28 56 21 76 5 32 60 2 0 38 29 68 61 
#12 36 61 56 31 76 47 3 3 18 0 1 11 63 20 
#12 42 28 56 66 76 47 3 41 18 15 1 11 63 12 
#47 42 61 1 66 76 14 43 60 2 15 1 18 68 12 
#40 42 61 1 66 76 3 43 60 6 41 4 61 53 61 
#40 49 28 67 0 76 14 27 9 53 16 4 61 1 35 
#40 42 4 48 16 34 53 20 60 53 53 22 18 68 35 
#40 65 28 56 0 76 53 3 9 53 53 22 9 63 61 
#12 65 28 8 66 76 53 65 9 18 6 15 18 68 61 
#12 36 4 8 31 76 53 65 60 15 7 1 25 68 44 
#22 42 61 8 31 9 53 24 60 15 15 22 34 68 35 
#40 48 40 64 3 21 14 1 11 15 12 4 25 68 44 
#40 49 15 56 5 34 45 3 45 18 0 19 61 63 61 
#30 36 4 56 31 31 53 3 36 6 26 1 61 63 61 
#47 8 28 56 66 76 53 27 36 18 26 1 18 53 12 
#40 30 40 56 66 76 53 65 36 2 41 38 29 53 12 
#57 8 28 56 31 76 3 3 46 2 53 19 61 63 61 
#47 49 20 48 21 31 53 3 36 2 53 4 6 68 61 
#47 42 61 56 31 17 53 43 60 6 7 4 34 68 0 
#57 8 4 56 66 31 8 27 36 2 53 1 34 53 61 
#57 30 4 64 66 76 3 43 9 15 53 4 18 63 61 
#40 4 40 56 66 31 53 34 36 2 26 1 6 53 20 
#5 6 28 56 16 76 8 34 37 53 15 38 61 63 44 
#47 48 28 56 5 31 8 34 37 2 0 1 34 68 13 
#47 36 4 56 31 76 47 1 41 6 41 38 29 68 12 
#40 36 28 56 66 31 53 34 36 23 7 1 34 68 61 
#40 42 4 56 21 76 11 32 9 15 0 1 11 63 44 
#40 4 40 48 16 76 5 3 11 18 41 38 6 68 61 
#57 30 40 1 31 76 53 34 37 53 53 38 11 11 44 
#12 48 28 56 21 17 47 34 37 18 53 22 11 68 51 
#47 36 28 6 5 76 53 32 41 6 15 38 25 53 12 
#47 42 61 1 66 76 14 43 60 2 41 4 34 53 12 
#12 42 28 56 21 76 11 34 9 6 16 38 11 53 61 
#40 65 40 67 16 76 14 3 41 2 6 38 29 68 61 
#40 30 4 56 16 76 53 20 60 2 53 1 11 5 35 
#12 4 20 56 21 34 53 3 41 18 53 22 9 68 23 
#12 65 28 56 0 76 53 32 9 6 15 15 11 53 12 
#12 42 4 1 66 76 14 65 60 15 0 4 18 68 61 
#47 36 61 8 66 9 53 34 60 15 16 1 61 53 44 
#22 65 28 56 66 31 14 24 11 53 6 4 53 68 35 
#30 36 40 67 3 76 53 1 60 2 41 38 18 5 44 
#40 48 20 56 5 34 45 7 45 53 12 22 9 68 23 
#30 65 28 67 16 31 45 3 9 18 6 15 61 63 61 
#47 36 4 56 31 76 53 27 60 6 0 1 25 68 61 
#47 8 61 8 66 9 53 34 36 15 7 1 18 53 44 
#30 30 28 56 66 9 53 24 60 2 15 38 34 68 35 
27 16 54 36 13 33 
31 1 32 47 59 56 
23 53 7 34 30 38 
17 57 22 18 21 39 
26 12 42 29 45 20 
43 6 51 52 14 28 
#Base: 937
#Max: 637
#679829
#Turn 7
#30 42 4 56 66 76 47 3 41 6 15 1 61 63 61 
#12 36 28 67 3 76 47 1 41 18 15 1 18 5 12 
#30 6 40 67 16 76 8 34 60 53 41 38 18 5 44 
#40 6 28 56 21 76 11 34 37 18 7 38 61 63 61 
#57 42 4 56 21 76 11 34 36 2 53 1 34 68 61 
#47 49 20 48 21 31 53 3 60 2 53 4 34 68 61 
#47 49 61 56 21 17 53 43 60 53 7 4 34 68 0 
#40 65 61 67 16 76 53 43 60 6 6 4 29 68 0 
#30 65 40 56 16 76 53 3 41 2 6 38 29 68 35 
#30 65 28 56 66 9 53 24 60 2 15 38 61 68 61 
#22 36 4 56 66 31 53 65 11 53 6 1 25 68 35 
#22 42 4 56 31 76 14 43 11 2 6 4 34 53 35 
#57 42 4 56 31 76 3 43 36 2 53 4 34 53 61 
#57 30 4 64 31 76 3 3 9 2 53 19 61 63 61 
#57 36 28 56 31 76 47 1 41 2 41 19 29 68 12 
#47 36 4 1 66 76 14 27 60 2 0 1 25 68 61 
#12 36 28 8 31 76 53 27 9 18 6 15 18 68 61 
#12 42 28 8 66 76 3 43 9 6 6 4 18 68 61 
#40 42 61 56 66 76 3 43 9 53 41 22 61 63 61 
#40 36 28 56 0 76 53 3 9 23 53 22 9 68 61 
#57 49 61 6 5 34 45 34 45 23 41 19 34 68 61 
#57 30 40 6 31 76 53 34 36 53 41 38 11 68 12 
#40 30 40 56 66 76 53 65 37 53 53 38 29 11 44 
#40 42 61 56 66 76 14 65 60 2 41 4 29 53 12 
#47 42 61 1 16 76 53 43 60 2 41 4 18 68 35 
#12 42 4 56 66 76 47 20 36 2 53 22 11 68 13 
#47 42 4 1 66 76 53 20 60 15 0 4 18 68 13 
#12 36 61 1 66 9 14 34 60 15 16 4 18 53 44 
#22 36 61 56 21 9 5 32 60 2 0 38 61 68 44 
#22 8 28 56 66 76 53 32 60 2 26 1 29 68 12 
#30 49 4 56 21 31 53 3 36 2 26 4 6 63 61 
#22 49 20 56 21 17 47 3 41 18 53 1 34 63 61 
#47 36 40 67 31 76 53 1 60 6 7 38 34 68 44 
#5 6 40 67 16 76 14 3 37 2 6 38 61 68 44 
#40 30 28 56 66 76 53 34 60 18 7 1 34 68 35 
#57 8 28 67 16 31 8 27 36 18 53 1 61 63 61 
#12 49 4 8 31 76 53 65 60 15 53 1 6 68 61 
#22 49 28 48 66 17 14 24 11 53 6 4 34 68 35 
#47 42 4 56 31 76 53 43 60 6 7 4 34 53 0 
#40 65 40 64 16 76 14 3 41 2 6 4 18 68 61 
#57 8 28 56 66 76 53 24 60 2 53 19 34 63 61 
#30 36 28 67 31 76 45 3 9 18 41 38 29 63 61 
#47 42 4 8 66 76 53 65 60 15 15 1 25 68 44 
#22 65 28 56 31 76 53 27 11 6 0 1 25 68 61 
#12 65 4 8 31 76 53 65 36 18 6 15 34 68 61 
#57 30 4 64 66 76 3 43 9 15 53 4 61 63 61 
#57 65 28 56 31 76 53 3 46 53 53 22 9 63 61 
#47 36 28 56 31 76 47 34 41 23 41 1 29 68 12 
#40 49 61 56 5 34 14 3 60 18 15 1 61 68 61 
#57 36 61 6 31 76 53 34 36 6 41 1 25 68 12 
#12 30 28 1 31 76 53 65 9 18 53 15 18 68 61 
#40 30 61 56 66 76 3 43 60 2 41 38 61 53 61 
#47 65 61 56 0 76 53 3 60 2 53 22 34 53 61 
#40 42 28 56 16 31 53 34 60 23 53 22 18 68 35 
#12 48 28 56 5 17 47 3 37 18 0 22 11 63 61 
#57 36 61 6 5 76 47 20 36 23 7 4 34 68 13 
#12 30 4 1 66 76 14 34 37 15 53 4 18 68 44 
#40 36 40 8 66 9 53 65 36 2 41 1 29 53 44 
#47 42 28 1 21 76 5 32 60 2 41 38 29 68 12 
#47 8 4 56 16 34 53 27 36 53 26 1 18 68 12 
43 19 44 24 8 49 
14 13 4 9 41 3 
48 53 23 40 52 47 
0 45 46 18 22 34 
29 36 42 51 32 6 
50 12 20 7 21 5 
#Base: 937
#Max: 697
#743863
#Turn 8
#40 65 28 56 0 76 53 3 9 6 53 1 25 68 61 
#40 65 4 8 0 76 53 65 9 23 53 22 34 68 61 
#47 65 4 8 31 76 53 43 60 18 6 15 18 68 61 
#47 65 61 1 16 76 53 43 41 2 41 4 29 68 35 
#30 65 61 6 16 76 53 3 36 6 6 38 29 68 35 
#57 36 4 64 31 76 3 1 41 2 53 19 61 68 61 
#57 42 4 56 31 76 11 3 36 2 53 19 61 63 61 
#30 65 28 56 21 76 11 34 36 2 15 38 61 68 61 
#30 65 28 56 66 76 53 24 9 18 41 38 61 68 61 
#40 6 28 56 21 76 45 34 9 18 41 38 61 63 61 
#40 42 61 56 5 34 14 3 60 23 53 22 18 68 35 
#40 42 61 56 66 31 14 34 60 23 41 22 29 53 35 
#57 8 61 56 66 76 14 65 60 2 41 4 29 53 61 
#47 65 28 56 66 76 53 24 60 2 53 22 34 63 61 
#47 65 61 56 0 76 47 3 60 23 53 22 34 53 12 
#57 30 4 64 66 76 3 43 41 15 53 1 61 63 61 
#57 65 28 64 31 76 53 43 9 53 53 4 61 63 61 
#57 42 28 56 31 76 53 3 9 53 53 22 61 63 61 
#40 42 61 56 66 76 53 43 37 53 41 38 29 63 44 
#40 30 28 56 66 76 53 34 60 18 53 1 29 11 35 
#12 8 4 56 66 76 53 65 60 15 26 1 6 68 12 
#12 49 4 8 66 76 53 65 60 15 15 1 6 68 44 
#40 42 61 56 66 76 3 65 60 2 41 38 61 68 44 
#40 30 40 56 31 76 3 43 60 2 41 38 61 68 44 
#47 36 40 56 21 17 53 1 60 53 7 4 34 68 0 
#12 30 28 1 31 76 3 43 36 2 53 15 34 68 61 
#57 49 4 6 5 76 3 43 36 2 53 4 34 68 61 
#40 49 61 67 5 76 45 43 60 6 41 19 29 68 61 
#57 30 40 6 31 76 53 43 60 6 41 4 29 68 0 
#47 30 40 6 21 76 53 34 36 53 53 4 11 68 12 
#22 36 28 56 31 76 53 1 11 2 0 19 29 68 61 
#57 30 28 56 0 76 53 3 9 2 53 22 61 68 61 
#12 65 4 56 21 76 11 65 36 2 53 15 34 68 61 
#30 42 28 1 66 9 53 43 60 2 41 38 18 68 35 
#30 36 28 56 31 76 53 3 9 18 6 38 29 68 61 
#40 6 28 6 21 76 11 34 37 18 41 1 25 68 61 
#57 36 28 56 5 34 14 1 41 18 15 19 61 68 12 
#40 30 28 64 16 76 53 3 9 23 53 19 61 68 35 
#40 42 61 56 21 76 11 65 36 2 53 4 29 68 61 
#30 65 28 56 66 9 53 24 60 2 53 19 61 68 61 
#30 65 61 67 31 76 53 3 60 2 53 38 34 63 61 
#47 6 28 56 31 76 11 34 41 23 41 38 29 63 12 
#40 49 61 56 66 76 47 3 41 18 15 1 61 63 61 
#57 30 28 56 66 31 3 34 60 15 53 22 18 68 61 
#40 65 28 56 31 76 53 3 46 53 53 22 9 63 61 
#40 8 28 56 66 76 3 24 9 53 41 22 61 63 61 
#40 30 40 56 0 76 53 65 37 53 53 22 29 53 61 
#40 36 28 56 31 76 47 34 60 18 7 1 34 68 12 
#30 42 28 56 66 76 53 32 41 2 15 1 61 63 12 
#12 49 4 64 31 76 53 43 60 15 53 1 61 68 61 
#57 65 28 56 66 76 53 3 60 15 53 1 25 63 61 
#40 42 61 56 66 76 3 43 60 2 41 38 61 53 61 
#47 36 40 56 31 76 53 1 37 53 53 38 34 68 44 
#47 49 28 56 66 76 53 34 60 18 7 1 34 68 0 
#12 8 28 1 31 76 53 65 9 2 53 15 29 68 12 
#57 42 4 8 31 76 53 43 60 2 53 4 34 53 61 
#57 42 61 8 5 34 45 34 45 15 15 19 34 68 61 
#40 65 61 56 66 76 53 43 60 6 6 4 61 53 61 
#47 36 40 6 31 76 53 34 36 53 41 38 34 68 12 
#47 49 20 56 21 17 53 43 60 53 7 4 34 68 61 
32 1 43 15 11 3 
55 59 14 40 23 9 
53 38 8 13 51 45 
44 50 57 18 16 17 
19 49 52 22 27 39 
31 58 12 46 42 7 
#Base: 937
#Max: 742
#791889
#Turn 9
#12 65 4 8 0 76 53 65 36 23 53 22 34 68 61 
#57 30 4 8 66 76 3 34 60 15 53 22 34 68 61 
#57 30 28 64 66 31 3 43 60 15 53 1 61 68 61 
#40 42 61 56 66 31 14 43 41 23 41 22 29 63 61 
#40 42 61 56 16 31 14 43 60 2 41 22 29 53 35 
#47 49 4 8 21 17 53 43 60 2 53 4 34 53 61 
#47 49 61 56 21 17 47 43 60 23 7 4 34 68 12 
#30 65 61 56 0 76 53 3 60 2 53 22 34 53 12 
#30 65 40 67 31 76 53 43 60 2 53 38 34 63 44 
#40 6 28 56 31 76 3 43 60 18 41 38 61 63 44 
#47 42 61 56 21 76 11 34 60 2 53 1 34 68 61 
#40 65 61 56 66 76 53 24 36 18 53 38 29 68 61 
#30 65 28 56 66 76 53 24 60 18 53 22 61 63 61 
#47 65 61 56 66 76 53 43 60 2 53 22 61 53 61 
#40 42 61 56 66 76 3 24 9 53 41 38 61 53 61 
#57 65 28 56 31 76 53 3 46 15 53 1 9 63 61 
#40 65 28 56 66 76 53 43 60 6 6 4 25 53 61 
#40 42 61 56 66 76 53 43 37 6 41 4 61 53 44 
#40 65 28 56 31 76 53 43 9 53 53 4 61 63 44 
#57 42 28 56 31 76 53 43 9 53 53 4 61 63 61 
#40 49 4 56 31 76 53 34 60 15 53 1 61 11 61 
#47 49 4 64 31 76 53 43 37 53 53 38 61 68 61 
#47 36 40 56 66 76 3 1 60 2 53 38 34 68 44 
#40 42 61 56 66 76 3 43 60 2 41 19 61 68 61 
#40 49 61 56 5 9 53 43 60 2 53 19 61 68 61 
#47 36 28 6 31 76 53 34 36 53 53 38 61 68 12 
#47 8 61 56 31 76 53 34 36 2 41 4 29 68 61 
#40 8 40 56 0 76 14 65 37 53 53 22 29 53 61 
#40 49 40 56 66 76 47 65 37 18 53 22 29 63 61 
#30 49 61 56 21 76 11 34 41 18 15 38 61 63 61 
#57 65 4 56 31 76 11 65 60 2 53 15 34 53 61 
#40 49 20 56 21 76 53 65 9 53 7 4 34 68 61 
#57 65 61 56 0 31 3 34 60 23 53 22 34 68 12 
#57 65 61 64 31 76 3 43 41 15 53 38 61 63 61 
#40 42 61 56 31 31 14 43 60 23 41 38 61 68 44 
#47 6 28 1 21 76 53 34 41 2 41 38 61 68 35 
#57 49 4 56 31 76 53 34 60 2 7 4 34 53 0 
#40 49 61 56 21 76 11 43 60 53 7 4 29 68 61 
#47 65 28 56 66 76 47 24 9 23 53 38 61 68 12 
#47 65 61 67 31 76 53 24 60 2 53 38 34 63 61 
#40 42 61 56 66 76 3 43 60 2 41 38 61 53 44 
#40 6 28 56 66 76 45 34 9 18 41 22 61 63 61 
#47 49 28 56 31 76 53 3 46 18 53 22 34 63 0 
#57 65 28 56 21 76 11 65 36 15 53 1 25 63 61 
#40 65 28 56 66 76 53 24 60 18 41 4 61 53 61 
#40 65 28 56 66 76 53 43 37 53 53 38 34 63 61 
#57 65 61 56 31 76 53 43 9 2 41 4 61 53 61 
#57 42 28 56 66 76 53 24 9 53 41 22 61 63 61 
#40 30 28 56 31 76 53 34 60 18 53 1 29 11 61 
#12 49 4 56 66 76 53 43 60 15 53 1 25 63 61 
#47 36 40 56 66 76 53 1 60 53 6 4 61 68 61 
#40 42 61 56 66 76 53 43 60 53 41 38 29 63 44 
#40 49 61 64 31 76 53 43 60 53 53 4 29 68 61 
#30 65 28 56 31 76 53 3 60 53 53 22 61 63 61 
#40 30 28 56 0 76 53 34 60 2 53 1 61 11 61 
#12 49 4 6 31 76 53 34 36 15 41 38 34 68 12 
#47 8 61 56 31 76 14 1 37 2 41 38 34 53 61 
#40 42 40 56 0 76 53 65 37 2 41 22 29 68 44 
#40 49 61 67 5 76 47 3 41 18 15 19 61 63 61 
#30 65 28 56 66 76 11 24 60 2 53 19 61 68 61 
49 43 3 40 34 2 
30 37 50 12 18 25 
16 38 39 52 21 59 
8 33 11 13 45 53 
24 14 44 51 28 19 
41 46 17 47 23 29 
#Base: 937
#Max: 779
#831377
#57 65 4 56 21 76 11 65 36 15 53 1 25 63 61 
#40 65 28 56 66 76 14 43 36 15 41 22 29 63 61 
#40 42 61 56 66 31 3 43 41 23 41 38 61 63 61 
#40 42 61 56 31 31 3 43 60 2 41 38 61 68 44 
#40 42 28 56 31 31 3 43 60 15 53 1 61 68 61 
#40 65 4 56 21 76 11 65 60 2 7 15 29 53 61 
#40 49 40 56 66 76 11 43 60 53 7 4 61 68 61 
#30 65 28 56 66 76 53 24 60 53 53 4 61 63 61 
#30 65 28 56 66 76 53 24 60 18 53 22 61 63 61 
#47 36 28 56 31 76 53 34 36 53 53 38 61 63 12 
#47 65 28 56 66 76 47 24 9 23 53 4 61 68 61 
#47 65 61 67 31 76 53 24 60 2 53 38 61 63 12 
#47 65 61 67 31 76 53 24 60 53 53 38 34 63 61 
#40 49 61 64 31 76 53 43 37 53 53 4 61 68 61 
#30 65 4 56 31 76 53 43 37 53 53 19 61 68 61 
#30 65 61 67 31 76 53 43 60 2 53 38 34 63 61 
#57 65 61 64 31 76 53 24 41 15 53 38 61 68 61 
#40 65 61 56 66 76 53 24 60 2 53 22 61 68 61 
#40 65 61 56 66 76 53 43 37 53 53 38 61 63 61 
#40 65 28 56 31 76 53 3 37 53 53 22 34 63 61 
#40 42 61 56 66 76 3 43 60 53 53 38 61 53 61 
#40 42 61 56 66 76 53 24 60 18 41 38 61 53 61 
#40 65 28 56 66 76 53 24 60 18 41 38 61 53 44 
#40 42 40 56 66 76 53 43 60 53 41 38 29 63 44 
#40 42 40 56 66 76 47 43 9 18 53 4 29 63 61 
#40 65 28 56 66 76 53 34 9 18 41 22 61 63 61 
#57 65 61 56 66 76 53 43 9 6 41 4 61 53 61 
#57 42 61 56 66 76 53 24 9 6 41 4 61 53 44 
#40 42 28 56 66 76 3 24 9 2 41 22 61 63 61 
#40 42 61 56 21 76 3 43 60 18 15 38 61 68 61 
#12 65 4 56 66 76 53 65 60 2 53 15 25 53 61 
#40 65 61 56 21 76 11 43 36 15 7 1 29 68 61 
#47 36 61 56 66 76 14 43 60 23 6 22 61 63 61 
#40 42 61 56 66 76 3 24 60 18 41 38 61 63 44 
#40 65 28 56 31 76 53 43 60 23 53 4 61 63 44 
#47 36 28 64 31 76 3 43 60 53 53 1 61 68 61 
#57 65 28 56 31 76 11 43 60 6 53 4 25 53 61 
#47 49 28 56 21 76 47 43 9 53 53 4 29 68 61 
#47 65 61 56 66 76 53 24 60 2 53 4 34 63 61 
#30 49 61 64 31 76 53 43 60 53 53 4 29 68 61 
#47 65 4 56 31 76 53 43 9 53 53 38 61 63 44 
#30 36 28 6 31 76 53 34 36 53 53 19 61 68 12 
#40 65 40 56 31 76 53 43 60 2 6 38 34 63 44 
#57 65 61 56 66 76 3 43 41 15 53 38 61 68 61 
#47 65 61 67 31 76 53 24 60 2 53 38 29 68 61 
#40 65 61 56 31 76 53 43 60 53 53 4 29 68 61 
#47 65 4 56 31 76 53 43 37 53 53 38 61 63 61 
#30 65 28 56 31 76 53 24 60 2 53 19 61 68 61 
#30 49 40 56 5 9 53 43 60 2 53 19 61 68 44 
#40 65 61 64 31 76 3 24 41 53 41 38 61 63 61 
#40 65 61 56 66 76 53 24 36 18 53 4 29 53 61 
#47 65 61 56 66 76 53 43 60 53 53 38 29 63 61 
#40 65 28 56 66 76 53 43 37 18 53 38 29 63 61 
#57 42 28 56 31 76 53 3 60 53 53 4 61 63 61 
#40 6 28 56 5 76 53 34 60 18 53 22 61 63 61 
#57 65 61 56 66 76 53 24 9 53 41 38 61 53 61 
#40 42 28 56 66 76 53 43 60 18 41 4 61 53 44 
#57 42 61 56 66 76 53 43 9 53 41 22 29 63 61 
#40 49 61 56 66 76 3 43 60 18 41 22 61 68 61 
#57 49 61 56 31 76 11 43 41 53 15 4 61 63 61 
#Base: 937
#Max: 826
#881537
