#[0] 3, 3
#[1] 4, 3
#[2] 3, 4
#[3] 3, 2
#[4] 2, 3
#[5] 2, 4
#[6] 1, 3
#[7] 2, 2
#[8] 3, 1
#[9] 4, 4
#[10] 5, 3
#[11] 3, 5
#[12] 4, 2
#[13] 3, 0
#[14] 5, 4
#[15] 4, 5
#[16] 5, 2
#[17] 4, 1
#[18] 0, 3
#[19] 1, 4
#[20] 2, 1
#[21] 1, 2
#[22] 2, 5
#[23] 0, 4
#[24] 5, 1
#[25] 0, 2
#[26] 5, 5
#[27] 1, 5
#[28] 2, 0
#[29] 1, 1
#[30] 4, 0
#[31] 0, 5
#[32] 1, 0
#[33] 0, 1
#[34] 5, 0
#[35] 0, 0
#Turn 0
55 36 43 34 23 15 
40 56 53 6 27 39 
35 21 8 13 11 24 
12 46 14 31 59 33 
19 48 49 30 3 41 
4 10 2 44 38 51 
#Base: 950
#Max: 358
#376842
#Turn 1
#8 20 45 15 45 1 2 17 32 27 10 11 22 29 12 
#27 20 45 0 45 1 27 1 23 36 10 11 22 16 30 
#27 9 19 0 49 4 29 14 39 44 2 45 3 16 15 
#5 49 14 26 19 14 2 14 39 2 2 13 3 4 6 
#15 44 11 26 19 14 12 53 3 2 13 13 17 28 30 
#21 11 30 9 8 26 42 51 48 7 40 15 32 17 46 
#21 0 30 9 8 11 60 17 48 7 40 15 15 29 46 
#14 11 41 24 19 14 60 11 35 29 44 14 18 15 3 
#32 11 27 28 1 5 11 61 10 13 44 9 17 17 13 
#32 22 27 40 1 5 18 10 10 3 31 11 17 17 29 
#37 14 39 14 29 31 3 17 17 31 22 26 13 13 4 
#8 18 25 7 29 31 3 35 17 21 29 14 62 36 4 
#72 6 8 7 25 11 6 5 1 29 10 30 30 36 8 
#72 27 33 26 0 8 10 5 61 6 2 29 14 36 20 
#7 21 33 15 0 8 10 59 61 27 4 13 18 5 20 
#1 11 4 16 3 38 11 1 16 11 34 14 52 17 3 
#3 55 2 16 3 15 1 0 0 1 34 14 37 8 17 
#27 6 8 40 6 4 6 3 29 1 83 2 11 23 10 
#27 14 8 3 6 22 6 3 29 16 83 12 11 6 68 
#10 3 4 3 5 25 8 52 9 6 6 24 2 6 68 
#35 19 17 23 34 2 2 11 35 14 43 21 56 2 26 
#7 34 7 15 25 2 12 10 15 46 43 21 56 8 21 
#2 34 23 6 0 19 29 10 4 5 32 22 32 8 23 
#3 6 23 6 0 15 29 15 4 5 13 45 13 20 35 
#3 59 5 47 6 24 14 15 21 18 13 2 23 17 25 
#4 53 1 30 4 12 0 9 20 30 30 28 25 4 18 
#19 53 30 35 25 3 2 11 8 41 20 28 4 4 2 
#19 45 30 35 25 3 2 30 28 10 20 25 4 33 2 
#31 17 35 12 14 13 6 30 12 8 13 6 21 64 1 
#31 17 21 54 5 22 62 9 12 8 13 4 21 26 28 
#24 11 12 2 39 4 42 51 32 27 26 24 32 17 12 
#21 29 45 9 45 1 46 17 4 25 40 15 22 29 30 
#14 0 15 0 49 3 27 1 23 29 20 14 15 15 13 
#5 15 19 23 19 15 29 11 30 11 2 4 18 17 3 
#15 49 27 26 1 14 2 53 41 13 13 13 17 23 6 
#51 44 11 22 8 12 12 34 12 3 13 11 17 17 29 
#37 11 18 2 17 8 4 17 12 31 26 10 32 13 17 
#21 18 30 14 8 31 4 17 17 15 40 14 11 20 46 
#14 35 41 7 22 11 10 13 4 21 10 14 30 36 65 
#69 11 8 26 25 5 6 11 30 29 10 4 14 36 8 
#7 27 33 40 1 5 10 61 10 6 31 3 17 23 20 
#9 2 56 50 21 26 3 10 30 27 4 13 50 17 29 
#37 11 51 52 23 24 4 1 16 11 6 27 13 17 3 
#0 18 25 16 3 38 1 27 17 15 34 14 62 20 4 
#3 35 16 7 10 15 10 0 10 21 10 30 37 70 23 
#27 14 8 26 25 4 6 3 1 16 10 29 11 23 10 
#10 27 26 15 0 22 10 59 61 6 6 3 24 6 20 
#9 3 4 21 5 26 23 18 34 27 4 53 18 17 49 
#35 26 17 15 23 24 11 24 16 11 6 27 6 17 3 
#4 55 7 23 25 2 1 27 0 46 34 14 56 8 21 
#3 6 2 40 10 19 39 10 9 1 32 2 37 8 23 
#27 14 23 1 0 72 6 4 29 5 7 45 1 3 35 
#10 6 5 4 11 15 8 52 9 6 6 24 13 20 68 
#8 8 4 47 5 24 14 23 21 17 11 53 2 17 26 
#4 25 17 15 8 55 9 24 20 30 22 36 6 55 26 
#29 53 7 23 4 12 12 11 15 41 33 28 9 4 21 
#7 34 30 35 25 19 2 10 10 16 32 24 32 33 23 
#2 28 23 14 0 14 6 4 4 27 7 45 1 64 1 
#3 59 5 12 11 15 62 15 12 8 13 47 13 20 28 
#14 25 21 54 6 24 14 23 16 8 18 2 23 53 25 
24 42 30 52 21 43 
47 8 11 51 19 59 
40 39 49 58 6 20 
54 41 5 18 17 12 
57 44 46 13 14 31 
28 2 7 29 38 34 
#Base: 950
#Max: 403
#424211
#Turn 2
#37 11 5 47 6 24 14 1 21 11 13 2 23 17 3 
#37 11 51 2 23 24 42 51 16 27 6 24 13 17 12 
#10 6 5 4 11 15 42 51 9 27 26 24 32 20 68 
#7 6 7 15 11 15 12 10 15 6 43 21 56 8 68 
#7 34 7 16 3 2 1 27 17 15 43 14 56 8 4 
#32 3 4 28 5 26 11 18 10 13 4 53 18 17 49 
#32 11 25 28 29 31 11 35 17 13 29 9 17 17 13 
#8 14 25 1 0 72 3 35 29 21 7 45 1 3 4 
#10 14 4 1 0 72 6 4 29 5 6 24 1 3 35 
#14 25 21 54 5 25 14 23 16 8 18 2 23 6 68 
#7 11 8 26 25 5 10 11 30 29 31 4 14 23 20 
#4 11 8 26 25 5 1 27 0 29 34 4 14 36 21 
#3 55 7 23 25 2 1 27 12 8 13 47 13 20 21 
#3 0 5 9 11 11 62 15 48 8 40 15 13 29 28 
#35 0 30 9 8 2 2 17 35 7 43 15 15 29 26 
#4 2 56 50 21 55 3 24 20 30 22 13 50 17 26 
#21 11 56 50 21 26 3 51 48 27 4 15 32 17 29 
#27 11 30 9 6 22 42 3 29 16 83 12 11 6 68 
#27 6 8 40 6 4 6 3 29 1 83 12 11 23 68 
#27 6 8 7 25 4 6 5 29 1 10 2 30 23 10 
#2 28 23 7 10 15 10 4 4 27 7 45 1 64 23 
#3 27 26 15 0 15 10 0 10 6 6 3 24 6 23 
#10 27 26 26 0 8 10 59 61 6 6 29 24 36 20 
#72 21 33 26 0 8 10 5 61 6 4 29 18 36 20 
#21 21 33 15 45 8 46 17 61 25 40 15 18 5 30 
#27 17 19 0 14 13 29 30 12 44 2 6 3 16 15 
#27 9 41 0 49 4 29 11 35 29 44 45 3 15 15 
#31 11 21 54 5 22 62 11 35 29 44 4 18 26 3 
#31 35 41 54 22 11 10 13 12 21 10 4 21 36 65 
#14 35 27 26 1 14 10 53 4 21 10 14 17 23 65 
#3 3 4 47 6 26 23 15 34 18 13 2 18 17 49 
#32 11 51 52 23 5 4 1 10 11 6 27 13 17 3 
#8 11 25 7 39 4 3 35 17 21 29 24 32 17 12 
#10 6 5 1 0 15 6 52 9 5 6 24 1 3 35 
#7 3 4 3 5 2 8 52 15 46 6 21 56 8 68 
#0 18 21 16 3 24 1 27 16 8 18 14 62 53 4 
#7 3 33 40 5 5 10 18 34 6 31 53 18 23 20 
#69 11 27 28 1 5 11 11 30 29 10 9 14 36 13 
#4 18 7 7 29 2 3 35 0 21 34 14 56 36 21 
#3 14 5 1 11 72 6 15 29 5 13 45 13 3 35 
#10 3 4 9 8 11 60 17 9 7 6 15 2 29 68 
#14 19 17 23 6 2 2 23 35 14 43 21 23 2 25 
#7 27 33 15 8 5 9 61 20 6 31 36 17 55 26 
#9 11 8 26 21 5 3 10 30 27 10 4 50 36 29 
#4 11 30 23 25 26 1 27 0 46 40 14 32 17 21 
#27 14 5 3 6 22 6 3 12 16 83 12 13 20 68 
#21 0 8 40 6 11 6 17 48 1 40 2 11 23 46 
#35 19 8 23 25 2 6 11 1 14 10 30 56 2 8 
#2 25 17 14 0 55 9 24 4 27 22 36 6 64 26 
#3 2 56 50 10 15 3 10 10 27 4 13 37 17 23 
#10 11 30 9 0 22 10 59 48 7 6 3 32 6 20 
#72 14 33 3 0 22 6 5 29 16 2 12 14 36 68 
#7 21 33 40 0 4 6 3 29 27 4 2 11 23 20 
#72 6 8 9 45 11 6 5 1 25 40 30 22 36 8 
#2 17 23 12 14 14 6 4 12 8 13 6 1 64 1 
#27 9 16 0 49 15 10 0 39 21 10 30 3 16 23 
#10 11 26 24 19 14 10 59 61 6 6 14 18 6 3 
#72 27 33 54 0 8 62 5 12 8 2 4 14 26 28 
#7 21 33 7 0 11 10 59 61 21 10 13 30 5 20 
#15 49 27 9 1 14 2 17 4 25 13 15 17 29 6 
36 50 1 29 40 8 
49 35 7 15 9 37 
56 26 16 51 23 58 
53 34 45 17 57 24 
20 3 2 18 28 42 
46 39 48 27 22 13 
#Base: 950
#Max: 411
#432632
#Turn 3
#10 11 33 9 5 22 10 59 48 7 31 53 32 6 20 
#10 11 51 2 0 24 42 51 16 7 6 24 13 17 20 
#37 35 27 2 23 14 42 53 4 27 6 14 17 23 12 
#14 3 4 26 8 11 10 17 9 21 10 14 2 29 65 
#10 14 4 9 8 11 60 17 29 7 6 24 2 29 68 
#3 18 21 50 3 24 1 10 16 8 18 14 62 53 23 
#0 18 21 16 0 72 3 35 16 8 7 14 1 3 4 
#8 2 25 50 21 72 3 24 29 21 22 13 50 17 4 
#4 2 56 50 21 55 14 23 16 8 22 2 50 6 68 
#14 11 21 54 5 25 11 11 30 8 18 2 23 6 68 
#27 9 26 24 49 14 10 11 61 6 6 45 3 6 3 
#27 11 56 0 49 26 3 51 48 29 4 45 3 15 15 
#72 11 33 3 21 22 3 5 29 27 2 15 32 36 68 
#72 14 33 3 0 8 10 5 61 6 4 12 14 36 68 
#7 21 33 26 0 11 10 5 61 6 10 29 18 36 20 
#72 6 4 9 45 2 8 52 1 25 40 21 22 8 8 
#7 14 5 3 6 22 8 52 12 16 6 21 13 8 68 
#27 14 30 9 6 22 42 3 12 16 83 12 13 6 68 
#72 27 30 54 6 8 62 3 29 16 83 12 14 26 28 
#72 27 33 15 45 8 62 5 61 8 2 15 14 5 30 
#7 6 7 15 11 15 12 4 4 6 7 21 56 64 68 
#7 6 7 15 11 15 12 10 9 6 26 24 32 20 68 
#10 6 8 4 11 4 6 3 29 1 26 12 11 23 68 
#31 35 8 54 22 4 10 3 12 21 10 4 11 23 68 
#7 35 41 54 22 5 10 13 12 6 10 4 17 36 65 
#3 0 8 1 6 11 6 17 29 1 13 45 11 23 46 
#2 25 17 1 11 55 6 15 29 27 22 45 6 64 35 
#2 25 21 14 5 55 9 11 35 27 22 36 18 64 3 
#10 11 21 54 0 8 10 11 35 29 44 29 24 26 3 
#10 27 26 26 11 11 62 15 48 6 6 29 13 36 20 
#7 2 56 50 5 15 10 18 34 27 31 53 37 17 20 
#0 18 21 16 3 22 1 59 48 7 18 3 32 53 4 
#8 11 51 1 23 72 42 51 16 21 6 45 13 17 12 
#4 35 27 50 21 14 3 53 20 30 10 13 17 17 26 
#14 3 4 54 8 25 14 23 16 8 18 15 2 6 68 
#10 14 4 1 1 72 11 11 30 29 10 9 1 36 35 
#3 11 56 24 10 14 10 59 10 6 6 14 18 17 23 
#27 18 21 0 3 24 1 11 35 29 18 45 3 53 15 
#8 11 25 1 0 26 3 51 48 21 4 45 32 3 4 
#4 2 33 3 0 55 3 5 29 30 22 12 50 17 26 
#72 21 33 54 5 8 10 23 16 6 4 2 23 6 20 
#69 11 27 28 0 11 10 59 61 29 10 9 14 5 20 
#72 11 26 9 19 11 6 59 1 6 6 30 22 6 8 
#27 3 41 0 5 2 8 52 35 46 44 45 3 15 15 
#21 14 56 50 21 22 6 3 48 16 4 12 32 20 68 
#72 14 33 3 0 22 6 3 29 16 83 12 14 6 68 
#72 21 33 54 0 8 10 5 12 8 2 29 18 26 28 
#7 21 33 7 45 8 10 17 61 21 10 15 30 5 30 
#2 28 23 9 45 11 10 4 4 27 40 45 1 36 8 
#7 3 4 3 11 15 12 10 15 6 43 21 56 8 68 
#27 14 5 3 6 15 6 3 12 27 83 12 32 20 68 
#27 6 30 9 6 22 6 3 29 1 83 12 11 23 68 
#31 35 33 54 0 11 10 13 12 21 10 4 14 36 28 
#21 21 33 15 45 8 9 17 20 6 40 36 18 55 30 
#21 28 8 7 6 15 6 4 4 1 40 2 1 23 23 
#3 6 7 15 11 15 6 15 29 6 13 21 13 3 35 
#2 6 5 14 0 55 9 24 4 27 22 36 6 64 26 
#27 6 8 54 6 4 62 3 35 29 44 4 11 23 68 
#10 27 26 54 0 8 10 59 12 6 10 29 21 36 65 
#7 27 5 9 11 11 62 61 20 6 40 15 13 29 26 
29 49 27 15 43 53 
31 23 46 57 26 5 
40 0 12 13 17 24 
58 32 8 18 19 44 
4 30 41 45 51 7 
56 59 20 50 11 42 
#Base: 950
#Max: 470
#494737
#Turn 4
#10 27 4 3 11 15 12 15 48 6 43 29 13 8 68 
#2 25 4 14 5 55 12 11 15 27 22 21 18 64 3 
#2 6 21 14 5 2 9 11 1 25 22 21 22 64 3 
#27 3 4 0 45 2 8 52 1 25 40 21 3 8 15 
#21 21 33 0 45 8 9 52 35 6 44 45 18 55 15 
#31 35 21 54 22 22 10 3 48 21 18 4 11 23 4 
#72 21 33 54 22 8 10 5 12 21 10 29 11 26 68 
#27 21 33 54 0 4 62 5 12 8 2 4 18 26 28 
#27 25 8 1 6 4 6 15 29 27 44 45 6 64 68 
#3 25 17 1 3 55 1 10 16 27 22 45 6 64 23 
#10 21 33 54 5 8 10 59 16 6 4 2 32 6 20 
#10 11 33 3 5 22 10 59 48 7 31 53 32 6 20 
#72 11 33 3 21 8 10 5 61 6 4 12 32 36 68 
#27 14 33 3 0 8 10 5 12 16 4 12 13 36 68 
#27 14 30 54 22 22 10 3 12 16 10 4 17 36 65 
#10 11 26 1 0 8 42 59 16 21 10 45 13 17 65 
#8 2 51 50 23 55 14 23 16 21 22 2 13 17 12 
#4 27 56 54 6 8 14 3 29 16 22 2 50 26 68 
#72 27 33 54 45 8 62 3 61 16 83 12 14 26 28 
#21 27 33 15 45 8 6 3 61 16 2 12 14 20 68 
#7 2 4 50 5 11 10 18 34 27 31 53 37 29 20 
#69 11 27 50 0 15 10 59 61 27 10 9 37 5 20 
#72 14 27 28 0 11 6 3 61 29 83 9 14 5 68 
#27 14 33 9 0 22 6 3 29 16 83 12 14 6 68 
#27 2 25 50 21 72 6 3 29 21 22 12 11 23 4 
#7 6 5 9 11 11 9 24 20 27 22 15 6 29 26 
#7 6 7 9 11 15 12 4 4 6 40 15 56 64 26 
#7 6 7 15 11 15 12 3 4 27 7 12 32 20 68 
#27 11 5 0 49 15 3 3 48 27 83 45 3 20 68 
#72 11 26 0 19 26 3 59 1 6 6 30 22 6 8 
#10 18 21 16 3 22 62 59 48 7 18 29 13 36 4 
#31 35 4 3 11 15 10 3 15 21 43 21 56 23 68 
#2 21 33 54 0 55 9 5 12 27 22 29 18 64 28 
#27 6 4 9 45 2 62 3 1 29 40 21 11 8 8 
#27 3 41 0 11 55 6 52 29 27 44 45 6 15 35 
#21 18 33 15 45 24 9 10 20 8 40 14 18 53 23 
#0 21 21 16 3 8 10 59 16 6 18 3 23 6 20 
#31 35 33 9 22 4 10 59 12 21 10 4 32 23 20 
#72 21 33 3 0 22 10 5 12 8 2 15 18 36 28 
#27 14 33 54 0 8 10 5 61 6 4 4 14 23 68 
#2 14 17 1 6 55 6 3 29 16 83 12 6 64 35 
#3 18 41 50 3 5 1 10 12 8 10 4 62 36 65 
#72 27 33 54 5 8 10 59 16 6 10 2 21 6 65 
#10 11 33 1 23 72 10 51 16 7 31 53 32 17 20 
#72 11 56 50 21 55 14 5 29 8 2 15 32 6 68 
#72 27 33 54 6 8 62 3 29 6 83 12 14 36 68 
#27 14 33 15 6 8 62 3 12 16 2 12 14 5 30 
#7 14 56 54 21 22 10 3 48 6 4 12 17 36 65 
#10 14 26 9 8 11 10 59 12 7 6 29 21 29 68 
#8 11 51 50 5 72 42 51 16 21 31 53 37 17 20 
#69 2 56 28 0 55 14 59 16 8 10 2 50 6 20 
#72 14 33 3 6 8 62 3 29 16 83 12 14 6 68 
#72 27 30 9 6 22 6 5 61 8 2 12 11 5 68 
#8 2 25 50 21 72 3 3 29 21 4 12 50 20 68 
#10 6 5 9 0 55 60 17 4 27 22 36 2 29 68 
#7 27 56 50 5 15 62 61 34 27 31 15 13 17 20 
#69 11 27 15 0 15 10 59 61 29 10 9 56 5 68 
#27 14 5 3 6 15 6 3 29 27 83 12 32 20 68 
#27 6 30 0 6 22 6 3 29 1 4 12 11 15 68 
#8 2 25 9 21 11 3 59 1 21 22 30 50 17 4 
14 11 54 8 43 31 
15 19 47 49 57 41 
39 4 28 56 44 23 
53 50 51 18 22 55 
30 52 12 45 42 40 
9 34 17 21 6 32 
#Base: 950
#Max: 544
#572632
#Turn 5
#27 11 33 3 22 22 10 59 12 16 31 4 32 6 65 
#10 6 33 9 5 22 60 17 4 7 31 36 2 6 68 
#10 6 8 1 0 4 60 17 4 27 22 45 6 64 68 
#27 11 8 1 23 4 6 51 16 27 44 45 6 64 20 
#10 35 4 3 11 15 10 51 15 7 43 21 56 17 20 
#21 27 33 15 45 8 42 3 61 16 10 12 14 20 65 
#7 14 33 54 45 22 6 3 61 6 4 12 14 36 68 
#8 11 56 50 5 72 10 51 16 6 4 53 37 17 65 
#8 11 5 3 6 72 42 51 16 21 83 12 32 17 20 
#27 18 5 50 3 5 1 10 29 8 83 12 62 36 65 
#21 21 33 0 45 8 10 52 35 6 4 45 14 23 68 
#21 21 5 0 49 15 3 52 48 6 83 45 3 20 15 
#27 11 27 15 0 15 3 59 48 29 10 9 3 5 68 
#72 11 27 15 21 15 14 59 29 8 2 9 32 5 68 
#72 14 56 9 21 55 6 5 29 16 83 12 14 6 68 
#69 2 25 28 0 72 14 59 16 8 4 12 50 6 68 
#69 14 33 3 0 8 62 3 16 16 10 2 50 6 20 
#72 27 33 3 45 8 62 3 29 16 83 12 14 6 28 
#72 14 27 54 45 11 62 3 61 29 83 12 14 5 28 
#72 14 56 28 0 15 6 61 34 29 83 15 14 5 20 
#10 27 21 16 6 22 6 59 61 7 18 12 13 5 68 
#72 11 33 3 21 22 10 5 61 6 4 12 32 5 68 
#72 27 33 3 6 8 62 5 29 6 4 12 32 36 68 
#72 27 33 54 6 8 62 3 29 6 10 2 14 6 68 
#2 27 33 54 5 55 10 3 16 16 83 12 21 64 65 
#3 25 41 1 3 55 6 10 29 27 44 45 6 64 35 
#27 3 56 0 6 55 14 52 29 27 44 45 50 15 35 
#69 27 27 50 6 15 10 3 29 27 10 2 50 5 68 
#72 11 33 50 22 8 10 59 61 27 10 29 11 5 20 
#2 21 33 54 0 55 9 5 12 27 10 29 18 26 28 
#10 11 26 1 0 8 10 3 16 16 10 4 17 17 65 
#21 11 33 15 45 22 6 3 48 16 2 53 32 6 68 
#7 14 5 54 21 22 60 3 4 6 4 12 17 29 65 
#27 25 8 1 5 72 6 51 16 21 44 53 37 17 20 
#27 14 5 3 23 72 6 3 29 27 31 12 32 17 68 
#31 35 4 50 3 15 10 3 12 8 10 21 56 23 68 
#10 14 33 54 0 8 42 59 61 6 10 4 13 23 68 
#21 21 33 0 45 8 9 3 35 6 44 12 14 20 68 
#7 11 56 0 21 22 10 3 48 6 83 45 3 20 65 
#69 11 51 15 5 15 42 59 61 21 10 9 37 5 68 
#72 11 5 3 6 15 14 3 29 27 83 12 32 6 68 
#27 14 41 50 3 5 1 10 12 16 83 12 14 6 65 
#8 2 25 54 0 8 3 3 29 6 4 4 50 20 68 
#69 21 56 0 45 8 14 52 35 6 44 45 50 55 15 
#27 14 5 3 49 8 3 3 29 16 83 45 3 20 68 
#72 11 27 54 45 8 62 59 61 16 10 9 56 26 28 
#72 14 27 28 0 11 6 3 61 29 83 9 14 5 68 
#27 14 33 50 5 22 6 61 29 16 31 12 13 6 20 
#8 18 25 16 3 22 3 59 29 7 4 12 13 36 68 
#72 27 56 28 6 22 6 5 16 8 2 2 50 5 68 
#72 14 33 3 6 8 10 5 61 6 83 12 14 6 68 
#72 27 33 54 45 8 62 3 61 16 83 12 14 26 68 
#72 14 33 28 0 11 6 59 61 29 10 2 21 6 65 
#2 27 17 50 6 55 6 3 34 27 31 15 13 64 20 
#10 25 21 16 3 22 62 59 16 7 18 29 13 36 23 
#27 27 41 9 11 22 6 5 29 27 44 45 6 15 35 
#4 11 33 3 6 8 10 3 29 16 22 2 50 36 68 
#69 27 27 54 6 8 10 3 29 6 83 9 14 5 68 
#72 27 33 54 22 8 10 59 16 6 10 29 11 26 68 
#2 21 17 1 0 55 9 3 29 27 83 12 18 64 28 
41 25 44 38 22 33 
6 59 28 39 23 11 
49 40 7 14 24 8 
50 46 43 51 18 17 
13 26 57 45 19 9 
21 36 52 15 58 27 
#Base: 950
#Max: 584
#614737
#Turn 6
#27 25 41 1 3 55 1 10 29 16 44 45 6 6 35 
#27 25 41 3 49 8 3 3 29 27 44 45 6 64 68 
#27 14 5 3 49 8 10 3 48 16 83 45 3 20 65 
#7 11 56 0 21 22 10 5 29 6 4 12 3 36 65 
#27 27 8 3 5 8 62 5 16 6 44 12 37 17 68 
#7 21 17 54 45 55 9 3 61 6 4 12 14 64 68 
#2 21 33 50 22 55 10 3 61 27 83 29 18 64 20 
#72 11 51 15 22 8 42 59 61 21 10 29 11 5 20 
#69 11 51 15 6 8 62 59 29 21 10 9 14 5 68 
#72 21 5 54 49 8 62 3 29 6 10 45 14 20 15 
#72 27 5 28 6 15 6 3 29 8 83 2 50 5 68 
#72 11 5 3 6 15 14 51 29 27 4 53 32 6 65 
#72 11 56 9 5 72 6 5 16 6 83 12 14 17 65 
#2 14 33 9 5 55 10 3 29 16 83 12 14 6 68 
#2 27 33 3 5 72 10 51 16 16 83 12 21 17 65 
#72 14 27 3 0 8 6 5 61 6 83 9 14 6 68 
#72 21 56 0 0 11 6 3 35 6 44 9 50 5 68 
#72 21 33 54 45 8 14 52 61 6 83 45 50 26 68 
#72 27 33 54 45 8 62 3 61 16 83 12 14 5 68 
#72 14 33 54 45 8 62 3 29 16 83 12 14 5 28 
#72 3 27 15 21 55 14 52 29 27 2 9 50 5 35 
#27 3 56 0 6 8 10 3 29 27 44 9 14 5 68 
#69 11 27 54 45 8 62 3 29 6 10 9 56 26 28 
#72 11 56 54 45 15 6 59 34 16 10 15 56 5 28 
#27 14 5 50 0 5 1 10 34 8 83 12 62 5 20 
#72 11 33 3 21 8 42 5 61 6 4 12 13 5 68 
#72 14 33 28 0 8 6 59 61 29 10 2 21 23 68 
#72 14 25 28 0 11 14 59 61 29 4 12 21 6 68 
#69 2 33 54 0 8 14 59 16 6 4 12 50 6 68 
#69 27 33 50 22 8 10 3 16 6 10 2 50 26 68 
#27 14 33 50 45 5 1 3 61 6 83 12 14 6 65 
#2 21 41 1 3 55 6 3 29 27 83 45 6 64 35 
#72 11 5 3 22 8 10 59 61 16 83 29 3 5 68 
#7 11 51 0 21 22 42 3 61 21 83 45 3 20 68 
#72 27 33 3 6 8 62 3 29 6 10 2 14 6 68 
#21 25 8 1 49 72 3 52 16 21 83 53 3 20 20 
#7 27 33 54 45 22 6 3 61 6 4 2 50 5 68 
#72 21 5 3 0 55 9 3 29 27 83 12 32 6 28 
#72 11 33 50 22 72 10 59 16 6 10 29 11 5 65 
#69 14 51 9 5 55 6 59 29 21 10 12 14 6 68 
#72 27 33 54 5 8 10 3 29 16 10 12 14 6 65 
#8 11 5 3 6 15 3 51 16 21 83 45 3 17 15 
#72 14 33 28 6 8 10 5 61 6 83 12 50 6 68 
#72 11 5 28 0 15 14 3 61 29 83 12 14 6 68 
#69 11 56 0 45 72 14 52 16 6 44 45 50 55 65 
#72 14 33 54 45 55 62 5 29 16 83 12 14 6 68 
#2 27 33 54 45 55 10 3 16 16 83 12 21 64 28 
#8 11 5 3 6 8 62 51 16 21 83 12 14 6 28 
#72 11 27 15 21 15 14 59 61 6 83 9 32 6 68 
#72 14 27 0 6 11 6 52 29 29 83 9 50 5 35 
#69 27 27 54 45 8 14 52 35 6 83 9 14 55 68 
#72 27 33 54 45 8 62 59 61 16 10 12 14 26 68 
#72 14 56 54 0 15 62 3 34 29 83 12 14 5 28 
#72 27 33 50 3 8 62 3 29 8 83 12 14 6 65 
#72 11 27 3 21 22 10 5 61 8 4 12 32 5 68 
#27 3 33 0 6 8 14 59 29 6 44 45 13 15 35 
#69 27 27 54 6 11 10 3 29 6 10 2 21 6 68 
#72 2 27 28 45 8 14 59 61 16 4 9 50 26 68 
#72 14 33 28 0 15 10 61 34 6 10 15 11 26 20 
#69 27 27 50 3 5 10 10 29 27 83 12 62 36 65 
15 27 30 33 14 10 
39 1 5 59 46 49 
22 35 48 50 51 43 
42 6 45 17 18 57 
31 23 32 44 52 12 
7 8 38 53 19 26 
#Base: 950
#Max: 638
#671579
#Turn 7
#72 14 27 3 0 11 14 5 61 29 4 12 14 6 68 
#72 14 33 28 45 11 1 3 61 29 4 12 21 6 68 
#7 14 33 50 45 5 1 3 61 6 83 12 3 20 65 
#7 11 51 3 5 22 10 51 61 16 83 45 3 20 65 
#72 27 5 3 5 72 10 51 29 16 83 12 21 17 65 
#69 14 41 9 5 8 3 3 29 21 44 12 6 6 68 
#27 21 17 54 45 55 3 3 29 6 4 12 6 64 68 
#69 27 27 50 3 55 10 10 29 27 83 12 14 64 68 
#2 27 33 50 45 5 10 3 29 16 83 12 62 36 65 
#2 27 27 0 45 11 10 52 29 29 83 12 21 5 28 
#69 25 8 1 49 8 3 3 16 21 10 9 3 26 28 
#72 25 27 1 21 72 3 52 61 6 83 53 3 6 20 
#69 11 27 15 21 8 14 59 61 6 83 9 14 6 68 
#72 27 33 54 45 8 62 59 35 6 83 12 14 55 68 
#72 27 33 54 45 8 62 59 61 16 10 12 14 26 68 
#72 14 33 50 6 8 10 3 61 27 83 29 18 64 20 
#2 14 33 54 45 55 10 5 29 16 83 12 18 6 20 
#72 14 33 54 45 55 14 52 29 6 83 45 50 26 68 
#72 27 33 54 45 8 14 52 61 16 83 45 50 5 68 
#72 2 33 54 45 8 14 59 61 16 83 9 50 26 68 
#72 21 56 1 45 15 6 3 29 16 83 15 6 64 35 
#72 11 56 3 45 15 6 59 34 16 10 15 3 5 68 
#72 11 56 0 45 8 14 52 61 6 83 45 3 55 65 
#72 14 56 54 0 15 14 52 34 6 83 12 50 5 28 
#72 14 56 54 0 72 62 5 34 6 83 12 14 17 28 
#69 11 51 15 6 8 42 59 61 21 10 9 14 5 68 
#69 11 51 15 6 72 10 59 16 21 10 9 11 5 68 
#72 11 33 50 3 8 10 59 29 8 10 29 11 6 65 
#72 27 33 54 45 8 62 3 29 16 83 12 14 5 65 
#72 14 33 28 0 8 6 59 29 16 83 2 14 23 28 
#72 14 51 9 5 8 6 59 61 21 10 9 14 6 68 
#72 14 25 28 49 8 14 59 29 29 44 12 21 64 68 
#7 14 17 54 45 5 1 3 61 6 4 12 14 6 65 
#7 11 27 0 3 5 42 10 29 21 83 45 3 20 65 
#2 27 33 54 45 55 10 3 16 16 83 12 21 17 65 
#72 14 5 0 6 15 6 52 29 29 83 9 50 5 68 
#69 11 27 9 5 55 62 3 29 21 10 9 14 26 68 
#21 25 8 3 49 8 3 3 16 21 83 45 6 20 20 
#7 21 27 54 21 15 9 59 61 6 83 9 14 6 68 
#69 27 27 54 3 8 10 52 35 6 83 9 14 55 65 
#2 27 33 54 45 55 62 59 16 16 10 12 21 26 28 
#72 11 27 28 6 15 6 52 29 29 83 9 50 6 35 
#72 14 33 54 45 8 10 3 61 6 83 12 56 26 68 
#21 25 8 1 49 72 10 52 16 21 83 53 18 64 20 
#72 14 27 15 45 15 14 5 61 16 83 9 32 6 68 
#72 27 33 54 45 8 14 52 35 6 83 45 50 55 68 
#72 27 33 54 45 8 62 59 61 16 10 12 14 26 68 
#72 2 5 28 45 15 14 59 61 29 83 9 50 6 68 
#72 14 33 1 3 8 10 5 29 6 83 12 50 64 35 
#72 21 33 54 45 15 10 3 34 16 10 15 18 64 20 
#72 11 33 54 45 55 62 59 29 16 83 12 3 6 68 
#69 11 33 0 45 8 14 52 16 6 83 45 50 55 68 
#72 27 33 54 0 15 62 3 34 29 83 12 14 5 28 
#72 2 27 9 45 8 6 5 16 6 4 9 50 17 68 
#72 11 41 1 22 55 42 59 61 27 83 45 11 64 20 
#72 11 56 54 45 8 62 59 34 21 10 15 14 5 68 
#72 11 5 50 22 8 10 59 61 16 83 29 11 5 65 
#72 27 33 0 45 8 14 52 29 8 83 12 14 6 65 
#72 14 33 54 0 8 62 3 29 16 83 12 14 5 28 
#72 11 56 9 0 72 6 59 61 29 83 12 21 23 65 
41 3 4 31 15 57 
38 52 56 19 39 8 
12 11 59 54 50 43 
47 22 18 45 13 51 
20 28 42 17 14 24 
34 23 55 46 7 44 
#Base: 950
#Max: 647
#681053
#Turn 8
#72 11 51 28 5 22 6 52 61 16 83 45 3 6 65 
#7 27 5 3 5 72 10 51 61 16 83 12 21 20 65 
#72 14 5 28 49 72 10 51 29 16 83 12 21 17 65 
#72 14 33 28 49 8 14 59 29 29 83 29 18 64 68 
#72 14 33 50 6 8 10 3 29 8 83 29 14 6 65 
#7 21 27 54 21 15 62 59 61 29 83 12 14 6 68 
#72 11 33 54 22 8 62 3 34 16 83 12 11 5 28 
#72 2 5 50 22 8 10 59 61 16 83 29 11 26 68 
#69 27 33 54 3 8 14 52 35 16 83 9 14 26 65 
#2 27 33 54 3 5 10 52 29 6 83 12 14 55 65 
#69 25 27 1 21 72 14 52 61 6 83 9 3 6 68 
#72 25 56 1 21 72 6 52 61 6 83 53 3 23 65 
#72 11 41 1 0 72 42 59 61 27 83 45 11 23 20 
#72 11 41 1 22 55 42 59 29 16 83 45 11 64 20 
#72 25 8 1 49 72 10 59 16 16 83 53 3 6 68 
#72 11 5 28 45 8 14 59 61 29 83 9 50 55 68 
#72 11 56 0 45 8 14 52 61 16 83 45 3 55 68 
#72 27 33 54 45 8 14 52 61 16 83 45 50 5 68 
#72 27 33 54 45 8 14 52 35 6 83 12 50 55 68 
#69 27 33 54 45 8 14 52 35 6 83 45 50 55 68 
#72 27 33 1 45 15 62 3 29 16 83 12 6 5 35 
#72 27 33 54 45 8 62 3 61 6 83 12 56 5 68 
#72 14 33 54 45 55 14 52 29 6 83 12 56 26 68 
#72 27 33 54 45 55 14 52 61 6 83 12 14 26 68 
#72 27 56 54 45 72 62 59 34 6 83 12 14 26 28 
#72 14 56 54 45 55 14 52 34 16 83 12 21 17 65 
#72 14 56 54 45 15 62 59 34 21 10 12 50 5 28 
#72 27 56 54 45 8 62 59 34 21 10 12 14 5 68 
#72 27 27 54 45 8 62 10 61 16 10 12 14 64 68 
#72 14 27 50 45 15 14 10 61 16 83 9 32 64 68 
#72 21 27 28 21 15 9 59 29 6 83 9 14 6 68 
#7 27 51 3 0 15 62 3 61 16 83 12 3 20 28 
#72 11 5 50 5 72 10 51 61 16 83 12 21 5 65 
#72 2 33 28 45 8 14 59 29 16 44 12 50 26 68 
#69 14 33 54 6 8 10 3 61 27 83 29 18 64 65 
#72 27 33 50 45 8 14 3 29 16 83 12 14 36 65 
#69 21 27 54 21 8 9 59 61 6 83 9 14 6 68 
#72 27 27 54 0 15 62 52 34 6 83 53 14 6 28 
#72 11 56 50 22 72 6 59 61 16 83 29 11 23 65 
#72 2 41 1 45 8 42 59 61 16 83 9 50 64 68 
#69 27 33 54 3 8 62 52 35 6 83 9 3 6 68 
#21 25 8 1 49 72 10 52 16 16 83 53 62 64 65 
#69 11 5 15 45 15 14 59 61 29 83 9 50 6 68 
#72 11 27 0 45 8 3 52 61 6 83 53 3 6 65 
#72 27 56 9 45 8 6 52 61 16 83 12 50 23 68 
#72 11 33 1 45 8 42 52 61 6 83 45 11 64 68 
#72 11 33 54 45 8 62 59 35 16 83 12 3 6 68 
#21 25 8 1 49 72 10 52 16 6 83 45 18 64 68 
#72 21 5 28 45 15 6 59 29 16 83 15 6 64 35 
#72 11 56 0 45 8 62 52 61 6 83 45 14 55 65 
#72 27 33 54 45 8 14 3 61 6 83 45 50 26 68 
#72 14 33 54 45 55 14 52 35 6 83 45 50 26 68 
#72 27 33 54 45 8 62 59 35 16 10 12 14 55 68 
#69 11 56 0 45 72 14 52 16 6 83 12 50 55 68 
#2 21 33 1 45 15 6 3 16 16 83 15 21 64 35 
#72 27 33 54 0 8 62 3 29 6 83 12 14 5 28 
#72 14 56 54 45 8 62 3 61 6 10 12 56 26 68 
#72 14 33 54 45 8 62 59 29 16 10 45 14 26 68 
#69 27 33 54 45 8 62 10 29 16 10 12 14 64 68 
#72 14 56 15 0 15 62 5 34 16 83 12 14 17 28 
5 32 46 21 52 34 
14 27 29 23 16 56 
28 44 39 49 17 13 
11 22 38 51 19 53 
2 50 45 24 18 3 
42 12 41 25 15 57 
#Base: 950
#Max: 652
#686316
#Turn 9
#72 11 5 54 5 72 62 59 61 16 83 12 14 5 65 
#72 11 33 54 5 8 10 59 35 16 83 12 21 6 68 
#72 11 33 54 45 8 62 59 61 16 83 12 3 5 68 
#72 27 33 54 45 8 62 3 61 6 10 12 14 55 68 
#69 27 33 54 6 8 62 59 35 27 83 29 18 55 65 
#72 25 8 54 45 8 62 59 16 21 10 53 3 6 68 
#72 14 56 50 45 15 62 10 61 21 83 12 14 64 68 
#72 27 33 50 45 55 14 52 61 16 83 9 32 64 68 
#72 27 56 0 45 8 14 52 61 16 83 45 14 26 68 
#72 14 56 54 45 8 62 52 61 16 10 45 56 26 68 
#72 27 27 9 45 8 6 52 61 16 10 12 14 64 68 
#72 27 56 9 45 8 6 59 61 16 83 12 50 64 68 
#72 11 56 1 45 8 42 52 61 6 83 9 50 55 68 
#72 11 56 54 45 8 14 52 61 6 83 45 50 55 68 
#72 11 33 1 45 8 42 52 29 16 83 45 50 64 68 
#72 25 33 1 21 55 6 52 29 6 83 53 56 23 65 
#72 11 56 54 22 55 14 59 61 6 83 29 56 23 65 
#72 11 56 50 45 72 14 52 61 6 83 29 11 26 68 
#72 14 33 54 45 8 14 52 35 6 83 45 50 26 68 
#69 11 56 0 45 8 14 52 16 6 83 45 50 55 68 
#72 27 33 54 49 72 14 51 29 6 83 12 21 26 65 
#72 11 33 54 45 8 14 3 61 6 83 45 11 64 68 
#72 27 33 54 45 8 42 59 61 6 83 45 14 64 68 
#72 27 56 54 45 8 62 59 35 6 83 12 50 26 28 
#72 14 33 28 45 8 14 52 29 6 83 12 18 55 68 
#69 11 5 15 45 15 14 59 61 27 83 45 50 23 68 
#72 11 8 1 0 72 10 59 16 27 83 45 11 64 20 
#21 25 8 1 45 55 14 52 34 16 83 12 21 17 65 
#72 14 5 28 45 55 14 59 34 29 83 12 50 55 68 
#72 14 33 28 45 8 62 59 29 29 83 45 50 55 68 
#72 25 8 54 49 72 10 59 16 29 83 12 3 6 68 
#72 11 56 54 45 72 10 59 61 16 10 12 21 5 68 
#72 14 27 50 45 8 14 59 35 16 83 9 32 64 68 
#72 27 33 54 45 55 62 52 61 6 83 12 14 26 68 
#72 27 33 0 45 8 62 52 61 16 10 12 3 55 68 
#69 14 56 54 6 8 62 3 61 6 10 12 18 64 65 
#72 27 27 1 45 8 62 10 16 16 83 53 3 6 68 
#72 27 56 54 45 8 6 52 61 21 10 12 50 5 68 
#72 14 41 50 45 15 42 59 61 16 83 9 50 64 68 
#72 27 56 0 45 8 62 52 61 6 83 45 14 55 65 
#72 27 56 0 45 8 14 52 61 16 83 45 50 55 68 
#72 14 41 54 22 8 62 3 61 16 83 12 11 26 68 
#72 25 56 1 45 8 6 52 61 6 10 53 3 64 68 
#72 14 33 54 45 8 6 52 61 6 83 12 50 26 68 
#72 11 56 50 22 8 6 59 61 16 83 9 50 64 65 
#72 14 33 54 45 8 62 52 35 6 83 45 50 55 68 
#72 27 33 54 45 8 14 52 35 6 83 45 50 55 68 
#69 11 56 0 45 72 14 52 29 16 83 12 11 55 68 
#72 14 5 28 49 72 10 51 61 6 83 53 21 23 65 
#72 27 33 54 45 55 14 3 29 6 83 12 56 26 68 
#72 11 56 50 45 72 42 52 61 16 83 45 11 23 68 
#72 27 33 54 45 55 14 59 34 6 83 12 50 26 68 
#72 27 33 54 45 8 14 52 35 6 83 45 50 55 68 
#72 14 56 0 49 8 14 59 29 6 83 29 18 55 68 
#72 14 5 15 45 15 10 59 61 29 83 12 21 17 65 
#72 11 33 54 45 8 42 59 61 6 83 45 11 26 68 
#72 25 8 1 49 72 10 52 16 6 83 45 62 64 68 
#72 27 56 54 45 55 62 59 34 16 83 12 14 26 65 
#72 27 5 54 45 8 14 52 35 29 83 12 50 55 68 
#72 14 33 54 49 8 14 59 29 16 10 45 14 26 68 
49 43 20 4 55 32 
25 48 44 22 11 58 
18 23 13 57 45 28 
9 33 7 50 29 46 
12 39 52 38 16 6 
47 56 51 17 40 14 
#Base: 950
#Max: 707
#744211
#72 14 33 54 45 55 14 52 29 6 83 12 50 26 68 
#72 14 33 54 45 72 6 51 29 6 83 12 50 26 68 
#69 27 33 54 49 8 62 51 35 6 83 12 18 26 65 
#72 27 33 54 6 8 42 59 35 6 83 29 11 26 65 
#72 14 27 50 45 8 14 59 35 16 83 9 32 26 68 
#69 14 5 28 49 72 14 59 61 6 83 45 50 23 68 
#72 11 56 28 22 72 6 51 61 6 83 9 50 64 65 
#72 11 33 54 22 8 42 59 61 6 83 45 14 64 68 
#72 27 33 54 45 8 42 59 61 6 83 12 50 64 68 
#72 27 56 54 45 8 6 59 35 16 83 12 50 64 68 
#72 27 33 54 45 8 14 59 35 6 83 12 50 26 68 
#72 11 56 54 45 8 14 52 61 6 83 45 50 55 28 
#72 27 56 54 45 55 62 59 34 16 83 12 50 26 65 
#72 27 56 54 45 8 62 59 34 6 83 12 14 55 68 
#72 14 5 28 45 8 62 59 34 29 83 12 50 55 68 
#72 14 56 54 45 55 62 52 61 16 83 45 56 26 68 
#72 27 33 50 45 55 62 52 61 16 83 12 14 64 68 
#72 11 56 50 45 72 42 52 61 16 83 9 32 64 68 
#72 14 33 28 45 8 42 59 29 29 83 45 11 23 68 
#72 27 33 28 45 8 62 52 35 29 83 45 50 55 68 
#72 11 56 1 45 8 62 52 61 6 83 9 50 55 68 
#72 27 33 54 45 8 62 52 35 6 83 45 14 55 68 
#72 27 41 54 45 8 42 59 35 16 83 9 50 55 68 
#72 14 41 50 45 15 14 59 61 6 83 29 56 64 68 
#72 14 56 50 22 55 14 59 61 6 83 29 56 64 68 
#72 25 8 1 45 72 14 52 29 6 83 45 11 55 68 
#72 25 8 1 49 55 14 59 34 6 83 12 50 64 68 
#72 27 33 54 45 72 14 59 34 6 83 12 50 26 68 
#72 27 56 50 45 72 14 52 61 16 83 29 50 55 68 
#72 27 56 1 45 8 42 52 61 16 83 45 50 64 68 
#72 11 5 15 45 15 14 59 61 6 83 12 56 23 68 
#72 14 5 54 45 8 10 52 61 6 83 53 21 23 68 
#72 11 56 54 22 8 14 59 29 6 83 9 21 26 65 
#72 27 33 54 45 8 62 59 61 6 83 29 14 64 65 
#72 11 33 54 45 8 42 59 61 16 83 12 11 64 68 
#72 14 27 50 45 8 14 59 35 16 83 12 50 55 68 
#72 14 33 15 45 15 14 52 61 6 83 45 50 26 68 
#72 27 5 54 49 72 62 59 61 6 83 53 50 23 28 
#72 11 56 54 45 8 14 59 61 16 83 45 50 55 65 
#72 27 56 54 45 8 42 59 34 16 83 45 14 64 68 
#72 27 56 9 45 8 6 52 61 6 83 12 50 55 68 
#72 14 5 54 45 8 14 59 34 29 83 12 50 55 68 
#72 14 56 54 45 8 14 52 61 6 83 45 56 26 68 
#72 27 33 54 45 8 62 59 61 6 83 12 14 26 28 
#72 11 56 54 45 55 14 52 61 16 83 9 50 64 68 
#72 27 56 54 45 72 42 52 34 16 83 12 11 23 68 
#72 14 33 54 45 8 62 52 35 29 83 45 50 55 68 
#72 14 33 28 45 8 14 59 34 29 83 12 50 55 68 
#72 14 56 54 45 8 42 52 61 6 83 9 56 26 68 
#72 27 56 0 45 55 62 52 61 6 83 45 14 55 65 
#72 27 33 54 45 8 14 52 35 16 83 45 32 64 68 
#72 14 56 50 45 72 42 52 61 16 83 45 11 23 68 
#72 11 33 54 22 8 62 59 29 29 83 29 56 23 68 
#72 27 56 50 45 8 62 10 61 21 83 45 50 64 68 
#72 11 56 0 45 72 14 52 29 16 83 12 50 55 68 
#72 27 56 0 49 72 10 52 61 6 83 45 14 64 65 
#72 27 33 54 45 8 14 59 35 6 83 12 50 55 68 
#72 11 41 50 45 15 14 59 61 16 83 29 11 26 68 
#72 27 56 54 45 8 14 59 61 6 83 29 56 55 68 
#72 14 56 1 45 15 62 52 29 21 83 45 50 64 68 
#Base: 950
#Max: 765
#805263
