#[0] 3, 3
#[1] 4, 3
#[2] 3, 4
#[3] 3, 2
#[4] 2, 3
#[5] 2, 4
#[6] 1, 3
#[7] 2, 2
#[8] 3, 1
#[9] 4, 4
#[10] 5, 3
#[11] 3, 5
#[12] 4, 2
#[13] 3, 0
#[14] 5, 4
#[15] 4, 5
#[16] 5, 2
#[17] 4, 1
#[18] 0, 3
#[19] 1, 4
#[20] 2, 1
#[21] 1, 2
#[22] 2, 5
#[23] 0, 4
#[24] 5, 1
#[25] 0, 2
#[26] 5, 5
#[27] 1, 5
#[28] 2, 0
#[29] 1, 1
#[30] 4, 0
#[31] 0, 5
#[32] 1, 0
#[33] 0, 1
#[34] 5, 0
#[35] 0, 0
#Turn 0
33 53 3 31 19 20 
7 15 42 11 2 52 
26 21 35 43 41 34 
55 46 39 16 50 10 
8 54 40 56 0 36 
27 38 14 13 58 9 
#Base: 905
#Max: 354
#391160
#Turn 1
#3 31 49 36 31 13 12 1 13 6 16 7 12 15 45 
#35 6 49 36 3 22 25 11 13 6 3 8 23 16 41 
#22 45 52 9 3 22 16 11 44 5 17 8 47 16 20 
#4 45 30 9 2 47 16 30 15 44 10 17 14 5 11 
#4 52 4 16 29 45 19 30 15 44 18 17 14 14 11 
#27 7 25 29 49 31 10 10 60 7 22 26 9 31 24 
#9 7 9 2 53 28 13 12 5 7 32 14 47 11 32 
#20 7 9 25 53 15 13 8 41 35 4 14 47 10 22 
#15 21 21 25 32 15 19 19 56 35 4 22 5 10 17 
#15 1 24 14 20 46 38 32 54 17 0 24 16 10 2 
#14 21 1 28 17 37 44 7 42 7 29 8 12 4 26 
#43 39 1 39 26 0 44 7 10 10 30 19 4 4 20 
#14 25 12 39 15 22 10 65 43 3 2 64 4 33 16 
#12 6 13 58 16 6 19 9 43 3 2 7 53 33 36 
#12 3 16 27 16 20 2 35 10 1 34 20 53 47 36 
#52 3 22 25 6 5 39 16 5 2 2 18 23 2 57 
#31 29 19 31 6 5 7 27 13 10 2 18 6 6 57 
#28 9 69 31 21 20 9 20 12 10 19 9 1 6 63 
#69 15 5 14 0 61 9 17 39 10 34 8 24 3 16 
#20 44 3 6 5 29 11 4 6 14 34 8 24 18 12 
#39 53 18 12 10 27 23 25 25 5 14 20 9 41 7 
#39 17 18 21 10 19 8 56 23 6 13 20 4 25 21 
#39 59 10 2 2 19 24 64 23 31 63 7 19 25 21 
#34 13 5 2 2 7 24 15 11 31 63 7 12 8 40 
#47 19 9 42 8 25 16 28 17 14 3 9 46 34 40 
#2 10 31 30 24 14 5 7 18 14 11 1 52 47 8 
#29 52 31 30 32 11 37 2 2 41 48 1 2 3 8 
#29 52 13 19 9 28 6 2 11 21 48 11 17 26 16 
#22 29 40 17 24 42 6 23 11 4 9 11 22 26 10 
#2 44 25 17 17 42 38 0 18 20 9 11 25 5 16 
#3 15 25 0 31 6 12 24 17 0 3 7 41 15 24 
#35 7 49 36 34 31 19 1 5 6 16 14 9 37 32 
#9 6 52 6 53 28 25 12 41 3 32 14 47 16 30 
#22 45 13 9 30 2 57 11 44 35 4 5 5 30 17 
#15 31 21 14 32 47 19 30 20 54 0 17 14 0 11 
#29 52 24 14 20 45 19 32 54 18 18 24 35 10 2 
#14 15 1 29 27 15 10 10 60 7 22 26 29 33 26 
#43 7 1 2 17 31 44 46 5 7 11 31 9 37 32 
#9 25 9 39 53 22 10 12 41 3 8 64 4 24 10 
#14 7 13 25 21 15 19 8 43 3 4 5 4 10 16 
#15 21 21 28 32 46 19 9 14 54 2 38 16 2 36 
#30 1 28 27 5 20 2 35 10 17 34 24 46 10 2 
#14 3 22 9 26 13 8 16 4 52 43 8 23 2 26 
#3 6 19 28 17 5 39 27 5 2 30 18 12 4 57 
#31 25 69 31 21 20 7 3 13 10 8 21 4 24 10 
#14 9 13 14 4 61 19 65 43 3 2 7 1 3 63 
#69 3 16 6 0 6 11 9 14 13 2 8 53 2 16 
#30 44 28 7 5 20 2 35 10 14 34 20 2 18 12 
#52 53 22 9 41 13 20 25 25 52 43 4 9 2 7 
#32 12 18 12 6 8 23 27 5 2 2 20 29 41 24 
#39 17 69 31 21 19 7 3 13 6 27 32 6 6 21 
#9 59 5 2 2 61 24 2 11 31 19 7 19 3 15 
#34 15 3 6 8 25 11 17 39 14 34 35 12 2 16 
#20 19 24 7 5 59 32 28 6 16 3 16 2 34 9 
#39 28 22 3 41 27 20 7 25 14 11 27 52 2 7 
#32 12 31 30 10 11 23 8 55 25 7 1 9 41 24 
#39 17 10 21 9 28 9 64 23 21 13 46 2 5 21 
#22 29 5 19 2 7 24 2 11 4 63 11 19 7 15 
#34 10 9 17 8 25 62 15 17 20 16 35 22 31 40 
#47 44 23 42 19 6 30 28 5 43 3 9 46 34 16 
20 54 37 2 44 31 
36 34 24 32 46 4 
9 40 38 48 17 14 
50 59 18 22 12 5 
23 58 26 45 35 33 
55 15 51 13 56 7 
#Base: 905
#Max: 408
#450829
#Turn 2
#39 28 22 3 41 27 23 25 25 5 11 27 52 41 7 
#43 7 22 2 41 27 20 46 5 14 11 27 52 37 7 
#43 7 52 9 3 31 44 46 5 5 17 8 47 37 32 
#22 45 69 9 21 20 7 3 13 5 17 21 4 16 20 
#35 7 49 31 21 31 19 1 13 10 16 14 4 37 10 
#15 15 1 29 32 47 10 10 20 7 0 17 14 33 26 
#47 19 21 14 8 47 16 30 17 54 3 9 14 0 40 
#47 6 52 6 8 28 25 28 17 14 3 9 46 16 40 
#69 3 52 6 0 6 11 12 41 3 32 8 53 16 16 
#4 52 4 6 0 45 11 30 15 13 18 17 14 14 16 
#15 1 21 28 20 46 19 32 54 54 2 38 16 10 2 
#9 25 9 39 32 22 19 12 41 3 8 64 16 2 10 
#52 25 22 39 53 22 20 25 41 52 8 4 9 2 10 
#52 9 69 9 21 20 20 20 12 10 19 9 9 6 7 
#28 9 16 31 21 20 2 20 10 1 34 9 1 47 63 
#47 17 23 31 21 19 30 28 13 43 27 9 6 6 21 
#47 15 23 42 0 61 9 28 39 10 34 8 24 3 16 
#39 59 5 2 2 19 24 17 39 31 63 8 24 25 16 
#39 25 12 2 15 22 24 64 43 31 63 7 19 33 16 
#27 25 25 29 49 31 10 10 60 3 2 26 9 33 16 
#34 10 5 2 8 25 62 15 17 31 16 35 22 8 40 
#34 10 31 30 32 11 62 15 17 20 48 1 2 31 40 
#29 9 31 14 4 61 19 65 43 41 48 7 2 3 63 
#14 52 24 14 4 45 19 32 54 18 2 24 35 10 2 
#22 45 24 9 20 2 19 11 44 35 4 24 5 10 17 
#52 3 22 25 10 11 23 8 55 25 2 1 9 41 57 
#52 59 5 2 2 5 24 16 5 31 19 7 23 2 57 
#12 6 5 58 2 6 24 2 11 3 2 7 53 33 15 
#12 6 13 58 16 6 19 64 23 3 2 46 2 5 36 
#20 7 10 25 53 28 9 8 41 21 13 14 2 5 22 
#14 15 18 12 10 15 10 10 60 7 14 20 9 33 7 
#39 31 22 3 41 27 20 7 20 14 11 17 52 0 11 
#43 19 1 42 8 25 16 46 17 14 3 9 46 37 40 
#22 6 52 9 53 22 25 11 41 5 32 14 47 16 30 
#31 25 16 6 21 6 11 3 14 10 2 8 4 24 10 
#4 52 4 36 34 31 19 30 15 44 16 14 14 14 32 
#15 1 24 14 20 15 38 32 60 17 22 24 29 33 26 
#15 21 21 14 32 47 19 30 14 54 0 38 14 2 36 
#9 19 9 39 53 22 16 28 17 14 8 64 4 34 40 
#9 6 52 9 41 13 20 12 25 3 32 4 9 16 30 
#69 3 16 6 21 6 9 9 14 13 2 9 1 2 63 
#12 52 4 27 16 45 19 30 10 1 34 20 53 47 11 
#39 17 24 14 20 19 38 32 54 17 0 24 6 10 2 
#47 44 23 42 32 6 19 9 14 54 3 9 46 2 16 
#9 15 5 14 53 61 9 17 41 10 34 8 4 3 10 
#52 59 10 2 41 19 20 64 25 52 63 4 9 2 21 
#14 25 69 31 21 20 10 20 12 10 2 9 1 33 16 
#27 3 25 29 49 20 2 35 10 7 34 20 53 31 24 
#39 17 69 31 21 19 24 3 11 31 27 7 6 8 21 
#34 44 9 17 8 25 62 28 17 20 16 9 46 34 40 
#29 15 31 30 0 61 9 17 39 41 34 1 24 3 8 
#14 59 13 2 4 19 24 64 23 3 2 7 19 25 63 
#29 52 12 39 15 22 19 65 54 3 2 24 4 33 2 
#27 7 25 29 49 2 10 10 60 35 4 26 9 30 17 
#34 12 31 30 2 7 24 15 11 25 63 1 9 41 24 
#34 3 22 25 6 5 62 16 17 2 16 35 23 31 40 
#9 59 31 30 2 61 37 2 2 41 48 7 19 3 8 
#12 9 13 14 16 61 19 65 43 3 2 7 53 3 36 
#29 52 10 21 20 28 19 32 54 18 13 46 35 10 21 
#22 7 13 9 30 2 57 11 44 35 4 14 5 10 22 
37 48 23 58 32 7 
53 47 16 56 33 19 
50 26 8 51 52 10 
41 17 57 45 18 12 
6 28 38 22 2 21 
0 1 43 49 25 40 
#Base: 905
#Max: 443
#489503
#Turn 3
#15 21 21 14 32 47 19 30 11 31 0 38 6 2 36 
#14 17 69 31 4 45 19 3 54 31 2 7 35 8 21 
#29 52 10 21 20 45 19 32 54 18 13 46 35 10 21 
#43 19 10 21 20 28 19 32 54 14 3 46 46 37 40 
#43 6 52 6 8 25 16 46 17 14 3 9 46 16 40 
#27 7 25 29 49 2 10 10 10 35 34 26 9 31 24 
#27 15 23 29 0 61 2 35 10 10 34 20 24 3 16 
#47 59 31 42 0 61 37 2 2 41 48 8 19 3 8 
#22 59 31 30 2 22 25 11 41 5 48 7 47 3 30 
#22 25 52 29 53 22 25 10 60 5 2 26 47 16 30 
#52 15 5 30 0 61 9 16 39 31 34 1 24 3 8 
#52 59 52 6 0 6 24 16 41 31 32 7 53 16 16 
#14 3 52 2 4 6 11 64 23 3 2 7 53 25 63 
#29 52 13 2 4 19 19 65 23 3 2 24 19 33 2 
#29 52 21 28 15 46 19 65 54 54 2 24 16 33 2 
#39 59 4 27 2 19 19 17 39 1 63 8 53 25 16 
#12 59 5 14 16 61 24 17 39 31 2 8 53 25 16 
#12 59 10 14 41 61 19 64 25 52 63 4 9 2 21 
#52 25 10 2 41 22 24 64 43 52 63 7 19 2 16 
#52 25 22 39 53 22 20 25 43 52 8 7 19 2 10 
#12 6 21 58 8 6 19 64 23 3 3 46 2 0 40 
#9 19 13 39 16 22 16 28 17 3 2 64 2 34 36 
#9 19 9 39 4 61 16 65 43 41 8 64 4 3 40 
#43 7 52 9 3 61 19 65 43 41 17 8 47 3 63 
#43 7 31 30 32 11 44 15 17 5 48 8 2 31 32 
#39 7 22 2 41 27 20 46 25 14 11 27 52 37 7 
#43 7 22 42 32 27 19 9 5 14 3 9 52 2 16 
#47 44 9 17 32 6 62 9 17 20 3 9 46 2 40 
#52 44 22 17 8 25 23 28 55 20 2 9 46 34 57 
#52 3 16 6 21 11 23 9 55 25 2 9 1 41 57 
#27 21 25 29 49 47 10 10 14 54 4 26 9 2 17 
#27 17 25 29 21 19 24 3 11 7 27 7 53 31 24 
#47 52 24 14 4 45 9 32 54 10 2 24 35 3 2 
#9 59 10 30 20 28 37 2 2 18 13 46 19 3 8 
#22 6 52 42 53 25 25 11 17 5 3 9 46 37 40 
#27 6 52 6 8 31 25 10 17 3 3 9 46 16 16 
#27 7 25 30 0 61 9 10 39 41 34 26 24 30 8 
#52 59 25 29 2 20 24 35 10 7 19 20 53 2 24 
#69 15 23 6 0 6 9 28 41 10 32 8 24 16 16 
#14 59 13 30 4 61 24 64 2 41 48 7 19 25 8 
#29 52 52 39 53 22 19 65 41 5 2 14 4 33 2 
#27 1 25 29 49 31 19 10 54 54 2 26 16 10 2 
#12 52 4 27 16 61 19 17 39 41 34 20 53 3 11 
#39 59 5 2 2 5 24 17 39 31 63 7 23 25 57 
#69 3 52 14 16 61 11 65 43 3 32 8 53 3 16 
#52 59 10 2 41 19 20 64 23 52 2 4 9 2 21 
#39 52 12 39 15 22 19 65 54 3 2 24 4 33 16 
#15 1 21 39 53 22 20 32 54 52 2 4 9 2 2 
#47 19 4 14 8 45 19 30 17 1 3 9 14 0 40 
#39 6 5 58 16 19 24 64 23 3 63 46 2 25 36 
#12 19 13 39 16 22 19 65 17 14 2 64 4 3 40 
#52 9 31 14 4 61 19 65 25 41 48 4 9 2 21 
#39 7 12 2 3 31 24 46 43 31 17 7 19 33 32 
#52 25 22 30 53 22 20 25 41 20 48 1 2 31 40 
#39 19 21 14 8 47 23 30 25 5 3 9 14 41 7 
#43 7 22 2 41 6 20 46 23 14 2 46 52 5 36 
#47 19 9 39 32 6 16 28 14 54 8 9 4 2 16 
#34 9 9 14 4 25 62 65 43 20 48 7 2 34 63 
#43 3 52 25 3 11 44 46 5 5 2 1 9 37 32 
#34 10 16 6 32 11 9 15 17 13 48 9 1 31 40 
29 55 19 46 16 27 
32 8 53 14 42 34 
37 12 49 22 18 3 
43 40 57 23 17 51 
50 15 28 44 39 11 
20 2 9 7 45 1 
#Base: 905
#Max: 481
#531492
#Turn 4
#52 7 22 2 21 6 23 46 55 14 2 46 52 5 36 
#43 7 22 39 41 22 20 25 23 52 2 7 52 5 36 
#39 52 12 39 15 22 20 25 43 3 2 24 19 2 10 
#12 59 12 14 15 22 24 17 39 3 2 8 53 33 16 
#12 44 5 14 16 61 62 9 39 20 3 9 46 25 16 
#22 59 31 30 2 22 9 11 41 10 48 7 35 3 30 
#22 59 31 30 2 22 20 11 41 5 48 1 2 31 40 
#52 52 22 30 53 22 19 65 41 20 48 24 16 31 2 
#29 52 21 28 15 46 19 17 39 41 34 24 53 33 11 
#22 52 4 27 53 25 19 11 39 5 34 9 53 37 11 
#14 3 25 29 4 6 24 64 10 3 19 20 53 2 63 
#14 3 52 58 4 6 11 64 23 3 63 46 2 25 63 
#9 6 9 39 16 19 24 64 23 3 63 46 2 3 36 
#52 25 10 39 41 61 16 64 43 52 63 7 4 2 40 
#43 25 10 2 41 22 19 32 54 52 3 7 46 2 40 
#39 59 5 39 53 22 19 17 41 31 63 7 23 33 57 
#29 52 52 39 53 25 62 65 43 5 2 14 4 33 63 
#34 7 52 9 4 61 62 65 43 41 48 8 47 34 63 
#12 7 52 9 41 61 19 64 25 52 63 8 47 3 21 
#52 59 31 14 41 61 19 65 25 52 48 4 9 2 21 
#12 59 4 27 2 19 19 65 39 14 2 8 53 25 16 
#39 59 4 27 2 19 23 17 39 20 63 8 46 34 16 
#52 3 52 14 16 61 11 28 55 3 2 9 46 34 57 
#69 59 13 14 16 61 11 65 2 3 32 7 19 25 8 
#52 59 52 6 4 61 24 64 2 41 48 7 53 16 16 
#29 52 21 58 8 45 19 32 54 18 13 46 2 10 21 
#29 25 52 21 20 45 25 10 54 18 13 26 35 10 21 
#22 59 31 42 53 22 37 10 60 41 2 8 19 16 30 
#47 59 10 2 0 61 37 64 2 41 48 4 19 2 21 
#14 17 69 2 41 19 20 3 54 31 2 4 35 8 21 
#47 3 24 6 4 11 9 9 54 10 2 24 1 41 2 
#43 59 31 30 2 22 25 46 23 14 2 46 47 5 30 
#52 25 22 39 53 22 20 25 41 20 8 7 19 31 10 
#29 52 12 39 15 22 19 65 54 3 2 24 4 33 16 
#12 59 4 27 16 61 19 17 39 41 2 20 53 25 11 
#47 44 9 42 32 25 25 9 17 20 3 9 46 2 40 
#52 52 24 29 2 20 24 35 54 10 19 24 53 3 24 
#22 59 31 2 2 22 25 11 41 3 48 7 53 25 30 
#39 6 22 58 53 19 24 25 41 3 63 1 2 25 40 
#29 52 21 39 15 61 16 65 43 41 2 24 4 33 40 
#12 25 4 2 41 61 24 64 39 41 34 20 53 2 16 
#43 19 10 21 20 28 25 11 17 14 3 46 46 37 40 
#52 59 5 29 2 20 24 17 39 7 19 20 53 25 57 
#29 3 52 2 53 6 19 64 41 5 2 7 53 25 63 
#39 6 5 58 4 19 62 64 43 3 63 7 2 25 36 
#43 19 9 9 3 61 16 65 43 41 17 8 4 3 63 
#12 59 10 14 41 61 24 64 43 52 63 7 19 2 16 
#52 19 31 21 4 61 19 65 25 41 48 4 9 2 40 
#39 59 5 39 2 5 24 65 39 14 63 7 23 25 40 
#39 52 4 27 2 22 19 65 39 1 63 14 53 25 2 
#34 44 22 14 8 25 23 65 55 20 2 7 2 34 63 
#69 7 52 9 3 61 19 65 43 3 17 8 53 3 16 
#12 59 13 30 41 61 19 64 2 52 48 7 9 2 8 
#52 9 31 6 0 61 19 16 25 41 32 7 9 16 21 
#12 19 13 39 16 6 19 64 17 3 3 46 2 3 40 
#39 59 4 21 20 19 19 32 39 18 13 8 35 25 16 
#52 44 52 29 53 22 23 28 55 5 2 9 47 16 57 
#47 59 31 42 16 61 37 2 2 41 48 8 19 3 16 
#52 59 10 30 41 19 20 64 2 41 2 4 19 2 8 
#14 17 52 31 4 6 19 3 41 31 2 7 35 8 21 
58 36 27 52 45 21 
31 25 23 18 49 38 
42 47 15 19 46 40 
39 11 24 17 13 44 
8 28 7 16 56 43 
34 57 48 51 22 50 
#Base: 905
#Max: 578
#638674
#Turn 5
#52 59 10 30 2 19 20 64 2 10 19 24 53 2 8 
#52 59 24 29 53 22 37 35 60 10 19 24 53 16 30 
#22 59 13 42 41 22 19 10 2 52 2 7 9 16 8 
#43 19 13 30 3 61 19 64 2 52 17 7 9 2 8 
#39 19 9 9 2 19 23 17 43 41 17 8 4 34 16 
#43 52 31 30 2 22 25 46 23 18 2 46 2 10 21 
#29 52 13 58 8 61 19 32 2 3 13 46 19 10 21 
#69 59 52 9 41 61 19 64 2 52 63 7 19 3 21 
#12 52 52 27 2 22 19 65 39 1 63 14 53 3 2 
#39 6 22 58 53 19 19 65 39 3 63 14 2 25 40 
#52 19 5 21 2 20 24 65 25 7 19 4 53 25 57 
#52 19 31 39 53 22 19 65 25 41 48 7 9 2 57 
#52 59 5 14 53 61 19 65 25 31 63 7 23 33 57 
#12 59 10 14 41 61 24 64 43 52 63 7 9 2 16 
#12 25 4 14 41 61 24 64 39 41 63 20 19 2 16 
#14 52 21 39 15 6 16 64 43 41 63 46 4 33 40 
#52 59 52 58 4 61 24 64 23 3 48 46 53 25 16 
#52 7 52 9 4 61 24 64 43 41 48 8 53 34 16 
#52 7 52 39 41 61 16 64 43 52 63 8 47 34 63 
#39 25 10 39 4 19 62 64 43 3 63 7 2 2 40 
#47 59 10 28 15 46 19 64 39 41 48 4 53 33 21 
#52 59 22 30 53 61 37 65 41 20 48 4 16 2 2 
#52 52 22 30 53 25 62 65 41 5 2 14 16 31 63 
#52 44 52 29 53 25 62 28 55 5 2 9 47 16 63 
#29 44 52 2 53 22 23 28 55 5 2 7 53 25 63 
#47 59 31 42 16 61 19 17 39 41 2 8 19 3 16 
#39 59 5 39 16 61 37 65 2 14 48 8 23 3 16 
#69 59 52 9 2 5 19 65 43 14 63 7 23 3 16 
#69 3 52 14 3 61 11 28 55 3 2 9 53 34 57 
#34 3 52 14 8 25 23 65 55 3 2 9 46 34 63 
#43 59 10 30 41 22 25 64 23 14 2 4 19 5 8 
#29 52 21 58 8 20 19 32 54 18 19 46 2 10 21 
#69 59 13 14 16 61 37 10 2 41 2 7 19 25 8 
#12 7 52 9 41 61 19 64 2 52 63 7 47 2 21 
#39 19 4 9 2 61 19 65 43 1 63 14 53 25 63 
#39 6 22 27 53 19 23 25 39 3 63 1 46 25 16 
#43 59 31 29 2 20 25 46 23 14 2 20 47 5 57 
#52 19 21 21 4 61 19 32 25 18 13 4 9 10 40 
#69 59 5 39 16 61 19 65 41 3 32 7 19 33 8 
#52 7 52 9 41 61 19 64 25 52 48 4 9 2 21 
#39 52 10 14 2 22 24 64 43 1 63 14 53 2 2 
#39 25 4 2 41 19 24 25 39 3 34 1 2 2 16 
#52 59 5 39 2 20 24 65 43 7 19 24 53 33 40 
#52 3 52 21 4 61 11 64 25 41 63 4 9 25 40 
#52 59 52 39 4 61 19 17 2 41 63 7 23 16 57 
#34 7 31 14 4 61 62 65 25 41 48 4 47 2 63 
#12 59 10 14 41 61 24 64 43 52 63 7 19 2 40 
#39 6 5 2 4 19 24 64 43 3 63 7 53 25 36 
#29 52 21 28 15 46 16 17 43 41 34 24 53 33 40 
#47 3 10 58 4 61 37 64 23 41 48 46 19 25 21 
#52 59 52 6 53 22 19 65 2 20 48 7 16 16 2 
#29 7 52 39 4 25 62 65 43 5 48 14 47 33 63 
#52 25 52 39 53 22 16 64 43 52 2 7 47 2 40 
#29 6 52 2 53 19 19 64 41 3 2 7 2 25 36 
#29 52 21 28 16 46 19 17 39 41 2 24 53 33 11 
#47 59 31 2 0 61 37 64 2 41 48 8 19 3 21 
#39 59 22 39 53 22 24 65 41 20 63 24 16 25 40 
#69 52 52 39 53 25 62 65 43 3 2 8 4 33 63 
#52 44 52 14 53 22 23 28 55 5 2 9 46 16 57 
#29 44 52 14 53 25 19 64 41 5 2 7 2 34 63 
29 59 33 1 15 24 
55 58 43 51 13 42 
39 38 22 7 23 28 
17 45 12 18 16 46 
9 49 21 57 56 20 
50 27 34 44 52 11 
#Base: 905
#Max: 642
#709392
#Turn 6
#34 3 52 14 53 25 23 65 41 5 2 7 2 34 63 
#29 44 52 14 41 61 19 64 41 52 2 7 47 2 63 
#12 59 52 29 41 22 19 35 60 52 19 24 53 2 21 
#14 59 24 29 15 6 16 64 43 10 63 24 4 33 30 
#14 52 21 39 15 6 23 28 55 41 63 7 4 25 40 
#52 59 52 2 0 61 37 64 2 41 48 8 19 16 21 
#52 3 52 21 4 22 23 64 55 5 2 9 9 25 57 
#29 3 52 39 4 61 11 64 25 41 48 14 47 25 40 
#29 7 10 14 4 25 24 64 43 52 48 14 9 2 16 
#12 59 5 39 41 61 24 64 43 7 63 7 9 2 16 
#69 59 5 9 41 61 19 64 41 52 48 4 9 2 21 
#69 52 22 39 16 25 19 65 41 5 2 7 16 31 63 
#52 52 52 30 41 25 19 64 2 52 2 14 16 3 63 
#52 44 52 9 41 25 62 28 2 52 63 9 47 3 63 
#52 3 52 14 3 25 62 28 55 3 2 9 47 34 57 
#52 7 31 9 4 61 62 64 43 41 48 4 53 34 16 
#34 59 31 14 4 61 62 65 25 41 48 7 23 33 57 
#52 59 5 14 53 61 19 64 43 31 63 8 47 33 63 
#52 7 52 58 4 61 16 64 23 52 63 8 47 25 16 
#52 59 52 58 4 61 24 64 23 3 63 46 53 2 40 
#39 3 22 58 4 19 37 65 23 41 48 46 19 25 21 
#52 3 22 58 53 61 37 64 23 41 48 4 16 25 2 
#52 59 22 39 53 61 37 65 43 20 2 8 4 33 2 
#39 52 22 39 53 22 62 65 43 3 63 24 16 25 63 
#39 59 22 39 15 46 24 65 41 41 48 24 16 33 21 
#52 59 52 9 2 5 19 65 43 14 63 7 16 16 2 
#39 59 4 9 2 5 19 65 43 14 63 7 53 25 63 
#52 59 4 9 4 61 19 65 43 1 63 7 23 16 57 
#52 25 52 39 4 61 16 17 2 41 63 7 47 2 40 
#52 19 31 39 53 22 16 65 43 41 48 7 9 2 40 
#47 59 52 2 8 25 37 65 2 3 2 9 46 3 63 
#52 44 52 14 53 22 23 64 55 5 2 9 2 16 63 
#12 7 52 9 4 61 19 64 2 41 63 4 9 25 21 
#29 7 24 29 4 25 62 35 43 5 19 24 47 33 30 
#14 52 21 14 15 6 16 64 43 41 63 7 4 33 40 
#52 59 5 2 53 20 23 65 43 5 19 7 53 25 63 
#52 59 31 9 41 61 37 64 2 52 48 8 19 2 21 
#52 44 5 39 16 22 23 28 55 3 32 9 19 33 57 
#52 3 22 30 4 61 11 65 25 5 63 14 16 31 40 
#69 7 52 9 4 25 19 64 43 5 48 14 19 3 21 
#12 59 52 29 41 25 62 28 55 52 63 9 9 16 16 
#69 59 52 14 2 61 24 65 55 7 2 24 53 34 57 
#52 7 52 9 4 61 19 64 43 52 48 8 9 34 16 
#69 7 5 14 16 61 62 65 25 41 32 7 47 2 63 
#52 52 5 14 53 25 62 65 41 5 2 14 16 33 63 
#52 7 52 9 41 61 19 64 43 52 63 8 47 34 63 
#52 59 52 58 4 61 62 64 23 5 2 46 47 25 63 
#12 3 10 14 3 61 24 28 55 52 2 9 19 2 57 
#39 7 22 58 53 19 19 64 39 41 48 14 53 34 40 
#34 3 31 58 4 61 37 65 25 41 48 46 19 2 63 
#52 59 22 30 53 61 19 65 25 20 48 7 16 2 57 
#69 7 52 39 53 61 16 65 43 3 2 8 4 34 63 
#39 59 52 58 4 61 24 64 41 3 48 46 16 25 40 
#12 59 10 28 41 46 24 64 43 41 48 4 19 33 21 
#52 59 52 6 53 22 19 65 39 3 48 7 16 25 2 
#47 3 10 9 4 5 37 65 43 41 63 7 19 3 16 
#39 59 4 30 2 61 19 65 43 1 48 4 53 25 2 
#69 59 52 39 53 61 62 65 2 41 2 8 4 16 57 
#52 59 52 39 53 22 16 65 41 20 63 7 47 2 40 
#52 59 10 28 15 46 19 64 39 41 48 4 9 2 21 
53 2 24 48 36 31 
26 5 21 23 40 35 
7 10 52 57 41 44 
51 58 19 46 45 18 
12 15 1 17 16 50 
42 22 43 13 49 27 
#Base: 905
#Max: 623
#688398
#Turn 7
#12 59 10 28 41 46 19 35 43 41 48 24 53 2 21 
#39 59 52 39 15 22 24 35 41 41 48 24 16 2 21 
#39 59 22 39 15 19 19 64 41 41 48 14 16 33 21 
#39 59 22 9 53 61 37 64 39 52 48 14 19 2 40 
#52 44 52 9 41 22 37 64 2 52 2 9 2 16 63 
#52 59 52 9 0 5 19 64 2 41 48 8 53 16 21 
#52 3 22 58 0 61 37 64 23 41 48 8 19 25 2 
#39 52 22 58 53 61 62 64 23 3 63 4 16 25 2 
#39 59 22 39 41 25 62 65 55 52 63 9 16 16 63 
#12 59 5 29 53 20 62 28 43 52 19 7 9 16 63 
#29 3 52 9 4 61 19 64 25 41 48 4 9 2 40 
#69 59 5 9 4 61 19 64 41 52 48 4 16 2 40 
#39 59 52 58 4 61 62 65 2 3 2 46 4 16 40 
#69 59 52 39 2 61 24 65 55 7 2 8 53 34 57 
#52 59 52 14 53 61 62 65 55 5 2 24 16 33 57 
#69 59 52 39 53 61 16 65 41 20 63 8 47 2 40 
#52 59 52 39 53 61 24 64 41 20 63 46 53 2 40 
#52 59 52 58 4 61 62 64 23 5 2 46 53 25 63 
#52 7 52 58 41 61 19 64 23 52 2 8 47 34 63 
#52 7 52 58 4 61 16 64 43 52 63 8 47 25 63 
#52 7 31 30 41 25 62 64 2 41 48 4 16 34 16 
#29 7 31 9 4 61 19 64 41 41 2 7 47 2 63 
#52 44 5 14 41 61 19 64 41 31 63 7 47 2 63 
#34 59 31 14 4 61 62 64 43 41 48 8 47 33 63 
#34 59 31 14 4 61 19 65 25 20 48 7 16 2 57 
#52 59 22 9 53 61 19 64 43 20 2 8 9 33 2 
#69 7 5 39 16 61 37 65 25 20 32 7 4 2 63 
#69 44 5 9 41 25 62 28 2 52 32 7 47 3 63 
#52 3 52 58 41 25 37 65 25 41 63 46 19 2 63 
#34 59 4 58 4 61 37 65 25 1 48 46 23 2 63 
#12 59 4 9 41 5 19 65 43 41 63 7 19 25 63 
#12 59 52 29 0 22 37 64 60 41 48 8 53 16 21 
#52 3 22 39 53 46 37 65 41 41 48 24 16 25 21 
#39 52 22 58 53 19 62 64 43 41 63 14 16 34 40 
#12 59 31 29 41 25 37 28 55 52 63 8 9 16 21 
#52 59 52 14 53 22 23 64 55 5 19 9 53 25 63 
#29 3 52 39 2 61 11 65 25 14 63 7 53 25 40 
#52 59 52 2 41 61 37 64 41 41 48 8 9 16 21 
#52 3 22 58 4 61 37 64 23 41 48 4 16 25 40 
#69 52 22 39 53 22 62 65 43 41 2 8 4 25 57 
#12 59 52 14 41 61 24 28 55 7 63 24 53 34 16 
#52 59 5 2 53 20 62 65 41 5 2 7 53 25 63 
#29 3 52 39 4 61 11 65 43 3 2 14 4 34 40 
#52 59 5 9 53 22 19 65 41 20 63 4 9 2 21 
#39 59 52 58 4 61 24 64 41 3 48 46 16 25 40 
#52 59 52 58 53 61 62 64 23 41 2 8 47 25 63 
#69 59 52 9 2 61 24 65 55 7 63 24 53 34 57 
#52 52 5 14 4 61 62 65 23 5 2 14 47 25 16 
#52 52 52 30 53 25 19 64 43 52 2 14 4 3 63 
#52 59 52 39 53 22 62 65 43 20 63 7 47 34 16 
#52 44 52 14 4 61 24 64 23 3 2 46 53 2 40 
#52 59 52 58 53 61 62 64 43 31 63 46 47 25 63 
#34 7 52 9 4 61 62 65 25 52 48 8 47 34 57 
#52 59 52 30 53 61 19 64 25 20 48 7 47 25 57 
#52 52 52 30 4 61 19 64 43 52 48 14 9 3 16 
#52 59 31 39 53 61 37 64 43 41 48 8 53 34 16 
#29 7 5 14 16 61 62 65 41 41 2 7 47 2 63 
#52 59 5 9 53 25 19 64 2 31 63 8 47 3 63 
#34 3 31 58 4 61 62 65 25 41 48 46 23 2 57 
#52 59 4 9 53 61 19 65 25 20 63 7 16 2 57 
57 54 37 35 3 32 
31 12 58 55 39 40 
48 52 49 15 17 22 
23 8 46 51 16 53 
41 44 33 45 19 28 
59 7 18 14 13 29 
#Base: 905
#Max: 779
#860773
#Turn 8
#52 59 52 9 4 25 19 64 43 52 48 14 47 3 16 
#52 59 52 30 41 61 37 64 43 41 48 14 9 3 21 
#52 59 52 2 53 61 23 64 55 41 48 9 53 25 63 
#39 59 52 9 53 61 23 64 39 5 48 9 19 2 40 
#39 59 22 39 53 61 37 65 41 41 48 14 19 2 21 
#39 59 52 58 4 22 62 64 2 41 2 8 4 16 21 
#34 59 52 58 4 61 62 65 2 3 48 46 23 2 57 
#34 59 31 58 53 61 62 65 43 41 48 46 53 2 16 
#52 52 31 39 53 61 62 64 43 41 2 8 4 25 57 
#69 52 22 14 53 22 62 28 43 41 2 24 4 34 57 
#34 7 52 9 53 61 19 65 25 52 48 14 47 34 63 
#52 59 52 39 4 61 62 65 43 52 63 8 47 34 16 
#69 59 52 39 53 61 62 65 43 20 63 8 47 34 40 
#52 59 52 58 4 61 62 65 41 5 63 46 47 2 40 
#52 59 52 14 4 61 19 64 41 31 63 7 47 2 63 
#34 59 22 14 41 25 62 65 43 41 48 9 47 16 63 
#39 59 22 9 41 61 62 65 55 52 63 9 53 34 63 
#69 59 52 58 53 61 24 64 43 31 63 24 47 34 57 
#52 59 52 58 53 61 62 64 41 20 63 46 47 2 63 
#52 59 52 39 53 61 19 64 25 20 63 7 53 2 40 
#52 59 5 2 4 20 24 65 41 3 48 7 16 25 63 
#39 59 22 58 4 61 24 64 43 41 63 46 16 25 40 
#39 59 22 58 53 61 62 64 23 41 2 8 47 34 40 
#52 59 52 58 53 61 16 64 23 41 2 8 47 25 63 
#52 3 52 58 41 25 37 65 25 41 63 46 19 2 63 
#52 59 4 58 53 61 19 65 23 20 63 7 16 25 2 
#39 52 52 58 41 61 62 64 23 3 63 4 47 34 63 
#52 59 52 14 53 61 62 64 55 5 2 24 47 33 57 
#69 59 52 14 53 61 62 65 55 5 2 24 16 34 57 
#69 59 4 39 4 61 24 65 55 1 48 46 53 34 57 
#52 59 52 29 0 22 37 64 60 31 48 8 47 3 21 
#52 52 52 30 4 61 62 64 2 52 2 14 4 16 40 
#52 59 31 58 4 61 62 64 25 41 48 46 9 16 21 
#52 59 31 39 53 61 37 64 43 5 48 8 53 25 63 
#39 59 22 9 53 61 62 65 39 52 48 8 19 25 57 
#12 3 52 39 53 61 24 65 41 7 48 24 16 25 21 
#52 59 52 29 0 25 37 64 43 41 48 14 53 16 21 
#39 7 52 58 4 61 62 65 25 52 2 8 47 16 57 
#52 3 31 39 53 61 62 65 43 41 63 7 23 2 57 
#69 59 52 39 53 61 37 64 43 20 48 8 47 2 16 
#69 59 22 39 4 61 62 64 23 5 2 46 53 25 57 
#12 59 52 14 41 61 19 28 41 31 63 24 47 34 63 
#52 52 52 30 4 61 62 64 43 41 2 8 4 3 63 
#39 59 52 39 41 61 62 65 55 52 48 9 47 16 63 
#52 59 52 9 2 61 62 65 55 7 63 24 47 34 16 
#52 59 52 58 53 61 16 64 43 20 63 46 47 25 63 
#52 59 52 39 53 61 62 64 41 5 63 46 53 25 63 
#52 59 52 30 53 61 19 64 25 31 63 7 47 25 63 
#52 59 5 2 53 61 62 65 43 5 48 7 47 33 63 
#39 59 52 58 41 61 24 64 55 52 63 46 16 25 40 
#69 59 52 9 2 19 24 65 43 41 63 24 16 34 57 
#52 59 52 58 53 61 62 64 23 41 2 46 47 25 63 
#52 7 52 39 53 61 24 64 43 52 63 46 47 25 40 
#52 59 52 30 41 25 37 65 25 41 48 7 47 25 63 
#52 59 5 2 53 20 62 65 41 5 63 7 53 25 57 
#39 52 22 58 53 61 24 64 41 3 63 4 16 25 40 
#39 52 52 58 53 19 62 64 43 52 63 8 16 34 63 
#52 59 52 58 53 61 62 64 55 41 2 24 16 25 57 
#52 59 52 58 4 61 16 65 55 52 63 8 53 25 57 
#52 3 52 58 41 61 37 65 25 41 48 46 23 2 63 
8 38 34 47 29 21 
48 19 28 43 33 53 
22 27 49 12 51 23 
52 16 45 18 46 56 
44 11 7 17 57 2 
32 39 13 58 26 59 
#Base: 905
#Max: 743
#820994
#Turn 9
#52 52 31 39 53 61 62 64 43 41 2 7 23 2 57 
#52 3 31 39 53 61 62 65 43 41 48 8 23 2 57 
#52 59 52 9 53 61 19 64 39 31 48 8 47 25 63 
#52 59 4 39 53 61 24 65 25 1 63 46 47 34 63 
#69 59 4 39 4 61 24 64 55 41 63 46 53 34 40 
#52 59 5 39 53 61 19 64 25 5 48 7 47 33 40 
#52 59 52 39 53 61 19 64 25 20 63 7 16 2 57 
#39 59 52 14 53 61 62 65 55 5 2 24 16 34 63 
#52 59 52 39 53 61 62 64 55 52 48 8 47 16 63 
#52 59 52 30 53 25 37 64 25 5 48 7 47 25 63 
#39 59 52 58 53 61 62 64 23 41 2 8 47 33 40 
#52 59 52 58 53 61 24 64 55 52 2 46 16 25 40 
#39 59 52 58 53 61 24 64 43 20 63 46 47 25 40 
#69 59 52 58 53 61 62 64 43 41 2 46 47 34 40 
#52 59 52 58 53 61 16 64 23 41 2 46 47 25 63 
#39 7 52 9 53 61 24 65 55 52 63 46 47 34 40 
#39 59 52 9 41 61 16 64 43 52 63 9 47 34 63 
#52 59 52 58 53 61 16 64 43 20 63 46 47 25 63 
#52 59 52 39 53 61 62 64 41 20 63 46 53 2 63 
#39 52 52 58 53 61 62 64 41 5 63 46 53 25 63 
#52 59 52 39 2 61 62 65 55 7 63 24 47 34 16 
#34 59 31 58 4 61 62 65 43 41 48 46 53 2 16 
#69 59 52 58 53 61 24 65 43 41 48 24 53 34 57 
#69 59 52 58 53 61 62 64 55 41 63 24 47 34 57 
#52 59 52 58 53 61 62 64 55 41 2 9 53 25 57 
#52 59 52 58 53 61 62 64 43 20 48 46 9 16 16 
#69 59 52 58 53 61 37 65 41 5 48 46 47 2 16 
#52 59 52 58 4 61 16 65 55 5 63 8 53 2 57 
#52 52 52 58 4 61 62 65 55 3 63 4 47 25 63 
#52 3 52 58 41 61 37 64 23 41 63 46 23 2 63 
#52 59 31 2 53 61 62 65 43 5 2 8 4 33 57 
#52 59 31 39 53 61 19 65 25 41 63 7 23 2 57 
#69 59 52 9 53 61 62 65 39 52 2 24 16 25 57 
#39 59 52 39 53 61 19 65 25 31 63 9 47 16 63 
#69 59 31 39 4 61 37 65 55 1 48 46 53 25 57 
#52 59 52 58 4 61 37 65 25 41 63 7 47 25 63 
#52 59 22 58 53 61 62 65 23 5 2 7 47 34 40 
#52 59 52 39 53 61 19 64 25 5 63 24 53 33 40 
#39 59 52 58 53 61 62 65 55 52 63 46 16 25 40 
#39 59 52 39 41 61 62 65 43 20 48 9 47 16 40 
#52 59 52 39 53 61 37 64 23 5 48 8 53 25 63 
#52 59 52 30 41 61 37 65 25 41 2 7 47 25 63 
#39 59 52 58 53 61 62 64 43 41 63 8 47 25 40 
#39 59 52 14 41 61 62 64 55 52 2 9 47 33 57 
#39 59 52 58 53 61 24 64 43 20 63 46 16 25 40 
#52 59 52 58 53 61 62 64 43 20 63 8 47 34 40 
#52 59 52 39 53 61 62 64 41 41 63 46 47 25 63 
#52 59 52 58 53 19 62 64 43 41 2 8 47 34 63 
#52 7 52 39 2 61 24 65 55 52 63 46 47 34 16 
#39 59 22 39 4 61 62 65 43 52 63 9 53 34 16 
#34 59 52 58 53 61 16 65 43 20 48 46 53 2 16 
#52 59 52 58 53 61 24 64 41 31 63 46 47 34 57 
#52 59 52 39 53 61 62 64 41 5 63 24 16 25 63 
#39 52 52 58 53 19 23 64 55 41 48 8 53 25 63 
#52 59 31 58 4 61 62 64 55 7 48 46 47 16 21 
#52 59 52 39 53 61 62 65 43 20 63 8 47 34 16 
#52 59 31 58 4 61 62 65 43 41 63 46 47 2 40 
#52 59 52 58 4 61 24 64 55 52 63 8 47 25 57 
#39 52 52 58 41 61 62 64 23 3 2 4 47 34 57 
#52 3 52 58 53 61 23 64 55 41 48 46 23 2 63 
40 34 16 56 35 37 
33 15 11 8 14 28 
4 25 13 22 19 53 
24 18 51 23 38 45 
39 44 12 46 17 57 
43 47 55 42 52 26 
#Base: 905
#Max: 799
#882873
#52 59 31 39 4 61 37 64 23 1 48 46 53 25 57 
#39 59 31 39 4 61 37 64 43 1 63 46 53 34 57 
#52 59 31 58 4 61 62 65 43 52 63 9 47 2 40 
#52 59 31 58 4 61 62 65 43 41 63 7 47 2 40 
#52 59 52 39 53 61 19 65 25 41 63 7 47 33 63 
#39 59 52 9 53 61 19 65 55 31 63 9 47 16 40 
#39 59 52 58 53 61 24 64 55 52 63 46 47 25 40 
#52 59 52 58 53 61 62 64 55 52 2 8 16 16 63 
#52 59 52 39 53 61 16 64 23 41 48 8 47 16 63 
#52 52 52 58 53 61 62 64 55 41 63 4 47 25 63 
#69 59 52 58 53 61 62 64 43 41 48 46 9 16 40 
#69 59 52 58 53 61 62 64 43 41 48 46 9 16 40 
#69 59 52 58 53 61 24 64 43 41 2 46 53 34 57 
#39 52 52 58 53 61 24 65 43 5 48 46 53 25 57 
#39 52 52 58 53 61 23 64 41 41 63 8 53 25 63 
#52 59 52 58 53 61 62 64 55 20 63 46 53 2 63 
#52 59 52 58 53 61 24 64 41 31 63 46 47 34 57 
#52 59 52 58 53 61 24 64 55 41 63 46 47 34 57 
#69 59 52 58 53 61 62 65 55 52 63 46 47 34 57 
#52 59 52 58 53 61 62 65 43 20 63 46 16 34 40 
#39 59 52 58 53 61 62 64 43 20 48 46 47 16 40 
#39 59 52 58 53 61 24 64 43 20 63 46 16 25 40 
#52 59 52 39 53 61 24 64 41 41 63 46 47 25 40 
#52 59 52 58 53 61 16 64 43 20 63 46 47 25 63 
#52 59 52 58 4 61 16 64 43 20 63 46 47 25 63 
#52 59 52 58 41 61 62 64 55 41 2 8 47 33 57 
#52 59 52 39 53 61 62 65 43 41 63 8 47 34 63 
#52 59 52 39 53 61 62 64 43 41 63 8 47 34 16 
#39 59 52 58 53 61 62 64 41 41 63 24 47 25 63 
#69 59 52 58 53 61 37 64 41 5 48 24 16 2 16 
#39 59 52 39 53 61 19 65 25 5 48 8 47 25 63 
#69 7 52 39 53 61 37 65 55 1 48 46 47 25 57 
#52 59 52 58 41 61 16 64 43 52 2 46 16 25 40 
#52 59 31 39 4 61 62 64 43 41 63 8 47 16 63 
#52 59 52 58 4 61 16 64 23 41 2 46 47 25 63 
#52 59 52 39 4 61 62 64 25 5 63 24 53 25 40 
#39 59 52 39 4 61 24 65 55 31 63 9 53 34 63 
#39 7 52 9 53 61 62 65 55 52 48 46 47 34 16 
#69 59 52 58 53 61 24 64 55 41 2 46 47 25 40 
#69 59 52 58 53 61 62 64 43 41 48 8 53 34 63 
#39 52 52 58 53 61 62 64 23 41 2 46 53 25 63 
#39 52 52 58 53 19 23 65 55 41 48 8 53 25 63 
#52 59 52 58 4 61 62 64 55 41 2 9 53 25 57 
#52 59 52 39 53 61 62 64 43 20 48 46 9 2 16 
#52 59 52 58 53 61 24 64 41 31 63 46 47 34 57 
#69 59 52 58 53 61 62 64 55 41 48 24 53 34 57 
#39 52 52 58 53 61 62 65 55 5 63 46 53 25 40 
#52 59 52 58 53 61 62 64 55 20 63 8 53 25 63 
#39 59 52 39 53 61 62 64 55 41 2 9 53 16 40 
#52 59 52 39 53 61 24 64 43 20 63 46 16 2 40 
#52 59 52 58 53 61 24 64 41 31 63 46 47 34 57 
#69 59 52 39 53 61 62 64 41 41 63 46 47 34 63 
#52 59 52 58 53 61 62 65 55 20 63 46 16 25 63 
#52 59 52 58 53 61 24 64 55 52 63 8 47 34 40 
#39 59 52 14 41 61 62 65 55 20 48 9 47 16 57 
#52 59 52 58 53 61 24 64 43 20 63 8 16 25 63 
#52 59 52 58 53 61 24 65 43 20 63 8 47 34 40 
#39 59 52 39 53 61 62 64 41 41 63 8 47 25 40 
#52 59 52 39 53 61 62 64 41 5 63 24 16 25 63 
#52 59 52 58 53 61 24 65 41 52 63 46 47 2 16 
#Base: 905
#Max: 833
#920442
