#[0] 3, 3
#[1] 4, 3
#[2] 3, 4
#[3] 3, 2
#[4] 2, 3
#[5] 2, 4
#[6] 1, 3
#[7] 2, 2
#[8] 3, 1
#[9] 4, 4
#[10] 5, 3
#[11] 3, 5
#[12] 4, 2
#[13] 3, 0
#[14] 5, 4
#[15] 4, 5
#[16] 5, 2
#[17] 4, 1
#[18] 0, 3
#[19] 1, 4
#[20] 2, 1
#[21] 1, 2
#[22] 2, 5
#[23] 0, 4
#[24] 5, 1
#[25] 0, 2
#[26] 5, 5
#[27] 1, 5
#[28] 2, 0
#[29] 1, 1
#[30] 4, 0
#[31] 0, 5
#[32] 1, 0
#[33] 0, 1
#[34] 5, 0
#[35] 0, 0
#Turn 0
56 58 0 35 50 36 
19 12 32 2 1 47 
13 48 51 31 37 8 
21 49 11 54 34 18 
17 10 52 38 3 27 
4 5 24 29 41 6 
#Base: 922
#Max: 357
#387202
#Turn 1
#18 18 11 22 38 35 37 6 11 45 25 38 36 6 3 
#18 7 11 28 38 18 9 16 11 21 12 38 36 6 0 
#49 11 16 28 44 20 9 18 12 22 0 47 17 7 51 
#17 11 0 17 44 35 6 20 12 17 0 12 8 7 35 
#17 8 41 12 4 35 10 20 2 27 3 27 17 57 13 
#7 32 5 32 39 37 40 17 0 30 2 17 7 22 26 
#16 7 9 25 31 55 28 17 33 30 2 51 13 22 3 
#16 21 9 4 47 16 11 9 2 8 11 15 13 8 36 
#18 21 24 4 47 10 11 5 2 20 15 33 63 4 50 
#18 16 26 28 11 10 12 5 46 14 49 33 4 23 50 
#33 10 6 14 45 0 0 38 35 53 5 4 48 44 23 
#20 64 12 14 45 35 11 2 35 10 5 41 14 1 23 
#20 64 12 14 13 19 11 2 10 69 15 19 9 36 0 
#11 4 20 16 13 8 5 9 10 69 7 19 37 10 19 
#7 42 19 23 21 10 9 11 31 14 7 50 15 41 14 
#64 7 26 12 21 12 27 15 8 27 34 18 11 1 17 
#16 16 13 12 21 21 0 11 8 57 31 6 4 25 5 
#16 14 5 2 7 21 4 7 75 4 31 23 4 40 16 
#22 13 6 33 4 15 4 7 75 4 5 0 21 40 16 
#31 13 5 1 35 15 24 20 14 3 28 5 16 20 9 
#18 26 43 6 27 35 12 24 5 4 8 15 45 24 11 
#60 19 7 6 41 35 15 24 13 35 8 20 11 24 11 
#44 18 7 8 6 17 21 7 13 9 43 0 11 57 17 
#54 18 14 22 9 58 4 3 70 9 17 0 26 11 45 
#4 19 14 22 28 58 4 3 20 17 25 34 26 0 12 
#2 5 53 12 5 42 30 8 31 19 32 48 34 14 2 
#2 15 53 0 3 42 18 14 31 19 8 10 18 36 23 
#2 15 38 11 18 51 18 14 38 34 24 21 39 13 2 
#27 7 12 11 18 47 16 3 29 25 24 0 8 21 57 
#27 31 3 18 3 3 16 8 17 25 10 48 8 21 57 
#21 32 1 46 39 37 40 17 14 10 19 18 16 1 3 
#7 15 19 24 45 14 37 28 33 45 12 38 36 6 26 
#16 7 9 28 31 55 28 9 21 21 20 47 13 48 3 
#49 21 16 4 47 6 11 11 12 22 0 15 35 7 36 
#18 38 0 28 26 10 12 20 46 18 2 35 4 4 35 
#11 8 41 8 4 43 10 43 21 14 49 27 17 23 13 
#31 1 21 46 25 0 22 30 3 53 16 4 29 1 3 
#7 15 19 32 45 14 50 17 33 10 5 14 14 22 26 
#20 7 9 14 31 55 11 9 21 8 20 41 13 22 0 
#7 4 20 4 13 19 11 11 2 69 11 15 63 8 36 
#10 33 24 27 21 10 6 5 46 14 15 33 4 10 50 
#11 16 1 5 11 10 26 27 20 44 10 50 10 23 15 
#31 7 26 7 14 0 22 30 24 53 26 4 48 1 17 
#64 10 6 14 21 31 0 38 8 35 5 6 14 44 5 
#20 16 5 14 61 21 11 11 9 57 31 23 4 5 3 
#22 4 20 16 13 19 4 9 75 4 0 19 37 40 23 
#31 42 5 27 21 15 6 20 18 10 7 5 34 20 19 
#14 12 1 1 35 21 24 20 40 44 28 17 16 13 9 
#32 26 43 7 14 12 27 17 24 27 9 15 45 24 15 
#60 33 16 6 41 39 15 24 8 35 34 20 11 24 11 
#44 19 5 8 6 21 17 7 18 57 43 6 11 57 3 
#22 18 6 6 9 22 21 7 70 9 0 0 21 11 16 
#54 19 5 22 10 58 4 20 18 9 23 5 26 0 16 
#4 65 34 1 35 4 24 62 14 3 25 17 16 13 12 
#18 17 35 44 5 10 12 15 9 7 32 48 45 24 24 
#15 33 53 19 41 42 2 8 5 19 37 10 7 40 2 
#44 19 7 8 10 51 17 14 38 34 8 6 15 57 17 
#16 7 36 11 9 7 21 3 29 31 17 0 39 13 45 
#27 19 3 22 10 58 16 6 30 9 23 8 8 0 57 
#4 17 39 4 9 3 30 8 17 17 25 48 16 5 4 
36 15 52 44 21 28 
29 42 58 50 31 0 
27 6 8 10 45 9 
2 11 39 23 53 18 
13 55 17 12 56 25 
22 54 43 49 32 35 
#Base: 922
#Max: 385
#417570
#Turn 2
#64 7 21 46 21 12 22 15 3 27 34 18 29 1 3 
#64 7 26 22 21 12 27 20 8 27 34 5 11 1 16 
#20 19 5 22 10 21 4 20 18 57 23 23 26 0 3 
#60 16 5 6 41 21 15 11 9 57 8 20 4 24 11 
#60 19 12 11 18 35 15 24 13 25 24 20 8 24 57 
#31 7 3 18 14 0 16 8 24 25 26 4 48 21 57 
#31 7 3 22 10 58 16 6 24 53 23 4 48 1 57 
#44 19 5 8 6 58 16 7 30 57 23 6 8 0 57 
#44 15 19 24 6 14 17 7 33 45 12 6 36 6 26 
#18 18 11 22 38 14 37 28 11 45 25 38 36 6 3 
#2 7 38 25 31 51 18 14 38 34 24 51 39 13 3 
#18 21 9 4 47 55 28 5 33 20 15 33 63 22 50 
#33 21 24 4 47 10 0 5 2 53 5 33 48 4 23 
#22 4 6 14 45 0 4 9 35 53 5 19 37 44 23 
#22 4 26 16 11 10 4 5 75 14 49 33 4 23 23 
#20 64 16 14 45 20 9 2 35 10 0 41 17 7 51 
#20 64 12 4 13 35 11 11 2 10 11 15 63 1 36 
#54 18 20 22 13 19 4 3 70 9 11 15 26 11 45 
#54 18 14 22 35 58 4 62 14 9 17 0 26 11 12 
#4 65 34 1 35 4 4 7 14 4 5 0 21 13 12 
#15 33 53 19 13 8 2 8 5 69 37 10 37 10 2 
#15 33 53 2 41 21 2 8 5 19 31 23 7 40 16 
#20 64 5 2 7 19 11 2 10 69 15 19 9 36 0 
#20 19 7 14 10 51 11 2 10 34 8 6 9 57 0 
#44 19 53 12 10 42 17 8 38 19 8 48 15 14 2 
#44 17 7 8 6 17 12 15 9 9 43 48 11 57 17 
#64 17 35 14 5 31 0 15 8 7 32 6 45 44 5 
#60 33 6 6 21 31 0 24 8 35 5 20 14 24 11 
#60 33 9 6 31 55 28 9 8 21 20 20 13 48 3 
#16 8 9 8 31 43 10 43 21 14 20 47 17 23 13 
#27 1 21 46 25 3 22 30 17 53 16 4 8 1 57 
#31 7 26 7 14 12 27 30 24 53 26 4 48 1 17 
#54 19 5 22 10 58 16 6 18 9 23 8 8 0 16 
#44 19 5 14 6 21 11 11 18 57 43 23 4 57 3 
#7 19 19 6 41 14 15 28 33 45 12 38 36 24 11 
#27 18 12 22 38 35 37 6 29 45 25 38 8 21 3 
#2 31 38 18 3 51 18 8 17 34 24 21 8 13 2 
#31 7 26 25 14 0 28 17 24 53 2 4 48 22 3 
#27 19 24 22 10 58 11 6 2 9 23 33 8 0 50 
#33 19 6 14 45 0 17 7 18 57 43 6 11 57 23 
#7 4 20 24 13 19 37 28 75 4 12 38 37 40 23 
#18 16 11 22 38 35 12 6 46 14 49 33 36 23 3 
#49 15 38 28 44 20 9 18 12 34 0 47 17 13 51 
#16 64 9 14 45 35 11 17 35 10 2 41 13 1 23 
#7 21 20 4 13 19 11 11 2 20 15 15 63 4 36 
#54 10 14 22 45 58 4 38 35 9 17 0 26 44 23 
#4 65 20 16 13 4 4 9 14 4 0 17 16 13 23 
#18 13 26 28 11 10 4 5 75 4 5 33 21 40 16 
#49 4 16 28 44 8 9 18 10 69 7 47 37 10 19 
#15 64 53 19 41 42 2 8 35 10 5 10 14 40 2 
#16 14 20 4 7 19 4 11 2 4 31 23 63 40 16 
#20 18 12 14 13 19 4 2 10 69 15 19 9 11 0 
#4 19 7 8 10 4 17 62 14 3 8 17 15 57 17 
#2 13 53 33 4 42 4 7 75 19 5 48 21 40 2 
#11 4 7 16 13 17 21 7 10 9 7 19 11 57 17 
#15 33 35 19 41 10 12 8 9 7 32 48 45 24 2 
#64 14 5 2 21 21 0 38 8 4 31 23 14 44 5 
#20 33 16 6 41 19 11 2 10 69 15 20 9 24 0 
#16 19 9 8 10 51 17 9 21 21 8 6 15 57 17 
#2 8 53 12 5 42 30 43 31 19 49 27 17 14 13 
55 56 30 16 47 41 
13 25 59 7 33 3 
12 26 49 45 40 43 
28 18 6 53 48 39 
0 14 17 11 15 20 
57 4 10 42 22 24 
#Base: 922
#Max: 423
#458785
#Turn 3
#64 33 35 19 41 10 0 8 8 7 31 48 14 44 5 
#27 1 5 46 21 3 0 38 8 4 31 23 8 1 5 
#20 64 12 4 13 35 11 30 2 10 16 15 63 1 57 
#18 13 26 4 13 35 4 5 2 4 11 33 21 40 16 
#18 13 26 28 38 35 12 6 46 4 49 33 36 23 16 
#44 17 6 8 6 0 4 15 35 9 5 19 37 44 23 
#44 8 7 12 5 42 30 43 31 19 43 27 17 57 13 
#44 8 5 12 6 58 16 43 30 57 49 6 17 14 57 
#44 19 5 8 6 21 11 7 18 57 43 23 8 0 57 
#60 19 5 14 6 21 11 11 9 57 43 23 4 57 11 
#64 21 24 4 5 10 0 5 8 7 5 33 48 44 23 
#15 17 35 14 41 31 2 15 8 10 5 10 14 40 5 
#15 10 14 22 45 42 2 8 35 9 17 10 14 44 23 
#7 10 14 22 13 58 4 28 35 4 17 0 26 40 23 
#7 4 9 14 45 35 37 17 75 4 12 41 13 40 23 
#54 33 9 22 31 58 28 62 14 21 17 0 26 11 12 
#54 18 3 22 10 58 16 62 14 9 23 0 26 11 57 
#31 7 3 33 10 42 4 6 75 19 5 4 48 1 57 
#49 13 16 33 4 42 4 18 75 69 5 48 21 10 2 
#33 4 6 28 45 8 17 18 10 69 7 47 11 57 19 
#64 7 21 16 11 10 22 15 75 27 49 33 4 1 3 
#22 18 20 22 13 19 4 5 75 14 11 33 4 23 45 
#18 18 20 22 47 55 4 5 33 20 11 15 26 22 45 
#18 64 9 14 45 20 28 5 35 20 0 41 17 7 51 
#20 33 53 14 13 20 2 8 5 10 0 41 37 10 51 
#20 33 12 11 18 19 15 24 13 69 24 20 8 24 57 
#60 19 12 25 18 51 18 14 38 25 24 20 39 24 3 
#49 15 38 28 31 20 9 14 12 34 0 47 17 13 51 
#20 64 38 28 44 20 9 2 12 34 0 19 9 36 51 
#20 64 5 12 7 42 17 2 10 69 15 48 15 14 0 
#15 4 6 14 41 0 12 9 35 7 32 48 37 24 2 
#64 14 7 2 6 17 0 15 8 9 43 48 11 57 17 
#2 8 21 12 25 42 22 43 17 53 16 4 8 1 13 
#20 19 5 4 13 58 11 7 2 10 11 15 8 1 36 
#18 13 5 14 11 10 11 5 18 4 43 33 21 57 3 
#60 16 5 22 41 21 12 6 46 57 49 20 4 24 11 
#22 4 6 4 45 10 0 9 35 53 5 33 48 4 23 
#64 17 35 14 6 17 0 15 9 9 43 6 11 57 5 
#2 64 53 19 5 42 30 8 35 19 5 10 14 14 2 
#44 10 14 22 6 58 16 7 35 9 23 0 26 44 23 
#7 19 5 24 6 21 11 28 18 4 12 38 4 57 23 
#16 16 5 14 45 35 15 11 9 57 8 20 13 1 23 
#60 33 24 4 47 55 28 5 8 21 5 33 13 4 23 
#54 18 35 22 35 58 4 15 14 9 32 0 45 44 12 
#31 7 53 19 41 42 16 8 35 53 5 10 14 1 2 
#2 10 14 33 4 58 4 7 35 19 5 48 26 40 2 
#49 4 20 24 44 8 37 28 10 69 12 38 37 10 23 
#33 64 6 14 45 0 17 17 18 57 2 41 11 57 23 
#60 7 9 46 21 12 28 9 3 21 20 18 13 1 3 
#54 4 26 22 35 10 4 5 75 9 17 0 26 23 12 
#31 18 20 22 10 19 4 6 70 53 23 15 48 1 57 
#18 13 9 33 4 42 28 5 33 19 5 48 63 40 50 
#20 64 16 14 45 8 9 18 10 69 0 41 37 7 51 
#15 33 53 19 13 0 2 7 18 69 43 10 11 10 23 
#64 7 21 46 41 12 22 2 10 69 34 18 29 1 3 
#22 19 26 11 18 10 4 5 75 14 49 33 4 23 23 
#54 18 38 22 31 19 18 3 38 9 11 15 26 13 3 
#49 21 9 4 44 20 9 18 33 34 15 33 17 13 51 
#20 64 5 2 7 20 9 2 10 69 0 19 17 36 51 
#15 19 53 12 13 42 17 8 5 19 8 10 15 14 2 
21 38 49 43 6 27 
8 55 23 16 28 25 
26 9 20 50 54 0 
15 17 47 18 7 19 
53 58 35 52 51 14 
44 42 29 46 2 31 
#Base: 922
#Max: 422
#457701
#Turn 4
#2 18 53 19 13 42 4 8 35 19 11 33 14 14 2 
#2 4 53 22 5 10 4 5 35 9 5 0 14 23 2 
#54 4 26 22 35 58 4 15 14 9 32 0 45 44 12 
#54 18 7 22 5 58 30 15 14 19 32 27 45 44 13 
#44 15 38 28 31 42 9 14 31 34 0 27 17 13 51 
#22 19 5 11 18 10 4 5 18 57 49 23 4 0 23 
#18 64 26 11 18 20 28 5 35 14 49 33 17 23 23 
#54 64 9 14 45 20 16 62 14 20 0 41 26 7 51 
#54 64 3 28 44 58 9 2 12 9 23 0 9 11 57 
#20 33 12 11 18 19 15 24 12 34 24 20 9 24 57 
#60 19 12 25 6 21 18 11 9 57 24 20 39 24 11 
#60 7 5 16 11 10 22 11 9 27 43 23 4 1 11 
#64 7 20 16 11 19 22 15 75 27 23 15 4 1 57 
#31 7 21 46 41 12 4 2 70 53 23 18 48 1 3 
#64 7 35 19 41 10 22 8 8 69 34 48 29 1 5 
#54 33 3 22 10 58 28 62 14 19 5 4 26 11 57 
#33 7 3 14 45 42 17 17 18 57 2 4 48 57 57 
#33 64 6 14 45 42 4 17 18 69 2 41 11 57 2 
#49 8 16 33 4 42 16 18 75 57 5 6 17 10 2 
#44 4 5 28 6 8 17 18 30 69 49 47 11 14 19 
#20 64 5 2 7 0 9 2 10 69 43 19 11 10 51 
#60 64 5 22 41 21 12 6 46 57 49 20 4 36 11 
#60 16 16 14 45 8 12 6 10 69 0 41 37 24 11 
#20 13 16 33 4 8 28 18 33 69 0 48 37 7 51 
#7 13 9 14 45 35 37 17 33 4 5 48 63 40 50 
#60 7 53 4 41 55 16 5 8 21 5 10 14 4 23 
#60 33 24 12 47 42 17 5 8 69 5 33 13 4 23 
#49 4 5 24 44 8 37 28 10 69 15 48 15 14 23 
#20 64 20 4 44 8 11 30 2 69 16 38 37 10 23 
#20 14 12 4 6 17 11 30 8 9 16 48 63 1 17 
#44 18 5 22 6 19 4 7 18 14 11 33 8 23 45 
#2 64 26 11 5 42 4 8 75 14 49 10 14 14 2 
#18 64 9 14 35 10 4 5 35 9 0 41 17 23 51 
#54 18 3 22 10 58 16 15 14 9 23 0 26 44 57 
#20 64 38 12 44 20 9 43 31 34 0 19 17 57 13 
#20 15 12 28 18 20 9 14 13 69 0 47 8 13 51 
#60 19 12 8 6 21 18 7 38 57 24 20 8 24 57 
#60 19 5 11 18 21 4 5 75 57 43 33 4 23 23 
#18 64 9 16 45 10 22 15 75 20 49 41 17 7 3 
#31 18 20 22 10 58 16 6 70 53 23 0 26 1 57 
#20 64 21 28 41 20 22 2 10 34 0 18 29 36 51 
#20 33 12 19 18 19 15 8 8 7 24 48 14 24 57 
#54 33 12 22 18 51 28 14 14 21 17 20 39 11 3 
#60 19 3 14 10 21 4 11 75 19 5 23 4 57 11 
#33 64 6 16 45 0 17 17 75 57 2 33 4 1 23 
#49 18 20 22 10 19 4 18 70 69 23 48 21 10 57 
#64 8 5 46 41 12 16 43 30 57 49 6 17 14 3 
#64 4 35 28 41 10 17 18 8 69 7 48 14 57 19 
#15 33 53 22 13 58 28 7 18 69 43 10 26 11 12 
#20 64 5 33 10 42 9 2 75 69 5 19 48 1 57 
#33 16 5 22 41 21 17 6 46 57 2 41 11 24 11 
#20 13 16 14 4 8 4 18 10 69 5 41 21 7 2 
#18 8 5 33 6 42 16 43 30 57 49 6 17 40 50 
#7 4 9 28 45 8 17 18 75 4 7 41 13 40 19 
#15 7 53 19 41 42 2 8 35 53 43 10 11 10 23 
#20 64 5 2 7 55 9 2 8 21 0 19 17 4 51 
#20 64 5 22 7 42 17 2 46 57 49 20 15 24 11 
#49 64 20 24 45 8 9 18 10 69 0 41 37 10 23 
#20 13 12 4 4 35 28 30 33 19 5 15 63 40 50 
#64 4 7 14 6 35 37 15 75 9 12 41 13 40 23 
20 40 56 24 26 43 
3 23 52 44 34 18 
31 28 57 47 7 12 
46 16 17 49 21 37 
22 48 8 45 39 14 
36 13 59 38 15 27 
#Base: 922
#Max: 459
#497831
#Turn 5
#20 64 5 2 7 0 9 2 10 34 0 19 11 10 51 
#20 64 5 28 7 20 17 2 10 57 0 18 15 24 11 
#7 64 5 14 45 42 17 17 46 4 49 48 63 24 50 
#7 13 24 14 47 35 17 5 8 69 5 33 13 4 50 
#60 33 24 12 10 42 17 5 75 69 5 33 4 57 11 
#54 13 7 22 5 58 30 15 33 69 32 27 37 7 51 
#20 13 16 33 4 42 16 43 33 69 49 6 37 40 51 
#33 64 6 16 45 0 17 17 75 57 2 6 17 40 50 
#20 64 6 12 44 20 9 43 31 57 0 19 17 57 23 
#49 8 38 33 44 20 16 18 31 34 0 6 17 57 2 
#2 64 26 4 5 42 11 30 2 69 16 10 14 14 23 
#20 64 20 4 45 8 9 30 10 69 16 38 37 10 23 
#64 64 35 24 41 10 17 18 8 69 0 41 37 10 19 
#64 64 9 28 45 10 17 62 8 20 0 48 14 7 19 
#64 64 20 14 11 19 16 15 75 27 23 15 26 1 57 
#33 8 3 14 45 12 16 17 30 57 2 4 17 57 3 
#33 64 6 14 45 42 17 17 18 57 2 4 11 57 57 
#33 64 5 14 45 42 9 17 18 69 5 41 48 57 57 
#20 64 5 22 41 21 9 6 75 69 5 19 48 1 11 
#60 64 5 22 41 21 12 6 75 57 49 33 4 36 23 
#15 16 53 14 45 58 28 7 10 69 0 41 26 24 12 
#15 33 53 22 13 58 28 7 12 69 43 10 9 11 12 
#49 18 20 28 44 58 9 18 12 9 23 48 9 11 57 
#49 18 20 22 10 58 16 18 70 69 23 0 21 1 57 
#64 18 20 19 41 58 16 8 8 69 34 48 26 1 57 
#31 19 21 8 6 21 4 7 70 53 24 20 8 1 57 
#64 7 7 14 6 12 4 2 75 53 23 18 48 40 3 
#18 4 7 14 45 10 22 15 75 9 49 41 13 7 23 
#18 33 9 22 45 58 22 62 75 19 49 4 26 7 3 
#54 33 3 22 10 8 37 62 14 19 5 48 26 11 23 
#20 18 5 2 7 58 30 2 14 19 43 19 11 10 51 
#20 13 21 28 4 20 28 2 33 34 0 18 37 7 51 
#20 64 5 33 7 42 16 43 46 57 49 6 15 24 50 
#33 13 6 16 45 0 37 17 33 57 2 33 4 1 23 
#20 33 24 12 44 20 9 5 8 34 5 33 17 4 13 
#60 19 16 33 4 21 16 18 75 19 5 6 4 10 11 
#54 18 26 11 5 58 4 8 14 14 32 10 14 44 13 
#20 64 20 4 4 8 11 18 2 69 0 38 37 7 23 
#49 64 5 33 45 8 9 18 10 69 0 41 17 10 50 
#33 4 35 16 45 0 17 17 75 57 7 33 4 57 23 
#20 64 9 14 45 20 9 43 14 34 0 19 17 57 13 
#64 7 20 16 11 42 22 15 75 27 23 15 4 1 57 
#64 8 26 11 5 12 4 8 75 57 49 10 17 14 2 
#20 64 3 4 44 42 11 30 18 69 16 4 48 57 23 
#49 64 20 14 45 8 9 17 18 69 0 41 11 10 2 
#20 4 5 28 41 10 17 2 8 69 5 19 14 1 19 
#54 64 5 14 45 20 12 62 14 20 0 20 26 36 51 
#64 7 5 16 11 19 22 15 75 57 23 15 4 1 57 
#64 8 16 14 45 8 16 6 10 69 49 6 37 14 11 
#15 7 3 14 45 42 28 17 18 69 43 4 26 11 57 
#54 64 6 28 45 58 4 17 18 69 23 0 9 57 57 
#20 18 20 22 10 19 9 2 70 69 23 19 48 10 57 
#31 64 20 22 41 21 12 6 46 53 49 20 4 36 57 
#64 7 5 11 18 10 4 5 8 57 43 33 29 23 5 
#60 19 12 8 6 8 18 6 10 69 0 20 37 24 11 
#31 7 53 22 13 12 4 7 70 53 23 10 26 11 12 
#54 64 3 14 44 35 9 2 75 9 12 0 13 11 57 
#49 18 9 22 45 10 4 18 75 20 23 48 21 7 57 
#54 33 20 22 10 58 16 62 70 53 23 4 26 11 57 
#49 7 5 24 41 10 22 28 8 69 15 48 29 1 23 
44 49 51 18 13 11 
22 41 56 4 38 8 
20 46 23 2 24 39 
43 7 19 50 58 12 
26 5 28 17 32 6 
42 57 16 52 14 47 
#Base: 922
#Max: 524
#568330
#Turn 6
#49 64 20 14 45 8 9 17 18 69 0 41 11 11 57 
#20 7 20 14 10 19 28 2 18 69 43 4 26 10 57 
#20 64 5 22 10 19 9 2 75 69 5 19 48 10 11 
#64 64 5 28 41 10 17 6 8 20 5 48 48 7 11 
#64 64 9 28 45 8 9 62 10 20 16 38 14 10 19 
#49 18 20 16 11 58 22 15 12 27 23 15 4 1 57 
#54 64 20 16 44 35 22 2 75 27 23 15 13 11 57 
#54 64 3 14 10 35 9 5 75 69 5 0 13 11 11 
#60 33 5 12 45 8 9 5 75 69 5 33 17 10 11 
#49 64 5 12 44 20 9 18 31 69 0 41 17 10 50 
#15 64 5 14 45 20 28 62 14 20 0 20 26 24 51 
#54 64 5 14 45 20 12 62 14 69 23 0 26 36 57 
#49 64 5 22 10 58 16 17 70 69 49 0 21 24 57 
#64 64 20 19 45 42 17 17 8 4 49 48 26 1 57 
#33 18 20 16 45 0 16 8 8 69 7 48 26 57 23 
#33 64 6 16 45 42 11 17 18 69 16 6 17 40 50 
#60 64 6 16 45 0 17 6 75 57 49 6 17 36 50 
#60 64 5 28 45 21 4 6 18 69 49 0 9 57 23 
#54 33 6 28 45 58 16 62 18 69 23 0 26 11 57 
#64 64 35 24 41 10 16 62 70 69 0 4 37 10 19 
#54 13 7 14 5 12 4 2 33 53 23 27 48 7 51 
#18 13 7 22 5 58 22 62 33 19 32 4 37 7 3 
#33 64 5 14 45 58 9 62 18 19 5 4 26 57 3 
#20 64 5 33 45 42 9 17 18 57 5 41 15 57 57 
#20 13 16 33 7 42 16 43 33 57 49 6 37 24 51 
#49 18 9 22 5 10 4 8 75 57 49 10 21 14 2 
#49 18 6 22 45 10 17 17 75 57 2 4 11 7 57 
#33 64 20 22 41 42 12 6 18 57 2 20 11 57 57 
#64 64 20 22 41 21 12 6 46 53 23 15 26 36 57 
#64 64 5 14 11 19 16 15 75 57 23 15 26 1 57 
#49 18 20 14 45 8 9 18 12 9 0 41 11 10 57 
#15 7 3 14 11 42 28 17 75 27 23 15 4 1 57 
#20 64 20 22 10 35 9 2 75 9 12 0 48 11 57 
#60 33 24 22 10 21 9 5 75 69 5 33 48 1 11 
#64 64 5 28 45 10 9 18 8 69 0 41 14 10 19 
#20 64 20 12 44 8 9 43 31 57 16 19 17 10 23 
#49 18 20 28 44 58 28 18 10 69 23 48 26 11 12 
#54 64 20 14 11 42 12 15 14 20 0 20 26 36 51 
#49 18 20 22 10 35 9 18 75 69 23 0 13 1 57 
#60 33 5 12 10 42 17 5 46 4 49 48 63 24 11 
#64 18 20 33 41 58 9 8 10 69 0 41 26 1 50 
#33 4 35 16 44 20 17 43 75 57 0 19 17 57 23 
#15 16 3 14 45 58 11 30 10 69 16 4 26 57 23 
#54 64 5 16 45 20 17 62 14 20 2 6 17 36 51 
#49 64 5 22 10 58 16 6 70 57 23 0 21 1 23 
#7 64 6 28 45 58 17 17 46 4 49 48 9 57 50 
#64 33 20 22 10 58 16 62 70 69 23 48 26 1 57 
#33 4 35 24 41 0 17 18 8 57 7 33 37 57 23 
#64 7 3 4 6 42 11 2 18 69 23 18 48 57 3 
#33 13 7 22 5 0 30 17 75 57 2 6 17 7 50 
#60 64 9 22 45 21 12 62 75 57 49 33 4 7 23 
#33 64 6 28 45 42 9 17 18 69 5 41 9 57 57 
#54 33 5 22 10 42 16 43 70 53 49 6 26 11 50 
#20 64 16 24 41 42 16 43 33 69 49 41 37 40 19 
#64 8 7 14 6 12 4 2 75 57 49 18 48 14 2 
#49 13 9 22 5 58 4 18 75 20 23 27 37 7 57 
#18 33 9 14 45 42 22 62 18 57 2 4 11 7 57 
#31 64 5 14 45 21 9 17 18 53 5 41 4 57 57 
#20 64 20 33 11 42 16 15 46 57 49 15 26 1 57 
#64 13 5 16 4 42 16 43 33 69 49 6 4 1 57 
34 55 57 27 9 43 
39 22 36 11 40 0 
59 41 18 53 16 15 
23 45 19 46 12 52 
38 58 13 50 51 6 
24 44 17 28 29 33 
#Base: 922
#Max: 579
#627983
#Turn 7
#64 13 5 22 5 58 4 18 75 20 23 27 37 7 19 
#31 13 9 22 45 21 9 18 18 53 5 27 37 57 57 
#33 64 5 14 45 21 9 6 18 53 2 20 11 57 57 
#33 64 20 12 44 42 9 6 18 57 0 20 11 57 57 
#54 64 5 12 45 20 17 62 14 69 2 6 17 36 50 
#60 33 5 14 10 42 17 5 46 19 5 48 63 57 11 
#49 64 20 14 45 58 28 62 18 19 23 48 26 57 12 
#54 18 20 28 45 58 12 62 10 69 23 48 26 36 57 
#64 18 5 14 41 20 9 62 14 69 23 41 26 1 50 
#49 18 20 33 41 8 9 8 18 69 0 41 11 11 50 
#33 13 35 16 44 20 16 43 33 69 0 19 17 57 57 
#33 33 6 16 44 20 17 62 75 57 0 19 17 11 23 
#54 33 16 24 45 42 16 43 18 69 23 41 37 11 19 
#20 64 6 16 41 42 17 43 33 57 49 41 37 40 50 
#33 64 6 16 45 0 11 17 75 57 49 6 17 36 50 
#7 64 5 33 45 42 17 17 46 57 49 48 15 57 57 
#64 64 6 24 41 58 16 62 46 69 0 48 37 10 19 
#64 33 35 22 41 58 16 62 70 69 0 4 37 10 57 
#49 64 5 22 10 58 16 62 70 69 23 48 26 24 57 
#49 64 5 22 10 42 16 43 70 69 49 0 26 11 50 
#20 18 20 22 10 42 16 18 46 57 23 0 26 1 57 
#20 64 20 19 11 42 17 17 46 4 49 15 26 1 57 
#64 64 20 19 45 21 17 17 75 4 49 33 4 7 23 
#60 64 9 28 45 21 12 62 75 57 5 41 4 57 57 
#33 64 20 16 44 35 9 2 18 27 23 41 13 57 57 
#20 13 16 22 10 58 16 43 33 57 49 6 37 24 23 
#60 64 5 28 45 58 16 6 70 57 23 0 21 57 23 
#60 64 20 22 45 21 12 6 18 69 23 15 9 57 57 
#64 64 5 14 11 21 12 15 46 53 23 15 26 36 57 
#60 64 24 14 10 19 9 15 75 57 5 33 26 1 57 
#64 64 5 12 10 10 9 18 8 69 0 41 63 10 19 
#33 64 9 14 5 58 9 18 18 19 23 27 26 7 3 
#49 18 20 28 45 21 28 17 10 53 23 48 4 57 57 
#54 64 5 22 45 20 12 6 18 57 2 20 11 57 57 
#64 64 5 12 44 20 9 8 31 69 0 41 17 10 50 
#49 64 5 16 45 8 17 62 14 69 2 6 17 11 57 
#60 33 5 16 4 42 16 5 46 4 49 6 4 24 11 
#33 4 35 14 44 58 9 43 18 57 5 4 17 57 23 
#54 18 20 28 45 58 28 62 18 69 23 0 26 11 12 
#54 64 16 14 41 20 16 43 14 69 23 41 26 36 57 
#60 18 6 16 45 58 9 6 10 57 49 6 17 1 50 
#33 64 6 14 45 8 11 17 18 69 0 41 17 40 57 
#20 64 5 33 45 42 16 43 18 57 49 6 4 1 57 
#33 4 35 28 45 58 17 17 75 57 49 48 9 57 23 
#64 64 35 24 41 58 16 62 70 69 23 0 26 11 57 
#64 33 16 22 41 42 16 43 33 69 23 41 37 1 57 
#49 64 5 16 10 58 17 17 75 57 49 0 21 24 50 
#54 33 5 22 10 42 16 43 70 69 49 6 17 11 50 
#49 18 5 33 45 35 9 17 18 69 23 0 13 57 57 
#20 64 6 33 11 58 16 17 46 4 49 48 9 1 57 
#64 64 35 24 45 10 17 62 70 4 0 4 26 10 19 
#60 33 9 22 45 58 16 62 70 69 23 33 4 7 23 
#49 64 6 28 45 42 16 17 70 69 49 41 21 24 57 
#54 64 20 22 10 35 16 2 70 53 23 6 26 11 57 
#20 18 20 22 10 42 16 18 75 57 23 0 13 1 57 
#20 64 5 33 10 42 16 15 70 57 49 15 21 1 23 
#64 64 5 19 45 42 17 6 8 69 49 0 26 1 57 
#60 64 9 22 45 21 12 62 75 53 23 15 26 7 23 
#33 64 5 28 11 42 16 17 75 69 5 41 26 1 57 
#54 64 24 16 10 35 22 2 75 69 23 33 13 11 57 
28 42 12 59 56 22 
50 32 58 7 27 53 
38 47 15 17 16 14 
19 43 52 44 23 51 
10 57 6 18 13 39 
8 4 46 26 45 29 
#Base: 922
#Max: 620
#672451
#Turn 8
#64 64 5 14 45 42 16 43 18 57 49 6 26 36 57 
#54 33 16 24 45 42 16 43 18 57 49 6 37 1 57 
#54 64 16 24 10 35 22 43 18 69 23 41 13 11 19 
#64 64 5 19 10 42 17 2 8 69 23 0 26 1 57 
#64 64 20 19 45 42 17 6 8 69 49 33 26 7 57 
#64 64 35 24 45 10 28 62 10 53 0 4 4 10 57 
#33 18 5 28 45 21 28 17 75 69 5 41 4 57 57 
#33 64 20 28 11 58 16 17 75 69 5 48 26 1 57 
#60 64 20 28 45 21 12 6 10 69 23 15 26 36 57 
#54 64 20 22 45 21 16 6 18 53 23 6 26 11 57 
#54 18 20 28 45 58 16 62 70 69 49 6 26 11 12 
#7 33 5 33 10 42 16 17 46 69 49 48 17 57 50 
#64 33 35 22 41 58 17 17 70 57 0 48 37 10 57 
#64 64 6 24 41 58 16 62 46 69 0 48 37 10 19 
#64 64 6 24 45 58 11 17 75 57 49 48 37 36 50 
#33 4 35 28 45 42 17 17 70 69 49 0 9 57 23 
#33 64 6 28 45 42 17 17 75 69 49 41 9 24 23 
#64 64 35 28 41 42 16 17 70 69 49 41 26 24 57 
#60 64 35 28 45 21 16 62 75 69 23 0 4 57 57 
#60 33 9 22 45 21 12 62 70 69 23 41 4 7 23 
#33 13 9 22 45 21 16 62 33 69 23 19 17 7 23 
#60 64 9 22 45 21 12 62 18 19 23 15 26 7 12 
#49 64 5 14 10 58 28 62 70 69 23 48 26 24 57 
#49 64 5 16 10 42 17 43 70 69 49 48 37 24 57 
#20 64 16 16 41 42 16 43 33 69 49 41 37 40 50 
#64 18 5 12 45 20 9 62 14 69 2 41 17 1 50 
#54 64 5 16 10 20 17 62 14 57 49 0 17 36 50 
#60 64 5 28 45 58 17 17 75 57 23 0 21 24 23 
#64 33 5 22 41 42 16 43 70 69 23 0 37 57 23 
#60 33 24 14 41 19 9 15 33 69 23 33 37 1 57 
#64 64 35 14 45 10 12 62 46 4 23 4 26 10 19 
#49 18 5 33 45 21 28 43 10 57 49 48 4 1 57 
#54 33 16 28 45 42 16 17 75 69 5 41 37 1 19 
#54 64 24 16 45 58 22 2 10 69 23 33 13 36 57 
#60 64 5 19 45 21 12 6 18 69 49 0 26 57 57 
#54 64 20 22 10 21 17 2 70 53 23 6 4 11 23 
#64 64 20 24 45 10 28 62 70 69 0 0 26 11 12 
#54 33 5 22 10 42 16 17 70 69 23 6 4 57 57 
#7 64 5 28 45 42 16 17 75 69 49 48 15 1 57 
#64 33 20 22 41 58 12 62 10 69 0 48 26 10 57 
#60 64 6 24 41 58 12 62 18 69 23 48 9 57 57 
#33 64 6 22 45 35 16 17 75 57 49 6 26 36 50 
#49 18 20 22 45 42 28 43 70 69 49 0 26 11 50 
#54 33 5 28 10 58 16 43 75 69 49 48 9 57 50 
#7 64 5 28 45 42 16 17 70 57 49 48 21 57 57 
#64 64 35 24 41 58 16 62 70 69 0 4 37 11 57 
#60 64 9 28 41 21 12 62 75 69 0 48 4 10 57 
#60 64 6 16 45 58 11 62 75 57 49 6 17 7 23 
#33 13 35 16 10 20 16 43 33 69 49 0 26 57 50 
#33 64 35 28 45 58 12 17 75 57 23 15 9 57 23 
#49 64 20 14 45 58 16 17 70 19 49 41 21 24 57 
#64 64 35 22 10 58 16 62 70 69 23 0 26 11 57 
#60 64 9 16 41 42 12 43 75 57 5 41 37 57 50 
#60 64 16 14 45 20 16 62 14 69 23 41 4 7 23 
#33 13 35 16 44 20 16 43 14 69 23 41 17 1 57 
#60 64 5 12 45 21 17 62 14 69 23 6 26 7 23 
#49 64 5 16 45 58 28 62 18 57 49 0 26 57 50 
#49 64 5 28 45 58 16 6 70 57 23 0 21 24 23 
#64 33 16 16 41 42 17 43 33 69 49 41 37 1 57 
#60 64 24 14 10 20 16 43 14 57 5 33 26 1 57 
19 36 38 47 16 27 
34 33 10 22 49 39 
7 28 43 52 40 0 
12 23 45 17 18 44 
4 58 24 14 51 50 
6 42 46 56 13 41 
#Base: 922
#Max: 643
#697397
#Turn 9
#64 33 20 24 45 21 28 62 70 69 23 41 26 7 23 
#64 64 20 24 45 42 16 62 70 69 0 0 26 11 12 
#7 64 6 28 45 42 16 62 75 57 49 6 15 7 57 
#60 64 6 16 45 58 11 17 75 57 49 6 9 24 23 
#33 64 6 28 45 58 17 17 75 69 23 0 21 24 23 
#60 64 5 16 45 21 12 6 18 69 49 33 26 36 57 
#54 64 20 28 45 58 16 62 10 69 23 33 13 36 57 
#49 64 5 28 45 58 28 62 70 69 49 6 26 24 12 
#33 64 35 14 10 58 12 62 75 69 23 15 26 57 57 
#64 33 35 22 41 58 12 62 10 57 0 15 9 10 57 
#64 64 5 28 11 58 16 17 70 69 23 48 37 57 23 
#64 33 5 22 41 42 16 43 70 69 49 0 37 57 23 
#60 64 9 16 10 58 16 43 75 57 49 41 37 57 50 
#60 64 9 24 41 42 12 43 75 69 5 48 37 57 57 
#64 64 6 24 41 58 16 43 18 57 49 6 9 36 57 
#49 64 5 22 10 58 17 43 70 57 49 48 37 10 57 
#64 64 35 16 10 42 17 43 70 69 49 48 37 11 57 
#64 64 35 28 41 42 16 17 70 69 49 4 26 24 57 
#64 64 35 28 45 42 16 62 70 69 49 41 26 57 57 
#7 64 5 28 45 42 16 17 75 69 49 0 21 57 57 
#64 64 20 19 41 42 17 43 8 69 49 33 26 7 57 
#64 33 16 16 41 42 17 43 33 69 49 41 37 1 57 
#64 64 16 16 45 42 11 17 75 69 49 48 37 36 50 
#64 64 35 24 45 58 16 62 70 69 49 48 26 36 50 
#64 64 35 22 45 58 16 17 70 69 23 41 26 24 57 
#49 18 20 22 45 21 28 17 75 69 49 41 4 57 57 
#60 18 9 22 45 21 28 62 70 69 0 48 26 10 57 
#49 64 5 16 41 58 28 62 75 57 0 48 26 57 50 
#64 64 5 24 45 58 28 62 46 57 0 0 37 57 50 
#33 64 6 24 41 58 16 62 46 57 49 48 37 36 50 
#60 64 5 19 45 21 12 62 70 69 23 41 4 57 57 
#64 64 24 24 45 58 28 62 10 69 23 0 26 36 12 
#7 18 5 28 45 42 16 62 75 69 49 6 26 11 57 
#60 64 6 14 10 58 11 62 75 69 49 6 17 24 57 
#33 64 6 28 45 42 12 17 75 69 49 41 9 57 23 
#60 33 20 28 45 58 17 62 10 57 23 48 21 10 57 
#60 64 5 28 45 58 16 17 18 69 5 48 26 1 57 
#64 33 5 16 41 42 16 2 70 69 23 33 37 57 23 
#54 33 20 28 10 58 16 43 70 69 49 6 26 11 50 
#60 64 5 16 10 58 28 43 70 69 5 41 37 24 50 
#60 64 35 28 41 58 12 17 75 57 23 48 9 57 57 
#64 64 5 14 41 58 12 62 18 69 49 48 26 10 57 
#33 64 35 22 41 58 17 17 75 69 0 48 37 1 57 
#64 64 5 22 41 42 17 43 70 69 23 48 37 24 23 
#54 64 5 24 41 58 16 43 75 69 0 4 9 57 57 
#64 64 35 16 41 42 12 17 75 57 49 41 37 57 50 
#60 64 35 24 45 21 16 62 75 69 23 48 4 57 57 
#7 64 5 28 45 42 16 17 18 57 49 6 26 57 57 
#64 64 20 19 41 58 17 6 8 57 0 33 37 7 57 
#64 33 5 16 10 42 17 43 33 69 49 41 37 1 57 
#20 64 35 16 41 58 16 43 70 69 0 41 37 11 50 
#64 64 6 24 41 42 16 17 70 57 49 41 37 36 50 
#64 64 35 28 10 58 16 62 75 69 23 0 26 57 57 
#49 64 20 14 45 42 16 17 70 57 49 48 21 24 57 
#64 18 20 28 45 42 28 17 75 69 49 33 26 7 57 
#64 18 16 22 41 42 17 43 70 69 49 0 37 11 50 
#60 64 16 28 41 42 12 62 75 69 49 41 4 40 50 
#64 64 6 16 45 58 11 62 75 57 49 0 26 36 50 
#64 64 6 22 41 58 16 62 46 69 0 0 26 11 19 
#49 64 20 22 45 35 16 17 75 19 49 6 21 36 50 
42 11 10 30 6 34 
50 25 15 12 53 28 
39 43 22 56 40 41 
27 13 46 18 45 16 
33 57 52 23 24 8 
21 7 17 29 51 54 
#Base: 922
#Max: 725
#786334
#33 33 35 22 41 42 16 17 70 69 49 48 37 57 57 
#64 64 5 22 41 42 16 43 70 69 49 0 37 57 23 
#64 64 5 19 11 21 16 17 70 69 23 41 37 57 23 
#60 64 5 28 45 58 16 62 10 69 23 41 4 57 57 
#54 64 6 28 45 42 16 17 75 69 49 41 13 57 23 
#20 18 20 16 45 58 28 17 70 69 49 41 4 57 50 
#49 64 5 22 45 58 28 43 70 69 49 41 37 10 57 
#60 64 5 22 10 58 17 43 70 57 49 41 37 57 50 
#60 64 9 14 10 42 16 43 75 57 49 41 37 24 50 
#49 64 5 24 45 58 28 62 70 57 0 48 37 24 50 
#64 64 5 22 41 58 28 43 70 69 23 41 37 24 23 
#64 64 16 22 41 42 11 17 70 69 23 48 37 24 50 
#64 64 16 16 41 42 12 62 75 69 49 41 4 36 50 
#60 64 16 28 41 42 12 17 75 57 49 41 9 57 50 
#60 64 35 14 41 58 12 62 75 69 23 48 9 57 57 
#49 64 5 24 41 58 12 43 75 57 5 48 37 57 50 
#60 64 9 24 45 42 16 43 75 69 5 48 37 57 57 
#60 64 35 24 45 42 16 62 70 69 23 48 4 57 57 
#64 64 35 16 41 42 12 62 70 57 49 41 37 57 50 
#64 64 35 16 41 42 17 17 75 57 49 48 37 57 50 
#64 64 6 14 45 58 11 62 75 69 49 0 26 24 57 
#64 64 35 28 45 58 16 62 75 57 23 0 26 57 57 
#64 64 35 28 10 58 16 62 75 69 49 48 26 57 57 
#64 64 35 24 45 58 16 17 70 69 49 41 26 24 57 
#33 64 35 22 45 58 12 17 75 69 23 15 26 57 57 
#64 33 16 16 45 42 28 43 70 69 49 41 26 1 12 
#49 64 35 28 41 42 16 62 70 69 49 4 26 24 12 
#33 64 6 28 41 42 16 62 70 57 49 48 26 24 57 
#33 64 6 24 41 42 16 17 46 57 49 41 37 36 50 
#64 64 20 28 41 42 16 17 75 57 49 33 26 36 57 
#33 64 35 16 41 58 17 43 75 69 0 48 37 11 57 
#49 33 5 22 41 21 28 17 70 69 49 0 37 57 23 
#64 64 5 28 11 58 16 43 70 69 49 48 37 10 57 
#60 64 9 19 45 58 16 43 70 57 49 41 4 57 50 
#49 64 20 28 45 42 16 17 10 69 23 33 21 24 57 
#64 64 6 28 45 58 12 17 75 69 0 41 37 57 50 
#20 64 35 16 41 58 28 43 70 69 0 41 37 11 50 
#49 18 20 22 41 21 28 17 70 69 49 41 37 57 23 
#49 64 16 22 10 42 11 43 70 57 49 48 37 10 50 
#60 64 16 16 10 42 16 43 75 57 49 41 4 57 50 
#60 64 35 14 41 58 12 17 75 57 23 48 9 57 57 
#64 64 5 14 41 58 12 62 18 69 49 0 37 10 50 
#49 64 5 16 41 58 28 43 75 69 5 48 26 57 50 
#64 64 5 22 41 42 12 43 70 69 5 48 37 57 23 
#60 64 35 16 45 42 16 62 75 69 49 48 37 36 50 
#60 64 16 28 45 42 16 62 75 69 49 41 26 57 57 
#60 64 35 16 41 58 12 17 75 57 23 41 9 57 50 
#64 64 5 14 41 42 17 62 70 69 49 48 26 11 57 
#49 64 6 16 10 58 28 62 75 69 0 48 26 24 57 
#64 64 6 24 45 42 12 62 75 69 49 48 26 36 50 
#64 64 35 24 45 58 16 62 75 69 23 48 26 57 57 
#64 64 35 24 45 58 16 62 70 69 49 48 26 57 57 
#64 64 35 22 41 42 12 17 75 69 23 41 26 24 57 
#33 64 35 16 10 42 12 43 75 69 49 15 26 57 57 
#64 64 6 14 41 58 11 43 75 69 49 6 17 24 57 
#64 64 6 16 45 58 28 62 75 57 49 0 26 24 50 
#64 64 35 28 41 42 16 62 75 69 49 4 26 57 57 
#33 64 35 24 41 58 16 62 46 57 49 48 26 36 50 
#64 64 6 24 41 58 16 17 70 57 49 41 37 24 57 
#33 64 20 28 10 42 12 17 75 69 49 33 26 7 57 
#Base: 922
#Max: 744
#806941
