#[0] 3, 3
#[1] 4, 3
#[2] 3, 4
#[3] 3, 2
#[4] 2, 3
#[5] 2, 4
#[6] 1, 3
#[7] 2, 2
#[8] 3, 1
#[9] 4, 4
#[10] 5, 3
#[11] 3, 5
#[12] 4, 2
#[13] 3, 0
#[14] 5, 4
#[15] 4, 5
#[16] 5, 2
#[17] 4, 1
#[18] 0, 3
#[19] 1, 4
#[20] 2, 1
#[21] 1, 2
#[22] 2, 5
#[23] 0, 4
#[24] 5, 1
#[25] 0, 2
#[26] 5, 5
#[27] 1, 5
#[28] 2, 0
#[29] 1, 1
#[30] 4, 0
#[31] 0, 5
#[32] 1, 0
#[33] 0, 1
#[34] 5, 0
#[35] 0, 0
#Turn 0
24 28 7 12 4 27 
8 42 20 58 47 1 
35 40 52 3 38 53 
17 49 45 39 54 57 
10 41 30 0 22 31 
37 6 21 48 23 51 
#Base: 914
#Max: 355
#388403
#Turn 1
#20 20 10 0 25 52 27 4 41 36 15 29 16 8 40 
#20 10 36 36 9 5 27 3 13 52 15 33 16 26 23 
#9 10 21 24 9 5 18 3 20 52 60 19 38 13 23 
#9 9 21 24 36 24 30 30 50 27 60 19 27 13 7 
#4 9 1 11 36 23 30 30 13 8 39 34 1 1 7 
#47 3 55 8 9 9 26 6 39 34 23 7 30 28 5 
#15 3 36 8 22 2 50 8 16 11 43 36 30 22 9 
#13 18 0 4 37 2 50 28 2 20 18 19 11 27 8 
#13 7 8 4 12 6 66 26 29 20 18 38 24 20 20 
#13 7 15 45 33 3 51 26 27 4 42 38 24 41 44 
#8 13 52 9 4 15 40 24 44 25 56 43 7 1 8 
#8 13 22 9 57 39 2 24 29 5 8 43 8 6 8 
#5 16 12 11 37 13 2 70 29 17 7 26 8 26 1 
#4 16 12 21 37 13 19 70 25 17 7 26 24 10 8 
#25 14 18 38 8 35 19 68 29 12 17 17 56 10 8 
#24 21 11 32 23 37 5 16 13 16 5 19 26 58 15 
#21 32 3 6 23 3 36 1 1 69 24 3 3 58 15 
#21 84 10 16 6 4 36 4 1 24 24 3 26 20 4 
#26 84 3 22 6 15 13 3 19 17 11 3 11 2 20 
#4 21 23 22 30 14 2 10 21 35 16 15 30 58 49 
#8 2 38 9 7 23 17 22 46 21 47 1 58 2 5 
#17 2 38 1 7 1 17 3 46 21 30 23 58 2 5 
#17 2 27 1 7 8 16 3 13 42 60 39 5 10 21 
#12 10 9 2 56 8 16 51 49 16 22 39 5 10 2 
#12 18 33 20 0 54 10 25 3 17 11 1 10 0 16 
#14 20 15 22 5 55 27 35 6 5 13 16 25 3 35 
#6 20 51 22 4 35 34 16 6 3 39 16 3 19 35 
#49 36 16 19 4 13 25 16 3 25 14 34 48 22 3 
#49 33 14 6 6 13 34 18 62 17 11 40 23 9 3 
#17 33 14 6 44 6 34 18 62 10 6 46 22 9 9 
#2 8 34 0 9 44 12 6 39 4 28 10 18 8 40 
#37 3 10 8 15 52 26 4 16 36 15 29 30 22 38 
#7 10 36 15 22 2 18 28 13 52 26 33 38 27 23 
#13 18 0 24 37 6 66 2 20 20 18 19 32 13 34 
#13 7 37 11 12 37 30 26 36 8 1 15 24 10 7 
#4 3 15 25 13 3 26 33 27 4 38 23 1 41 3 
#15 37 52 5 22 11 12 8 44 25 8 7 12 28 5 
#37 13 55 9 4 15 26 8 23 34 23 43 30 1 9 
#5 10 36 11 22 2 2 28 29 5 8 20 8 6 8 
#4 16 12 4 37 6 9 70 29 17 18 19 24 26 1 
#25 27 8 45 12 37 7 26 36 13 1 38 24 10 8 
#4 3 15 13 8 3 6 6 27 4 17 23 56 41 3 
#15 21 52 5 26 13 36 8 22 64 8 19 12 6 6 
#24 13 22 6 4 15 5 24 23 34 22 43 7 1 8 
#5 32 25 11 16 3 36 52 29 69 24 20 26 6 10 
#26 16 12 7 6 4 20 4 19 17 7 3 24 26 4 
#25 69 3 38 30 15 19 3 25 17 42 23 2 2 8 
#48 14 20 24 8 14 2 6 19 12 16 15 56 58 49 
#51 21 28 32 26 13 36 16 14 21 5 4 26 26 39 
#24 15 13 19 23 14 17 1 46 21 30 51 58 58 5 
#21 2 27 1 7 3 19 4 28 42 60 23 26 38 10 
#26 10 9 7 6 8 16 51 19 24 11 39 5 20 4 
#12 26 2 22 30 15 42 3 21 17 26 1 2 0 0 
#6 18 33 6 0 14 10 41 19 35 16 15 15 58 49 
#31 2 28 18 55 23 23 35 6 31 47 27 25 26 21 
#14 20 15 19 7 55 27 22 46 21 35 1 45 3 35 
#6 2 27 19 4 35 34 16 6 3 60 23 9 19 21 
#1 36 9 20 10 13 16 51 13 16 22 39 48 10 2 
#12 33 2 6 56 13 34 25 49 17 26 1 10 0 17 
#6 31 33 20 0 54 10 42 3 16 11 50 15 3 16 
32 31 12 20 39 58 
21 37 5 16 19 50 
8 2 10 44 9 33 
55 18 47 49 14 28 
0 53 29 17 3 23 
48 13 42 46 54 59 
#Base: 914
#Max: 413
#451860
#Turn 2
#7 3 10 15 22 2 26 4 16 52 26 29 30 27 38 
#37 16 10 8 37 13 2 4 16 17 7 26 30 22 38 
#8 16 12 11 37 23 17 70 29 17 47 1 8 2 1 
#8 16 12 4 7 6 17 22 46 17 47 1 58 26 5 
#12 16 2 4 56 6 34 25 29 17 26 1 24 26 1 
#17 13 38 9 7 15 17 8 23 34 30 23 30 2 5 
#37 3 55 9 9 15 26 8 23 34 23 43 30 1 5 
#47 32 3 8 23 9 36 6 1 34 24 7 3 28 5 
#4 32 3 22 23 14 36 10 1 35 16 15 3 58 15 
#4 21 23 22 30 3 19 10 21 42 60 15 30 58 10 
#9 10 8 4 12 6 18 3 20 52 18 38 38 20 20 
#8 10 52 24 9 5 18 24 20 25 56 19 7 13 8 
#5 13 52 9 4 3 36 24 29 25 24 20 26 6 10 
#13 7 25 11 16 3 36 26 27 69 42 38 26 41 10 
#13 7 15 45 33 3 66 26 27 20 18 19 24 41 34 
#14 84 3 19 6 55 27 3 19 17 11 1 11 3 35 
#48 84 3 24 6 15 2 6 19 12 16 3 56 58 20 
#48 15 13 24 23 14 2 6 46 12 30 51 58 58 5 
#25 14 18 38 23 14 19 68 29 21 30 51 56 10 5 
#25 14 14 6 6 13 34 68 62 12 17 17 23 9 3 
#20 20 10 0 25 52 27 41 19 35 16 29 15 58 40 
#17 33 14 6 0 14 10 18 62 35 16 15 15 9 9 
#21 84 14 6 44 4 34 18 62 10 6 3 22 20 9 
#21 9 21 16 36 24 36 30 50 27 60 19 27 13 4 
#9 9 21 2 56 24 16 51 49 27 22 19 5 10 7 
#4 21 28 21 37 13 19 70 14 21 7 4 24 10 8 
#15 21 12 21 37 13 36 8 22 64 8 19 24 10 6 
#15 69 3 38 30 13 36 8 25 64 8 19 12 6 8 
#25 69 3 18 30 15 19 35 25 31 47 23 25 26 21 
#6 31 33 20 0 23 10 35 3 16 11 50 15 3 21 
#17 2 38 15 7 1 18 28 46 21 30 23 38 2 5 
#37 3 55 8 15 52 26 8 16 36 15 29 30 1 9 
#47 16 12 8 9 13 2 70 39 17 7 7 8 26 1 
#8 2 3 6 7 23 17 1 1 21 47 3 58 58 5 
#4 16 23 4 37 6 9 70 29 35 16 19 24 58 49 
#12 33 2 6 56 13 19 25 49 42 60 23 10 38 10 
#17 2 38 1 7 6 17 26 29 20 18 38 24 20 5 
#37 13 55 9 9 15 18 3 20 52 23 43 30 1 9 
#8 13 55 9 9 9 26 6 44 34 23 43 7 28 5 
#5 32 3 11 23 3 36 1 1 69 24 3 3 58 10 
#13 7 15 22 33 3 2 26 27 4 42 38 24 41 49 
#21 18 0 1 37 6 66 2 20 42 60 19 32 38 10 
#14 7 15 4 7 6 66 26 46 20 18 1 24 3 20 
#26 10 3 22 6 5 18 3 19 52 11 19 38 13 23 
#48 14 20 9 4 14 40 6 19 12 16 43 56 58 49 
#5 32 25 19 16 14 17 1 29 69 24 20 58 58 10 
#13 14 15 38 8 3 19 68 27 12 17 17 24 10 44 
#49 18 14 6 6 13 66 2 62 17 11 19 23 9 3 
#20 20 10 0 7 55 27 4 41 21 35 1 45 8 35 
#6 18 3 6 6 15 10 3 19 17 16 15 11 58 20 
#48 33 14 6 8 14 34 6 19 10 6 46 22 58 9 
#24 84 13 19 23 14 17 4 46 21 24 51 26 58 4 
#9 9 21 38 8 35 19 30 50 27 17 17 56 13 8 
#49 10 9 6 6 13 34 51 62 17 11 40 5 10 2 
#20 20 10 0 26 13 36 4 14 36 15 29 26 26 39 
#4 16 33 21 37 14 19 41 19 17 16 26 24 10 8 
#15 33 52 6 44 13 36 8 22 10 6 46 12 9 9 
#25 84 3 16 6 4 19 4 25 17 42 3 26 20 8 
#31 9 21 18 36 23 23 35 6 27 47 19 27 26 21 
#6 10 33 2 56 8 16 42 3 16 11 39 5 10 2 
38 40 37 9 2 33 
48 24 39 18 19 46 
52 53 44 17 34 23 
28 41 45 51 22 27 
32 14 13 16 15 57 
56 50 47 35 20 31 
#Base: 914
#Max: 428
#468271
#Turn 3
#13 13 15 22 33 3 2 6 27 4 42 43 7 41 49 
#37 13 55 22 33 15 18 3 27 52 42 43 30 41 49 
#4 13 55 22 9 15 18 3 20 52 60 43 30 58 9 
#4 21 12 11 37 23 19 10 21 17 60 15 30 58 1 
#8 16 3 11 37 23 17 1 1 17 47 3 8 2 1 
#20 20 10 0 56 24 27 51 49 21 22 19 5 10 35 
#9 32 21 11 23 24 16 51 1 27 22 19 5 10 7 
#25 32 18 38 23 3 19 68 29 21 30 3 56 58 10 
#25 14 14 6 6 14 19 68 29 21 17 17 56 9 5 
#13 14 15 38 8 3 19 68 62 12 17 17 24 10 44 
#9 10 21 38 6 35 34 51 50 17 11 40 56 13 8 
#48 10 20 6 4 14 34 6 19 12 16 40 56 58 2 
#48 15 20 9 23 14 40 6 46 12 16 51 58 58 49 
#48 15 23 24 23 14 9 6 46 12 16 51 58 58 49 
#21 9 21 4 36 24 36 30 29 35 60 19 24 13 49 
#21 18 0 18 37 6 66 35 20 31 47 19 25 38 10 
#21 18 25 19 37 6 17 2 20 42 24 19 32 58 10 
#24 84 13 19 16 14 17 1 29 69 24 51 26 58 10 
#21 84 13 19 44 4 17 4 46 21 6 3 26 20 9 
#21 84 3 38 44 13 36 8 62 10 8 19 22 6 9 
#47 7 15 8 9 13 2 26 27 20 18 7 8 26 1 
#13 7 15 45 33 3 66 26 27 20 18 19 24 41 34 
#48 84 3 11 16 3 36 6 27 12 42 38 56 41 20 
#14 84 3 24 6 15 2 3 19 17 11 1 11 3 20 
#25 84 3 16 6 55 27 4 25 17 42 3 26 20 35 
#15 33 14 6 44 13 36 8 19 10 6 46 12 58 9 
#48 18 14 6 8 13 66 2 19 17 6 46 22 9 9 
#49 33 14 6 56 13 19 25 62 42 60 23 10 9 10 
#20 20 10 0 56 52 27 41 19 35 60 29 15 58 10 
#20 20 55 0 15 52 26 8 16 36 15 29 15 58 40 
#20 13 55 9 7 55 26 6 44 21 23 1 7 28 5 
#9 9 15 2 33 3 2 26 49 4 22 38 5 10 49 
#37 32 55 9 9 3 36 1 1 69 23 3 30 1 9 
#4 21 18 22 30 14 19 10 29 42 60 15 56 58 10 
#8 14 12 11 6 23 17 68 62 17 47 17 23 2 3 
#8 14 3 6 7 23 17 68 1 21 17 17 24 58 5 
#9 20 21 38 8 35 27 30 41 27 17 1 45 13 35 
#9 10 21 6 56 24 16 51 49 17 22 19 5 10 2 
#48 32 20 9 23 14 40 6 1 12 24 3 56 58 49 
#48 15 18 24 23 14 19 6 29 12 30 51 56 10 5 
#25 14 14 4 6 6 34 68 62 35 16 19 23 9 49 
#13 14 21 38 8 24 19 68 27 27 17 19 24 10 44 
#25 9 21 38 8 35 19 35 25 27 47 23 25 13 21 
#49 18 9 1 37 6 66 2 62 42 11 19 5 38 2 
#5 32 25 9 4 14 40 1 29 69 24 20 58 58 49 
#48 84 13 24 23 14 17 6 46 12 24 51 58 58 4 
#4 16 14 4 37 4 9 18 62 10 16 3 24 58 49 
#15 9 3 38 36 13 36 8 50 27 8 19 27 6 4 
#47 69 12 18 30 15 2 70 39 17 47 7 8 26 1 
#13 18 0 1 37 3 66 2 20 42 18 19 32 38 10 
#5 7 25 11 16 3 17 1 29 69 42 38 26 41 10 
#24 84 13 19 23 14 17 4 46 12 16 51 26 58 4 
#21 84 3 6 6 4 34 3 62 17 11 3 11 3 35 
#15 69 3 38 6 13 36 8 25 64 42 3 26 6 8 
#47 16 52 6 9 13 36 8 39 10 6 7 12 26 1 
#48 33 14 6 8 3 66 26 27 20 18 46 22 58 9 
#49 18 14 11 16 3 36 26 27 69 11 38 23 41 10 
#48 84 2 6 6 13 2 25 49 12 60 23 10 38 20 
#20 20 10 19 25 52 27 41 19 35 16 1 11 58 35 
#25 84 55 8 6 4 26 8 25 36 42 29 30 20 9 
11 32 10 55 52 34 
21 15 38 51 40 56 
9 33 28 12 44 53 
59 48 57 45 22 19 
14 43 27 17 13 2 
58 29 24 1 7 18 
#Base: 914
#Max: 482
#527352
#Turn 4
#48 32 20 6 4 14 36 1 19 69 23 3 30 58 9 
#37 32 21 9 9 3 36 51 1 69 23 3 30 13 8 
#9 33 14 38 6 35 66 26 27 20 11 46 56 13 9 
#21 33 14 6 8 3 34 26 62 17 18 3 22 58 9 
#8 84 3 11 6 23 34 68 62 17 11 17 11 2 35 
#21 7 0 45 33 6 66 35 27 20 47 19 24 41 10 
#48 18 0 18 37 14 40 6 1 12 24 19 25 38 49 
#48 32 13 19 23 14 40 6 46 12 24 3 56 58 49 
#24 84 13 19 23 14 17 4 46 12 16 51 26 58 4 
#49 18 14 4 6 3 36 26 62 35 11 38 23 9 10 
#4 14 18 38 30 14 19 10 62 12 60 17 24 58 10 
#20 20 18 22 30 52 19 10 19 35 60 29 15 58 10 
#48 20 20 9 56 52 27 6 19 12 16 29 15 58 49 
#5 32 25 9 23 14 40 1 46 12 16 20 58 58 49 
#15 69 3 9 6 13 36 1 25 69 42 20 58 6 8 
#47 69 55 18 6 4 2 8 25 36 42 29 8 20 1 
#48 69 2 6 6 13 2 70 39 17 47 7 8 38 20 
#48 84 13 6 6 13 2 6 49 12 24 51 58 38 4 
#48 84 3 11 23 3 36 6 27 12 24 51 58 58 20 
#21 84 3 38 44 3 36 8 27 10 42 19 22 41 9 
#21 9 9 4 36 24 66 30 62 42 60 19 24 38 2 
#49 33 14 1 37 13 19 2 62 42 11 19 5 38 10 
#24 84 14 6 16 14 19 25 62 69 24 51 26 9 10 
#24 84 13 19 23 14 9 6 29 12 24 51 58 58 49 
#4 13 55 24 23 14 9 3 20 52 16 51 58 58 49 
#20 20 55 0 15 52 26 8 19 36 15 1 11 58 40 
#20 20 55 16 6 52 27 8 16 17 15 3 26 58 35 
#25 84 3 16 33 55 27 3 27 52 42 43 26 20 35 
#25 32 55 22 23 3 18 68 29 21 30 43 56 41 10 
#21 84 13 38 44 3 19 4 29 21 6 3 56 58 9 
#13 7 15 45 33 3 34 6 19 12 16 40 24 41 34 
#37 18 0 18 37 3 66 35 20 31 23 3 30 38 9 
#48 10 21 9 23 35 40 51 50 12 11 3 56 13 8 
#24 84 13 6 8 3 66 4 27 12 18 46 26 58 9 
#21 14 14 6 6 6 34 3 62 35 11 3 23 9 49 
#49 18 12 11 6 23 36 26 27 17 47 38 23 2 10 
#13 14 15 45 8 3 19 26 62 12 17 17 24 41 34 
#4 21 0 18 37 6 19 35 20 42 60 19 56 58 10 
#48 32 20 9 56 14 40 6 19 12 60 3 56 58 10 
#24 84 20 19 23 14 17 4 46 12 16 51 26 58 49 
#5 14 14 4 4 14 34 1 29 69 16 19 58 58 49 
#15 69 14 38 16 13 36 8 25 64 11 3 26 6 10 
#13 84 15 8 6 3 19 8 25 36 17 17 24 10 9 
#4 21 18 22 30 15 19 10 29 42 47 15 56 26 10 
#48 84 2 6 56 13 2 25 19 12 60 29 10 38 20 
#48 84 13 9 23 14 17 6 46 12 24 51 58 58 4 
#5 32 25 11 4 14 40 1 29 12 42 20 58 41 49 
#15 84 3 38 6 13 36 8 25 10 42 3 22 6 9 
#25 84 21 8 6 4 26 8 29 36 60 19 30 20 9 
#49 18 12 18 37 6 66 70 62 17 47 7 5 38 2 
#48 33 14 6 6 13 2 25 49 12 60 23 10 9 10 
#48 84 13 19 23 14 17 1 46 69 24 51 58 58 10 
#48 84 3 24 16 14 36 6 46 12 16 51 56 58 20 
#4 13 3 22 44 15 36 3 20 52 8 19 30 6 9 
#20 20 21 4 25 24 27 30 29 35 60 19 24 58 49 
#49 18 55 1 37 52 26 8 62 42 11 29 15 58 2 
#25 33 3 16 6 13 19 25 62 42 42 3 26 20 10 
#24 13 13 22 16 15 18 3 29 52 24 43 26 58 49 
#25 32 23 24 23 14 19 6 46 21 16 51 58 58 49 
#4 13 13 19 9 15 18 4 20 21 60 3 26 58 9 
0 15 12 20 14 2 
10 54 16 22 58 37 
48 8 49 23 27 7 
24 39 18 51 45 44 
13 29 33 52 55 38 
11 19 4 17 28 40 
#Base: 914
#Max: 535
#585339
#Turn 5
#48 32 20 6 4 14 36 8 25 36 42 3 8 58 9 
#47 20 20 9 56 4 2 6 25 36 42 29 8 58 49 
#48 9 20 9 56 52 27 30 19 42 60 19 24 38 2 
#15 9 3 9 36 24 36 30 25 69 42 19 24 38 8 
#15 69 3 9 6 13 36 1 27 69 11 46 58 6 9 
#4 20 21 4 25 14 19 10 29 35 60 19 24 58 10 
#20 69 2 6 6 13 27 70 39 35 60 7 8 38 20 
#48 69 2 6 6 14 19 70 39 69 24 7 8 9 10 
#24 84 23 24 23 14 19 6 46 69 16 51 26 9 49 
#4 32 0 18 23 14 19 6 46 21 16 51 56 58 49 
#25 84 21 19 6 4 17 8 46 36 60 51 30 58 9 
#49 84 12 18 37 14 66 70 46 12 47 7 5 58 4 
#49 84 12 19 23 6 66 70 62 17 47 51 5 58 49 
#24 84 13 19 23 14 9 3 27 52 24 43 58 58 35 
#48 84 13 19 33 14 27 3 27 52 24 43 56 20 35 
#24 13 55 24 23 14 9 3 46 12 16 51 58 58 49 
#48 84 3 19 23 3 17 4 46 12 24 51 26 58 49 
#48 84 13 11 23 14 36 6 27 12 24 51 58 58 10 
#48 84 13 19 23 14 17 6 46 69 24 51 58 58 10 
#48 84 13 9 56 14 17 6 19 12 60 51 10 38 4 
#21 32 13 9 44 14 40 1 29 21 6 3 56 58 9 
#24 84 13 6 8 3 19 4 27 21 18 3 56 58 9 
#48 84 13 6 8 14 66 4 27 12 18 51 26 58 20 
#49 84 55 24 16 52 26 8 46 12 11 51 56 58 2 
#48 18 55 9 56 14 26 8 19 12 60 29 56 58 10 
#21 84 18 22 44 52 19 10 19 10 42 29 15 41 10 
#21 84 3 38 6 23 34 68 62 17 42 19 11 41 35 
#8 84 3 11 6 23 34 6 49 12 11 17 58 2 4 
#25 32 13 22 6 3 18 6 49 12 24 43 58 41 4 
#5 14 55 22 4 14 18 68 29 21 30 19 56 58 49 
#48 14 20 6 30 14 19 1 62 69 60 3 24 58 9 
#20 69 21 4 25 4 27 8 25 36 42 29 8 58 1 
#48 69 2 9 56 13 27 6 39 12 47 29 15 58 49 
#21 84 9 6 36 24 19 25 62 42 24 19 26 9 10 
#15 32 23 24 6 13 19 6 46 21 16 20 58 6 8 
#4 21 0 18 6 6 66 26 27 42 11 46 56 58 9 
#4 14 21 38 6 14 26 8 29 12 60 19 30 58 9 
#24 84 21 19 23 14 27 4 46 12 16 19 24 58 49 
#49 69 12 6 37 6 66 70 39 17 47 7 5 38 20 
#24 84 14 19 23 14 9 6 62 12 24 51 26 58 49 
#25 84 3 16 23 14 19 6 46 52 16 43 58 20 35 
#48 21 0 18 23 14 40 6 20 42 24 19 56 58 10 
#4 84 55 24 23 4 26 8 29 52 16 19 30 58 49 
#24 84 13 19 23 14 17 4 46 12 16 51 26 58 49 
#48 84 12 18 23 3 36 6 27 17 47 51 58 58 2 
#48 84 13 19 23 14 9 6 46 69 24 51 58 58 49 
#48 84 13 16 23 55 27 3 27 12 42 51 26 20 35 
#48 84 13 6 23 14 2 6 19 12 60 3 10 58 49 
#4 13 25 24 23 14 9 3 20 52 16 51 58 58 49 
#21 84 13 38 44 14 19 4 46 21 16 51 56 58 9 
#24 84 3 6 8 3 66 6 27 12 18 46 58 58 20 
#48 84 13 19 23 14 17 1 46 12 16 51 58 58 10 
#48 84 13 9 23 14 17 8 46 42 11 51 58 58 2 
#48 84 2 9 56 13 2 6 19 12 60 29 10 38 20 
#5 32 18 9 23 14 40 1 19 35 60 20 58 58 49 
#21 84 13 38 44 3 36 4 29 21 6 3 22 41 9 
#8 84 13 6 8 3 66 4 62 17 18 17 11 58 9 
#48 84 3 6 16 13 36 6 49 12 24 51 58 58 4 
#49 18 55 1 23 3 26 8 62 42 11 43 56 58 10 
#48 14 14 4 56 14 40 6 19 12 60 19 58 58 49 
6 47 59 17 46 30 
15 43 22 44 16 19 
40 32 38 18 26 50 
42 52 11 12 23 13 
29 39 14 45 49 8 
53 24 51 57 10 58 
#Base: 914
#Max: 618
#676149
#Turn 6
#48 69 2 6 6 13 27 70 39 35 60 7 10 58 49 
#48 84 14 6 56 14 2 6 19 12 60 19 58 58 49 
#48 14 14 11 23 14 40 6 27 12 24 19 58 58 10 
#48 84 13 16 23 55 36 3 27 12 42 51 26 58 10 
#48 84 13 6 30 55 27 3 27 69 60 51 24 58 35 
#24 84 55 24 23 14 9 4 46 12 16 51 58 58 49 
#24 84 13 19 8 14 66 4 27 12 18 51 26 58 49 
#48 84 13 18 23 3 66 6 27 12 47 51 26 58 2 
#48 84 12 18 23 3 36 6 46 17 24 51 26 58 49 
#48 84 13 9 56 3 17 4 46 12 60 51 26 38 49 
#48 69 2 9 56 14 27 6 46 12 47 29 58 20 35 
#48 69 12 9 37 13 66 6 39 17 47 7 15 38 49 
#49 84 13 19 37 14 66 70 46 17 47 7 5 38 10 
#21 84 13 19 23 14 34 68 62 69 24 19 58 41 10 
#21 84 3 38 6 3 34 68 27 12 42 19 58 58 35 
#4 84 55 24 23 14 26 8 46 52 11 51 58 58 49 
#48 84 13 9 23 14 17 8 46 12 47 51 58 58 4 
#49 84 12 19 23 6 66 70 62 12 47 51 5 58 49 
#49 84 55 24 23 6 26 70 62 12 11 51 56 58 49 
#24 84 55 24 16 52 26 8 27 52 11 43 56 58 35 
#24 84 55 19 23 14 18 6 62 12 30 51 56 58 49 
#48 84 14 19 23 14 9 6 27 52 24 43 26 58 35 
#48 84 13 19 23 14 27 3 27 69 24 51 58 20 49 
#21 84 13 19 23 14 19 4 46 21 16 51 56 58 49 
#21 84 13 38 44 14 19 6 46 69 16 51 26 58 9 
#48 18 55 9 56 13 2 8 19 12 60 29 56 38 20 
#48 18 55 9 56 14 17 1 19 12 60 29 58 58 10 
#48 84 3 6 23 14 36 1 46 12 16 51 58 58 10 
#25 84 21 6 6 13 17 6 46 12 60 51 58 58 4 
#49 84 21 1 23 3 26 8 62 36 11 51 30 58 9 
#20 13 2 6 6 14 9 70 39 12 60 51 58 58 49 
#48 84 13 19 23 14 2 4 19 12 60 3 26 58 49 
#48 14 14 6 8 14 40 4 19 12 60 51 26 58 49 
#48 84 13 11 23 3 36 6 27 17 24 51 58 58 10 
#48 84 13 16 23 55 27 4 27 12 24 51 26 58 35 
#48 14 13 6 56 14 17 6 19 69 60 3 24 58 4 
#25 84 55 16 23 14 19 3 46 12 16 43 58 58 49 
#24 84 13 9 23 14 27 6 46 12 47 51 15 58 49 
#49 69 13 6 37 6 66 70 39 12 18 7 26 58 20 
#48 84 13 19 23 14 17 6 27 69 24 51 58 58 10 
#48 84 3 19 23 3 34 68 62 17 42 51 26 41 49 
#24 84 3 9 56 3 66 6 27 12 60 46 58 38 20 
#4 84 55 24 23 14 19 8 46 52 16 19 58 20 35 
#48 69 13 9 23 14 17 6 46 12 47 29 58 58 2 
#49 84 12 18 37 6 66 70 46 17 47 7 5 58 20 
#49 84 12 19 23 6 17 70 46 69 24 51 5 58 49 
#21 84 55 38 6 23 26 8 46 12 42 19 11 41 2 
#24 84 3 19 23 14 9 3 27 52 18 43 58 58 35 
#5 84 55 24 4 4 26 8 29 21 30 19 56 58 49 
#24 84 14 19 23 14 9 8 62 42 11 51 58 58 49 
#48 84 13 19 33 14 66 70 27 12 47 7 56 20 4 
#48 84 12 19 23 6 66 6 62 69 24 51 5 58 49 
#49 84 55 24 44 52 19 4 46 21 16 51 56 58 2 
#24 84 23 19 23 14 19 3 46 69 24 51 58 9 49 
#48 84 55 9 4 13 2 6 29 12 30 29 56 38 49 
#48 84 14 9 56 14 26 6 62 12 24 51 26 58 49 
#48 84 13 19 23 14 27 1 46 12 24 43 56 20 10 
#48 84 13 6 16 13 36 6 49 12 24 51 58 58 49 
#25 84 21 19 44 4 17 4 46 36 16 51 56 58 9 
#24 18 23 24 23 3 26 6 46 69 11 51 26 58 10 
23 34 53 22 36 8 
7 3 9 40 57 0 
38 39 15 45 52 1 
12 13 4 18 51 44 
16 5 55 17 19 49 
58 14 41 20 50 24 
#Base: 914
#Max: 636
#695842
#Turn 7
#21 84 13 16 23 55 27 4 46 12 24 51 56 58 35 
#24 84 13 19 23 55 19 3 46 69 24 51 58 9 35 
#24 84 13 19 23 14 27 3 46 69 24 51 58 9 49 
#25 84 13 19 23 14 19 3 27 69 24 43 58 20 49 
#25 84 12 18 23 14 19 6 46 17 16 43 58 58 49 
#48 84 13 18 23 3 36 6 27 12 42 51 26 58 10 
#48 84 13 16 23 3 17 3 46 12 60 51 26 58 49 
#48 84 3 19 23 3 34 4 46 17 42 51 26 41 49 
#48 84 13 6 16 13 34 6 49 17 24 51 58 58 49 
#48 69 2 6 6 13 36 6 39 12 24 7 58 58 49 
#49 84 13 6 37 14 17 70 39 69 24 51 26 58 10 
#4 84 13 19 23 14 26 8 46 69 24 51 58 58 10 
#4 84 55 19 23 6 26 8 46 52 11 51 58 58 49 
#49 84 12 19 44 52 17 4 46 21 24 51 56 58 49 
#48 84 14 6 44 14 2 6 46 12 60 19 56 58 49 
#21 84 13 19 23 14 34 68 46 69 24 7 58 41 10 
#21 84 13 19 23 14 34 68 27 69 24 19 58 58 10 
#49 84 55 6 30 6 27 70 62 69 11 51 56 58 49 
#49 84 55 19 23 6 26 70 62 12 24 51 56 58 49 
#49 84 12 19 23 6 66 6 46 69 24 7 5 58 49 
#48 84 13 24 23 14 9 4 46 12 16 51 58 58 49 
#48 84 55 24 23 14 26 6 62 12 16 51 58 58 49 
#48 84 12 19 23 6 26 6 62 12 24 51 5 58 49 
#49 84 12 24 23 6 26 70 62 52 11 43 5 58 35 
#24 84 55 19 23 52 9 8 27 52 11 51 56 58 49 
#21 84 21 19 44 4 17 68 46 12 16 19 56 58 35 
#24 84 3 9 56 3 34 6 27 12 60 19 58 38 20 
#24 84 3 19 56 3 66 6 27 12 60 46 56 38 49 
#24 84 55 19 33 14 18 6 27 12 47 7 56 20 49 
#21 84 13 38 44 14 66 70 46 12 47 51 56 20 9 
#21 84 13 18 23 3 66 4 46 21 47 51 26 58 49 
#48 84 13 16 23 55 36 3 27 12 24 51 26 58 35 
#24 84 23 19 23 14 17 3 46 12 24 51 58 9 49 
#48 84 13 19 23 3 27 68 62 17 24 51 26 20 49 
#48 84 55 16 23 14 19 3 46 12 24 43 58 58 49 
#48 84 2 18 23 3 36 6 46 17 60 7 26 58 49 
#48 69 13 18 23 3 66 70 27 12 47 7 26 58 20 
#48 84 13 16 23 14 36 6 27 69 42 51 26 58 10 
#48 84 13 9 56 14 26 8 46 52 11 51 58 58 49 
#49 84 12 19 23 3 17 68 46 69 42 51 26 41 49 
#49 84 55 6 16 52 36 4 49 21 16 51 58 58 2 
#48 69 14 6 6 14 27 6 39 35 60 7 58 58 49 
#49 69 13 19 37 14 66 70 46 12 18 7 5 38 20 
#21 84 13 19 23 14 34 68 62 69 24 51 58 58 10 
#48 84 55 6 30 14 27 3 27 69 11 51 58 58 49 
#49 84 12 19 23 6 17 70 46 12 24 51 56 58 49 
#48 84 55 19 44 52 19 4 62 69 16 51 56 58 49 
#49 84 14 18 56 6 66 70 46 12 47 19 58 58 20 
#48 84 13 19 23 14 66 8 46 12 47 7 5 58 10 
#24 84 13 24 23 14 34 4 46 69 24 19 58 58 10 
#48 84 14 6 30 14 27 6 27 69 24 51 24 58 49 
#49 84 12 19 23 6 66 70 62 12 47 51 56 58 49 
#24 84 55 24 16 6 66 8 27 52 11 43 5 58 49 
#24 84 14 18 37 6 9 70 46 42 11 7 5 58 20 
#25 84 21 19 23 4 17 4 46 36 47 51 58 58 9 
#21 84 3 38 6 3 34 4 46 12 16 19 58 58 35 
#48 84 3 9 56 14 66 6 27 12 60 51 58 38 49 
#49 84 55 19 23 14 18 70 62 12 47 51 56 58 49 
#24 84 55 19 33 52 26 8 27 12 47 43 56 58 4 
#24 84 13 19 23 14 9 6 46 69 16 51 58 58 9 
25 0 1 40 16 8 
14 30 34 43 27 15 
52 12 39 18 47 58 
13 44 57 17 51 21 
50 23 38 46 29 24 
37 33 10 56 45 19 
#Base: 914
#Max: 686
#750547
#Turn 8
#21 84 13 16 44 4 27 68 46 12 16 51 56 58 35 
#21 84 13 16 23 55 19 4 46 12 24 51 58 9 35 
#49 84 55 19 23 52 36 3 46 21 24 51 58 9 2 
#21 84 55 19 16 52 34 68 27 21 24 19 58 58 10 
#48 84 13 6 16 14 34 68 49 69 24 51 58 58 10 
#48 84 14 6 44 14 2 4 46 21 60 51 56 58 49 
#21 84 13 18 23 14 19 3 46 12 47 43 26 58 49 
#48 84 55 16 23 14 34 68 46 69 24 51 58 58 49 
#21 84 3 19 56 14 66 68 27 69 60 46 58 38 10 
#24 84 3 19 56 3 66 68 27 12 24 7 58 38 49 
#24 84 55 19 16 6 26 8 27 52 11 51 5 58 49 
#4 84 55 19 23 3 17 8 46 52 42 51 26 41 49 
#49 84 12 19 23 6 26 68 62 69 42 51 56 58 49 
#49 84 14 18 23 6 26 70 62 12 24 19 58 58 20 
#24 84 14 18 56 52 26 8 27 12 47 43 56 58 4 
#49 84 55 19 44 52 27 4 27 21 11 51 58 58 49 
#48 84 55 19 23 14 27 3 62 12 47 51 56 58 49 
#49 84 55 6 23 14 18 70 62 12 47 51 56 58 49 
#49 84 55 6 30 6 27 70 62 12 47 51 56 58 49 
#48 84 12 19 23 14 26 70 62 12 47 51 56 58 49 
#49 84 14 24 30 6 27 6 27 69 24 43 5 58 35 
#49 84 13 9 23 6 26 8 46 52 11 43 58 58 35 
#48 84 13 19 56 52 19 8 62 69 11 51 56 58 49 
#21 84 55 38 44 14 66 4 46 12 16 51 56 58 49 
#21 84 13 38 44 14 9 8 27 52 47 51 56 58 49 
#48 84 13 19 23 14 27 68 27 69 24 51 26 58 49 
#48 84 13 19 37 3 27 70 39 17 24 51 26 58 10 
#49 84 3 9 37 14 17 6 27 12 60 51 26 58 10 
#49 84 3 9 23 14 66 70 27 12 24 51 56 58 49 
#49 84 12 19 23 6 66 6 46 69 24 51 5 58 49 
#21 84 21 6 44 14 2 6 46 12 16 19 56 58 35 
#21 84 13 18 23 55 27 4 46 12 24 51 26 58 35 
#48 84 55 19 23 14 19 3 46 12 24 51 58 9 49 
#49 84 13 6 23 52 34 4 62 21 24 51 58 58 10 
#24 84 13 19 23 14 34 68 27 69 24 46 56 58 49 
#21 84 13 19 23 13 34 68 49 17 24 7 58 41 10 
#48 84 14 6 44 14 66 8 27 12 60 19 5 58 49 
#4 84 55 19 23 6 26 4 46 52 11 51 58 58 49 
#49 84 55 16 23 14 17 68 46 69 42 43 58 58 49 
#21 84 13 19 23 14 26 70 62 69 24 51 58 58 10 
#24 84 14 19 56 6 66 70 27 12 47 46 56 38 20 
#24 84 13 19 23 52 26 68 27 12 47 43 56 41 4 
#24 84 55 24 44 52 17 4 46 21 11 51 5 58 49 
#4 84 55 6 30 6 27 3 27 69 11 51 58 58 49 
#49 84 12 19 23 14 18 70 62 69 47 51 26 41 49 
#49 84 55 6 30 6 27 70 62 12 24 51 56 58 49 
#49 84 14 19 23 6 66 70 62 12 47 19 58 58 20 
#24 84 55 24 33 52 26 8 27 12 16 43 56 58 4 
#48 84 14 6 44 52 27 4 27 69 24 51 56 58 49 
#49 84 55 6 30 14 26 70 27 69 11 43 5 58 49 
#49 84 55 19 23 14 26 70 46 52 47 51 56 58 49 
#48 84 55 6 30 6 19 4 62 69 11 51 56 58 49 
#49 84 13 38 23 6 66 70 46 12 47 51 56 58 9 
#48 84 55 19 23 52 9 6 27 12 16 51 56 58 49 
#48 84 13 6 23 14 27 6 27 69 42 51 24 58 49 
#49 84 13 24 23 6 26 68 62 52 11 51 26 20 49 
#48 84 13 6 56 14 17 70 39 52 11 51 58 58 10 
#48 84 55 19 56 14 66 4 62 12 60 51 56 58 49 
#49 84 12 19 44 14 66 70 46 12 47 51 56 20 9 
#49 84 12 19 23 52 9 6 46 52 11 7 56 58 49 
33 5 28 34 58 53 
55 29 39 22 46 40 
24 4 17 12 18 25 
23 45 38 50 57 19 
3 16 52 7 8 15 
0 49 51 44 48 56 
#Base: 914
#Max: 699
#764770
#Turn 9
#49 84 13 6 44 52 2 4 46 21 60 51 56 58 49 
#49 84 14 9 23 14 2 4 46 12 24 51 56 58 49 
#24 84 3 19 23 14 66 70 27 69 24 46 56 58 49 
#24 84 13 19 44 14 34 68 46 69 24 51 56 20 49 
#49 84 55 19 44 14 9 70 27 12 47 51 56 20 9 
#49 84 13 19 23 6 66 6 46 52 24 51 26 58 49 
#21 84 13 19 23 14 66 70 62 69 24 51 58 58 49 
#48 84 13 19 23 14 26 8 62 69 11 51 58 58 49 
#49 84 14 19 23 52 66 8 62 12 47 19 56 58 20 
#49 84 14 19 23 6 66 70 27 12 47 46 56 38 20 
#48 84 13 38 16 14 34 68 49 69 24 51 58 58 49 
#48 84 13 6 16 14 34 68 49 69 24 51 58 58 49 
#49 84 55 6 23 6 26 68 62 12 47 51 56 58 49 
#49 84 12 19 23 6 27 68 62 69 42 51 56 58 49 
#48 84 13 19 23 14 27 68 62 12 47 51 26 58 49 
#49 84 55 38 30 6 27 70 62 12 16 51 56 58 49 
#49 84 55 16 30 14 27 70 46 69 24 43 58 58 49 
#49 84 55 16 23 14 17 68 46 52 47 51 56 58 49 
#49 84 55 19 23 14 26 70 62 12 60 51 56 58 49 
#48 84 12 19 56 14 66 70 62 12 60 51 56 58 49 
#48 84 55 19 16 14 34 3 62 21 47 51 56 58 49 
#48 84 13 19 23 14 66 3 46 12 47 51 56 58 9 
#49 84 55 38 23 14 34 70 46 12 47 51 56 58 9 
#21 84 55 19 23 14 66 68 46 69 60 51 58 58 10 
#21 84 3 19 44 52 27 68 27 21 11 46 58 38 10 
#49 84 55 16 30 14 26 68 46 12 16 43 56 58 35 
#49 84 55 6 30 14 19 4 62 69 11 51 56 58 49 
#49 84 55 19 30 14 18 70 62 69 47 51 26 58 49 
#48 84 12 19 23 14 27 4 62 69 47 51 56 41 49 
#48 84 14 6 56 52 17 70 27 69 24 51 58 58 10 
#49 84 13 6 23 6 26 4 62 52 24 51 26 20 10 
#49 84 12 6 23 14 2 4 46 21 24 51 5 58 49 
#21 84 3 19 23 14 26 70 62 12 24 51 56 58 10 
#24 84 13 19 23 14 19 68 27 69 24 46 56 58 49 
#49 84 12 19 44 6 66 70 46 12 47 51 58 20 9 
#48 84 14 19 56 6 9 70 27 12 16 51 56 38 20 
#21 84 13 24 23 14 9 8 62 52 47 51 26 58 49 
#48 84 12 19 23 14 66 68 46 69 24 51 58 58 49 
#21 84 55 19 23 14 18 70 62 69 24 51 56 58 49 
#49 84 12 19 23 6 19 8 62 69 42 51 56 58 49 
#49 84 55 19 30 6 27 70 62 12 47 19 56 58 49 
#48 84 13 19 56 6 27 68 27 69 24 51 56 58 49 
#21 84 13 38 44 14 66 8 27 12 47 51 56 58 49 
#48 84 13 6 16 14 27 68 49 12 24 51 58 58 10 
#49 84 55 16 23 14 18 68 62 69 42 43 58 58 49 
#49 84 55 19 23 6 26 70 46 69 47 51 56 58 49 
#49 84 55 19 30 14 27 70 62 12 47 51 56 58 49 
#48 84 13 19 23 14 26 68 27 12 24 51 26 58 49 
#21 84 55 38 16 52 34 68 27 12 16 19 58 58 49 
#49 84 55 6 23 6 27 3 62 12 24 51 56 58 49 
#49 84 13 38 23 6 66 70 46 69 42 51 56 58 49 
#49 84 55 16 23 14 26 68 46 52 47 51 58 58 49 
#21 84 55 19 56 14 66 68 27 69 60 51 56 38 49 
#49 84 55 19 44 52 27 4 27 21 11 51 58 58 49 
#21 84 13 19 16 4 27 68 27 21 24 51 58 58 10 
#48 84 55 19 30 14 26 3 27 69 11 51 5 58 49 
#48 84 55 38 23 6 19 70 62 12 47 51 56 58 49 
#49 84 55 16 23 14 18 68 46 69 47 51 58 58 49 
#21 84 14 6 44 52 66 4 27 69 24 51 58 38 49 
#48 84 13 6 44 52 27 70 27 52 11 51 58 58 10 
14 59 11 13 40 53 
26 25 22 27 15 3 
20 41 51 45 57 12 
46 23 44 52 19 18 
48 38 37 50 16 56 
28 29 10 17 6 2 
#Base: 914
#Max: 733
#801969
#48 84 13 6 23 14 27 70 62 52 47 51 58 58 49 
#48 84 13 6 16 52 27 68 49 52 11 51 58 58 49 
#49 84 13 6 16 6 34 68 62 69 24 51 58 58 49 
#49 84 12 19 23 6 27 68 62 12 42 19 56 58 49 
#49 84 55 19 44 6 27 70 27 21 47 51 56 58 49 
#49 84 55 6 30 14 26 68 62 12 16 51 56 58 35 
#49 84 55 38 30 14 34 70 46 12 47 43 56 58 35 
#49 84 55 19 23 14 34 70 62 12 47 51 56 58 9 
#49 84 55 38 30 14 18 70 62 69 47 51 56 58 49 
#49 84 55 19 30 14 34 68 46 69 16 51 56 58 49 
#48 84 55 19 56 6 34 68 62 69 24 51 56 58 49 
#49 84 55 19 56 6 27 68 46 69 47 51 56 58 49 
#49 84 55 16 23 14 26 68 46 69 47 51 56 58 49 
#49 84 55 19 23 14 26 68 46 69 47 51 58 58 49 
#49 84 55 16 23 14 26 68 46 12 47 51 56 58 49 
#21 84 55 19 23 14 27 68 62 12 60 51 58 58 10 
#21 84 55 16 23 14 66 68 62 69 42 43 58 58 10 
#49 84 55 16 56 14 66 68 62 69 60 51 58 38 49 
#21 84 55 19 56 14 66 70 62 12 60 51 56 38 49 
#49 84 55 19 23 14 66 70 62 12 60 51 56 58 49 
#21 84 55 19 16 52 34 70 62 12 16 19 58 58 49 
#48 84 55 19 23 14 18 68 62 69 24 51 58 58 49 
#48 84 13 19 23 6 66 70 46 69 42 51 56 58 49 
#49 84 13 16 30 6 27 70 46 69 24 51 56 58 49 
#48 84 55 38 23 6 27 70 62 69 24 51 56 58 49 
#48 84 12 6 23 14 27 4 62 69 24 51 56 58 49 
#48 84 13 38 16 14 34 70 27 69 24 51 58 58 10 
#49 84 13 16 23 14 34 68 49 52 47 51 56 58 49 
#49 84 13 16 23 14 17 70 62 52 47 51 58 58 49 
#24 84 3 19 23 14 66 70 27 69 24 51 58 58 49 
#48 84 55 6 23 14 19 68 62 69 47 51 26 58 49 
#48 84 13 16 44 14 26 68 46 52 11 43 58 58 10 
#48 84 55 38 23 14 34 70 46 12 24 51 58 58 49 
#49 84 12 19 30 14 27 68 62 69 47 51 56 58 49 
#49 84 55 38 30 6 27 70 62 12 47 19 56 58 49 
#49 84 55 19 44 14 34 68 27 69 24 51 56 58 49 
#49 84 55 19 30 14 19 3 62 69 47 51 56 58 49 
#48 84 55 19 56 14 26 68 27 12 24 51 56 58 49 
#49 84 55 38 23 14 26 70 46 52 47 51 58 58 49 
#49 84 55 19 23 6 18 70 62 69 47 51 26 58 49 
#49 84 55 38 30 14 27 68 62 69 47 51 58 58 49 
#49 84 55 6 44 14 26 68 62 69 47 51 56 58 49 
#49 84 55 19 16 14 34 70 62 12 47 51 56 58 49 
#21 84 55 19 56 6 27 68 27 69 60 51 58 58 49 
#49 84 55 16 23 14 26 68 46 69 42 43 58 58 49 
#21 84 55 19 56 14 26 68 46 69 60 51 56 58 49 
#49 84 12 16 23 14 18 70 62 12 47 51 56 58 49 
#49 84 55 6 23 14 26 70 62 12 47 51 56 58 49 
#49 84 55 19 30 14 27 70 27 12 16 51 56 58 49 
#21 84 55 19 23 14 18 68 62 69 60 51 58 58 10 
#49 84 12 16 23 14 18 68 62 69 24 43 58 58 49 
#21 84 55 19 56 6 66 68 46 69 42 51 56 38 49 
#48 84 55 19 56 14 66 70 46 12 60 43 58 58 49 
#49 84 55 19 23 6 19 70 62 12 60 51 56 58 49 
#48 84 55 38 16 52 34 68 27 69 47 51 56 41 49 
#21 84 55 6 56 52 18 70 27 69 24 51 56 58 49 
#48 84 13 38 23 14 34 68 49 69 24 51 58 58 49 
#49 84 13 16 23 14 17 68 46 52 47 51 56 58 49 
#49 84 55 19 23 14 66 70 62 69 24 51 58 58 49 
#24 84 3 38 23 6 66 70 27 12 47 46 56 58 49 
#Base: 914
#Max: 795
#869803
