#[0] 3, 3
#[1] 4, 3
#[2] 3, 4
#[3] 3, 2
#[4] 2, 3
#[5] 2, 4
#[6] 1, 3
#[7] 2, 2
#[8] 3, 1
#[9] 4, 4
#[10] 5, 3
#[11] 3, 5
#[12] 4, 2
#[13] 3, 0
#[14] 5, 4
#[15] 4, 5
#[16] 5, 2
#[17] 4, 1
#[18] 0, 3
#[19] 1, 4
#[20] 2, 1
#[21] 1, 2
#[22] 2, 5
#[23] 0, 4
#[24] 5, 1
#[25] 0, 2
#[26] 5, 5
#[27] 1, 5
#[28] 2, 0
#[29] 1, 1
#[30] 4, 0
#[31] 0, 5
#[32] 1, 0
#[33] 0, 1
#[34] 5, 0
#[35] 0, 0
#Turn 0
36 0 10 40 50 20 
19 27 33 39 26 38 
59 16 58 55 22 3 
48 12 31 45 21 29 
30 17 5 43 44 7 
54 52 18 1 23 9 
#Base: 889
#Max: 360
#404949
#Turn 1
#14 51 39 32 6 19 18 29 30 35 30 34 24 25 35 
#14 16 39 32 14 18 19 14 20 35 54 2 28 40 7 
#12 16 31 17 14 18 31 14 3 13 1 2 28 19 40 
#14 17 31 25 13 41 31 13 3 13 6 4 26 19 40 
#21 14 16 40 44 12 8 13 10 2 6 35 38 8 27 
#17 49 24 48 23 13 27 21 11 5 30 4 16 8 3 
#15 49 30 48 23 28 7 16 4 14 23 28 22 44 3 
#6 37 6 14 3 22 7 16 27 14 33 28 22 2 55 
#6 37 42 14 3 9 52 27 22 20 9 5 13 22 33 
#39 30 24 5 10 46 40 38 22 4 9 5 13 22 28 
#19 17 47 13 7 42 8 7 36 21 8 18 7 17 54 
#8 17 5 16 7 42 22 0 36 33 14 50 2 29 54 
#8 11 12 16 57 30 11 0 17 7 1 19 17 16 16 
#70 24 27 45 37 15 5 12 17 7 23 69 17 4 23 
#6 24 27 5 3 23 34 17 12 17 23 6 0 10 23 
#2 14 14 59 16 53 8 13 24 18 4 20 35 13 10 
#47 14 7 59 16 24 6 13 5 2 25 6 35 13 16 
#47 12 16 10 6 67 6 22 17 2 25 31 16 1 24 
#2 12 16 4 15 1 12 36 5 14 25 7 12 4 24 
#17 14 10 2 68 20 32 37 5 9 4 6 12 21 16 
#39 48 30 6 38 18 19 6 57 40 37 10 18 14 6 
#12 39 22 1 19 48 19 13 57 40 5 10 20 4 6 
#32 50 1 1 19 73 8 10 38 32 7 41 14 16 14 
#32 29 1 9 19 73 8 10 59 5 7 43 14 3 2 
#13 29 18 58 4 20 13 39 59 21 41 43 30 2 22 
#37 1 6 14 22 8 20 43 2 1 42 14 30 29 1 
#37 34 3 3 53 22 45 34 2 23 33 14 17 33 3 
#33 5 3 3 53 24 54 4 4 23 33 12 21 33 40 
#16 32 6 0 14 24 54 14 4 35 50 9 9 10 40 
#31 33 6 16 40 3 5 2 5 19 28 9 49 1 22 
#17 51 27 53 27 19 25 32 30 34 30 20 24 28 35 
#14 49 7 48 3 6 18 29 6 20 23 34 16 8 28 
#15 16 24 22 25 18 7 16 20 14 54 28 22 40 7 
#14 37 6 14 13 22 31 7 3 13 33 48 14 19 55 
#21 1 42 40 17 12 21 27 10 20 6 4 42 22 33 
#26 14 28 28 29 46 40 23 19 4 20 16 24 12 28 
#17 17 24 53 27 28 8 7 11 23 8 18 7 24 47 
#36 27 4 48 7 42 27 21 36 21 14 28 2 17 3 
#15 17 30 16 25 30 7 0 15 33 25 50 22 29 6 
#70 37 6 14 15 22 52 7 27 7 33 12 14 2 16 
#4 24 27 52 37 22 21 27 12 20 23 5 22 4 33 
#39 8 24 8 10 46 40 47 33 4 45 16 24 12 28 
#28 12 47 13 5 53 24 55 15 24 8 18 7 25 47 
#2 27 4 4 7 24 8 38 21 21 14 41 35 13 54 
#47 20 5 16 57 30 6 0 15 2 25 6 20 29 16 
#2 11 12 45 15 1 11 13 17 7 25 31 16 4 16 
#17 24 20 5 37 14 12 36 12 9 4 7 12 4 7 
#19 18 10 8 3 20 34 47 33 3 45 6 0 10 20 
#39 48 14 5 13 18 15 11 28 9 37 20 18 25 10 
#2 39 7 59 16 14 19 13 57 18 5 41 20 13 6 
#12 50 3 36 6 67 6 13 5 2 2 6 2 4 16 
#2 12 16 10 19 73 79 13 38 5 7 2 16 4 2 
#17 50 18 9 4 14 13 39 59 21 21 7 13 3 22 
#19 12 24 2 8 20 10 42 40 3 60 15 30 2 4 
#39 1 44 3 22 18 20 11 23 9 42 32 30 18 1 
#18 34 6 14 14 14 45 34 2 40 5 14 20 29 3 
#12 5 3 3 19 22 34 13 28 23 33 41 5 33 8 
#32 12 22 24 19 73 54 14 38 5 50 2 2 30 40 
#31 32 18 9 4 8 13 5 59 21 43 9 13 10 49 
#32 33 24 58 8 3 5 2 5 19 41 16 49 1 4 
8 37 33 59 52 43 
44 19 28 42 21 10 
53 50 39 24 22 6 
0 30 23 51 13 41 
16 17 27 57 20 26 
9 15 58 49 11 1 
#Base: 889
#Max: 452
#508436
#Turn 2
#6 27 42 48 3 9 52 27 22 20 14 28 2 22 3 
#14 27 6 14 7 42 27 7 36 13 14 28 14 19 3 
#32 33 6 14 8 3 31 2 3 13 41 16 14 19 4 
#32 33 24 9 4 14 13 2 5 21 21 16 13 3 22 
#17 50 4 9 7 24 13 38 59 21 14 7 35 13 22 
#47 14 10 16 57 20 32 37 5 2 25 6 20 21 16 
#17 14 6 0 14 20 32 14 4 35 50 6 12 21 40 
#28 12 47 0 14 53 24 55 15 35 50 18 9 25 40 
#28 12 47 1 5 53 19 55 15 24 8 10 7 4 47 
#19 39 47 1 7 42 19 13 36 21 5 18 20 17 6 
#19 12 24 2 8 20 10 42 40 3 60 6 30 2 16 
#70 37 6 14 15 22 6 7 5 7 33 6 2 4 16 
#70 29 18 14 15 20 52 7 59 21 41 12 14 2 22 
#32 50 1 58 4 73 8 39 38 32 41 41 30 16 14 
#15 50 1 1 19 28 8 10 4 32 23 28 14 44 14 
#14 51 39 53 27 19 18 32 30 34 30 34 24 28 35 
#17 29 27 53 27 73 25 10 59 5 30 20 24 3 35 
#2 12 16 9 19 73 8 13 38 5 7 43 16 3 2 
#2 12 16 10 19 73 5 13 38 7 7 2 16 4 2 
#70 8 27 45 10 46 5 47 17 4 23 16 24 4 23 
#47 14 7 59 16 24 6 13 5 2 25 6 16 1 16 
#33 5 16 3 53 67 6 22 4 23 25 12 16 1 40 
#33 12 22 3 53 24 54 4 4 23 50 2 2 33 40 
#32 12 22 6 38 18 54 14 57 5 50 2 2 30 40 
#39 34 30 3 38 18 45 34 57 40 37 14 17 33 3 
#39 30 14 5 10 53 40 13 22 4 9 5 35 22 28 
#31 32 18 59 16 53 8 5 24 21 4 20 35 13 49 
#2 32 7 59 4 8 19 5 57 18 5 9 13 13 6 
#8 17 5 16 16 14 19 0 36 18 14 41 20 29 54 
#14 17 39 16 14 42 22 0 36 33 14 2 2 29 7 
#47 37 5 14 57 9 52 27 15 20 25 6 13 29 16 
#36 27 10 2 68 20 27 37 5 21 14 6 2 21 16 
#16 32 6 0 13 24 31 14 3 35 50 48 14 19 55 
#32 33 24 58 5 3 24 2 5 24 41 16 7 25 47 
#12 39 22 1 4 14 13 39 59 21 5 7 20 3 22 
#19 27 47 13 7 42 8 7 36 21 8 41 35 13 54 
#19 20 24 2 8 30 6 0 15 3 60 6 20 29 4 
#17 50 3 36 68 20 6 13 5 2 4 6 12 4 16 
#16 37 6 14 15 24 54 14 27 35 33 9 9 2 40 
#13 29 18 58 4 20 24 39 59 24 41 18 7 25 47 
#12 39 1 1 19 73 19 10 57 32 7 41 20 16 6 
#19 49 30 48 23 28 7 7 4 14 8 18 7 44 3 
#19 12 39 32 6 19 10 29 30 35 30 34 24 2 4 
#17 51 27 36 27 19 6 13 30 34 30 20 24 28 16 
#70 37 6 14 19 22 8 10 59 5 33 12 14 3 16 
#13 12 16 58 4 73 79 13 38 21 7 2 16 2 2 
#32 50 27 1 37 73 8 12 38 32 23 69 17 4 23 
#15 8 24 48 23 28 40 16 33 4 23 28 22 44 28 
#47 14 7 32 16 19 18 29 5 35 25 6 24 25 16 
#17 12 27 10 27 67 6 22 30 2 25 31 24 1 24 
#32 5 1 3 53 73 8 10 59 5 7 12 14 3 2 
#32 12 22 10 19 73 54 13 38 5 50 2 16 4 40 
#39 48 30 45 37 18 5 6 57 7 37 10 17 4 23 
#39 8 3 3 10 22 45 47 2 23 33 16 24 12 3 
#47 14 24 5 10 46 40 13 5 4 25 5 13 22 28 
#2 12 14 10 16 67 8 22 24 18 4 31 35 13 10 
#31 32 3 3 4 8 13 5 4 21 33 9 21 10 40 
#2 39 7 59 19 14 19 13 38 5 50 41 20 30 6 
#8 17 30 16 7 18 19 0 36 40 37 50 18 14 54 
#14 16 39 32 14 18 19 34 20 23 33 2 28 33 7 
43 5 33 57 32 49 
0 31 8 7 30 4 
47 21 39 51 12 35 
23 40 16 13 45 15 
37 44 19 46 24 52 
38 58 22 50 26 17 
#Base: 889
#Max: 477
#536558
#Turn 3
#17 14 10 36 57 20 32 13 5 2 30 6 20 28 16 
#32 14 24 58 57 3 32 2 5 24 25 6 20 25 16 
#2 39 24 59 5 3 24 2 5 24 50 16 7 30 6 
#2 39 7 59 13 24 31 13 38 35 50 41 14 30 6 
#17 32 27 0 13 24 31 14 3 2 25 31 24 1 55 
#6 27 10 48 3 9 52 27 5 20 14 6 2 22 16 
#28 12 47 1 68 20 19 37 5 21 14 6 7 21 16 
#28 12 47 1 14 53 19 55 15 35 8 18 9 4 47 
#28 37 47 0 14 53 52 55 15 20 50 6 13 29 40 
#47 37 5 14 7 9 52 27 59 20 25 6 13 13 22 
#15 5 24 3 53 28 40 22 33 23 23 12 22 44 28 
#13 5 16 58 53 67 24 22 59 24 25 18 16 25 40 
#32 12 18 58 4 73 24 39 38 5 41 18 16 25 47 
#32 29 18 10 19 73 52 7 59 21 41 2 14 4 40 
#70 27 47 14 7 42 8 7 59 21 41 41 35 2 54 
#12 39 22 1 38 73 54 10 57 32 50 41 20 16 40 
#17 39 1 53 27 73 25 10 57 5 7 41 24 3 35 
#17 29 1 58 4 73 8 39 59 5 41 41 30 3 14 
#32 50 16 58 4 73 79 13 38 32 41 41 16 16 2 
#13 12 39 58 27 73 79 13 38 21 30 2 24 2 2 
#70 37 3 36 19 20 8 13 59 2 4 12 12 3 16 
#70 8 27 14 19 22 8 47 59 5 33 12 14 3 16 
#70 50 27 45 37 46 5 12 38 32 23 16 17 4 23 
#39 50 27 3 37 18 8 34 38 32 23 14 17 4 3 
#39 48 30 3 38 18 5 34 57 7 37 14 17 33 3 
#16 37 6 14 15 24 54 14 36 35 37 9 18 2 40 
#33 12 22 16 7 24 19 4 4 40 50 2 18 14 40 
#32 5 22 3 53 24 8 4 4 5 7 2 2 33 40 
#31 32 1 3 53 73 8 5 24 5 4 12 35 13 49 
#31 32 18 59 19 73 8 5 24 5 7 20 16 3 2 
#17 51 27 36 27 19 52 27 30 34 30 28 24 28 16 
#36 27 10 16 57 20 32 37 5 21 25 6 20 21 16 
#32 12 47 1 5 3 24 55 15 24 8 16 7 25 47 
#28 39 47 59 14 53 24 13 15 35 50 41 20 25 40 
#16 32 5 14 57 24 31 14 3 35 25 6 13 29 16 
#17 50 4 9 7 24 13 22 59 21 25 7 35 13 24 
#6 27 42 48 3 28 52 16 22 4 14 28 22 22 28 
#36 27 10 3 68 20 6 37 4 23 14 6 2 1 40 
#13 12 18 58 4 20 24 39 59 24 8 10 7 4 47 
#32 12 47 0 19 53 54 13 15 35 50 18 9 4 40 
#70 37 18 14 57 20 52 27 15 21 25 12 13 2 22 
#19 27 47 9 7 24 8 38 36 21 14 7 35 13 54 
#15 12 24 6 23 28 40 16 33 5 23 2 2 44 28 
#12 39 16 3 19 73 6 10 57 23 25 41 16 1 6 
#13 29 18 58 27 73 24 39 59 5 30 18 24 3 47 
#32 50 1 58 19 73 8 39 38 5 50 2 16 4 40 
#70 29 16 14 15 20 79 13 38 21 7 12 16 2 22 
#19 27 47 13 7 42 18 32 30 34 8 34 35 13 54 
#32 12 3 6 68 20 6 13 57 5 4 2 2 30 16 
#12 39 6 1 19 22 19 10 59 5 7 12 14 16 6 
#70 8 27 45 27 46 5 47 17 5 30 20 24 4 23 
#32 50 27 58 4 73 8 12 38 32 41 69 30 4 23 
#39 12 30 58 38 18 79 34 57 40 7 2 16 2 2 
#14 51 39 45 37 19 5 6 30 34 37 10 17 28 35 
#17 37 6 36 15 24 54 14 5 2 33 9 9 2 40 
#8 17 6 14 19 22 8 10 36 40 33 12 14 3 16 
#70 8 27 45 53 24 5 4 4 4 23 16 24 33 40 
#32 5 1 3 37 73 8 12 59 32 23 12 14 3 23 
#31 34 18 59 16 53 8 34 24 21 37 20 35 33 49 
#2 48 16 45 19 73 5 13 38 7 37 10 17 4 2 
20 29 43 40 3 7 
53 47 56 44 50 59 
30 39 45 14 52 28 
16 17 19 18 15 12 
24 46 8 51 11 22 
38 21 58 33 13 57 
#Base: 889
#Max: 511
#574803
#Turn 4
#70 37 3 36 19 73 8 13 59 2 7 12 16 3 2 
#12 32 16 3 19 73 8 10 57 23 25 41 16 3 6 
#70 37 16 3 57 20 52 27 15 23 25 12 16 2 22 
#70 39 18 59 13 20 31 27 15 35 50 12 13 2 6 
#28 12 47 1 14 53 31 55 38 35 8 18 14 30 6 
#19 51 39 13 7 19 18 6 30 34 37 34 17 28 54 
#70 8 27 13 53 42 5 4 4 4 8 34 35 13 54 
#70 29 27 58 53 24 5 4 59 4 23 18 24 33 40 
#70 8 18 45 27 73 5 39 59 5 30 18 24 4 47 
#2 48 16 45 27 46 5 13 17 5 37 10 17 4 2 
#32 12 27 0 27 53 54 27 15 35 50 28 24 4 16 
#32 12 47 0 19 73 8 13 15 35 50 2 16 4 40 
#32 50 1 58 19 42 8 39 59 21 50 2 16 2 54 
#39 12 47 14 7 18 8 34 59 40 7 2 35 2 54 
#31 12 1 58 38 73 79 5 24 40 4 2 35 2 49 
#17 39 1 58 4 73 8 10 59 5 7 41 24 3 14 
#13 29 1 58 4 73 79 39 38 5 30 2 24 2 2 
#13 50 16 58 4 73 79 13 38 21 41 41 24 16 2 
#12 39 16 1 4 73 54 10 57 32 41 41 16 16 40 
#32 12 22 58 38 73 24 39 57 5 50 18 20 16 47 
#70 48 30 3 38 18 5 13 57 7 7 12 17 33 3 
#70 29 47 14 15 53 52 55 38 21 7 12 13 2 40 
#28 50 27 58 4 53 52 12 15 32 50 69 30 29 23 
#32 5 27 58 4 67 8 22 38 32 25 18 30 25 40 
#13 50 27 58 53 46 5 22 38 32 25 16 16 25 23 
#70 8 27 58 19 22 24 47 59 24 33 10 14 4 16 
#70 8 27 59 19 53 8 47 24 21 37 12 14 33 49 
#28 34 47 59 14 53 8 34 24 21 37 41 35 33 49 
#28 39 47 59 14 73 52 13 59 35 50 2 20 4 40 
#32 5 1 10 37 73 52 7 59 21 23 2 14 4 23 
#70 51 3 36 19 19 5 13 30 34 37 12 12 28 35 
#19 32 47 59 19 73 8 32 24 5 7 34 16 13 54 
#70 8 27 45 19 73 6 10 57 23 25 16 16 1 6 
#70 37 18 14 27 20 52 39 15 5 30 12 13 2 47 
#70 8 27 59 13 24 5 47 38 5 30 20 24 30 6 
#28 12 47 45 19 53 19 55 15 35 37 18 9 4 2 
#14 51 39 45 37 19 52 27 30 34 37 10 17 28 35 
#19 27 47 13 7 42 54 32 30 35 8 34 35 13 40 
#70 50 27 58 19 24 8 4 38 5 23 2 16 33 40 
#13 27 47 14 27 42 8 7 59 5 30 41 24 3 47 
#39 12 27 45 27 46 79 47 17 40 30 20 16 2 2 
#2 48 1 45 53 73 8 13 24 7 4 12 17 13 2 
#17 51 27 36 27 73 52 10 57 34 30 41 24 3 35 
#17 12 47 0 4 53 54 39 15 35 50 18 9 3 40 
#13 12 1 58 19 73 79 39 38 5 50 2 16 2 2 
#70 27 47 14 4 42 8 13 38 21 41 41 35 16 54 
#39 12 30 58 38 73 79 34 57 40 50 41 16 2 40 
#31 32 1 58 53 73 8 39 24 5 41 12 16 25 49 
#17 39 1 3 27 73 5 34 57 7 37 41 24 3 35 
#17 29 16 14 4 73 79 13 59 21 7 41 16 3 22 
#28 37 47 58 14 53 52 55 38 20 30 2 24 29 2 
#32 50 16 58 4 73 79 13 38 32 41 69 30 16 23 
#13 5 16 58 53 67 24 10 57 24 25 18 20 25 40 
#70 12 27 58 37 73 24 12 38 32 23 16 16 25 47 
#13 12 30 58 4 20 5 39 59 7 37 10 17 4 3 
#70 29 27 14 15 22 79 47 59 5 7 12 14 3 16 
#28 37 18 0 14 53 52 34 24 20 50 6 35 33 40 
#32 39 27 59 14 53 24 12 15 35 50 41 20 25 23 
#32 5 18 58 19 73 52 22 59 21 25 2 16 25 40 
#32 50 27 3 37 73 8 12 38 32 23 12 14 4 23 
3 48 40 16 45 0 
36 57 55 53 12 32 
25 18 19 22 14 49 
47 42 17 46 28 7 
38 50 26 51 8 58 
24 52 27 44 21 31 
#Base: 889
#Max: 609
#685039
#Turn 5
#17 39 18 59 13 20 5 34 57 35 37 12 13 3 6 
#17 39 1 45 27 73 5 34 57 7 37 41 24 2 2 
#13 12 1 58 4 46 79 39 38 5 30 20 16 2 2 
#70 27 1 58 4 73 8 39 38 5 41 41 35 16 2 
#70 27 47 36 19 42 8 13 38 21 7 12 16 16 54 
#32 39 39 59 37 53 24 12 30 35 37 10 20 28 35 
#32 39 27 14 15 22 79 12 15 5 7 41 14 3 23 
#70 29 27 58 15 22 24 47 59 32 7 16 14 3 47 
#32 50 1 58 19 73 24 39 38 21 50 2 16 25 47 
#70 50 1 58 19 73 6 10 57 21 25 16 16 1 6 
#12 39 16 1 4 22 24 47 59 32 41 41 16 16 16 
#12 39 22 58 38 73 24 39 57 5 50 18 16 16 47 
#32 50 22 58 4 53 52 12 15 5 50 69 30 16 23 
#31 50 27 58 4 53 52 12 24 32 50 69 35 2 49 
#17 29 1 14 38 73 79 5 24 21 7 41 35 2 49 
#31 32 27 58 27 73 8 10 57 34 30 12 16 3 35 
#17 51 27 36 27 73 79 13 57 34 30 41 24 16 35 
#39 12 16 58 38 73 79 13 38 40 50 41 24 2 2 
#39 39 47 58 14 73 52 13 59 40 50 2 20 2 40 
#28 39 47 58 53 24 52 4 59 4 50 18 24 33 40 
#70 37 27 58 19 24 8 55 38 5 23 2 24 33 2 
#70 8 27 58 19 53 52 55 38 20 30 12 24 33 2 
#32 50 16 58 19 53 8 13 38 32 41 69 30 33 23 
#70 8 16 58 4 73 5 13 38 32 30 18 24 4 23 
#32 5 18 45 19 73 5 22 59 5 25 18 16 4 47 
#13 5 27 58 53 46 5 22 38 32 25 18 16 25 23 
#13 5 47 58 14 67 24 34 24 21 37 41 20 25 40 
#28 12 47 58 19 73 8 34 38 5 50 2 16 2 49 
#70 12 1 58 19 73 52 55 38 21 50 12 13 2 40 
#70 32 47 59 15 73 8 32 38 5 7 12 16 2 40 
#14 51 39 59 37 19 31 27 30 34 37 12 13 28 6 
#17 39 1 59 14 53 5 12 57 35 50 41 20 25 23 
#39 12 27 45 15 22 79 47 17 5 7 20 16 3 16 
#70 29 27 58 37 73 24 39 38 5 23 2 16 25 2 
#70 50 47 58 19 42 8 13 38 21 50 41 16 16 54 
#70 37 3 45 19 73 8 10 57 23 7 12 16 3 2 
#70 51 27 45 19 22 24 27 30 24 33 10 17 4 16 
#32 39 27 59 14 53 24 12 57 32 41 41 20 16 40 
#32 12 27 14 38 73 24 47 57 5 50 18 14 3 47 
#70 50 27 58 4 53 52 12 38 32 50 16 16 29 23 
#32 50 1 58 19 42 8 5 59 40 50 2 35 2 49 
#17 8 16 45 19 73 79 10 57 21 7 41 16 3 6 
#70 8 27 58 53 73 24 39 24 5 33 10 14 4 16 
#17 51 27 36 27 73 52 10 57 32 41 41 16 3 35 
#32 12 16 58 38 73 24 39 57 21 50 18 20 16 2 
#28 12 27 58 4 73 52 12 15 40 50 69 16 2 23 
#31 12 1 58 14 73 79 13 59 40 4 2 35 2 40 
#17 29 16 58 4 73 5 4 59 4 7 18 24 3 40 
#31 50 1 58 53 24 8 4 38 5 23 2 16 25 49 
#17 37 27 58 14 73 52 55 57 20 30 2 24 29 35 
#13 8 27 59 4 73 8 13 24 21 37 12 24 33 2 
#39 50 30 58 38 73 79 34 38 40 41 41 16 16 23 
#70 39 18 59 27 73 52 39 59 35 30 2 20 4 40 
#70 29 27 58 53 24 5 4 59 4 25 2 16 25 40 
#70 50 27 58 53 46 5 22 38 5 25 2 16 25 23 
#28 5 16 58 14 67 52 55 57 20 30 18 24 25 2 
#28 8 27 59 14 53 8 34 24 21 37 12 14 33 49 
#13 12 1 58 19 73 79 39 38 5 50 2 30 2 23 
#70 8 18 14 27 73 5 39 38 5 7 18 13 4 47 
#32 32 47 59 19 73 52 32 24 21 7 2 16 25 54 
53 38 37 12 33 40 
14 7 57 28 59 44 
9 3 34 13 17 29 
43 49 16 51 18 46 
54 8 11 52 39 21 
27 42 22 19 45 55 
#Base: 889
#Max: 616
#692913
#Turn 6
#32 12 27 58 38 73 24 4 57 4 25 18 16 3 47 
#32 39 27 14 14 73 24 12 57 5 50 18 20 16 47 
#32 39 22 59 14 53 52 12 57 5 50 41 30 16 40 
#32 29 27 58 37 53 24 12 15 5 50 2 30 25 2 
#70 50 1 58 37 42 24 5 38 40 50 2 16 2 49 
#70 29 1 14 15 22 24 47 59 21 7 16 14 2 47 
#70 12 27 58 19 22 24 47 38 5 50 2 14 3 23 
#70 12 1 58 19 73 52 55 38 5 50 12 13 2 40 
#70 32 47 58 19 73 52 32 24 21 50 12 16 2 40 
#32 12 16 58 19 73 52 39 24 21 50 2 16 25 54 
#70 50 1 58 19 73 8 39 57 21 25 16 35 16 6 
#70 27 1 58 19 73 8 13 38 5 41 41 16 16 54 
#70 50 27 58 4 53 52 12 24 21 50 41 35 16 54 
#39 50 27 58 38 73 79 12 38 40 50 69 24 2 49 
#70 12 16 59 38 73 8 13 38 5 50 12 24 2 40 
#17 51 27 58 27 73 52 55 57 20 30 2 24 3 35 
#17 51 27 58 27 73 79 55 57 20 30 41 24 29 35 
#39 50 30 36 27 73 79 13 57 34 30 41 16 16 23 
#39 50 47 58 38 73 52 34 38 40 41 41 20 2 40 
#31 39 47 58 14 73 79 13 59 40 50 2 35 2 40 
#32 50 1 58 53 73 24 22 38 5 25 2 16 25 47 
#32 39 1 58 38 73 24 39 38 21 50 18 16 25 47 
#12 39 18 58 27 73 52 39 59 5 50 18 20 4 47 
#70 50 27 58 4 53 52 39 59 35 50 16 20 29 40 
#70 8 27 58 19 53 52 12 38 20 50 16 16 33 2 
#28 12 47 58 19 73 24 39 38 5 33 2 16 2 16 
#32 50 16 58 53 53 8 13 38 32 33 10 14 33 16 
#32 39 16 58 19 24 8 4 59 4 41 69 30 33 40 
#28 12 27 58 53 73 52 12 59 4 50 18 24 2 40 
#28 5 16 58 4 67 52 12 57 20 50 18 16 25 2 
#17 29 27 14 38 73 79 5 24 21 25 2 35 2 49 
#32 12 27 58 38 22 24 47 57 32 50 18 14 3 47 
#32 39 1 59 19 73 79 39 38 32 50 41 20 2 23 
#32 50 22 58 4 73 52 55 38 21 50 69 30 2 40 
#32 29 47 58 19 73 52 32 24 5 7 2 16 25 2 
#32 12 16 58 19 42 8 39 57 21 50 2 35 16 49 
#70 29 1 14 38 73 6 10 57 21 7 41 35 2 6 
#70 27 1 58 4 73 24 39 59 32 41 16 35 3 2 
#70 12 1 58 19 42 79 39 38 5 50 41 30 16 23 
#70 50 1 58 19 73 52 55 38 21 50 12 35 2 40 
#32 12 16 59 38 73 79 13 24 40 50 41 16 2 54 
#32 32 16 59 15 73 8 32 38 5 50 12 16 2 2 
#70 51 27 36 19 73 6 10 57 21 41 41 16 1 35 
#70 27 27 58 14 73 8 55 57 5 30 41 24 29 2 
#17 50 47 58 19 73 79 13 57 34 30 41 24 16 54 
#31 50 30 58 4 73 52 34 38 40 50 69 16 2 23 
#39 12 16 58 38 73 79 13 38 40 50 2 20 2 2 
#70 12 1 58 15 73 79 32 59 40 7 12 35 2 40 
#17 50 27 36 53 73 52 22 57 5 41 41 16 3 23 
#32 37 27 58 14 73 52 55 57 20 30 2 24 29 47 
#12 39 27 58 38 73 24 39 57 34 50 18 24 16 35 
#39 50 18 58 38 73 79 34 38 35 41 41 20 4 40 
#39 39 27 58 4 73 52 12 59 32 50 2 20 2 23 
#70 12 27 58 19 53 52 13 59 40 4 2 24 33 2 
#70 12 27 58 19 73 5 34 38 5 25 2 16 2 23 
#70 50 1 58 53 73 24 39 38 5 50 10 14 4 47 
#32 50 22 58 38 53 8 39 38 5 50 18 16 16 23 
#70 39 18 58 53 24 52 4 59 4 50 18 20 33 40 
#28 50 27 58 4 53 52 12 15 32 50 69 16 2 23 
#28 8 16 58 19 67 52 55 38 20 30 12 24 25 2 
11 52 28 57 7 37 
46 21 43 19 15 42 
2 38 23 33 18 50 
17 39 51 13 44 12 
10 8 40 16 45 32 
4 22 49 47 55 48 
#Base: 889
#Max: 648
#728909
#Turn 7
#70 27 1 58 19 73 8 12 38 5 50 2 16 16 54 
#39 12 27 58 4 73 52 12 59 4 50 18 24 2 40 
#70 39 18 58 53 73 52 12 59 4 50 18 20 2 40 
#70 12 1 58 19 24 52 4 38 4 50 12 20 33 40 
#70 27 1 58 4 73 24 39 59 5 50 16 13 2 2 
#32 39 1 58 38 73 24 39 38 21 50 2 20 2 2 
#70 27 27 58 38 73 24 39 57 21 50 41 16 29 2 
#70 27 47 58 14 73 79 55 57 5 30 2 35 29 2 
#17 39 27 58 27 73 79 13 57 40 50 2 24 2 35 
#17 51 27 58 27 73 52 55 57 21 30 2 16 1 35 
#32 39 1 58 14 53 79 12 57 5 50 41 30 16 40 
#70 50 1 58 4 42 52 39 59 35 50 41 30 29 23 
#70 50 27 58 4 73 52 55 38 35 50 16 20 2 40 
#39 50 47 58 38 73 52 34 38 21 50 41 30 2 40 
#12 39 27 58 38 73 52 34 57 34 50 18 24 16 35 
#70 50 30 36 27 73 52 55 38 21 50 12 35 2 23 
#70 50 18 58 38 73 79 34 38 21 41 41 20 2 40 
#39 50 27 58 38 73 79 34 38 35 50 41 24 4 49 
#39 50 27 58 38 73 79 12 57 40 50 41 24 2 49 
#17 50 47 58 4 53 79 12 57 21 50 41 35 16 54 
#70 32 47 58 19 73 8 32 57 21 25 12 35 16 40 
#32 32 47 59 19 73 52 13 24 40 50 41 16 2 40 
#32 51 27 58 27 73 79 55 57 40 50 41 24 29 35 
#17 50 27 58 4 73 52 34 57 40 50 69 16 29 23 
#32 50 30 59 4 73 79 39 38 32 50 41 16 2 23 
#70 50 1 58 27 73 52 39 59 5 50 18 16 2 47 
#12 37 27 58 14 73 52 39 57 5 30 18 24 29 47 
#70 12 27 58 14 73 79 55 57 40 30 2 35 2 47 
#70 12 1 58 53 73 79 32 38 40 50 12 35 2 40 
#17 50 1 58 53 73 52 22 57 5 41 10 16 3 23 
#70 12 1 58 19 73 8 13 38 5 50 2 16 2 2 
#32 39 1 58 38 73 52 39 59 21 50 2 20 25 47 
#28 12 27 58 53 73 8 55 59 5 50 18 24 2 2 
#70 39 18 58 14 73 52 4 59 4 50 18 35 33 40 
#17 12 1 58 19 73 52 55 38 5 50 12 13 3 35 
#70 51 1 36 19 73 6 10 59 21 41 16 16 3 2 
#32 12 22 59 38 53 52 12 57 5 50 2 20 16 2 
#70 12 1 58 19 42 24 39 38 5 50 18 16 25 23 
#70 27 27 58 14 53 52 39 59 5 50 41 24 29 40 
#32 39 47 58 14 73 79 13 38 21 50 69 35 2 40 
#39 51 27 58 38 73 52 34 57 40 30 2 24 3 40 
#12 39 27 58 19 73 24 39 57 34 41 41 24 16 35 
#39 50 22 36 27 73 79 12 57 34 50 41 16 16 40 
#70 12 1 58 19 73 52 55 38 5 50 41 35 2 23 
#70 50 18 58 4 73 79 39 38 35 41 16 20 4 40 
#39 50 22 58 38 73 79 12 38 40 50 69 24 2 49 
#39 50 47 58 38 73 52 34 38 34 30 41 20 2 40 
#12 39 27 58 38 53 52 39 57 34 50 18 35 16 54 
#70 50 1 58 27 73 79 13 57 21 25 16 35 16 23 
#70 50 1 58 19 73 52 32 24 21 50 12 35 2 40 
#39 12 16 58 38 73 79 13 24 35 41 41 16 2 40 
#17 50 27 58 27 73 79 55 57 20 50 69 24 29 49 
#31 50 30 58 19 73 52 34 38 40 30 41 16 16 54 
#32 39 1 59 4 53 52 39 24 32 50 41 35 16 54 
#70 50 1 58 19 42 8 5 57 40 25 16 35 16 49 
#12 39 47 58 19 73 52 39 59 5 50 18 20 2 47 
#32 12 27 59 38 73 79 13 24 20 50 2 24 2 54 
#17 12 27 58 15 73 79 55 59 40 7 12 24 2 35 
#31 50 1 58 53 73 24 39 38 40 50 10 14 2 23 
#17 39 27 36 53 73 52 39 38 5 41 41 16 3 23 
55 43 33 11 48 8 
49 14 15 39 25 6 
40 2 27 17 16 52 
12 28 18 51 45 7 
31 38 19 22 13 42 
20 47 46 23 44 24 
#Base: 889
#Max: 684
#769404
#Turn 8
#12 39 47 58 19 73 52 55 59 5 50 18 35 2 47 
#70 12 18 58 19 73 52 55 38 5 50 41 35 2 40 
#70 50 18 58 4 42 52 39 59 35 50 41 35 29 23 
#70 50 1 58 4 42 52 13 59 35 25 16 35 16 23 
#17 50 27 58 27 73 79 13 57 21 25 2 35 16 23 
#70 39 27 58 38 73 52 32 24 34 50 18 24 2 40 
#70 50 27 36 38 73 52 34 38 21 50 12 35 2 23 
#32 50 47 58 14 73 52 55 38 21 50 69 35 2 40 
#70 50 47 58 27 73 79 39 59 5 50 69 16 2 47 
#70 50 27 58 27 73 24 39 59 21 50 18 16 2 47 
#39 51 27 58 38 73 52 12 59 40 30 18 20 3 40 
#70 12 18 58 14 73 52 12 59 40 30 18 35 2 40 
#70 50 27 58 14 73 79 34 38 40 30 2 24 2 49 
#70 50 18 58 38 73 79 34 38 21 50 41 20 2 40 
#31 50 30 58 38 73 79 34 38 40 41 41 16 2 54 
#70 50 27 58 4 73 79 32 38 40 50 16 35 2 40 
#70 50 27 58 53 73 79 32 38 40 50 12 35 2 40 
#17 50 27 58 38 73 79 12 57 40 50 41 24 29 49 
#39 50 27 58 38 73 79 12 38 40 50 69 24 29 49 
#70 50 47 58 14 73 79 12 57 40 30 2 24 2 49 
#70 39 27 58 38 73 52 39 59 5 50 2 24 25 40 
#70 50 27 58 4 53 52 12 59 5 50 41 24 29 40 
#32 51 47 58 4 73 79 55 57 21 50 41 35 29 54 
#39 50 27 58 27 73 79 55 57 21 50 41 24 29 35 
#39 50 47 58 27 73 52 12 57 21 50 41 30 2 40 
#70 39 27 58 19 53 52 32 57 34 50 12 35 16 54 
#39 39 27 58 38 53 52 39 57 34 30 41 35 16 40 
#17 50 27 58 4 73 52 34 57 40 50 41 16 2 23 
#70 50 27 58 4 73 52 39 57 40 41 16 16 4 23 
#70 50 18 58 4 73 79 39 38 32 50 41 16 4 23 
#70 39 47 58 19 73 52 32 24 5 50 18 20 2 40 
#12 39 1 58 19 73 52 34 38 34 50 41 35 16 23 
#70 39 18 58 14 73 52 55 59 21 50 12 35 2 40 
#32 39 1 58 14 42 79 39 38 35 50 41 35 2 23 
#70 50 1 58 27 73 79 13 59 5 25 16 16 2 23 
#70 27 27 58 27 73 24 13 57 21 50 41 16 2 2 
#70 51 27 58 38 73 52 32 57 40 30 2 24 3 40 
#12 39 27 58 53 73 52 34 57 34 50 18 20 16 40 
#70 50 27 58 27 73 52 55 57 40 30 2 35 2 23 
#39 50 47 58 38 73 79 13 38 21 50 69 35 2 49 
#70 50 1 58 27 73 79 34 59 21 50 41 20 2 47 
#70 27 27 58 19 73 24 34 57 21 50 41 16 16 54 
#70 51 27 58 4 73 52 55 38 40 30 16 20 3 40 
#70 12 18 58 53 73 79 12 38 4 50 12 20 2 40 
#70 12 27 58 14 73 79 12 57 40 30 41 35 2 47 
#39 50 27 58 38 73 79 55 38 20 50 41 24 29 49 
#70 50 22 58 38 73 79 12 38 40 41 69 24 2 49 
#70 27 47 58 19 73 79 55 57 5 30 2 35 16 2 
#70 50 1 58 4 73 52 39 38 21 50 16 20 25 47 
#70 12 27 58 14 73 79 39 38 40 50 12 24 29 40 
#39 50 27 58 4 53 79 12 57 21 50 41 35 2 49 
#32 51 27 58 27 73 79 55 57 40 50 69 24 29 49 
#39 50 47 58 38 73 79 34 38 21 50 41 24 2 49 
#39 50 22 58 14 73 79 55 57 34 50 41 35 29 2 
#70 39 1 58 19 73 8 39 57 21 50 2 35 16 40 
#70 39 27 58 38 53 52 39 57 5 50 41 35 29 54 
#39 50 47 58 4 73 79 12 38 34 30 41 20 2 54 
#32 50 27 58 4 73 79 55 57 40 50 69 24 29 35 
#70 50 47 58 4 73 79 39 38 21 50 16 20 2 40 
#39 50 30 36 4 73 79 12 38 34 50 41 16 2 23 
9 41 38 15 49 29 
12 44 19 46 25 32 
26 58 23 18 45 2 
53 39 57 51 22 17 
36 14 52 8 16 13 
37 20 40 55 7 24 
#Base: 889
#Max: 720
#809899
#Turn 9
#70 50 27 58 27 73 24 34 57 21 50 18 16 16 47 
#70 50 27 58 19 73 24 34 57 40 50 41 16 2 23 
#70 50 27 58 4 73 52 55 57 40 30 16 35 2 23 
#70 12 27 58 4 73 79 39 38 40 50 12 35 29 40 
#70 50 27 58 4 73 79 39 38 32 50 41 24 4 40 
#70 12 27 58 14 73 79 34 57 40 30 2 35 2 47 
#70 12 47 58 14 73 79 12 57 40 30 41 24 2 49 
#70 50 22 58 38 73 79 12 57 40 30 69 24 2 49 
#70 39 22 58 19 53 52 12 38 34 50 12 24 2 54 
#70 39 27 58 14 53 52 55 59 34 50 12 35 16 40 
#39 39 27 58 38 53 79 39 57 21 50 16 20 2 40 
#39 50 47 58 4 73 79 55 57 21 50 16 20 29 40 
#39 50 27 58 38 73 79 12 38 40 50 41 24 29 35 
#39 50 27 58 38 73 79 55 38 20 50 41 24 29 49 
#39 50 27 58 38 42 79 55 38 20 50 41 35 29 49 
#39 50 22 58 38 73 79 55 57 21 50 69 35 2 49 
#32 50 27 58 38 73 79 13 38 21 50 69 35 29 49 
#32 51 27 58 4 73 79 55 57 40 50 69 24 29 49 
#32 51 47 58 27 73 79 55 57 21 50 41 35 29 49 
#17 51 47 58 4 73 79 12 57 21 50 41 35 29 49 
#70 51 30 58 38 73 79 32 57 40 30 2 16 3 54 
#31 50 30 58 38 73 79 34 38 21 41 41 24 2 54 
#70 50 47 58 38 73 79 39 38 21 50 69 16 2 47 
#70 50 27 58 27 73 79 39 59 40 50 12 16 2 47 
#70 50 18 58 53 73 79 32 38 21 50 41 35 2 40 
#12 39 27 58 53 73 52 39 59 34 50 18 20 16 40 
#70 50 1 58 38 73 52 39 59 21 50 41 20 2 47 
#70 50 1 58 38 53 52 34 59 21 50 41 20 29 47 
#32 50 27 58 14 73 52 55 57 5 50 69 35 2 54 
#39 50 47 58 14 73 52 55 38 21 50 69 35 2 40 
#70 50 27 58 14 73 79 39 59 40 50 2 16 2 49 
#70 12 27 58 14 73 24 12 57 40 30 41 16 2 47 
#70 50 47 58 27 73 52 12 57 40 30 2 24 2 49 
#70 50 27 58 38 73 79 12 38 40 41 16 24 2 49 
#70 39 27 58 14 53 52 32 38 34 50 12 35 16 54 
#70 50 18 58 14 73 52 55 38 32 50 12 35 2 23 
#39 39 27 58 38 73 79 34 57 34 30 41 35 16 49 
#70 50 47 58 14 73 79 39 57 40 50 41 20 2 47 
#70 50 27 58 14 73 79 55 57 21 50 2 24 2 49 
#70 50 27 58 38 73 79 12 38 40 50 69 24 29 49 
#70 39 27 58 19 73 79 55 57 20 50 41 24 16 49 
#70 50 18 58 4 42 52 55 59 21 50 41 35 29 40 
#39 50 27 58 38 73 79 55 57 34 30 41 35 29 2 
#70 50 47 58 4 73 79 13 38 21 50 69 20 2 49 
#32 50 27 58 4 73 79 55 57 21 50 41 24 29 35 
#32 50 27 58 27 73 79 55 38 40 50 69 24 29 49 
#39 50 27 58 38 73 79 55 57 20 50 41 35 29 54 
#70 50 27 58 4 42 79 12 57 35 50 41 24 29 49 
#70 50 27 58 38 73 79 32 57 34 50 2 35 3 2 
#31 50 30 58 38 73 79 13 38 40 50 69 35 2 54 
#32 50 47 58 4 73 79 55 57 40 50 69 24 2 35 
#32 51 27 58 27 73 79 55 59 5 50 69 24 29 49 
#70 51 47 58 53 73 79 32 57 40 50 12 35 2 40 
#17 50 27 58 38 73 79 12 38 40 50 41 24 29 40 
#12 39 27 58 38 73 52 34 57 40 50 18 20 3 40 
#70 50 30 58 38 73 52 39 59 5 41 2 24 2 40 
#39 50 47 58 27 73 79 34 59 21 50 41 24 2 47 
#70 50 47 58 27 73 52 39 59 5 50 41 16 2 47 
#70 50 27 58 14 73 79 32 38 40 50 12 35 2 40 
#70 50 18 58 38 73 52 12 57 21 50 41 30 2 40 
19 53 44 49 12 27 
4 47 29 15 56 43 
41 42 22 17 52 23 
16 51 45 46 39 13 
28 24 50 18 37 14 
20 11 36 40 7 57 
#Base: 889
#Max: 706
#794151
#17 51 27 58 38 73 79 12 38 21 50 41 24 29 49 
#32 50 27 58 38 73 79 12 38 21 50 41 24 29 40 
#31 50 27 58 4 73 79 13 57 21 50 41 24 29 35 
#39 50 30 58 38 73 79 13 38 40 50 41 24 29 35 
#70 50 1 58 38 53 79 12 38 21 50 41 24 29 35 
#70 50 27 58 4 73 79 39 38 35 50 41 24 29 40 
#39 50 27 58 14 73 52 12 38 35 50 41 24 29 49 
#39 50 47 58 14 73 52 55 57 21 50 69 35 2 49 
#39 50 47 58 38 73 79 55 57 21 50 41 35 2 47 
#70 50 47 58 4 73 79 34 59 21 50 69 20 2 49 
#39 50 27 58 4 73 52 55 57 34 50 41 35 29 40 
#70 50 27 58 38 73 79 39 38 21 50 69 16 29 47 
#32 51 47 58 38 73 79 55 38 40 50 69 24 2 49 
#70 51 27 58 53 73 79 32 57 40 50 12 35 2 49 
#70 51 47 58 27 73 79 32 57 40 50 12 16 2 40 
#32 50 27 58 38 73 79 55 38 5 50 69 35 29 49 
#32 50 27 58 27 73 79 55 59 40 50 69 24 29 49 
#32 50 27 58 38 73 79 55 38 40 50 41 35 29 54 
#70 50 27 58 38 73 79 12 38 40 50 69 35 29 54 
#39 50 27 58 38 73 79 55 38 20 50 69 24 29 49 
#70 50 18 58 14 73 79 32 57 5 50 41 35 2 40 
#70 50 47 58 4 73 79 55 38 21 50 69 35 2 40 
#32 50 47 58 27 73 79 55 57 21 50 69 35 29 49 
#32 50 47 58 27 73 79 55 57 40 50 41 20 29 47 
#39 50 47 58 14 42 79 55 57 20 50 41 35 29 47 
#39 51 30 58 38 73 79 55 57 40 30 2 16 3 54 
#39 39 47 58 38 73 79 55 57 34 50 41 20 29 49 
#70 39 27 58 38 73 79 34 57 20 30 41 35 16 49 
#70 39 22 58 38 73 79 12 57 40 50 41 24 16 49 
#70 50 47 58 27 73 52 12 57 40 50 69 16 2 49 
#70 50 27 58 4 73 79 12 38 32 50 41 24 4 49 
#17 50 27 58 4 73 79 12 38 40 50 41 24 29 40 
#39 50 27 58 14 73 52 55 57 21 50 69 35 29 35 
#39 50 30 58 38 73 79 55 38 21 50 69 35 2 54 
#39 50 47 58 27 73 79 34 38 40 50 41 24 29 47 
#70 50 1 58 4 73 52 13 38 21 50 41 20 2 49 
#70 50 18 58 4 73 79 55 59 32 50 41 24 4 40 
#39 50 27 58 38 42 79 12 57 35 30 41 24 29 49 
#70 50 47 58 14 73 79 55 38 21 50 69 35 2 40 
#32 50 27 58 38 73 79 55 57 21 50 69 24 2 49 
#39 51 47 58 27 73 79 32 57 40 50 12 35 2 40 
#70 50 27 58 4 73 79 13 59 21 50 12 16 2 47 
#70 50 27 58 4 73 79 13 59 21 50 69 35 29 40 
#39 50 27 58 38 73 79 55 57 34 30 41 24 29 49 
#32 50 27 58 38 73 79 39 38 21 50 69 24 29 47 
#39 51 27 58 38 73 79 55 57 20 50 69 35 29 54 
#70 50 27 58 38 73 79 32 38 40 50 12 24 29 40 
#70 50 27 58 38 73 79 55 38 20 50 41 24 29 49 
#32 50 27 58 14 73 79 13 57 5 50 69 35 29 49 
#32 51 27 58 53 73 79 55 38 5 50 41 24 29 49 
#32 50 27 58 27 73 79 55 38 40 50 69 24 29 49 
#32 51 47 58 38 73 79 55 57 21 50 41 35 29 54 
#70 50 27 58 14 73 79 12 57 40 50 69 24 29 47 
#39 50 27 58 38 42 79 55 38 20 50 41 35 29 49 
#32 50 27 58 14 73 52 32 57 40 50 2 16 2 54 
#70 50 47 58 4 73 79 55 38 21 50 41 20 29 40 
#39 50 27 58 38 73 79 34 57 40 50 69 35 16 49 
#70 39 47 58 27 73 79 55 57 21 50 41 35 29 49 
#70 50 22 58 14 73 79 12 57 40 30 69 24 2 49 
#70 50 47 58 27 42 52 55 38 5 50 41 16 29 47 
#Base: 889
#Max: 734
#825647
