#[0] 3, 3
#[1] 4, 3
#[2] 3, 4
#[3] 3, 2
#[4] 2, 3
#[5] 2, 4
#[6] 1, 3
#[7] 2, 2
#[8] 3, 1
#[9] 4, 4
#[10] 5, 3
#[11] 3, 5
#[12] 4, 2
#[13] 3, 0
#[14] 5, 4
#[15] 4, 5
#[16] 5, 2
#[17] 4, 1
#[18] 0, 3
#[19] 1, 4
#[20] 2, 1
#[21] 1, 2
#[22] 2, 5
#[23] 0, 4
#[24] 5, 1
#[25] 0, 2
#[26] 5, 5
#[27] 1, 5
#[28] 2, 0
#[29] 1, 1
#[30] 4, 0
#[31] 0, 5
#[32] 1, 0
#[33] 0, 1
#[34] 5, 0
#[35] 0, 0
#Turn 0
8 43 21 26 17 27 
1 20 51 4 9 46 
24 59 47 15 33 36 
22 6 41 56 2 42 
37 48 28 10 23 49 
58 30 0 11 29 3 
#Base: 928
#Max: 356
#383621
#Turn 1
#20 35 1 43 33 18 21 28 26 12 11 13 5 25 7 
#10 25 1 3 58 24 21 14 25 26 20 43 20 7 46 
#10 36 9 3 58 24 22 14 21 26 2 43 23 6 6 
#45 49 24 11 25 17 12 26 21 1 2 11 0 20 7 
#6 5 23 5 4 46 12 22 20 43 11 34 23 29 12 
#22 9 25 18 28 13 53 6 12 16 42 38 14 39 15 
#2 10 1 4 40 48 14 14 35 25 6 0 31 39 18 
#2 26 3 34 16 53 14 66 13 1 6 18 7 31 18 
#28 10 3 39 13 17 7 66 13 1 15 46 4 31 4 
#2 10 47 39 13 20 29 17 19 4 11 46 5 23 4 
#1 52 45 18 26 31 3 23 12 10 3 29 5 23 44 
#8 8 27 18 24 8 0 38 12 16 32 27 5 23 44 
#23 9 13 70 29 8 14 2 21 16 7 27 9 1 26 
#28 19 21 11 29 2 15 2 40 48 7 15 24 14 26 
#17 19 38 7 59 8 15 6 28 48 6 41 26 14 0 
#37 60 1 21 31 17 10 7 29 10 57 18 36 32 53 
#14 22 6 46 31 17 29 3 29 1 57 18 4 11 53 
#2 22 6 46 26 67 20 3 11 83 7 18 30 24 15 
#10 6 7 12 23 1 20 15 11 34 6 24 30 51 4 
#10 10 4 12 23 11 26 21 0 21 16 24 7 51 17 
#3 5 15 14 46 10 20 46 2 7 16 6 19 34 48 
#21 1 15 10 18 24 20 6 29 3 18 1 35 34 48 
#21 23 6 10 18 3 32 40 2 32 21 5 5 10 72 
#14 23 5 13 4 8 33 33 46 43 11 3 5 53 12 
#17 9 5 3 0 2 13 33 32 43 11 13 9 3 12 
#10 41 16 12 12 30 14 0 34 15 46 21 40 17 15 
#14 3 26 2 12 26 14 0 7 4 10 0 31 23 14 
#14 3 16 32 11 11 14 2 19 36 10 28 17 36 14 
#48 6 16 14 7 11 20 18 19 8 24 28 17 18 20 
#24 6 17 35 21 40 5 2 17 52 17 7 27 18 27 
#20 9 55 13 33 13 16 6 25 16 11 38 14 25 7 
#22 36 1 43 1 48 21 20 25 12 42 0 31 39 15 
#10 25 17 4 58 24 21 42 35 31 6 27 7 3 31 
#39 26 53 12 25 17 22 66 21 1 2 11 23 6 27 
#6 10 25 11 4 46 26 2 54 4 35 46 5 20 7 
#6 5 23 29 10 5 29 35 19 18 11 20 23 29 12 
#1 16 45 22 21 31 29 23 4 16 20 38 14 12 44 
#22 36 27 18 1 48 13 14 12 25 42 29 31 39 15 
#23 8 17 4 40 8 0 38 4 16 6 27 36 3 25 
#28 26 21 70 29 21 14 66 21 1 15 15 4 31 26 
#0 19 25 39 13 20 26 6 54 4 35 0 24 9 4 
#2 19 38 29 23 8 29 4 19 29 11 20 56 54 35 
#37 16 45 10 21 31 29 34 4 5 25 4 9 32 23 
#14 52 27 21 31 17 18 28 12 1 57 29 5 11 44 
#23 8 6 64 24 8 29 38 4 16 8 18 1 24 25 
#2 9 21 12 29 21 20 15 21 83 6 15 30 28 15 
#0 19 31 11 23 2 15 65 40 48 14 0 24 14 4 
#17 10 6 7 18 11 26 4 28 29 6 41 26 16 17 
#3 60 13 44 37 2 36 34 9 10 25 4 36 32 26 
#16 19 1 14 46 17 18 6 2 1 57 18 4 11 48 
#21 22 26 10 18 3 32 3 7 3 7 5 1 15 49 
#14 23 7 29 16 8 20 22 11 83 6 1 5 28 72 
#10 9 4 13 38 12 13 33 46 34 11 3 7 51 12 
#24 10 6 3 18 8 26 27 17 21 57 13 9 16 28 
#10 5 8 12 20 10 6 23 34 10 16 6 58 17 26 
#6 33 15 42 12 24 14 6 7 4 46 1 40 23 15 
#14 1 26 2 18 3 32 40 59 36 10 5 31 15 14 
#14 23 16 32 4 11 33 22 2 32 24 18 17 10 20 
#1 6 5 13 38 40 13 2 0 24 11 61 2 53 12 
#4 1 18 3 0 8 35 49 32 16 17 13 9 3 27 
40 25 12 32 49 36 
6 52 37 48 34 44 
2 10 41 45 33 23 
58 43 39 17 15 22 
20 31 46 51 16 8 
29 5 1 7 14 56 
#Base: 928
#Max: 419
#451509
#Turn 2
#10 19 16 12 13 20 26 0 54 4 46 21 24 17 15 
#10 41 13 12 12 30 14 0 21 16 7 27 9 1 15 
#10 25 17 70 29 8 14 2 21 16 6 27 7 3 31 
#16 25 17 4 58 17 18 6 35 31 57 27 4 3 48 
#16 16 45 22 21 17 18 23 4 16 20 18 4 12 48 
#2 9 1 4 38 12 13 33 46 25 11 3 7 51 12 
#10 9 27 18 38 12 13 14 46 25 11 3 31 51 12 
#3 36 13 44 37 48 36 34 12 10 42 29 31 39 15 
#3 10 25 11 4 46 26 2 9 4 35 4 5 32 7 
#6 10 25 64 24 46 26 38 4 16 8 18 5 24 7 
#1 36 9 3 26 24 22 23 21 10 3 43 5 6 6 
#1 19 38 18 26 31 29 23 19 29 11 20 56 23 44 
#2 9 21 12 23 8 20 4 19 83 6 15 30 28 35 
#39 26 21 12 25 21 22 66 21 83 2 11 30 28 15 
#39 23 53 12 4 8 22 66 21 43 11 3 23 6 12 
#1 52 5 21 38 17 13 28 0 24 57 29 2 11 44 
#28 52 21 70 29 21 14 28 12 1 57 29 4 11 26 
#28 26 6 70 26 21 20 66 11 1 15 15 4 31 26 
#2 22 1 21 31 17 20 7 29 10 57 18 36 32 53 
#37 23 6 10 31 3 32 40 2 10 57 5 5 10 72 
#3 5 15 14 1 10 20 46 25 12 42 0 31 34 48 
#22 36 31 43 23 2 21 65 40 48 14 0 31 39 4 
#0 23 31 11 23 8 15 65 40 48 14 1 5 14 72 
#14 22 6 46 31 17 20 3 11 83 6 18 4 28 53 
#28 22 6 46 13 17 7 3 13 1 57 46 4 11 53 
#22 6 25 35 28 40 53 6 12 16 42 7 27 39 15 
#22 9 1 18 58 24 53 14 25 26 42 38 14 39 46 
#2 26 3 34 58 53 21 14 13 1 6 18 20 31 18 
#2 26 38 34 16 8 15 6 28 48 6 41 26 31 0 
#14 1 26 2 18 8 15 6 59 36 6 5 26 14 14 
#0 10 25 39 13 20 14 14 35 4 6 0 31 39 18 
#10 41 4 12 12 30 13 0 34 15 11 21 7 51 12 
#22 36 27 70 1 8 14 14 12 25 7 27 31 1 26 
#10 60 13 4 58 24 36 34 9 31 25 4 36 32 31 
#6 10 25 11 46 17 18 6 54 1 35 18 4 20 7 
#23 16 45 64 21 31 29 23 4 16 8 18 1 24 25 
#2 36 1 4 40 48 22 14 21 25 2 0 31 6 6 
#1 9 45 13 38 31 3 23 12 34 3 3 5 51 44 
#22 19 38 29 23 8 13 14 12 25 11 20 56 39 15 
#2 9 13 44 29 21 20 15 9 10 6 15 36 32 15 
#6 26 25 11 25 17 26 66 21 1 2 11 23 20 27 
#23 23 6 13 24 8 33 33 46 16 11 3 1 53 25 
#1 36 9 13 58 40 22 2 0 24 2 61 23 6 12 
#14 52 45 18 31 31 3 28 12 10 57 29 5 23 44 
#28 26 21 29 23 21 14 4 19 1 15 20 56 54 26 
#2 22 6 12 29 21 20 15 11 83 6 15 30 24 15 
#37 26 1 21 31 17 22 66 29 10 2 11 23 6 53 
#21 23 5 13 18 8 33 33 46 43 11 5 5 10 12 
#3 6 5 13 46 40 20 2 0 7 11 61 2 53 12 
#14 36 1 43 31 48 18 28 25 1 42 29 31 11 15 
#28 26 21 70 23 21 14 65 40 48 14 0 4 31 4 
#14 22 6 46 16 67 20 3 11 83 6 1 30 24 15 
#14 22 1 46 31 17 29 3 29 10 57 18 36 32 53 
#28 23 3 10 18 3 32 66 13 32 15 5 4 10 4 
#3 6 17 35 46 10 20 46 2 52 16 6 27 18 48 
#22 36 25 43 1 13 53 20 12 16 42 0 31 39 15 
#0 25 1 3 23 24 21 14 40 48 20 0 24 7 46 
#14 23 7 29 16 53 20 66 13 83 6 18 7 28 72 
#14 19 6 46 31 8 15 3 29 1 6 41 4 11 53 
#28 1 3 39 18 3 32 40 59 36 10 46 31 15 4 
37 44 48 59 15 35 
32 25 24 16 46 55 
11 45 21 22 23 42 
52 26 50 57 51 33 
49 14 43 13 17 3 
9 54 12 19 7 18 
#Base: 928
#Max: 455
#490302
#Turn 3
#1 9 45 13 38 31 14 4 12 34 3 3 5 51 44 
#28 6 5 29 46 40 20 4 0 1 15 61 2 53 12 
#3 1 5 39 46 40 20 2 59 7 10 61 31 53 4 
#28 1 5 21 18 17 32 28 59 36 57 46 31 15 44 
#23 16 5 64 38 17 29 23 4 16 57 18 2 11 25 
#22 6 27 35 1 40 14 6 12 16 7 7 27 1 26 
#28 22 25 35 13 17 53 6 12 16 42 7 27 39 53 
#28 22 6 46 13 17 14 28 12 1 57 29 4 11 26 
#37 26 21 70 31 21 22 66 29 1 57 11 23 11 26 
#22 36 25 21 31 17 53 66 12 10 2 11 23 39 53 
#2 22 38 12 29 31 29 15 11 83 6 20 56 24 15 
#2 22 6 12 29 2 21 65 11 83 6 15 30 24 15 
#22 23 31 43 23 8 21 65 40 48 14 1 31 14 4 
#14 22 31 11 31 17 20 65 11 48 6 1 5 14 72 
#1 36 6 13 31 17 22 2 11 83 6 18 23 6 53 
#22 22 1 18 58 24 29 14 29 26 57 38 36 32 53 
#28 26 21 70 23 21 53 14 25 48 14 38 4 39 46 
#14 23 21 70 23 53 14 65 13 83 6 18 4 31 4 
#14 23 6 29 16 67 20 3 13 83 6 18 7 24 15 
#10 60 6 4 16 24 20 34 11 83 25 4 36 32 31 
#14 23 53 12 4 48 22 66 21 43 42 3 23 11 15 
#39 52 45 12 31 31 3 66 21 10 11 29 23 6 44 
#39 26 21 12 31 21 22 66 21 10 57 29 30 28 44 
#28 26 21 12 26 21 20 66 21 1 2 11 30 28 26 
#28 25 17 70 26 21 18 66 11 31 15 27 4 31 26 
#6 6 25 64 46 10 20 46 4 16 8 6 27 18 7 
#3 6 21 35 23 8 20 4 19 52 6 6 27 28 48 
#2 9 21 10 23 3 20 4 19 10 57 15 30 10 72 
#37 23 6 10 31 3 36 40 12 10 42 5 31 39 15 
#3 36 13 21 37 48 20 7 29 10 42 18 31 32 15 
#22 9 27 13 38 31 3 23 12 25 3 3 5 51 26 
#28 6 25 29 23 40 14 6 12 16 42 20 56 39 15 
#28 22 6 46 46 40 7 2 0 1 11 46 2 11 53 
#28 1 21 39 18 3 14 40 59 36 10 46 31 11 4 
#1 52 1 21 31 17 13 28 29 24 2 29 2 6 53 
#23 16 45 64 21 13 53 23 12 16 42 18 31 24 25 
#1 36 27 70 26 8 29 23 19 29 7 27 56 1 26 
#2 6 25 35 28 21 53 6 11 83 6 15 30 39 15 
#28 22 31 46 13 17 21 65 40 48 14 46 4 11 4 
#0 23 21 11 23 8 14 28 40 1 57 1 5 14 26 
#37 22 1 21 31 17 20 3 11 10 2 18 4 28 53 
#1 36 9 13 1 13 22 20 0 16 42 61 23 39 12 
#14 22 38 46 31 31 29 3 29 29 57 20 56 23 53 
#22 9 6 12 58 21 53 14 25 26 6 15 14 24 15 
#28 26 31 43 23 2 14 65 40 48 14 0 31 39 4 
#0 23 31 29 23 8 20 65 13 83 6 1 5 14 72 
#14 22 6 46 31 17 20 3 11 83 6 18 4 28 15 
#10 60 9 4 58 24 22 2 0 24 2 4 36 6 31 
#14 22 1 46 31 48 29 28 25 1 42 29 36 32 53 
#39 23 53 18 4 8 22 66 25 43 42 3 23 6 46 
#14 26 45 70 23 21 3 65 12 48 14 29 4 31 44 
#39 23 21 29 25 21 20 66 21 83 2 18 7 28 15 
#28 22 6 46 26 67 20 66 11 83 6 1 4 24 15 
#16 25 17 4 58 17 18 6 9 31 25 27 36 32 48 
#6 10 25 64 31 46 18 28 4 1 8 29 5 11 15 
#3 23 17 35 4 8 22 46 2 43 16 3 23 6 12 
#2 52 45 12 31 8 20 4 19 83 57 15 5 23 44 
#37 23 6 12 31 3 22 66 21 10 2 5 5 28 72 
#28 36 13 44 26 48 36 66 12 10 15 15 4 31 26 
#16 22 1 21 58 17 20 6 35 31 57 18 4 32 48 
6 12 44 9 20 14 
59 58 13 16 24 35 
57 11 51 50 8 18 
22 42 56 17 45 2 
36 37 49 52 19 3 
46 38 21 15 10 48 
#Base: 928
#Max: 481
#518319
#Turn 4
#22 22 31 43 13 17 21 6 12 16 14 1 27 39 4 
#22 23 31 43 23 2 21 65 40 48 14 1 31 39 4 
#28 36 25 21 31 17 53 66 12 10 14 11 31 39 53 
#14 23 53 21 4 48 22 66 12 43 2 11 23 11 53 
#14 23 53 13 4 17 22 2 21 43 6 18 23 11 53 
#28 22 1 44 26 17 20 66 12 10 15 18 4 32 48 
#14 22 13 44 26 17 36 66 12 48 15 15 4 31 72 
#14 26 31 11 23 17 20 65 25 48 6 38 5 39 46 
#28 26 17 70 23 21 18 66 11 48 15 27 4 39 26 
#28 25 17 64 21 13 53 23 12 31 15 27 4 31 26 
#2 23 6 12 29 2 22 65 11 10 6 5 5 24 72 
#39 22 6 12 29 21 20 65 21 83 2 15 30 28 15 
#14 26 45 70 25 21 3 66 12 83 14 29 4 31 15 
#37 26 45 70 31 21 3 65 12 1 57 11 23 31 26 
#37 26 21 70 31 21 20 3 29 83 57 11 7 11 15 
#39 26 38 46 31 31 22 66 29 29 57 20 30 28 44 
#2 52 38 46 31 8 29 3 29 83 57 20 56 23 53 
#14 23 21 70 31 53 20 4 19 83 6 18 5 31 44 
#0 23 21 70 23 53 20 65 13 83 6 1 4 31 4 
#3 23 31 39 46 40 20 65 13 83 6 61 5 53 72 
#1 6 25 35 26 8 53 23 11 83 6 27 56 39 26 
#39 23 25 18 4 8 53 6 25 43 6 3 30 6 46 
#28 22 6 18 4 67 20 66 11 43 6 1 23 24 15 
#10 22 6 46 16 67 20 34 11 83 6 1 36 32 31 
#10 60 5 4 18 17 32 34 59 36 57 46 36 32 44 
#14 22 6 46 13 17 21 3 11 83 14 46 4 11 4 
#28 52 31 46 13 17 21 65 40 10 11 29 23 6 4 
#39 52 1 18 31 24 3 14 21 26 11 29 36 6 44 
#22 22 38 18 29 31 29 15 29 26 57 38 56 32 53 
#2 22 38 12 31 31 29 28 25 83 6 29 56 32 15 
#16 22 1 35 58 17 20 6 35 16 57 18 4 39 48 
#22 36 13 43 26 8 21 65 40 48 15 15 31 14 4 
#14 26 31 11 31 2 20 65 40 48 6 1 5 14 72 
#22 26 21 21 23 17 53 66 12 48 14 11 4 39 53 
#14 25 17 12 26 48 22 66 11 43 15 3 4 31 26 
#1 36 6 64 31 13 22 23 12 83 42 18 31 6 25 
#37 23 6 12 58 17 22 66 35 31 2 5 5 28 48 
#28 36 6 44 29 48 21 66 12 10 6 15 4 31 26 
#39 23 31 29 31 17 20 65 21 83 6 1 7 14 72 
#28 26 21 70 23 21 3 14 12 48 14 38 4 39 44 
#28 26 17 70 26 21 18 66 11 1 57 27 4 31 26 
#23 16 45 64 21 67 53 23 12 16 6 18 31 24 25 
#37 23 21 12 31 3 22 66 21 10 57 29 30 28 44 
#2 22 6 12 31 2 21 65 11 83 57 15 30 23 53 
#39 23 21 12 25 8 20 4 21 83 2 15 7 28 15 
#14 23 45 70 23 53 3 65 13 48 14 29 4 31 4 
#0 23 31 70 23 8 20 66 13 83 57 1 23 11 72 
#14 23 6 29 46 40 20 2 13 7 10 18 31 53 15 
#39 26 27 12 26 8 22 66 19 29 7 29 30 1 44 
#2 6 25 46 28 21 29 3 29 83 6 15 30 23 53 
#39 52 45 12 4 8 20 66 19 83 57 15 5 6 44 
#14 22 21 70 26 67 14 65 13 83 6 1 4 31 4 
#10 23 31 4 23 8 20 65 11 83 25 1 36 32 31 
#3 1 5 39 46 40 20 2 59 36 57 61 31 53 44 
#14 22 6 46 31 17 29 23 11 83 7 18 4 28 26 
#2 6 31 35 28 17 53 65 11 48 14 46 30 11 15 
#39 23 45 12 31 8 3 66 21 10 11 3 23 6 44 
#22 22 6 18 26 67 29 14 11 83 6 38 36 24 15 
#2 60 6 12 29 24 29 34 11 83 25 20 36 32 15 
#28 1 1 46 31 17 32 28 25 1 42 29 31 15 44 
55 3 8 28 57 49 
32 2 35 38 6 52 
11 29 12 51 53 40 
14 18 50 19 16 24 
33 20 17 46 15 45 
42 41 23 43 13 58 
#Base: 928
#Max: 560
#603448
#Turn 5
#14 23 31 35 4 48 53 65 12 43 14 11 23 11 15 
#28 26 53 21 23 21 18 66 11 43 2 27 23 11 53 
#28 22 17 70 29 21 18 66 29 48 15 38 56 39 26 
#22 22 6 18 29 31 29 14 11 83 6 38 56 24 53 
#22 22 6 18 26 21 29 3 29 83 6 38 36 24 15 
#14 36 31 21 31 17 53 66 12 48 6 1 31 39 72 
#28 36 6 64 31 17 53 66 12 10 42 11 31 39 25 
#1 36 31 29 31 13 20 23 21 83 6 1 7 6 72 
#39 23 13 44 31 17 20 66 12 48 15 1 4 14 72 
#14 23 13 44 23 17 36 66 12 83 15 15 4 32 72 
#2 22 6 12 29 21 20 65 21 83 2 29 56 32 15 
#14 22 45 70 31 31 3 28 12 83 14 29 56 31 15 
#14 26 45 70 25 21 3 65 12 83 14 1 4 31 4 
#14 1 5 70 46 67 20 2 13 36 57 61 4 53 44 
#3 1 17 39 46 40 20 2 11 1 57 61 4 53 26 
#37 23 21 70 23 53 20 65 13 83 57 11 7 11 4 
#0 52 45 12 4 8 20 66 19 83 6 1 4 31 4 
#3 23 31 39 46 40 20 66 13 83 57 15 5 6 72 
#2 23 31 46 46 8 29 65 29 83 6 61 5 53 53 
#2 60 5 4 31 17 29 34 59 83 57 46 56 23 53 
#1 26 25 21 26 17 53 66 12 83 6 11 4 39 26 
#14 23 21 35 31 8 53 4 19 83 6 18 56 39 26 
#0 23 31 70 23 53 20 66 13 83 6 18 5 31 72 
#0 26 38 46 31 8 22 66 13 29 57 20 30 11 44 
#39 23 38 70 31 31 22 66 13 29 14 29 30 28 44 
#23 23 45 64 31 67 22 66 21 16 6 29 31 28 44 
#10 22 45 46 16 67 20 23 12 16 6 18 36 32 25 
#10 22 6 46 16 2 20 65 11 83 6 1 30 32 31 
#2 26 45 12 31 2 21 65 12 1 57 15 30 31 26 
#37 26 6 70 29 24 29 34 11 1 25 20 36 31 26 
#2 6 31 11 28 17 53 65 40 48 14 1 30 14 15 
#14 23 25 21 31 48 22 66 12 43 2 11 23 39 53 
#28 26 17 70 23 13 22 23 11 83 15 18 31 6 26 
#22 23 31 18 31 17 20 65 21 26 57 38 56 14 72 
#14 22 6 44 26 67 36 66 12 48 15 38 4 31 72 
#10 23 25 4 23 8 29 3 11 83 6 1 30 23 53 
#39 26 31 12 31 21 20 65 21 48 6 15 30 14 72 
#28 36 38 12 31 31 53 66 25 83 14 29 31 32 15 
#1 36 6 64 25 13 22 23 12 83 14 29 4 31 15 
#39 22 31 70 26 17 14 65 21 83 6 1 7 31 4 
#3 22 13 44 46 40 20 66 59 48 57 61 4 31 72 
#28 23 31 4 23 21 20 66 11 1 57 1 36 32 26 
#37 26 21 12 29 21 20 65 29 83 57 11 7 28 15 
#2 22 38 12 23 31 20 65 25 83 6 1 4 32 4 
#14 52 45 12 25 21 20 66 12 83 14 15 4 31 44 
#14 23 31 39 26 40 20 65 13 83 6 61 5 31 4 
#2 52 5 39 31 40 20 3 59 36 57 20 31 53 44 
#28 60 5 4 18 17 32 66 59 1 57 27 4 31 44 
#22 26 21 70 23 21 20 3 29 83 14 11 4 11 15 
#1 6 25 70 23 53 20 23 11 83 6 1 4 31 26 
#14 52 21 70 31 8 20 4 19 83 57 18 5 31 44 
#3 23 31 70 46 40 20 66 13 83 57 61 5 53 72 
#2 26 38 46 31 31 29 3 29 29 57 20 56 28 44 
#14 60 45 4 23 53 32 65 13 36 57 29 4 31 44 
#22 26 21 12 31 3 22 66 21 10 57 29 4 39 53 
#1 6 45 64 21 8 53 23 12 16 6 18 31 24 25 
#10 23 6 70 31 53 20 34 19 83 6 1 36 31 31 
#2 22 6 12 23 8 20 65 11 83 57 15 30 23 53 
#37 26 38 46 31 21 3 66 12 1 57 11 30 31 26 
#14 60 6 12 23 53 3 34 11 83 25 29 4 32 15 
8 20 42 5 44 52 
36 3 56 15 45 6 
57 24 13 22 17 39 
50 37 18 51 19 25 
21 46 2 40 34 11 
10 47 9 53 33 12 
#Base: 928
#Max: 643
#692888
#Turn 6
#39 23 25 44 31 17 53 66 12 48 6 1 4 14 72 
#37 26 21 12 29 21 53 66 12 83 57 11 7 39 15 
#37 26 31 12 29 17 20 65 29 83 57 1 7 39 15 
#14 36 31 21 31 21 53 66 12 83 6 1 4 39 44 
#14 26 38 46 31 31 20 3 29 83 57 20 4 28 44 
#39 22 31 12 31 21 20 65 21 48 6 38 56 24 53 
#10 22 6 70 29 53 20 34 19 83 6 38 36 24 53 
#10 23 6 70 31 53 20 34 19 83 57 11 36 11 4 
#14 23 21 39 26 40 20 65 13 83 57 11 5 31 4 
#14 36 6 39 26 17 53 65 12 83 42 11 31 31 4 
#39 23 6 70 31 31 22 66 11 83 14 29 30 28 53 
#14 23 5 70 31 67 20 66 13 36 57 29 4 53 44 
#14 1 31 70 46 67 20 66 13 36 57 18 5 53 72 
#3 23 31 70 23 40 20 66 13 83 57 15 5 31 72 
#3 23 31 70 46 40 14 65 13 83 57 15 7 31 72 
#28 36 21 12 31 31 53 4 25 83 14 18 5 31 15 
#2 23 38 46 31 31 29 66 25 83 14 61 5 53 53 
#3 23 31 70 46 40 29 65 29 83 6 61 5 53 72 
#2 23 5 70 31 40 29 66 59 83 57 61 56 23 53 
#23 60 45 4 31 67 22 66 21 16 6 46 56 23 53 
#2 52 21 35 31 8 20 4 19 83 6 20 56 39 26 
#28 22 17 39 29 21 20 66 29 36 15 20 56 39 26 
#3 22 13 70 46 40 18 66 29 48 57 38 4 31 26 
#14 22 6 44 46 67 36 66 12 48 15 38 4 31 72 
#14 22 45 44 31 67 3 66 12 48 15 38 4 31 72 
#28 60 6 4 29 21 20 66 21 83 2 29 56 31 44 
#28 23 5 44 23 17 36 66 59 1 15 27 4 32 72 
#14 60 13 4 23 53 32 66 12 36 15 29 4 31 72 
#22 23 45 4 23 53 32 65 13 36 57 29 56 14 44 
#22 23 45 18 31 17 20 65 21 83 14 38 4 31 72 
#39 23 13 12 31 17 20 66 21 48 15 15 4 14 72 
#1 22 25 18 29 17 53 14 11 83 6 38 4 24 53 
#37 26 6 12 29 21 20 34 29 83 57 1 7 31 15 
#37 23 31 21 23 17 53 65 13 83 57 11 7 39 72 
#14 52 45 39 25 40 20 66 13 83 6 61 5 31 4 
#2 36 38 46 31 31 53 66 29 10 57 20 56 39 44 
#39 22 6 12 31 8 20 65 21 48 57 15 30 14 53 
#22 23 38 70 29 31 22 66 13 29 6 29 56 28 44 
#10 23 5 70 46 67 20 2 13 83 6 1 36 53 44 
#0 23 21 70 23 53 20 66 13 83 57 11 5 11 4 
#14 23 31 39 46 40 20 65 13 83 6 61 5 6 72 
#39 22 6 64 31 17 14 66 12 83 6 11 31 39 4 
#14 22 21 12 31 8 20 65 19 83 57 15 30 23 53 
#28 36 38 70 31 31 22 66 13 83 14 29 30 28 15 
#14 23 5 70 46 67 29 65 29 36 57 61 5 53 44 
#3 23 31 70 46 53 20 66 13 83 6 61 5 53 72 
#2 23 5 4 31 40 29 34 13 83 57 46 56 23 72 
#23 22 31 64 26 17 14 66 21 83 6 29 31 28 44 
#14 52 21 35 31 8 20 4 19 83 6 18 5 31 26 
#2 36 5 39 31 40 20 3 25 83 14 20 31 53 15 
#2 22 17 70 29 8 29 65 29 83 15 61 56 53 53 
#3 23 31 70 46 40 20 66 59 48 57 61 5 53 72 
#2 22 6 4 26 17 36 66 12 48 15 46 56 31 72 
#14 22 45 64 31 67 22 66 21 83 14 29 56 28 15 
#2 23 21 12 31 8 20 4 21 83 2 29 56 39 15 
#28 52 5 4 31 40 32 3 59 1 57 20 31 53 44 
#28 22 13 70 23 21 36 66 29 48 15 38 56 32 72 
#3 60 45 4 46 40 20 65 13 36 57 61 4 31 44 
#14 22 31 18 31 67 20 65 12 48 15 38 4 31 72 
#14 22 45 70 25 21 3 28 12 83 14 29 56 31 15 
7 37 38 57 34 1 
39 28 23 14 46 29 
6 43 12 44 50 24 
35 53 45 18 17 33 
47 10 56 51 13 19 
58 25 11 16 40 22 
#Base: 928
#Max: 658
#709052
#Turn 7
#22 23 6 70 31 31 20 66 19 29 57 11 36 11 44 
#10 23 38 70 46 31 20 66 13 29 6 29 56 28 44 
#3 60 45 70 46 40 20 2 13 36 57 1 4 53 44 
#3 52 45 4 46 40 20 66 13 36 57 61 5 31 4 
#14 52 45 12 29 40 53 66 13 83 6 11 5 31 4 
#22 23 45 4 23 53 20 65 13 83 57 11 56 14 4 
#14 22 45 4 46 67 36 66 12 48 57 38 4 14 72 
#3 23 6 44 46 67 14 65 12 83 15 15 4 31 72 
#2 23 31 4 31 40 14 65 13 83 57 46 7 23 72 
#2 23 5 18 31 17 20 65 13 83 57 46 4 23 72 
#28 22 6 70 29 31 22 66 13 83 6 38 36 28 53 
#14 1 31 70 31 67 22 66 13 83 14 18 5 53 72 
#14 23 5 70 46 67 20 65 13 36 57 61 5 53 72 
#14 23 5 70 46 67 29 65 29 83 57 61 56 53 53 
#14 22 17 70 29 67 3 65 29 48 15 61 56 53 53 
#14 36 45 46 31 31 22 66 29 10 14 29 56 28 44 
#3 22 45 64 31 67 20 66 13 83 14 61 56 28 15 
#3 23 5 70 46 53 29 66 13 83 6 61 56 53 72 
#3 23 31 70 46 40 29 65 29 83 6 61 5 53 53 
#37 23 31 21 46 17 53 65 29 83 57 61 5 53 72 
#39 23 6 64 26 31 22 66 11 83 14 29 31 28 44 
#28 23 13 70 23 31 22 66 11 83 14 29 30 28 53 
#28 23 31 70 46 21 36 66 59 48 57 61 56 32 72 
#3 23 31 70 46 40 20 66 59 48 57 61 5 53 72 
#3 23 45 4 23 40 20 66 21 16 57 15 5 31 72 
#28 22 31 18 31 67 20 65 12 48 2 29 56 31 72 
#14 60 5 4 29 21 20 66 21 36 57 29 4 31 44 
#2 23 38 46 31 31 29 66 13 36 57 29 5 53 44 
#2 23 31 46 46 40 29 66 13 83 14 61 5 6 53 
#3 22 31 39 46 40 20 65 29 48 6 38 5 6 72 
#10 23 6 70 23 53 20 66 13 83 57 11 36 11 4 
#22 23 45 4 23 31 32 66 13 36 57 29 56 28 44 
#10 22 5 44 46 67 20 2 13 48 15 38 36 31 44 
#3 23 31 4 46 40 20 65 13 83 57 15 4 31 44 
#2 52 5 4 25 40 29 66 13 83 6 61 56 23 72 
#22 26 21 18 31 21 20 66 21 83 57 11 4 39 15 
#0 22 6 70 29 53 20 34 19 83 57 11 36 11 4 
#28 23 38 70 31 53 22 65 13 36 14 29 56 14 44 
#14 1 31 70 46 67 20 66 12 48 57 38 4 53 72 
#14 23 5 70 46 40 29 65 13 36 57 61 7 53 44 
#2 23 5 4 29 40 29 65 13 83 57 61 56 23 53 
#14 23 45 18 31 17 3 65 12 48 14 38 4 31 72 
#2 22 38 46 29 53 20 66 29 10 6 20 56 24 44 
#14 22 45 70 31 67 22 66 21 83 14 29 56 28 15 
#3 1 31 70 46 53 20 66 13 36 57 18 5 53 72 
#2 23 5 70 31 40 29 66 59 36 57 61 5 53 53 
#3 23 17 70 46 8 29 65 29 83 15 61 5 53 72 
#37 22 31 21 23 67 3 66 13 83 57 38 4 39 72 
#23 36 38 64 26 17 53 66 21 10 6 20 56 28 44 
#39 23 6 64 31 67 22 66 21 83 14 29 56 28 15 
#28 22 13 70 23 21 20 66 29 83 6 38 5 32 72 
#3 23 31 70 46 40 29 66 59 83 57 61 5 23 72 
#3 23 31 70 46 40 29 65 29 83 6 61 5 31 72 
#37 23 45 4 31 17 53 65 13 83 57 11 7 23 72 
#14 22 31 18 31 67 20 65 12 83 6 38 4 31 72 
#39 23 6 70 31 21 22 66 11 83 2 29 30 28 53 
#14 23 13 70 31 21 36 66 29 48 15 29 56 53 44 
#2 23 31 46 31 31 29 66 25 83 14 61 5 53 72 
#3 23 31 39 46 40 20 65 13 83 57 15 5 6 72 
#23 22 13 4 31 40 22 66 21 48 57 38 4 31 53 
55 54 56 49 6 28 
21 37 34 12 39 10 
25 44 38 19 17 40 
46 18 23 13 51 16 
58 11 45 22 14 47 
8 53 57 52 43 50 
#Base: 928
#Max: 711
#766164
#Turn 8
#14 22 31 18 31 21 22 65 12 83 6 29 4 31 72 
#14 22 31 70 31 21 36 65 12 48 15 38 56 53 72 
#14 23 6 70 31 21 36 66 29 48 14 29 56 28 44 
#39 22 6 64 31 67 36 66 12 83 57 38 56 28 72 
#14 23 31 4 46 40 29 66 12 83 57 38 5 14 53 
#28 23 38 70 31 31 22 65 11 36 14 29 30 28 44 
#28 52 38 70 31 40 29 66 13 36 6 29 56 14 72 
#2 23 5 70 25 67 20 65 13 83 57 61 56 53 72 
#14 23 5 70 46 67 20 65 13 36 57 61 7 53 44 
#14 22 6 70 46 40 29 65 13 36 6 38 7 53 53 
#3 1 31 70 46 67 20 66 13 48 2 18 56 31 72 
#3 1 31 70 46 53 20 66 12 36 57 18 5 53 72 
#37 23 31 21 46 67 20 65 29 48 57 61 4 53 72 
#3 23 5 70 46 17 29 66 29 83 57 61 56 53 72 
#3 23 5 4 29 40 29 66 13 83 6 61 56 53 53 
#3 23 17 70 46 40 29 65 29 83 6 61 5 53 72 
#3 23 31 70 46 40 20 66 29 83 6 61 5 53 72 
#3 23 31 70 46 40 29 66 29 48 57 61 5 53 53 
#14 23 5 70 46 40 29 66 59 83 57 61 56 53 72 
#3 22 31 70 46 67 29 66 13 83 57 61 56 23 15 
#14 23 31 39 31 40 22 65 13 83 57 15 5 6 72 
#2 23 5 70 31 40 29 66 59 83 14 61 5 53 72 
#2 23 31 70 31 21 29 66 59 48 57 61 56 53 53 
#14 22 31 70 46 67 3 66 59 48 15 61 56 53 53 
#14 22 31 21 29 67 3 66 29 48 57 61 4 39 72 
#2 23 45 4 31 17 14 65 13 83 57 46 7 23 72 
#37 23 31 46 31 17 29 65 25 83 57 61 5 23 72 
#2 23 31 70 31 40 29 66 29 83 6 61 5 31 72 
#3 23 31 70 31 67 22 65 29 83 14 29 5 31 72 
#14 22 45 70 31 21 20 66 21 83 6 38 56 28 15 
#28 23 13 70 23 21 22 66 11 83 14 29 30 28 53 
#14 23 31 18 31 53 22 65 13 83 14 38 56 31 72 
#14 52 5 70 31 21 36 66 13 83 15 29 56 53 72 
#14 23 5 70 46 67 22 65 13 36 14 61 56 28 72 
#14 23 45 70 46 67 29 65 12 36 57 61 4 53 72 
#2 22 6 70 46 40 29 66 13 83 6 38 36 6 53 
#28 22 13 70 23 31 20 66 12 48 2 29 30 28 72 
#3 23 31 70 31 53 20 65 13 36 14 29 56 53 72 
#14 1 31 4 25 40 20 66 13 48 6 61 4 53 72 
#37 23 5 21 46 17 20 65 13 36 57 61 5 53 72 
#14 23 5 70 46 53 29 66 13 36 6 61 56 53 44 
#28 23 5 4 29 40 22 66 13 83 6 61 36 23 53 
#3 22 17 70 46 8 29 65 29 48 2 29 56 31 72 
#3 23 31 70 46 53 29 66 13 36 57 61 5 53 53 
#3 23 31 70 46 40 20 66 12 48 57 38 5 53 72 
#37 23 5 70 46 67 53 65 29 83 57 61 56 53 53 
#3 23 31 70 46 53 29 66 59 83 6 61 5 23 72 
#2 22 45 4 29 67 20 65 13 83 14 61 56 28 15 
#3 23 31 70 46 40 20 65 13 83 15 61 5 6 72 
#14 23 31 70 46 67 22 65 29 83 14 18 5 53 72 
#2 23 5 70 31 40 20 66 59 36 57 61 5 53 53 
#14 23 5 70 46 21 36 65 59 83 57 61 56 53 72 
#14 23 31 70 46 67 3 65 29 83 15 61 56 23 53 
#37 22 31 21 23 67 20 66 13 83 14 61 56 39 15 
#2 23 31 4 46 40 14 65 13 83 57 46 7 23 72 
#37 1 31 70 31 17 53 65 13 83 57 11 5 53 72 
#2 23 5 70 31 40 29 66 59 36 57 61 5 53 53 
#28 23 31 70 46 21 36 66 59 83 6 61 56 32 72 
#14 22 17 70 31 67 22 65 21 83 15 61 56 28 15 
#37 22 31 70 23 67 3 66 29 83 57 38 4 32 72 
37 28 56 49 43 6 
27 8 15 13 16 1 
44 26 23 3 7 55 
12 22 57 45 51 52 
50 21 59 18 34 32 
40 33 17 19 46 58 
#Base: 928
#Max: 758
#816810
#Turn 9
#3 23 31 70 31 67 20 65 13 36 14 29 5 31 72 
#3 23 31 70 31 67 29 66 29 36 57 61 5 53 72 
#2 23 5 70 31 40 29 65 59 36 57 18 5 53 53 
#3 23 31 70 46 53 22 66 13 36 57 61 5 53 72 
#3 23 31 70 46 40 29 66 13 36 6 29 56 53 53 
#14 23 5 70 46 67 29 66 13 83 6 61 5 31 44 
#14 23 17 70 46 67 29 65 13 83 6 61 7 53 44 
#3 23 17 70 46 40 29 65 29 83 57 61 56 53 72 
#3 23 31 70 46 17 29 66 29 83 57 61 5 53 72 
#14 22 31 70 46 21 36 65 29 83 15 38 5 53 72 
#3 23 31 70 31 40 29 65 25 48 57 38 5 23 72 
#37 22 31 46 46 67 29 66 59 83 57 61 5 53 53 
#14 22 6 70 31 67 36 66 59 48 15 61 56 53 53 
#39 22 6 64 31 67 36 66 13 83 57 61 56 28 72 
#37 1 5 70 31 67 53 65 13 83 57 11 56 53 72 
#37 23 31 21 46 21 29 65 59 48 57 61 56 53 53 
#2 23 31 70 31 21 36 66 59 48 57 61 56 32 72 
#37 23 5 70 46 21 53 65 59 83 57 61 56 32 53 
#14 23 5 70 46 67 53 65 59 83 57 61 56 53 53 
#14 23 5 70 46 67 36 65 29 83 57 61 56 53 53 
#2 23 5 70 31 40 20 66 59 83 57 61 5 53 53 
#2 23 5 70 31 67 3 66 59 83 57 61 5 32 72 
#37 23 5 70 46 40 29 66 59 83 57 38 56 53 72 
#14 23 5 70 46 67 29 66 12 83 57 61 56 53 72 
#14 23 45 70 46 67 29 66 13 83 57 29 4 53 72 
#14 23 5 70 46 53 22 66 13 36 6 61 56 53 72 
#14 23 31 70 46 67 22 65 13 48 57 61 5 28 72 
#3 23 31 70 46 67 29 66 29 48 57 61 56 53 15 
#3 22 31 70 46 67 29 66 59 83 6 61 56 23 15 
#3 22 17 70 31 67 22 65 21 83 15 61 5 28 72 
#2 23 31 70 31 53 20 66 13 83 6 61 5 31 72 
#3 23 5 70 31 67 22 65 13 36 57 29 7 53 44 
#3 23 5 70 46 40 29 65 29 83 6 61 5 53 72 
#3 23 5 70 46 67 22 66 29 83 57 61 5 53 72 
#3 23 31 70 46 40 29 66 13 83 57 61 5 53 72 
#28 52 31 70 31 21 29 65 12 48 15 38 56 14 72 
#3 23 31 70 31 40 20 66 12 83 57 38 5 53 72 
#14 23 5 46 31 17 20 65 13 36 57 61 7 53 44 
#3 22 31 70 46 67 29 65 29 83 15 61 5 53 53 
#3 22 6 64 46 17 29 66 29 83 57 61 56 28 72 
#2 23 31 70 25 40 20 66 29 83 6 61 5 53 72 
#14 22 31 70 31 21 53 65 12 48 57 38 56 53 72 
#3 23 31 70 46 40 20 65 12 48 57 61 4 53 72 
#37 23 31 70 31 17 29 66 59 83 57 61 5 23 53 
#14 23 31 70 46 67 36 66 59 48 15 61 56 53 53 
#39 22 5 64 31 67 53 66 29 83 57 61 56 53 53 
#2 23 5 70 25 21 36 65 13 83 57 61 56 53 72 
#14 1 31 70 46 67 3 65 29 83 15 61 5 23 72 
#2 23 31 70 46 40 20 66 29 48 57 61 5 53 53 
#2 23 31 70 31 21 29 66 59 83 14 61 5 53 53 
#37 23 31 70 46 21 3 66 59 83 57 38 4 32 72 
#14 23 5 70 46 40 29 66 29 83 57 61 56 53 53 
#14 23 45 70 46 67 36 65 59 83 57 61 4 53 72 
#14 52 31 70 46 67 3 65 29 83 15 61 56 23 53 
#14 23 5 70 46 40 20 66 59 36 57 61 56 53 53 
#2 23 5 70 31 40 22 66 59 36 14 61 56 53 72 
#3 23 31 70 23 40 3 66 29 83 57 61 4 53 72 
#14 22 31 70 46 40 29 66 13 83 57 61 56 53 15 
#3 23 45 70 46 67 29 66 12 83 57 61 4 23 72 
#14 52 17 70 31 21 22 65 21 83 15 61 56 28 72 
20 38 34 14 33 28 
59 46 41 19 12 50 
39 27 23 17 11 58 
16 44 22 18 45 51 
1 57 15 52 7 53 
26 43 54 13 24 8 
#Base: 928
#Max: 765
#824353
#3 23 31 70 31 40 29 66 59 83 15 61 5 53 53 
#3 23 31 70 46 40 29 65 29 83 15 61 5 53 72 
#3 23 31 70 46 40 29 66 13 83 57 11 5 53 72 
#37 23 5 70 46 67 22 65 29 83 57 61 5 53 72 
#3 22 5 70 46 67 29 66 59 83 6 61 56 23 15 
#14 23 17 70 31 21 22 65 21 83 15 61 56 28 72 
#2 22 31 70 31 21 53 65 13 83 57 38 56 53 72 
#14 23 31 70 31 67 36 65 29 48 57 61 56 53 53 
#14 22 5 70 31 67 36 66 29 48 57 61 56 53 53 
#14 22 6 70 46 21 36 66 59 83 15 38 4 53 53 
#3 22 31 70 46 67 29 66 29 48 57 61 56 53 72 
#14 23 31 70 46 67 29 66 12 48 57 61 56 53 72 
#37 23 5 70 46 67 29 65 59 83 57 61 56 53 53 
#37 22 5 46 46 67 53 65 59 83 57 61 56 32 53 
#3 23 45 70 46 67 29 66 59 83 57 61 5 23 72 
#14 23 31 70 31 67 36 66 59 48 57 61 56 53 53 
#14 23 31 70 46 67 36 66 59 83 15 38 56 53 53 
#14 23 5 70 46 40 29 65 59 83 57 61 56 53 53 
#39 23 5 70 31 67 53 65 29 83 57 61 56 53 53 
#14 23 5 70 31 40 29 66 29 83 57 61 56 53 53 
#3 23 31 70 31 40 29 66 13 36 57 61 5 53 72 
#37 22 31 21 46 40 29 65 59 48 57 61 56 53 15 
#37 23 31 70 46 21 36 65 59 83 57 61 4 53 53 
#3 23 17 70 46 67 36 65 59 83 57 61 4 53 72 
#14 23 31 70 46 67 3 65 29 83 15 61 56 23 72 
#14 23 31 70 31 67 22 66 13 83 57 61 5 23 72 
#14 23 5 70 46 40 29 66 59 83 57 61 5 53 53 
#39 22 5 64 31 67 20 66 13 83 57 61 56 53 72 
#14 23 45 70 46 67 36 66 13 83 57 61 56 28 72 
#14 23 31 70 46 67 29 66 13 83 57 61 5 53 72 
#2 23 17 70 31 40 22 65 59 83 15 61 56 53 53 
#2 23 5 70 46 21 29 65 29 83 15 61 56 53 72 
#3 23 31 70 31 40 29 65 13 48 57 61 5 53 72 
#14 1 5 70 46 67 53 65 13 83 57 61 56 53 72 
#3 23 5 70 46 67 22 66 29 83 57 61 5 53 53 
#3 23 31 70 46 21 29 66 59 83 6 61 56 32 72 
#3 22 17 64 31 21 22 65 21 83 57 61 56 28 72 
#2 23 31 70 25 21 29 65 13 48 57 61 56 53 15 
#14 23 5 70 31 21 53 65 12 48 57 61 56 53 72 
#14 23 5 70 46 21 36 65 29 83 57 61 56 53 53 
#14 22 6 70 31 67 29 66 59 83 15 61 56 53 53 
#37 23 31 70 46 21 29 66 12 83 57 38 4 23 72 
#3 22 6 70 31 21 36 66 29 83 57 61 56 28 72 
#14 23 31 70 46 67 29 66 29 48 15 61 56 53 15 
#37 23 5 70 46 40 29 66 59 83 57 38 56 53 72 
#37 23 5 70 46 21 53 65 59 83 57 61 56 53 53 
#39 22 5 46 31 67 53 66 29 83 57 61 5 53 53 
#14 23 45 70 46 40 29 66 29 83 57 61 4 53 53 
#2 23 31 70 31 67 36 66 29 48 57 61 56 53 72 
#14 23 31 70 46 40 36 66 59 83 15 61 56 53 53 
#37 23 31 70 46 21 29 66 59 48 57 61 56 53 72 
#14 23 45 70 46 67 53 65 59 83 57 61 4 53 72 
#39 23 5 64 31 40 53 66 29 83 57 61 56 53 53 
#14 52 5 70 46 40 3 65 29 83 15 61 56 23 53 
#14 23 31 70 46 67 29 66 29 36 57 61 5 28 72 
#14 22 31 70 46 40 29 66 59 83 57 61 5 23 15 
#37 23 31 21 46 40 29 65 59 48 57 61 56 53 53 
#14 22 45 70 46 67 36 66 59 83 57 61 56 53 72 
#14 23 45 70 46 40 29 65 13 83 57 61 56 53 72 
#3 52 31 70 46 17 29 65 29 83 57 61 5 53 53 
#Base: 928
#Max: 807
#869612
