#[0] 3, 3
#[1] 4, 3
#[2] 3, 4
#[3] 3, 2
#[4] 2, 3
#[5] 2, 4
#[6] 1, 3
#[7] 2, 2
#[8] 3, 1
#[9] 4, 4
#[10] 5, 3
#[11] 3, 5
#[12] 4, 2
#[13] 3, 0
#[14] 5, 4
#[15] 4, 5
#[16] 5, 2
#[17] 4, 1
#[18] 0, 3
#[19] 1, 4
#[20] 2, 1
#[21] 1, 2
#[22] 2, 5
#[23] 0, 4
#[24] 5, 1
#[25] 0, 2
#[26] 5, 5
#[27] 1, 5
#[28] 2, 0
#[29] 1, 1
#[30] 4, 0
#[31] 0, 5
#[32] 1, 0
#[33] 0, 1
#[34] 5, 0
#[35] 0, 0
#Turn 0
0 1 13 10 47 48 
46 57 9 28 38 59 
14 41 36 44 19 53 
8 52 21 18 29 37 
56 5 54 32 43 51 
25 50 6 12 30 35 
#Base: 922
#Max: 349
#378525
#Turn 1
#20 4 8 45 27 1 10 10 18 30 15 3 20 22 11 
#17 7 8 45 27 43 41 10 15 34 4 42 2 22 11 
#22 7 2 10 18 36 52 24 15 51 7 19 15 6 41 
#15 6 18 2 18 4 52 53 32 3 7 13 15 22 29 
#0 6 18 39 34 51 6 53 18 47 3 24 3 4 13 
#14 34 18 31 16 4 15 8 26 10 12 5 3 29 34 
#1 34 21 46 48 0 18 8 0 31 13 5 30 29 17 
#8 5 16 17 26 3 2 42 0 15 13 18 27 3 39 
#8 7 5 17 2 3 2 7 12 1 7 7 20 50 30 
#25 24 14 52 58 24 32 7 12 26 7 10 30 10 9 
#10 12 48 1 27 27 12 10 25 40 21 35 33 23 18 
#22 5 29 1 27 28 12 28 9 3 66 31 46 20 5 
#22 3 29 12 7 69 11 28 25 3 66 8 19 13 38 
#7 8 28 32 22 38 11 4 18 13 9 8 20 13 39 
#11 5 2 32 12 44 28 4 14 47 15 3 10 16 39 
#10 14 2 0 1 10 11 16 53 14 9 24 15 53 2 
#66 29 2 0 31 10 35 17 21 15 15 6 13 20 6 
#30 41 13 19 4 14 8 1 10 6 81 39 1 23 6 
#3 5 13 9 10 8 3 14 10 0 81 15 1 24 9 
#3 5 13 9 63 8 17 14 12 0 17 17 42 24 9 
#6 54 9 5 33 18 36 43 17 17 22 3 4 19 55 
#24 46 35 12 8 2 23 8 14 8 52 3 56 19 55 
#8 3 5 12 6 2 69 22 6 19 52 8 56 27 38 
#8 30 5 6 1 20 69 20 4 19 37 6 13 59 3 
#44 30 3 6 27 3 8 20 4 4 9 6 13 59 9 
#29 9 6 8 10 35 14 51 14 46 15 14 12 34 46 
#29 9 6 17 54 5 7 51 18 2 27 20 33 34 53 
#1 61 13 5 43 5 7 32 8 18 24 11 33 10 43 
#7 8 10 1 43 13 10 47 11 36 25 56 19 10 43 
#7 8 21 30 17 13 1 14 0 36 33 56 10 41 14 
#46 36 46 19 16 22 10 47 10 10 15 15 20 16 45 
#14 34 8 46 27 43 41 8 18 34 4 3 32 29 11 
#1 7 2 10 17 36 57 24 0 51 46 42 27 6 39 
#8 7 3 26 26 3 2 42 32 52 7 19 15 50 11 
#25 48 5 52 34 45 15 7 18 1 7 13 20 8 30 
#0 3 14 39 17 24 6 24 12 33 27 10 30 13 13 
#5 36 18 7 52 27 23 10 25 18 21 15 33 18 34 
#14 12 3 1 27 28 18 8 26 31 12 5 30 29 17 
#1 5 29 37 7 34 57 28 25 15 66 31 1 20 39 
#8 3 16 12 26 3 2 2 18 52 28 8 19 50 11 
#11 48 2 32 2 38 31 7 63 1 9 3 20 8 30 
#9 5 14 53 58 24 28 12 14 47 15 10 10 10 9 
#10 8 20 8 52 27 11 10 53 14 21 24 33 18 42 
#10 29 2 0 27 10 35 17 9 40 9 4 13 23 2 
#22 5 29 19 4 2 1 1 25 15 15 31 1 20 5 
#7 15 13 15 10 69 11 28 10 23 5 8 1 23 38 
#3 8 13 9 38 38 3 4 63 0 9 3 20 24 9 
#9 5 16 53 12 44 17 5 12 15 17 5 42 4 28 
#6 54 20 11 33 39 11 16 53 14 22 24 15 53 11 
#66 29 35 5 8 10 23 43 14 26 9 6 4 20 55 
#24 3 27 19 4 2 10 1 21 15 52 39 14 2 38 
#30 9 13 13 6 14 69 4 6 6 81 15 1 23 3 
#44 30 39 9 1 8 3 14 4 4 43 17 13 59 9 
#56 43 16 37 27 3 17 12 41 15 9 6 10 6 34 
#6 38 9 40 33 39 14 3 14 17 13 40 12 41 11 
#14 9 6 5 8 18 23 51 18 46 1 3 1 19 30 
#24 3 20 12 18 5 23 32 2 2 52 8 56 2 53 
#1 9 9 13 6 20 69 7 6 18 24 6 19 10 43 
#44 8 10 1 1 13 8 47 2 4 25 3 13 59 9 
#12 43 21 37 27 27 1 6 0 26 33 47 24 50 22 
16 1 25 18 9 33 
45 31 27 32 30 34 
2 41 49 17 21 42 
28 23 22 51 38 56 
57 59 20 12 48 4 
58 52 40 26 11 53 
#Base: 922
#Max: 395
#428416
#Turn 2
#66 29 8 0 31 10 35 17 21 15 4 6 2 20 11 
#17 9 6 45 10 35 41 51 14 34 15 42 12 22 46 
#3 9 6 9 10 8 3 14 10 46 81 14 1 34 9 
#3 24 13 52 58 24 3 7 10 26 7 15 30 24 9 
#25 7 3 26 58 24 32 7 32 26 7 19 15 50 9 
#14 15 13 15 27 69 41 28 10 23 5 8 1 29 11 
#14 61 13 46 43 5 41 32 18 34 4 11 33 29 43 
#1 61 2 5 43 36 7 24 0 51 46 11 27 10 39 
#1 36 2 19 16 22 10 47 0 10 15 42 27 16 45 
#25 48 5 52 34 22 15 47 18 10 15 13 20 8 45 
#9 5 14 53 18 24 28 24 14 47 15 19 10 10 9 
#66 5 35 5 58 10 28 12 14 47 9 6 10 20 9 
#66 41 13 19 4 10 23 1 14 6 81 6 4 20 6 
#24 41 35 12 8 2 8 8 14 6 52 39 1 23 6 
#10 46 35 12 52 2 23 8 14 14 52 3 56 19 42 
#7 30 5 6 43 13 69 47 4 19 37 56 19 59 3 
#8 30 5 6 1 20 69 20 6 19 37 6 56 59 38 
#8 3 5 12 6 14 69 4 6 6 52 15 1 23 38 
#1 5 13 37 6 14 69 28 25 15 81 31 1 23 39 
#24 5 29 12 18 34 23 32 2 2 52 31 56 20 53 
#12 43 21 37 6 27 69 7 0 18 24 47 24 50 22 
#6 54 21 5 27 27 1 6 0 26 22 3 4 19 22 
#6 54 9 5 33 18 36 28 25 3 66 3 19 13 55 
#6 3 20 11 7 69 11 28 25 3 22 8 15 53 11 
#6 54 20 11 33 51 11 53 53 47 22 24 15 4 11 
#44 30 39 1 1 8 3 14 2 4 43 3 13 59 9 
#11 48 2 9 1 8 31 7 4 1 43 3 13 59 9 
#29 48 6 32 54 38 7 7 18 2 27 20 33 34 53 
#22 5 29 1 27 5 7 51 9 3 66 20 33 34 5 
#22 5 29 37 27 28 12 12 41 3 66 6 46 20 5 
#7 15 13 15 10 10 35 17 21 23 5 8 13 20 38 
#17 7 8 45 27 43 41 10 18 34 4 3 32 29 11 
#1 9 13 5 43 35 7 51 14 18 24 14 12 10 43 
#1 7 2 9 10 8 3 14 0 0 46 15 27 6 39 
#25 24 46 19 16 22 10 7 10 10 15 10 30 16 9 
#8 48 5 26 34 45 2 7 32 1 7 13 15 8 11 
#7 15 2 10 18 36 11 24 10 23 5 19 15 23 38 
#9 5 14 53 27 43 41 8 18 47 4 10 32 10 9 
#66 61 35 5 43 5 23 32 14 26 24 11 33 10 55 
#1 7 13 19 4 36 57 24 10 6 81 39 1 6 39 
#46 46 35 19 16 22 23 8 10 8 52 3 20 16 45 
#10 48 20 52 52 45 11 10 53 14 21 13 20 18 42 
#22 7 2 10 18 36 10 24 11 51 25 19 19 10 41 
#8 5 14 6 1 24 69 12 14 19 37 10 10 59 3 
#66 29 5 5 6 10 23 43 14 19 52 8 4 20 38 
#30 41 13 19 4 14 69 1 6 6 81 15 1 23 3 
#24 46 35 12 8 34 23 8 14 8 66 31 1 19 55 
#10 8 20 12 18 27 11 10 2 2 21 8 33 2 42 
#7 8 9 1 43 13 69 47 11 36 25 6 19 10 43 
#12 43 21 37 27 20 69 20 0 19 33 6 24 59 3 
#6 54 9 5 33 2 69 22 6 19 52 8 4 19 38 
#30 9 29 12 7 69 11 28 25 3 81 8 19 23 3 
#6 54 29 11 7 39 57 16 25 15 66 31 1 53 39 
#0 3 18 39 18 51 23 32 18 2 52 24 3 2 53 
#1 9 9 13 6 13 69 47 6 4 25 6 19 59 43 
#44 30 39 9 1 8 1 14 0 4 43 47 24 50 9 
#6 48 9 32 33 18 36 7 63 1 22 3 4 8 55 
#22 9 29 17 7 5 7 28 25 3 66 8 33 34 53 
#22 54 20 1 33 39 12 28 53 14 22 31 15 53 11 
#56 43 18 39 34 51 6 12 41 47 9 24 3 6 34 
40 9 48 54 19 53 
2 29 27 16 46 1 
44 7 39 51 45 58 
49 12 38 52 18 20 
57 50 59 15 24 22 
43 56 14 41 6 11 
#Base: 922
#Max: 449
#486985
#Turn 3
#46 48 35 19 16 22 23 47 18 8 52 3 20 16 45 
#25 8 9 52 34 13 15 47 11 10 25 6 20 8 45 
#1 9 9 13 43 13 69 47 6 36 25 6 19 59 43 
#1 9 9 12 6 34 69 47 2 4 52 6 56 59 43 
#24 3 29 39 18 34 23 32 2 2 52 24 56 20 53 
#3 5 6 9 10 8 12 12 10 46 66 6 46 34 9 
#29 48 6 32 27 38 12 12 41 3 66 20 46 34 53 
#29 48 5 32 54 20 7 20 6 2 37 6 33 34 38 
#24 30 35 12 1 34 69 8 6 8 66 6 56 19 38 
#17 9 6 12 8 35 41 51 14 8 66 42 12 22 46 
#66 29 5 5 43 10 23 43 0 19 52 8 4 20 39 
#1 61 13 5 4 36 7 24 10 51 81 39 27 6 39 
#30 9 29 19 7 36 57 28 25 3 81 39 19 23 3 
#30 9 29 19 4 69 11 28 25 6 81 15 19 23 3 
#30 41 13 19 33 14 12 28 6 14 22 15 1 23 11 
#12 43 13 19 4 10 23 20 14 19 33 6 24 59 3 
#66 61 35 19 43 5 23 1 14 26 24 6 33 20 6 
#6 61 29 5 43 5 23 16 14 26 24 31 33 10 39 
#6 54 29 11 7 39 69 16 25 15 81 31 1 53 39 
#12 5 21 37 6 14 69 28 0 18 24 47 24 50 39 
#22 9 9 17 7 2 7 22 25 19 66 8 33 34 53 
#56 43 18 39 34 51 69 22 41 47 52 24 4 19 38 
#56 43 18 6 43 13 69 47 41 47 9 56 3 59 34 
#6 30 20 11 43 51 11 53 4 19 22 56 15 4 3 
#6 54 20 11 33 18 11 28 25 3 22 24 15 13 55 
#8 48 9 32 1 18 69 7 14 19 37 10 4 8 3 
#6 48 35 32 33 2 36 8 14 14 22 3 4 19 42 
#10 48 35 52 52 2 23 8 14 14 21 3 56 18 42 
#14 61 20 52 43 5 11 10 18 34 21 13 20 18 42 
#66 5 35 5 43 5 41 32 14 34 9 6 33 29 9 
#46 9 35 19 10 22 3 14 10 8 81 14 20 16 9 
#25 48 29 52 27 28 12 47 41 3 66 13 20 20 45 
#29 48 9 32 43 13 7 7 11 36 25 6 19 10 43 
#8 9 5 6 6 20 69 47 6 19 25 6 19 59 38 
#24 5 29 12 18 34 23 8 2 2 52 31 56 20 53 
#0 3 18 39 18 51 23 32 18 34 15 24 12 22 53 
#66 29 5 9 6 8 23 43 10 46 81 8 4 34 38 
#1 61 2 37 43 36 12 24 41 51 46 6 46 10 5 
#1 7 6 32 54 38 7 7 18 6 27 20 33 6 39 
#30 9 5 12 1 20 11 20 6 3 37 6 19 59 38 
#24 46 35 19 4 34 69 1 6 8 66 31 1 19 3 
#17 54 6 45 33 39 12 51 14 14 22 31 15 22 11 
#66 43 21 37 27 20 23 20 0 19 33 6 4 59 38 
#66 61 2 5 43 36 7 24 14 51 46 11 27 10 39 
#66 7 13 5 4 5 23 32 14 26 81 39 1 10 55 
#6 54 29 12 7 39 57 16 25 3 81 31 19 53 3 
#30 41 13 19 4 14 69 28 6 15 81 15 1 23 3 
#12 43 20 37 33 39 12 28 53 18 24 31 15 50 22 
#22 9 29 37 7 20 7 20 0 3 66 8 24 59 53 
#6 54 13 19 33 10 69 1 6 6 81 8 4 20 38 
#66 43 18 5 34 5 23 12 41 47 9 24 33 6 34 
#7 30 5 11 43 39 57 16 4 15 66 56 1 59 3 
#1 5 13 37 6 14 69 28 25 47 81 24 15 4 11 
#12 43 9 37 33 18 36 28 25 3 24 47 19 50 55 
#8 5 29 6 1 24 7 12 14 19 37 8 33 59 3 
#6 54 9 32 33 2 36 22 63 19 52 8 4 19 38 
#56 46 18 39 52 51 6 12 14 47 9 24 3 6 34 
#7 30 20 52 52 13 11 10 4 19 21 56 20 59 3 
#6 61 13 46 43 5 11 32 53 47 22 11 15 29 11 
#66 54 35 5 33 10 28 28 14 3 9 3 10 13 55 
0 50 53 2 55 16 
57 9 40 51 13 19 
4 56 11 3 36 42 
8 43 45 22 18 49 
48 46 6 21 44 12 
59 58 37 31 52 27 
#Base: 922
#Max: 557
#604121
#Turn 4
#46 48 35 19 34 5 23 12 18 47 9 24 20 6 34 
#12 43 18 5 33 5 36 28 25 3 9 24 19 6 34 
#1 9 9 37 33 13 36 47 6 3 25 47 19 50 43 
#6 9 9 13 33 13 69 47 6 19 52 8 4 19 43 
#6 54 35 19 43 2 23 1 14 26 24 6 33 19 38 
#17 9 20 52 52 13 41 51 14 8 66 56 12 22 46 
#24 46 35 19 8 35 69 1 14 8 66 31 12 19 46 
#24 46 5 19 43 34 69 16 6 8 66 31 1 19 3 
#30 9 5 19 4 39 57 16 25 15 81 56 1 23 3 
#30 9 21 37 4 14 11 28 25 6 24 15 19 23 3 
#56 3 18 39 52 51 23 32 14 2 52 24 56 6 34 
#1 46 13 39 4 51 6 24 10 47 81 39 27 6 34 
#1 9 9 5 6 34 7 47 10 51 52 6 27 59 39 
#66 9 9 9 6 8 69 47 10 4 52 8 4 59 43 
#66 43 5 9 6 8 23 20 10 46 81 6 4 34 38 
#24 61 2 12 1 36 7 8 6 51 66 11 27 10 39 
#6 54 29 12 7 36 7 16 14 3 46 31 27 53 39 
#56 43 18 12 43 39 69 47 41 47 9 56 19 59 34 
#6 54 18 6 7 13 69 47 41 47 81 56 3 53 39 
#6 54 29 11 7 10 69 16 25 15 81 8 1 53 39 
#30 9 29 37 4 20 7 28 0 15 81 15 1 59 53 
#29 48 6 19 4 38 69 28 41 15 66 20 46 34 3 
#56 43 6 32 27 51 69 22 41 3 66 20 46 34 53 
#66 7 13 39 4 5 23 22 41 47 81 39 1 19 55 
#66 7 13 5 4 36 23 28 14 3 81 39 1 23 3 
#6 61 35 5 33 10 11 32 14 47 22 11 15 13 11 
#6 61 13 37 43 5 11 32 53 47 22 6 46 10 5 
#1 48 29 37 27 36 12 47 41 51 46 6 46 20 45 
#1 48 13 37 27 28 12 28 41 47 66 13 20 20 11 
#1 5 13 37 52 2 69 28 25 47 81 3 15 4 42 
#7 48 20 52 16 22 11 47 18 19 21 56 20 59 45 
#66 43 18 12 34 35 23 51 14 8 9 24 12 6 46 
#24 43 35 19 4 18 69 28 6 3 24 31 1 19 55 
#1 30 9 11 43 39 69 47 4 15 25 56 1 59 3 
#6 9 29 19 33 2 36 28 63 19 81 8 19 23 3 
#12 61 21 37 6 5 23 1 14 26 24 47 24 20 39 
#7 3 20 39 52 13 11 10 4 2 21 56 20 59 3 
#17 46 18 12 52 35 41 51 14 8 66 24 3 6 34 
#24 61 13 19 4 34 7 24 10 8 81 39 1 6 3 
#7 9 5 12 43 34 69 47 2 15 66 6 1 59 3 
#30 9 29 9 6 69 23 28 10 46 81 8 19 23 38 
#66 43 21 37 27 14 69 28 0 19 24 47 4 50 39 
#24 3 29 39 18 34 23 8 2 8 66 24 56 19 53 
#56 61 18 5 43 36 6 24 14 47 9 24 27 6 34 
#6 54 29 5 7 39 7 24 10 51 81 31 19 53 39 
#1 9 9 12 6 34 69 47 2 4 52 56 56 59 43 
#6 54 29 11 7 8 69 16 10 15 81 31 4 34 38 
#6 43 13 37 27 20 69 20 0 6 33 8 4 20 38 
#22 30 29 37 7 34 69 20 0 8 66 8 56 59 53 
#66 41 13 19 4 14 69 24 6 15 81 11 1 10 3 
#6 48 6 12 7 39 12 12 25 3 66 20 19 53 53 
#56 43 18 6 43 13 69 47 41 47 9 24 3 19 38 
#6 7 29 5 7 5 69 16 14 26 81 39 1 53 55 
#30 54 29 19 7 36 57 1 25 6 81 39 19 23 3 
#22 54 35 37 7 20 28 28 14 3 9 8 10 59 55 
#6 61 13 19 43 5 11 28 53 47 81 11 15 29 3 
#29 61 2 37 27 36 12 24 41 3 46 6 46 34 53 
#56 48 18 52 34 51 12 47 41 3 66 13 4 20 45 
#1 7 13 5 6 14 23 28 25 26 81 24 15 4 11 
#30 9 29 19 7 2 23 28 14 14 81 3 56 23 3 
42 7 14 10 49 8 
37 39 53 23 46 56 
6 11 41 57 45 40 
51 29 48 18 22 19 
20 55 52 17 5 13 
34 33 27 44 21 30 
#Base: 922
#Max: 592
#642082
#Turn 5
#24 46 29 19 18 34 23 16 6 8 66 24 56 19 53 
#24 46 5 19 6 8 23 20 10 8 66 31 4 19 38 
#56 3 18 39 52 51 23 20 10 2 81 24 4 34 38 
#66 3 18 39 52 14 23 32 14 15 52 24 56 6 3 
#66 9 13 19 4 14 69 16 25 15 81 56 1 23 3 
#7 9 5 12 52 34 69 47 14 8 66 6 1 6 3 
#7 9 29 12 43 34 69 1 25 6 81 39 1 59 3 
#66 54 29 39 7 5 57 1 25 47 81 39 19 19 55 
#66 7 29 39 4 8 23 22 10 47 81 39 4 19 55 
#6 54 29 11 27 8 12 24 10 3 46 6 46 34 53 
#1 46 35 19 4 51 69 24 14 47 66 31 12 6 46 
#66 46 13 37 27 51 69 24 10 47 24 39 27 6 39 
#56 48 21 52 27 14 69 28 0 19 24 13 4 20 39 
#1 48 9 12 6 51 69 47 41 4 52 13 56 20 43 
#30 9 9 12 6 69 23 47 2 4 52 8 19 59 38 
#1 43 13 37 43 2 69 28 25 47 81 3 3 4 42 
#1 5 29 37 7 34 69 20 25 47 81 8 15 59 42 
#6 54 29 37 7 34 69 47 0 47 81 56 56 53 39 
#6 43 6 6 27 51 69 47 41 47 66 56 46 53 53 
#6 54 29 32 7 51 69 22 25 3 81 8 1 34 53 
#30 61 29 37 4 20 11 28 53 15 81 11 1 59 53 
#6 61 13 5 7 5 69 16 53 47 81 11 15 53 3 
#6 7 18 12 43 5 69 16 14 26 9 56 1 59 34 
#17 9 18 12 52 39 69 51 14 47 66 56 12 59 34 
#17 9 20 9 6 8 69 47 14 4 66 56 4 22 43 
#6 9 29 11 33 2 36 28 63 19 81 8 1 59 3 
#1 48 9 37 27 39 69 47 4 15 46 6 46 59 45 
#1 54 29 5 27 39 7 47 10 51 81 6 19 20 39 
#29 48 6 5 4 39 7 28 41 15 66 20 46 53 39 
#7 48 20 19 16 38 69 28 41 15 66 20 46 59 45 
#17 3 18 39 18 35 41 8 2 8 66 24 56 19 34 
#7 9 5 12 43 34 69 16 2 8 66 6 1 59 3 
#66 43 5 19 7 36 57 20 10 46 81 39 4 23 3 
#56 3 18 39 4 5 23 32 41 2 52 39 1 19 34 
#66 54 29 19 7 14 69 16 6 15 81 11 1 10 3 
#30 61 5 19 27 36 12 16 41 3 46 6 1 34 53 
#17 46 18 19 8 35 69 51 14 8 66 24 12 6 34 
#7 9 13 39 4 34 69 47 2 15 81 39 27 6 3 
#66 43 29 37 7 36 57 28 25 19 81 47 4 50 39 
#66 7 13 39 4 51 23 22 41 47 66 39 1 20 45 
#6 54 9 12 6 34 69 47 10 4 81 56 56 34 43 
#30 61 2 37 27 69 23 24 10 46 81 8 19 23 53 
#56 43 35 6 43 35 69 1 41 47 66 31 12 19 46 
#1 5 13 39 4 51 6 28 10 47 81 3 15 6 42 
#22 30 21 37 27 14 69 28 0 19 66 47 4 59 39 
#56 48 18 6 34 51 12 47 41 47 81 56 4 20 39 
#56 43 6 12 6 34 69 22 41 3 52 20 56 59 53 
#6 9 29 9 6 69 23 28 10 46 81 8 19 53 39 
#30 43 29 37 4 13 7 47 0 47 9 15 1 59 53 
#6 61 13 19 52 2 69 28 25 47 81 3 15 29 42 
#6 7 29 5 7 34 69 20 0 8 81 39 56 53 55 
#6 43 18 6 7 13 69 47 41 47 81 56 3 53 34 
#17 43 6 32 27 13 41 51 14 8 66 56 12 22 46 
#6 9 9 11 6 8 69 47 10 4 52 8 1 59 39 
#6 9 29 19 33 20 7 28 63 15 81 8 19 59 53 
#6 61 13 19 43 5 11 28 4 15 81 56 1 59 3 
#1 48 29 5 7 36 69 47 41 51 46 39 46 20 45 
#6 43 18 5 43 39 69 47 41 51 81 56 19 59 34 
#29 48 20 52 4 38 41 28 14 8 66 20 12 22 3 
#66 9 9 52 16 22 69 47 10 4 21 8 4 59 43 
34 4 44 19 13 59 
6 2 21 23 26 15 
8 16 40 45 7 39 
56 51 38 17 57 29 
54 11 41 18 42 20 
47 32 50 46 49 10 
#Base: 922
#Max: 617
#669197
#Turn 6
#66 54 13 19 4 14 69 16 25 15 81 56 1 23 3 
#66 9 21 37 4 14 69 16 25 19 81 56 4 23 39 
#6 30 29 32 7 14 69 28 25 19 66 47 1 34 53 
#1 54 9 12 6 51 69 47 41 3 81 8 56 34 43 
#66 48 9 12 6 22 69 47 41 4 52 13 4 20 43 
#56 3 29 39 43 34 23 20 25 6 81 24 4 59 38 
#56 3 13 5 7 5 69 16 53 47 81 24 15 34 38 
#17 9 13 5 7 5 69 16 14 47 66 11 15 59 34 
#17 48 9 37 27 39 69 51 14 15 66 56 46 59 34 
#1 48 9 37 43 2 69 47 25 15 46 3 46 59 42 
#66 7 29 39 7 34 69 20 10 47 81 39 15 59 55 
#1 5 29 37 6 34 69 47 10 47 81 8 15 59 42 
#6 48 9 12 6 51 12 47 41 47 81 56 4 20 43 
#56 54 29 39 34 5 57 1 41 47 81 39 19 19 39 
#66 7 29 39 4 51 23 1 25 47 81 39 19 19 45 
#1 48 29 5 7 13 69 47 41 51 81 39 46 20 45 
#6 43 29 6 7 13 69 28 25 47 81 56 4 53 34 
#66 54 29 37 7 34 57 28 0 47 81 56 56 50 39 
#6 43 29 37 7 39 69 47 0 51 81 56 56 59 39 
#7 43 20 19 43 38 69 47 41 51 81 56 19 59 34 
#66 9 29 19 33 51 7 24 63 47 81 39 19 6 39 
#30 61 2 37 27 51 23 24 10 46 81 8 27 23 53 
#6 61 6 37 27 51 69 24 10 47 81 56 46 23 53 
#6 43 35 6 43 51 69 1 41 47 66 31 12 19 46 
#56 43 29 6 4 20 11 28 53 47 66 11 1 59 46 
#6 43 5 19 6 69 57 28 10 46 81 8 4 53 3 
#6 7 29 19 7 34 57 20 10 8 81 39 4 53 55 
#56 43 6 5 6 34 69 20 0 3 81 39 56 59 53 
#6 61 13 19 6 2 69 28 25 47 52 3 15 59 53 
#6 61 13 19 4 51 69 24 25 47 81 31 15 6 42 
#7 54 29 19 43 34 69 1 6 6 81 11 1 59 3 
#66 9 13 39 4 14 23 16 25 15 81 24 1 23 38 
#6 61 13 37 27 5 69 28 53 47 81 47 15 59 3 
#6 54 18 32 52 39 69 22 14 3 81 8 1 34 53 
#1 48 9 37 6 39 69 47 41 4 52 13 46 20 45 
#1 43 13 52 16 2 69 47 25 47 21 8 4 59 43 
#7 7 29 12 4 8 23 1 25 6 81 39 1 59 3 
#56 3 18 37 7 34 23 20 10 47 81 24 15 59 38 
#6 61 9 12 6 5 69 16 53 47 81 11 56 53 3 
#17 9 18 12 34 51 69 51 14 47 66 56 12 59 34 
#1 48 9 37 7 5 69 1 25 15 81 6 19 59 55 
#66 7 13 39 4 2 23 28 41 47 81 3 1 20 42 
#1 7 29 5 4 8 23 47 10 51 46 39 4 20 55 
#6 5 29 37 7 13 69 47 25 47 81 56 15 59 42 
#6 54 29 37 6 34 57 28 10 4 81 56 4 50 39 
#56 48 18 37 7 51 12 47 0 47 81 56 4 53 39 
#66 43 29 5 43 39 57 1 41 47 81 39 19 19 55 
#66 7 20 19 16 38 23 28 41 15 66 20 1 20 45 
#1 48 29 19 7 36 69 47 63 51 81 39 19 59 45 
#6 43 13 37 7 51 69 24 41 47 24 56 27 53 34 
#66 61 29 37 7 36 23 28 25 46 81 8 19 50 53 
#6 54 6 37 27 51 69 47 41 47 81 56 56 53 39 
#56 43 35 5 43 35 69 47 41 47 81 31 12 59 46 
#7 61 29 37 16 20 69 28 41 15 66 20 1 59 53 
#6 9 29 19 33 69 23 28 63 15 81 8 19 53 53 
#66 46 13 37 27 51 69 24 10 46 24 39 4 23 3 
#30 61 29 37 27 34 23 24 10 46 81 8 56 53 53 
#56 43 6 6 27 34 69 47 41 3 66 20 46 53 53 
#56 43 13 6 43 35 69 1 41 47 66 31 12 29 42 
#1 46 35 37 4 51 69 28 53 15 81 31 12 59 53 
14 33 38 15 58 29 
44 16 3 22 43 23 
54 39 10 19 48 20 
45 46 18 51 17 57 
11 13 32 52 59 56 
21 53 27 8 50 49 
#Base: 922
#Max: 670
#726681
#Turn 7
#6 7 29 32 52 51 23 22 14 3 81 39 1 19 53 
#6 54 9 32 52 5 69 22 53 3 81 8 56 34 3 
#1 48 9 5 6 5 69 47 53 51 81 39 56 20 3 
#56 43 29 6 43 35 69 47 41 51 66 39 12 20 45 
#56 61 13 6 43 51 69 1 25 47 81 31 12 29 42 
#6 43 29 37 6 34 69 28 10 4 81 56 4 50 34 
#1 43 9 12 6 13 69 28 41 3 81 8 4 34 43 
#6 61 6 12 6 51 69 47 41 3 81 8 46 34 53 
#6 5 6 37 7 13 69 47 10 47 81 56 46 59 53 
#6 43 35 37 43 51 69 1 25 47 66 56 15 59 46 
#6 9 29 12 34 69 23 28 14 47 66 8 12 53 53 
#17 7 29 12 34 34 69 20 10 47 81 39 12 59 34 
#66 7 29 19 43 34 69 20 10 51 81 39 19 59 34 
#1 48 20 19 43 36 69 47 63 51 81 56 19 59 45 
#1 48 29 19 7 36 69 24 63 51 81 39 19 59 45 
#66 48 29 37 7 51 12 1 0 47 81 39 4 53 55 
#6 43 29 37 43 39 57 47 41 47 81 39 19 59 55 
#6 54 6 37 7 51 69 47 0 47 81 56 56 53 39 
#66 54 6 37 7 51 69 28 41 47 81 56 56 53 39 
#56 43 29 6 7 34 57 47 0 47 81 20 46 50 53 
#56 5 29 39 34 34 69 1 41 47 81 8 19 59 39 
#6 61 13 37 27 5 69 28 53 47 81 47 15 19 3 
#56 43 13 37 43 35 69 47 41 47 81 31 12 59 46 
#56 43 35 37 4 35 69 47 53 47 81 31 12 59 46 
#30 61 29 37 4 51 69 28 10 15 81 8 12 59 53 
#7 61 2 37 27 51 23 24 10 15 81 20 27 59 53 
#56 43 29 5 6 20 69 28 0 15 81 39 56 59 53 
#17 43 9 37 27 34 69 20 14 15 81 56 46 59 53 
#17 61 9 37 7 36 69 51 14 15 81 56 19 50 34 
#66 43 29 37 7 36 69 28 41 47 24 56 19 53 34 
#66 7 29 37 4 34 23 28 10 47 81 39 19 19 39 
#6 54 18 32 7 13 69 28 25 3 81 8 4 34 53 
#1 61 9 12 6 51 69 47 53 47 81 11 56 34 43 
#6 61 29 37 7 51 69 47 10 47 81 56 46 23 45 
#6 43 29 6 43 35 69 1 25 47 66 56 12 29 42 
#6 61 13 19 43 51 69 24 25 47 81 31 15 6 46 
#6 9 29 19 6 69 57 28 10 4 81 56 4 53 39 
#17 43 29 12 7 51 69 28 25 47 81 56 4 59 34 
#66 7 9 39 7 34 69 47 41 3 81 8 15 34 43 
#6 61 6 37 27 51 69 24 10 47 81 56 46 59 34 
#1 5 29 19 7 13 69 47 25 51 81 56 15 59 45 
#6 9 29 6 43 51 69 1 41 47 81 39 12 6 46 
#56 9 18 37 33 51 12 47 63 47 81 8 4 53 39 
#17 9 18 12 43 51 57 1 41 47 66 39 19 59 55 
#6 7 29 37 7 34 69 47 0 51 81 56 56 59 39 
#6 54 20 19 43 38 69 47 41 51 81 56 56 53 39 
#1 48 29 37 7 36 57 47 63 47 81 39 56 59 39 
#66 9 6 6 27 34 7 47 41 3 81 20 46 53 53 
#56 48 29 37 7 51 69 47 0 47 81 8 15 59 42 
#56 43 29 39 34 5 57 1 41 47 81 39 19 19 55 
#6 61 29 37 7 39 69 28 0 51 81 56 56 59 3 
#6 54 6 5 43 51 69 47 41 47 81 31 56 59 46 
#66 46 29 37 4 51 57 28 53 15 81 31 12 59 53 
#30 61 6 37 27 34 69 47 41 3 66 8 56 53 53 
#1 61 29 37 27 51 69 47 10 47 81 8 15 23 42 
#56 61 29 37 16 20 69 28 41 47 66 39 19 59 39 
#56 61 13 5 6 5 69 28 0 3 81 47 56 59 3 
#56 48 35 5 27 35 69 47 41 15 81 31 46 59 46 
#66 46 29 37 4 36 23 28 53 15 81 8 12 59 53 
#6 61 13 37 7 51 23 24 10 47 81 8 27 53 53 
54 8 27 14 29 42 
28 49 44 46 53 26 
20 32 57 23 51 12 
33 16 22 18 13 55 
37 50 39 45 52 9 
24 19 3 17 48 4 
#Base: 922
#Max: 691
#749458
#Turn 8
#6 5 29 37 27 13 69 47 10 47 81 8 46 59 42 
#17 5 9 37 7 13 69 20 14 47 81 56 46 59 53 
#17 43 29 37 27 36 69 20 63 51 81 39 46 59 45 
#66 48 29 37 7 36 69 28 41 47 81 39 19 59 45 
#66 43 29 37 33 36 12 47 41 47 81 8 4 53 34 
#56 43 29 37 34 36 57 51 41 47 81 39 19 50 34 
#56 43 29 37 34 5 69 1 0 47 81 56 56 19 39 
#6 48 29 37 7 34 57 47 0 51 81 56 56 59 39 
#30 61 6 37 27 34 69 47 41 3 66 39 56 53 53 
#30 61 6 37 6 34 69 47 41 15 81 8 56 59 53 
#1 61 9 39 34 34 69 1 41 47 81 8 19 59 39 
#1 61 35 5 6 35 69 47 53 15 81 11 46 34 43 
#56 43 35 37 4 35 69 47 41 15 81 31 46 59 46 
#6 43 35 37 43 51 69 47 53 47 81 31 56 59 46 
#66 7 6 19 43 51 69 20 10 47 81 39 56 59 46 
#6 43 29 37 7 51 69 47 41 47 81 56 19 23 45 
#6 43 29 37 43 35 57 47 41 47 81 31 19 59 46 
#66 54 6 37 43 35 69 47 41 47 81 56 12 53 46 
#66 48 20 19 43 51 69 28 41 47 81 56 19 59 45 
#1 48 20 19 16 36 69 28 63 51 66 56 19 59 39 
#6 43 29 37 7 39 69 28 25 47 81 56 56 59 3 
#6 61 29 37 7 51 69 28 0 47 81 56 56 59 34 
#6 61 6 19 27 38 69 47 41 51 81 56 46 53 39 
#6 54 20 19 43 51 69 28 53 51 81 56 12 53 53 
#66 43 29 37 4 51 57 28 25 47 81 31 12 59 53 
#56 43 29 6 4 34 69 28 0 47 81 20 46 50 53 
#56 43 29 6 7 35 69 47 0 47 66 39 12 20 45 
#56 43 6 6 7 51 69 47 41 51 81 39 56 20 39 
#6 54 29 37 7 51 69 47 0 47 81 8 15 53 42 
#56 48 29 37 7 51 69 1 0 47 81 8 15 29 42 
#1 61 9 37 7 51 69 51 10 47 81 56 15 50 34 
#6 5 29 37 7 13 69 47 41 47 81 39 46 19 55 
#17 7 9 37 7 34 69 47 0 15 81 56 56 59 53 
#1 48 29 37 7 36 57 47 63 51 81 39 56 59 45 
#66 61 29 37 7 34 69 47 41 47 66 56 56 53 34 
#56 43 29 37 33 20 12 28 63 15 81 8 56 53 39 
#56 5 9 37 7 36 69 51 14 15 81 8 19 50 39 
#56 61 9 12 6 5 69 47 41 47 81 11 56 34 55 
#56 7 29 37 27 34 69 47 0 51 81 56 46 59 39 
#56 48 35 37 7 36 57 47 53 47 81 39 56 59 46 
#30 61 6 37 43 34 69 47 41 3 66 8 56 59 46 
#66 43 29 5 43 20 69 28 10 51 81 39 56 59 53 
#56 5 29 37 7 51 69 47 41 47 81 8 19 59 39 
#6 43 9 37 6 39 69 47 41 47 81 39 56 34 43 
#56 48 13 37 43 35 69 47 41 47 81 31 12 59 46 
#66 43 35 37 7 51 69 47 53 47 81 56 12 53 46 
#6 48 6 19 43 36 69 47 63 47 81 31 56 59 46 
#56 61 29 37 16 20 69 20 41 51 66 39 19 59 39 
#17 43 29 12 7 51 69 28 25 47 81 56 46 59 34 
#6 43 29 37 43 39 57 47 41 51 81 56 56 59 55 
#56 61 6 37 43 35 69 24 41 47 81 56 46 59 34 
#6 54 20 37 7 38 69 47 41 47 81 56 56 53 39 
#1 48 20 19 43 36 57 28 63 15 81 31 19 59 53 
#56 61 29 37 43 51 69 1 25 47 66 56 15 59 46 
#30 61 29 37 4 51 69 28 25 15 81 56 4 59 34 
#56 61 29 37 7 39 69 28 0 51 81 20 56 59 53 
#56 61 6 6 43 51 69 24 10 51 81 39 12 20 45 
#6 54 20 37 43 51 69 47 41 51 81 56 56 53 39 
#56 48 29 37 4 51 69 47 0 15 81 8 15 59 53 
#6 61 35 37 43 51 69 1 25 47 81 56 15 29 46 
15 9 47 23 24 40 
48 27 22 50 55 16 
14 12 17 45 49 38 
33 18 34 39 57 53 
7 51 46 13 44 41 
59 8 3 2 5 21 
#Base: 922
#Max: 704
#763557
#Turn 9
#30 43 29 37 6 51 69 47 41 47 81 56 56 59 53 
#56 61 6 37 16 20 69 20 41 51 66 39 56 59 53 
#56 61 29 37 16 51 69 28 41 51 66 56 19 53 39 
#6 43 29 19 43 51 57 28 25 47 81 31 12 59 53 
#30 61 29 37 4 34 57 47 25 47 66 31 12 59 53 
#17 43 29 12 7 51 69 47 41 51 81 56 46 20 34 
#6 43 6 19 27 38 69 47 41 51 81 56 46 20 39 
#56 61 6 37 43 38 69 47 41 47 81 56 46 59 39 
#56 61 6 37 43 39 69 24 41 47 81 56 56 59 34 
#6 61 29 37 43 39 57 28 41 47 81 31 56 59 46 
#66 7 35 19 4 51 69 47 41 15 81 39 46 59 46 
#66 54 6 37 43 35 69 47 41 15 81 31 12 59 46 
#66 43 35 37 7 51 69 47 53 47 81 56 12 53 46 
#6 43 35 37 7 51 69 47 41 47 81 56 56 53 55 
#6 43 29 37 27 34 57 47 0 51 81 56 56 59 39 
#66 48 29 19 43 51 57 28 63 51 81 56 56 59 45 
#66 61 29 37 43 34 69 47 41 47 81 56 19 59 34 
#56 48 29 37 7 36 69 47 41 47 66 56 56 53 46 
#6 54 35 37 43 51 69 47 41 47 81 39 56 59 46 
#56 61 20 37 43 51 69 1 25 47 66 56 15 53 39 
#6 48 20 37 7 38 69 47 41 51 81 56 56 53 39 
#6 54 6 37 43 36 69 47 63 47 81 56 56 59 46 
#6 48 35 19 43 36 69 47 53 47 81 31 56 59 46 
#6 43 13 37 43 35 69 47 53 47 81 31 56 59 46 
#56 48 13 5 43 35 69 28 10 51 81 31 56 59 46 
#6 61 35 37 43 51 69 47 25 3 81 56 56 29 53 
#66 61 6 37 7 36 69 28 41 3 81 39 19 59 45 
#17 43 29 37 27 36 69 28 63 51 81 39 19 59 45 
#17 43 29 37 27 36 57 20 41 47 81 39 19 50 45 
#6 43 29 37 34 36 57 28 0 47 81 39 56 50 34 
#6 43 29 12 7 51 69 28 41 47 81 56 46 59 34 
#56 43 6 6 6 34 69 47 41 15 81 39 56 59 39 
#6 61 6 37 16 20 69 20 41 51 81 56 19 59 39 
#6 54 20 37 43 35 69 28 41 51 81 56 46 53 34 
#66 43 29 37 7 39 69 28 25 47 81 20 12 59 53 
#6 61 29 37 43 34 69 47 41 47 81 31 19 59 46 
#66 7 29 12 43 51 69 28 10 47 81 56 46 59 46 
#56 43 35 37 4 35 69 47 41 15 81 31 56 20 46 
#66 61 6 37 27 35 69 47 41 47 81 56 46 53 39 
#66 61 35 37 43 35 69 24 41 47 81 56 12 59 46 
#6 43 29 37 7 39 69 47 0 51 81 56 56 59 53 
#56 43 29 37 27 35 57 47 0 51 81 31 46 59 39 
#1 7 6 37 43 36 57 20 10 51 81 39 56 59 46 
#56 43 20 19 43 35 69 28 41 15 81 31 19 59 46 
#66 61 29 37 43 35 69 47 41 47 81 56 12 53 46 
#56 48 35 37 7 36 57 47 53 47 81 39 12 59 46 
#6 43 29 37 43 39 57 47 41 51 81 56 56 53 39 
#56 61 29 37 27 51 69 1 0 51 81 56 15 59 46 
#6 48 29 37 7 36 57 47 63 51 81 39 56 59 45 
#66 54 20 19 43 51 69 47 41 47 81 56 19 59 45 
#66 48 29 37 43 34 69 47 41 47 66 56 56 53 34 
#56 48 35 37 43 36 57 47 53 47 81 31 56 59 46 
#6 48 13 37 43 51 69 47 41 51 81 31 12 59 39 
#56 61 29 37 43 20 69 28 25 47 66 39 56 59 53 
#6 61 29 37 43 51 57 1 0 47 81 56 56 29 46 
#30 61 6 37 27 34 69 47 41 47 66 39 56 53 39 
#6 48 6 37 43 36 69 47 63 47 81 31 56 59 45 
#6 43 29 37 27 36 69 20 53 51 81 31 56 59 46 
#56 48 13 37 34 36 69 51 41 47 81 31 19 50 34 
#6 61 29 5 7 51 69 28 0 51 81 39 56 59 34 
11 57 55 2 45 20 
25 1 23 49 22 58 
35 56 39 7 44 9 
21 18 16 15 50 0 
27 13 12 51 38 53 
36 48 46 8 17 33 
#Base: 922
#Max: 752
#815618
#6 54 6 37 27 35 69 20 41 15 81 31 56 59 46 
#30 61 29 37 27 34 69 20 53 51 81 31 56 53 46 
#30 61 6 37 16 51 69 28 41 47 66 56 56 53 39 
#56 48 35 37 7 51 57 28 41 47 81 56 12 53 46 
#6 48 20 37 7 38 57 47 41 47 81 56 12 59 46 
#56 61 6 37 43 20 69 47 41 3 66 39 56 29 53 
#56 43 6 37 43 35 69 20 41 51 66 31 56 59 53 
#66 43 20 37 43 35 69 47 53 47 81 56 56 59 45 
#6 48 35 19 43 36 69 47 41 47 81 31 56 59 45 
#6 48 35 19 34 36 69 47 53 47 81 31 19 50 34 
#6 48 6 37 43 34 69 47 41 47 81 31 19 59 45 
#66 61 35 37 43 35 69 47 41 47 81 31 12 59 45 
#56 61 6 37 43 35 69 24 41 47 81 56 46 59 39 
#56 61 29 37 43 35 69 47 41 47 81 56 12 53 39 
#6 61 29 37 43 39 69 28 41 47 81 31 12 53 46 
#6 54 35 37 43 36 69 47 41 47 81 56 56 59 46 
#6 61 35 37 43 34 69 47 41 47 81 39 56 59 46 
#66 48 29 19 43 34 57 47 41 51 81 56 19 59 45 
#66 48 29 37 43 34 57 28 63 47 81 56 56 53 34 
#30 48 29 37 6 51 69 47 41 47 81 56 56 53 53 
#6 43 35 37 7 36 69 47 63 47 81 56 19 59 45 
#66 43 35 37 7 51 69 47 41 47 81 56 12 53 55 
#66 43 35 37 43 51 57 47 53 47 81 31 12 53 46 
#66 61 35 37 27 36 57 47 53 47 81 31 56 53 46 
#66 61 6 37 43 20 69 47 41 47 66 39 46 53 53 
#6 7 29 37 7 36 69 47 10 51 81 39 56 59 46 
#6 48 29 37 43 36 57 47 41 51 81 39 56 53 45 
#6 61 29 37 43 39 69 47 41 51 81 56 56 53 34 
#56 48 6 37 7 39 69 47 41 47 81 56 56 59 46 
#56 54 20 37 7 35 69 28 41 47 66 56 56 53 46 
#66 61 6 37 43 35 69 47 25 15 81 31 12 29 53 
#6 61 29 37 27 36 69 20 41 51 81 31 56 59 53 
#6 61 13 37 27 34 69 47 41 47 81 31 56 59 46 
#66 54 29 37 16 51 69 28 41 47 66 56 19 53 45 
#56 48 35 19 43 36 57 47 53 47 81 39 56 59 46 
#56 48 20 37 7 36 69 47 41 47 81 31 56 53 39 
#6 61 35 37 43 51 69 47 41 3 81 31 19 59 53 
#56 61 6 37 16 20 69 20 41 47 66 31 56 59 53 
#66 43 35 37 43 35 69 47 53 47 81 31 12 59 46 
#56 54 6 19 43 51 69 47 41 47 81 56 46 59 45 
#66 61 29 19 43 35 69 47 41 47 81 56 12 59 46 
#6 48 13 37 34 39 69 28 41 47 81 31 19 50 34 
#6 61 29 37 43 34 69 47 41 47 81 56 56 59 46 
#6 48 35 37 43 51 69 47 41 47 81 39 56 59 46 
#66 61 29 37 43 35 69 47 41 47 81 56 19 59 34 
#66 48 6 19 43 38 69 47 41 51 81 56 46 59 45 
#66 61 29 37 43 34 69 47 41 47 81 56 12 53 46 
#6 61 29 37 43 51 57 47 41 47 81 31 56 59 46 
#6 54 29 37 43 36 69 28 63 51 81 39 19 59 45 
#6 43 35 37 7 51 69 47 41 47 81 39 56 59 46 
#66 43 35 37 43 34 69 47 53 47 81 56 19 59 34 
#66 48 29 19 43 51 57 47 63 47 81 56 56 59 46 
#66 48 29 37 43 35 69 47 41 47 66 56 56 53 34 
#30 43 29 37 6 20 69 47 41 47 81 39 56 59 53 
#17 7 29 12 43 51 69 28 63 47 81 56 46 59 46 
#6 48 35 37 7 51 69 47 63 51 81 56 56 59 45 
#6 43 35 37 7 39 57 47 53 47 81 56 12 53 46 
#56 61 35 37 43 36 57 24 41 47 81 56 56 59 46 
#56 61 6 37 27 36 69 47 41 47 81 56 46 53 46 
#56 61 20 37 43 35 69 28 41 51 66 39 56 53 53 
#Base: 922
#Max: 768
#832972
