#[0] 3, 3
#[1] 4, 3
#[2] 3, 4
#[3] 3, 2
#[4] 2, 3
#[5] 2, 4
#[6] 1, 3
#[7] 2, 2
#[8] 3, 1
#[9] 4, 4
#[10] 5, 3
#[11] 3, 5
#[12] 4, 2
#[13] 3, 0
#[14] 5, 4
#[15] 4, 5
#[16] 5, 2
#[17] 4, 1
#[18] 0, 3
#[19] 1, 4
#[20] 2, 1
#[21] 1, 2
#[22] 2, 5
#[23] 0, 4
#[24] 5, 1
#[25] 0, 2
#[26] 5, 5
#[27] 1, 5
#[28] 2, 0
#[29] 1, 1
#[30] 4, 0
#[31] 0, 5
#[32] 1, 0
#[33] 0, 1
#[34] 5, 0
#[35] 0, 0
#Turn 0
25 33 21 54 11 2 
20 56 29 30 46 14 
52 39 41 55 12 1 
0 36 23 58 28 32 
19 35 38 40 31 5 
47 10 51 6 16 26 
#Base: 912
#Max: 356
#390351
#Turn 1
#19 11 4 33 6 14 31 32 33 52 26 19 26 2 27 
#36 17 25 33 36 8 13 32 11 52 0 1 1 2 27 
#12 37 25 46 8 7 8 16 30 19 0 1 1 1 32 
#6 37 15 27 14 47 8 16 42 38 35 25 52 1 38 
#6 26 15 3 1 47 29 50 42 15 32 28 12 25 38 
#21 16 17 6 20 46 35 16 43 25 27 20 15 17 15 
#21 41 7 7 9 55 5 16 0 2 23 10 4 8 48 
#21 27 12 51 9 16 5 33 14 14 14 5 4 8 10 
#0 8 31 25 15 11 10 2 6 14 3 5 53 40 1 
#49 8 33 7 15 35 30 35 30 0 10 5 14 18 1 
#47 8 44 12 20 18 43 7 15 6 1 48 20 24 20 
#1 37 9 51 3 18 26 7 7 16 3 27 20 5 20 
#7 37 9 13 56 8 26 4 7 30 36 27 4 61 3 
#22 9 35 17 56 3 17 4 15 30 31 5 9 11 3 
#22 9 35 25 51 3 14 13 15 60 31 50 9 11 1 
#7 30 4 10 9 18 46 0 17 5 27 4 10 22 15 
#3 11 38 32 1 40 57 12 29 11 27 16 56 22 69 
#3 0 4 2 1 40 18 82 1 11 23 7 16 12 10 
#15 11 71 25 21 13 18 82 1 11 16 6 22 12 5 
#9 53 9 37 1 9 14 8 17 11 16 13 15 2 5 
#38 20 25 35 17 24 2 25 19 4 13 14 11 38 6 
#24 38 25 6 17 12 2 9 44 4 31 20 20 9 11 
#6 6 9 6 19 12 2 9 26 10 54 8 53 20 11 
#6 33 32 28 19 5 30 71 47 22 11 16 15 16 3 
#7 33 11 31 24 1 30 34 5 22 11 16 15 13 53 
#4 21 23 19 41 29 8 24 3 46 4 16 29 48 43 
#3 18 24 13 37 18 7 4 38 46 4 35 4 20 43 
#9 18 7 13 15 55 1 41 13 21 35 6 4 23 6 
#18 56 28 2 6 55 24 49 13 21 27 32 30 1 7 
#18 12 28 2 6 21 24 49 17 27 27 19 38 1 3 
#21 49 17 39 20 46 31 34 5 25 26 20 15 17 44 
#23 11 16 7 19 8 35 16 43 52 14 26 26 33 27 
#21 17 25 51 9 16 13 39 0 19 0 1 4 8 48 
#0 37 12 34 8 24 8 16 30 38 7 25 52 40 10 
#6 5 31 25 14 35 16 27 6 0 35 5 53 18 1 
#16 17 39 0 1 14 29 35 30 15 10 28 14 8 36 
#47 27 2 12 20 23 1 34 5 6 1 48 15 17 29 
#19 16 16 7 19 55 35 7 1 16 14 10 20 33 20 
#21 41 7 25 9 8 5 10 7 2 23 30 4 8 48 
#7 13 19 13 56 11 64 2 14 30 13 19 11 40 10 
#49 9 31 17 15 3 10 13 15 60 31 5 53 11 3 
#49 17 33 7 0 16 14 35 40 17 10 5 4 8 0 
#52 30 5 10 20 18 43 11 17 6 1 4 0 16 25 
#48 11 4 32 6 18 57 10 17 15 27 5 56 34 15 
#3 37 9 25 3 8 26 12 29 11 36 7 20 7 26 
#15 13 19 13 21 10 18 4 1 30 13 19 16 61 10 
#22 11 71 17 1 9 14 16 17 11 16 5 22 11 3 
#9 53 9 37 15 16 14 10 40 9 39 50 4 4 1 
#52 20 4 10 7 22 46 0 17 5 13 4 10 16 25 
#2 4 4 35 9 24 2 46 17 15 27 16 56 38 15 
#24 0 9 2 34 40 5 12 14 17 54 7 20 7 11 
#6 6 19 2 19 13 18 82 1 26 12 6 12 12 10 
#9 11 71 25 1 9 30 16 17 11 16 12 22 16 11 
#21 5 11 37 15 28 4 34 17 7 27 23 40 13 49 
#24 21 23 19 41 22 8 24 3 22 13 16 11 48 13 
#2 6 24 21 8 29 2 46 44 46 4 35 20 20 6 
#3 18 7 6 37 18 2 9 14 40 35 2 4 11 6 
#6 6 28 2 19 55 20 24 26 10 2 50 12 23 7 
#7 40 28 28 49 1 24 49 37 10 27 32 33 1 3 
#58 12 11 2 9 21 4 34 5 27 27 19 38 13 53 
5 36 46 10 55 32 
22 53 52 14 33 6 
0 49 17 3 43 31 
58 12 23 16 28 51 
1 47 30 18 40 4 
24 57 25 39 59 26 
#Base: 912
#Max: 424
#464912
#Turn 2
#21 16 17 12 20 23 35 34 5 25 1 20 15 17 15 
#47 27 2 17 1 9 14 34 17 6 1 5 15 11 29 
#47 11 44 17 20 18 43 7 15 11 1 48 20 11 20 
#2 6 24 12 8 29 2 7 44 46 4 48 20 20 20 
#2 6 25 21 9 29 2 39 0 46 0 1 4 20 6 
#6 5 9 37 15 28 4 34 26 10 54 23 40 13 11 
#21 11 11 37 1 9 4 34 17 11 16 23 40 16 49 
#22 11 35 25 1 9 14 16 15 11 31 12 22 16 11 
#22 9 35 34 8 24 14 16 15 60 7 25 9 40 10 
#21 41 7 34 8 24 8 16 0 38 7 10 4 40 10 
#2 11 4 35 6 24 31 46 17 15 26 16 26 38 15 
#2 0 4 2 9 40 2 46 1 15 27 7 16 12 15 
#6 0 4 27 1 40 18 16 42 11 35 25 16 12 10 
#48 11 4 27 14 47 57 16 42 38 35 25 52 34 38 
#23 11 4 32 19 18 35 16 43 15 14 5 56 34 15 
#7 40 28 28 56 8 24 4 37 10 27 32 4 1 3 
#7 37 9 13 19 5 30 4 7 30 36 16 15 16 3 
#6 33 38 32 1 5 57 12 47 11 11 16 56 16 3 
#3 11 28 2 6 40 57 49 29 21 27 32 56 1 69 
#18 6 19 2 6 55 18 49 13 21 12 6 12 1 10 
#9 17 25 37 36 16 14 10 11 9 0 50 4 4 27 
#21 53 17 39 20 16 31 34 5 25 26 50 15 17 44 
#15 11 71 39 20 13 18 34 1 11 26 20 22 17 44 
#49 11 71 25 15 13 18 13 15 11 16 6 22 12 5 
#6 9 15 17 1 47 10 50 15 15 32 28 53 11 3 
#7 33 11 31 24 1 20 34 26 10 2 50 15 13 53 
#4 21 28 19 41 29 20 24 26 46 2 50 12 23 43 
#7 21 23 13 56 29 64 2 14 46 13 16 29 48 10 
#7 12 11 13 9 21 64 2 14 27 13 19 38 13 10 
#58 12 11 2 37 21 7 4 5 46 4 35 38 20 43 
#6 6 9 6 20 12 2 16 43 25 27 20 15 20 11 
#47 5 2 12 15 23 1 34 5 6 27 23 40 13 49 
#22 11 71 17 1 9 14 16 17 11 16 5 22 16 11 
#22 8 35 25 20 18 43 7 15 6 1 50 20 11 20 
#0 6 12 21 8 29 8 16 44 46 4 35 52 40 6 
#21 17 25 7 9 55 13 39 0 19 0 10 4 8 48 
#6 6 4 6 6 14 2 32 26 10 54 8 53 2 11 
#21 5 4 37 9 24 2 34 17 15 27 23 40 38 15 
#9 0 71 25 1 40 30 82 1 11 16 7 16 16 10 
#6 37 15 25 51 3 14 13 42 38 31 50 52 11 1 
#0 37 12 32 6 24 8 16 17 38 7 25 56 40 15 
#21 41 7 7 19 55 35 16 43 2 23 10 4 33 48 
#7 40 28 33 6 1 24 32 33 10 26 19 33 1 27 
#7 37 9 13 9 24 26 46 17 30 27 27 4 38 15 
#6 33 32 28 1 5 18 71 1 11 11 16 16 16 3 
#6 37 15 32 14 40 57 12 42 38 27 16 56 22 69 
#18 11 28 32 6 18 57 49 13 21 27 32 56 1 15 
#23 11 19 7 19 8 18 16 43 26 14 26 26 12 27 
#7 17 25 33 49 1 13 32 37 10 0 1 33 2 27 
#9 53 9 13 56 8 14 10 7 9 36 50 4 4 1 
#21 33 32 39 20 5 31 34 5 22 26 20 15 16 3 
#3 11 38 32 21 40 57 12 29 11 16 16 22 22 69 
#49 56 31 2 15 3 10 49 15 60 27 32 30 1 3 
#6 26 15 2 19 47 29 82 42 15 12 6 12 25 38 
#7 17 11 33 24 8 13 32 11 52 11 1 1 2 27 
#9 6 28 37 19 55 14 10 40 10 2 50 4 23 7 
#21 49 23 39 20 46 31 34 3 25 26 16 29 17 43 
#15 11 71 25 21 11 18 2 1 30 13 6 22 12 5 
#49 9 31 17 15 3 10 34 5 27 27 19 38 11 53 
#6 18 15 13 1 18 7 4 42 15 4 28 12 25 43 
32 35 2 49 25 5 
57 15 55 27 23 44 
8 58 51 53 52 24 
56 39 38 45 13 21 
31 34 22 18 46 29 
3 40 26 17 41 14 
#Base: 912
#Max: 488
#535088
#Turn 3
#22 17 25 17 1 9 13 39 17 11 16 5 22 16 48 
#47 17 25 7 20 18 13 7 15 11 1 48 4 11 20 
#47 53 44 17 20 18 14 7 15 11 36 48 4 4 20 
#7 33 9 13 24 8 14 10 26 10 2 50 4 4 53 
#6 33 9 31 15 28 20 34 26 10 54 50 40 13 11 
#15 11 28 25 56 11 24 2 1 10 13 32 4 1 3 
#7 40 28 28 19 8 14 4 37 10 27 50 4 1 7 
#9 21 28 37 56 29 64 10 14 10 13 50 4 48 10 
#49 21 23 13 15 13 18 13 15 46 13 16 22 12 5 
#49 33 32 28 1 13 18 71 15 11 11 6 22 16 3 
#22 9 35 17 15 3 10 34 15 27 27 19 9 11 10 
#49 11 31 32 21 40 57 34 29 11 16 19 22 11 69 
#6 26 15 2 19 47 57 82 42 11 12 6 22 22 69 
#6 56 31 2 19 47 29 82 15 60 27 32 30 25 3 
#6 56 31 2 15 47 10 49 15 60 32 32 30 11 3 
#6 49 15 25 51 46 14 13 42 25 31 16 29 11 1 
#6 37 15 25 1 40 30 82 1 11 16 7 52 11 1 
#6 0 15 25 1 40 30 12 42 11 27 16 16 16 69 
#48 37 15 27 14 40 57 12 42 38 27 16 52 22 38 
#48 11 4 39 20 47 31 34 42 38 35 25 15 34 38 
#0 5 12 21 15 29 1 34 44 46 4 23 40 13 6 
#15 6 71 21 20 13 18 16 44 11 26 20 52 40 44 
#3 11 28 39 20 40 57 34 1 11 27 20 56 17 69 
#18 11 28 32 6 40 57 49 29 21 27 32 56 1 69 
#58 11 28 2 6 18 57 4 13 46 27 32 38 1 43 
#0 37 12 32 8 29 2 7 44 38 7 48 56 40 15 
#0 21 12 19 41 29 20 24 26 46 2 25 56 40 43 
#4 21 38 32 1 5 20 12 26 11 11 16 12 16 3 
#21 41 7 7 1 5 57 16 43 11 23 16 4 33 48 
#23 41 7 32 19 55 35 16 43 15 14 10 4 34 15 
#22 11 71 17 21 9 18 16 17 11 16 5 22 12 11 
#7 40 25 7 56 8 24 39 37 10 27 10 4 1 3 
#9 6 44 17 20 55 43 7 40 11 1 50 4 11 20 
#9 21 23 13 56 29 64 10 14 9 13 50 29 48 10 
#7 11 11 31 24 13 20 34 26 10 2 6 22 13 53 
#6 5 32 28 1 28 18 34 26 10 54 16 16 13 3 
#15 11 71 34 8 11 14 16 15 30 7 6 22 12 5 
#49 9 28 17 56 3 10 34 37 27 27 32 4 11 53 
#3 11 38 32 19 55 57 12 29 11 2 16 22 22 7 
#6 21 23 13 19 29 64 82 14 46 13 6 12 48 10 
#49 11 71 25 15 13 18 49 15 11 16 6 30 1 5 
#6 9 32 28 1 5 10 71 15 11 32 28 53 16 3 
#21 9 35 34 20 46 31 16 15 60 26 16 9 40 43 
#49 9 31 25 15 3 10 34 5 27 27 19 38 11 1 
#9 0 38 32 1 40 30 82 1 11 16 16 22 16 69 
#6 37 15 32 19 40 29 12 42 15 12 16 56 22 69 
#49 11 4 27 14 47 10 49 42 60 35 25 52 34 3 
#6 53 17 39 20 16 10 50 15 15 26 50 53 11 44 
#47 49 2 39 20 23 31 34 5 6 26 16 40 13 49 
#0 6 15 21 8 29 14 16 42 46 31 50 52 11 1 
#15 0 71 25 1 40 30 34 1 11 26 7 22 16 44 
#6 37 28 32 14 40 57 12 42 21 27 32 56 22 69 
#48 11 28 27 6 47 57 16 42 38 35 32 56 34 15 
#58 53 17 39 37 16 31 4 5 46 26 50 38 20 44 
#47 6 2 12 15 29 1 7 5 46 27 48 40 20 49 
#0 37 12 21 6 24 8 16 17 38 4 25 52 40 15 
#4 11 71 39 20 13 18 24 1 11 2 50 22 23 43 
#6 33 38 32 1 5 57 12 29 11 27 32 56 16 69 
#18 11 28 7 6 55 57 49 43 21 23 32 4 33 15 
#23 12 4 2 37 18 7 4 43 46 14 35 38 34 43 
2 15 26 19 37 54 
41 50 24 46 33 48 
56 16 39 53 52 58 
45 44 23 12 51 57 
40 14 11 13 22 21 
4 42 47 18 7 25 
#Base: 912
#Max: 495
#542763
#Turn 4
#6 53 15 17 20 46 14 13 15 25 31 48 4 11 20 
#0 21 12 19 51 29 20 13 42 25 31 16 29 40 43 
#48 21 4 39 41 29 31 34 42 38 35 25 15 34 43 
#49 9 28 17 20 3 10 34 42 27 35 25 15 11 38 
#49 9 2 17 15 29 1 7 5 27 27 32 40 20 49 
#6 0 32 28 1 40 10 71 15 11 26 7 53 16 3 
#58 0 71 25 6 40 57 4 13 46 26 32 38 1 43 
#58 11 28 2 6 18 10 4 13 46 27 32 52 1 3 
#9 21 23 27 14 29 64 10 14 9 13 50 29 48 10 
#9 49 2 13 20 23 31 34 5 9 13 50 29 13 10 
#4 37 71 25 20 13 30 24 1 11 2 7 52 11 43 
#6 37 23 25 1 29 64 82 1 46 16 6 52 11 10 
#6 21 23 39 19 16 31 4 5 46 26 6 12 20 44 
#58 11 28 39 6 47 57 16 5 38 35 50 56 20 15 
#48 11 28 7 6 55 57 16 43 38 23 32 4 34 15 
#9 0 15 32 19 40 29 82 1 11 16 16 22 22 69 
#18 11 38 32 6 40 30 49 29 11 27 16 56 1 69 
#6 26 28 32 6 47 57 82 42 11 27 32 22 1 69 
#6 26 15 2 14 40 57 82 42 11 27 6 56 22 69 
#6 33 28 32 1 40 57 12 29 11 27 32 56 22 69 
#6 56 71 25 15 47 18 49 15 11 32 6 30 1 3 
#6 11 31 2 21 47 57 34 15 60 32 19 22 11 3 
#6 56 31 2 19 40 29 34 15 11 27 19 30 11 3 
#6 56 31 39 19 47 29 82 15 60 27 32 56 17 69 
#15 11 28 21 20 40 57 34 1 11 27 20 56 17 44 
#6 33 9 31 15 46 20 16 15 10 54 16 40 13 43 
#21 53 17 39 20 16 10 50 15 15 26 16 53 11 43 
#6 53 17 39 20 16 57 12 42 15 27 50 53 11 44 
#9 21 28 37 56 40 64 12 14 10 13 16 52 48 38 
#9 37 28 32 56 29 2 10 14 38 13 48 56 48 10 
#47 53 44 28 1 5 10 71 15 11 36 28 4 4 20 
#15 49 71 25 1 46 14 13 1 11 31 16 22 11 1 
#0 21 12 19 6 18 20 4 13 46 27 32 56 1 43 
#49 11 4 39 20 47 31 34 42 60 35 25 52 34 38 
#49 9 28 13 56 3 10 10 14 27 27 32 4 48 53 
#47 6 2 12 15 23 31 7 5 46 27 16 40 20 49 
#4 9 32 28 20 13 10 71 1 11 32 50 53 23 3 
#6 0 71 25 1 40 30 82 1 11 16 7 52 11 44 
#6 11 23 13 6 29 57 4 13 46 27 6 38 1 10 
#58 11 17 39 37 47 31 4 5 60 35 25 38 34 44 
#9 21 23 13 56 47 57 16 42 9 35 50 56 34 15 
#18 49 2 7 20 23 31 49 43 6 26 16 40 33 15 
#6 37 71 32 19 40 18 12 42 15 2 50 22 22 43 
#6 37 38 32 1 40 30 82 1 11 16 16 52 16 69 
#6 21 23 13 6 29 57 82 14 46 27 6 56 48 10 
#6 53 17 2 19 47 31 82 5 11 12 6 38 22 69 
#6 11 28 27 14 40 57 12 42 38 27 32 56 34 15 
#18 11 38 7 1 55 57 12 29 21 27 32 4 16 15 
#6 37 71 32 19 40 18 12 42 11 16 16 56 22 5 
#6 56 31 2 1 40 30 82 1 60 16 16 30 11 3 
#18 11 31 32 21 40 57 49 29 11 27 32 56 1 69 
#6 56 15 2 19 47 57 82 42 60 27 32 22 22 3 
#6 11 28 39 20 40 57 34 42 21 27 32 56 17 69 
#6 6 38 21 20 13 57 12 29 11 26 20 56 40 44 
#49 11 71 25 15 13 20 34 26 11 54 6 30 13 5 
#6 56 31 2 20 47 31 49 15 60 26 16 9 40 43 
#49 11 17 39 20 16 10 50 15 15 16 19 22 11 69 
#48 56 31 27 14 47 57 12 42 38 27 32 52 25 38 
#9 21 28 39 56 29 64 10 1 11 13 50 4 17 69 
#0 37 71 21 8 13 2 7 44 11 7 48 52 40 15 
53 30 2 58 16 14 
48 20 49 33 28 29 
46 27 6 57 43 55 
40 52 17 23 18 13 
59 19 45 51 50 39 
54 15 11 44 37 42 
#Base: 912
#Max: 585
#641447
#Turn 5
#47 53 38 28 1 13 57 12 15 11 36 28 4 4 20 
#48 21 4 28 41 29 31 71 42 11 35 28 4 34 43 
#9 21 4 39 56 29 31 10 1 11 13 25 15 34 43 
#9 21 28 39 56 40 64 10 29 11 27 16 56 1 69 
#48 11 28 7 6 40 30 16 43 11 27 16 4 34 69 
#6 37 71 25 15 40 18 12 15 11 32 6 30 22 5 
#6 56 31 25 1 47 30 49 1 60 32 6 30 1 3 
#49 11 4 39 1 47 31 34 1 60 35 25 30 11 3 
#9 21 28 39 20 40 31 34 14 10 13 25 52 48 38 
#9 21 28 32 56 40 2 12 14 38 13 16 56 48 10 
#6 53 17 27 14 16 57 12 42 38 27 32 56 34 15 
#6 0 17 39 20 40 57 4 13 15 27 32 38 1 43 
#58 0 31 27 6 47 57 12 13 38 26 32 52 1 43 
#48 56 38 27 1 47 30 12 1 11 27 32 52 16 38 
#6 37 31 32 20 47 31 82 1 11 16 16 9 40 69 
#6 21 23 13 20 47 57 34 42 9 27 32 56 34 15 
#6 11 28 39 6 40 57 34 42 11 27 32 56 17 69 
#6 56 31 32 19 47 29 82 42 11 27 32 22 17 69 
#6 26 31 39 14 40 57 82 42 11 27 32 56 17 69 
#58 11 15 2 14 40 57 16 42 38 27 6 56 20 69 
#6 33 28 21 8 13 57 12 29 11 7 32 52 22 15 
#6 53 17 32 1 47 31 12 5 11 27 32 38 22 69 
#6 56 17 2 19 47 57 82 42 60 27 6 22 22 3 
#18 11 31 32 21 47 57 49 29 60 27 32 56 1 69 
#58 11 17 32 21 40 57 49 5 11 35 25 56 1 69 
#9 0 71 25 19 40 29 34 1 11 54 6 22 13 5 
#6 37 23 25 1 40 64 82 1 46 16 6 52 11 69 
#6 21 23 13 1 29 57 82 1 46 27 6 56 11 10 
#6 21 23 13 6 29 57 82 14 11 16 7 56 11 10 
#6 0 71 25 1 40 30 82 42 15 2 50 52 11 44 
#6 6 71 21 19 13 18 12 42 11 26 20 56 22 44 
#47 53 44 25 1 5 10 71 15 11 36 6 4 1 20 
#48 21 31 2 1 29 31 82 1 38 35 16 30 34 43 
#49 11 4 39 20 47 31 34 1 11 13 25 4 34 38 
#9 11 28 37 56 40 64 12 29 11 13 16 56 1 69 
#48 37 28 32 6 55 57 16 14 38 23 32 56 34 10 
#6 11 71 32 14 40 18 12 42 11 27 32 56 22 5 
#6 56 71 39 20 47 57 12 42 15 27 6 53 1 44 
#6 0 71 25 6 40 57 82 1 60 16 16 38 11 43 
#49 11 31 39 20 47 31 12 42 38 35 25 52 34 38 
#6 37 28 32 56 40 64 82 1 10 13 16 52 48 38 
#9 56 28 32 20 47 2 49 14 60 13 48 9 48 10 
#9 21 23 13 56 40 57 12 42 38 35 32 56 34 15 
#6 53 17 39 20 40 57 12 42 15 27 32 56 17 44 
#6 0 71 25 6 47 57 4 42 46 26 32 38 1 69 
#48 56 31 39 19 47 29 12 42 60 27 32 52 25 69 
#6 26 15 2 14 40 30 82 42 11 27 6 52 22 69 
#58 56 28 39 6 47 57 49 15 60 26 50 9 20 43 
#9 37 71 21 56 47 57 7 42 11 35 50 52 40 15 
#6 33 28 32 1 40 57 34 29 11 27 32 56 17 69 
#6 26 28 32 19 47 31 82 5 11 12 32 22 1 69 
#6 56 31 2 19 47 57 82 15 60 27 32 56 22 69 
#18 26 15 2 14 40 57 49 42 11 27 32 56 22 69 
#58 11 17 39 6 47 31 16 5 38 35 25 56 20 44 
#49 37 71 21 8 13 2 7 26 11 54 6 30 13 15 
#9 0 15 32 1 40 57 12 1 11 16 32 56 22 69 
#6 53 23 2 1 29 31 82 5 11 12 6 38 11 69 
#6 21 15 2 6 29 57 82 42 60 27 32 56 22 10 
#18 11 31 25 21 40 30 82 29 11 27 32 52 11 44 
#58 11 17 32 19 47 18 12 5 60 2 25 22 22 43 
56 12 39 52 35 41 
50 58 34 23 16 43 
1 46 17 48 40 14 
22 26 47 51 18 37 
32 19 44 45 38 57 
53 49 3 29 24 42 
#Base: 912
#Max: 588
#644737
#Turn 6
#6 53 23 2 1 29 31 12 5 11 26 32 38 11 43 
#58 0 31 27 20 47 31 12 13 38 26 32 52 34 43 
#49 26 15 39 14 40 57 49 42 38 35 25 52 22 38 
#18 37 15 32 6 40 57 49 42 38 27 32 56 34 69 
#48 37 28 32 6 47 2 49 14 60 23 48 56 34 10 
#18 26 31 25 21 40 31 82 29 11 27 32 22 11 44 
#9 11 28 37 21 40 64 82 29 11 13 16 52 1 69 
#9 11 31 32 21 47 64 49 29 60 27 16 56 1 69 
#6 11 31 39 21 40 57 49 42 11 27 32 56 1 69 
#6 53 28 39 6 40 57 12 42 15 27 32 56 17 44 
#48 26 15 2 14 29 30 82 42 11 35 6 4 22 69 
#6 56 15 32 19 47 30 82 42 11 27 6 52 22 69 
#6 37 71 21 56 47 57 7 42 11 35 50 52 17 15 
#9 37 71 21 56 47 57 7 42 11 13 16 52 40 38 
#6 37 28 32 56 40 64 82 1 10 16 16 52 40 69 
#6 56 23 2 1 47 64 82 42 46 27 6 52 11 69 
#58 56 28 39 1 47 57 49 15 60 26 50 52 20 43 
#6 56 31 39 6 47 57 82 15 60 27 50 56 22 69 
#6 56 31 39 14 47 57 82 42 60 27 32 56 22 69 
#6 26 71 39 14 40 57 12 42 11 27 6 53 17 44 
#58 21 15 2 1 29 31 16 1 38 35 16 30 34 69 
#6 0 15 25 6 40 57 4 42 38 26 32 38 20 69 
#48 0 71 25 19 47 57 12 42 60 27 32 52 25 69 
#48 56 71 39 6 47 29 82 1 60 27 16 38 11 69 
#6 0 15 25 6 29 57 82 1 60 27 32 56 22 43 
#58 11 28 32 6 47 57 34 29 11 27 25 56 17 69 
#6 21 28 32 1 40 57 10 29 11 27 16 56 1 69 
#6 21 71 39 1 40 64 10 29 15 2 16 52 11 44 
#6 0 71 25 21 40 30 82 5 11 2 50 52 11 44 
#9 11 23 32 21 40 57 12 5 11 35 32 56 1 69 
#6 26 28 32 1 29 31 82 5 11 12 6 22 11 69 
#58 0 31 25 6 47 57 12 29 11 26 32 52 11 43 
#9 11 31 39 20 40 64 12 29 11 35 16 52 34 69 
#18 26 15 32 21 47 57 49 42 11 27 32 56 1 69 
#48 11 28 32 6 40 57 16 14 11 27 32 56 17 69 
#6 56 28 39 20 47 2 12 14 15 13 48 56 48 44 
#6 21 4 32 41 29 31 82 5 11 35 28 22 34 69 
#6 26 15 2 14 40 30 82 42 11 27 6 52 22 69 
#6 56 31 32 56 47 64 82 29 11 27 32 56 1 69 
#18 37 31 21 56 47 57 49 29 60 27 32 56 40 15 
#6 37 28 39 56 40 57 82 1 10 13 32 56 48 38 
#6 37 31 39 20 40 31 82 42 11 27 16 56 17 69 
#48 56 17 2 19 29 31 71 42 60 27 28 4 34 43 
#6 26 15 2 14 40 30 82 42 46 16 6 52 22 69 
#6 56 28 32 19 47 57 82 42 11 26 32 22 17 43 
#6 56 71 21 19 47 57 82 42 60 35 50 52 40 69 
#6 26 28 32 56 40 57 82 1 11 13 32 56 48 38 
#6 37 71 39 20 47 57 82 1 11 16 16 9 40 44 
#6 56 31 2 1 47 57 82 1 60 27 6 22 22 43 
#6 37 15 25 14 40 64 82 1 46 27 6 52 11 69 
#58 0 28 39 6 47 57 4 42 60 26 50 38 1 43 
#6 56 31 2 19 47 57 82 15 60 27 32 56 22 69 
#6 0 31 25 14 40 57 82 1 11 27 32 38 17 69 
#6 56 15 2 6 47 57 12 42 15 27 32 56 22 44 
#58 11 17 39 6 47 31 82 1 38 35 25 56 34 44 
#6 11 28 32 14 40 57 34 42 38 27 6 56 17 69 
#6 0 71 25 6 40 64 10 29 11 26 16 38 1 69 
#48 0 31 25 1 47 29 82 42 60 2 50 52 25 44 
#6 0 17 25 6 40 57 49 1 60 35 25 56 11 69 
#6 21 23 13 56 29 57 82 42 60 35 32 56 22 15 
24 4 47 11 44 48 
8 6 49 16 12 42 
25 41 22 38 51 13 
59 14 23 45 17 57 
33 7 40 18 15 46 
43 2 54 39 3 50 
#Base: 912
#Max: 707
#775219
#Turn 7
#6 37 28 32 6 29 2 49 1 60 27 48 56 22 10 
#48 37 71 39 6 47 2 82 14 60 23 16 9 34 44 
#6 37 15 32 19 47 30 82 1 11 27 6 52 40 69 
#6 56 15 32 19 47 57 82 42 11 26 6 52 22 43 
#6 56 31 2 19 47 57 82 42 11 26 6 22 17 43 
#9 11 31 37 21 40 57 49 42 11 27 16 56 1 69 
#6 37 15 37 14 40 64 82 29 46 13 6 52 1 69 
#58 56 28 39 1 40 64 82 1 46 27 50 52 20 69 
#6 37 71 21 1 47 57 7 42 60 35 50 52 17 15 
#48 37 17 2 19 47 57 7 42 11 35 50 52 34 43 
#58 11 31 39 6 40 31 82 42 11 27 25 56 17 69 
#48 0 71 25 20 40 31 12 42 11 27 16 56 17 69 
#48 0 71 25 56 47 57 82 42 60 27 32 52 1 69 
#6 56 31 2 19 47 64 82 29 60 27 32 56 1 69 
#6 37 71 2 19 47 57 7 42 60 13 16 56 22 38 
#6 21 23 32 56 29 64 82 1 10 35 32 52 22 15 
#48 56 28 39 6 47 29 82 1 60 16 16 38 40 69 
#6 56 71 39 6 47 29 82 1 60 35 50 52 11 69 
#6 56 71 21 19 47 57 82 42 60 27 50 52 22 69 
#48 0 31 25 1 47 57 82 42 60 2 50 56 22 44 
#9 11 15 32 21 47 57 49 29 60 27 16 56 1 69 
#6 11 28 39 21 40 57 49 29 60 13 32 56 1 38 
#6 56 31 39 14 40 57 82 42 60 13 32 56 48 69 
#6 56 23 2 1 47 64 82 42 60 27 6 56 11 69 
#6 56 23 2 56 47 57 82 42 11 13 32 56 11 38 
#49 26 15 39 14 40 57 49 42 46 35 6 52 22 69 
#49 26 17 39 6 40 31 49 42 38 35 25 56 34 44 
#58 11 31 21 56 47 31 82 1 60 27 32 56 34 15 
#18 37 31 21 6 47 57 49 29 60 27 32 56 40 15 
#18 37 28 32 6 40 57 4 42 60 26 32 38 34 43 
#6 0 31 25 21 40 57 49 42 11 27 32 56 1 69 
#48 37 28 37 21 47 64 82 29 11 13 48 56 1 69 
#6 37 71 39 14 47 57 82 1 11 16 6 9 40 69 
#6 56 15 39 19 47 30 49 15 60 27 6 52 20 43 
#6 37 71 21 56 47 57 82 42 11 35 32 22 17 43 
#48 56 31 2 19 47 31 71 1 60 27 6 4 22 43 
#6 11 28 39 6 40 57 34 29 11 27 25 56 17 69 
#9 11 28 39 21 40 64 82 29 11 27 16 52 1 69 
#6 0 71 25 19 47 64 82 42 46 27 32 52 25 69 
#58 56 31 39 1 47 64 82 15 11 26 50 52 20 43 
#6 37 71 2 19 47 57 82 42 60 35 50 56 17 15 
#48 37 17 21 56 29 57 7 42 60 27 16 4 34 38 
#58 11 23 13 56 47 57 34 42 11 35 32 56 17 69 
#6 37 28 32 20 40 31 82 1 10 16 16 52 40 69 
#48 0 71 25 6 47 29 12 1 60 27 16 52 11 69 
#6 56 71 32 19 47 64 82 29 11 27 32 56 1 69 
#6 56 31 39 19 47 57 82 15 60 27 50 56 22 69 
#48 37 71 21 56 47 57 82 42 60 13 16 52 40 44 
#6 21 15 32 56 47 57 49 42 11 27 32 56 22 15 
#6 11 31 32 56 40 64 49 29 10 16 16 52 40 69 
#6 37 28 39 56 40 29 82 1 60 13 16 38 11 69 
#6 56 71 21 19 47 57 82 42 60 35 32 56 22 69 
#6 56 31 39 6 47 64 82 15 46 27 50 52 22 69 
#6 26 31 25 1 40 29 82 1 60 13 50 52 48 38 
#18 26 15 2 14 47 30 49 42 46 16 32 56 1 69 
#9 26 31 39 21 47 64 49 42 38 27 25 52 22 69 
#58 11 28 39 56 40 57 82 1 10 35 32 56 48 44 
#6 56 31 21 14 47 57 82 42 60 27 32 56 22 15 
#18 37 15 2 1 47 64 49 42 46 27 6 56 34 69 
#58 26 28 39 56 40 57 4 1 60 26 32 56 48 43 
58 49 55 19 42 6 
32 50 57 46 59 24 
1 23 17 22 7 27 
39 52 51 18 12 40 
8 34 56 47 38 13 
3 25 16 45 31 10 
#Base: 912
#Max: 686
#752193
#Turn 8
#6 37 15 2 1 40 64 49 42 46 27 16 52 40 69 
#9 11 31 32 56 40 64 49 42 10 27 25 52 40 69 
#9 26 31 25 21 47 64 82 42 38 2 25 56 22 44 
#48 0 23 25 1 47 57 34 42 60 35 50 56 22 44 
#6 11 23 37 14 40 57 34 42 46 35 32 52 17 69 
#6 37 28 39 56 40 29 82 1 11 16 16 9 11 69 
#6 56 28 39 56 47 57 82 1 60 13 32 38 11 15 
#6 56 31 21 14 47 57 82 42 60 27 50 56 22 69 
#58 26 28 39 56 40 57 4 1 60 26 32 56 48 43 
#58 56 23 2 56 47 57 82 42 60 26 32 56 48 43 
#48 37 23 2 1 47 64 82 42 60 23 6 9 34 69 
#6 56 71 39 1 47 29 82 1 60 27 50 52 11 69 
#6 56 31 39 6 40 29 82 1 60 35 50 52 11 69 
#58 56 28 39 1 40 64 82 1 60 27 50 52 48 69 
#58 56 31 21 1 47 31 82 1 60 27 50 52 34 15 
#58 56 31 39 6 47 64 82 15 11 27 50 52 22 69 
#6 56 31 21 19 47 64 82 15 60 35 32 56 22 69 
#6 56 71 21 19 47 57 82 42 60 27 50 56 22 69 
#48 56 71 25 56 47 57 82 42 60 27 32 52 1 69 
#48 37 71 25 19 47 57 82 42 60 27 50 56 17 15 
#6 37 71 21 56 47 57 7 42 60 35 50 22 17 15 
#58 11 28 21 56 47 57 82 1 10 35 32 22 48 43 
#58 11 71 21 56 47 57 82 1 60 35 16 56 40 44 
#48 37 71 25 56 47 57 82 42 46 13 32 52 40 44 
#6 56 31 25 19 47 64 82 42 46 27 32 52 1 69 
#49 26 15 39 14 40 57 49 42 11 26 6 52 22 43 
#49 26 28 39 6 47 29 82 1 60 16 16 38 22 69 
#48 56 28 39 19 47 64 82 29 11 16 32 56 1 69 
#6 37 71 32 19 47 64 82 29 11 13 32 56 1 69 
#58 11 28 39 6 40 64 82 42 11 13 48 56 17 69 
#18 37 71 2 14 47 57 82 1 11 16 6 56 40 69 
#6 11 28 32 56 40 29 49 1 60 13 16 52 11 69 
#9 56 31 21 14 47 57 82 42 38 27 25 56 22 69 
#6 56 31 25 1 47 57 82 42 60 2 50 56 22 44 
#58 26 28 13 56 47 57 34 1 11 26 32 56 48 43 
#6 56 15 37 56 47 64 82 29 46 13 32 56 1 38 
#6 37 71 39 14 47 2 82 14 11 23 6 9 34 44 
#6 37 28 39 56 40 29 82 42 60 27 16 56 11 69 
#6 56 71 39 14 47 57 82 1 60 27 50 56 11 15 
#6 56 31 39 14 47 57 82 42 60 27 50 56 22 69 
#58 26 28 39 1 40 64 4 1 60 26 50 56 20 69 
#58 56 31 2 56 47 57 82 1 11 13 32 56 11 38 
#48 37 71 39 6 47 64 82 15 60 26 50 52 34 44 
#6 56 31 2 1 47 64 82 15 46 27 50 56 22 69 
#6 56 71 39 6 47 57 82 42 60 35 50 52 22 69 
#6 56 71 39 19 40 57 82 42 60 27 32 56 22 69 
#48 56 28 25 1 47 57 82 1 46 27 50 52 20 69 
#58 37 71 21 56 47 31 82 1 60 27 32 56 34 15 
#6 37 31 21 1 47 64 82 42 60 26 50 52 20 15 
#6 37 71 21 6 47 64 82 15 11 27 32 52 22 43 
#6 11 71 39 56 40 57 82 42 60 35 32 56 48 44 
#48 56 71 21 19 47 57 82 42 60 27 50 52 40 44 
#6 0 71 25 56 47 64 82 42 60 27 32 52 1 69 
#6 37 31 2 19 47 64 82 29 60 27 50 56 17 15 
#6 56 71 21 1 47 57 7 42 60 26 6 52 22 43 
#6 37 71 39 14 47 57 82 42 46 35 32 22 22 43 
#58 56 28 39 6 47 29 82 1 60 35 32 56 48 69 
#6 37 71 21 56 47 57 82 42 60 13 32 52 40 44 
#48 37 28 37 19 47 64 82 29 11 13 32 52 25 69 
#58 11 31 2 19 47 64 82 29 11 27 32 56 1 69 
12 8 32 47 37 35 
43 29 11 50 16 58 
38 46 45 9 17 24 
19 42 23 18 44 39 
33 15 22 51 13 7 
28 27 52 57 56 55 
#Base: 912
#Max: 725
#794956
#Turn 9
#6 56 31 39 6 40 57 4 1 60 26 50 56 11 69 
#58 26 31 21 14 40 57 82 42 60 27 25 56 48 43 
#58 56 71 21 56 47 31 82 42 60 27 32 56 34 69 
#6 37 28 21 56 47 31 82 42 60 27 32 56 34 69 
#6 56 28 37 56 47 29 82 42 60 27 32 56 11 38 
#58 11 28 39 1 40 64 82 15 11 13 48 56 22 69 
#6 11 28 39 1 47 64 82 42 60 27 50 52 11 69 
#6 11 71 39 56 47 57 82 1 60 35 50 52 48 69 
#6 56 31 39 56 47 57 82 15 60 35 32 56 22 44 
#48 37 28 37 19 47 64 82 15 60 13 32 52 25 69 
#6 56 28 39 1 47 57 82 1 46 27 50 52 11 15 
#48 56 28 25 1 40 57 82 1 60 27 50 52 22 69 
#58 56 23 2 56 40 57 82 42 60 27 32 56 48 69 
#6 56 23 2 19 47 57 82 42 60 27 32 56 22 69 
#6 56 31 25 19 47 57 82 42 46 27 50 56 22 69 
#48 37 71 25 6 47 64 82 15 60 26 50 56 17 44 
#48 37 71 25 6 47 57 82 15 60 26 50 52 40 44 
#48 56 71 25 56 47 57 82 42 46 27 32 52 1 69 
#6 56 71 39 56 47 57 82 42 60 35 32 52 1 69 
#6 56 31 39 14 47 57 82 42 60 27 50 52 22 69 
#58 56 31 25 6 47 64 82 42 11 2 50 52 22 44 
#58 11 31 39 56 47 57 82 15 11 35 50 52 40 44 
#58 56 71 21 19 47 57 82 1 60 35 16 56 40 44 
#58 56 28 21 1 47 57 82 1 60 27 50 52 40 69 
#6 56 28 21 1 40 57 82 42 60 27 50 52 48 69 
#6 37 71 39 19 47 64 82 29 11 16 32 56 1 69 
#6 0 28 25 19 47 64 82 29 11 16 32 56 1 69 
#6 0 71 25 56 47 57 82 42 60 13 32 52 1 44 
#6 37 71 21 6 47 57 82 42 60 13 32 52 48 44 
#58 37 28 39 14 47 29 82 1 46 35 32 56 22 43 
#6 56 31 2 1 40 29 82 15 60 27 50 52 22 69 
#58 11 28 39 56 40 64 4 42 11 13 48 56 48 43 
#9 56 71 21 1 47 29 82 42 60 27 25 52 11 69 
#58 11 71 39 56 47 57 82 42 60 27 32 56 34 44 
#6 56 28 39 56 47 64 82 42 60 27 16 56 22 69 
#6 56 28 37 56 47 64 82 29 11 13 32 56 25 38 
#6 56 71 2 1 47 57 82 1 46 27 50 56 11 15 
#58 56 28 39 1 47 64 82 42 11 13 50 56 20 69 
#6 56 71 39 1 47 57 82 42 60 27 50 56 22 69 
#6 11 71 39 56 47 57 82 42 60 35 32 56 48 44 
#6 56 71 21 19 47 64 82 42 60 27 32 56 22 69 
#48 56 28 37 19 47 64 82 42 46 27 32 52 1 69 
#6 37 71 39 19 47 57 82 42 60 27 50 56 17 15 
#48 37 28 39 1 47 57 82 15 46 26 50 52 20 44 
#6 56 71 39 19 47 57 82 42 46 13 32 52 22 44 
#58 56 23 2 56 47 57 82 42 60 26 32 52 1 69 
#6 56 71 21 6 47 57 82 42 60 35 50 52 22 69 
#6 56 31 39 19 47 64 82 42 60 27 32 56 1 69 
#6 37 71 25 1 47 57 82 42 60 27 50 56 22 44 
#58 56 31 39 6 47 64 82 15 60 27 50 52 22 44 
#58 37 71 21 56 47 57 82 1 60 13 16 56 40 44 
#48 56 71 25 19 47 57 82 42 60 27 50 52 40 69 
#6 56 71 39 1 40 64 82 42 60 27 50 52 48 69 
#6 56 31 39 14 47 57 82 42 60 27 50 56 22 69 
#6 56 71 32 1 47 57 82 29 11 2 50 56 1 44 
#48 56 31 39 19 47 64 82 15 11 27 50 56 22 69 
#6 0 71 25 56 47 57 82 1 60 27 32 56 40 44 
#48 56 71 21 19 47 57 82 42 60 27 50 52 40 44 
#58 56 28 39 6 47 29 82 1 60 35 32 52 48 69 
#6 56 31 39 14 47 57 82 42 60 35 32 22 22 43 
42 44 1 49 8 21 
9 3 41 52 50 23 
58 45 18 17 12 15 
34 39 33 51 57 40 
24 19 46 2 38 53 
37 55 22 7 16 14 
#Base: 912
#Max: 745
#816886
#6 56 71 39 19 47 57 82 42 46 13 50 56 17 44 
#6 26 31 21 19 40 57 82 42 46 13 32 52 22 43 
#58 56 31 39 6 40 64 82 15 60 27 25 52 48 44 
#6 56 31 39 6 47 64 82 15 60 35 50 56 22 44 
#6 56 31 39 56 47 57 82 15 11 35 32 56 40 44 
#6 37 28 37 19 47 64 82 15 60 13 32 56 34 69 
#48 56 28 21 56 47 31 82 42 46 27 32 52 34 69 
#6 56 28 37 19 40 64 82 42 46 27 50 52 48 69 
#6 37 71 21 1 47 64 82 42 60 13 16 52 48 44 
#58 56 71 21 1 47 57 82 1 60 13 16 56 40 69 
#58 56 28 39 6 47 29 82 42 60 26 32 52 48 69 
#6 56 71 39 56 47 57 82 42 60 35 32 52 1 69 
#48 56 71 25 56 47 57 82 42 46 35 32 52 1 69 
#58 56 23 25 56 40 57 82 42 60 27 32 56 48 69 
#58 37 23 25 56 40 57 82 42 60 26 32 56 48 69 
#6 56 28 39 56 47 64 82 42 60 27 32 56 22 44 
#6 11 71 39 56 47 57 82 42 60 35 32 56 34 44 
#58 11 71 39 56 47 57 82 42 60 27 50 56 40 69 
#48 56 71 21 19 47 57 82 42 60 27 50 52 40 44 
#6 56 71 21 19 47 64 82 42 60 27 50 56 40 44 
#6 56 31 21 1 40 57 82 42 60 27 50 52 48 69 
#6 56 31 39 6 47 57 82 42 60 27 50 52 22 69 
#6 56 71 21 6 47 57 82 42 60 35 50 52 22 69 
#58 56 71 21 1 47 31 82 42 60 27 32 56 22 69 
#6 56 31 39 1 47 57 82 42 60 27 50 56 22 69 
#48 56 31 39 19 47 64 82 15 11 27 50 56 22 69 
#58 56 31 39 19 47 64 82 15 11 35 16 56 22 44 
#6 56 71 21 19 47 57 82 1 60 35 16 52 48 44 
#6 11 71 25 56 47 57 82 1 60 35 50 52 48 44 
#48 37 31 25 19 47 57 82 15 60 27 50 52 40 69 
#48 37 28 37 19 47 64 82 15 60 13 50 56 25 69 
#6 56 28 39 56 47 31 82 42 46 13 32 56 22 69 
#48 26 28 21 19 40 57 82 42 60 27 25 56 48 43 
#58 56 71 39 6 40 64 82 42 60 27 50 52 48 69 
#6 56 71 39 56 47 57 82 15 60 35 32 56 22 44 
#58 11 28 39 1 47 57 82 15 11 35 50 52 40 44 
#48 37 28 37 19 47 64 82 1 60 13 32 52 25 69 
#58 56 28 21 56 47 31 82 42 60 27 32 52 1 69 
#48 56 71 39 19 47 64 82 42 60 27 32 52 1 69 
#48 56 71 25 56 40 57 82 42 46 27 50 52 1 69 
#58 37 71 21 56 40 57 82 42 60 13 32 56 40 69 
#48 56 28 25 1 47 57 82 15 60 27 50 56 40 44 
#6 56 28 39 56 47 29 82 1 60 35 32 56 22 69 
#58 56 23 39 56 47 57 82 42 60 26 32 52 48 69 
#6 56 71 39 56 47 57 82 42 60 35 32 52 34 44 
#48 56 71 25 56 47 57 82 42 60 27 50 52 40 69 
#48 56 23 2 56 40 57 82 42 60 27 32 52 40 69 
#48 37 71 21 6 47 64 82 15 60 27 50 56 17 69 
#6 56 28 21 56 40 57 82 42 60 27 16 52 22 69 
#6 11 71 39 14 47 57 82 42 60 27 32 56 48 44 
#6 56 71 39 56 47 57 82 42 60 27 50 52 22 69 
#58 56 71 25 19 47 31 82 42 60 27 50 56 34 69 
#6 56 71 21 19 47 57 82 42 60 27 50 56 40 44 
#6 56 31 39 14 47 57 82 42 60 27 50 56 22 69 
#58 56 28 39 1 40 57 82 42 60 27 50 52 48 69 
#6 56 31 39 19 47 57 82 15 11 27 50 52 22 69 
#6 56 71 21 6 47 57 82 42 60 35 50 56 40 69 
#58 11 71 39 56 47 31 82 1 60 27 50 56 48 69 
#6 37 71 39 1 47 57 82 15 60 26 50 52 40 69 
#6 56 31 39 14 47 57 82 42 60 27 50 56 22 69 
#Base: 912
#Max: 782
#857456
