#[0] 3, 3
#[1] 4, 3
#[2] 3, 4
#[3] 3, 2
#[4] 2, 3
#[5] 2, 4
#[6] 1, 3
#[7] 2, 2
#[8] 3, 1
#[9] 4, 4
#[10] 5, 3
#[11] 3, 5
#[12] 4, 2
#[13] 3, 0
#[14] 5, 4
#[15] 4, 5
#[16] 5, 2
#[17] 4, 1
#[18] 0, 3
#[19] 1, 4
#[20] 2, 1
#[21] 1, 2
#[22] 2, 5
#[23] 0, 4
#[24] 5, 1
#[25] 0, 2
#[26] 5, 5
#[27] 1, 5
#[28] 2, 0
#[29] 1, 1
#[30] 4, 0
#[31] 0, 5
#[32] 1, 0
#[33] 0, 1
#[34] 5, 0
#[35] 0, 0
#Turn 0
15 46 41 16 2 58 
42 1 13 35 49 9 
36 53 45 57 19 18 
6 28 34 26 29 40 
50 39 7 3 24 20 
17 37 22 14 56 11 
#Base: 921
#Max: 356
#386536
#Turn 1
#41 36 10 13 8 9 30 41 34 25 15 15 38 34 5 
#17 36 8 25 8 1 30 7 7 42 35 22 13 23 18 
#17 16 8 25 22 28 3 7 7 18 5 4 13 40 54 
#8 53 12 6 41 32 3 22 42 7 5 21 50 40 12 
#8 53 4 31 41 3 45 9 42 7 14 31 46 7 38 
#1 28 17 14 0 59 18 36 10 12 36 17 1 1 12 
#9 1 17 14 0 59 38 30 21 12 13 29 14 0 36 
#50 18 1 9 53 21 38 24 21 22 13 5 29 0 10 
#46 4 1 25 34 20 26 65 40 22 40 3 3 8 10 
#46 4 42 5 37 20 22 12 12 7 40 5 12 17 15 
#3 29 10 5 33 17 54 11 6 42 26 17 53 29 33 
#18 29 31 5 33 64 24 31 0 42 27 18 11 2 33 
#22 8 72 4 23 4 1 31 0 19 24 18 11 21 16 
#6 8 72 1 23 4 1 14 1 13 29 8 67 4 16 
#6 8 4 35 23 37 1 16 19 13 3 55 15 9 37 
#28 0 25 52 51 6 22 61 23 9 50 8 18 21 0 
#28 13 10 13 5 3 8 61 9 18 12 36 67 10 55 
#2 13 12 2 41 10 24 5 74 33 37 16 67 29 18 
#3 7 12 6 15 10 66 8 74 33 8 16 18 15 23 
#66 11 16 15 34 6 40 19 16 1 9 54 22 15 20 
#18 3 9 45 22 10 24 19 9 51 18 16 40 11 35 
#6 3 31 45 22 10 5 8 24 12 35 16 6 11 35 
#5 21 31 10 22 0 5 8 24 22 17 70 6 4 8 
#10 12 24 24 15 26 0 13 10 48 17 51 6 21 7 
#14 15 19 54 11 9 5 4 10 17 41 3 8 1 29 
#9 53 6 10 10 12 28 32 8 19 51 4 8 32 21 
#23 45 14 1 10 27 10 21 8 8 6 14 8 46 12 
#4 45 3 1 10 27 66 21 22 8 22 14 7 36 18 
#9 29 3 0 41 16 6 31 57 2 4 25 7 36 18 
#20 12 8 6 41 28 11 7 57 51 4 16 48 28 2 
#41 14 10 44 37 35 18 35 10 12 15 17 1 1 5 
#9 36 17 14 0 59 30 41 3 15 8 29 14 10 36 
#2 1 53 9 53 21 38 24 21 42 35 5 29 0 12 
#50 18 12 25 23 32 3 65 3 18 9 4 50 40 55 
#8 53 42 5 41 20 45 10 40 7 40 21 3 17 15 
#15 15 42 1 37 22 11 26 12 3 40 31 12 45 18 
#1 28 10 4 27 26 18 11 6 12 36 17 1 29 12 
#9 26 10 14 33 17 34 11 3 15 23 29 53 2 33 
#2 8 31 9 49 21 38 31 21 13 3 5 11 0 12 
#50 20 1 4 14 5 29 65 13 19 24 3 15 4 16 
#6 4 42 5 23 37 1 39 40 13 29 8 3 17 12 
#15 6 31 35 20 22 6 16 12 23 3 5 15 45 37 
#27 27 12 4 27 16 54 19 6 9 50 42 1 21 14 
#3 29 10 13 33 17 24 11 23 42 27 8 53 16 55 
#18 8 31 4 49 64 18 5 9 7 37 36 67 10 18 
#3 7 72 6 23 4 24 14 13 19 24 18 18 29 12 
#14 11 4 1 23 3 66 8 1 1 21 8 22 15 23 
#66 1 31 15 34 6 40 19 16 23 9 55 21 9 37 
#18 8 19 9 51 48 22 19 9 51 26 21 1 21 16 
#6 0 25 45 5 10 8 61 47 12 12 16 40 11 35 
#5 13 10 36 41 0 5 8 9 7 37 36 67 23 8 
#3 21 24 10 15 10 24 13 74 33 8 16 18 4 12 
#63 11 3 24 10 26 5 8 10 1 21 51 24 21 23 
#14 15 16 15 34 9 1 18 16 16 9 3 8 1 20 
#18 3 6 9 30 48 28 19 10 19 51 21 28 32 16 
#6 53 9 9 10 10 10 32 8 12 6 4 40 6 35 
#5 3 31 36 10 0 5 8 24 8 22 14 6 23 8 
#10 29 3 10 15 16 0 13 16 2 17 25 7 36 18 
#9 12 8 6 10 26 5 7 10 17 4 2 24 30 3 
#20 15 19 14 11 3 1 18 48 51 41 3 15 28 2 
28 0 42 50 52 54 
25 7 51 13 43 31 
45 27 47 18 15 48 
34 4 16 17 44 29 
22 32 49 33 8 11 
20 39 10 19 3 12 
#Base: 921
#Max: 407
#441911
#Turn 2
#9 36 3 0 8 16 30 41 34 25 4 15 7 34 5 
#27 27 10 13 8 9 30 19 34 25 50 42 38 34 5 
#5 13 12 36 27 16 54 8 6 7 37 36 1 21 14 
#63 13 10 36 10 26 5 8 10 7 37 51 67 21 23 
#63 11 6 9 10 48 28 8 10 19 21 51 28 21 23 
#9 53 1 9 10 21 38 24 21 19 13 5 29 0 21 
#3 21 1 10 53 21 38 24 74 22 8 5 29 0 10 
#3 8 72 10 23 4 1 13 74 33 8 16 18 4 16 
#6 8 72 1 23 4 1 14 1 42 27 8 53 4 16 
#3 36 17 14 0 59 30 11 23 42 27 29 14 10 36 
#4 7 72 1 23 27 66 14 22 19 22 14 7 36 18 
#66 1 31 1 10 27 66 19 16 8 9 14 21 9 37 
#3 1 12 15 34 6 40 8 16 23 9 55 18 15 37 
#3 7 12 52 15 6 66 8 23 33 50 8 18 15 0 
#28 8 19 52 51 6 22 19 9 9 26 21 18 21 16 
#8 53 42 5 41 3 45 9 40 7 40 31 46 17 15 
#28 13 4 31 41 3 8 9 9 7 14 36 67 10 55 
#28 13 12 13 5 3 24 61 74 33 12 16 67 29 18 
#18 13 12 4 49 10 24 5 74 33 37 16 67 29 18 
#20 8 31 6 41 28 11 5 57 7 37 16 67 10 18 
#2 1 53 10 22 0 38 8 24 22 17 70 29 4 12 
#6 0 25 45 5 21 38 24 47 12 35 16 40 0 12 
#6 18 12 45 5 10 8 65 47 12 12 4 50 40 55 
#50 18 12 25 23 20 3 65 3 22 9 3 3 40 55 
#18 4 1 5 34 20 26 31 0 22 40 3 11 8 33 
#18 20 1 4 14 5 29 65 9 51 18 16 15 4 16 
#50 20 1 4 14 17 29 11 13 19 24 17 53 29 16 
#3 29 10 15 34 6 40 11 6 42 9 17 53 29 20 
#66 11 16 15 34 6 40 19 42 7 9 54 22 40 20 
#8 8 12 6 41 32 1 31 0 7 5 21 11 40 12 
#9 53 6 10 10 12 28 32 57 2 4 4 7 36 21 
#50 36 10 9 53 9 38 41 21 25 15 5 38 0 10 
#27 21 24 4 15 16 24 19 6 9 8 16 1 21 14 
#6 13 10 1 23 4 5 8 9 13 29 36 67 23 16 
#63 11 10 24 33 26 24 8 23 1 21 8 24 16 55 
#9 3 17 14 30 48 28 19 3 15 51 21 28 32 36 
#3 7 72 10 10 12 24 14 8 19 24 18 8 29 12 
#4 18 1 9 53 21 66 24 21 8 13 14 29 36 10 
#3 21 31 10 34 6 40 13 74 23 8 16 21 4 12 
#3 7 72 1 23 10 1 14 74 33 8 8 18 4 23 
#3 29 25 52 33 17 22 11 23 9 27 8 53 16 55 
#18 36 19 14 0 59 30 19 3 15 8 29 1 10 16 
#3 53 42 6 41 4 45 10 13 7 24 18 3 29 12 
#8 45 4 1 10 3 66 21 42 8 14 31 46 36 18 
#66 13 31 15 34 3 40 19 16 18 12 36 67 9 55 
#3 13 12 6 15 10 24 5 74 33 8 16 18 29 18 
#18 0 25 4 51 6 22 5 9 9 37 36 18 21 18 
#20 12 8 9 51 28 22 7 9 51 26 21 1 28 16 
#8 53 31 10 41 20 5 8 24 22 40 70 6 17 15 
#8 53 4 9 53 3 45 24 42 7 14 5 46 7 12 
#6 13 25 13 5 3 8 61 47 18 12 16 40 11 55 
#2 18 12 25 23 10 24 65 3 33 37 4 50 29 55 
#46 4 31 4 49 64 26 5 9 7 37 3 67 8 18 
#18 12 8 6 41 64 24 7 0 51 4 16 48 2 2 
#18 3 31 45 22 0 24 19 9 22 17 16 40 4 8 
#2 1 53 9 53 5 38 24 21 42 35 5 15 0 16 
#3 29 10 5 33 10 8 11 6 12 12 16 40 11 35 
#50 18 12 25 34 32 40 65 16 1 9 54 50 40 20 
#8 4 12 6 41 20 26 22 42 7 5 3 3 8 10 
#22 8 31 5 33 4 24 31 0 42 27 18 11 21 16 
35 9 20 6 50 37 
55 34 13 3 16 4 
31 40 39 52 22 49 
48 7 18 17 44 10 
38 43 15 57 51 19 
1 8 11 28 23 53 
#Base: 921
#Max: 466
#505972
#Turn 3
#9 3 17 14 30 59 28 11 23 42 51 21 14 32 36 
#3 1 53 10 0 59 30 11 23 42 17 70 29 10 12 
#3 1 1 10 53 0 38 24 74 22 17 5 29 4 12 
#3 21 1 10 53 3 8 24 74 18 8 16 29 0 55 
#6 13 25 13 53 21 66 61 47 8 12 16 40 11 55 
#2 11 10 24 33 26 38 8 21 1 21 8 24 0 55 
#63 11 10 52 33 26 24 8 23 1 21 8 18 16 55 
#63 7 10 52 15 6 66 8 10 33 50 51 18 21 0 
#28 13 4 36 41 26 5 9 10 7 37 51 67 10 23 
#63 11 4 9 10 3 28 9 9 19 21 51 67 10 55 
#3 36 25 9 33 17 22 11 21 25 15 8 53 16 55 
#3 29 25 1 33 10 22 11 74 9 8 8 18 4 55 
#3 4 31 1 23 10 1 5 9 33 37 3 67 4 23 
#46 4 31 4 49 64 8 65 47 12 12 3 50 8 18 
#6 53 12 45 5 3 45 24 47 7 14 4 46 40 55 
#3 53 72 10 23 20 1 8 24 22 8 70 6 17 15 
#18 8 12 4 23 10 1 13 74 33 8 16 18 29 18 
#18 13 12 13 5 3 24 61 74 33 37 16 67 29 18 
#28 13 12 15 34 3 24 19 16 18 12 36 67 9 18 
#66 13 31 15 23 27 40 14 22 19 12 14 67 9 55 
#3 45 31 10 34 6 40 13 74 23 14 16 46 4 12 
#8 53 4 5 10 3 66 21 42 8 40 31 46 36 15 
#8 18 12 25 34 3 40 9 16 7 9 31 46 40 20 
#2 18 12 25 34 32 24 65 16 33 37 4 50 40 55 
#20 8 12 6 23 10 11 65 57 7 37 16 67 10 55 
#6 27 72 1 8 9 30 19 1 25 50 8 38 4 16 
#66 1 72 1 23 27 66 14 16 8 9 14 21 4 37 
#66 1 31 15 34 6 66 19 16 7 9 54 21 40 37 
#50 11 12 25 23 20 3 19 3 7 9 54 22 40 20 
#50 18 8 6 23 20 24 7 0 51 4 16 3 40 2 
#9 3 17 14 30 5 38 24 21 15 51 5 28 32 16 
#3 36 10 24 0 59 30 11 23 42 21 29 14 10 36 
#2 7 53 10 15 6 38 8 24 33 17 70 18 4 0 
#3 13 10 10 53 21 5 8 74 22 37 5 67 0 23 
#6 13 4 13 41 3 8 9 9 18 12 36 67 10 55 
#4 11 1 9 53 48 28 8 10 8 13 14 29 21 10 
#2 1 53 9 53 5 38 41 21 25 15 5 38 0 10 
#63 11 10 52 33 17 22 11 23 1 27 8 24 16 55 
#3 7 72 52 15 10 66 14 74 33 50 8 18 15 0 
#46 13 31 36 49 64 5 8 10 7 37 51 67 21 18 
#28 18 4 45 5 3 8 65 9 12 14 36 67 40 55 
#63 11 6 9 10 3 28 24 42 19 21 51 46 7 12 
#8 36 31 10 53 20 5 8 24 25 15 70 6 0 15 
#3 29 25 10 33 17 1 11 74 33 8 8 18 4 55 
#3 13 12 1 49 10 1 5 74 33 37 16 67 4 23 
#28 4 12 4 5 3 26 5 74 7 12 16 67 8 18 
#66 18 31 15 34 10 40 19 16 18 12 36 67 40 55 
#8 7 72 9 23 3 45 14 22 7 14 14 7 7 12 
#3 21 31 10 34 20 40 8 74 22 40 16 6 4 15 
#8 45 4 1 23 4 66 13 42 8 14 16 46 4 16 
#8 53 42 4 41 10 45 5 40 7 40 16 46 17 15 
#50 18 12 25 34 32 24 65 16 33 12 16 50 29 18 
#66 18 12 25 23 3 40 65 3 18 12 4 50 9 55 
#20 7 31 1 41 27 66 5 22 7 22 16 7 36 18 
#3 27 10 10 34 6 40 13 74 23 8 42 21 4 12 
#8 45 4 1 23 4 1 14 42 42 14 8 46 4 16 
#8 53 42 5 41 3 45 9 40 8 40 14 21 17 37 
#50 11 16 15 34 32 40 65 42 1 9 54 22 40 20 
#2 18 12 25 23 10 3 65 3 33 9 3 50 29 55 
#20 8 8 6 41 64 11 5 0 51 4 16 67 10 2 
41 0 3 9 20 58 
43 6 21 7 15 37 
8 1 24 13 17 51 
19 40 4 38 46 52 
56 44 57 39 26 33 
45 59 14 27 23 50 
#Base: 921
#Max: 477
#517915
#Turn 4
#9 3 6 9 30 3 28 24 42 19 51 21 14 7 12 
#3 3 17 14 53 59 28 24 23 18 51 16 14 0 55 
#3 21 1 10 53 3 28 9 74 18 21 16 67 10 55 
#63 45 31 9 34 3 28 9 9 23 14 16 46 4 12 
#2 45 12 10 23 10 3 65 74 33 9 3 46 29 12 
#3 11 10 52 33 17 24 11 23 1 8 8 18 16 55 
#8 53 10 5 33 3 24 8 42 1 21 8 18 36 15 
#63 53 4 52 15 3 66 21 42 8 50 51 18 21 15 
#3 7 10 52 23 6 1 8 24 22 50 51 18 21 15 
#63 11 72 10 33 17 22 11 23 1 8 70 6 16 55 
#28 1 4 36 41 59 5 9 23 7 17 70 67 10 23 
#20 8 12 10 23 10 30 11 23 7 17 16 67 10 55 
#20 4 12 4 23 64 8 65 47 12 37 16 50 10 18 
#18 13 31 13 49 3 8 65 74 12 12 3 67 29 18 
#18 18 12 25 5 3 24 61 74 33 12 16 67 29 18 
#28 13 31 45 5 27 40 14 9 19 12 36 67 40 55 
#6 13 25 45 53 3 8 61 9 8 12 16 67 11 55 
#6 7 25 52 15 10 66 14 74 8 50 16 40 11 55 
#66 18 31 52 34 10 66 14 74 18 50 8 18 15 0 
#66 18 12 15 34 10 40 65 3 18 12 36 67 9 55 
#8 53 42 1 49 10 1 5 40 8 37 16 21 17 23 
#50 13 16 15 34 10 1 5 74 1 37 16 22 40 20 
#46 13 31 36 34 32 5 8 10 1 9 54 22 40 18 
#66 13 72 1 49 64 66 14 16 8 9 51 67 21 37 
#3 13 10 10 53 21 66 8 16 22 9 5 21 0 37 
#28 8 12 6 5 3 26 5 74 7 12 16 67 10 2 
#6 53 8 45 41 64 11 5 47 51 4 16 67 40 55 
#6 1 31 15 5 6 45 19 16 7 9 4 21 40 37 
#2 18 12 25 34 6 66 19 16 33 9 54 50 40 37 
#2 53 42 25 41 32 24 5 16 7 40 4 50 17 15 
#63 29 25 10 10 3 1 11 42 33 8 51 46 7 12 
#63 11 10 14 33 59 24 11 23 42 21 8 14 16 36 
#3 21 1 10 10 3 8 24 74 8 40 16 46 36 15 
#63 11 10 52 15 3 66 9 9 33 50 51 18 21 0 
#3 45 72 10 34 20 40 13 74 23 8 16 6 4 12 
#63 18 10 52 33 10 22 11 3 1 9 8 24 16 55 
#28 13 4 36 33 26 1 9 74 33 37 51 18 4 23 
#3 11 10 10 33 59 30 11 23 42 21 70 18 16 55 
#20 8 4 5 23 10 11 65 57 8 37 31 67 36 15 
#63 4 31 52 15 64 66 65 47 12 12 51 50 8 18 
#3 53 12 13 5 20 24 61 74 22 8 16 67 17 18 
#63 11 12 52 34 32 22 65 16 1 12 16 24 16 18 
#28 13 4 36 23 27 5 14 22 19 12 51 67 10 55 
#28 1 4 45 0 3 30 65 23 42 14 70 29 40 55 
#20 8 12 6 23 21 11 65 47 7 12 16 40 10 55 
#46 7 31 52 15 10 8 14 47 33 12 8 18 8 18 
#66 18 31 13 5 3 24 19 16 18 12 16 67 40 18 
#50 18 12 25 23 3 40 65 3 18 12 4 50 29 18 
#66 53 31 15 41 27 45 9 22 8 12 14 67 17 37 
#28 18 4 1 5 3 1 5 74 33 37 16 67 40 55 
#6 13 25 15 34 21 66 61 47 1 12 16 40 11 20 
#46 13 31 52 15 10 66 14 74 7 37 51 18 15 18 
#66 18 72 1 34 27 40 19 16 18 9 14 67 40 37 
#3 18 10 10 23 3 40 8 74 18 37 4 50 0 23 
#8 53 12 5 41 3 26 9 40 8 12 14 21 8 18 
#3 13 8 1 41 64 1 5 74 51 4 16 67 4 2 
#6 11 12 15 34 3 40 24 47 7 9 4 46 40 55 
#66 1 31 36 34 6 5 19 16 7 37 51 21 40 37 
#2 1 72 25 23 27 24 14 16 33 9 14 50 40 55 
#8 53 42 4 53 21 45 8 40 7 37 16 46 17 15 
42 50 4 2 37 41 
36 59 15 19 10 58 
12 16 17 7 52 34 
40 51 18 23 26 48 
57 14 13 39 43 33 
1 38 49 9 55 28 
#Base: 921
#Max: 558
#605863
#Turn 5
#6 13 25 15 34 27 66 14 22 1 12 51 40 11 55 
#6 13 12 10 34 21 66 61 47 1 12 16 40 11 20 
#3 45 1 10 53 3 3 9 74 18 21 3 67 29 55 
#3 11 10 10 33 3 30 9 74 18 21 70 67 10 55 
#3 11 12 10 34 59 22 11 23 1 21 16 24 16 18 
#8 13 4 36 53 26 45 8 40 7 37 16 18 17 15 
#28 13 42 4 53 21 45 8 9 19 12 36 67 17 15 
#28 13 31 15 5 27 40 14 3 18 12 36 67 40 55 
#28 1 4 15 41 10 40 9 23 7 12 36 67 10 55 
#28 1 4 36 23 59 5 9 16 33 9 14 50 10 55 
#20 13 25 45 23 64 8 61 9 8 12 16 67 10 55 
#6 13 25 52 15 3 66 61 9 8 12 16 40 11 55 
#63 7 4 52 15 10 66 21 74 8 50 51 18 21 15 
#66 18 72 52 15 27 66 19 42 8 9 14 67 40 15 
#3 45 72 10 34 27 40 19 74 18 9 14 67 4 12 
#3 53 31 52 15 20 66 14 74 7 8 16 67 17 18 
#66 13 31 52 34 10 66 14 74 7 37 51 18 15 18 
#66 18 72 52 49 10 66 14 74 18 9 8 18 21 0 
#66 53 8 45 49 64 66 5 47 51 4 16 67 40 55 
#6 53 8 15 41 27 45 9 47 51 12 16 67 40 55 
#18 18 12 36 5 6 5 19 16 33 12 16 21 29 18 
#18 13 12 13 5 3 8 61 74 12 12 3 67 29 18 
#63 4 31 52 49 3 8 65 74 12 12 3 67 8 18 
#63 4 31 52 0 3 30 65 23 42 12 70 50 8 55 
#28 1 4 45 0 3 66 65 23 42 14 51 18 40 55 
#20 3 4 5 23 10 28 65 23 8 51 31 67 0 55 
#28 18 4 5 23 10 11 65 74 8 37 16 67 36 15 
#63 11 4 10 5 3 1 5 23 1 37 70 6 16 55 
#63 11 8 10 33 64 22 5 23 51 8 70 67 16 55 
#3 18 8 1 34 6 66 19 74 51 9 54 50 40 2 
#28 13 4 36 23 26 1 9 74 19 12 51 67 4 55 
#8 13 25 4 34 21 45 61 40 1 12 16 40 17 20 
#2 45 31 45 5 27 40 14 9 19 12 3 46 40 55 
#66 21 12 15 34 3 40 65 74 18 21 36 67 10 55 
#3 11 10 10 41 59 30 11 23 7 21 70 18 10 23 
#63 1 12 52 23 27 24 14 16 1 12 14 24 40 18 
#28 4 12 36 23 26 1 65 47 33 37 16 18 4 23 
#8 53 42 4 53 3 8 61 9 7 12 16 46 17 55 
#6 13 25 45 5 10 40 14 74 8 12 16 40 11 55 
#66 18 4 15 15 3 66 65 42 8 50 51 67 21 55 
#28 1 4 36 41 27 40 19 16 18 9 14 67 10 37 
#3 45 72 25 23 20 24 14 74 23 8 16 50 40 12 
#20 4 12 4 23 64 24 61 74 12 37 16 67 17 18 
#6 13 31 45 15 10 66 14 9 7 37 16 18 11 18 
#6 7 31 52 34 10 66 14 74 8 50 8 18 15 55 
#63 13 4 52 49 3 66 14 16 8 50 51 67 21 15 
#6 53 72 1 34 27 40 5 16 51 4 16 67 40 55 
#3 45 72 15 34 27 40 13 22 8 8 16 67 4 37 
#3 1 12 13 34 6 24 61 16 7 37 51 21 17 18 
#18 18 12 52 15 3 24 61 74 7 37 16 18 29 18 
#18 13 31 52 34 3 66 14 74 12 12 3 18 15 18 
#63 4 31 52 15 64 66 65 47 12 9 51 67 21 18 
#6 1 4 45 0 64 30 65 23 51 4 70 29 40 55 
#63 11 31 52 15 27 66 9 22 8 50 14 18 17 37 
#3 3 31 14 34 6 28 19 16 7 51 16 21 0 55 
#20 18 12 5 5 10 11 65 57 8 12 16 67 29 18 
#18 13 31 1 5 3 1 5 74 33 12 16 67 40 55 
#63 4 31 52 15 64 22 11 47 1 8 70 50 8 55 
#3 1 4 45 0 3 1 5 23 51 14 70 67 4 55 
#63 11 10 25 34 6 66 19 9 33 9 51 50 40 37 
11 56 10 42 59 25 
37 53 44 23 14 2 
26 29 28 13 17 3 
46 57 33 18 39 16 
47 24 45 51 52 19 
58 41 15 22 12 30 
#Base: 921
#Max: 636
#690554
#Turn 6
#6 13 25 1 5 3 1 61 74 33 12 16 40 11 55 
#18 13 25 45 23 3 8 61 74 8 12 16 67 10 55 
#20 13 25 45 23 64 24 61 74 8 12 16 67 17 55 
#20 11 12 4 34 64 24 61 9 12 9 16 50 17 37 
#63 11 10 25 23 6 28 19 9 8 51 51 67 40 37 
#8 53 42 52 15 3 8 61 22 7 12 14 46 17 37 
#63 7 31 52 34 10 66 9 74 8 50 14 18 15 55 
#63 7 31 52 34 10 66 14 74 42 50 70 50 8 55 
#63 45 72 52 0 3 40 19 23 42 9 14 50 8 55 
#3 45 72 10 53 3 40 9 74 18 21 14 67 29 55 
#28 18 8 1 34 6 11 65 74 51 9 16 50 40 15 
#3 18 8 10 34 64 66 19 23 51 8 70 50 40 2 
#63 18 72 52 33 27 66 5 42 8 8 14 67 16 55 
#66 18 72 52 15 10 66 14 74 18 9 8 67 40 0 
#3 18 72 10 49 10 30 9 74 18 9 70 67 21 0 
#6 53 72 52 15 64 22 5 47 51 8 16 67 40 55 
#63 4 31 15 15 3 40 65 74 1 8 70 67 8 55 
#66 21 8 45 49 3 66 5 74 18 21 36 67 10 55 
#66 53 4 15 15 64 66 5 47 51 4 16 67 21 55 
#66 18 4 15 15 3 66 14 42 8 50 51 18 15 55 
#3 45 72 45 0 3 66 65 23 42 14 16 67 40 37 
#28 13 4 45 49 3 66 14 23 8 14 51 67 40 55 
#63 4 4 52 49 64 66 14 16 12 50 51 67 21 15 
#63 4 4 45 15 64 66 65 47 12 9 70 29 21 18 
#6 1 8 15 41 64 45 9 23 51 4 16 67 40 55 
#3 1 72 25 23 3 1 14 23 51 8 16 50 4 12 
#3 53 31 52 23 20 24 14 74 23 8 16 50 17 12 
#63 53 31 52 15 3 8 14 74 12 8 16 67 17 18 
#63 7 31 52 15 10 8 21 74 8 12 51 18 8 15 
#63 13 4 36 23 26 66 21 74 19 12 51 18 4 15 
#8 13 25 4 53 3 66 61 9 8 12 16 40 17 55 
#18 11 31 1 15 3 66 5 74 33 50 14 67 17 37 
#6 13 31 52 23 64 8 14 9 8 12 16 67 15 55 
#20 4 31 4 23 3 30 65 74 42 37 70 50 17 55 
#3 11 72 10 34 27 66 19 9 18 9 51 50 40 37 
#20 45 4 5 53 10 3 65 74 18 51 3 67 29 55 
#8 53 4 4 23 10 11 65 9 8 37 16 46 17 55 
#63 11 8 52 15 6 66 9 74 8 9 14 18 17 37 
#6 11 31 10 34 10 66 14 23 8 8 8 67 16 55 
#63 4 31 52 0 27 30 65 42 42 9 70 50 8 15 
#66 18 72 10 49 10 40 19 74 18 9 8 18 4 0 
#3 45 10 10 53 3 3 9 74 18 21 3 67 10 55 
#28 18 72 5 23 10 40 65 16 51 37 16 67 40 15 
#63 4 31 52 34 64 22 19 74 1 9 70 50 40 55 
#66 11 8 10 34 64 22 5 23 18 8 70 67 16 55 
#66 53 8 45 49 64 66 19 47 51 9 16 67 40 55 
#66 18 72 52 49 10 66 65 74 8 9 8 67 21 0 
#66 13 10 52 34 3 66 14 74 7 37 51 18 10 55 
#6 45 72 1 34 27 40 5 22 51 8 16 67 4 55 
#28 1 4 45 0 3 66 11 47 1 8 70 50 40 55 
#66 13 12 52 34 3 40 65 74 8 50 36 67 10 55 
#63 4 31 45 15 64 66 5 47 51 4 16 67 40 18 
#6 18 4 15 0 64 66 65 23 51 4 51 29 21 55 
#66 13 8 15 41 27 66 14 74 51 37 51 18 40 18 
#3 45 4 15 34 27 40 5 23 51 14 70 67 4 55 
#28 1 72 45 0 20 66 14 74 23 14 51 18 40 55 
#3 53 4 52 49 20 66 14 16 7 50 51 67 21 15 
#63 4 31 52 15 64 66 65 74 12 9 3 67 8 18 
#63 7 4 52 15 64 30 65 23 51 50 70 18 40 15 
#28 53 4 15 41 27 45 9 47 19 12 51 67 40 55 
54 21 6 55 47 14 
52 56 2 57 33 59 
42 9 58 50 15 35 
20 18 43 45 46 13 
44 53 12 7 17 23 
11 39 51 22 16 8 
#Base: 921
#Max: 655
#711183
#Turn 7
#28 45 4 45 49 27 66 5 23 8 14 70 67 40 55 
#28 13 4 52 34 3 66 14 23 8 50 51 18 15 55 
#63 7 31 45 0 10 66 9 74 8 50 14 18 15 55 
#66 13 10 45 0 20 66 14 74 23 14 51 18 40 55 
#66 13 72 10 49 3 66 14 74 18 9 51 67 10 55 
#3 18 4 15 0 20 66 14 23 51 4 51 29 21 55 
#20 53 4 52 23 64 66 61 16 8 50 51 67 21 15 
#20 4 31 45 23 64 66 65 74 8 9 16 67 8 55 
#20 4 31 4 23 3 30 65 74 42 37 70 67 17 55 
#28 53 31 15 23 27 45 65 74 19 37 70 67 40 55 
#28 45 72 5 53 3 40 9 16 51 21 14 67 40 55 
#3 7 4 10 53 3 30 65 23 51 50 70 67 29 55 
#63 13 4 52 15 64 30 65 74 51 50 36 18 40 15 
#6 53 12 52 34 3 22 65 74 8 8 36 67 40 55 
#6 53 4 52 15 10 3 65 74 51 8 3 67 40 55 
#66 53 72 15 0 64 66 65 23 42 14 16 67 21 37 
#66 53 31 15 34 64 66 19 74 1 4 70 50 21 55 
#63 4 31 52 49 64 22 19 47 51 9 70 50 40 55 
#66 18 72 52 49 10 66 19 47 51 9 16 67 40 0 
#66 18 72 52 15 10 66 65 74 18 9 8 67 21 0 
#66 13 8 15 34 27 66 5 23 51 8 51 18 16 18 
#63 13 8 15 41 27 66 14 74 51 8 51 18 40 55 
#63 18 72 52 34 27 66 14 74 42 50 14 50 16 55 
#66 21 31 52 49 3 66 14 74 18 50 36 67 8 55 
#66 4 4 45 49 64 66 5 74 18 21 36 29 21 55 
#63 18 31 52 34 64 66 65 23 51 8 70 50 40 15 
#63 4 31 52 0 64 66 5 47 42 9 16 67 8 15 
#63 4 4 52 15 64 66 5 16 51 50 51 67 21 18 
#63 4 31 15 49 3 66 65 16 12 50 51 67 21 55 
#63 45 31 15 0 3 40 19 74 42 9 14 67 8 55 
#6 45 4 15 34 64 40 65 23 51 4 51 67 4 55 
#3 53 4 52 49 20 66 14 16 7 14 51 67 21 55 
#20 7 25 45 34 64 24 61 74 8 12 14 18 15 55 
#63 1 72 52 0 64 66 14 74 23 14 3 18 40 55 
#20 13 10 4 34 3 66 14 74 42 37 51 50 17 55 
#28 18 4 15 41 27 45 9 47 18 9 51 67 40 0 
#28 18 72 5 0 10 66 65 16 51 4 51 29 40 55 
#3 45 72 10 53 3 40 9 16 7 21 14 67 21 15 
#20 13 25 52 23 64 24 65 74 51 50 16 67 17 55 
#66 4 31 52 34 3 66 65 74 12 50 36 67 10 55 
#20 4 72 4 23 3 22 5 47 42 37 70 50 40 55 
#28 53 4 15 53 10 3 9 47 18 12 3 67 40 55 
#3 18 72 5 23 3 66 65 16 51 14 16 67 40 15 
#3 45 72 15 15 3 66 5 74 51 4 16 67 29 55 
#63 7 31 52 34 64 22 65 74 1 9 70 50 40 55 
#66 53 8 45 34 3 40 65 47 51 50 16 67 40 55 
#66 53 72 52 15 10 22 65 74 51 8 16 67 40 0 
#20 18 72 5 53 10 66 14 74 18 51 8 67 29 55 
#66 45 8 10 0 3 66 5 23 18 14 16 67 16 55 
#66 13 8 15 41 64 66 5 47 51 4 51 67 40 55 
#63 18 31 52 33 27 66 19 42 1 8 70 50 16 55 
#66 7 8 45 49 10 66 19 74 51 50 70 50 8 55 
#66 21 72 52 49 10 66 5 74 8 21 8 67 21 55 
#63 4 4 52 15 64 66 65 74 18 9 70 67 21 18 
#66 18 8 10 34 64 66 5 23 18 8 70 50 40 2 
#66 13 31 15 0 27 66 65 74 42 9 51 18 8 15 
#63 18 31 52 15 64 66 5 47 51 8 14 67 40 55 
#63 7 4 52 49 64 66 14 74 42 50 70 67 21 55 
#63 21 31 15 49 3 40 65 74 1 8 70 67 8 55 
#63 45 72 52 0 64 40 65 47 42 9 14 50 8 55 
13 0 28 56 19 50 
8 24 18 51 12 47 
7 4 39 9 45 58 
46 16 44 57 22 53 
27 49 17 25 59 23 
21 33 52 15 38 6 
#Base: 921
#Max: 698
#757872
#Turn 8
#28 53 4 45 34 27 22 65 23 8 14 70 67 40 55 
#63 45 31 15 49 27 66 5 23 8 14 70 67 40 55 
#63 4 31 52 15 3 66 5 47 51 50 14 67 40 55 
#63 18 72 52 15 10 66 5 47 18 8 14 67 21 0 
#66 18 72 52 33 10 66 65 74 1 8 8 50 21 0 
#20 4 31 45 49 3 66 65 74 18 37 36 67 17 55 
#66 18 72 52 49 64 66 5 47 18 21 16 29 21 55 
#66 18 72 52 49 10 66 19 47 51 50 70 50 8 55 
#63 7 8 45 15 10 30 19 74 51 50 70 50 8 55 
#20 13 4 52 53 64 30 14 74 18 50 8 67 40 55 
#66 13 31 45 23 64 66 14 74 8 9 16 67 8 55 
#66 13 72 10 49 3 66 14 74 18 9 36 67 10 55 
#28 53 31 15 23 27 45 65 74 19 37 36 67 40 55 
#28 53 31 15 34 3 45 65 74 51 50 70 67 40 55 
#66 53 31 15 49 3 40 65 74 1 50 16 67 8 55 
#66 53 72 52 15 64 66 19 74 51 4 16 67 40 55 
#66 53 31 52 34 64 22 19 74 1 4 70 50 40 55 
#63 7 4 52 49 64 66 14 74 42 9 70 67 40 55 
#63 7 72 52 34 27 66 14 74 42 50 70 50 21 55 
#63 18 72 52 15 64 66 14 74 18 50 14 67 16 18 
#63 13 8 15 15 64 66 5 47 51 4 51 67 40 18 
#66 4 8 15 49 64 66 5 47 51 4 51 67 40 55 
#63 4 31 52 34 64 66 19 47 51 9 70 50 40 55 
#63 45 31 52 34 64 40 65 23 42 9 14 50 8 55 
#66 45 72 52 49 64 40 14 74 42 50 14 50 8 55 
#63 1 72 52 0 64 66 14 74 51 8 51 18 40 55 
#63 21 72 52 0 64 66 14 74 8 14 3 18 40 55 
#66 53 72 15 0 10 66 5 23 8 21 8 67 21 37 
#20 53 25 15 0 64 66 65 23 42 14 16 67 17 37 
#20 13 4 52 23 64 66 61 74 51 50 16 67 17 55 
#20 4 12 4 23 3 22 65 74 8 37 70 67 40 55 
#28 4 4 45 49 64 66 5 23 8 14 36 29 40 55 
#66 4 31 15 49 3 66 19 16 12 50 51 67 21 0 
#66 18 8 45 15 10 66 19 47 51 50 14 67 8 55 
#66 18 4 52 15 64 66 65 74 51 9 8 18 21 15 
#63 18 72 5 53 27 66 14 42 1 8 70 67 16 55 
#20 4 31 45 23 3 30 65 74 8 37 16 67 17 55 
#66 4 4 10 49 3 66 5 74 18 21 36 29 21 55 
#66 4 31 52 49 3 66 65 74 51 50 16 67 10 0 
#28 7 8 15 49 27 45 19 74 51 50 70 67 8 55 
#66 13 4 45 34 3 40 65 74 51 50 16 18 40 15 
#20 18 31 15 49 3 40 14 74 1 8 8 67 8 55 
#20 4 31 45 15 64 22 65 74 51 8 16 67 40 55 
#66 53 31 10 49 64 66 19 74 1 4 70 50 10 55 
#66 7 31 52 34 3 66 65 74 1 9 70 67 10 55 
#63 7 31 52 49 64 45 14 74 42 37 70 67 40 55 
#63 18 8 45 34 3 40 65 47 42 50 14 67 16 55 
#63 4 4 15 49 64 40 65 74 1 9 70 67 21 55 
#66 4 4 52 15 64 22 65 16 51 50 16 67 21 0 
#66 13 8 15 41 64 66 5 47 1 4 51 50 40 55 
#63 4 31 52 49 64 22 19 47 1 9 70 50 40 55 
#63 7 4 52 34 64 66 14 23 51 50 70 67 40 15 
#63 45 72 52 0 64 40 65 47 42 9 14 50 8 55 
#63 4 4 52 49 3 66 14 74 18 9 36 67 21 55 
#63 4 4 52 41 27 66 14 16 51 8 51 67 21 55 
#63 1 72 52 41 64 66 5 74 51 4 3 67 40 55 
#63 4 72 52 49 10 22 5 74 8 21 8 67 40 55 
#66 18 72 52 34 64 66 65 23 42 8 16 50 40 37 
#63 45 25 52 0 64 40 65 47 42 9 14 50 17 55 
#66 53 4 52 23 64 66 61 16 18 50 36 67 21 55 
2 46 21 12 23 50 
39 42 47 17 44 5 
1 38 55 7 13 6 
25 22 24 15 18 16 
35 51 29 45 57 43 
26 14 19 59 52 58 
#Base: 921
#Max: 714
#775244
#Turn 9
#63 18 31 52 15 3 66 5 47 42 50 14 67 16 55 
#63 4 8 15 34 64 40 65 47 42 50 51 67 40 55 
#66 4 8 15 23 27 66 5 74 19 37 51 67 40 55 
#63 45 31 15 23 27 45 65 23 42 9 14 67 8 55 
#63 45 31 52 49 64 22 65 23 42 9 14 50 40 55 
#28 4 31 15 49 64 45 19 74 51 8 16 67 8 55 
#20 4 4 15 49 64 40 65 74 51 8 70 67 40 55 
#63 7 4 15 49 64 66 14 74 1 9 70 67 40 55 
#66 7 4 52 34 64 66 14 74 42 9 70 67 10 55 
#66 7 31 45 34 3 66 65 74 18 37 36 67 17 55 
#66 45 31 15 49 27 66 5 74 51 14 16 67 40 0 
#66 4 72 52 49 3 66 65 74 51 50 16 67 10 55 
#66 18 72 52 41 64 66 5 74 51 4 3 67 40 55 
#28 18 72 52 34 10 45 65 47 51 50 70 50 8 55 
#28 53 31 15 49 3 66 5 47 18 21 70 67 40 55 
#63 4 72 52 34 64 66 14 47 51 8 51 18 40 55 
#63 45 31 52 34 64 66 19 74 51 50 14 50 40 55 
#66 45 72 52 15 64 66 19 74 42 4 16 67 40 55 
#63 7 72 52 15 27 66 14 74 51 4 16 67 21 55 
#63 7 72 52 34 64 66 19 74 42 50 70 50 40 55 
#63 18 72 5 34 64 66 14 42 1 8 70 67 16 15 
#63 7 4 52 34 64 66 61 23 51 50 70 67 40 55 
#63 7 4 52 49 64 66 61 74 51 50 70 67 17 55 
#66 7 31 52 34 64 66 14 23 42 8 70 50 40 55 
#66 18 31 52 49 64 66 65 23 42 4 70 50 40 55 
#63 53 72 52 0 3 66 65 74 1 14 16 67 8 55 
#63 53 72 15 49 3 66 65 74 18 50 16 67 8 18 
#66 18 72 52 15 64 66 14 16 18 50 36 67 16 55 
#66 45 72 52 0 64 40 65 47 42 9 14 50 21 55 
#63 45 25 52 0 64 40 65 47 42 9 14 50 17 55 
#63 7 31 52 15 3 45 5 74 51 50 14 67 40 55 
#20 18 31 45 34 3 40 65 74 51 8 14 67 40 55 
#66 4 8 15 49 64 66 65 74 1 4 70 67 21 55 
#63 7 4 15 23 27 66 65 74 42 9 70 67 40 55 
#66 7 31 52 34 3 66 65 74 1 9 14 50 8 55 
#63 4 31 52 49 3 22 65 74 1 9 36 67 17 55 
#28 45 8 15 49 27 45 19 74 8 50 70 67 8 55 
#66 4 31 45 15 64 22 65 74 51 50 16 67 40 55 
#63 4 4 52 41 64 66 5 74 1 4 3 67 40 55 
#63 18 4 52 49 64 66 19 47 42 50 70 50 40 55 
#28 7 31 52 34 3 66 65 74 1 50 70 67 10 55 
#20 18 31 45 49 3 66 65 74 18 21 36 67 21 55 
#63 45 72 52 49 27 66 14 23 8 14 70 18 40 55 
#66 4 31 52 49 64 66 65 47 51 9 16 50 10 0 
#66 1 72 52 41 64 66 5 74 42 50 3 67 40 55 
#66 18 72 52 15 64 66 19 74 51 4 70 50 40 55 
#63 7 31 15 34 27 45 65 74 42 50 70 67 40 55 
#66 18 72 52 49 64 66 5 74 18 4 16 50 21 55 
#63 18 72 5 0 27 66 14 42 51 8 70 67 40 55 
#63 7 31 52 34 64 66 19 23 51 50 70 67 40 55 
#66 45 4 52 23 64 40 61 74 51 50 16 50 8 55 
#66 53 72 52 49 64 66 14 74 42 4 16 67 40 55 
#66 18 72 52 34 27 66 65 74 42 50 70 50 40 55 
#66 53 31 52 34 64 66 19 74 1 4 70 50 10 55 
#63 18 72 5 53 27 66 14 42 8 14 70 18 16 55 
#63 53 31 15 34 3 66 14 23 1 50 16 67 8 15 
#20 13 4 52 23 64 66 14 74 51 50 14 67 16 55 
#63 53 4 52 49 64 66 14 16 42 50 70 67 40 55 
#66 18 72 52 34 64 66 65 23 42 9 14 50 40 55 
#66 53 25 10 0 64 40 19 47 1 4 70 50 10 55 
40 6 26 13 28 42 
9 8 53 57 50 23 
47 1 21 16 45 15 
11 24 51 52 22 39 
33 12 46 19 49 58 
32 4 37 17 44 27 
#Base: 921
#Max: 781
#847991
#20 7 4 15 34 64 66 65 74 1 50 70 67 40 55 
#20 53 4 15 49 3 40 65 74 18 50 16 67 40 55 
#63 53 72 15 49 10 45 65 74 51 50 70 50 8 55 
#28 18 72 52 0 10 45 65 47 42 9 70 50 21 55 
#63 45 72 52 0 27 40 65 23 42 9 14 50 40 55 
#66 7 31 45 34 3 66 65 74 18 9 36 67 10 55 
#66 7 31 52 34 64 66 19 74 1 9 70 67 10 55 
#63 53 4 52 34 64 66 14 16 42 4 70 67 40 55 
#63 45 4 52 49 64 66 61 16 42 50 70 50 8 55 
#66 45 31 52 34 64 40 14 74 42 50 16 50 8 55 
#66 4 72 15 34 64 66 65 47 18 4 51 67 21 55 
#63 7 4 15 34 64 40 61 23 51 50 51 67 40 55 
#63 45 4 52 34 64 66 61 74 51 50 70 67 40 55 
#63 45 72 52 15 64 66 19 74 51 4 14 50 40 55 
#66 4 72 52 15 64 66 19 74 51 8 51 18 40 55 
#66 18 72 52 49 64 66 65 23 51 50 70 50 40 55 
#66 18 31 52 49 64 66 65 23 42 4 16 50 40 55 
#66 53 72 52 34 27 66 14 74 42 50 70 50 40 55 
#66 18 4 52 34 64 66 61 74 51 50 70 50 17 55 
#63 7 4 52 49 64 66 61 47 42 50 70 67 40 55 
#66 18 72 15 41 64 66 5 74 51 9 70 67 40 55 
#63 7 31 52 41 27 66 65 74 51 50 3 67 40 55 
#63 7 31 15 34 64 66 19 74 42 50 70 67 40 55 
#63 7 72 52 34 64 66 19 23 51 50 70 50 40 55 
#66 18 72 52 34 64 66 65 23 51 9 70 50 40 55 
#66 4 31 15 49 64 22 65 23 42 4 70 50 40 55 
#63 45 31 52 15 64 22 65 23 51 50 14 50 40 55 
#66 4 31 52 15 64 22 19 74 51 50 16 67 40 55 
#66 1 72 52 15 64 66 19 74 42 4 16 67 40 55 
#66 1 72 52 15 64 66 5 16 18 50 3 67 40 55 
#66 7 31 52 34 3 66 65 74 18 50 36 67 17 55 
#66 7 4 15 49 64 40 65 74 51 9 70 67 10 55 
#63 53 72 15 49 3 66 65 74 1 50 16 67 10 55 
#28 18 4 52 34 64 66 14 47 42 50 70 67 40 55 
#66 45 4 52 23 64 40 61 74 51 9 14 50 8 55 
#63 45 72 52 49 64 66 14 23 8 8 70 18 40 55 
#66 7 31 52 34 3 66 5 74 18 4 16 67 21 55 
#63 4 8 52 34 64 66 65 74 42 9 51 67 10 55 
#63 53 31 52 34 64 66 19 23 1 4 70 67 40 55 
#63 53 4 52 49 64 66 14 16 42 50 70 67 40 55 
#66 45 4 52 23 64 66 19 74 51 50 70 50 40 55 
#66 4 31 52 34 64 66 14 23 42 8 70 18 40 55 
#66 18 72 52 49 3 66 65 74 18 4 16 67 10 55 
#63 4 31 52 49 64 40 65 23 42 4 70 50 40 55 
#66 53 72 52 34 64 66 14 74 51 50 16 67 40 55 
#63 18 72 52 34 27 66 19 74 51 50 14 50 40 55 
#66 18 72 52 15 64 66 61 74 51 50 70 50 40 55 
#63 18 4 52 49 64 66 14 47 51 8 70 50 40 55 
#66 7 4 52 23 3 66 65 74 42 50 70 67 10 55 
#66 18 72 52 41 64 66 65 74 51 4 70 67 40 55 
#63 53 72 52 34 64 45 65 74 42 50 70 67 40 55 
#66 7 72 52 34 64 66 19 74 42 50 70 50 40 55 
#63 7 31 52 49 64 66 61 74 51 50 70 67 17 55 
#66 18 4 52 34 64 66 19 23 42 9 14 50 40 55 
#66 4 4 15 23 27 66 65 74 42 4 70 67 21 55 
#66 18 31 52 41 64 66 65 74 42 9 3 50 40 55 
#66 4 31 45 15 27 22 65 74 42 50 16 67 40 55 
#63 7 72 52 15 64 66 19 74 42 4 70 67 40 55 
#66 1 72 52 41 64 66 5 74 42 50 70 67 40 55 
#66 18 72 52 34 64 66 65 16 18 9 14 67 40 55 
#Base: 921
#Max: 846
#918567
