#[0] 3, 3
#[1] 4, 3
#[2] 3, 4
#[3] 3, 2
#[4] 2, 3
#[5] 2, 4
#[6] 1, 3
#[7] 2, 2
#[8] 3, 1
#[9] 4, 4
#[10] 5, 3
#[11] 3, 5
#[12] 4, 2
#[13] 3, 0
#[14] 5, 4
#[15] 4, 5
#[16] 5, 2
#[17] 4, 1
#[18] 0, 3
#[19] 1, 4
#[20] 2, 1
#[21] 1, 2
#[22] 2, 5
#[23] 0, 4
#[24] 5, 1
#[25] 0, 2
#[26] 5, 5
#[27] 1, 5
#[28] 2, 0
#[29] 1, 1
#[30] 4, 0
#[31] 0, 5
#[32] 1, 0
#[33] 0, 1
#[34] 5, 0
#[35] 0, 0
#Turn 0
31 49 39 3 4 23 
45 30 27 5 58 16 
26 7 54 12 48 28 
29 57 50 8 19 51 
2 1 25 41 33 44 
24 53 0 14 17 59 
#Base: 904
#Max: 348
#384956
#Turn 1
#5 33 53 20 35 31 24 51 22 4 2 24 32 35 29 
#14 7 36 20 35 44 13 51 3 31 5 24 32 18 53 
#14 23 10 45 8 49 2 25 28 37 5 6 42 9 53 
#51 7 10 2 11 49 16 27 13 37 15 38 44 36 4 
#9 41 18 32 35 5 13 27 22 25 15 38 44 12 4 
#3 20 8 8 14 0 11 27 6 14 34 21 15 9 21 
#24 36 34 8 46 10 11 20 41 14 34 38 43 9 21 
#10 1 1 8 15 10 27 32 41 18 6 21 20 5 36 
#9 20 43 37 27 4 21 7 59 9 7 21 20 25 23 
#9 20 43 37 18 4 15 15 27 43 21 22 19 19 33 
#20 25 43 17 44 34 28 11 7 9 9 14 22 2 12 
#3 34 43 14 8 25 6 9 10 27 65 14 9 16 21 
#39 47 28 2 16 14 6 16 26 16 65 12 9 10 12 
#39 16 38 3 16 14 69 11 26 36 21 10 5 14 15 
#30 14 38 3 59 67 5 11 4 36 16 25 13 14 9 
#25 12 5 9 7 42 31 3 2 36 8 13 48 19 4 
#19 0 42 9 7 23 13 9 67 26 8 10 35 9 13 
#2 12 29 29 8 23 2 13 67 77 23 10 35 10 13 
#10 1 70 4 24 17 2 13 3 25 27 8 11 39 18 
#17 27 16 4 1 55 5 12 45 25 2 8 16 11 49 
#31 40 38 9 42 7 10 8 25 15 12 25 38 1 18 
#19 40 45 9 16 6 39 2 51 7 5 11 21 3 38 
#8 19 11 45 33 6 9 18 52 24 5 2 21 11 38 
#5 19 11 15 6 30 9 29 14 11 52 3 17 12 19 
#5 20 58 15 6 10 18 29 14 11 7 3 49 12 19 
#6 23 36 10 12 9 15 19 3 41 49 45 3 10 21 
#47 41 8 21 38 9 30 42 3 56 23 23 3 38 32 
#13 3 8 18 9 36 9 46 2 56 23 5 59 21 7 
#13 2 10 35 34 36 1 9 27 8 30 16 13 30 11 
#14 52 10 35 34 27 54 25 27 39 2 16 42 32 23 
#3 20 8 40 5 0 33 6 22 1 33 21 31 35 29 
#26 36 36 20 46 44 13 51 3 4 2 38 32 18 14 
#24 50 12 45 8 13 27 32 23 18 6 17 9 5 53 
#51 7 1 16 27 49 21 8 28 37 15 6 5 11 11 
#9 20 46 2 59 34 23 7 8 9 15 22 19 36 4 
#24 10 45 20 18 5 15 15 22 43 46 23 21 12 52 
#20 25 41 40 44 15 33 11 7 2 33 51 15 4 40 
#57 34 11 17 12 5 11 20 10 14 2 14 43 9 21 
#24 50 28 8 15 10 6 32 41 18 65 12 9 5 12 
#10 12 1 2 16 9 21 4 59 58 7 21 20 10 37 
#37 16 38 3 59 67 5 7 8 36 21 22 5 25 15 
#30 14 45 20 59 3 2 15 27 12 16 25 11 19 9 
#25 12 41 35 26 15 28 3 7 2 9 51 12 4 4 
#19 34 43 9 7 42 29 9 10 9 8 10 22 2 21 
#2 12 28 14 12 25 6 16 67 27 23 10 35 16 12 
#10 1 29 2 8 17 69 13 26 16 2 18 19 10 8 
#5 16 70 4 24 13 5 11 3 25 21 8 5 39 18 
#17 14 16 20 59 42 22 12 12 12 16 8 13 29 9 
#31 12 5 46 26 7 31 3 2 15 12 13 48 1 12 
#19 40 38 9 16 18 10 1 51 26 3 10 6 27 18 
#2 12 47 9 12 6 13 9 67 24 5 11 21 3 13 
#8 1 29 29 6 30 2 18 52 77 2 2 23 11 7 
#5 19 58 15 6 13 18 29 14 11 27 8 11 39 19 
#17 5 16 24 37 55 22 45 14 17 7 4 16 22 28 
#6 17 36 46 42 39 15 19 23 15 12 13 46 1 12 
#19 40 38 9 16 18 30 42 3 7 3 25 3 38 21 
#23 7 45 18 38 6 9 2 10 24 23 11 20 9 38 
#8 19 11 1 6 36 9 46 17 2 30 2 64 21 7 
#8 2 10 15 34 16 54 29 14 11 20 3 17 12 19 
#20 52 15 36 37 10 1 45 0 17 2 4 42 22 28 
45 53 34 39 18 44 
50 54 16 1 32 46 
19 59 0 26 29 57 
3 31 14 17 51 38 
8 6 36 40 27 35 
41 11 12 2 13 21 
#Base: 904
#Max: 432
#477876
#Turn 2
#10 1 29 24 37 55 22 45 26 16 2 18 19 22 8 
#9 20 16 24 37 34 23 45 14 17 15 4 19 22 28 
#10 12 46 2 59 34 21 7 8 58 15 22 19 36 37 
#10 12 70 2 24 9 21 4 3 58 7 8 11 39 18 
#2 12 70 4 24 25 6 13 67 25 27 8 35 39 18 
#6 12 36 46 12 39 13 19 23 24 5 11 21 3 12 
#6 17 36 9 42 39 13 9 67 15 12 10 35 1 12 
#14 0 42 20 35 23 13 51 3 31 5 24 35 18 13 
#24 50 12 45 8 13 13 51 3 18 5 17 9 5 53 
#5 50 12 4 24 13 27 32 23 25 21 17 9 39 18 
#20 52 15 36 1 10 5 45 45 17 2 4 42 22 49 
#20 33 53 36 35 31 24 51 0 17 2 24 42 22 28 
#47 41 53 21 38 9 30 42 22 56 2 23 3 38 32 
#47 41 8 21 34 27 54 25 27 56 2 23 3 38 32 
#8 19 11 35 34 27 9 25 27 39 2 16 64 32 7 
#26 36 36 2 11 49 16 51 13 37 15 38 32 36 4 
#26 36 36 20 46 44 13 51 3 4 2 38 13 14 14 
#30 14 29 29 8 67 2 13 67 36 16 25 13 14 13 
#8 12 29 29 6 23 2 18 67 77 23 10 23 11 13 
#8 50 29 8 15 10 6 32 52 77 2 12 23 5 7 
#24 36 34 8 46 10 21 7 59 14 7 38 43 9 23 
#24 25 41 40 44 15 11 20 7 14 34 51 43 4 40 
#37 16 38 3 44 67 33 11 8 2 21 22 15 25 15 
#37 16 38 18 9 36 9 7 2 36 21 5 5 21 15 
#13 3 45 20 18 36 15 15 22 43 23 23 21 12 7 
#30 14 45 14 8 25 2 15 10 12 16 14 11 19 21 
#39 34 43 2 16 25 6 9 10 27 65 14 9 10 21 
#14 47 28 2 8 49 6 16 26 16 65 6 9 9 53 
#39 23 38 3 16 14 2 11 28 37 21 10 5 14 53 
#39 16 38 3 16 6 69 2 51 36 21 11 5 3 15 
#10 12 47 2 12 17 69 9 26 16 5 18 21 10 8 
#6 17 16 24 42 39 15 45 23 17 7 4 46 22 12 
#9 0 46 9 7 23 13 7 67 26 8 10 19 9 4 
#10 7 36 2 16 9 21 4 59 58 5 24 20 10 37 
#10 50 70 45 8 13 2 32 3 18 27 8 11 39 18 
#5 12 70 4 12 25 6 11 3 25 23 10 35 16 18 
#17 27 47 9 12 6 5 12 45 25 5 11 21 3 49 
#20 17 15 46 42 39 15 19 23 15 2 13 42 22 28 
#19 33 42 9 7 31 24 9 22 26 2 24 32 9 13 
#47 7 8 20 35 9 13 51 3 56 5 24 32 18 32 
#24 50 10 45 34 27 27 32 23 18 2 17 9 32 23 
#8 19 11 1 6 36 9 46 3 25 30 8 5 39 7 
#17 7 16 2 1 49 16 27 45 37 15 8 44 36 4 
#20 52 36 36 37 44 13 45 0 17 2 38 42 22 28 
#5 33 38 20 59 31 24 51 22 36 16 25 32 14 29 
#2 12 29 29 38 23 2 13 3 77 23 23 3 10 32 
#14 1 29 35 6 30 54 18 27 39 2 2 23 11 7 
#24 19 28 8 6 10 9 32 41 18 30 2 9 5 12 
#9 7 10 37 11 49 16 27 13 37 7 21 44 36 23 
#24 36 36 20 46 44 11 51 3 14 2 38 32 18 21 
#20 25 41 3 44 67 5 11 7 36 16 25 13 4 40 
#37 16 38 3 59 23 2 7 8 77 21 10 35 10 15 
#8 1 8 18 6 36 9 18 2 56 23 2 59 11 7 
#24 50 45 8 18 5 6 15 41 18 46 12 9 5 52 
#9 14 43 37 59 3 21 7 59 9 16 21 20 19 9 
#3 34 43 8 8 10 11 20 41 14 34 14 43 9 21 
#20 25 41 40 16 15 33 11 7 2 33 12 15 4 12 
#37 16 38 3 59 49 5 7 8 37 5 6 42 9 15 
#39 16 38 18 16 36 9 11 2 56 21 5 59 21 7 
#19 10 45 9 16 5 15 15 22 7 46 11 21 12 52 
42 26 53 20 54 33 
14 8 58 17 49 57 
16 45 43 13 19 3 
21 27 18 12 4 44 
6 15 11 51 2 10 
40 22 50 34 29 39 
#Base: 904
#Max: 457
#505531
#Turn 3
#17 34 16 2 1 49 16 27 10 27 65 8 44 10 4 
#24 34 45 2 18 5 6 9 10 18 65 14 9 5 52 
#24 50 45 8 46 5 21 15 59 14 46 38 9 5 52 
#24 14 34 8 46 3 21 7 59 9 16 38 20 19 23 
#10 14 43 37 16 9 21 7 59 9 16 24 20 10 37 
#8 19 11 45 8 13 9 51 3 39 5 17 9 32 53 
#39 16 38 18 8 36 13 51 3 18 5 17 9 21 7 
#39 16 29 18 8 67 9 11 67 36 21 25 59 21 7 
#30 36 29 20 8 44 11 13 67 14 2 25 32 18 13 
#37 36 36 3 46 49 11 51 8 14 5 38 42 9 21 
#26 36 29 29 38 44 2 51 3 4 2 23 13 10 14 
#20 12 29 29 38 23 2 45 0 17 23 23 42 10 32 
#47 41 36 21 34 27 13 25 0 17 2 38 42 38 28 
#8 50 8 21 15 10 54 32 52 77 2 23 23 38 7 
#10 50 29 2 24 10 6 4 3 58 7 12 11 39 7 
#14 47 28 40 44 15 11 16 26 14 65 6 43 4 53 
#14 47 28 29 6 23 2 18 26 77 65 6 23 11 13 
#47 41 53 21 6 9 2 18 22 77 2 23 23 11 13 
#2 41 70 4 24 9 6 42 67 25 2 8 35 39 32 
#2 12 38 20 59 31 24 51 22 25 27 8 32 39 29 
#6 17 36 9 42 39 13 9 67 15 12 10 32 1 12 
#26 36 53 2 11 49 16 51 0 37 2 24 42 36 28 
#37 16 38 36 59 23 24 7 0 17 21 10 42 22 28 
#37 16 46 2 59 23 21 7 8 58 15 10 19 36 15 
#20 12 15 36 1 10 5 45 8 58 2 22 19 36 37 
#37 50 38 3 44 67 27 11 23 18 21 17 9 25 23 
#37 16 41 3 44 67 5 11 7 2 21 25 15 4 15 
#20 25 70 3 44 67 2 11 3 18 16 8 11 39 40 
#39 16 38 3 16 13 69 2 3 36 27 11 5 39 15 
#47 16 8 3 16 6 69 51 3 36 5 24 5 18 15 
#17 7 11 35 1 27 9 27 27 39 2 16 44 32 7 
#39 34 43 45 8 13 6 9 10 18 5 17 9 10 53 
#24 50 45 8 16 5 6 15 41 56 21 5 59 21 7 
#24 14 34 8 8 10 21 13 67 36 7 38 43 14 23 
#24 36 36 37 46 44 11 7 59 9 16 38 32 18 21 
#37 7 36 3 16 9 5 4 8 58 5 24 20 10 37 
#26 36 11 35 34 27 13 51 3 39 2 38 64 14 14 
#24 50 29 29 8 23 13 13 3 77 5 17 3 5 53 
#39 16 36 18 37 36 13 11 0 56 21 38 59 21 7 
#47 41 8 21 34 27 2 25 27 36 2 23 13 14 13 
#8 36 29 8 46 44 11 51 3 14 2 38 23 5 7 
#10 12 70 3 24 49 21 4 8 58 5 6 11 39 18 
#24 36 36 20 44 15 11 20 7 14 2 38 13 4 14 
#2 47 29 29 8 49 6 16 3 16 65 6 9 9 53 
#8 52 36 29 37 44 2 45 67 77 23 10 23 22 28 
#47 41 53 21 38 9 54 42 22 56 2 23 3 38 32 
#2 50 29 8 15 10 6 13 67 25 27 8 23 5 7 
#5 33 38 20 24 31 24 4 3 36 16 25 11 14 18 
#6 17 36 40 42 15 13 9 7 15 34 51 35 4 12 
#26 36 28 2 8 49 6 16 26 16 15 6 32 9 4 
#8 12 29 36 35 23 2 18 0 77 23 24 23 22 13 
#47 16 38 21 38 23 30 42 8 77 21 10 35 38 15 
#10 12 46 4 59 25 21 7 67 25 27 22 35 36 37 
#20 33 15 20 59 10 5 45 22 36 2 4 42 22 49 
#24 17 36 45 42 39 27 32 23 15 12 17 9 1 23 
#26 16 36 3 44 67 16 11 13 37 21 38 15 25 15 
#20 33 53 36 44 67 24 51 7 17 16 24 13 22 28 
#37 16 38 45 59 13 2 32 8 18 27 10 35 39 18 
#10 16 46 2 16 6 69 2 8 58 21 22 19 3 15 
#47 7 15 36 1 10 13 45 45 56 5 24 42 18 32 
28 33 53 38 19 58 
50 55 59 2 32 57 
12 9 56 18 51 41 
21 16 7 44 13 27 
29 36 17 45 52 37 
22 43 25 15 34 23 
#Base: 904
#Max: 503
#556416
#Turn 4
#39 16 38 8 8 10 21 2 3 36 7 38 43 39 23 
#20 33 34 8 59 10 5 45 22 36 7 38 42 14 49 
#39 33 36 20 59 10 13 45 0 56 21 38 42 22 7 
#39 16 36 18 59 31 13 11 22 25 21 38 59 39 29 
#10 12 38 20 59 31 24 51 22 58 21 8 32 3 29 
#26 16 36 3 35 67 16 18 13 77 23 38 15 25 15 
#26 7 15 3 1 10 16 45 45 37 21 24 42 25 32 
#24 7 15 8 1 5 13 15 45 14 5 38 9 18 32 
#24 50 45 8 46 5 21 15 59 14 46 5 9 21 52 
#37 50 45 45 59 5 6 32 41 18 21 10 35 21 7 
#47 36 36 3 34 27 13 51 8 17 5 38 42 38 21 
#37 33 53 36 46 67 24 51 7 17 16 38 42 9 28 
#20 41 70 4 44 67 6 51 67 25 2 24 13 22 32 
#2 41 38 21 24 23 30 42 8 77 2 10 35 39 32 
#10 12 70 3 24 49 21 4 8 58 21 10 35 38 18 
#26 36 53 2 6 23 16 18 26 77 65 6 42 11 13 
#14 16 28 18 8 23 9 11 26 77 21 25 23 21 7 
#39 52 36 29 37 67 2 45 67 36 23 10 59 22 7 
#8 50 8 29 15 10 54 32 67 77 23 23 23 38 7 
#20 25 8 3 44 10 54 11 3 18 2 23 11 38 40 
#47 36 8 35 34 27 69 51 3 39 5 38 64 14 15 
#47 41 11 21 6 9 13 18 3 39 2 38 23 14 13 
#47 41 53 21 6 9 54 18 22 77 2 23 23 38 13 
#47 41 53 21 59 25 54 7 22 25 2 23 35 38 32 
#24 50 46 29 8 25 21 7 67 77 27 22 35 36 37 
#37 47 38 36 8 23 6 7 3 16 21 10 9 22 28 
#2 47 38 3 44 67 27 11 3 16 65 6 9 25 53 
#37 50 28 40 44 67 11 11 26 18 65 6 9 25 23 
#14 36 36 37 46 44 11 7 26 14 65 6 43 18 53 
#37 16 36 37 46 23 21 7 59 9 16 10 19 18 15 
#8 12 38 36 16 13 2 18 3 77 23 24 5 39 15 
#26 16 34 3 44 67 16 13 67 36 21 38 15 25 15 
#47 7 15 36 59 10 5 45 45 36 2 4 42 22 32 
#24 50 45 18 37 36 13 15 59 14 21 38 9 21 7 
#2 12 38 20 16 5 24 15 22 56 21 8 32 39 29 
#10 16 46 2 59 6 2 2 8 58 27 22 19 39 15 
#8 41 36 21 35 27 2 25 0 17 2 24 23 22 28 
#37 16 36 3 46 67 11 51 13 37 21 38 15 25 15 
#47 33 53 36 44 10 13 51 45 17 5 24 42 22 28 
#2 50 70 4 24 9 6 15 67 25 2 38 35 5 52 
#24 50 45 21 38 23 30 15 8 77 21 5 59 38 7 
#10 16 70 3 24 49 2 4 8 58 27 6 11 39 18 
#26 36 53 21 11 27 16 25 0 37 2 38 42 38 28 
#14 36 28 3 6 49 11 18 8 77 5 38 42 11 13 
#20 16 53 18 44 67 9 51 67 17 16 24 59 21 28 
#8 52 70 4 37 9 6 45 67 77 2 8 23 39 32 
#47 16 8 21 15 10 54 32 52 77 21 10 35 38 7 
#20 12 70 3 24 49 2 11 3 58 16 8 11 39 40 
#47 36 8 3 16 6 16 51 0 37 5 24 5 36 28 
#14 36 11 35 6 27 13 51 26 39 65 38 23 14 14 
#47 41 29 18 8 9 2 11 67 36 21 23 23 11 13 
#8 52 53 29 38 44 54 42 67 56 2 10 23 22 32 
#10 12 8 21 59 25 54 7 52 25 27 22 35 36 37 
#20 50 70 29 8 23 13 13 3 77 16 17 3 39 40 
#37 16 8 3 59 23 69 7 3 36 5 10 42 22 15 
#2 36 11 35 8 27 6 16 3 16 2 38 64 14 14 
#37 41 53 21 6 9 2 18 23 18 2 17 9 11 23 
#47 41 28 21 38 9 54 16 26 56 2 6 43 38 32 
#24 12 46 37 46 44 21 7 67 9 16 22 35 36 21 
#24 16 29 29 59 23 21 7 8 77 15 10 19 36 15 
47 4 58 28 2 32 
1 9 31 20 38 3 
37 57 18 44 24 5 
53 11 12 45 51 23 
52 15 27 17 40 26 
14 13 39 22 46 8 
#Base: 904
#Max: 532
#588496
#Turn 5
#10 12 38 3 24 49 24 11 3 58 16 8 11 39 29 
#24 12 38 37 46 44 24 7 67 58 21 8 32 3 21 
#24 36 36 37 46 44 21 7 26 9 65 6 35 18 53 
#39 33 36 20 46 10 13 7 26 14 21 6 43 22 7 
#39 7 36 36 59 10 13 45 45 36 21 4 42 22 32 
#20 50 34 8 59 10 5 45 22 18 7 10 35 21 49 
#37 16 45 3 44 67 16 13 41 36 21 10 15 25 15 
#26 16 34 3 44 27 69 51 67 36 21 38 64 14 15 
#47 33 8 36 44 10 69 51 45 17 5 24 42 14 15 
#39 33 53 18 59 10 13 51 22 25 21 38 59 39 28 
#37 16 28 3 38 67 54 51 13 37 2 6 43 25 32 
#47 50 8 29 38 10 54 32 67 77 2 6 23 38 7 
#8 16 53 18 15 10 9 32 67 17 23 23 59 38 7 
#20 16 53 18 8 67 9 7 67 17 16 22 35 36 28 
#26 50 36 3 8 25 16 7 67 77 23 22 35 36 37 
#37 33 53 36 46 67 13 51 7 77 16 38 42 39 40 
#37 33 70 36 46 67 6 51 7 17 16 38 42 22 32 
#8 41 70 4 37 67 6 51 67 77 2 24 23 22 32 
#8 52 70 4 38 44 6 42 67 77 2 10 23 39 32 
#47 41 53 21 59 44 54 42 67 25 2 23 35 22 32 
#10 36 8 21 59 25 54 7 52 25 65 6 35 11 13 
#26 36 28 2 6 23 11 18 26 77 65 6 9 11 23 
#39 52 36 29 37 67 11 11 67 18 23 6 9 22 7 
#39 52 45 21 37 23 30 15 67 36 23 10 59 22 7 
#2 47 38 21 38 23 30 15 3 77 65 5 9 25 7 
#2 12 70 3 24 23 30 42 8 77 21 10 35 38 32 
#2 50 70 21 24 9 6 42 8 25 2 38 35 5 52 
#2 41 70 4 6 9 6 18 67 77 2 23 23 5 52 
#47 16 8 21 6 10 54 18 22 77 21 10 23 38 13 
#47 16 8 8 46 10 54 32 52 14 46 5 9 21 7 
#20 12 70 3 24 49 2 11 22 36 7 8 42 39 49 
#37 50 38 20 59 31 6 51 41 18 21 10 35 3 29 
#24 12 34 3 46 44 21 7 67 36 21 38 15 25 15 
#47 36 36 37 34 27 11 7 26 14 65 38 43 14 15 
#47 33 36 20 44 10 13 45 0 17 5 38 42 22 28 
#47 7 15 36 59 10 13 11 22 36 21 4 59 22 29 
#20 33 36 8 59 10 5 45 13 37 21 38 15 25 15 
#37 50 28 21 38 5 6 16 41 56 2 10 43 38 32 
#26 16 8 29 44 67 54 32 67 77 21 38 23 25 15 
#47 36 8 18 44 27 9 51 67 39 16 38 59 14 15 
#47 50 46 36 44 25 21 7 45 77 27 22 35 36 28 
#26 16 36 18 59 31 16 18 13 25 23 38 59 39 15 
#20 50 70 29 46 23 11 51 3 77 16 38 3 25 40 
#37 41 53 36 46 67 54 51 7 56 16 6 43 9 28 
#8 50 8 29 15 10 54 51 67 25 2 24 13 22 32 
#20 52 53 4 37 67 9 45 67 77 16 8 59 39 28 
#24 50 53 29 38 25 54 42 67 56 27 10 35 22 32 
#47 16 36 21 59 25 16 18 13 77 23 38 15 25 15 
#20 12 70 29 59 25 54 7 52 77 16 17 3 36 40 
#37 33 53 36 6 67 24 51 7 77 16 38 42 11 28 
#20 41 70 4 44 67 11 51 26 18 65 24 9 22 32 
#8 52 70 4 37 9 2 45 67 77 23 8 23 22 32 
#8 50 45 21 38 44 30 15 67 77 2 5 59 22 32 
#47 47 38 3 59 67 54 7 3 25 65 23 35 38 32 
#10 12 8 3 59 25 54 7 52 25 27 22 35 38 37 
#26 41 53 21 6 23 16 42 26 77 2 10 42 39 13 
#37 50 28 40 24 9 11 15 67 25 2 6 9 5 52 
#39 41 36 21 6 9 54 45 22 36 23 23 59 22 13 
#47 50 45 21 15 23 30 32 52 77 21 5 59 38 7 
#24 50 38 3 46 67 27 11 3 16 46 6 9 25 52 
59 20 8 50 23 1 
47 22 39 43 11 2 
25 9 38 53 18 14 
40 46 19 45 17 49 
55 16 7 15 48 42 
31 27 51 52 58 10 
#Base: 904
#Max: 595
#658186
#Turn 6
#10 36 8 21 46 25 54 11 3 16 46 6 35 11 13 
#10 36 8 21 44 25 69 7 52 17 5 6 35 14 15 
#20 33 8 4 44 10 11 51 45 18 65 24 9 22 15 
#39 41 45 21 37 23 30 15 67 18 65 24 9 22 32 
#24 12 38 21 46 44 24 15 67 58 23 8 59 22 21 
#47 16 36 21 59 25 16 18 67 77 23 6 9 25 15 
#39 36 36 29 44 67 9 11 67 18 23 6 59 14 15 
#47 41 8 18 44 67 54 51 7 56 16 38 43 9 28 
#47 41 53 29 38 10 54 51 7 56 16 6 43 9 28 
#47 50 36 29 46 10 21 7 67 77 65 6 23 38 7 
#2 33 53 3 59 10 13 42 8 25 21 10 59 38 28 
#26 16 8 29 59 67 13 32 67 77 21 38 23 39 15 
#26 47 38 29 59 67 54 32 67 77 65 38 35 25 32 
#8 52 38 4 38 67 6 7 67 77 2 23 23 39 32 
#8 50 70 4 38 44 6 7 67 77 23 22 23 36 32 
#47 50 46 29 44 25 54 7 45 77 27 22 35 36 32 
#47 41 53 21 38 44 54 42 67 56 2 23 35 22 32 
#47 52 53 21 59 67 54 42 67 25 16 8 35 39 28 
#20 41 70 4 37 67 6 51 67 77 2 24 23 22 28 
#8 41 70 36 37 67 24 51 67 77 2 38 23 22 32 
#37 33 70 36 6 67 16 42 7 77 16 10 42 39 32 
#37 33 34 3 46 67 6 51 67 17 16 38 42 22 15 
#26 33 34 3 46 67 69 51 7 36 16 38 64 14 40 
#37 12 53 36 46 67 13 51 52 77 16 38 42 39 40 
#20 12 70 29 59 23 11 7 52 77 16 38 3 25 40 
#2 41 70 4 59 31 6 18 67 77 2 23 35 3 52 
#8 41 70 4 37 9 6 45 67 77 23 8 23 5 52 
#8 52 45 4 38 9 30 15 67 77 2 8 59 22 32 
#47 50 45 21 15 23 30 32 52 77 21 5 59 22 32 
#37 50 28 3 15 67 30 32 52 37 2 5 59 25 7 
#47 50 38 3 46 25 16 18 3 16 46 38 9 25 52 
#10 52 8 21 37 67 54 7 52 18 65 6 9 22 13 
#47 33 8 18 44 10 69 51 67 17 5 24 42 14 15 
#37 41 70 36 44 67 11 51 26 18 16 6 43 9 28 
#47 50 45 29 37 23 30 32 67 77 23 6 59 22 7 
#24 36 36 37 46 44 24 7 67 58 65 6 32 3 53 
#2 12 36 21 59 23 16 18 13 77 23 10 35 25 32 
#39 52 53 18 37 67 11 11 22 25 21 6 59 39 7 
#47 36 8 18 44 67 54 51 67 39 21 38 59 14 15 
#37 47 53 36 59 67 54 51 3 25 16 23 43 38 28 
#8 50 70 4 38 10 6 32 67 77 2 10 23 38 7 
#26 36 36 3 8 25 21 7 67 9 23 22 35 18 37 
#47 50 70 3 44 23 21 42 45 77 27 10 35 36 28 
#39 33 53 18 38 10 13 51 22 25 21 38 59 39 32 
#47 16 8 29 59 44 54 32 67 77 2 23 35 22 32 
#47 52 38 4 59 67 9 45 67 77 65 8 59 38 32 
#8 52 70 4 37 44 6 51 67 77 2 24 23 22 32 
#26 33 36 3 6 25 24 51 7 77 23 38 35 11 37 
#47 41 53 36 6 25 21 7 26 77 2 22 35 36 28 
#24 33 53 36 46 25 6 42 67 56 16 38 35 22 32 
#26 41 53 21 59 27 69 51 67 36 21 23 64 14 15 
#37 52 53 4 46 67 9 51 7 77 16 8 42 39 28 
#8 12 70 29 37 67 6 51 67 77 16 17 23 22 32 
#37 50 53 36 6 67 11 51 3 77 16 38 3 25 40 
#26 41 53 21 6 23 6 51 26 18 21 10 42 39 29 
#37 41 70 36 46 9 6 18 67 77 16 23 23 5 52 
#8 52 34 4 37 27 2 51 67 77 23 38 23 22 32 
#37 33 53 21 38 67 13 15 7 77 16 5 42 22 32 
#20 12 45 21 59 25 54 7 52 77 16 17 3 38 7 
#37 50 28 29 46 67 54 51 3 37 2 6 43 25 40 
21 33 28 46 53 26 
56 49 20 38 35 14 
59 55 39 19 50 11 
44 16 17 12 23 42 
13 9 34 45 18 51 
24 25 22 15 52 7 
#Base: 904
#Max: 691
#764381
#Turn 7
#37 33 70 3 46 67 11 51 67 18 16 6 42 9 28 
#37 50 45 21 44 23 11 51 52 18 21 6 43 22 28 
#8 50 45 21 37 44 6 51 52 77 21 5 23 22 32 
#8 50 70 4 37 44 6 51 67 77 2 24 3 25 32 
#8 50 53 4 6 9 6 51 67 77 16 38 23 5 40 
#24 33 34 36 37 25 2 42 67 77 16 38 23 22 32 
#37 33 70 36 6 25 6 42 7 77 16 38 35 39 32 
#37 36 8 18 44 67 16 51 67 77 21 38 59 14 15 
#24 36 8 37 46 67 24 51 67 39 21 6 32 14 15 
#8 36 36 37 46 44 24 7 67 77 23 22 23 36 53 
#37 41 28 36 46 9 54 51 3 37 16 23 43 5 52 
#37 47 70 36 46 67 54 18 67 25 16 23 23 5 52 
#37 47 70 36 59 67 54 51 3 77 16 38 23 22 28 
#8 41 70 21 37 27 69 51 67 36 2 38 23 14 32 
#26 16 8 21 59 27 13 32 67 36 21 23 64 39 15 
#47 16 53 29 59 44 54 42 67 56 2 23 35 22 32 
#47 41 53 21 38 44 54 42 67 25 2 23 35 22 28 
#26 47 38 29 59 67 54 32 67 25 16 38 35 39 32 
#26 12 38 36 59 67 54 51 52 77 65 38 35 25 40 
#47 12 53 36 44 23 13 51 52 77 16 10 42 39 40 
#47 50 36 29 38 10 6 7 67 77 65 23 23 38 32 
#47 50 45 29 46 23 21 7 67 77 65 6 59 22 7 
#47 50 38 4 37 67 30 32 67 77 65 6 59 38 32 
#47 52 70 4 37 67 9 45 67 77 65 24 59 22 28 
#37 41 70 4 46 67 9 51 7 77 16 24 23 22 28 
#20 41 70 29 59 31 11 18 52 77 2 38 35 3 52 
#2 41 34 4 46 67 6 51 67 77 2 23 64 3 40 
#26 50 34 29 46 67 54 7 7 36 16 22 35 36 32 
#8 50 70 29 37 25 54 51 45 77 27 22 23 36 32 
#8 41 8 18 37 67 6 51 7 77 16 38 23 22 28 
#8 52 34 4 46 67 6 51 67 77 23 38 23 22 32 
#24 33 53 36 44 25 6 42 67 56 16 38 35 9 28 
#37 33 70 21 6 67 16 42 52 77 16 5 59 22 32 
#8 52 70 18 37 67 54 51 67 77 21 38 23 14 32 
#24 36 36 37 6 67 11 7 3 77 16 6 3 25 40 
#8 41 70 4 38 9 6 7 67 77 23 22 23 36 52 
#8 52 34 4 46 27 54 51 67 37 23 6 23 25 32 
#37 41 53 36 46 25 6 18 67 56 16 23 23 22 52 
#37 33 53 36 6 67 54 51 7 25 16 10 43 39 28 
#47 41 8 18 44 67 24 51 67 39 2 38 23 22 15 
#24 41 36 37 59 44 24 51 67 58 65 23 64 3 15 
#8 16 70 4 38 44 13 32 67 77 21 22 23 39 32 
#37 16 8 29 59 44 54 32 3 77 2 23 43 22 40 
#47 41 70 21 38 9 54 42 67 77 2 23 23 5 32 
#47 47 53 36 59 67 54 42 67 25 16 23 35 39 28 
#26 47 38 36 37 67 24 32 67 77 2 38 23 25 32 
#37 12 53 36 46 67 13 51 67 36 16 38 64 39 15 
#26 50 8 29 59 67 21 32 67 77 27 10 23 36 15 
#47 16 8 29 38 44 54 32 67 77 2 23 23 22 32 
#47 41 36 29 46 10 54 42 67 77 65 23 35 38 7 
#47 52 45 21 37 67 54 42 67 77 16 6 35 22 7 
#47 52 38 29 59 67 9 45 67 77 65 38 35 38 32 
#37 12 70 36 46 67 6 51 67 77 2 38 42 39 28 
#47 50 70 3 44 67 21 42 45 77 27 8 42 36 28 
#8 12 70 4 59 23 11 7 52 77 2 38 23 39 32 
#2 50 70 4 46 31 21 18 67 77 2 23 23 38 52 
#47 50 45 29 46 67 30 51 67 77 16 38 64 14 40 
#47 52 46 4 59 25 9 45 67 77 27 8 59 38 32 
#8 12 70 29 37 67 6 51 67 77 16 17 23 22 28 
#37 52 8 18 44 67 54 51 7 56 16 8 43 39 28 
24 55 19 21 43 13 
9 25 45 12 15 47 
26 7 44 22 33 32 
50 52 18 51 56 53 
58 28 57 23 49 46 
16 30 11 40 17 20 
#Base: 904
#Max: 698
#772124
#Turn 8
#2 41 70 4 46 31 21 51 67 77 2 24 23 22 52 
#47 12 70 36 44 31 21 51 52 77 16 23 23 39 40 
#47 12 53 36 46 23 21 51 52 77 65 10 59 22 40 
#47 50 45 21 46 9 21 42 67 77 2 6 59 22 32 
#8 41 70 21 38 27 54 42 67 36 2 23 23 5 32 
#8 36 36 37 46 31 11 18 67 77 2 22 35 36 52 
#20 47 38 29 59 31 11 32 67 77 2 38 35 25 32 
#26 47 70 36 59 67 24 51 3 77 16 38 23 25 28 
#47 47 53 29 59 67 54 42 3 56 16 23 35 22 28 
#47 50 53 29 59 67 54 42 67 77 27 23 23 36 15 
#2 41 34 18 44 67 6 51 67 77 2 23 59 3 15 
#37 36 8 36 44 67 54 51 67 25 16 23 59 39 15 
#47 50 38 36 37 67 30 32 67 77 65 6 35 39 32 
#8 50 38 4 37 67 30 51 67 77 65 38 59 38 32 
#37 33 70 21 37 67 54 42 67 77 16 38 59 22 32 
#37 12 70 36 37 67 6 51 67 77 16 6 42 39 28 
#26 12 38 36 46 67 6 51 67 77 65 38 42 25 28 
#47 52 38 36 59 67 9 45 52 77 65 38 35 38 40 
#47 50 45 29 46 67 9 45 67 77 16 38 64 38 32 
#47 50 70 3 44 67 21 42 67 77 16 8 42 14 28 
#8 12 70 29 37 67 6 51 67 77 16 17 23 36 32 
#8 50 46 4 37 25 54 51 67 77 27 8 59 36 32 
#47 52 46 4 37 67 9 45 67 77 27 8 59 22 28 
#47 41 36 29 37 10 54 45 67 77 65 24 35 38 7 
#37 12 36 29 46 10 13 42 67 77 16 38 64 38 15 
#47 41 34 21 38 67 54 42 67 77 23 23 23 22 28 
#37 47 34 4 46 67 54 51 67 25 16 23 23 5 32 
#37 47 36 37 46 67 24 51 67 25 16 23 64 3 15 
#26 47 38 37 59 44 24 51 67 58 65 38 64 3 32 
#47 50 36 29 59 67 54 7 67 77 65 38 23 38 32 
#37 41 36 4 46 44 9 51 7 77 23 22 23 36 53 
#20 50 70 29 46 31 11 18 52 77 2 38 35 3 52 
#26 12 53 36 37 67 24 32 52 77 2 38 42 39 32 
#37 47 70 36 46 23 54 51 3 77 65 38 23 22 7 
#47 16 70 21 38 44 54 42 67 77 2 23 35 22 32 
#8 50 8 29 37 67 21 32 67 77 27 10 23 14 15 
#2 41 36 37 46 67 24 51 67 77 2 22 64 36 53 
#37 36 8 29 44 67 11 18 52 77 21 38 35 3 52 
#47 47 53 36 59 67 24 32 67 77 2 23 35 39 32 
#37 50 70 4 37 67 30 51 3 77 16 6 59 22 28 
#8 52 70 29 59 67 54 42 67 77 2 23 35 14 32 
#37 33 70 29 59 67 21 32 67 77 27 5 59 22 32 
#47 41 34 4 37 67 54 42 67 77 16 6 35 3 7 
#37 36 8 36 44 67 16 51 67 77 2 38 42 14 15 
#47 47 53 36 59 67 54 51 52 77 16 23 35 25 28 
#47 52 38 4 59 67 30 32 67 77 65 38 59 38 32 
#47 50 45 29 37 67 30 51 67 77 16 38 64 14 40 
#47 33 70 3 6 67 16 42 52 77 16 8 59 36 32 
#47 52 45 29 37 67 54 51 67 77 16 6 35 22 28 
#37 50 70 29 37 67 54 51 67 77 2 38 42 39 28 
#26 52 38 4 59 25 54 45 67 77 27 38 35 38 40 
#47 52 38 29 59 67 9 45 67 77 65 38 35 38 32 
#47 50 36 29 46 10 30 51 67 77 16 23 64 38 7 
#47 50 53 36 44 67 13 42 67 77 27 8 64 39 28 
#8 12 53 21 37 67 54 51 67 77 2 17 23 22 28 
#8 50 70 29 46 67 54 51 45 77 27 38 23 22 32 
#47 52 46 36 46 67 54 45 67 77 16 23 59 5 32 
#24 41 70 4 37 44 24 51 67 58 65 23 59 3 15 
#26 41 38 29 46 67 54 42 67 25 16 38 35 39 32 
#37 50 36 36 38 10 6 51 67 36 16 38 64 39 15 
1 7 25 48 2 15 
34 58 50 46 40 19 
22 36 56 49 14 16 
12 44 29 45 51 53 
52 41 13 17 18 38 
57 23 55 9 28 33 
#Base: 904
#Max: 705
#779867
#Turn 9
#47 47 70 36 44 67 21 51 3 77 16 23 23 25 28 
#26 41 34 36 38 67 24 51 3 77 16 23 23 22 28 
#47 41 34 29 38 67 54 51 67 77 16 6 23 22 28 
#47 12 53 29 37 23 21 51 67 77 65 6 59 22 40 
#37 12 70 36 37 23 6 51 67 77 16 10 59 22 40 
#47 16 38 29 38 67 54 42 67 77 16 23 35 22 32 
#26 52 38 4 46 67 54 45 67 77 16 38 35 39 32 
#47 52 45 4 59 25 54 45 67 77 16 38 64 14 40 
#8 50 70 29 59 67 54 42 67 77 16 23 64 14 40 
#47 50 70 3 59 67 54 42 67 77 2 8 35 14 32 
#47 41 46 4 37 67 9 45 67 77 2 22 64 22 28 
#2 52 36 36 46 67 24 51 67 77 16 23 64 5 32 
#47 50 46 36 46 67 54 45 67 77 2 38 59 5 32 
#37 50 70 21 37 67 54 51 67 77 2 38 59 39 32 
#26 12 38 36 46 67 6 51 67 77 65 38 42 22 32 
#47 47 53 36 59 67 54 51 67 77 16 6 35 39 32 
#47 47 53 36 59 67 54 7 67 77 16 38 23 38 28 
#47 50 36 29 59 67 30 32 67 77 65 38 23 38 32 
#47 52 38 4 59 67 9 32 67 77 65 38 59 38 32 
#47 50 38 36 59 67 9 45 67 77 27 8 64 38 32 
#37 33 36 29 59 10 21 51 67 77 16 5 59 38 7 
#37 33 70 4 59 67 21 32 67 77 65 5 59 22 32 
#47 50 38 36 37 67 9 45 52 77 65 38 35 38 32 
#47 50 45 29 59 67 9 45 52 77 16 38 64 38 32 
#47 50 45 29 46 67 24 45 67 77 16 38 64 39 32 
#47 41 70 4 37 10 54 45 67 77 65 24 35 38 15 
#8 41 36 29 37 10 54 51 45 77 27 24 23 22 7 
#47 50 70 29 46 67 54 42 67 77 27 38 23 36 32 
#26 50 38 37 59 67 24 51 67 77 65 38 23 3 15 
#26 47 70 37 59 23 24 51 3 77 65 38 23 22 32 
#47 12 70 21 44 31 54 51 52 77 2 23 23 22 40 
#26 41 70 29 59 67 54 51 3 25 16 38 35 39 28 
#47 52 38 4 38 25 54 45 67 77 27 23 23 22 28 
#47 52 45 29 37 67 54 51 67 77 16 38 64 14 40 
#8 52 53 29 59 67 54 42 67 77 2 23 35 22 40 
#47 12 70 3 37 67 21 42 67 77 16 6 42 14 28 
#47 52 70 21 38 44 9 45 67 77 27 23 59 22 32 
#2 41 38 37 46 67 24 42 67 77 2 22 35 39 53 
#26 52 38 36 46 67 54 45 67 77 27 23 59 5 32 
#37 50 45 29 37 67 54 51 67 77 2 38 64 39 28 
#37 52 70 29 59 67 54 42 67 77 2 38 35 22 32 
#26 12 70 3 44 67 6 42 67 77 16 8 42 14 28 
#47 50 38 4 37 67 9 45 67 77 27 6 35 22 32 
#47 41 36 37 59 67 54 51 67 77 2 23 35 25 28 
#47 50 46 36 46 67 54 45 67 77 65 38 59 38 32 
#47 50 38 29 37 67 54 51 67 77 65 38 59 39 28 
#47 33 38 29 37 67 54 45 67 77 16 38 35 38 32 
#47 50 53 36 44 67 6 51 67 77 27 38 42 25 28 
#47 50 36 36 37 10 30 32 67 77 16 23 35 38 7 
#37 47 70 29 59 67 21 32 52 77 16 5 59 22 32 
#8 50 36 4 59 67 54 51 67 77 65 38 23 38 32 
#47 52 38 36 59 67 30 45 67 77 65 38 59 38 32 
#47 52 38 29 46 67 9 45 67 77 16 38 64 38 32 
#47 50 53 36 59 67 13 42 67 77 2 23 64 39 32 
#47 41 70 4 37 10 24 51 67 58 16 23 64 38 7 
#37 33 70 29 59 67 54 45 67 77 65 24 35 38 7 
#8 50 70 29 46 67 30 51 67 77 27 38 23 38 32 
#47 50 38 29 59 67 9 45 67 77 27 38 35 38 40 
#47 50 45 37 46 44 9 51 67 58 65 38 64 38 32 
#47 47 70 36 46 23 54 32 67 77 65 23 35 22 32 
14 28 47 23 19 21 
6 43 12 58 52 38 
56 53 13 55 33 50 
40 17 27 44 45 39 
7 57 59 51 24 8 
36 46 22 15 18 16 
#Base: 904
#Max: 767
#848451
#26 12 38 37 46 67 24 51 67 77 65 38 42 22 15 
#47 50 38 36 44 67 6 51 67 77 27 38 42 3 28 
#47 50 53 29 59 67 6 51 52 77 27 38 64 25 28 
#47 50 45 36 59 67 9 45 67 77 16 38 64 38 32 
#37 33 38 4 59 67 21 45 67 77 65 5 59 38 32 
#26 41 38 4 46 67 54 51 67 77 2 38 35 39 32 
#47 41 46 37 46 67 54 51 67 77 2 23 35 5 28 
#47 50 45 36 46 67 54 45 67 77 65 38 64 5 32 
#47 52 45 37 46 67 9 45 67 77 65 38 64 38 32 
#47 52 38 36 46 67 54 45 67 77 27 23 59 5 32 
#47 50 53 36 46 67 30 42 67 77 27 23 23 39 32 
#47 50 53 36 37 67 54 42 67 77 2 23 64 39 32 
#37 33 70 21 59 67 54 51 67 77 2 24 59 38 32 
#47 52 70 29 37 67 54 51 67 77 16 24 64 38 7 
#47 50 36 29 59 67 54 51 67 77 16 38 23 14 40 
#37 50 36 29 59 67 30 32 67 77 65 38 35 22 32 
#47 50 36 29 59 67 54 32 67 77 27 38 23 38 32 
#47 50 70 29 46 67 54 45 67 77 27 38 59 38 32 
#47 50 46 29 37 67 54 51 67 77 65 38 59 38 28 
#37 50 45 29 37 67 54 51 67 77 65 38 59 39 28 
#47 50 38 29 59 25 54 45 67 77 27 38 64 38 40 
#47 47 38 36 46 67 9 45 67 77 27 38 35 22 32 
#47 47 70 36 59 67 54 45 67 77 65 23 35 38 32 
#47 50 38 36 59 67 30 45 67 77 16 38 64 39 32 
#47 50 70 29 59 67 24 42 67 77 16 38 64 39 32 
#47 33 70 29 38 67 54 45 67 77 16 23 35 38 32 
#47 33 38 29 37 67 54 45 67 77 65 38 35 38 32 
#47 47 38 36 37 67 54 51 52 77 65 38 35 38 32 
#47 47 38 36 59 67 54 51 67 77 65 38 35 38 32 
#47 52 38 36 59 67 54 32 67 77 16 38 23 38 28 
#26 52 38 36 46 67 6 51 67 77 65 38 35 22 32 
#26 41 38 37 59 67 54 51 67 77 65 23 23 3 15 
#47 50 53 36 46 67 6 45 67 77 2 38 59 25 28 
#47 50 45 37 46 44 9 51 67 58 16 38 64 38 32 
#47 50 38 36 46 67 9 45 67 77 16 38 64 38 32 
#37 33 38 4 59 67 21 32 67 77 65 5 59 5 32 
#8 52 70 4 46 67 30 45 67 77 16 38 23 39 32 
#47 41 36 37 59 67 13 42 67 77 2 23 35 39 32 
#47 50 46 21 46 67 54 45 67 77 2 38 59 5 32 
#37 50 45 37 59 44 54 45 67 58 65 24 35 38 32 
#47 52 38 29 46 67 9 45 67 77 16 38 64 38 40 
#8 50 36 36 59 67 54 51 67 77 27 38 59 38 32 
#37 52 70 29 59 67 30 42 67 77 27 38 23 22 32 
#47 50 53 29 59 67 13 32 67 77 65 38 64 38 32 
#47 50 70 21 37 67 54 42 67 77 27 38 23 36 32 
#37 50 70 29 46 67 54 45 67 77 65 38 59 38 7 
#47 52 38 29 37 67 54 51 67 77 65 38 64 39 28 
#8 50 45 29 37 67 54 51 67 77 2 38 64 39 28 
#47 52 45 29 59 25 54 45 67 77 16 38 64 14 32 
#47 50 38 29 59 67 30 45 67 77 65 38 23 38 40 
#47 50 70 36 46 23 54 42 67 77 65 23 23 22 32 
#47 50 46 36 46 67 30 45 67 77 65 38 59 38 32 
#47 50 45 29 46 67 24 45 67 77 65 38 59 39 28 
#37 50 70 29 59 67 54 42 67 77 16 23 64 39 40 
#47 52 70 4 38 25 9 45 67 77 16 23 64 22 40 
#47 33 38 29 37 67 9 45 67 77 27 38 35 38 40 
#47 47 38 36 37 23 9 45 67 77 65 38 35 38 32 
#47 52 53 36 59 67 54 51 67 77 65 38 59 38 32 
#47 50 45 29 46 67 9 45 67 77 65 38 59 38 32 
#47 47 53 36 59 67 54 42 67 77 16 38 23 14 28 
#Base: 904
#Max: 795
#879425
