#[0] 3, 3
#[1] 4, 3
#[2] 3, 4
#[3] 3, 2
#[4] 2, 3
#[5] 2, 4
#[6] 1, 3
#[7] 2, 2
#[8] 3, 1
#[9] 4, 4
#[10] 5, 3
#[11] 3, 5
#[12] 4, 2
#[13] 3, 0
#[14] 5, 4
#[15] 4, 5
#[16] 5, 2
#[17] 4, 1
#[18] 0, 3
#[19] 1, 4
#[20] 2, 1
#[21] 1, 2
#[22] 2, 5
#[23] 0, 4
#[24] 5, 1
#[25] 0, 2
#[26] 5, 5
#[27] 1, 5
#[28] 2, 0
#[29] 1, 1
#[30] 4, 0
#[31] 0, 5
#[32] 1, 0
#[33] 0, 1
#[34] 5, 0
#[35] 0, 0
#Turn 0
44 47 16 13 59 24 
38 17 49 31 39 43 
12 32 3 45 1 26 
41 28 21 8 4 0 
25 11 2 55 48 5 
23 14 33 50 7 46 
#Base: 903
#Max: 346
#383167
#Turn 1
#3 9 37 26 12 41 11 47 19 33 22 3 15 2 11 
#10 9 20 11 24 41 2 39 8 18 56 35 18 14 10 
#53 2 5 11 25 41 2 19 8 18 56 2 18 21 30 
#13 15 5 43 20 42 56 19 14 14 11 26 2 21 54 
#13 3 38 43 17 42 14 25 15 9 11 6 2 3 54 
#4 35 7 5 43 4 56 34 16 5 32 28 35 8 12 
#4 35 28 5 17 4 56 9 22 39 32 18 35 7 8 
#29 2 10 23 3 25 2 9 22 13 20 17 65 7 14 
#49 31 5 36 1 4 20 1 49 12 31 13 65 34 14 
#49 31 4 33 3 27 20 7 29 12 31 7 4 3 54 
#6 3 48 11 30 18 36 21 2 3 27 12 33 8 39 
#6 15 24 7 25 59 3 21 15 3 28 15 18 8 11 
#63 15 15 14 6 23 3 62 15 1 10 15 3 39 1 
#63 15 24 22 6 53 2 9 3 19 8 70 3 39 8 
#24 21 1 52 26 29 2 9 3 10 8 70 4 5 16 
#63 4 2 16 9 27 15 56 31 47 12 12 12 12 19 
#19 19 2 16 1 7 15 47 31 8 12 12 12 6 8 
#2 72 0 5 8 10 7 47 8 8 13 9 1 19 28 
#32 1 1 8 8 53 12 12 8 64 35 9 16 7 3 
#24 1 3 17 1 53 22 32 0 2 9 15 44 7 3 
#45 19 2 31 21 14 9 19 1 33 10 18 53 28 22 
#33 4 59 19 17 14 9 5 1 25 8 8 2 64 22 
#15 4 2 17 8 15 2 2 11 25 8 8 45 34 11 
#11 4 2 37 11 15 0 1 48 15 9 25 5 34 28 
#7 0 33 18 27 64 14 33 48 54 9 6 5 12 28 
#19 26 32 50 16 6 34 1 6 6 2 22 23 16 42 
#37 1 19 20 9 15 17 3 14 21 47 1 14 16 18 
#37 24 19 20 20 43 4 20 39 29 15 16 33 50 3 
#3 22 2 45 20 8 4 20 2 4 41 40 2 50 10 
#15 22 10 45 2 8 24 43 2 21 2 40 2 25 27 
#12 2 10 7 43 18 30 47 23 5 56 3 10 21 12 
#4 35 20 52 24 4 11 18 19 25 31 35 35 8 10 
#44 2 25 11 3 25 2 39 8 18 27 2 18 14 11 
#53 15 5 3 20 20 56 19 5 3 11 26 65 21 30 
#49 31 38 43 17 42 14 29 6 14 31 13 4 6 54 
#28 2 4 33 3 37 40 25 15 9 11 48 22 11 15 
#14 13 48 7 43 18 45 16 2 5 27 12 33 15 39 
#6 35 7 33 17 59 56 21 0 3 32 5 4 8 40 
#7 2 15 7 3 25 3 9 15 55 27 15 42 12 11 
#29 15 10 14 6 4 2 1 8 1 20 17 65 34 1 
#49 21 5 36 1 29 20 9 3 12 31 70 4 6 54 
#32 25 1 52 3 6 28 17 29 10 51 4 4 3 36 
#63 13 48 11 30 27 15 16 2 47 27 2 24 12 19 
#6 3 2 33 25 5 15 21 0 3 28 12 12 6 8 
#7 15 15 7 31 7 26 47 26 8 13 15 18 68 11 
#2 15 40 14 6 53 2 8 8 19 35 15 3 39 24 
#11 1 1 22 33 29 12 12 3 64 9 15 16 39 8 
#24 25 1 17 26 6 28 6 15 10 51 4 44 5 30 
#63 25 16 31 9 11 24 12 20 26 16 2 53 12 19 
#39 16 2 19 17 14 9 19 31 57 10 12 2 6 8 
#33 19 29 5 8 7 2 5 26 8 8 4 1 68 28 
#15 72 40 37 11 10 0 8 11 19 35 25 71 19 24 
#32 4 1 0 11 53 12 12 0 15 9 23 20 14 3 
#24 0 3 4 1 16 22 33 27 2 27 6 44 12 30 
#45 19 32 47 16 11 34 3 20 26 2 9 53 28 22 
#43 1 10 19 29 7 48 19 1 20 47 1 14 0 18 
#37 4 19 17 8 15 2 5 49 25 15 8 33 64 3 
#15 27 2 37 11 43 0 20 11 29 28 25 71 50 11 
#10 22 33 18 20 64 10 43 48 15 41 23 5 25 14 
#15 6 37 4 2 3 14 53 27 54 27 6 15 12 27 
20 46 9 56 5 50 
4 30 17 24 44 59 
41 18 58 8 33 2 
3 34 57 51 40 42 
6 48 12 13 15 21 
1 27 54 37 14 36 
#Base: 903
#Max: 397
#439646
#Turn 2
#45 19 2 22 21 29 12 12 3 64 9 15 53 28 8 
#11 31 1 22 3 27 12 12 3 64 31 7 16 39 8 
#37 4 4 17 3 15 20 7 29 12 15 7 33 3 3 
#4 35 19 5 43 4 2 34 49 25 32 8 35 64 12 
#33 19 7 5 8 4 2 5 16 8 8 4 35 8 12 
#12 3 10 7 17 42 14 47 23 9 56 3 2 3 54 
#12 2 10 7 8 18 7 47 23 5 56 3 10 19 28 
#7 0 33 5 8 64 7 33 48 54 9 9 1 19 28 
#7 15 15 18 27 64 14 33 48 8 9 15 5 68 28 
#15 15 15 7 2 3 14 53 26 54 13 6 18 68 27 
#32 25 1 8 3 53 28 17 29 64 51 9 4 3 3 
#32 22 1 18 8 53 10 12 48 15 41 23 5 7 3 
#49 22 5 36 1 4 10 43 49 15 31 23 5 25 14 
#49 31 5 3 20 4 20 19 5 12 31 13 65 21 14 
#53 15 5 3 25 41 2 19 8 3 56 2 18 21 30 
#49 31 5 43 20 42 14 29 6 14 31 13 2 6 54 
#49 31 2 43 11 42 14 20 6 14 28 25 71 6 11 
#15 72 2 37 11 43 0 8 11 29 35 25 71 50 11 
#15 21 5 36 11 10 0 8 11 19 31 25 71 6 24 
#49 13 5 11 1 27 20 16 2 12 27 2 24 6 19 
#4 25 28 5 17 11 24 9 22 26 32 18 53 12 19 
#63 15 15 14 9 11 24 12 15 1 16 2 3 39 19 
#63 15 15 14 6 23 3 62 15 19 8 70 3 39 8 
#63 15 2 22 9 53 2 56 31 19 8 70 3 12 19 
#33 4 59 19 17 27 9 5 31 25 8 8 12 64 22 
#10 9 20 20 20 41 2 39 39 29 15 35 33 14 10 
#37 24 19 47 16 43 4 3 20 29 2 9 33 50 22 
#45 19 7 33 17 11 56 3 20 26 2 9 4 28 22 
#24 35 1 52 17 29 56 9 3 10 8 5 4 8 40 
#14 21 48 7 43 18 2 9 3 5 27 70 33 15 16 
#13 3 2 43 17 14 9 25 15 33 11 6 2 3 54 
#12 2 1 7 33 29 30 47 3 5 9 3 16 39 12 
#49 31 0 33 3 27 7 7 8 8 31 9 4 19 28 
#7 4 33 18 8 64 2 33 49 25 15 6 5 64 28 
#7 15 15 7 43 4 56 34 26 5 32 28 18 8 11 
#15 19 37 5 8 3 2 53 27 54 8 4 15 68 28 
#32 25 38 52 17 42 14 17 15 9 11 6 4 3 54 
#12 2 1 7 43 53 30 12 23 5 56 3 16 21 12 
#10 22 33 5 20 10 10 47 48 15 41 9 1 19 28 
#7 31 33 36 27 4 20 1 49 12 9 13 65 34 14 
#7 15 15 7 31 20 26 19 26 3 13 15 65 68 30 
#15 6 37 4 25 41 2 53 27 54 27 6 15 12 27 
#13 25 1 52 20 42 56 17 14 14 51 4 2 3 36 
#32 31 1 8 17 42 12 29 6 14 31 13 4 7 3 
#10 22 33 18 11 64 0 43 48 15 28 25 71 50 11 
#49 72 40 37 1 10 20 1 11 19 31 13 65 34 14 
#53 15 5 36 1 29 20 9 3 12 31 26 4 6 30 
#63 13 5 11 25 41 2 16 8 47 27 2 24 12 30 
#13 35 28 43 17 4 56 9 14 39 32 26 2 7 8 
#63 25 16 43 17 11 14 29 20 14 31 13 53 6 19 
#15 27 15 14 6 43 0 20 15 29 10 25 3 39 1 
#15 15 40 37 6 10 0 8 3 19 8 25 3 19 8 
#49 4 5 16 9 29 15 56 3 12 12 12 12 12 54 
#63 4 48 19 17 14 9 5 1 25 8 2 24 12 22 
#4 9 20 11 17 4 2 39 22 18 32 18 35 14 8 
#63 25 19 31 9 43 4 12 39 26 16 2 53 50 3 
#63 15 15 47 6 23 3 3 20 26 10 15 53 39 1 
#63 35 24 33 6 59 56 9 0 3 32 5 3 39 40 
#24 4 2 16 9 29 2 56 3 10 12 12 12 5 19 
#14 4 59 19 17 14 9 5 1 5 27 8 33 15 39 
37 14 5 29 15 28 
12 52 24 55 49 47 
26 39 8 57 22 0 
9 33 23 17 45 40 
13 56 3 44 35 7 
48 41 42 16 10 36 
#Base: 903
#Max: 449
#497231
#Turn 3
#53 2 5 7 43 53 30 19 8 3 56 3 16 21 12 
#12 15 5 7 25 42 2 19 23 9 56 3 18 3 30 
#14 3 48 7 17 18 2 9 23 5 27 3 2 3 16 
#14 21 5 7 20 42 14 29 6 5 31 13 2 6 16 
#24 35 1 43 20 29 56 29 6 10 31 5 2 6 40 
#49 4 5 36 9 29 10 56 3 15 31 23 5 12 54 
#33 4 5 16 17 27 15 56 3 25 12 8 12 64 54 
#33 25 59 31 17 43 9 12 31 25 8 8 12 64 3 
#63 25 16 31 9 43 14 12 20 14 31 2 53 50 3 
#63 25 5 11 17 41 14 29 20 14 31 2 53 6 19 
#7 24 19 36 16 4 20 1 49 12 2 9 65 34 14 
#7 15 15 36 27 64 14 33 49 8 9 13 65 68 28 
#63 35 24 18 6 59 14 9 48 8 32 5 5 68 28 
#63 15 15 33 6 59 3 62 0 19 8 5 3 39 8 
#63 19 15 22 21 29 12 12 3 64 8 15 3 28 8 
#7 4 15 18 8 64 14 33 26 54 15 6 5 64 27 
#63 15 2 22 8 64 2 56 31 25 8 6 3 12 28 
#63 15 2 22 9 43 2 56 11 19 35 25 71 50 19 
#49 72 40 37 1 43 0 8 11 29 31 13 65 34 14 
#49 72 40 7 1 20 20 19 11 3 13 13 65 34 30 
#49 15 15 47 6 23 3 3 20 12 10 15 53 21 14 
#4 15 19 47 43 23 2 3 20 26 10 8 53 64 12 
#4 35 19 5 11 64 0 43 49 15 32 25 71 50 12 
#10 22 37 5 11 64 0 53 27 54 28 25 71 68 28 
#15 19 37 5 8 3 2 53 27 54 8 9 15 19 28 
#15 6 28 43 17 4 2 9 14 54 27 26 15 12 8 
#13 25 37 4 20 42 56 17 27 14 51 6 2 3 27 
#13 31 1 43 20 42 56 20 14 14 51 25 2 6 36 
#49 25 2 8 11 53 28 20 29 14 51 25 4 6 11 
#32 25 1 52 17 53 14 17 29 9 11 6 4 3 3 
#49 2 1 7 43 4 10 12 49 5 56 3 5 25 14 
#49 4 5 3 9 29 2 56 3 3 12 12 12 12 54 
#12 4 59 19 17 42 9 5 31 25 8 3 2 64 22 
#63 25 19 31 9 43 2 9 3 5 27 70 53 50 16 
#63 31 16 43 20 11 14 29 6 14 31 13 2 6 19 
#24 35 1 52 25 41 56 16 8 10 27 5 4 12 40 
#49 22 19 36 16 4 4 3 20 15 31 23 33 50 14 
#7 4 5 16 27 4 20 1 3 12 9 12 65 34 54 
#7 15 15 18 17 27 9 33 31 8 8 15 12 64 22 
#63 25 19 31 9 43 56 9 0 26 32 2 53 39 3 
#63 15 15 14 6 11 3 29 20 14 8 70 53 39 19 
#45 13 2 22 25 29 2 12 8 47 27 15 53 12 30 
#37 24 19 7 2 3 14 53 20 54 2 9 18 68 27 
#7 4 33 36 27 4 2 33 49 25 9 13 5 64 14 
#63 15 2 22 9 53 14 56 48 8 9 15 3 12 28 
#15 35 2 37 6 43 0 9 0 3 32 25 71 39 40 
#63 72 40 14 1 23 3 62 15 19 8 70 3 34 8 
#7 15 15 7 21 29 12 19 26 3 9 15 53 68 30 
#49 31 15 7 2 4 14 19 26 12 31 13 65 68 14 
#63 4 15 18 6 23 2 3 49 26 10 15 5 39 1 
#63 35 2 5 9 4 2 56 31 19 32 8 35 12 12 
#10 72 2 37 11 43 0 43 11 15 28 25 71 50 11 
#15 72 37 5 1 10 2 1 27 19 31 13 65 68 28 
#7 0 15 5 8 20 26 33 26 3 9 15 65 19 30 
#49 31 28 3 20 4 20 9 14 39 31 13 2 7 8 
#63 15 15 4 25 23 2 53 27 26 10 15 53 39 1 
#4 35 19 52 20 42 56 17 49 25 32 8 2 3 12 
#10 22 33 43 11 64 14 20 48 14 28 25 71 6 11 
#32 19 1 8 3 3 2 53 27 54 8 9 4 3 3 
#32 25 33 52 17 42 7 33 15 54 11 9 1 19 28 
14 50 6 8 7 5 
32 59 42 22 44 27 
0 45 33 18 17 55 
40 52 51 23 11 19 
35 16 39 46 12 13 
9 56 15 57 48 21 
#Base: 903
#Max: 503
#557032
#Turn 4
#63 35 15 5 21 4 12 56 31 19 8 8 3 12 8 
#63 35 2 5 9 27 15 56 31 25 12 8 35 64 54 
#63 25 16 31 17 43 15 56 3 14 12 8 12 50 3 
#33 25 16 31 9 43 9 12 20 25 8 2 12 50 3 
#33 25 59 31 9 29 9 56 31 25 8 23 5 12 54 
#12 25 33 52 17 42 9 5 15 54 11 9 1 19 28 
#32 25 33 7 2 42 14 53 15 54 2 9 18 68 28 
#37 24 19 7 11 3 14 53 49 54 32 25 18 68 12 
#63 15 2 5 11 64 0 43 49 8 9 15 71 12 12 
#63 31 1 22 9 53 14 20 14 14 9 25 3 6 28 
#53 2 5 37 43 53 30 9 8 3 32 3 71 21 12 
#15 25 19 31 6 43 2 9 0 5 32 70 53 39 40 
#49 25 19 37 1 43 0 8 11 29 27 13 65 50 14 
#63 15 2 37 9 43 2 56 11 19 35 13 71 50 14 
#63 15 2 4 9 43 2 53 27 19 35 15 53 39 19 
#63 15 37 5 6 11 3 29 27 19 8 13 53 68 19 
#10 72 2 37 1 10 0 1 11 15 28 13 65 68 11 
#10 22 2 37 11 64 0 43 27 54 28 25 71 68 11 
#10 15 37 5 27 64 14 33 27 54 9 13 65 68 28 
#49 15 15 7 27 20 14 33 11 3 9 13 65 34 30 
#24 15 1 52 8 41 56 16 8 10 27 5 3 12 40 
#63 25 19 31 9 43 56 56 31 25 8 6 3 39 28 
#63 25 40 31 1 43 56 9 0 19 32 70 53 34 3 
#63 72 40 18 6 23 14 62 48 8 8 5 5 34 28 
#63 35 24 33 6 59 3 9 48 8 8 5 3 68 28 
#4 25 19 52 20 41 14 17 49 14 32 2 53 3 12 
#7 4 15 52 20 42 14 17 49 54 32 8 2 64 12 
#7 22 15 43 11 64 14 20 26 54 15 6 71 6 27 
#49 22 15 43 11 4 14 20 26 14 28 25 65 6 14 
#49 15 19 47 43 23 14 3 26 12 31 13 53 68 14 
#12 4 59 22 21 42 12 5 31 64 8 3 3 64 22 
#32 35 2 5 9 4 7 56 31 19 32 8 1 19 12 
#37 24 5 16 2 3 15 53 3 54 12 8 18 68 54 
#63 25 19 5 9 43 0 12 20 14 32 25 53 50 12 
#33 15 2 31 17 53 14 12 48 8 8 8 12 12 3 
#49 31 5 43 20 42 56 20 3 15 51 23 2 12 36 
#12 4 5 19 17 42 9 19 31 25 56 3 2 21 12 
#32 35 2 52 6 43 0 9 0 3 11 25 71 39 28 
#63 25 19 7 2 3 14 9 20 54 2 9 18 68 27 
#49 72 40 5 1 43 0 43 49 29 32 25 65 34 12 
#63 15 2 22 9 53 2 56 11 8 35 15 3 50 19 
#13 31 15 43 25 42 56 53 27 26 10 25 2 39 1 
#63 15 15 7 43 53 30 29 20 3 8 70 16 39 12 
#15 35 37 37 6 10 0 1 0 19 31 13 65 39 40 
#63 25 2 31 11 43 2 9 11 15 27 70 71 50 11 
#10 72 37 37 11 43 0 8 11 29 31 13 71 68 28 
#7 15 2 22 9 64 2 33 11 19 35 25 65 68 19 
#49 15 40 7 25 23 2 53 11 3 13 15 53 39 1 
#63 15 1 14 25 11 3 16 8 10 27 70 53 12 19 
#63 72 2 22 1 64 2 56 31 19 31 13 65 68 28 
#63 25 2 37 9 43 0 9 0 15 28 25 71 50 3 
#10 22 40 14 1 64 0 53 27 54 8 25 71 34 28 
#7 35 24 36 27 59 14 33 48 8 32 5 5 68 28 
#49 15 40 33 1 59 3 62 0 3 8 5 65 39 30 
#63 35 5 11 25 41 56 16 8 10 27 5 4 6 19 
#4 35 2 22 8 64 2 17 31 25 32 6 3 3 12 
#7 25 19 18 9 43 56 33 26 54 32 6 5 39 27 
#10 22 33 43 1 64 3 62 15 14 8 70 3 34 8 
#63 35 24 18 2 4 14 19 48 12 31 13 5 68 14 
#4 15 19 47 6 59 2 62 20 26 8 8 3 39 12 
40 4 6 7 16 35 
15 14 50 44 52 32 
30 29 51 22 18 27 
24 13 45 49 17 53 
11 46 8 39 23 21 
12 10 57 1 42 26 
#Base: 903
#Max: 537
#594684
#Turn 5
#63 25 59 22 9 53 2 56 11 25 8 15 5 50 19 
#32 25 33 31 9 29 9 56 31 25 8 9 18 68 54 
#37 25 19 7 11 3 14 53 15 54 32 25 18 68 12 
#10 72 19 7 1 3 14 1 11 15 32 13 65 68 11 
#49 72 5 43 20 42 56 1 3 15 51 23 65 68 36 
#63 15 2 5 6 43 3 29 27 19 8 13 53 39 19 
#63 15 2 4 9 43 2 53 0 19 35 25 53 50 3 
#63 25 2 37 11 43 0 9 11 15 27 70 71 50 3 
#63 25 24 31 11 59 2 9 11 8 32 5 71 68 28 
#37 24 5 36 27 59 15 53 48 54 32 8 5 68 54 
#49 4 19 22 43 23 12 3 31 64 31 3 3 64 22 
#49 22 19 47 43 64 14 3 27 54 31 25 71 68 28 
#10 22 40 31 1 64 56 53 0 54 32 25 71 34 28 
#10 25 37 5 1 64 56 33 0 19 32 70 53 68 28 
#10 22 15 43 11 64 14 20 26 54 9 6 71 6 28 
#63 15 2 33 9 43 2 9 48 8 35 5 3 68 14 
#63 15 37 37 9 43 0 8 11 29 35 13 71 50 14 
#10 72 37 37 1 64 0 56 31 29 31 13 71 68 28 
#63 72 2 37 1 64 2 43 27 19 31 13 71 68 11 
#49 22 40 33 11 64 0 62 0 54 8 25 71 68 30 
#15 25 19 22 9 43 2 33 11 5 35 25 53 39 40 
#7 15 2 22 11 64 0 43 11 8 35 25 65 68 19 
#49 15 2 5 1 64 0 43 49 8 9 25 65 12 12 
#63 72 40 5 1 23 0 43 49 8 32 25 65 34 28 
#63 72 19 31 6 43 56 62 31 8 8 5 3 39 28 
#53 25 19 37 1 43 0 9 8 3 27 3 65 50 14 
#10 2 5 43 1 53 3 9 8 3 8 3 71 21 12 
#10 35 2 5 1 64 3 56 15 25 8 8 35 34 8 
#63 35 2 7 43 53 15 56 20 3 12 8 35 39 12 
#7 15 15 52 20 42 30 17 20 3 8 8 2 39 12 
#63 15 37 5 6 11 2 56 11 19 35 13 3 50 19 
#63 15 2 31 9 29 2 53 27 25 35 15 5 12 19 
#63 25 33 7 2 43 0 9 0 54 28 25 71 68 28 
#63 25 19 7 11 43 14 53 11 15 32 25 18 68 12 
#10 72 24 37 1 59 14 33 11 15 32 13 65 68 28 
#37 31 5 43 20 3 56 20 3 54 12 8 2 68 54 
#12 4 59 22 6 11 3 5 31 64 8 13 3 64 19 
#63 15 19 4 43 43 14 3 27 19 31 15 53 39 19 
#63 22 2 37 1 64 0 53 27 54 8 25 71 50 28 
#63 25 2 31 11 43 2 9 0 15 32 70 53 50 11 
#7 15 37 5 27 59 14 33 27 8 9 13 65 68 28 
#37 22 15 43 11 64 14 53 3 54 12 6 71 68 54 
#12 35 59 33 6 42 12 5 31 8 8 3 3 64 28 
#63 15 19 47 9 43 2 3 26 12 31 13 71 50 14 
#10 72 37 14 1 43 0 53 27 54 8 13 71 34 28 
#63 72 2 31 1 64 56 9 0 19 32 70 53 68 3 
#10 22 37 5 11 64 14 33 27 54 28 13 65 68 28 
#49 22 15 33 11 64 14 20 26 3 8 6 65 6 27 
#15 25 24 33 6 43 2 9 48 5 8 70 53 39 28 
#63 15 2 37 9 64 2 33 11 19 35 13 65 68 19 
#63 15 2 37 11 64 0 43 49 8 31 13 71 68 28 
#63 72 2 5 1 64 0 43 49 19 31 25 65 68 12 
#10 72 2 37 6 64 14 43 48 54 8 5 5 68 28 
#63 25 19 31 1 43 56 62 31 3 8 5 3 39 30 
#49 25 19 37 1 43 0 8 11 5 32 13 53 50 14 
#7 2 5 22 9 53 2 9 11 3 32 3 71 21 12 
#10 22 33 5 1 64 3 62 15 14 9 70 71 34 12 
#63 35 40 5 1 27 0 56 49 25 32 25 35 64 12 
#63 72 40 7 6 53 14 62 48 8 8 5 16 39 12 
#63 4 19 52 20 43 14 17 31 25 8 6 2 39 12 
33 40 56 32 7 43 
1 0 49 11 46 39 
35 58 41 51 19 8 
23 50 18 45 4 13 
53 44 9 17 38 34 
21 57 24 12 52 16 
#Base: 903
#Max: 565
#625692
#Turn 6
#7 15 37 7 27 59 14 53 11 15 32 25 65 68 12 
#7 22 33 5 1 59 14 33 27 8 9 70 71 34 28 
#63 22 33 7 2 43 3 62 0 54 9 25 71 68 12 
#63 25 33 7 11 43 0 9 11 15 28 70 71 68 3 
#63 15 19 47 9 43 0 9 26 15 31 70 71 50 14 
#32 25 33 22 9 53 9 56 11 25 8 15 18 68 54 
#63 15 2 37 9 64 2 56 11 25 8 15 5 50 19 
#49 15 2 37 9 64 14 33 11 19 35 25 65 68 28 
#10 22 19 5 11 64 14 33 27 54 28 13 71 68 28 
#10 25 37 5 11 43 2 9 0 15 32 70 53 50 28 
#37 72 40 7 20 53 14 20 3 8 12 5 16 39 12 
#63 72 15 7 6 53 14 62 3 8 8 6 71 39 54 
#37 22 2 5 11 64 14 53 3 54 31 25 65 68 54 
#63 22 2 33 11 64 0 62 49 19 31 25 71 68 30 
#49 22 40 31 11 64 0 62 11 8 32 5 71 68 28 
#63 72 40 37 1 64 0 43 49 8 31 13 65 34 28 
#63 72 2 37 1 64 0 43 27 19 31 13 71 68 28 
#63 72 2 37 1 64 2 43 27 19 32 13 71 68 11 
#49 72 5 43 20 42 56 1 3 15 32 70 65 68 36 
#49 25 5 43 1 64 56 33 0 15 32 23 53 68 28 
#63 72 19 14 1 43 56 62 27 3 8 13 71 39 30 
#37 24 5 36 1 59 0 53 27 54 8 13 5 68 28 
#10 72 5 37 1 59 0 53 48 54 32 8 5 68 28 
#10 22 2 37 1 64 0 56 31 54 8 25 71 50 28 
#10 72 2 37 1 64 14 33 27 54 32 13 65 68 28 
#63 35 40 5 1 27 0 43 11 8 32 25 35 68 19 
#63 72 40 5 1 43 56 62 31 8 8 5 3 64 28 
#63 22 19 31 1 43 56 53 0 8 32 5 71 34 28 
#10 22 40 31 6 64 56 43 48 54 32 25 71 68 28 
#10 15 2 37 6 43 0 43 11 29 8 5 5 68 14 
#32 25 33 7 9 29 14 56 31 15 8 25 18 68 54 
#7 25 59 22 27 53 2 33 11 25 8 13 65 50 19 
#10 15 33 37 9 64 2 33 15 14 35 70 71 68 19 
#49 25 19 47 43 43 0 9 0 54 28 25 71 68 28 
#10 22 2 37 11 43 0 33 27 15 27 70 71 50 3 
#63 15 2 47 9 43 2 9 0 12 32 13 71 50 14 
#32 25 5 31 20 3 56 56 31 54 8 9 2 68 54 
#63 72 40 22 6 53 14 62 11 25 8 15 5 39 19 
#63 15 2 43 11 64 14 33 11 54 35 13 65 68 54 
#63 72 2 47 1 64 14 43 49 54 31 25 65 68 12 
#49 22 40 5 11 64 0 62 27 54 28 25 71 68 30 
#63 25 24 31 11 59 2 9 11 15 32 70 71 50 11 
#63 72 40 5 1 23 0 20 49 8 32 8 65 34 28 
#63 15 2 7 6 64 0 62 48 8 31 13 71 39 28 
#37 72 2 43 11 64 14 43 27 19 31 6 71 68 54 
#63 72 2 31 1 64 56 43 49 19 31 25 65 68 3 
#49 22 5 33 11 42 56 62 0 15 8 25 65 68 30 
#63 25 37 31 1 64 2 33 0 8 32 70 53 68 28 
#63 72 19 31 1 43 56 62 31 3 8 25 3 34 28 
#10 15 2 14 11 43 0 53 27 54 31 13 71 68 28 
#37 24 2 37 1 59 15 43 27 19 32 13 5 68 54 
#63 72 2 37 1 64 56 9 0 29 32 70 71 68 3 
#63 72 5 43 20 42 0 53 27 15 8 23 71 50 28 
#10 25 24 37 1 64 14 33 0 15 32 13 53 68 28 
#7 15 19 22 11 64 56 62 31 3 35 5 65 39 19 
#63 35 40 5 1 43 0 53 49 25 8 25 71 34 28 
#63 24 5 36 6 43 56 62 31 54 32 8 5 39 54 
#10 22 40 31 1 64 0 53 0 29 32 25 71 68 28 
#63 72 2 37 6 64 0 53 27 54 8 25 5 68 28 
#63 72 24 37 1 43 0 33 11 29 32 13 71 68 28 
43 55 22 12 11 48 
57 41 26 16 56 19 
46 14 40 28 44 33 
58 13 18 39 45 17 
4 52 20 51 15 24 
3 32 47 38 59 2 
#Base: 903
#Max: 610
#675526
#Turn 7
#63 15 2 5 1 43 0 53 49 8 8 13 71 34 28 
#63 35 5 5 1 43 0 53 49 25 8 8 71 34 28 
#37 22 2 5 1 59 14 53 3 54 32 25 5 68 54 
#37 22 15 7 11 53 14 53 3 8 31 25 65 39 54 
#63 72 15 7 6 43 14 62 31 8 8 25 71 34 28 
#10 22 24 31 1 59 2 53 0 29 32 25 71 50 11 
#63 72 24 31 11 43 2 9 11 8 8 5 71 64 28 
#63 72 2 5 1 43 56 43 31 8 31 13 71 68 28 
#63 24 2 37 6 43 0 62 31 54 32 8 5 68 28 
#49 25 5 36 1 43 56 33 0 15 32 8 53 68 54 
#49 22 5 31 11 64 0 62 0 8 32 25 71 68 28 
#49 22 40 5 11 64 0 62 27 8 32 5 71 68 28 
#10 22 40 5 11 64 56 62 48 54 28 25 71 68 30 
#37 22 2 43 11 64 14 43 27 54 32 6 71 68 54 
#49 72 2 43 11 43 14 43 0 19 31 25 71 68 28 
#63 72 2 37 6 64 0 62 27 19 8 25 5 68 28 
#63 72 5 33 11 42 56 1 3 19 32 70 65 68 36 
#63 72 2 47 1 64 14 43 49 15 31 25 65 68 36 
#63 72 2 31 1 64 56 43 49 54 31 25 65 68 3 
#63 72 2 31 1 64 56 43 49 19 32 25 71 68 3 
#63 72 5 43 20 42 0 9 26 15 8 70 71 50 28 
#63 72 19 14 20 43 0 62 27 15 8 23 71 39 28 
#63 72 2 37 1 43 56 62 27 3 32 13 71 68 3 
#63 72 2 37 1 64 56 9 0 29 31 13 71 34 3 
#63 72 2 37 1 64 0 33 27 8 31 13 65 34 28 
#63 15 33 37 11 43 0 9 11 14 28 70 71 68 19 
#63 15 33 31 1 64 2 33 15 8 35 70 53 68 28 
#63 15 37 31 11 64 2 33 0 8 35 13 53 68 54 
#63 15 24 43 1 64 0 33 11 54 32 13 71 68 54 
#63 72 33 7 1 43 3 33 0 29 9 25 71 68 28 
#63 22 2 7 1 64 0 53 48 29 32 13 71 68 28 
#63 25 24 5 1 43 2 53 49 15 8 25 71 50 11 
#63 72 40 37 1 43 0 53 31 8 32 5 5 64 28 
#37 22 2 37 1 64 0 43 27 19 31 25 65 68 28 
#63 24 5 36 6 53 14 62 3 8 32 8 71 39 54 
#63 72 5 31 1 43 56 33 0 3 32 25 53 68 28 
#10 22 40 31 11 42 56 53 0 29 8 25 71 68 30 
#49 25 24 31 11 64 0 62 11 15 32 5 71 68 11 
#49 72 40 5 11 43 0 62 27 54 28 5 3 68 30 
#63 22 2 37 1 64 56 43 48 19 31 25 71 68 28 
#37 72 5 43 6 43 56 43 31 19 31 8 5 39 54 
#49 25 5 43 1 64 0 9 0 15 28 23 71 68 28 
#63 22 5 33 6 42 56 62 27 15 8 25 5 68 28 
#49 22 40 31 11 64 0 62 11 19 32 5 71 68 28 
#49 22 5 43 11 64 56 62 27 54 28 70 71 68 30 
#10 22 40 47 6 64 14 43 49 54 31 25 65 68 28 
#63 72 2 31 1 64 14 43 49 19 31 25 71 68 3 
#49 72 2 37 43 43 0 9 0 54 32 13 71 68 11 
#63 15 19 37 9 64 0 53 26 15 31 70 5 68 28 
#63 22 2 33 20 42 0 62 27 19 31 23 71 50 28 
#63 72 19 43 1 42 56 62 27 15 32 70 71 68 30 
#63 72 2 47 1 64 56 9 49 54 32 70 65 68 12 
#63 72 2 37 1 64 0 43 49 19 31 25 65 68 3 
#63 72 2 37 1 64 2 33 27 19 32 13 65 68 11 
#63 15 33 47 11 43 0 9 26 15 31 70 71 50 14 
#63 72 33 43 9 64 2 33 15 14 35 70 71 50 28 
#63 72 37 31 1 43 2 62 0 8 32 13 53 68 28 
#63 72 2 37 1 64 14 9 11 29 32 13 65 68 3 
#63 72 40 37 1 43 0 43 11 8 31 13 65 68 28 
#10 72 33 7 2 64 3 62 27 54 32 13 65 68 28 
25 11 47 20 35 23 
54 21 26 17 58 30 
48 56 12 19 55 14 
52 16 18 51 44 46 
38 7 45 50 39 59 
15 53 13 22 28 43 
#Base: 903
#Max: 671
#743079
#Turn 8
#49 22 33 5 11 64 0 9 11 8 32 70 71 68 28 
#49 72 40 5 43 43 0 9 0 54 32 5 71 68 11 
#63 72 5 43 43 42 0 9 0 15 32 70 71 68 11 
#63 72 5 43 20 42 0 33 26 15 32 25 53 50 28 
#63 72 5 37 1 64 56 33 0 3 31 25 71 68 28 
#63 72 19 14 20 43 0 62 26 15 8 70 71 39 28 
#63 15 33 14 20 64 2 33 15 15 8 70 53 68 28 
#63 72 2 47 1 64 14 33 49 15 35 25 53 68 36 
#63 72 2 47 1 43 14 43 49 15 31 13 65 68 36 
#63 72 40 37 1 43 0 43 11 29 32 13 65 68 28 
#63 72 19 31 1 43 0 62 26 8 32 13 5 68 28 
#10 72 40 5 1 64 2 62 0 54 32 13 53 68 28 
#10 22 2 5 11 64 56 43 49 54 28 25 71 68 30 
#63 72 33 31 9 64 56 33 49 19 35 25 71 50 3 
#63 72 2 43 9 43 2 33 0 19 31 25 71 50 28 
#63 72 5 37 1 64 0 43 49 19 31 70 65 68 3 
#63 72 2 31 1 42 56 43 49 19 32 25 65 68 36 
#63 72 2 31 1 64 56 43 49 54 31 70 65 68 3 
#49 22 2 43 11 64 56 9 27 54 28 70 71 68 30 
#49 22 2 43 11 64 56 43 27 54 28 70 71 68 30 
#49 72 40 5 11 43 56 62 31 54 31 5 71 68 30 
#10 72 40 47 6 64 56 43 49 54 31 13 65 68 28 
#63 72 40 43 6 42 56 62 27 15 31 70 71 68 30 
#63 72 19 37 1 64 56 62 48 15 32 70 71 68 28 
#10 72 2 7 2 64 3 43 48 19 31 13 65 68 28 
#63 72 2 37 1 64 2 62 27 19 8 25 5 68 11 
#37 72 2 37 11 64 14 33 27 19 32 13 65 68 11 
#37 22 2 43 1 64 14 43 27 54 32 13 71 68 54 
#63 72 2 43 1 43 0 33 11 54 32 13 71 68 3 
#63 22 24 43 11 64 0 62 11 54 32 5 71 68 54 
#63 15 33 47 11 43 0 9 11 15 31 70 71 50 14 
#49 72 19 14 20 64 0 62 27 15 8 5 71 39 28 
#49 72 2 31 43 43 2 9 15 54 32 13 71 68 28 
#63 72 5 47 1 64 0 9 26 15 8 25 71 50 28 
#63 72 40 37 1 43 0 33 0 8 32 13 53 68 28 
#63 72 2 37 1 64 56 53 48 29 32 13 71 34 28 
#63 15 33 37 11 43 0 53 26 15 31 70 71 68 28 
#63 72 37 31 1 43 2 62 27 15 32 23 53 68 28 
#10 15 33 5 11 64 56 62 48 54 35 25 71 68 28 
#63 72 2 31 1 64 56 43 49 19 32 25 71 68 3 
#63 72 33 43 9 64 0 33 11 8 35 70 65 68 28 
#63 72 2 7 11 64 14 53 0 29 31 25 71 68 28 
#63 72 19 37 1 64 0 53 26 19 31 70 5 68 28 
#63 72 5 31 1 43 2 1 3 19 32 13 65 68 36 
#10 22 2 5 11 64 56 43 49 54 28 25 65 68 3 
#63 72 2 31 1 64 56 9 49 19 32 25 65 68 12 
#49 22 5 43 11 64 2 62 27 54 35 70 71 50 30 
#49 72 2 43 1 64 14 43 49 19 31 25 71 68 28 
#49 72 2 37 11 43 0 43 49 54 31 5 65 68 3 
#63 72 5 5 1 42 56 1 31 19 32 70 65 68 36 
#10 22 2 31 1 64 14 43 49 54 31 25 65 68 3 
#63 72 2 43 1 42 56 9 27 54 32 70 71 68 12 
#49 22 2 43 1 64 56 62 27 19 28 25 71 68 30 
#10 72 2 31 2 64 3 62 27 19 31 25 65 68 3 
#49 72 40 37 11 64 0 62 27 54 8 25 3 68 28 
#63 72 2 37 1 43 56 33 31 19 32 13 71 68 28 
#37 22 40 43 11 64 14 43 49 54 31 6 71 68 28 
#63 72 2 37 1 43 56 62 27 3 32 70 71 68 3 
#63 22 2 37 1 64 0 43 48 19 31 13 71 68 54 
#10 72 33 31 11 64 3 62 27 54 32 5 71 68 28 
2 27 49 56 45 5 
54 4 59 51 47 8 
37 7 13 19 20 55 
39 57 21 23 17 35 
42 29 40 22 18 15 
9 52 38 16 46 36 
#Base: 903
#Max: 706
#781838
#Turn 9
#63 22 5 43 1 42 0 9 27 54 32 13 71 68 11 
#63 22 2 5 1 42 56 43 31 54 32 70 71 68 54 
#37 72 40 5 1 42 56 43 31 19 32 6 65 68 36 
#63 72 40 31 11 64 14 9 49 19 31 6 71 68 28 
#63 72 19 31 1 64 0 9 26 19 8 25 71 39 28 
#49 72 5 37 11 64 56 33 27 54 31 25 3 68 28 
#10 72 5 31 11 64 3 62 27 54 31 25 71 68 28 
#10 72 33 43 1 64 3 9 27 54 32 5 71 68 28 
#63 72 2 43 1 64 56 43 49 54 31 70 71 68 12 
#63 72 2 47 1 64 14 43 49 15 31 25 65 68 28 
#63 72 2 47 1 64 2 33 27 15 35 25 53 68 28 
#63 72 2 31 1 64 56 33 49 19 35 25 53 50 3 
#63 22 33 43 11 64 56 43 27 19 28 70 71 68 3 
#49 72 40 43 11 43 56 43 27 54 28 5 71 68 30 
#63 72 2 5 11 43 56 62 31 19 31 5 71 68 30 
#63 72 2 37 1 64 56 62 49 19 32 70 71 68 3 
#10 72 2 47 6 64 56 62 49 3 32 13 65 68 28 
#63 72 40 37 1 64 56 43 48 15 32 70 71 68 28 
#63 72 19 31 1 64 56 43 49 15 32 70 65 68 28 
#63 72 2 31 1 64 56 53 48 54 32 70 71 34 3 
#63 22 19 37 1 64 0 53 11 19 32 5 5 68 54 
#63 72 33 43 11 64 0 62 11 54 35 5 71 68 28 
#63 72 40 43 6 64 56 62 27 15 35 70 65 68 30 
#49 72 2 43 6 42 56 9 27 15 31 70 71 68 30 
#63 72 2 43 11 64 0 9 49 54 31 70 71 68 3 
#49 72 2 43 1 64 0 43 11 29 32 13 65 68 28 
#49 22 33 5 11 64 56 62 27 54 35 25 71 68 28 
#63 15 2 5 11 64 56 62 48 54 35 25 65 68 28 
#49 22 5 43 1 42 2 43 49 54 32 70 71 50 30 
#63 22 33 37 11 64 0 53 27 15 35 70 71 50 28 
#49 72 40 37 11 42 0 9 27 54 32 70 3 68 11 
#37 22 5 43 1 64 56 43 27 3 32 13 71 68 28 
#10 72 33 31 11 42 56 62 27 54 32 70 71 68 28 
#63 22 2 43 11 64 14 43 49 54 32 70 71 68 28 
#63 72 2 43 1 64 56 9 49 19 32 25 65 68 28 
#63 72 19 47 20 43 0 62 26 15 31 70 65 68 36 
#49 72 40 31 1 43 2 62 27 54 32 25 53 68 28 
#63 72 2 47 1 64 14 33 0 3 35 25 71 68 28 
#63 72 33 31 11 64 56 62 49 19 35 25 71 50 28 
#63 72 2 43 1 64 56 9 27 54 32 70 71 68 12 
#49 72 2 5 11 64 14 43 49 19 31 5 71 68 30 
#63 72 2 37 1 43 14 33 31 15 32 13 71 68 36 
#63 72 2 31 1 64 2 43 49 15 32 25 53 68 28 
#63 72 2 47 1 43 14 62 49 15 32 70 71 68 36 
#63 72 40 47 9 64 56 33 49 54 35 25 65 50 3 
#63 72 2 43 11 64 56 62 27 54 28 70 71 68 28 
#63 72 2 5 1 43 56 43 49 54 31 5 71 68 3 
#63 72 2 37 1 64 56 53 48 29 32 13 71 68 28 
#63 72 2 31 1 64 56 43 49 19 31 70 5 68 28 
#63 22 2 43 11 43 56 62 11 54 32 70 71 68 3 
#10 72 33 43 6 64 0 33 49 54 31 70 65 68 28 
#63 72 40 43 1 42 56 62 27 15 31 70 71 68 30 
#49 72 2 31 11 64 56 43 49 54 31 70 65 68 30 
#63 72 2 37 1 64 0 53 48 29 31 13 65 34 3 
#63 72 19 37 1 43 0 43 26 19 31 13 65 68 28 
#63 22 24 43 1 64 56 62 11 54 32 5 71 68 54 
#10 15 33 5 11 64 0 33 11 8 35 25 71 68 28 
#63 72 2 43 6 42 56 43 27 19 32 70 65 68 30 
#49 22 2 43 11 64 56 62 27 54 35 70 71 50 30 
#63 72 33 37 1 64 0 43 26 19 31 70 71 68 28 
29 23 21 39 26 36 
24 48 12 38 47 49 
27 55 18 51 8 50 
19 32 52 22 17 58 
34 33 13 45 44 43 
9 59 35 15 57 1 
#Base: 903
#Max: 719
#796235
#63 22 33 43 11 64 56 9 27 15 31 70 71 68 28 
#63 72 2 43 11 64 56 9 11 15 35 5 71 68 28 
#63 72 2 43 11 64 0 9 27 54 35 5 71 68 28 
#49 72 2 5 11 64 56 62 27 54 32 70 71 68 28 
#49 22 33 5 11 43 56 62 27 54 35 25 71 68 28 
#63 72 2 31 11 64 0 43 49 19 31 70 71 68 28 
#63 22 2 43 11 64 56 43 27 19 31 70 71 68 3 
#63 22 33 43 11 64 56 43 27 19 28 25 71 68 28 
#63 72 33 31 11 64 56 53 48 19 32 25 71 50 28 
#63 72 2 37 1 64 56 53 11 54 32 13 71 68 3 
#63 22 2 43 11 64 56 62 11 54 35 25 71 68 54 
#63 22 19 31 1 64 56 62 11 15 32 5 65 68 54 
#63 72 40 31 1 42 56 62 49 15 31 70 71 68 28 
#63 72 40 43 1 42 56 62 27 15 31 70 71 68 12 
#10 72 33 43 6 64 56 33 49 54 31 70 65 68 12 
#63 72 33 31 11 42 56 62 48 54 32 70 71 34 28 
#10 72 33 31 11 64 56 62 49 54 32 70 65 68 30 
#63 72 2 31 11 64 56 43 27 15 35 70 65 68 30 
#63 72 40 37 1 64 56 43 48 15 32 70 71 68 28 
#49 72 40 37 11 64 56 62 27 15 35 70 71 68 30 
#63 72 2 43 11 64 14 43 49 19 32 70 71 68 28 
#63 22 2 43 11 64 56 43 27 54 32 70 71 68 30 
#49 72 2 43 11 43 56 62 27 54 28 70 71 68 30 
#63 72 40 43 9 64 56 33 27 54 35 25 71 68 3 
#63 72 40 47 9 64 56 62 49 15 32 25 65 68 3 
#63 72 33 47 1 64 14 43 49 19 31 70 65 68 28 
#63 72 19 47 1 43 0 43 26 19 31 70 71 68 36 
#63 72 19 47 20 43 56 62 26 19 32 70 71 68 3 
#63 72 2 37 6 42 56 43 49 19 32 70 65 68 3 
#63 22 2 43 1 42 56 43 31 19 32 70 71 68 30 
#63 22 2 43 11 64 0 9 49 15 31 70 71 68 28 
#63 72 2 31 6 42 56 9 49 19 31 70 5 68 28 
#63 72 33 43 11 64 0 62 27 54 35 70 71 68 3 
#63 72 33 43 1 64 56 62 49 54 32 25 71 68 28 
#63 72 2 37 1 64 56 53 27 54 35 13 71 68 28 
#63 72 40 31 1 43 56 62 27 54 32 25 53 68 3 
#63 15 2 5 11 64 0 62 48 54 31 70 65 68 28 
#63 22 24 31 1 64 56 62 49 19 32 70 5 68 28 
#63 72 33 31 1 64 56 43 49 19 28 70 65 68 3 
#63 72 40 43 1 42 56 62 49 15 35 70 71 68 30 
#63 72 2 43 1 64 56 53 48 54 32 13 71 68 12 
#63 72 33 43 6 43 56 33 49 54 32 70 65 68 3 
#63 72 2 5 11 64 56 53 48 54 35 70 71 68 3 
#10 22 33 43 1 42 56 62 11 54 32 5 71 68 54 
#49 72 19 31 1 64 56 43 49 54 32 70 65 68 28 
#63 72 40 43 6 64 56 62 27 15 31 70 65 68 30 
#63 72 40 37 1 64 56 43 49 54 31 70 71 68 12 
#49 72 33 43 11 64 56 62 27 54 31 70 65 50 30 
#63 72 2 43 1 64 56 53 48 54 32 70 65 34 28 
#63 72 2 31 11 64 56 43 27 54 32 70 71 68 28 
#49 72 40 31 11 64 56 43 27 54 31 70 65 68 30 
#63 72 40 43 11 64 56 62 27 54 35 70 65 68 30 
#63 72 40 47 1 64 56 33 48 15 32 70 65 50 28 
#63 72 2 47 1 64 56 62 27 54 35 70 71 50 36 
#63 72 2 47 1 64 14 43 49 19 31 25 65 68 28 
#63 72 2 37 11 64 0 43 26 19 32 70 71 68 28 
#49 72 19 47 11 43 56 43 26 54 31 5 71 68 36 
#63 72 2 37 11 64 56 62 49 19 32 70 71 68 28 
#63 72 2 43 9 42 56 43 49 54 32 25 65 50 3 
#63 22 2 47 1 43 56 43 31 54 32 70 71 68 54 
#Base: 903
#Max: 760
#841639
