#[0] 3, 3
#[1] 4, 3
#[2] 3, 4
#[3] 3, 2
#[4] 2, 3
#[5] 2, 4
#[6] 1, 3
#[7] 2, 2
#[8] 3, 1
#[9] 4, 4
#[10] 5, 3
#[11] 3, 5
#[12] 4, 2
#[13] 3, 0
#[14] 5, 4
#[15] 4, 5
#[16] 5, 2
#[17] 4, 1
#[18] 0, 3
#[19] 1, 4
#[20] 2, 1
#[21] 1, 2
#[22] 2, 5
#[23] 0, 4
#[24] 5, 1
#[25] 0, 2
#[26] 5, 5
#[27] 1, 5
#[28] 2, 0
#[29] 1, 1
#[30] 4, 0
#[31] 0, 5
#[32] 1, 0
#[33] 0, 1
#[34] 5, 0
#[35] 0, 0
#Turn 0
18 10 20 37 33 13 
59 24 34 27 48 39 
4 49 57 25 56 40 
0 45 36 23 52 22 
6 28 32 55 7 42 
41 15 26 58 38 47 
#Base: 901
#Max: 357
#396226
#Turn 1
#15 28 25 24 52 26 30 16 18 8 1 29 34 8 21 
#18 16 25 15 26 35 32 12 18 11 55 4 20 7 21 
#8 16 56 15 2 5 32 18 0 21 43 5 4 7 41 
#8 6 7 25 2 5 12 7 14 41 13 5 48 34 7 
#43 6 2 38 10 43 24 35 14 7 18 52 26 16 16 
#12 20 28 27 18 18 6 9 23 42 34 20 21 3 31 
#12 10 42 11 50 19 6 36 22 6 3 9 5 33 20 
#5 10 42 18 15 19 6 8 50 17 19 9 39 15 29 
#11 13 21 18 2 37 6 61 15 17 5 6 28 14 6 
#0 11 21 31 2 37 31 27 15 22 44 19 32 46 9 
#47 7 2 32 48 24 19 13 5 26 20 10 32 21 44 
#47 7 2 32 51 19 2 10 60 3 26 18 18 16 27 
#47 33 4 7 6 9 1 23 60 3 18 21 3 32 27 
#9 33 8 7 29 9 1 23 1 62 31 13 3 21 14 
#9 1 8 65 29 12 35 21 15 28 20 13 10 3 2 
#34 1 4 6 29 5 59 33 27 3 19 8 7 10 56 
#8 1 5 32 25 5 59 38 70 3 22 8 18 6 20 
#1 11 1 15 25 78 11 2 70 18 4 16 18 6 20 
#7 22 24 15 1 0 11 2 8 13 12 12 9 18 7 
#43 12 57 62 14 0 17 18 33 13 28 37 33 18 11 
#34 28 31 9 26 41 34 2 24 8 24 10 6 59 0 
#34 42 12 11 1 41 42 26 6 9 5 11 6 18 2 
#57 40 12 11 3 7 42 68 14 7 18 11 9 1 2 
#13 39 23 11 13 50 5 25 3 20 18 7 9 46 22 
#57 37 20 3 49 13 3 13 3 52 34 22 1 4 31 
#11 24 37 7 4 17 42 8 16 23 39 11 17 34 49 
#29 26 5 25 16 44 42 12 4 23 3 9 29 16 3 
#29 6 58 25 15 44 22 12 8 8 11 52 7 32 3 
#9 40 39 14 15 54 13 35 2 34 13 39 7 8 30 
#9 40 39 14 18 12 43 35 23 47 13 39 7 8 43 
#10 38 28 27 52 14 20 9 16 24 35 16 34 24 12 
#12 25 25 11 15 35 6 16 18 42 55 20 5 8 14 
#5 10 44 28 49 19 32 8 22 6 3 9 39 33 20 
#8 22 56 18 2 18 12 61 50 17 19 5 4 34 29 
#43 6 21 31 16 37 31 20 14 22 5 3 28 14 6 
#5 2 2 38 35 36 20 35 35 7 44 52 32 46 9 
#39 20 6 17 48 14 19 9 5 26 35 10 32 21 31 
#12 25 28 32 51 28 23 10 23 42 34 20 18 16 14 
#1 10 4 28 49 19 2 8 22 3 18 12 39 33 27 
#47 13 23 7 15 9 1 61 1 62 23 6 26 15 29 
#7 1 8 31 2 12 31 25 26 22 31 9 28 3 6 
#9 53 21 5 35 24 47 21 31 8 44 19 32 3 9 
#13 15 6 26 14 2 2 13 5 26 20 10 32 21 56 
#47 1 5 6 51 5 59 10 27 3 26 18 7 10 23 
#1 49 1 23 25 1 2 11 70 5 4 8 25 32 20 
#1 22 24 15 1 78 11 2 1 62 18 16 9 21 36 
#9 7 57 65 35 12 17 25 2 13 31 13 15 3 7 
#43 12 21 11 24 8 47 48 33 8 28 37 33 3 11 
#24 15 4 26 14 21 34 39 26 18 19 8 13 59 0 
#34 1 31 9 29 5 56 33 24 3 5 7 6 18 6 
#57 11 1 32 3 7 42 26 70 5 24 8 18 1 20 
#1 6 23 34 1 50 5 68 14 16 18 16 9 2 36 
#57 39 5 11 6 13 5 18 3 13 34 7 13 46 7 
#43 12 25 3 14 8 14 48 13 7 28 37 2 2 11 
#11 21 28 7 15 11 34 40 16 8 24 10 17 59 0 
#28 42 5 9 1 17 42 8 24 23 39 11 29 16 6 
#29 40 12 11 16 44 19 26 8 11 24 11 39 1 2 
#8 6 23 3 13 54 5 68 14 16 18 52 7 2 2 
#57 39 39 11 6 12 5 25 3 20 13 7 7 8 43 
#22 1 2 3 49 37 43 13 13 47 4 22 35 4 31 
2 48 10 41 20 32 
52 25 28 22 43 58 
37 47 33 16 39 59 
51 35 50 17 19 46 
9 15 11 45 57 44 
30 4 27 24 29 12 
#Base: 901
#Max: 398
#441731
#Turn 2
#24 15 56 15 2 5 32 18 26 18 19 5 4 7 0 
#24 7 2 26 48 24 34 13 26 26 20 8 13 59 44 
#9 53 2 5 48 24 19 21 31 26 20 10 32 3 44 
#34 53 21 5 26 24 34 2 24 8 24 19 32 3 9 
#34 10 31 28 49 19 34 2 22 8 3 9 39 33 20 
#57 39 5 7 4 13 42 8 16 13 39 11 17 46 49 
#9 24 37 14 4 17 13 8 2 34 13 39 17 8 30 
#57 40 39 14 3 54 13 35 2 7 18 11 9 1 30 
#57 1 12 11 51 7 59 68 14 7 18 11 9 1 23 
#47 39 39 6 51 12 59 10 3 3 26 18 7 8 43 
#43 12 28 11 51 28 23 48 33 8 28 37 18 3 11 
#43 22 56 18 24 18 47 61 33 17 28 37 33 34 29 
#8 22 56 18 2 5 12 61 50 3 22 5 4 6 20 
#47 13 23 7 25 5 59 61 70 62 22 8 18 6 29 
#22 13 2 3 49 9 43 61 13 47 4 6 35 4 29 
#1 6 23 34 35 50 20 35 35 7 44 52 9 46 36 
#57 11 1 38 35 7 20 26 35 7 24 52 32 1 20 
#57 11 1 32 25 78 42 26 70 5 24 16 18 1 20 
#43 11 1 15 25 0 17 18 33 18 28 16 18 6 20 
#9 12 57 62 35 0 17 18 2 13 28 13 15 18 7 
#34 1 21 6 29 5 31 27 15 3 19 8 32 46 56 
#34 7 4 6 51 5 2 10 27 3 26 8 18 16 56 
#1 22 24 15 51 78 11 2 1 3 18 18 9 21 36 
#8 22 23 3 13 78 5 2 1 62 18 16 7 21 2 
#1 6 1 3 13 54 5 68 70 16 18 8 7 2 2 
#10 6 2 27 52 43 24 9 16 7 18 16 34 24 16 
#43 6 2 25 10 44 22 35 8 7 11 52 7 32 16 
#29 37 58 3 49 44 22 12 8 8 11 22 7 4 31 
#9 40 20 3 49 12 43 35 23 47 13 39 7 8 43 
#9 33 39 14 6 12 43 35 60 3 13 39 7 8 43 
#8 39 56 15 6 13 5 18 0 21 43 5 13 46 7 
#24 24 4 26 4 17 42 8 16 23 39 11 17 59 49 
#47 7 2 32 48 24 13 13 5 34 20 10 7 8 44 
#57 40 21 5 35 24 42 68 31 8 18 19 32 1 9 
#47 28 31 9 51 41 59 10 27 8 24 10 7 59 23 
#57 39 39 11 6 19 5 25 22 6 3 9 39 33 43 
#57 39 5 11 6 28 5 10 23 13 34 7 18 46 7 
#43 24 21 11 24 8 42 8 16 23 28 11 17 34 49 
#8 40 39 18 2 54 13 61 50 17 19 5 7 34 30 
#57 1 5 11 25 7 59 38 14 7 18 8 9 1 20 
#47 1 5 7 15 5 59 61 1 3 26 18 26 10 23 
#22 39 2 3 49 12 43 25 13 20 4 7 35 4 31 
#1 25 23 32 51 50 23 68 23 16 18 20 18 2 36 
#43 2 21 38 35 36 20 35 33 8 28 37 33 3 11 
#57 11 56 32 2 18 42 26 70 17 24 8 18 1 29 
#1 1 1 15 25 5 59 2 70 18 22 16 18 6 20 
#47 13 57 7 14 0 17 61 33 13 23 37 33 15 11 
#9 1 57 65 35 12 43 25 2 13 4 22 35 4 7 
#0 6 23 34 2 50 5 27 14 22 44 19 32 2 36 
#34 1 4 38 35 5 20 33 35 7 19 52 7 46 56 
#47 7 2 32 3 7 2 26 60 5 24 8 18 16 20 
#1 11 1 15 1 78 11 2 1 62 4 16 9 21 36 
#8 6 23 62 14 0 5 68 33 13 18 37 33 2 11 
#9 49 1 65 25 1 17 25 2 5 4 8 25 32 20 
#10 11 28 31 2 37 20 27 15 22 35 16 34 46 12 
#43 6 4 6 29 43 59 33 14 7 19 8 7 10 16 
#47 7 2 25 15 44 22 10 8 3 11 18 7 16 27 
#57 37 20 3 1 13 11 13 3 62 18 22 9 21 36 
#9 40 39 3 18 12 5 68 23 47 18 39 7 2 2 
#47 33 4 23 25 1 1 23 60 3 18 8 25 32 27 
19 10 40 22 29 27 
35 31 14 33 5 7 
57 28 15 34 8 58 
51 38 44 13 11 9 
45 47 49 17 42 52 
12 16 23 24 46 1 
#Base: 901
#Max: 500
#554939
#Turn 3
#9 12 28 11 51 28 17 48 2 13 28 37 15 3 7 
#43 12 5 7 51 5 23 61 33 8 28 37 18 10 11 
#1 1 5 7 51 5 11 61 1 3 18 18 9 21 36 
#9 33 39 14 6 78 11 35 1 3 18 18 7 8 36 
#29 37 58 3 49 12 22 35 8 8 11 39 7 8 31 
#57 24 39 26 6 17 5 25 22 6 39 11 17 33 49 
#24 13 2 3 4 17 43 8 13 47 4 6 35 59 29 
#57 40 2 3 49 9 43 68 31 8 18 19 32 4 29 
#57 39 21 5 4 24 42 8 16 8 39 19 17 1 9 
#57 39 5 14 3 54 42 35 16 7 18 11 9 46 30 
#57 40 20 3 49 13 11 35 23 62 13 39 7 21 36 
#1 40 23 3 35 50 43 35 23 7 44 52 9 8 36 
#47 28 23 9 51 41 59 35 35 8 24 10 9 59 23 
#47 1 31 11 51 41 59 68 27 7 18 10 7 59 23 
#9 40 39 11 51 12 59 68 23 7 18 39 7 2 2 
#1 40 1 15 1 54 13 61 50 17 19 16 9 34 30 
#8 40 56 32 2 54 13 61 70 17 24 8 18 34 30 
#47 13 23 32 2 18 42 61 70 17 24 8 18 1 29 
#43 22 56 7 25 5 47 61 33 62 22 8 33 34 29 
#47 22 56 6 51 12 47 10 33 3 26 18 33 34 43 
#9 1 57 15 35 5 59 25 2 18 22 22 18 4 20 
#34 1 57 65 35 12 43 25 35 13 19 22 35 4 56 
#34 11 4 38 35 78 20 33 35 5 19 16 7 46 56 
#57 25 23 32 25 50 42 26 70 5 18 16 18 1 20 
#8 6 23 62 14 50 23 68 33 13 18 37 33 2 36 
#57 11 56 38 2 7 12 26 50 3 24 52 4 1 20 
#8 22 1 38 35 78 5 26 1 7 24 52 7 1 2 
#8 6 23 3 13 54 5 68 70 62 18 8 7 2 2 
#1 6 57 7 13 54 5 61 33 13 18 37 7 2 11 
#47 13 57 7 14 0 34 61 26 26 20 8 33 59 44 
#9 39 39 62 6 19 17 18 22 6 28 9 39 33 7 
#24 12 4 26 51 17 42 8 16 8 28 37 18 3 49 
#47 13 2 3 49 9 59 61 13 47 4 6 35 4 23 
#1 22 21 5 35 78 11 68 31 8 18 19 32 21 9 
#57 33 5 14 6 13 43 8 60 13 39 11 7 8 43 
#57 37 58 14 49 44 22 12 2 7 18 22 9 1 30 
#57 37 20 11 1 19 5 13 3 6 3 22 9 33 43 
#24 40 4 3 4 17 43 35 23 47 39 11 17 59 49 
#1 6 23 34 49 9 20 61 35 7 4 6 9 46 29 
#57 28 31 9 51 24 42 10 27 8 18 10 7 1 23 
#57 39 5 11 51 13 42 8 16 7 18 11 9 46 49 
#57 40 39 14 3 12 13 35 2 7 18 11 7 2 30 
#1 11 1 3 1 78 11 2 1 62 18 22 9 21 36 
#9 40 39 18 49 12 43 35 50 17 13 5 7 8 43 
#57 11 56 32 35 18 20 35 70 17 24 8 9 46 29 
#47 28 23 9 25 41 59 10 70 62 22 8 18 59 23 
#43 22 12 11 24 18 59 68 33 7 18 11 33 34 23 
#47 40 39 3 51 12 5 10 3 3 18 18 7 2 43 
#1 11 1 15 25 5 11 2 70 18 22 16 18 6 20 
#8 40 39 18 2 12 13 25 50 17 4 5 35 34 30 
#57 11 4 32 2 5 42 33 35 17 19 8 7 46 56 
#47 11 23 7 25 5 42 26 70 62 24 16 18 1 20 
#1 25 56 18 24 50 23 61 23 17 18 20 33 2 29 
#8 6 23 62 51 0 59 68 33 13 26 37 33 2 43 
#8 22 1 18 2 5 12 61 50 3 22 5 4 6 20 
#9 11 57 65 35 12 20 26 2 13 24 52 35 4 7 
#34 22 4 3 13 78 20 33 1 7 18 16 7 46 56 
#1 11 1 3 25 54 42 26 70 5 24 16 18 2 20 
#1 13 23 7 14 50 23 68 33 13 23 20 33 2 11 
#8 7 2 62 48 24 34 13 33 13 20 8 13 2 11 
43 34 25 19 56 50 
15 52 46 29 32 35 
40 51 21 18 44 37 
23 22 16 45 13 24 
9 33 7 53 27 17 
26 11 10 12 14 55 
#Base: 901
#Max: 504
#559378
#Turn 4
#9 33 39 14 6 13 43 8 50 17 39 11 7 8 43 
#57 33 56 38 2 7 43 26 60 13 24 11 7 1 20 
#47 22 56 38 2 12 47 26 33 3 24 52 33 34 20 
#47 22 56 6 51 12 20 33 33 3 18 16 33 46 56 
#57 22 4 32 13 5 42 33 1 17 19 16 7 46 56 
#1 25 56 15 24 50 23 61 23 17 19 20 33 34 29 
#1 25 56 18 24 50 23 61 33 7 18 11 33 2 23 
#47 22 12 7 24 0 59 68 33 26 18 8 33 34 23 
#47 13 57 3 49 0 59 61 26 26 20 6 35 59 44 
#57 37 2 14 49 44 59 61 2 47 18 6 35 4 23 
#47 39 23 7 51 13 42 26 16 7 18 11 9 1 20 
#34 1 23 65 35 5 42 26 35 13 19 22 18 4 56 
#43 22 57 65 25 5 43 25 33 62 22 22 35 34 56 
#43 22 56 32 35 18 20 61 70 62 22 8 9 46 29 
#57 11 56 3 35 17 20 35 23 17 24 8 9 46 49 
#57 11 23 32 25 50 20 26 35 5 18 16 7 1 56 
#34 40 4 38 2 54 13 33 35 5 19 16 18 34 56 
#8 40 23 9 25 41 59 61 70 17 22 8 18 34 30 
#47 1 23 11 25 41 59 10 70 62 22 10 18 59 23 
#8 6 23 11 14 50 59 68 27 13 18 37 7 59 23 
#1 39 21 14 35 54 11 68 31 8 18 11 32 21 9 
#1 22 2 5 35 9 43 68 31 8 18 19 32 21 29 
#8 6 23 62 49 9 59 68 33 8 18 37 32 4 29 
#8 6 23 3 51 0 5 68 70 62 18 8 7 2 2 
#8 6 23 3 13 54 5 61 70 62 18 8 7 1 29 
#1 22 1 38 35 78 43 26 1 7 24 52 7 1 36 
#1 40 20 3 35 50 43 35 23 62 44 52 7 8 36 
#47 40 23 3 51 41 59 35 23 62 13 39 7 21 36 
#9 40 39 11 51 12 59 35 23 7 18 10 9 2 2 
#9 40 39 11 51 12 59 68 23 13 24 52 7 4 7 
#1 40 39 18 49 12 43 35 50 17 13 16 7 34 30 
#1 25 5 18 6 13 23 61 60 13 39 20 7 2 29 
#43 22 56 11 2 18 59 26 33 7 24 52 33 34 20 
#47 22 57 7 14 12 47 61 33 3 20 8 33 59 44 
#34 22 4 3 13 78 59 33 1 47 4 16 7 46 23 
#57 11 4 14 2 44 42 33 2 17 19 22 7 46 30 
#1 39 5 15 1 54 13 61 16 17 19 16 9 34 30 
#47 11 23 7 25 50 23 61 23 62 24 20 18 1 20 
#43 22 57 65 24 18 59 68 35 13 19 22 35 34 56 
#47 13 57 7 25 5 47 61 33 26 20 8 33 59 44 
#57 11 56 3 35 9 59 61 13 47 24 6 35 46 23 
#57 40 58 14 4 44 43 12 2 47 18 11 17 59 49 
#57 39 5 32 51 50 42 8 70 7 18 11 18 1 49 
#34 11 23 7 35 5 20 26 70 62 19 16 18 46 20 
#34 1 56 32 35 54 43 25 70 17 19 22 35 4 56 
#43 22 56 7 25 5 47 10 70 62 22 8 33 59 29 
#57 1 31 32 51 41 59 68 27 17 24 10 9 59 23 
#8 40 23 3 14 17 23 68 23 13 39 37 33 2 36 
#57 39 5 32 25 50 42 26 70 7 18 16 18 1 20 
#34 11 21 38 35 78 11 33 35 8 18 19 32 46 9 
#57 40 2 32 2 9 13 68 70 17 18 8 32 4 30 
#47 28 23 62 51 0 59 68 70 13 22 8 33 2 43 
#47 1 23 11 51 41 5 68 70 62 18 8 7 59 23 
#47 6 23 62 14 50 42 61 70 17 24 8 18 1 36 
#8 39 5 38 35 54 5 35 1 7 18 52 7 46 2 
#1 40 21 5 35 78 11 35 31 7 18 19 32 8 36 
#57 40 20 3 49 13 11 35 23 62 18 39 32 21 36 
#8 6 23 9 51 41 59 35 33 8 26 10 9 59 43 
#8 6 39 3 51 54 59 68 23 62 18 39 7 2 2 
#9 13 23 32 35 18 42 26 70 17 24 8 18 4 7 
7 57 56 33 29 32 
23 24 26 46 17 34 
48 22 45 12 8 50 
27 18 13 51 52 40 
2 9 58 38 44 39 
49 19 42 53 41 3 
#Base: 901
#Max: 570
#632630
#Turn 5
#8 22 23 9 51 0 59 35 33 26 26 10 9 59 43 
#8 40 23 9 49 13 59 35 33 8 26 10 9 21 36 
#47 40 57 7 14 12 11 61 23 62 20 8 33 21 36 
#47 22 57 11 14 12 59 68 33 3 24 52 7 59 44 
#9 40 56 11 2 18 59 26 23 13 24 52 33 4 20 
#8 6 23 3 13 54 5 61 70 62 18 8 7 1 29 
#1 6 23 3 35 50 5 61 23 62 18 52 7 8 36 
#1 1 31 3 35 50 43 68 27 17 44 10 7 8 23 
#57 40 23 32 25 41 59 61 70 17 24 8 18 34 30 
#8 22 4 3 25 78 59 61 1 17 22 8 7 46 23 
#57 6 23 32 25 50 42 26 33 8 18 16 18 1 20 
#43 6 23 7 49 9 59 68 33 8 22 8 32 4 29 
#43 22 57 65 25 5 47 10 33 62 22 22 35 59 29 
#47 22 57 3 25 0 43 61 26 26 20 6 35 34 44 
#57 13 57 3 2 0 59 68 70 17 18 6 35 4 44 
#47 40 23 11 25 41 59 35 70 62 22 10 18 21 23 
#47 1 23 32 25 41 20 10 70 62 22 10 18 59 29 
#43 28 23 32 35 0 20 61 70 62 22 8 9 46 29 
#47 28 23 62 51 41 59 68 70 62 18 8 7 2 23 
#57 11 23 3 35 41 59 68 70 62 24 6 7 46 23 
#47 22 2 38 49 12 47 26 33 3 24 52 35 4 23 
#57 37 39 14 51 44 59 61 2 47 18 39 7 4 2 
#8 22 39 65 24 54 59 68 35 62 18 22 35 2 2 
#43 22 56 65 35 54 59 25 35 17 19 22 35 34 56 
#34 1 56 7 35 5 43 61 70 17 19 8 35 4 44 
#8 6 21 38 14 50 11 33 35 13 18 19 7 46 23 
#8 39 23 32 51 50 42 68 70 13 18 11 18 59 23 
#57 6 5 62 14 50 42 8 70 7 18 11 18 1 49 
#47 40 23 14 4 44 43 61 70 47 18 8 18 59 49 
#47 40 56 6 51 44 20 12 33 3 18 11 33 46 49 
#8 22 12 3 24 0 59 68 33 62 18 8 33 2 23 
#8 6 23 3 13 41 59 61 70 8 26 10 7 1 29 
#57 40 20 3 35 13 43 35 23 62 18 39 32 8 36 
#57 22 31 7 51 41 59 68 27 17 20 10 9 59 23 
#8 40 23 9 51 12 59 68 23 17 22 8 7 4 7 
#34 22 4 11 13 78 59 33 1 7 24 16 7 46 20 
#8 6 5 3 51 50 5 26 70 7 18 16 7 2 20 
#8 6 23 3 13 9 59 68 70 62 18 37 7 4 29 
#43 40 20 3 35 5 47 10 23 62 44 8 33 8 36 
#57 22 31 65 51 5 59 68 27 17 22 10 35 34 56 
#47 40 23 3 49 0 59 61 70 17 20 6 35 34 30 
#34 22 4 32 13 9 59 33 70 17 4 8 32 4 23 
#47 40 5 32 25 50 59 26 70 62 18 16 18 21 20 
#47 6 23 11 49 41 59 68 70 62 18 10 32 4 29 
#43 22 56 7 35 18 20 61 70 62 22 8 33 59 29 
#43 22 23 65 25 5 59 25 70 13 22 8 35 2 43 
#47 1 57 3 51 41 5 61 70 62 20 8 7 59 23 
#57 40 56 32 2 9 59 68 70 47 18 6 32 4 23 
#47 40 23 3 2 12 47 35 23 3 13 52 33 21 20 
#47 37 2 11 49 44 59 61 70 47 18 6 18 59 23 
#8 22 39 32 35 54 20 61 23 62 18 39 7 2 29 
#47 22 23 62 51 18 59 68 70 13 22 22 35 34 56 
#34 1 56 11 51 54 5 68 70 62 19 22 7 59 23 
#57 11 57 3 35 9 47 61 33 26 24 6 33 59 44 
#47 22 56 38 2 12 11 33 33 3 18 19 32 46 20 
#8 6 2 11 14 50 59 68 27 13 18 37 7 59 23 
#57 6 5 3 51 54 42 8 70 62 18 39 7 1 49 
#43 22 23 62 14 18 59 68 70 17 24 8 18 1 56 
#34 1 58 32 4 44 43 12 2 17 19 22 17 59 56 
#47 13 57 7 25 12 47 61 33 3 18 16 33 46 44 
32 27 21 56 33 37 
59 24 14 23 53 16 
45 40 46 39 19 42 
12 47 49 51 52 28 
29 57 22 18 44 8 
2 15 3 43 26 17 
#Base: 901
#Max: 602
#668147
#Turn 6
#57 40 20 62 14 50 42 8 23 62 18 11 32 1 49 
#57 6 39 14 14 50 42 8 70 7 18 39 18 1 2 
#57 6 39 3 51 44 59 61 2 47 18 39 7 4 49 
#57 6 5 7 51 41 42 68 27 17 18 39 7 1 23 
#8 6 23 7 13 41 59 68 70 17 18 37 9 59 29 
#34 1 56 7 25 5 47 61 70 3 19 16 33 46 44 
#34 13 57 7 35 5 59 68 70 17 18 6 35 4 44 
#43 13 56 65 35 0 59 25 35 17 19 6 35 34 56 
#57 11 57 3 35 9 47 25 35 17 24 22 33 59 44 
#57 1 23 32 35 41 20 10 70 62 22 6 33 59 44 
#47 40 23 3 49 5 59 61 70 13 20 8 35 34 43 
#47 1 57 3 51 41 5 61 70 62 20 6 35 34 23 
#47 22 31 3 51 5 59 61 27 62 22 8 35 59 23 
#57 11 31 3 35 41 59 68 27 17 24 10 7 46 56 
#57 40 5 32 35 41 59 26 70 62 18 16 7 46 20 
#43 22 57 65 25 9 59 68 70 62 18 22 35 59 23 
#57 40 2 32 2 44 59 68 70 47 18 6 32 59 23 
#47 37 23 11 51 18 59 61 70 13 22 22 35 34 23 
#47 1 23 62 51 54 59 68 70 13 19 22 35 59 23 
#34 1 56 11 4 44 5 68 70 62 19 8 7 59 23 
#47 22 23 62 14 44 20 68 33 17 24 8 33 1 56 
#43 22 23 62 14 54 59 68 35 62 24 8 35 2 56 
#8 22 23 62 24 54 59 68 35 62 18 8 35 2 23 
#43 22 23 7 35 41 59 68 70 62 22 8 7 59 29 
#43 40 23 32 35 18 20 61 70 62 22 8 33 59 29 
#47 40 57 7 25 12 59 61 23 62 22 10 18 21 23 
#47 40 23 11 25 41 59 35 33 62 22 10 7 59 23 
#47 22 57 11 49 12 59 68 70 3 24 52 7 59 44 
#8 39 23 11 51 50 59 68 70 62 18 11 32 4 29 
#8 28 23 32 51 0 42 68 70 62 18 8 18 59 29 
#47 13 20 7 35 12 47 35 23 62 18 39 33 8 36 
#34 6 5 62 14 5 43 8 70 17 18 11 35 4 44 
#57 13 57 3 2 44 59 61 2 47 18 6 7 4 44 
#43 6 5 65 35 54 42 25 70 17 19 22 35 34 49 
#57 11 31 7 51 9 47 61 27 26 24 6 9 59 44 
#8 6 23 3 13 41 59 68 70 62 22 37 7 4 29 
#43 22 23 65 25 5 47 61 33 3 18 8 33 46 43 
#34 1 23 3 49 5 43 61 70 17 20 8 35 4 44 
#47 1 57 3 2 0 59 68 70 62 18 6 35 4 44 
#43 22 31 65 35 5 59 25 35 17 19 10 35 34 56 
#57 11 57 3 35 41 59 68 70 26 24 6 7 46 23 
#47 40 23 32 25 50 20 10 70 62 18 10 18 21 20 
#43 22 57 65 25 5 47 25 33 62 22 8 35 59 29 
#47 40 56 32 2 9 59 61 70 47 20 6 32 4 23 
#47 1 2 11 51 44 5 61 70 47 20 6 7 59 23 
#57 22 31 62 51 5 59 68 27 17 22 10 35 34 56 
#57 11 23 3 51 54 59 68 70 62 19 22 7 59 23 
#47 40 23 32 4 44 43 61 70 62 18 8 18 59 49 
#47 40 57 65 25 44 20 12 33 3 22 11 35 46 49 
#43 22 56 32 14 18 59 68 70 47 24 8 18 4 23 
#8 37 39 65 49 44 59 61 35 47 18 6 18 59 23 
#47 28 23 62 51 41 59 68 70 62 18 22 35 34 56 
#43 22 56 7 51 18 20 68 70 62 22 22 7 59 23 
#47 40 23 32 25 44 59 61 70 17 18 8 18 34 30 
#47 40 57 6 51 44 20 61 33 62 20 11 33 21 49 
#43 40 23 62 14 18 59 68 70 62 24 10 18 1 23 
#8 22 57 65 24 12 59 68 35 3 24 22 35 2 44 
#47 6 23 11 49 41 59 68 70 62 18 8 7 2 23 
#43 22 56 32 35 18 20 68 70 62 22 8 33 59 23 
#43 28 23 32 25 41 20 61 70 62 22 8 18 46 29 
19 22 12 11 43 10 
49 57 29 16 14 59 
17 42 21 27 47 38 
55 58 46 51 18 52 
53 24 45 15 50 28 
2 9 54 23 40 33 
#Base: 901
#Max: 676
#750277
#Turn 7
#34 1 56 62 4 44 59 68 35 62 19 8 35 2 23 
#47 22 23 3 51 54 59 68 27 62 22 8 35 2 23 
#47 22 57 3 51 41 5 61 27 62 22 6 35 59 23 
#47 40 56 32 51 9 5 61 70 47 20 6 35 34 23 
#47 40 23 3 2 5 59 61 70 47 20 6 32 4 43 
#47 22 23 11 49 41 59 68 70 62 18 8 18 2 23 
#47 28 23 11 51 41 42 68 70 62 18 8 7 2 23 
#57 28 23 32 51 44 42 68 70 47 18 8 32 59 23 
#57 40 2 32 35 44 59 68 70 62 18 6 32 59 23 
#43 28 5 32 35 41 20 61 70 62 22 8 7 46 20 
#43 22 57 11 51 5 47 61 70 13 22 22 35 59 29 
#43 22 57 62 25 5 59 25 35 62 24 8 35 2 56 
#47 22 23 11 49 54 59 68 70 3 24 8 35 59 56 
#47 40 23 11 49 44 43 61 70 62 18 8 7 59 49 
#47 1 57 32 4 44 59 61 70 62 18 8 35 59 49 
#43 22 23 32 35 18 59 68 70 62 22 8 18 59 23 
#43 22 23 3 35 54 59 68 70 62 19 8 33 59 23 
#47 11 23 3 51 41 59 68 70 62 19 22 7 34 23 
#47 1 23 62 51 41 59 68 70 13 19 22 35 34 23 
#43 1 23 7 51 54 59 68 70 62 22 22 35 59 23 
#47 40 23 32 25 18 59 61 70 17 18 8 18 59 29 
#43 22 23 62 35 18 59 68 70 62 22 8 33 34 29 
#57 22 31 62 25 5 59 68 70 62 18 22 35 34 23 
#43 22 39 65 25 44 59 61 70 62 18 6 18 59 23 
#8 37 23 11 49 44 59 68 70 47 18 11 18 59 29 
#57 1 39 3 35 41 59 10 70 62 18 39 7 4 49 
#57 1 57 6 51 41 20 61 70 62 22 6 33 21 49 
#43 40 57 7 51 44 59 61 33 62 22 8 33 21 29 
#57 22 23 7 35 41 59 68 70 26 22 6 7 46 29 
#43 11 57 3 35 54 42 25 70 17 24 22 35 46 23 
#43 1 56 11 14 18 59 68 70 62 19 8 7 4 23 
#47 22 23 62 24 54 59 68 70 62 18 8 7 2 23 
#8 22 23 32 51 0 42 68 70 62 18 8 35 59 23 
#57 40 2 3 51 44 59 68 70 62 18 6 35 34 23 
#57 40 56 32 35 41 59 61 70 47 18 6 32 4 23 
#43 40 23 3 25 5 20 61 70 62 22 8 18 34 29 
#43 37 56 32 51 18 59 61 70 47 24 8 35 34 23 
#47 6 57 11 25 5 59 25 33 62 22 8 7 59 29 
#8 28 23 62 14 0 59 68 35 62 24 8 35 2 56 
#47 40 2 32 49 12 59 68 70 47 24 52 7 59 44 
#57 40 23 32 35 44 43 26 70 62 18 16 7 46 20 
#43 1 57 3 2 0 20 61 70 62 18 8 18 46 44 
#43 40 23 11 51 18 59 68 70 62 24 22 35 34 23 
#43 22 57 32 35 5 47 25 70 62 22 8 35 59 23 
#43 22 23 62 14 54 59 68 70 62 24 22 35 59 23 
#47 22 23 11 51 12 59 68 70 3 24 52 7 34 44 
#47 1 23 32 51 44 59 68 70 62 19 8 18 59 49 
#47 22 57 3 51 18 59 68 70 62 22 22 35 59 23 
#43 40 23 32 25 44 59 61 70 62 18 10 18 1 30 
#43 40 56 32 35 18 20 68 70 62 22 8 33 59 29 
#57 22 23 62 51 54 59 68 27 17 22 22 35 59 56 
#43 22 57 65 25 41 59 68 70 62 18 22 35 59 23 
#8 37 39 65 51 44 59 61 70 47 19 22 35 59 23 
#8 22 23 7 51 50 20 68 70 62 22 22 7 59 29 
#57 6 39 32 25 44 59 61 70 47 18 8 7 34 49 
#57 40 23 32 35 41 20 61 70 62 22 8 33 59 44 
#47 22 31 62 51 5 59 68 33 62 20 10 33 34 56 
#43 22 57 7 25 41 59 68 70 62 18 22 35 59 23 
#8 37 57 3 49 41 59 61 35 26 24 6 7 59 23 
#8 6 5 65 35 50 42 68 70 17 19 22 32 4 29 
48 17 18 36 33 24 
10 31 16 46 49 26 
15 21 23 47 39 34 
7 14 50 51 52 19 
54 56 55 44 8 12 
43 42 13 57 22 27 
#Base: 901
#Max: 669
#742508
#Turn 8
#43 11 23 32 51 44 59 68 70 62 18 22 18 34 23 
#47 11 23 3 51 41 59 68 70 13 19 22 7 34 23 
#47 1 56 62 51 41 59 61 70 13 24 22 35 34 23 
#43 40 56 3 51 18 59 68 70 62 24 6 35 34 23 
#8 37 2 11 51 44 59 68 70 47 18 11 35 59 23 
#47 22 23 11 51 54 47 61 70 13 22 22 7 2 29 
#47 22 23 62 24 54 59 68 70 62 19 8 33 59 23 
#43 1 23 32 35 54 59 68 70 62 19 8 18 59 23 
#47 40 23 32 51 44 59 68 70 62 22 8 18 59 29 
#57 40 57 6 51 41 20 61 70 62 22 6 33 59 29 
#43 22 23 62 35 18 59 68 70 62 22 8 18 34 29 
#43 22 23 62 35 18 59 61 70 62 18 8 33 34 23 
#43 22 57 3 51 44 59 61 70 62 22 6 35 59 23 
#47 22 2 32 49 18 59 68 70 47 24 22 7 59 44 
#57 40 2 32 49 41 59 68 70 47 18 52 7 59 44 
#47 28 57 32 4 44 59 68 70 47 18 8 35 59 49 
#57 1 23 62 4 54 59 61 27 62 22 8 35 59 56 
#57 22 57 62 25 54 59 68 27 62 22 22 35 59 23 
#43 22 57 65 25 44 59 61 70 62 19 22 35 59 23 
#8 37 23 7 51 54 59 61 70 47 19 22 35 59 23 
#57 22 39 32 25 44 59 61 33 47 20 8 33 34 49 
#47 40 23 32 51 41 59 68 33 62 20 10 33 34 44 
#43 22 23 32 35 54 59 61 70 62 24 8 33 59 23 
#57 40 23 62 14 44 59 68 70 62 24 6 35 59 23 
#57 40 23 11 49 44 59 68 70 62 18 6 32 59 56 
#43 40 57 32 35 18 47 25 70 62 24 8 35 59 23 
#43 40 23 11 49 18 59 61 70 62 24 22 7 34 49 
#43 40 23 7 49 41 43 61 70 62 18 22 35 59 23 
#43 22 31 7 25 5 59 68 70 62 18 22 35 59 23 
#43 40 57 62 51 44 59 68 70 62 18 8 33 21 23 
#43 40 23 11 25 5 59 61 70 13 18 10 18 1 29 
#47 11 23 3 24 41 59 68 70 62 19 8 7 34 23 
#47 1 23 3 51 54 59 68 70 62 19 8 33 34 23 
#43 37 56 32 51 44 59 68 70 47 19 8 35 34 23 
#43 40 56 32 51 18 59 68 70 62 18 8 33 34 23 
#57 1 57 6 51 41 20 61 70 47 22 6 18 21 29 
#43 22 23 11 35 5 59 68 70 13 22 8 18 59 23 
#47 22 23 62 35 54 59 68 70 62 22 8 7 2 29 
#43 22 23 65 35 44 59 68 70 62 19 6 18 59 23 
#47 22 23 32 51 18 59 68 70 62 19 8 18 59 23 
#43 40 2 32 49 18 20 68 70 47 22 52 7 59 44 
#57 40 56 32 35 41 20 61 70 62 18 6 33 21 49 
#57 22 23 32 51 18 59 68 70 62 22 8 32 59 23 
#47 22 23 32 4 44 59 68 70 62 18 8 33 59 49 
#57 22 23 62 25 54 59 61 27 17 18 6 35 59 56 
#47 22 57 65 25 18 59 68 70 62 18 22 35 59 23 
#8 40 2 65 51 12 59 68 70 47 19 52 35 59 44 
#57 40 23 7 51 54 59 68 70 47 18 6 35 59 23 
#57 28 39 32 51 44 59 61 70 47 18 8 32 59 49 
#47 22 57 62 51 44 59 61 33 62 18 10 35 59 56 
#57 40 23 62 35 54 59 61 27 62 22 8 35 59 44 
#43 22 23 62 25 54 59 68 70 62 24 22 35 59 23 
#57 40 2 32 51 44 59 68 70 62 18 6 32 59 23 
#47 1 23 11 51 54 59 68 70 3 24 22 35 59 23 
#43 22 57 32 25 5 47 25 70 62 22 8 7 59 23 
#43 40 23 11 51 18 59 68 33 62 24 22 33 34 23 
#47 40 23 11 35 41 43 61 70 62 18 8 7 59 49 
#43 22 57 7 25 41 59 68 70 62 24 22 35 59 23 
#57 22 2 62 35 44 59 68 70 62 18 22 35 59 23 
#47 40 23 11 51 54 59 68 33 3 24 8 35 21 29 
0 44 42 12 9 3 
16 21 38 51 47 2 
43 57 45 17 48 34 
8 50 24 49 29 58 
27 52 6 18 23 33 
39 22 15 14 46 41 
#Base: 901
#Max: 676
#750277
#Turn 9
#57 22 23 32 51 54 59 61 27 17 18 6 35 34 56 
#57 22 23 62 25 18 59 68 70 17 18 6 35 59 23 
#43 22 57 3 51 44 59 68 70 62 22 6 32 59 23 
#57 22 57 6 51 41 20 61 70 62 22 6 33 59 23 
#43 40 56 3 51 41 20 68 70 62 22 6 35 59 23 
#57 1 23 32 4 54 59 68 33 62 20 10 33 59 56 
#43 22 23 32 35 44 59 68 70 62 20 10 18 59 44 
#43 22 23 65 25 54 59 68 70 62 24 22 18 59 23 
#43 22 23 62 51 54 59 68 70 62 24 6 35 59 23 
#47 1 56 62 51 54 59 68 70 47 24 22 35 59 23 
#47 22 57 32 25 44 59 68 70 62 24 8 35 59 49 
#43 22 57 7 25 18 59 68 70 62 24 22 35 59 23 
#47 22 57 62 25 18 59 68 70 62 22 22 35 59 23 
#57 28 39 32 25 44 59 68 27 62 18 8 32 59 49 
#57 28 56 32 51 44 59 68 70 47 18 8 33 59 49 
#47 40 23 62 35 44 59 68 27 62 22 8 35 59 44 
#57 40 23 62 49 54 59 61 27 62 18 8 35 59 44 
#57 40 23 11 49 44 59 61 33 62 18 6 35 59 56 
#43 22 57 62 51 44 59 68 33 62 18 10 35 21 56 
#57 40 57 62 35 44 59 68 70 62 18 8 33 21 23 
#57 40 23 7 49 41 43 61 70 62 18 22 32 59 23 
#57 22 23 62 51 54 59 68 70 62 19 6 32 59 23 
#47 22 57 62 24 54 59 68 70 62 19 22 35 59 23 
#57 22 23 62 14 44 59 68 70 62 24 6 35 59 23 
#43 37 56 32 14 44 59 68 70 47 19 6 35 59 23 
#43 22 23 32 35 18 59 68 70 62 24 8 33 59 23 
#47 22 23 32 35 54 59 61 70 47 24 8 35 59 23 
#47 40 2 32 4 44 59 68 70 47 18 8 35 59 44 
#8 40 2 65 51 12 59 68 70 47 18 52 35 59 44 
#57 40 56 65 51 12 20 68 70 47 18 6 35 59 49 
#43 11 23 62 51 44 59 68 70 62 18 8 18 34 56 
#47 22 23 32 25 41 59 61 27 62 20 6 35 34 56 
#43 22 23 65 51 18 59 68 70 62 22 8 32 59 23 
#43 22 23 3 25 54 59 61 70 62 24 22 35 59 23 
#57 40 23 6 51 41 20 61 70 47 22 6 35 59 23 
#43 40 56 62 51 18 59 68 70 13 24 22 35 34 23 
#57 1 23 62 4 44 59 68 70 62 18 8 35 59 49 
#43 40 57 7 25 41 59 68 33 62 24 22 35 34 44 
#43 22 57 65 35 18 59 68 70 62 19 22 35 59 23 
#43 22 57 62 25 54 59 68 70 62 22 22 35 59 23 
#57 40 39 7 51 44 59 68 70 47 18 6 35 59 23 
#47 40 56 62 51 18 59 61 70 13 18 8 35 34 23 
#47 22 23 32 51 44 59 68 70 62 22 8 18 59 49 
#57 22 23 7 35 41 59 61 70 62 24 8 35 59 23 
#57 40 23 65 49 18 59 68 70 62 18 22 32 59 23 
#57 22 57 62 25 44 59 61 33 62 22 22 35 59 23 
#57 40 57 32 51 44 59 68 70 47 18 8 32 21 23 
#43 40 56 32 51 18 59 68 70 62 18 22 33 34 23 
#43 40 23 7 51 44 43 68 70 62 22 22 18 59 29 
#57 40 2 32 51 44 59 68 27 62 18 8 32 59 44 
#57 40 23 62 24 54 59 68 70 62 19 6 32 59 23 
#47 22 57 65 51 44 59 61 70 62 19 22 35 59 23 
#43 40 57 62 14 44 59 68 70 62 18 8 33 59 23 
#43 22 2 32 51 44 59 68 70 47 18 22 35 34 23 
#43 40 23 32 49 41 59 61 70 62 18 22 18 59 23 
#43 40 2 32 35 54 59 68 70 62 18 6 33 59 23 
#47 28 57 62 4 54 59 68 70 47 19 8 35 59 49 
#57 40 2 65 49 44 59 68 70 62 18 52 35 59 23 
#57 40 23 65 51 44 59 68 70 47 24 6 35 59 23 
#43 37 56 32 51 44 20 61 70 47 19 6 33 21 49 
24 2 46 29 42 28 
40 32 15 58 45 23 
30 18 44 14 9 7 
38 21 22 51 39 56 
35 12 8 57 10 19 
17 47 50 16 52 54 
#Base: 901
#Max: 703
#780244
#43 22 57 32 14 44 59 68 70 47 22 6 35 59 23 
#57 22 57 3 51 44 59 68 70 62 18 8 32 21 23 
#57 40 56 65 51 12 20 68 70 47 18 6 35 59 49 
#47 40 23 32 51 12 20 68 70 62 18 6 35 59 49 
#8 22 2 65 51 12 59 68 70 47 22 52 18 59 49 
#57 40 39 65 51 44 59 68 70 62 18 6 32 59 23 
#43 22 23 65 35 44 59 68 27 62 22 8 32 59 23 
#57 40 23 62 35 44 59 68 70 47 22 6 35 59 23 
#57 40 57 62 25 44 59 61 33 62 22 6 35 59 23 
#57 22 23 62 25 44 59 61 70 62 22 22 35 59 23 
#43 11 57 62 51 44 59 68 70 62 18 8 18 21 56 
#43 22 23 65 51 18 59 68 70 62 18 10 35 21 23 
#57 28 56 65 51 18 59 68 70 47 18 22 33 59 49 
#47 28 56 32 51 54 59 68 70 47 24 8 35 59 23 
#43 1 56 62 25 54 59 68 70 47 24 22 18 59 23 
#43 22 57 62 35 18 59 68 70 62 19 6 32 59 23 
#57 22 57 62 24 54 59 68 70 62 19 6 32 59 23 
#47 22 57 65 24 54 59 61 70 62 19 22 35 59 23 
#43 22 57 65 25 54 59 68 70 62 22 22 35 59 23 
#47 22 57 62 25 54 59 68 70 47 22 8 35 59 49 
#43 22 57 62 51 18 59 68 70 13 24 22 35 59 23 
#43 22 57 62 25 54 59 68 70 62 24 22 35 59 23 
#57 40 2 65 51 54 59 68 70 62 24 52 35 59 23 
#57 40 2 65 25 44 59 68 70 62 24 52 35 59 23 
#47 40 57 62 25 44 59 68 70 62 18 8 35 21 49 
#43 40 56 32 51 44 59 61 70 62 18 6 33 59 56 
#43 40 23 62 51 18 59 68 70 62 18 6 33 34 23 
#57 40 23 62 24 54 59 68 27 62 19 8 35 59 44 
#57 40 57 62 49 54 59 61 70 62 18 8 35 59 23 
#43 40 23 32 14 41 59 68 70 62 18 8 18 59 23 
#43 40 56 7 51 44 59 68 70 47 18 6 35 59 23 
#43 22 57 65 51 18 59 68 70 62 22 6 32 59 23 
#57 40 23 62 35 44 59 68 70 47 18 8 35 59 44 
#57 40 23 65 51 44 59 68 70 47 24 6 35 59 23 
#57 22 23 32 25 44 59 61 33 62 22 22 35 59 23 
#57 40 2 65 14 12 59 68 70 47 24 52 35 59 23 
#43 40 39 62 51 44 59 68 70 47 18 6 18 34 23 
#43 22 57 62 51 18 59 68 33 62 22 10 35 59 23 
#47 40 23 65 49 44 59 68 70 62 18 8 32 59 44 
#57 28 23 32 51 44 59 68 70 47 24 8 33 59 23 
#47 1 57 62 51 44 59 68 33 62 22 22 35 59 23 
#43 22 23 62 14 44 59 68 70 62 24 6 35 59 23 
#43 11 23 65 35 44 59 68 70 62 19 22 18 59 23 
#43 22 23 62 51 44 59 68 70 62 19 6 35 59 23 
#57 40 57 62 24 54 59 68 70 62 18 22 32 59 23 
#47 22 57 65 51 44 59 61 70 47 19 8 35 59 49 
#43 1 57 62 51 54 59 68 70 62 22 22 35 59 23 
#43 28 23 65 25 54 59 68 70 47 19 8 18 59 23 
#43 22 57 62 35 18 59 68 70 62 19 22 35 59 23 
#57 22 57 62 25 18 59 68 70 62 22 6 32 59 23 
#43 22 23 62 24 54 59 68 70 62 24 22 35 59 23 
#47 40 57 65 51 44 59 68 70 62 19 52 35 59 23 
#43 22 57 32 25 44 59 68 70 62 24 22 35 59 23 
#57 28 57 62 35 44 59 68 70 47 19 8 33 21 23 
#43 40 23 11 49 44 59 68 70 62 18 22 35 34 56 
#47 22 56 62 25 18 59 68 70 62 22 22 35 59 23 
#57 40 23 62 24 54 59 68 70 62 19 6 32 59 23 
#57 40 23 65 49 54 59 68 70 62 18 52 35 59 23 
#47 40 57 62 25 44 59 68 70 62 18 8 33 59 23 
#57 40 23 32 49 44 59 61 70 62 18 8 33 21 23 
#Base: 901
#Max: 751
#833518
