#[0] 3, 3
#[1] 4, 3
#[2] 3, 4
#[3] 3, 2
#[4] 2, 3
#[5] 2, 4
#[6] 1, 3
#[7] 2, 2
#[8] 3, 1
#[9] 4, 4
#[10] 5, 3
#[11] 3, 5
#[12] 4, 2
#[13] 3, 0
#[14] 5, 4
#[15] 4, 5
#[16] 5, 2
#[17] 4, 1
#[18] 0, 3
#[19] 1, 4
#[20] 2, 1
#[21] 1, 2
#[22] 2, 5
#[23] 0, 4
#[24] 5, 1
#[25] 0, 2
#[26] 5, 5
#[27] 1, 5
#[28] 2, 0
#[29] 1, 1
#[30] 4, 0
#[31] 0, 5
#[32] 1, 0
#[33] 0, 1
#[34] 5, 0
#[35] 0, 0
#Turn 0
22 18 57 36 53 34 
14 27 45 30 42 2 
37 55 54 47 8 16 
13 15 25 59 48 23 
3 0 43 1 46 10 
17 20 24 50 40 49 
#Base: 934
#Max: 354
#379015
#Turn 1
#7 16 34 5 19 25 3 37 11 48 55 26 10 6 1 
#8 9 7 9 14 38 3 37 40 48 25 26 24 6 16 
#8 5 7 9 0 6 49 15 18 1 8 8 24 20 3 
#24 33 17 38 12 22 49 21 18 46 15 19 9 53 8 
#24 33 14 38 12 38 0 2 5 47 15 5 9 1 8 
#34 26 18 15 30 7 1 36 2 5 41 45 20 3 26 
#45 45 2 4 22 9 1 51 1 0 41 22 45 3 28 
#45 29 17 27 7 21 7 51 10 3 52 22 13 11 13 
#3 57 17 30 11 21 20 14 10 10 39 11 13 39 13 
#3 6 12 30 9 32 13 22 7 10 39 16 59 39 11 
#2 47 28 38 22 21 48 5 38 12 17 31 5 47 11 
#18 34 23 13 9 17 1 17 29 6 39 19 15 19 15 
#67 21 23 27 9 17 68 18 8 1 2 3 31 8 3 
#48 21 3 29 12 21 68 18 67 22 20 3 31 4 32 
#13 9 0 29 12 6 7 5 43 25 31 9 37 2 30 
#4 5 35 35 11 20 10 40 48 19 31 58 30 4 36 
#11 5 35 35 40 14 3 11 48 24 1 1 10 7 24 
#12 5 15 17 17 25 88 24 11 24 1 9 10 16 7 
#12 5 15 17 26 25 88 17 29 9 10 16 2 16 7 
#4 23 3 12 18 28 7 12 11 10 34 16 3 28 12 
#16 23 11 46 49 25 2 26 32 23 15 20 18 34 13 
#5 33 11 46 15 2 50 10 38 1 15 12 20 8 13 
#7 13 19 6 20 14 27 10 50 1 7 8 1 8 16 
#7 7 71 1 27 14 17 0 25 18 7 8 21 2 7 
#13 13 7 1 14 16 20 15 19 18 22 27 21 53 36 
#11 36 48 37 11 27 25 21 42 14 5 6 51 23 1 
#42 14 48 37 32 26 25 35 1 16 13 45 32 0 1 
#42 14 8 42 34 20 5 13 1 16 17 15 11 0 32 
#49 27 41 12 34 62 14 13 2 19 31 7 11 6 32 
#13 27 41 4 6 44 14 21 10 19 31 44 7 11 7 
#16 26 18 38 18 25 16 15 35 37 55 48 4 1 6 
#7 16 34 4 19 38 3 36 2 5 14 26 43 3 26 
#45 9 7 27 14 6 30 52 40 0 10 8 24 27 28 
#26 5 24 53 11 22 49 47 18 3 8 11 43 20 13 
#24 33 17 30 9 19 20 21 5 10 15 16 9 39 10 
#35 7 14 21 42 38 13 22 7 47 51 18 21 1 13 
#2 26 18 15 30 37 13 5 26 17 17 48 28 6 6 
#18 45 28 4 22 10 48 39 2 5 41 39 20 3 11 
#45 29 23 13 7 17 1 17 29 0 10 19 15 10 28 
#48 21 17 10 8 21 1 18 10 1 52 3 31 11 13 
#3 9 12 30 9 6 20 14 15 10 39 4 59 39 32 
#13 24 34 48 42 24 7 22 7 25 51 18 21 9 30 
#2 16 10 41 20 20 13 5 26 12 17 58 3 47 19 
#4 34 35 38 11 10 48 11 2 12 31 1 30 19 24 
#11 18 10 13 40 17 3 17 71 24 39 9 10 7 15 
#48 21 15 17 8 21 68 8 8 1 2 3 31 8 7 
#4 9 8 12 12 28 7 5 29 22 4 4 15 4 32 
#10 29 3 48 18 17 38 23 43 12 31 9 37 2 30 
#8 46 10 17 49 34 3 40 26 23 3 20 18 4 25 
#4 5 11 35 11 14 10 11 5 19 15 1 30 44 24 
#5 18 10 35 40 11 50 24 38 24 21 9 20 8 16 
#7 13 71 17 20 14 88 0 50 9 10 1 2 16 7 
#13 7 7 12 27 22 17 15 25 10 67 27 3 22 31 
#53 29 1 32 14 16 20 12 19 7 22 7 7 53 19 
#11 36 3 17 49 34 2 26 16 14 3 3 51 24 31 
#16 23 11 37 11 25 10 13 5 14 23 12 38 34 13 
#42 33 8 42 32 20 50 35 38 1 13 45 32 0 16 
#49 13 71 12 34 59 5 0 50 5 17 8 1 2 7 
#13 27 41 4 27 22 14 15 10 19 67 27 30 11 20 
#33 13 1 32 14 16 31 1 17 7 18 44 7 5 7 
8 23 54 41 42 53 
48 9 37 56 35 32 
52 45 15 17 12 7 
44 28 18 51 57 10 
40 58 33 13 6 30 
20 47 25 3 26 0 
#Base: 934
#Max: 407
#435760
#Turn 2
#7 57 17 30 27 14 20 0 10 18 7 8 21 39 13 
#11 36 71 1 49 14 2 26 25 14 3 8 51 24 31 
#13 24 34 48 42 24 2 22 7 25 51 18 51 24 31 
#13 16 34 41 20 24 13 22 26 25 51 58 3 47 19 
#53 16 10 41 14 20 13 5 19 12 17 58 3 53 19 
#8 6 10 17 9 34 13 22 7 23 3 16 18 39 11 
#3 45 28 4 22 32 48 22 7 5 41 39 20 3 11 
#18 33 8 4 22 10 48 35 38 5 13 45 20 0 11 
#35 7 8 42 42 38 13 22 38 1 51 45 21 1 16 
#45 9 14 27 42 38 13 52 7 47 51 8 21 27 28 
#48 7 15 12 27 22 68 15 8 10 67 27 3 22 31 
#48 5 35 17 8 20 10 40 48 19 2 3 31 8 36 
#4 5 15 17 11 25 88 40 48 24 31 58 30 4 7 
#67 21 23 27 17 17 88 24 8 1 2 9 10 16 3 
#45 29 17 27 9 17 7 18 8 3 52 22 13 11 13 
#11 18 41 13 40 62 3 13 2 19 31 7 10 6 32 
#12 5 41 12 34 62 14 13 2 9 31 7 2 16 32 
#7 13 15 17 20 25 88 17 29 9 10 16 2 16 7 
#49 13 71 12 34 14 5 0 50 9 17 8 1 16 7 
#49 13 28 12 34 21 5 0 50 5 17 8 5 47 7 
#13 9 12 4 9 22 20 15 15 19 67 27 30 11 32 
#13 27 41 53 27 22 49 47 10 3 8 27 43 20 13 
#48 5 24 53 11 21 49 47 18 22 8 3 43 4 13 
#48 21 2 29 12 9 1 51 67 22 41 3 45 4 28 
#16 26 18 4 18 9 16 15 35 0 41 48 45 3 6 
#10 29 3 46 49 25 38 26 32 23 31 20 37 34 13 
#10 36 3 37 11 27 38 23 43 14 31 6 51 23 30 
#24 36 48 38 12 27 25 21 18 14 15 19 51 53 1 
#42 33 48 38 32 26 25 21 1 16 13 19 32 0 8 
#42 16 48 5 32 26 25 37 11 48 55 45 10 0 1 
#8 46 17 17 49 21 20 40 10 10 39 11 18 4 13 
#7 7 12 1 27 32 13 22 25 18 39 16 59 2 11 
#11 36 3 17 49 10 48 39 2 5 41 39 20 24 31 
#13 33 8 48 32 24 7 35 7 25 51 45 21 0 16 
#35 16 10 21 42 20 13 5 7 47 51 18 3 47 19 
#53 29 7 27 14 16 30 52 40 0 22 8 24 27 28 
#13 46 7 12 49 22 17 15 26 23 3 20 18 22 31 
#48 6 12 30 9 21 13 22 8 10 2 16 59 39 7 
#18 5 35 35 11 10 10 39 48 19 31 39 20 3 11 
#12 33 8 17 17 20 50 24 38 24 13 9 32 0 16 
#35 7 23 27 42 17 68 18 8 47 2 18 31 8 13 
#45 29 17 27 7 6 30 51 10 3 52 8 13 27 13 
#13 18 10 13 40 22 3 15 71 24 39 9 3 7 15 
#49 21 41 17 34 21 68 13 8 1 31 3 31 6 7 
#12 5 15 17 11 20 88 40 29 19 10 16 30 4 36 
#7 13 15 17 20 25 88 24 11 9 1 9 2 16 7 
#67 21 23 27 9 17 5 18 50 1 17 8 1 2 3 
#45 29 17 27 22 21 48 51 10 12 17 22 5 11 13 
#11 9 12 13 9 17 20 17 71 10 39 9 10 39 15 
#13 27 41 12 27 62 14 13 2 19 31 27 11 11 32 
#12 5 15 53 26 22 49 47 29 3 10 16 2 20 7 
#48 21 3 17 20 14 88 18 50 9 20 3 31 4 7 
#45 45 2 4 34 9 5 51 1 5 17 8 45 2 7 
#16 47 28 38 18 21 16 5 35 37 17 48 4 47 11 
#3 23 12 30 9 25 20 14 15 10 39 4 59 34 32 
#10 27 3 4 18 17 38 23 43 12 67 9 37 2 30 
#11 5 48 53 11 27 49 21 18 3 8 11 51 23 13 
#24 33 17 29 12 22 68 21 18 46 20 19 31 53 8 
#42 45 2 4 32 26 1 51 1 16 41 22 32 3 28 
#16 26 18 38 18 25 16 37 35 37 55 48 4 1 1 
48 42 32 18 25 34 
26 33 45 57 4 55 
35 8 9 23 44 56 
22 1 10 12 51 2 
58 27 21 13 29 17 
41 59 40 3 43 53 
#Base: 934
#Max: 429
#459315
#Turn 3
#11 18 10 13 9 22 20 17 71 24 39 9 3 7 15 
#13 18 3 17 49 22 3 39 71 5 39 39 3 24 15 
#11 36 71 17 34 14 48 0 50 9 41 39 20 16 31 
#49 29 3 12 34 14 5 0 32 9 31 8 37 34 7 
#35 29 3 21 42 20 38 26 32 23 51 20 37 47 13 
#10 33 3 37 11 27 38 35 7 14 31 6 51 0 16 
#13 33 8 48 32 24 88 35 11 9 1 45 21 16 7 
#24 13 17 29 12 25 88 21 18 9 20 9 31 16 7 
#24 16 10 29 14 20 68 21 19 46 17 58 31 53 8 
#10 27 10 41 18 17 13 23 43 12 67 58 37 2 30 
#35 29 7 27 42 16 30 52 38 1 22 45 21 1 16 
#35 9 14 42 42 38 13 52 38 47 51 45 21 1 16 
#45 21 14 29 42 9 13 51 67 22 51 3 21 4 28 
#12 21 15 17 11 9 88 40 29 22 41 16 45 4 28 
#12 5 15 17 11 27 88 21 18 3 10 11 51 4 13 
#48 5 71 1 11 21 2 26 25 14 8 3 51 4 31 
#11 36 15 1 49 14 2 15 25 14 67 8 51 24 31 
#48 7 15 12 11 22 88 15 8 10 31 27 30 22 7 
#48 5 15 17 11 14 88 40 50 24 20 3 30 4 7 
#13 21 3 17 20 24 88 22 50 9 51 3 51 24 31 
#24 36 48 4 32 26 1 21 18 16 41 22 32 53 28 
#13 27 48 53 27 27 25 21 18 3 8 27 43 20 13 
#13 21 23 27 27 22 49 47 8 1 8 27 43 20 3 
#67 16 48 5 17 17 88 37 8 48 55 45 10 16 1 
#7 13 48 17 20 25 25 37 29 9 10 45 10 0 7 
#45 29 18 38 18 25 16 51 35 37 55 8 13 27 13 
#16 26 18 27 42 25 16 18 8 47 2 48 4 8 1 
#13 16 34 41 42 24 68 18 26 47 2 58 31 8 19 
#49 21 41 17 34 21 13 13 26 25 51 3 31 47 19 
#49 21 41 17 34 21 68 5 35 1 17 48 4 47 7 
#10 36 3 37 9 27 38 17 71 10 31 6 10 39 30 
#13 33 10 13 40 24 7 35 71 25 39 9 3 7 15 
#11 36 15 17 49 25 48 39 11 9 41 39 2 16 31 
#24 33 17 29 12 22 5 21 18 46 20 19 1 53 8 
#53 16 10 46 14 20 38 5 32 12 31 58 37 34 19 
#10 16 10 4 42 17 13 23 43 12 51 9 37 2 19 
#53 29 7 37 14 27 38 52 40 14 22 6 51 23 30 
#13 7 8 42 32 24 7 35 7 1 51 45 21 1 16 
#45 9 14 17 20 25 13 24 11 47 1 9 2 16 7 
#24 33 2 29 12 22 1 51 67 22 41 19 45 4 28 
#53 5 15 17 11 20 88 40 19 19 17 58 3 4 19 
#11 27 48 4 11 17 49 23 43 3 67 11 51 2 13 
#48 29 7 27 11 16 30 47 18 0 8 8 24 27 28 
#35 36 8 42 49 38 13 22 38 14 3 8 51 1 16 
#45 7 15 27 42 38 13 52 8 47 67 8 3 27 31 
#4 21 15 29 11 25 88 51 67 24 31 58 45 4 7 
#48 21 15 17 11 14 88 18 50 19 10 3 30 4 7 
#11 24 34 53 11 27 2 21 18 3 8 18 51 24 13 
#42 5 2 53 32 26 49 47 18 16 8 3 43 3 13 
#24 36 71 1 49 27 2 21 25 14 15 19 51 53 31 
#13 7 15 12 27 22 68 47 10 3 67 27 43 22 31 
#4 21 15 27 17 25 88 40 8 1 31 9 30 16 7 
#48 21 3 17 20 14 88 18 50 48 55 45 10 4 1 
#13 24 34 17 20 25 2 17 7 25 10 16 51 24 7 
#45 45 2 4 7 26 1 51 10 3 41 8 13 27 13 
#16 36 18 38 18 25 25 21 18 37 15 48 51 1 1 
#35 7 23 53 27 22 49 47 10 3 8 18 31 8 13 
#67 21 23 41 20 17 88 22 26 1 2 58 3 16 19 
#49 16 48 17 32 21 68 13 8 1 31 3 10 0 7 
#7 47 15 38 20 21 16 17 29 37 10 16 2 16 7 
15 7 51 46 34 30 
28 14 41 49 9 4 
1 36 27 19 40 39 
50 11 57 23 52 2 
16 12 44 45 6 13 
48 17 29 18 8 25 
#Base: 934
#Max: 480
#513919
#Turn 4
#48 13 17 1 11 21 88 26 25 14 8 3 51 16 7 
#24 21 17 29 17 25 88 40 18 9 20 9 31 16 7 
#4 21 15 27 11 25 88 18 8 19 10 3 30 4 7 
#53 16 10 46 11 20 38 18 32 19 10 3 30 34 7 
#10 36 10 46 14 20 38 17 32 12 31 58 10 39 19 
#12 5 15 17 34 21 13 21 26 3 51 3 51 47 19 
#11 27 15 17 11 17 49 23 18 3 10 11 51 4 13 
#24 27 71 4 49 17 2 21 25 14 67 19 51 2 13 
#24 27 71 41 49 17 2 23 25 14 67 19 51 2 31 
#35 29 10 41 18 20 13 23 43 23 51 20 37 2 13 
#53 18 3 37 14 22 38 39 71 14 22 39 3 23 30 
#53 29 34 41 42 24 38 52 40 14 22 6 51 23 30 
#13 21 3 17 20 24 68 22 50 47 51 58 51 24 19 
#13 5 3 17 11 24 88 22 19 19 51 3 51 24 31 
#24 33 2 17 12 20 1 51 67 22 17 58 3 4 28 
#13 9 14 12 42 38 68 47 38 47 67 27 43 22 16 
#67 21 23 41 42 38 13 52 26 47 2 58 3 1 16 
#67 16 23 41 20 17 88 22 8 1 2 45 3 16 19 
#67 21 3 17 20 14 88 37 8 48 55 45 10 16 1 
#48 36 3 17 34 14 88 18 50 48 55 39 20 4 31 
#11 36 14 29 49 9 2 15 25 22 67 8 21 4 28 
#45 21 15 29 42 9 13 52 8 22 51 8 3 27 28 
#4 21 15 27 42 25 13 51 8 24 67 58 3 4 7 
#13 21 8 29 11 24 88 35 67 24 31 58 45 16 7 
#12 21 8 17 32 9 88 40 29 9 41 16 21 16 28 
#42 7 15 53 32 26 88 15 18 16 8 27 30 3 13 
#48 7 15 12 11 21 68 15 8 1 31 27 30 47 7 
#48 5 15 17 11 14 88 40 50 1 17 3 4 47 7 
#24 16 10 17 11 20 68 21 50 46 17 58 30 53 7 
#24 16 18 38 14 20 68 21 35 46 55 8 31 27 8 
#48 5 41 17 34 21 2 13 25 14 51 3 31 4 19 
#12 5 17 17 12 25 88 21 18 9 10 11 31 4 7 
#11 27 15 27 11 25 88 40 8 1 67 9 30 2 13 
#24 36 15 17 49 14 2 18 25 19 15 3 30 53 7 
#53 16 10 46 14 20 38 23 43 12 67 58 37 2 19 
#10 29 3 21 9 20 38 26 32 23 51 6 10 39 13 
#13 21 41 17 34 21 13 39 26 5 51 39 31 24 15 
#12 5 15 17 11 27 38 52 40 3 10 11 51 23 13 
#11 27 48 4 11 17 49 18 26 3 67 58 51 2 19 
#24 36 71 17 20 24 2 21 50 14 15 19 51 53 31 
#53 27 10 41 11 20 88 23 43 19 67 58 3 2 30 
#35 29 2 29 12 22 38 51 32 22 41 20 37 47 13 
#13 18 15 12 49 22 68 47 71 5 39 39 43 22 31 
#53 29 14 37 42 27 13 52 38 47 51 6 51 1 30 
#67 21 34 41 20 17 68 22 26 47 2 58 3 16 19 
#67 21 48 17 20 17 88 22 8 48 51 45 51 16 31 
#53 21 15 17 20 20 88 40 50 19 17 45 10 4 1 
#11 33 71 17 34 14 1 0 67 9 41 19 20 16 28 
#11 36 15 12 49 14 2 47 25 14 67 27 43 22 31 
#35 21 14 42 42 38 13 51 38 22 51 3 21 1 28 
#45 21 15 27 42 38 13 22 26 1 2 8 3 16 31 
#67 16 48 29 17 25 88 37 8 48 31 58 10 4 7 
#48 21 3 17 20 14 88 18 50 9 1 45 10 4 1 
#11 21 71 17 11 9 48 0 50 9 41 39 45 16 31 
#42 5 15 1 32 26 2 15 18 16 67 3 51 3 31 
#48 21 15 12 11 9 13 15 67 10 51 3 30 22 7 
#49 21 41 17 42 21 13 52 35 47 67 8 4 27 31 
#48 5 15 29 11 14 88 51 67 24 20 3 30 4 7 
#13 16 10 48 14 24 68 21 11 46 17 45 21 53 7 
#12 29 18 17 18 25 16 51 29 22 55 16 45 27 28 
0 48 53 28 32 52 
47 58 7 15 17 13 
10 39 42 23 18 38 
16 12 19 45 51 44 
29 46 43 40 57 34 
24 27 11 8 56 25 
#Base: 934
#Max: 550
#588865
#Turn 5
#11 36 15 12 49 21 88 26 25 14 67 3 43 16 31 
#11 36 15 12 49 14 48 47 50 9 67 27 45 16 31 
#24 21 71 17 11 20 68 21 50 9 17 39 30 16 7 
#24 27 10 17 11 20 68 40 50 1 17 58 30 53 13 
#48 27 15 27 11 14 88 40 50 9 1 9 10 4 13 
#11 16 10 48 14 24 68 21 11 9 17 45 21 16 28 
#13 16 10 4 14 17 2 21 25 14 67 19 21 2 7 
#24 27 71 12 49 38 2 21 38 47 67 27 43 2 16 
#67 9 23 41 20 17 68 47 38 1 2 27 43 22 16 
#13 16 23 17 20 24 88 22 19 1 51 45 51 16 19 
#53 36 71 37 14 24 2 21 71 14 15 19 3 53 30 
#24 36 15 12 20 24 68 21 50 14 15 39 43 22 31 
#13 21 15 12 49 22 68 35 67 24 39 58 43 22 7 
#67 21 3 17 11 14 88 37 67 48 31 45 10 16 7 
#11 21 48 17 20 14 88 18 26 3 67 58 10 2 19 
#13 21 3 17 20 24 13 22 50 47 51 58 51 24 19 
#48 36 3 17 20 14 88 18 50 47 55 39 51 4 19 
#48 21 3 17 34 14 88 22 50 48 55 45 20 16 31 
#67 21 48 17 20 17 88 22 8 48 51 45 10 16 7 
#67 16 34 29 20 17 68 37 8 48 2 58 3 16 19 
#24 16 15 38 14 20 88 21 35 46 17 8 31 27 8 
#53 21 14 17 20 20 88 40 50 19 17 6 10 4 1 
#53 27 10 41 42 20 88 23 38 19 51 6 3 2 30 
#53 5 10 29 11 14 88 51 43 19 20 58 3 2 30 
#53 16 15 29 14 20 88 51 43 12 67 58 37 2 19 
#12 5 15 17 11 9 88 40 50 1 41 3 4 16 28 
#48 5 34 17 42 14 38 40 50 14 22 3 4 23 30 
#53 27 71 41 49 24 2 23 40 14 67 19 51 23 31 
#24 21 41 41 49 17 2 52 25 47 67 8 4 27 31 
#42 21 41 17 32 21 13 15 35 16 8 8 4 27 31 
#11 33 71 17 34 21 88 26 25 9 8 3 20 16 7 
#11 36 15 12 14 14 68 21 25 14 17 45 43 22 31 
#24 27 71 4 49 9 48 21 50 14 67 19 45 16 13 
#24 16 10 12 11 38 68 21 50 47 67 58 30 53 7 
#11 16 23 41 11 25 88 40 8 1 2 9 3 16 13 
#48 5 3 17 20 14 88 18 50 9 1 3 10 4 31 
#11 33 3 37 14 14 1 39 71 14 22 39 20 23 30 
#13 16 71 48 14 24 68 21 11 46 17 45 51 53 31 
#24 27 71 12 49 17 68 47 71 5 39 39 43 22 31 
#13 21 8 29 42 38 68 35 38 47 31 27 45 16 16 
#67 16 3 17 20 14 88 22 8 1 2 45 10 16 19 
#13 27 48 4 11 17 88 18 26 3 67 58 51 24 31 
#67 18 23 41 14 38 38 52 71 14 2 39 3 1 16 
#24 21 3 17 20 24 68 21 50 14 15 19 51 53 31 
#13 18 15 17 34 22 88 47 50 5 55 39 43 22 31 
#13 21 8 29 11 24 88 22 8 48 51 45 51 16 7 
#67 21 48 17 20 25 88 37 8 48 31 58 10 16 7 
#11 27 34 4 11 17 49 22 26 3 67 58 51 16 19 
#67 16 18 38 14 20 68 52 26 47 2 8 31 27 8 
#53 21 15 17 20 24 68 40 50 47 17 58 10 24 19 
#53 36 14 37 34 27 13 52 38 48 55 6 20 4 30 
#53 27 48 41 20 20 88 22 8 48 51 45 3 2 31 
#67 16 48 29 11 14 88 37 8 48 31 58 30 4 7 
#53 16 10 46 20 17 38 22 26 12 2 58 37 2 19 
#24 16 8 17 32 20 68 40 29 46 55 16 31 16 28 
#53 5 15 17 11 14 88 40 50 19 17 3 4 47 7 
#53 29 34 41 42 27 38 52 38 14 51 6 51 1 30 
#53 27 71 41 49 20 88 23 25 19 67 19 3 2 30 
#48 21 41 29 11 21 13 51 67 24 20 3 30 27 31 
#42 7 10 46 32 26 38 23 43 16 8 27 30 2 19 
9 39 14 32 49 48 
8 28 22 52 10 42 
19 0 51 37 16 23 
18 46 27 38 24 17 
50 56 41 57 13 12 
3 1 7 33 44 45 
#Base: 934
#Max: 565
#604925
#Turn 6
#13 16 23 17 42 38 68 35 38 47 31 27 51 16 16 
#13 21 8 29 42 14 88 18 26 3 31 58 45 16 16 
#11 27 71 4 49 9 88 18 50 3 67 19 10 2 19 
#24 27 15 17 49 24 48 21 50 47 17 19 45 16 13 
#53 16 15 38 20 24 68 52 50 47 2 58 31 27 19 
#24 21 23 41 49 17 68 52 38 47 2 27 4 27 31 
#53 21 41 41 49 17 2 23 25 47 67 6 4 2 30 
#53 27 48 41 11 20 88 37 8 19 51 58 30 2 7 
#53 16 71 37 11 14 88 37 71 48 31 58 3 4 7 
#53 36 23 41 14 24 2 52 71 14 15 39 3 53 30 
#11 36 34 29 20 21 88 26 25 48 67 3 3 16 19 
#11 27 15 41 49 20 88 26 25 14 67 45 3 16 31 
#53 16 71 41 14 24 88 22 8 48 51 45 3 53 31 
#48 36 3 48 20 24 88 18 11 46 55 45 51 53 31 
#53 36 3 17 11 14 88 51 43 47 55 58 3 4 30 
#67 21 48 17 20 25 88 37 8 48 31 58 10 16 7 
#53 21 48 41 49 25 2 23 40 48 31 19 51 16 31 
#53 27 71 41 49 17 68 47 71 5 39 19 43 22 31 
#24 16 71 12 49 20 88 51 43 12 67 39 43 2 31 
#53 16 15 17 14 14 88 22 50 48 67 58 37 16 31 
#53 36 34 41 42 27 13 52 38 48 55 6 20 1 30 
#53 27 48 41 11 27 88 18 26 3 67 58 51 24 31 
#53 27 48 4 49 20 88 23 25 19 67 58 51 2 30 
#53 21 3 41 11 20 88 37 25 48 67 19 10 2 7 
#13 21 15 12 11 22 88 35 67 24 39 45 43 16 7 
#24 27 10 17 11 20 48 47 50 9 67 27 45 16 13 
#24 27 71 12 49 14 2 21 38 9 67 27 43 2 16 
#24 27 10 12 11 38 2 21 38 47 67 58 43 53 7 
#13 16 15 12 34 38 68 21 50 47 67 58 30 53 31 
#13 18 8 17 34 24 88 47 50 5 55 39 51 22 7 
#13 16 23 41 20 17 88 47 38 1 51 45 43 22 19 
#24 21 8 41 49 38 2 52 38 47 31 27 45 16 31 
#11 21 48 17 20 20 88 18 38 19 51 6 10 2 30 
#24 27 71 29 11 9 88 21 8 14 31 19 45 16 13 
#53 21 71 37 14 24 68 21 50 47 15 58 3 53 30 
#67 16 18 41 14 38 38 52 26 47 2 39 31 1 8 
#67 9 23 29 20 17 68 37 8 48 2 27 3 22 19 
#11 36 15 12 49 21 2 26 25 47 67 8 43 27 31 
#53 27 48 41 20 20 88 22 8 19 51 45 3 2 31 
#67 16 48 48 14 14 88 21 11 48 31 45 30 4 31 
#48 36 71 17 20 14 88 21 71 14 15 39 3 4 19 
#67 18 10 29 14 14 38 51 43 19 2 58 3 1 16 
#67 16 48 29 20 17 68 22 8 48 51 58 3 16 7 
#67 36 15 12 49 21 88 26 8 48 31 3 43 16 7 
#53 27 71 41 49 24 2 23 8 48 67 19 3 2 31 
#13 16 71 48 14 24 68 21 11 5 17 39 51 53 31 
#53 36 3 29 20 14 88 18 50 47 67 39 51 2 19 
#53 21 10 17 34 14 88 51 43 48 55 45 3 16 30 
#53 21 14 37 34 27 13 22 38 48 51 45 20 4 30 
#53 21 34 41 20 27 38 52 8 48 51 6 51 16 30 
#53 27 71 4 11 17 2 23 40 14 67 19 51 24 31 
#24 27 71 12 49 17 68 23 71 5 39 19 3 22 31 
#67 16 3 29 11 14 88 51 43 48 67 45 10 2 19 
#48 21 15 17 34 22 68 22 67 24 39 58 20 16 31 
#24 27 10 17 34 20 13 52 38 48 55 6 20 4 30 
#53 29 34 12 42 27 38 47 50 9 51 27 45 1 30 
#13 27 48 4 11 38 2 18 38 3 67 58 43 2 16 
#53 16 10 12 11 38 68 23 50 47 67 58 30 2 30 
#67 18 3 17 11 22 88 47 50 48 31 45 10 22 31 
#13 21 8 29 11 24 68 22 8 24 39 58 43 22 7 
16 49 42 15 29 20 
44 11 53 22 7 30 
43 40 34 21 13 51 
47 19 8 17 12 52 
45 4 14 18 46 57 
55 38 58 28 39 2 
#Base: 934
#Max: 603
#645610
#Turn 7
#53 21 34 41 49 25 2 23 8 48 31 6 51 16 31 
#53 16 34 29 20 27 38 52 8 48 51 6 3 16 7 
#67 21 48 29 20 25 88 37 8 48 31 58 3 16 7 
#13 21 8 17 20 25 88 47 50 5 55 39 10 22 7 
#53 18 34 41 42 24 13 47 38 48 55 39 51 22 30 
#11 27 71 41 49 20 88 26 8 14 67 45 3 16 31 
#11 21 15 17 49 20 68 26 25 24 67 45 3 16 31 
#48 27 48 17 49 20 68 22 67 24 67 58 51 2 31 
#53 27 48 4 11 20 88 37 25 19 51 58 51 2 7 
#13 27 48 41 20 17 88 47 8 19 51 45 30 2 19 
#48 36 15 17 49 21 88 21 8 48 15 3 3 4 7 
#53 36 71 17 20 24 68 21 50 47 15 39 3 53 19 
#53 27 48 41 14 27 68 21 50 3 67 58 3 24 30 
#48 27 3 41 20 27 88 18 11 3 55 45 51 53 31 
#48 36 3 12 49 17 88 23 71 5 39 19 3 53 31 
#53 21 15 17 14 14 88 22 43 48 55 58 37 16 31 
#53 16 71 17 14 14 88 22 50 48 67 58 37 16 7 
#53 16 71 41 49 17 68 37 71 48 31 19 43 22 7 
#53 27 71 41 49 24 88 22 71 5 51 19 43 53 31 
#67 16 3 29 11 24 88 22 43 48 51 45 10 2 31 
#53 16 71 38 14 24 68 52 50 5 2 39 31 53 19 
#53 16 3 17 11 14 68 51 50 47 2 58 31 4 30 
#24 36 71 17 49 20 88 51 43 12 55 39 3 4 30 
#53 16 3 12 49 14 88 51 43 12 67 39 43 2 19 
#53 16 3 29 11 38 68 18 50 47 67 58 51 2 30 
#53 27 48 41 20 27 38 47 8 9 51 27 45 1 30 
#53 18 48 41 11 20 88 22 50 19 31 45 10 22 31 
#13 18 15 17 11 38 68 21 50 48 67 45 10 53 31 
#67 16 15 48 34 38 68 21 50 48 31 45 30 53 31 
#11 27 48 48 14 9 88 18 11 48 67 19 30 2 31 
#53 27 48 41 49 24 2 23 8 48 31 19 51 2 31 
#11 27 34 41 20 20 88 26 25 48 67 6 51 16 30 
#67 16 48 17 34 17 68 22 8 48 51 58 3 16 7 
#67 21 48 4 49 20 88 23 25 19 31 58 51 2 30 
#53 18 8 17 34 20 88 37 50 19 55 39 51 2 7 
#13 16 34 41 20 27 88 52 38 48 51 45 20 22 30 
#67 27 71 41 49 21 88 26 8 48 31 19 43 16 7 
#11 36 15 17 49 14 88 21 25 14 15 39 3 4 19 
#53 21 15 37 14 22 68 22 67 47 39 58 20 16 31 
#53 27 48 41 49 20 88 18 25 19 67 58 51 2 31 
#48 27 48 48 20 20 88 18 8 19 51 45 51 53 7 
#13 27 71 12 49 17 68 47 71 1 39 45 3 22 31 
#67 36 10 12 34 14 88 51 8 48 31 3 3 16 30 
#48 36 15 17 14 14 88 22 71 48 15 39 37 16 31 
#53 16 71 37 14 14 88 37 71 48 15 58 3 53 30 
#53 27 71 41 11 17 88 18 71 3 67 58 51 22 31 
#53 36 71 41 20 24 88 18 11 48 55 45 51 53 31 
#24 16 71 12 11 14 88 51 43 48 67 19 10 22 31 
#53 16 71 48 34 24 88 21 11 5 55 45 51 16 30 
#53 16 15 17 20 14 88 22 50 48 2 58 37 16 31 
#53 36 71 17 11 14 88 51 43 47 31 58 3 4 7 
#53 16 71 41 49 17 68 51 71 5 39 39 43 2 31 
#53 16 3 29 20 24 88 18 50 48 51 39 3 2 19 
#53 16 10 12 11 14 68 51 43 48 67 58 30 2 19 
#13 16 71 48 42 24 38 47 50 9 51 39 51 1 31 
#53 27 48 41 20 24 88 22 50 19 51 45 31 2 31 
#53 36 3 17 11 22 88 47 43 47 31 58 10 22 30 
#24 16 15 12 34 20 88 51 43 47 67 39 43 53 31 
#53 16 48 29 14 14 88 18 50 48 67 39 51 2 19 
#53 27 10 12 49 9 68 18 50 47 67 19 30 2 30 
43 56 47 24 12 41 
23 13 35 7 33 54 
5 4 17 51 39 20 
58 16 44 18 45 48 
38 50 36 46 28 55 
2 11 22 57 40 15 
#Base: 934
#Max: 648
#693790
#Turn 8
#48 36 15 17 11 14 88 47 71 47 15 58 37 16 31 
#53 36 71 12 11 14 88 51 43 47 67 19 10 22 31 
#24 16 3 29 11 14 68 51 50 48 67 58 51 22 31 
#53 27 48 29 14 27 68 18 50 3 67 58 51 24 30 
#53 27 71 41 49 27 68 21 50 1 39 45 3 24 30 
#53 16 3 12 49 27 88 18 43 3 67 45 43 53 19 
#13 16 3 41 20 27 88 52 11 48 51 45 20 22 30 
#13 27 34 17 20 20 68 22 38 48 67 58 51 2 30 
#67 21 48 4 49 20 88 23 25 19 31 58 51 2 30 
#13 21 48 4 42 24 38 47 25 19 31 58 51 1 31 
#11 18 34 41 42 20 13 47 38 14 67 45 3 22 31 
#53 16 34 41 49 24 68 47 38 48 55 39 51 22 30 
#53 16 71 41 49 17 68 51 71 5 39 19 43 2 31 
#53 16 48 41 49 20 88 51 71 5 39 39 51 2 31 
#53 16 71 38 49 24 88 18 50 19 2 58 51 2 31 
#53 16 48 29 14 14 88 18 50 48 67 39 51 2 19 
#53 16 71 17 14 14 88 37 50 48 15 58 37 16 30 
#53 16 71 41 14 14 88 22 71 48 15 58 43 53 30 
#53 27 71 41 11 24 88 22 71 5 67 19 51 22 31 
#53 16 71 48 11 17 88 18 71 3 55 45 51 22 31 
#53 36 71 37 11 22 68 51 43 47 31 58 3 16 31 
#53 27 71 41 49 14 88 26 43 48 31 19 3 16 7 
#53 36 71 41 20 24 88 18 8 48 31 19 51 16 7 
#67 16 15 48 20 38 88 18 11 48 31 45 30 53 31 
#67 16 15 48 20 24 88 21 50 48 31 45 31 2 31 
#67 36 71 17 20 25 68 37 8 47 15 39 3 53 7 
#24 36 71 17 20 20 88 21 50 12 15 39 3 53 30 
#24 36 15 17 49 20 88 51 43 47 67 39 43 4 31 
#48 16 15 48 20 20 88 51 8 19 51 45 43 53 7 
#48 21 15 48 20 14 88 22 43 48 55 45 51 16 7 
#53 16 15 12 49 14 88 22 71 12 15 39 37 16 19 
#53 27 3 17 20 22 88 18 11 47 31 58 51 22 30 
#13 16 71 12 11 14 88 51 43 48 67 19 10 22 31 
#48 16 48 29 11 38 68 22 67 47 67 58 51 2 30 
#53 27 48 4 14 27 68 23 25 3 67 58 51 2 30 
#13 27 71 12 42 24 38 47 50 1 39 45 51 1 31 
#11 16 3 12 49 14 88 51 43 12 67 45 3 2 19 
#53 27 3 41 42 27 13 47 11 3 55 39 51 22 30 
#53 16 34 41 49 27 68 52 71 48 31 19 43 22 30 
#48 16 71 17 49 17 68 51 67 5 67 58 51 2 31 
#53 27 48 4 49 20 88 18 25 19 31 58 51 2 30 
#13 16 71 48 42 24 68 52 50 9 51 39 51 53 31 
#53 27 48 41 49 20 88 18 8 14 67 39 3 2 31 
#53 16 71 17 42 24 88 47 50 48 67 39 51 16 7 
#53 16 71 37 49 14 88 37 71 48 15 58 43 22 30 
#53 27 71 41 49 17 88 22 71 5 39 19 43 53 31 
#53 27 48 41 49 17 88 18 71 19 67 58 51 2 31 
#53 16 71 48 34 24 88 21 50 5 55 39 31 16 30 
#53 21 15 37 14 14 88 22 50 48 67 58 51 16 19 
#53 36 71 17 11 14 88 22 50 48 31 58 37 16 7 
#67 27 71 37 49 21 88 26 8 48 31 58 3 16 30 
#53 36 71 41 20 24 88 22 71 48 51 45 43 53 31 
#53 27 15 48 34 17 88 18 50 3 31 58 30 22 31 
#53 16 71 48 34 24 88 22 11 5 55 45 31 16 31 
#67 21 15 37 14 25 88 22 67 47 31 58 3 16 31 
#53 36 71 17 20 24 68 51 50 47 31 58 3 53 7 
#67 27 71 17 49 21 88 51 8 12 31 19 43 16 30 
#24 16 71 12 34 20 88 51 11 47 67 39 43 53 31 
#67 16 48 48 20 20 88 18 8 19 51 45 30 53 7 
#53 27 15 41 20 24 88 22 50 48 55 58 31 16 31 
54 4 3 59 48 56 
53 15 1 39 20 23 
49 12 41 43 45 27 
33 11 17 51 46 13 
0 50 18 44 57 55 
2 14 47 38 19 16 
#Base: 934
#Max: 697
#746253
#Turn 9
#53 21 71 41 49 25 88 21 50 1 39 58 3 16 31 
#53 27 71 29 49 27 68 21 50 1 39 58 3 24 30 
#53 27 15 41 20 27 68 22 50 48 67 58 51 24 31 
#53 21 15 41 14 14 88 22 50 48 67 58 31 16 31 
#67 27 71 17 49 21 88 51 50 48 31 58 43 16 19 
#53 16 71 29 14 24 88 18 11 48 55 39 31 2 19 
#53 36 48 29 14 14 88 18 50 47 67 19 10 22 31 
#48 16 71 12 49 14 88 51 67 5 67 58 51 22 31 
#53 16 71 37 49 17 68 51 67 5 31 58 3 2 31 
#53 36 71 37 11 38 68 51 11 47 31 45 30 53 31 
#53 16 71 17 11 14 68 22 50 48 39 19 43 2 7 
#53 16 71 48 42 24 68 52 71 9 39 19 51 2 31 
#53 16 71 17 42 24 88 52 50 48 67 39 51 53 31 
#53 27 71 41 49 24 88 22 71 5 39 39 51 53 7 
#24 36 15 41 49 20 88 51 43 47 67 39 43 4 31 
#48 16 48 29 11 38 68 22 67 48 55 58 51 22 30 
#53 16 34 41 14 14 88 47 71 48 15 58 51 53 30 
#53 36 71 41 20 24 88 22 71 48 51 45 43 53 31 
#53 27 48 41 49 17 88 18 71 48 51 45 43 2 31 
#53 27 48 41 49 20 88 51 71 19 39 58 51 2 31 
#67 36 15 17 11 14 88 26 8 47 31 58 37 16 31 
#53 27 71 37 11 21 88 22 71 5 67 58 51 16 30 
#53 27 71 41 49 24 88 22 71 5 15 19 51 22 30 
#53 16 71 37 34 14 88 37 11 48 15 39 43 22 30 
#24 16 71 12 20 24 68 51 50 47 67 39 43 53 31 
#53 16 71 29 11 24 68 18 50 19 2 58 51 2 31 
#53 16 71 38 34 24 88 18 50 5 2 39 31 16 30 
#53 16 71 41 49 27 68 21 71 48 55 39 43 22 30 
#53 16 34 48 49 27 68 52 71 3 55 19 51 22 31 
#53 16 71 17 11 17 88 37 71 48 55 58 51 22 31 
#67 16 71 48 34 24 88 22 67 47 31 58 31 16 31 
#53 27 71 41 14 14 88 18 50 48 39 39 51 24 19 
#53 36 48 29 14 27 68 51 50 3 67 19 51 24 30 
#48 16 71 41 49 24 68 22 67 48 67 58 51 2 31 
#53 21 15 37 11 22 88 22 43 48 67 58 3 16 31 
#67 16 15 48 20 21 88 51 8 12 31 45 30 53 30 
#53 16 71 48 11 24 88 22 50 5 31 45 37 16 7 
#53 16 48 29 49 14 68 18 71 5 39 39 43 2 19 
#53 16 71 12 42 24 68 52 43 9 51 39 10 22 31 
#48 16 71 17 42 24 88 51 67 5 67 58 51 16 7 
#53 36 71 37 49 22 88 22 71 5 39 58 43 16 31 
#24 36 15 48 49 38 88 18 11 47 67 39 30 53 31 
#48 16 48 29 11 38 88 22 50 47 31 58 37 16 7 
#53 16 71 41 49 24 68 47 38 48 55 39 43 22 30 
#53 16 71 41 42 14 68 22 71 48 15 39 51 53 30 
#53 36 71 41 20 24 88 22 50 48 51 39 51 53 7 
#53 27 71 41 49 17 88 22 71 5 39 19 43 53 31 
#53 16 48 17 49 20 88 51 71 5 67 39 43 2 31 
#48 16 48 29 11 14 68 22 71 47 67 58 37 16 31 
#67 27 71 37 49 24 88 47 8 48 31 39 51 22 30 
#53 27 71 41 14 14 88 22 71 48 15 58 43 53 31 
#53 36 71 37 20 24 88 37 71 48 51 45 43 22 31 
#53 27 48 12 49 20 88 18 71 47 67 39 51 2 31 
#53 16 48 41 20 20 88 51 71 47 31 58 51 53 7 
#48 16 3 29 11 14 88 47 50 48 67 58 37 16 31 
#53 27 71 38 49 21 88 18 8 19 31 58 3 16 31 
#53 27 71 41 34 24 88 21 71 5 67 19 31 16 30 
#53 16 71 41 49 27 68 52 71 48 15 58 43 22 30 
#24 16 71 48 34 17 88 51 71 3 67 45 43 53 31 
#53 16 71 17 20 24 68 51 50 47 15 58 3 53 30 
11 41 21 44 24 14 
31 2 18 4 13 52 
39 16 45 27 33 46 
19 58 57 12 51 30 
28 40 50 17 43 49 
56 9 7 53 29 15 
#Base: 934
#Max: 702
#751606
#53 36 71 48 42 38 68 18 11 9 67 19 30 53 31 
#24 27 15 48 49 21 88 18 71 47 67 58 51 16 31 
#53 27 71 41 11 14 68 22 71 48 67 39 51 16 30 
#53 16 71 12 42 14 68 51 71 48 15 39 51 53 31 
#24 16 15 12 20 20 88 51 43 47 67 39 43 4 31 
#53 27 71 41 20 14 68 18 50 48 39 58 51 24 19 
#53 27 15 41 20 27 68 22 50 48 67 45 51 24 31 
#67 27 48 41 49 21 88 18 50 48 31 58 43 16 31 
#67 27 71 17 49 24 88 51 50 48 39 39 51 53 7 
#53 27 48 41 49 20 88 18 71 5 67 39 51 2 31 
#53 16 71 41 42 14 88 47 71 48 67 58 51 53 7 
#53 36 34 41 20 24 88 22 71 48 51 58 51 53 30 
#53 16 71 41 20 24 88 22 50 48 51 39 51 22 30 
#53 16 71 41 49 24 68 21 67 48 55 58 51 22 31 
#48 16 71 41 49 24 88 22 67 48 39 58 51 53 31 
#53 27 71 48 34 17 88 51 71 3 67 45 51 53 31 
#53 16 71 48 34 27 88 51 71 3 67 45 43 53 30 
#53 16 71 41 49 24 88 52 71 48 15 39 43 22 30 
#53 16 71 37 20 24 88 52 71 48 67 39 51 53 31 
#67 16 71 37 34 24 88 22 71 47 31 58 43 16 31 
#53 36 34 48 49 22 68 22 71 5 39 19 43 22 31 
#53 27 71 41 14 22 88 22 71 5 39 58 43 16 31 
#53 27 71 41 20 14 88 22 71 48 51 58 43 53 31 
#53 16 71 41 49 24 68 22 71 48 55 45 43 22 30 
#67 16 71 37 49 24 68 47 8 48 55 39 51 22 30 
#53 27 71 37 11 24 88 51 11 47 67 19 31 53 30 
#53 36 71 37 11 38 68 51 67 47 31 45 30 53 31 
#48 16 48 41 49 14 88 51 71 5 31 58 51 22 31 
#53 16 71 17 11 20 88 37 71 47 55 58 51 22 31 
#53 16 48 17 11 17 88 37 67 48 55 58 51 22 30 
#53 16 71 41 14 14 88 52 50 9 39 19 51 2 19 
#24 36 15 48 20 38 88 22 11 48 67 39 51 53 31 
#53 27 71 41 49 21 88 22 71 48 67 45 43 2 30 
#53 27 71 17 49 21 88 22 71 48 31 58 43 53 19 
#24 27 71 12 49 24 68 51 71 5 67 39 51 53 31 
#24 36 48 12 49 20 88 18 71 47 67 39 51 4 31 
#53 16 71 41 42 14 88 51 67 48 67 58 51 16 19 
#53 27 34 41 20 14 68 47 50 48 15 58 51 53 30 
#53 36 48 41 49 24 88 18 50 48 51 39 43 53 31 
#67 16 71 17 49 27 68 21 50 48 31 39 43 22 30 
#48 27 71 41 49 24 68 22 71 48 39 58 51 2 7 
#53 27 71 12 49 20 88 18 71 47 39 39 43 53 31 
#53 27 48 41 49 24 88 51 67 19 67 58 51 16 7 
#53 16 34 48 34 17 88 51 71 48 67 45 43 53 30 
#53 36 71 41 49 27 68 22 71 48 51 58 51 53 30 
#53 16 71 41 49 27 88 21 71 48 67 39 43 22 31 
#53 36 71 41 49 24 68 22 67 48 67 58 43 2 31 
#53 16 71 48 34 17 88 22 71 47 31 19 31 16 31 
#53 27 34 41 49 20 88 52 71 19 39 19 51 22 31 
#24 16 71 48 34 17 88 22 71 3 39 45 43 53 31 
#53 16 71 41 49 14 88 52 71 48 15 58 43 53 30 
#53 16 71 17 20 24 88 52 71 48 67 39 51 53 31 
#53 16 71 41 49 24 88 37 38 48 55 45 43 22 31 
#67 16 71 37 34 24 88 22 67 48 31 39 51 16 30 
#53 16 34 41 34 24 68 21 71 5 67 19 31 22 30 
#53 36 71 37 49 22 68 51 11 47 39 45 43 16 31 
#48 27 71 41 49 14 88 22 71 48 67 58 43 22 31 
#53 16 71 41 20 20 88 51 71 47 51 58 51 53 31 
#53 16 71 17 11 17 88 47 71 48 55 58 51 22 30 
#48 16 71 37 49 24 68 22 8 48 55 58 51 22 30 
#Base: 934
#Max: 729
#780514
