#[0] 3, 3
#[1] 4, 3
#[2] 3, 4
#[3] 3, 2
#[4] 2, 3
#[5] 2, 4
#[6] 1, 3
#[7] 2, 2
#[8] 3, 1
#[9] 4, 4
#[10] 5, 3
#[11] 3, 5
#[12] 4, 2
#[13] 3, 0
#[14] 5, 4
#[15] 4, 5
#[16] 5, 2
#[17] 4, 1
#[18] 0, 3
#[19] 1, 4
#[20] 2, 1
#[21] 1, 2
#[22] 2, 5
#[23] 0, 4
#[24] 5, 1
#[25] 0, 2
#[26] 5, 5
#[27] 1, 5
#[28] 2, 0
#[29] 1, 1
#[30] 4, 0
#[31] 0, 5
#[32] 1, 0
#[33] 0, 1
#[34] 5, 0
#[35] 0, 0
#Turn 0
28 49 0 56 48 4 
32 16 46 21 3 20 
34 47 51 11 54 25 
55 22 33 26 50 9 
58 29 41 45 14 44 
42 31 52 5 30 2 
#Base: 904
#Max: 356
#393805
#Turn 1
#9 2 22 24 1 20 20 28 4 17 22 30 14 40 31 
#2 42 7 20 26 6 1 5 4 17 10 13 49 37 12 
#2 42 7 51 4 13 25 5 4 18 23 13 39 37 3 
#39 12 12 5 26 13 3 4 8 48 23 9 39 24 32 
#40 1 33 5 26 17 15 4 22 8 2 23 2 46 32 
#26 7 14 42 26 43 32 19 12 4 17 5 22 18 34 
#22 40 4 32 16 43 59 19 16 4 39 18 5 18 34 
#5 40 4 6 16 28 3 10 13 19 39 7 19 18 60 
#31 47 28 43 34 12 16 10 13 19 9 15 5 3 60 
#18 7 37 43 16 32 16 25 43 49 9 15 11 4 29 
#4 12 28 8 4 4 14 32 51 12 13 51 6 40 23 
#18 4 16 17 11 16 12 33 9 30 16 10 7 8 23 
#17 4 0 53 32 16 12 15 27 30 64 10 9 8 17 
#27 49 1 10 15 21 10 15 27 25 64 5 31 48 17 
#27 28 1 62 3 8 10 38 9 3 5 48 31 25 24 
#59 6 4 1 0 36 17 48 13 44 9 10 2 37 11 
#7 33 4 10 0 12 37 25 33 7 9 7 21 37 23 
#7 43 19 6 4 1 10 15 33 15 11 7 21 29 23 
#13 20 19 12 4 62 78 15 9 15 9 2 5 1 3 
#52 16 30 11 17 62 20 32 29 1 9 2 37 3 8 
#20 22 44 39 39 6 20 15 22 18 51 2 31 44 31 
#51 8 4 30 55 5 18 18 4 9 39 1 15 28 52 
#51 8 15 13 68 5 15 18 19 9 23 21 25 13 10 
#43 2 63 6 1 21 13 3 21 25 18 4 18 13 27 
#55 2 63 4 1 28 13 22 21 25 18 12 34 7 27 
#42 46 30 35 23 20 0 13 9 16 5 29 23 21 17 
#42 20 7 9 9 20 34 0 9 59 0 29 8 36 17 
#32 25 30 9 9 8 21 24 45 59 0 11 8 36 6 
#20 1 11 29 5 61 9 5 29 23 23 58 31 7 6 
#20 10 32 15 4 16 5 13 43 31 24 58 11 29 19 
#9 31 6 42 1 36 50 28 36 12 22 30 14 50 31 
#37 13 22 32 26 43 1 19 4 4 10 44 16 18 24 
#2 40 4 20 19 13 25 5 16 18 39 13 19 37 10 
#39 7 28 6 16 13 3 10 13 19 42 9 5 21 60 
#38 12 33 5 26 17 15 4 27 49 9 25 29 3 32 
#18 1 8 8 11 40 10 10 25 29 2 23 29 4 24 
#4 22 28 8 26 3 50 32 12 12 44 29 14 4 20 
#26 7 16 32 48 4 22 33 24 4 13 51 5 18 34 
#17 40 27 53 32 16 12 58 16 30 39 10 19 18 10 
#5 47 28 6 16 21 8 10 27 19 64 5 9 21 17 
#31 7 1 43 34 8 10 25 9 49 5 7 11 48 24 
#18 11 8 45 3 32 14 10 43 6 12 48 9 4 29 
#59 5 13 1 4 3 14 32 13 44 44 20 2 24 40 
#18 6 16 17 0 4 37 48 24 7 13 51 54 37 23 
#7 4 14 9 32 12 10 58 33 30 68 10 21 8 23 
#10 49 19 10 4 21 8 15 9 25 64 7 7 26 17 
#52 28 1 12 17 8 10 32 1 3 5 7 5 1 24 
#14 16 12 45 3 8 14 56 29 1 16 47 37 25 8 
#16 22 18 1 23 5 17 15 22 12 51 2 31 8 11 
#13 15 44 30 1 6 18 48 8 18 1 1 5 44 52 
#7 8 4 9 55 5 10 25 19 10 39 7 21 28 10 
#13 14 15 6 68 1 3 3 44 17 11 7 7 13 3 
#43 2 15 4 17 62 13 22 1 25 9 2 18 25 27 
#55 16 16 11 3 28 0 9 29 11 23 47 34 3 51 
#27 42 18 8 23 5 20 13 47 12 51 34 31 8 9 
#42 46 7 35 1 20 18 0 4 16 4 1 5 44 17 
#32 8 4 13 55 5 15 18 39 9 0 21 8 28 10 
#35 25 11 6 68 61 9 5 45 23 23 4 21 13 3 
#20 1 9 4 4 21 47 4 29 25 18 4 18 25 19 
#46 10 32 15 10 16 0 13 43 11 23 10 34 44 51 
52 33 39 42 27 10 
29 37 47 30 12 45 
40 22 43 38 21 49 
53 20 13 57 44 6 
26 59 28 18 24 14 
23 54 15 19 8 9 
#Base: 904
#Max: 404
#446903
#Turn 2
#39 2 15 4 17 13 3 10 13 25 9 2 18 21 27 
#5 7 28 6 16 13 8 10 27 19 64 9 9 21 60 
#5 5 13 6 16 3 14 10 13 44 44 5 2 24 40 
#32 5 30 1 4 3 14 32 13 59 44 20 8 36 40 
#4 25 28 9 9 8 21 32 45 12 0 51 8 36 6 
#20 7 16 15 4 16 22 33 24 31 13 51 11 18 34 
#26 7 16 32 3 8 14 56 24 4 16 47 37 18 34 
#14 16 12 42 3 36 50 28 29 12 16 30 37 25 8 
#17 4 0 42 32 36 50 28 27 12 64 10 14 8 31 
#10 4 19 10 4 16 8 15 9 25 64 7 9 8 17 
#51 7 1 13 34 8 15 18 19 49 5 7 25 13 10 
#51 8 15 13 68 5 37 48 19 9 23 21 54 37 23 
#18 40 16 53 32 16 37 58 24 30 13 10 19 37 23 
#17 40 4 30 55 16 18 58 16 30 39 1 15 28 10 
#51 15 4 30 1 5 18 48 8 18 39 1 5 28 52 
#55 16 16 39 3 28 20 15 29 11 51 47 34 44 51 
#27 49 1 39 39 6 20 15 27 18 51 2 31 48 31 
#35 25 11 10 15 61 9 15 45 23 23 5 31 13 17 
#7 4 14 6 68 12 10 58 45 30 68 4 21 8 23 
#22 4 14 9 32 43 10 19 33 30 39 10 21 18 23 
#42 10 7 9 10 16 0 13 43 59 0 29 8 44 51 
#20 10 32 29 10 61 9 13 43 23 23 10 31 44 51 
#20 20 19 12 5 61 9 15 29 23 9 58 31 7 6 
#55 2 19 12 4 28 13 15 9 15 9 12 34 7 3 
#55 28 1 62 3 28 10 38 21 25 5 12 34 7 24 
#27 42 18 8 1 21 13 3 21 12 51 4 31 8 9 
#59 42 18 8 0 5 17 13 47 12 51 10 31 37 11 
#59 16 30 11 17 62 17 48 13 44 9 10 37 3 8 
#52 16 30 11 17 62 20 32 13 19 9 15 37 3 60 
#18 47 37 43 34 32 16 25 13 49 9 15 5 3 60 
#43 10 32 15 17 16 13 13 43 31 24 58 11 29 27 
#26 7 16 6 16 4 22 10 24 4 13 9 5 18 60 
#14 16 12 45 16 21 8 56 27 1 16 47 37 21 8 
#59 31 6 42 1 36 14 28 13 12 22 20 14 50 31 
#17 4 0 53 9 8 12 15 27 59 64 11 9 36 6 
#10 49 28 8 4 4 14 32 51 25 13 7 6 26 17 
#20 7 32 43 34 16 10 25 43 49 5 7 11 29 24 
#51 8 15 13 68 4 15 33 24 9 23 21 5 13 34 
#14 6 16 17 0 8 14 48 24 7 16 47 54 25 23 
#9 31 27 53 32 16 50 28 16 30 22 10 19 18 31 
#17 8 4 30 32 5 18 18 4 30 64 10 15 8 17 
#13 15 19 10 1 6 8 15 8 18 1 1 5 26 52 
#31 16 16 11 3 28 10 25 9 11 5 47 34 48 51 
#51 22 15 39 39 6 20 15 19 18 51 21 25 13 31 
#27 49 1 10 15 21 10 15 24 7 64 51 54 37 23 
#35 40 11 6 32 61 12 58 45 30 39 4 19 13 10 
#7 4 14 30 55 12 10 18 33 9 39 10 21 28 52 
#13 40 4 32 1 6 18 19 8 18 1 1 5 18 34 
#42 20 16 9 9 28 0 9 29 59 0 47 34 36 17 
#20 10 32 15 10 6 0 15 22 18 51 2 34 44 31 
#27 49 1 10 15 61 10 5 29 23 64 58 31 7 17 
#13 20 11 12 4 62 9 5 45 23 23 4 5 1 3 
#7 4 14 4 32 28 10 22 33 25 68 10 34 8 23 
#22 40 1 32 16 8 59 19 16 3 39 18 31 18 34 
#42 20 7 6 9 20 13 3 9 59 0 4 8 36 27 
#46 10 18 15 23 5 20 13 43 12 51 10 34 8 9 
#59 1 4 29 5 61 9 48 29 23 9 58 31 7 6 
#52 16 30 12 17 62 78 32 9 1 9 2 37 3 8 
#31 2 63 43 1 12 16 22 21 19 18 12 5 3 60 
#18 7 1 43 3 8 10 25 9 3 5 15 31 25 24 
52 42 30 13 37 53 
32 1 33 44 58 43 
39 24 45 15 56 48 
12 28 11 18 50 21 
22 20 34 57 27 8 
46 3 26 29 16 14 
#Base: 904
#Max: 459
#507743
#Turn 3
#7 4 16 11 32 28 10 25 33 25 5 47 34 8 51 
#43 16 16 11 17 16 13 25 43 11 5 47 34 29 27 
#43 40 4 30 17 16 13 13 16 31 39 1 15 28 10 
#51 40 4 30 68 4 15 58 16 9 23 1 15 13 34 
#22 40 1 32 16 4 15 33 24 9 23 18 31 18 34 
#14 16 12 6 16 13 8 10 27 19 64 47 9 21 8 
#59 7 6 42 16 13 8 10 27 12 64 9 9 50 31 
#27 49 1 42 1 21 14 15 13 12 22 51 14 50 23 
#27 2 63 10 1 21 10 15 24 19 18 51 5 37 60 
#51 2 63 43 39 12 20 15 19 18 51 21 5 3 60 
#55 31 27 53 32 28 50 38 16 25 5 10 19 18 31 
#35 40 1 62 3 28 12 38 45 25 5 4 19 13 10 
#35 40 16 6 32 61 12 58 29 30 39 4 34 44 51 
#55 1 16 29 3 61 20 48 29 23 51 58 34 7 6 
#42 20 4 29 5 61 0 9 29 23 9 58 31 7 17 
#52 40 16 53 17 16 20 58 13 19 13 15 37 37 60 
#52 8 30 11 17 62 20 48 19 19 23 15 37 37 23 
#51 4 14 13 68 12 10 58 45 9 68 4 21 8 23 
#7 4 14 6 68 61 10 58 45 30 64 58 21 7 23 
#20 49 32 29 15 61 9 13 29 23 23 58 31 44 51 
#20 10 19 9 10 61 9 15 43 59 0 29 31 7 6 
#42 4 7 9 10 8 0 13 27 59 0 11 8 36 6 
#17 4 30 12 9 8 78 15 27 1 9 11 37 3 6 
#59 16 30 11 17 62 78 32 9 1 9 2 37 3 8 
#59 16 0 11 32 62 50 48 13 44 9 10 14 8 31 
#32 4 14 1 4 3 14 32 33 59 44 10 21 36 40 
#59 5 30 1 0 3 17 32 13 59 51 20 8 37 11 
#59 42 18 8 0 5 17 25 13 49 51 10 31 37 11 
#18 47 37 39 34 32 20 25 13 49 51 15 31 3 60 
#51 49 4 39 1 5 20 15 27 18 51 2 5 28 31 
#14 4 12 45 16 28 10 22 27 25 68 47 34 21 23 
#31 16 28 11 16 28 10 25 27 19 64 9 34 21 60 
#59 10 32 15 17 16 13 28 43 12 22 20 11 50 27 
#27 40 1 10 55 21 10 15 24 30 64 1 54 28 23 
#31 2 63 13 1 12 15 22 24 9 23 12 5 13 60 
#22 22 1 39 16 8 20 19 16 3 51 18 25 18 31 
#14 16 27 45 32 16 8 28 16 30 22 10 37 18 31 
#5 28 1 62 3 28 8 10 21 25 64 12 9 21 60 
#35 40 11 6 32 36 12 58 13 30 22 20 19 50 10 
#27 49 1 39 15 21 20 15 29 11 64 47 54 37 51 
#31 1 4 43 5 12 16 22 21 23 18 12 31 7 60 
#51 22 16 9 39 6 0 9 29 18 51 21 25 13 17 
#9 31 27 53 32 16 37 28 24 30 22 10 19 18 31 
#52 16 30 11 3 28 20 38 13 19 9 12 34 7 60 
#35 40 15 6 32 5 37 48 45 30 39 21 19 13 10 
#7 16 16 6 3 28 10 58 29 30 68 4 34 8 23 
#27 1 4 10 5 61 9 5 29 23 9 58 31 7 6 
#20 20 16 29 10 61 0 9 29 23 23 10 31 36 17 
#18 20 19 53 5 61 9 58 29 23 13 58 31 37 23 
#52 16 30 9 10 62 0 32 13 59 9 29 8 44 60 
#17 8 15 13 9 8 37 15 27 9 64 21 9 36 23 
#7 4 14 12 17 12 78 58 45 1 9 2 21 8 8 
#59 49 1 11 15 61 10 48 29 44 64 58 37 3 17 
#20 10 0 42 10 36 50 28 27 12 23 10 14 8 31 
#20 20 19 12 5 12 10 18 29 9 9 10 21 7 6 
#42 10 30 9 10 16 14 13 43 59 0 29 8 44 51 
#17 42 18 53 9 8 17 15 27 12 64 10 31 36 11 
#18 16 37 43 17 32 78 32 13 49 9 2 5 3 60 
#59 16 30 11 39 62 17 48 27 18 51 2 37 48 8 
#51 15 0 30 1 5 50 48 8 12 64 1 5 28 31 
29 14 27 10 8 56 
45 51 59 19 37 30 
26 16 49 39 17 6 
9 13 58 52 12 15 
38 3 23 18 57 24 
44 55 33 48 28 31 
#Base: 904
#Max: 506
#559735
#Turn 4
#42 49 4 29 1 61 0 9 29 18 51 2 5 28 31 
#59 42 4 29 5 61 17 9 29 23 9 10 31 37 11 
#55 42 18 53 0 28 17 25 16 49 51 10 19 18 31 
#55 2 63 53 32 21 10 15 16 25 5 51 5 18 31 
#27 42 63 53 1 8 10 15 27 12 18 51 5 37 60 
#7 16 14 6 17 12 78 58 29 30 9 2 21 8 8 
#7 15 0 12 17 12 50 48 45 12 64 2 5 28 8 
#20 15 32 29 15 5 9 48 29 12 64 1 31 28 51 
#20 28 1 29 15 28 8 10 21 25 64 12 9 21 60 
#5 28 12 62 16 28 10 22 27 25 64 12 34 21 60 
#52 8 30 1 0 3 20 32 13 59 51 15 8 37 23 
#52 8 30 11 10 62 0 32 13 59 9 15 37 37 60 
#52 16 1 39 15 21 20 15 13 59 9 47 8 37 60 
#51 4 1 39 68 12 10 58 29 11 68 47 54 37 23 
#51 4 6 13 68 12 10 58 45 9 64 9 9 50 23 
#51 2 63 43 3 61 20 15 19 23 51 21 34 3 6 
#59 1 30 11 39 62 17 48 27 18 51 2 34 48 6 
#59 16 30 11 15 62 17 48 27 18 51 58 37 3 17 
#59 40 1 6 32 61 10 58 29 44 64 4 37 3 17 
#35 40 16 6 17 61 12 58 13 30 39 4 34 37 51 
#35 40 4 6 68 36 15 58 16 30 22 1 19 13 10 
#51 40 4 11 68 4 78 58 9 1 9 1 15 3 34 
#59 4 14 11 68 62 78 32 45 1 64 58 37 7 23 
#7 16 37 43 17 61 78 58 13 30 64 58 21 3 60 
#59 16 37 43 17 62 50 48 13 49 9 2 5 8 60 
#42 10 30 6 10 5 14 48 43 30 0 29 8 44 10 
#27 10 30 9 55 21 10 15 43 30 0 1 54 44 23 
#27 20 19 10 5 21 10 15 24 30 64 58 31 28 23 
#18 47 37 39 5 61 20 25 29 49 51 58 31 37 60 
#31 16 37 11 16 32 10 25 27 49 64 15 34 3 60 
#51 49 16 39 3 5 20 58 29 18 51 4 34 8 23 
#42 4 14 12 17 12 0 58 29 23 9 2 31 7 17 
#51 15 0 8 0 5 17 25 13 49 64 1 5 37 31 
#20 31 32 29 15 28 50 38 29 23 23 58 31 44 31 
#5 28 63 62 1 21 10 10 21 25 18 51 5 21 60 
#17 42 12 53 16 8 17 22 27 12 68 47 31 36 11 
#59 5 16 1 0 28 10 32 13 30 51 20 8 8 23 
#52 4 30 11 17 62 78 58 45 19 9 2 21 37 23 
#52 15 0 9 10 62 0 48 8 12 9 1 5 28 60 
#20 49 32 39 15 21 20 15 29 23 23 47 54 37 51 
#51 28 1 62 3 28 10 10 45 25 64 12 21 21 23 
#59 4 6 45 16 13 8 10 27 12 64 47 9 50 23 
#59 5 30 1 0 3 20 32 13 18 51 20 5 3 11 
#55 1 30 11 17 62 20 48 29 23 51 58 34 37 23 
#52 16 30 9 39 62 17 32 27 59 9 2 37 44 60 
#59 49 1 11 15 61 20 48 29 11 64 47 37 3 17 
#51 40 16 13 32 12 12 58 45 9 39 4 34 8 51 
#59 7 6 42 16 16 20 10 13 19 64 9 9 37 60 
#51 40 11 43 39 36 20 15 13 18 22 20 19 50 10 
#51 1 4 30 68 4 20 58 29 9 23 58 15 13 34 
#59 16 30 11 39 62 17 48 27 18 51 2 37 3 8 
#7 49 14 11 15 61 10 48 45 44 64 58 37 7 23 
#18 40 16 43 32 32 78 58 29 49 39 2 34 44 51 
#52 16 0 11 32 62 50 58 13 44 13 10 37 8 31 
#35 40 11 6 32 5 12 58 13 30 22 21 19 50 10 
#51 10 30 9 10 4 14 13 43 9 23 1 8 13 51 
#59 16 1 10 17 62 78 15 24 30 9 1 37 28 8 
#18 20 19 53 68 61 9 58 45 30 64 58 21 7 23 
#18 47 37 43 34 32 20 25 13 49 9 15 5 3 60 
#59 16 0 11 16 62 10 48 13 44 64 10 14 8 60 
41 2 50 11 56 46 
12 9 19 51 53 34 
33 4 24 28 13 49 
59 37 52 22 57 45 
29 16 43 23 18 17 
40 15 21 44 14 39 
#Base: 904
#Max: 567
#627212
#Turn 5
#55 42 18 45 0 28 17 10 16 49 64 10 19 18 31 
#55 16 18 11 39 62 17 48 16 49 51 10 19 18 8 
#59 16 30 11 10 62 0 32 13 59 9 2 37 3 8 
#52 16 1 10 10 62 0 15 24 59 9 1 37 37 8 
#51 16 16 10 17 62 12 58 45 30 9 4 37 8 8 
#52 16 1 39 16 21 10 15 27 25 9 12 34 21 60 
#5 28 16 62 16 28 12 22 13 25 64 12 34 37 51 
#35 49 14 11 17 61 10 58 13 44 39 4 37 37 23 
#7 49 14 11 15 61 10 48 45 44 13 58 37 7 23 
#52 28 0 11 32 62 10 10 21 44 13 10 5 8 60 
#27 31 32 29 1 28 10 15 29 12 23 58 5 37 60 
#27 42 37 43 17 62 10 48 27 49 9 51 5 37 60 
#59 47 37 43 5 62 20 48 13 49 9 2 5 37 60 
#51 4 37 39 5 61 20 58 29 49 51 47 31 37 60 
#51 4 1 39 68 4 20 58 29 9 68 47 54 37 23 
#59 4 0 11 17 62 78 48 45 44 64 10 21 37 23 
#52 4 16 11 17 32 78 58 45 19 9 2 34 44 23 
#59 4 14 11 32 62 78 32 29 1 39 2 34 7 23 
#59 4 19 53 68 61 78 32 45 30 64 58 21 7 23 
#18 20 1 53 15 61 9 58 45 11 64 58 21 3 17 
#31 16 37 11 16 32 17 48 27 49 51 2 34 3 60 
#55 1 30 11 39 62 17 48 29 18 51 58 34 48 6 
#7 16 30 43 17 62 20 58 13 30 64 58 34 37 60 
#59 40 37 6 32 61 78 58 13 44 64 58 37 3 60 
#59 16 1 11 15 61 10 48 29 44 64 58 37 3 17 
#51 28 1 43 3 61 10 15 19 23 51 12 21 21 23 
#51 40 4 43 68 4 20 15 19 1 51 1 34 3 6 
#51 40 30 9 39 4 17 58 9 1 9 2 15 44 60 
#52 16 30 13 39 62 10 58 45 59 64 9 37 44 23 
#20 4 32 13 15 12 10 15 45 23 64 47 9 37 51 
#59 4 1 39 16 21 20 15 27 12 64 47 8 37 23 
#5 28 12 62 16 28 10 25 16 25 51 12 19 21 31 
#59 40 16 6 39 61 17 48 13 18 51 4 34 37 8 
#7 49 14 11 10 62 10 32 13 44 9 58 37 7 60 
#59 16 0 11 17 62 78 15 13 30 13 1 37 28 31 
#5 28 63 62 1 12 12 58 21 25 18 4 5 8 51 
#20 16 32 39 15 21 50 15 13 59 23 58 8 44 60 
#5 28 12 53 1 8 10 22 27 12 18 51 5 21 60 
#35 16 37 6 17 62 50 58 13 30 39 2 34 37 51 
#7 47 14 39 15 61 20 25 45 49 64 58 37 7 23 
#52 4 0 39 68 12 50 58 29 44 13 10 37 37 23 
#5 1 4 62 1 4 20 58 21 9 23 51 5 21 34 
#59 16 0 11 16 62 50 38 13 44 64 58 14 8 60 
#27 4 30 11 17 8 78 58 45 12 18 2 5 37 60 
#18 40 37 43 32 62 78 58 13 49 9 2 34 44 51 
#18 47 14 39 5 61 78 25 45 1 64 58 31 37 60 
#18 20 1 53 68 61 9 58 29 11 68 47 21 7 23 
#59 1 1 30 68 61 20 48 29 9 64 58 37 3 34 
#59 16 37 11 16 62 10 48 13 49 64 10 34 8 60 
#59 1 30 11 39 62 78 58 45 18 9 2 21 48 23 
#18 1 30 11 17 62 20 48 29 49 51 2 34 37 23 
#59 16 37 43 68 62 78 32 45 1 64 58 37 3 23 
#18 40 19 6 68 61 10 58 29 44 64 58 21 3 23 
#59 49 1 11 15 61 17 48 29 18 64 47 37 3 17 
#51 28 1 62 3 28 10 10 27 25 64 15 34 21 60 
#59 2 30 43 3 62 20 15 19 23 51 2 34 48 6 
#55 40 4 11 68 62 78 48 9 1 9 58 34 3 23 
#52 16 30 43 39 61 17 58 13 30 64 2 37 44 60 
#59 4 6 13 68 12 10 58 45 9 64 4 9 3 17 
#59 49 32 11 15 21 20 48 27 23 51 58 37 3 51 
43 8 40 48 24 32 
54 16 21 57 12 19 
36 39 28 44 13 59 
42 15 45 23 18 22 
17 11 52 51 56 49 
7 53 46 47 14 38 
#Base: 904
#Max: 650
#719027
#Turn 6
#7 4 30 11 17 61 10 58 45 44 18 2 5 7 23 
#7 4 0 39 15 12 10 48 29 44 13 58 37 37 23 
#59 4 37 11 16 12 10 48 13 49 13 10 34 8 60 
#59 16 37 11 16 61 10 48 29 49 64 10 37 3 17 
#59 40 1 11 15 61 10 48 13 44 64 58 37 3 17 
#52 28 16 11 17 28 10 10 27 19 64 15 34 21 23 
#55 1 30 11 39 62 78 48 45 18 51 2 34 48 23 
#52 16 30 43 39 61 17 48 13 30 51 2 37 44 60 
#52 47 30 43 5 62 20 58 13 30 9 2 5 44 60 
#59 47 37 43 15 62 20 58 45 11 64 2 21 37 17 
#20 16 14 39 15 21 50 25 45 59 64 58 37 44 60 
#52 47 30 39 39 62 10 58 45 59 64 9 37 7 23 
#18 16 37 13 39 62 10 58 45 59 64 2 37 44 23 
#18 40 37 43 32 61 78 58 13 49 9 2 34 44 51 
#59 49 37 39 5 61 20 48 27 49 51 47 37 3 60 
#59 16 0 11 16 62 78 48 13 44 64 10 14 8 60 
#59 47 14 11 17 61 78 25 45 1 64 58 31 37 23 
#59 47 14 39 32 61 78 58 45 1 64 58 37 3 60 
#59 40 19 53 68 61 78 32 13 30 64 58 21 7 60 
#7 4 30 43 17 61 78 58 45 30 64 58 34 7 23 
#59 42 37 11 32 62 10 48 29 1 9 51 5 37 60 
#27 40 19 6 68 62 10 58 27 49 9 58 5 3 60 
#59 40 19 43 68 62 78 32 45 44 64 58 21 3 23 
#59 40 4 43 68 62 78 48 45 1 9 58 37 3 23 
#55 1 4 11 39 62 78 58 45 1 9 2 21 3 23 
#59 49 1 11 15 61 10 48 13 44 39 47 37 37 23 
#18 49 1 53 68 61 9 48 29 18 64 47 37 3 23 
#18 20 1 30 68 61 20 48 29 11 68 58 21 7 23 
#51 4 1 30 68 4 20 48 29 9 68 58 37 37 23 
#51 4 1 6 68 62 50 58 13 30 68 2 54 37 23 
#27 4 30 62 17 28 78 10 45 25 18 2 5 37 60 
#52 49 14 11 17 32 10 58 45 44 9 2 37 7 23 
#55 1 30 39 68 62 17 58 29 18 13 58 34 48 6 
#59 16 37 43 16 61 10 48 13 30 64 2 34 8 60 
#59 47 37 11 15 62 20 48 29 49 9 2 5 37 60 
#59 40 16 53 15 61 17 48 13 18 51 58 34 37 8 
#20 28 1 62 3 28 50 15 13 25 64 58 8 21 60 
#52 47 16 39 17 61 20 25 45 49 9 58 34 44 23 
#52 16 30 11 39 62 17 48 29 18 64 58 37 48 6 
#52 16 37 43 39 61 78 58 13 30 9 2 37 44 60 
#51 4 37 39 5 61 20 48 13 49 9 47 31 37 60 
#59 20 32 53 15 21 20 48 45 11 64 58 21 3 17 
#20 16 0 39 15 62 50 15 13 59 64 58 14 8 60 
#7 47 14 39 17 62 78 25 45 49 64 10 21 7 23 
#18 47 30 13 39 62 10 25 45 1 64 58 31 37 60 
#18 40 37 43 32 62 78 58 13 44 64 2 34 44 51 
#59 4 19 53 5 61 78 32 45 30 64 58 31 7 60 
#59 16 32 11 17 62 20 58 27 30 51 58 34 37 60 
#59 4 0 11 16 62 50 38 29 44 39 2 34 7 60 
#59 42 37 43 17 62 10 48 27 49 64 51 21 37 60 
#18 40 14 39 5 61 10 25 29 1 64 58 21 37 60 
#59 40 37 6 68 62 78 58 45 44 64 58 37 3 23 
#59 40 19 11 68 61 78 48 9 1 64 58 21 7 23 
#59 1 30 11 17 62 78 58 45 30 64 2 21 37 23 
#35 4 14 11 17 61 78 58 13 44 39 4 37 7 23 
#59 42 37 43 17 61 17 48 29 18 9 51 5 3 60 
#18 40 1 53 68 61 9 58 29 44 68 47 21 3 23 
#59 1 37 30 68 62 78 48 45 1 64 58 37 3 34 
#51 4 4 11 68 62 78 58 9 1 68 47 34 37 23 
#35 16 37 11 39 62 78 58 13 18 9 2 34 48 23 
40 21 26 10 32 37 
35 38 6 45 56 7 
15 53 49 57 46 29 
16 23 22 51 17 14 
12 47 39 18 52 13 
43 44 19 58 11 9 
#Base: 904
#Max: 682
#754425
#Turn 7
#27 40 19 39 5 62 10 58 13 49 9 47 31 37 60 
#18 40 19 53 68 62 10 58 27 18 64 58 37 3 60 
#20 49 1 39 15 61 50 25 29 59 64 47 37 3 23 
#20 1 30 39 68 21 17 58 45 18 13 58 37 44 60 
#55 1 16 39 68 62 17 58 29 18 9 58 34 48 23 
#59 16 30 11 39 61 17 48 13 18 64 58 37 37 6 
#55 1 30 11 39 62 78 48 29 18 64 58 37 48 6 
#18 40 30 43 32 62 78 58 45 18 51 2 34 44 51 
#18 40 37 53 32 61 9 58 13 44 68 47 34 3 51 
#18 16 30 43 39 61 9 58 13 44 68 2 37 3 60 
#59 1 30 11 17 62 78 58 13 30 64 10 21 37 23 
#59 1 37 43 17 62 10 48 27 30 64 2 21 37 60 
#59 42 37 43 68 62 78 48 45 1 64 58 21 37 34 
#59 4 19 53 68 62 78 32 45 1 64 58 37 3 60 
#51 4 1 53 68 61 50 58 13 30 68 2 54 7 23 
#59 47 4 43 17 62 78 48 45 1 9 58 31 37 23 
#59 40 19 43 68 62 78 48 45 1 9 58 21 3 23 
#59 40 19 43 68 62 78 58 45 44 64 58 21 3 23 
#59 47 14 6 32 61 78 58 45 44 64 58 37 3 23 
#59 47 37 39 5 61 20 48 45 49 64 58 37 3 60 
#18 16 37 11 39 62 10 58 45 30 64 2 37 44 60 
#59 16 32 43 17 61 78 58 27 30 9 58 34 37 60 
#52 40 37 53 39 61 78 58 13 30 9 58 21 44 60 
#59 40 19 53 68 61 78 48 13 30 64 58 21 7 23 
#18 40 37 43 32 61 78 48 9 49 9 58 34 44 23 
#7 47 14 39 39 62 10 25 45 49 64 58 31 37 23 
#18 4 30 43 17 61 78 58 45 30 64 58 31 7 23 
#7 4 30 11 17 61 78 58 9 30 68 47 34 7 23 
#52 4 30 11 39 62 78 58 9 59 64 9 34 7 23 
#59 47 30 39 15 62 10 58 45 59 64 9 37 37 17 
#59 40 37 39 5 61 20 48 13 18 9 47 31 37 8 
#27 16 19 6 68 62 10 48 27 49 64 58 5 48 6 
#55 1 30 11 39 62 78 48 45 18 64 47 37 3 23 
#18 40 14 43 32 62 78 25 45 59 64 58 37 44 51 
#55 1 30 53 68 62 9 58 29 18 13 58 21 48 6 
#52 47 16 43 39 61 20 25 45 49 51 2 37 44 23 
#59 16 0 53 15 62 17 48 13 44 51 58 14 8 8 
#59 1 30 11 17 62 17 58 45 18 64 58 37 48 23 
#59 1 30 43 39 62 10 48 45 18 51 2 34 48 23 
#59 40 37 43 68 62 78 58 45 44 64 58 37 44 51 
#18 4 19 53 68 61 78 58 45 30 64 47 31 7 23 
#51 4 30 6 68 61 17 48 13 30 68 2 37 44 23 
#59 16 0 11 16 61 78 48 13 1 64 10 31 8 23 
#59 40 4 11 68 62 78 48 45 1 9 2 37 3 23 
#59 42 19 43 68 62 78 48 27 44 64 58 21 37 60 
#59 1 37 30 68 62 78 58 45 44 64 58 37 3 34 
#59 4 19 39 5 61 78 32 45 30 64 58 37 7 60 
#59 4 1 39 5 62 50 58 27 49 51 2 37 3 60 
#18 47 37 11 39 62 78 58 45 1 64 2 37 44 23 
#59 40 32 11 68 62 20 58 45 30 51 58 37 3 23 
#59 40 19 43 39 62 78 32 13 30 64 58 21 44 23 
#59 40 37 53 68 61 78 58 45 44 64 58 21 3 23 
#59 47 19 11 32 61 78 48 9 1 64 58 37 7 60 
#59 40 37 39 32 61 20 58 27 49 9 2 34 44 51 
#7 47 14 39 17 62 10 25 45 49 64 10 21 7 23 
#18 16 30 13 17 62 10 25 45 1 64 58 31 37 60 
#7 4 37 43 17 61 78 58 45 30 64 58 37 44 23 
#59 4 19 53 68 61 78 32 13 1 68 47 21 7 60 
#59 47 19 39 68 61 10 48 9 59 64 58 21 7 23 
#18 40 37 43 15 61 20 58 45 11 9 2 21 37 51 
28 53 29 7 6 8 
14 15 49 33 52 48 
26 1 13 17 45 58 
21 22 12 39 51 19 
32 46 50 44 23 56 
37 16 57 18 40 24 
#Base: 904
#Max: 788
#871681
#Turn 8
#52 4 37 11 39 62 20 58 9 49 9 2 34 44 51 
#59 40 37 39 15 61 10 58 45 59 9 9 34 37 51 
#18 47 30 43 32 62 10 58 45 59 64 9 34 44 17 
#18 1 30 11 39 62 78 48 45 18 51 58 37 44 51 
#18 40 30 11 39 62 78 58 13 44 68 58 34 3 51 
#51 47 1 43 17 61 50 58 13 30 9 2 54 7 23 
#59 47 32 43 17 62 20 48 45 1 9 58 31 3 23 
#59 40 32 43 68 62 20 25 45 30 51 58 37 3 51 
#59 40 14 43 32 61 78 25 9 1 64 58 37 44 60 
#59 47 37 11 39 62 78 48 9 1 64 58 37 44 23 
#18 4 19 53 17 61 10 58 45 18 64 58 37 7 60 
#59 4 19 53 68 62 78 32 27 18 64 58 37 3 60 
#59 4 19 53 68 62 78 32 45 1 64 58 37 3 60 
#59 1 19 30 68 62 78 58 45 44 64 58 21 3 23 
#59 1 19 30 68 62 10 58 45 44 64 58 37 7 34 
#59 40 32 53 39 61 78 58 13 30 9 58 21 37 60 
#52 40 37 43 68 61 78 58 13 1 9 58 21 37 34 
#59 40 37 43 68 62 78 48 45 44 64 58 21 44 34 
#59 40 37 43 68 62 78 58 45 44 64 58 37 3 23 
#59 40 37 39 68 61 78 58 45 44 64 58 37 3 23 
#55 1 19 11 5 62 78 48 45 18 64 58 37 7 23 
#59 4 19 43 5 62 78 32 45 30 64 58 37 44 60 
#59 40 19 43 39 62 78 32 13 44 64 58 21 37 23 
#59 42 19 43 68 61 78 48 27 30 64 58 21 7 60 
#7 4 19 43 17 61 78 48 13 30 64 58 21 44 23 
#59 40 19 11 68 62 78 58 45 1 9 58 21 48 23 
#59 40 19 53 68 61 78 48 13 1 9 47 21 3 23 
#59 4 19 6 32 61 78 32 45 1 64 47 21 7 23 
#59 4 19 6 68 61 78 58 45 44 64 58 31 3 23 
#18 4 19 53 32 61 78 58 45 49 9 47 31 7 23 
#51 4 1 11 68 61 50 58 9 59 68 2 54 7 23 
#59 47 37 39 32 62 20 48 45 1 9 2 34 37 23 
#59 47 32 11 68 62 20 58 45 59 64 9 37 37 17 
#18 40 14 43 32 62 78 25 45 18 51 2 37 44 51 
#59 47 30 11 32 61 78 48 29 18 64 58 37 7 6 
#18 47 37 53 32 62 9 58 13 44 64 2 34 44 23 
#51 4 1 43 68 61 78 58 13 30 68 58 31 7 23 
#18 40 19 53 17 62 10 58 27 18 64 58 37 37 23 
#59 4 19 11 68 62 20 58 45 30 64 58 37 3 23 
#59 40 19 43 68 62 78 58 45 59 64 58 37 44 23 
#59 1 19 11 68 62 78 48 45 1 64 58 37 3 34 
#18 47 37 39 39 61 10 48 45 1 64 58 37 44 23 
#59 4 32 43 17 61 78 58 27 30 64 58 31 37 60 
#18 40 37 53 68 61 10 58 13 30 9 58 21 44 60 
#59 4 19 53 68 62 78 48 45 1 64 58 21 3 34 
#59 40 19 43 68 62 78 58 45 44 64 58 37 44 23 
#59 40 37 53 68 62 78 58 45 44 64 58 37 3 23 
#59 47 19 39 5 61 20 48 45 59 64 58 21 7 23 
#59 1 30 11 17 61 78 58 27 30 9 47 37 3 23 
#52 4 19 53 39 61 78 32 13 30 9 58 37 7 60 
#59 40 19 43 68 62 78 32 45 30 64 58 21 44 23 
#59 40 37 43 68 62 78 58 27 44 64 58 37 44 60 
#59 40 37 53 68 61 78 48 45 30 64 58 21 3 23 
#7 4 37 43 5 61 78 58 45 49 64 58 37 3 60 
#59 1 30 11 39 62 17 58 45 18 64 58 37 3 23 
#59 40 19 39 5 62 78 32 45 30 9 58 21 3 23 
#59 40 19 53 39 61 78 32 13 1 64 47 21 44 60 
#59 42 14 43 68 62 78 48 27 44 64 58 21 37 60 
#59 40 19 53 68 61 78 48 13 30 64 58 21 7 23 
#7 40 37 43 17 61 78 58 45 30 9 58 34 44 23 
59 40 9 22 28 36 
3 25 32 18 56 53 
4 8 19 46 57 7 
12 52 45 51 17 42 
14 13 15 39 50 11 
34 44 21 23 58 16 
#Base: 904
#Max: 779
#861726
#Turn 9
#59 40 37 11 17 61 78 58 45 30 64 58 37 44 34 
#59 1 19 11 39 62 78 48 45 1 64 58 37 44 23 
#59 40 19 11 39 62 78 32 9 44 64 58 21 44 23 
#59 4 19 6 39 62 78 58 45 44 64 58 21 37 23 
#59 4 19 6 68 61 78 58 13 30 68 58 31 7 23 
#18 40 19 11 68 62 78 58 45 1 51 58 21 44 23 
#59 47 19 11 68 62 20 58 45 59 64 58 21 37 23 
#59 40 32 11 68 62 78 58 45 44 64 58 37 37 23 
#59 40 19 43 68 61 78 32 45 44 64 58 37 3 23 
#59 40 19 53 5 61 78 32 13 1 64 58 21 44 60 
#59 40 30 43 32 62 78 25 9 1 64 58 34 44 60 
#59 40 37 39 32 61 78 25 9 1 64 58 37 3 60 
#59 40 37 53 68 62 78 58 45 44 64 58 37 3 23 
#59 42 37 53 68 62 78 58 45 44 64 58 21 3 60 
#59 42 14 43 68 62 78 25 45 44 64 58 37 3 60 
#59 40 19 53 68 61 78 48 45 1 64 58 37 3 60 
#59 40 37 53 68 61 78 58 45 44 64 58 37 3 23 
#59 40 19 43 68 62 78 58 45 44 64 58 37 44 60 
#59 40 37 43 68 62 78 48 27 44 64 58 37 44 60 
#59 40 37 43 17 61 78 58 27 30 64 58 31 37 34 
#59 1 19 30 68 62 78 58 45 44 64 58 37 3 23 
#59 40 32 30 39 61 78 58 13 44 9 58 21 37 23 
#59 40 19 53 68 61 78 58 13 30 9 58 37 37 23 
#59 40 19 43 68 62 78 58 45 59 64 58 37 44 23 
#59 4 19 53 68 62 78 32 45 18 64 58 21 44 23 
#59 4 30 11 68 62 78 48 29 1 64 58 37 7 6 
#59 4 19 53 5 62 78 32 45 1 64 58 21 3 34 
#59 42 19 43 68 62 78 32 27 30 64 58 37 7 60 
#59 42 19 43 68 61 78 48 27 30 64 58 21 7 60 
#52 40 37 53 68 61 78 48 13 1 64 58 21 37 23 
#7 40 30 11 17 61 78 48 45 30 9 58 34 44 23 
#59 1 19 11 68 62 78 58 45 1 9 58 21 3 34 
#59 47 32 11 68 62 20 48 9 1 64 9 37 37 17 
#59 40 37 43 39 62 78 58 13 44 64 58 21 37 23 
#59 4 19 53 39 61 78 32 13 44 64 47 21 44 60 
#51 4 37 43 5 61 78 58 45 30 68 58 37 3 60 
#18 1 30 11 39 62 78 48 13 44 68 58 34 3 51 
#59 40 19 11 68 61 78 58 45 1 64 58 37 44 60 
#59 47 32 11 68 61 20 58 45 44 64 58 37 37 23 
#59 40 37 43 68 62 78 58 45 44 64 58 37 3 23 
#59 40 19 43 68 62 78 32 27 1 64 47 21 44 60 
#59 40 37 43 68 61 78 58 45 49 64 58 37 3 60 
#18 40 30 53 39 62 78 58 45 44 64 58 34 3 60 
#59 40 14 43 68 61 78 48 45 1 64 58 21 3 60 
#59 40 37 39 68 62 78 58 45 44 64 58 37 3 23 
#59 40 37 43 68 62 78 58 27 44 64 58 37 3 23 
#59 42 37 43 68 62 78 48 27 44 64 58 21 44 34 
#59 4 32 43 68 62 20 25 27 30 51 58 31 3 60 
#59 4 19 30 68 62 10 32 45 1 64 58 37 3 60 
#59 40 37 30 68 62 78 48 45 30 64 58 21 3 23 
#59 40 32 43 68 61 78 58 13 30 64 58 21 44 60 
#59 40 37 43 68 62 78 58 45 44 64 58 37 44 60 
#59 40 37 43 68 62 78 32 45 44 64 58 21 44 34 
#59 4 19 43 68 61 78 58 27 18 64 58 37 3 60 
#59 1 30 11 32 62 78 58 45 18 64 58 37 7 34 
#59 1 19 30 68 62 78 48 45 44 64 58 21 3 34 
#59 40 32 53 39 61 78 58 45 30 9 58 37 44 60 
#59 40 19 43 68 61 78 58 45 30 64 58 37 7 60 
#59 40 19 43 68 62 78 48 13 30 64 58 21 44 23 
#52 4 37 53 68 62 78 58 27 1 9 58 21 3 60 
24 29 0 37 33 6 
43 49 28 52 27 58 
38 42 46 41 13 19 
39 50 23 51 18 16 
40 14 7 17 12 56 
53 15 45 57 44 8 
#Base: 904
#Max: 797
#881637
#59 4 19 53 68 61 78 48 13 18 64 58 21 44 23 
#59 40 37 11 68 61 78 58 13 1 64 58 37 44 34 
#59 40 19 11 17 61 78 58 45 1 64 58 37 44 34 
#59 40 19 43 39 62 78 58 45 1 64 58 37 44 60 
#59 47 37 43 68 62 78 58 45 59 64 58 21 37 23 
#59 40 14 30 68 61 78 48 45 30 64 58 21 3 23 
#59 40 19 43 68 62 78 48 27 30 64 58 21 7 23 
#59 40 19 43 68 61 78 32 27 44 64 58 21 7 60 
#59 42 19 43 68 62 78 32 45 44 64 58 37 44 60 
#59 40 19 43 68 62 78 32 13 30 64 58 37 44 60 
#18 40 32 11 39 62 20 58 45 44 64 58 37 3 60 
#18 42 37 43 39 62 78 58 27 44 64 58 21 44 60 
#59 42 37 43 68 61 78 48 27 49 64 58 37 44 34 
#59 42 37 43 68 61 78 58 45 49 64 58 21 3 60 
#59 42 37 53 68 62 78 58 27 30 64 58 21 3 60 
#59 40 32 43 68 62 78 58 45 30 64 58 37 3 60 
#59 40 32 43 68 62 78 58 45 30 64 58 37 44 60 
#59 40 37 43 68 62 78 58 45 59 64 58 37 44 23 
#59 40 37 43 68 62 78 58 45 44 64 58 37 44 60 
#59 40 37 53 68 61 78 48 45 44 64 58 37 3 23 
#59 42 14 43 68 62 78 32 45 1 64 58 37 3 60 
#59 42 32 11 68 62 78 25 45 44 64 58 37 37 23 
#59 40 19 43 68 62 78 58 45 44 64 58 37 44 60 
#59 40 37 53 68 62 78 58 45 44 64 58 37 3 23 
#59 40 37 53 39 61 78 58 45 44 64 58 37 44 23 
#59 4 19 53 68 61 78 48 45 1 64 58 37 3 60 
#59 40 19 43 68 62 78 48 45 1 64 58 37 3 60 
#59 40 37 43 68 61 78 58 45 30 64 58 37 3 23 
#59 40 19 43 68 61 78 58 45 30 64 58 37 3 23 
#59 40 37 43 68 61 78 32 45 44 64 58 37 3 23 
#59 4 19 43 68 61 78 48 45 1 64 58 21 3 23 
#52 40 37 30 68 62 78 48 13 30 64 58 21 3 23 
#59 42 19 43 17 61 78 58 27 30 64 58 21 7 34 
#59 40 37 11 68 61 78 58 45 1 64 58 21 44 34 
#59 40 19 43 39 62 78 32 13 44 64 58 21 7 60 
#59 40 19 11 68 62 20 48 45 59 64 58 21 44 23 
#59 40 14 11 68 61 78 48 45 44 64 58 21 3 60 
#59 40 37 53 68 62 78 48 45 44 64 58 34 3 23 
#59 42 37 43 68 62 78 48 27 30 64 58 21 44 60 
#59 40 37 43 68 61 78 32 45 44 64 58 37 44 34 
#59 42 37 53 68 62 78 58 27 30 64 58 21 7 60 
#59 40 37 43 68 62 78 58 27 30 64 58 31 37 23 
#59 40 37 11 68 62 20 58 45 44 64 58 37 37 23 
#18 40 32 43 68 61 78 58 45 30 64 58 34 3 60 
#59 40 19 43 68 62 78 58 27 44 64 58 21 44 34 
#59 40 37 43 68 61 78 58 45 44 64 58 37 44 60 
#59 42 37 53 68 62 78 48 45 44 64 58 21 44 60 
#59 40 37 43 17 61 78 58 27 44 64 58 31 3 23 
#59 40 37 43 68 62 78 58 27 44 64 58 37 44 23 
#59 42 32 43 68 61 78 58 45 30 64 58 21 44 60 
#59 40 19 11 68 62 78 58 45 44 64 58 37 37 23 
#59 40 37 43 68 62 78 58 45 44 64 58 37 44 60 
#59 40 37 43 68 62 78 58 45 44 64 58 37 3 23 
#59 40 37 53 39 61 78 58 45 44 64 58 37 44 60 
#59 4 19 43 68 61 78 58 27 18 64 47 37 3 60 
#59 42 14 53 68 62 78 48 45 44 64 58 37 3 60 
#59 40 32 11 68 62 78 58 27 44 64 58 37 37 23 
#59 40 19 43 68 62 78 58 45 30 64 58 37 7 60 
#59 40 37 39 68 62 78 58 45 44 64 58 37 3 23 
#59 40 32 53 39 61 78 58 45 30 64 58 37 44 23 
#Base: 904
#Max: 797
#881637
