#[0] 3, 3
#[1] 4, 3
#[2] 3, 4
#[3] 3, 2
#[4] 2, 3
#[5] 2, 4
#[6] 1, 3
#[7] 2, 2
#[8] 3, 1
#[9] 4, 4
#[10] 5, 3
#[11] 3, 5
#[12] 4, 2
#[13] 3, 0
#[14] 5, 4
#[15] 4, 5
#[16] 5, 2
#[17] 4, 1
#[18] 0, 3
#[19] 1, 4
#[20] 2, 1
#[21] 1, 2
#[22] 2, 5
#[23] 0, 4
#[24] 5, 1
#[25] 0, 2
#[26] 5, 5
#[27] 1, 5
#[28] 2, 0
#[29] 1, 1
#[30] 4, 0
#[31] 0, 5
#[32] 1, 0
#[33] 0, 1
#[34] 5, 0
#[35] 0, 0
#Turn 0
18 53 1 51 8 52 
49 42 17 46 40 12 
41 21 59 33 55 58 
37 28 45 30 34 54 
9 2 43 0 44 31 
27 48 29 7 32 5 
#Base: 913
#Max: 363
#397590
#Turn 1
#13 30 10 15 29 4 1 40 41 17 11 21 25 31 12 
#13 23 1 15 29 4 1 40 49 17 16 21 18 14 24 
#20 17 8 29 50 10 4 41 52 26 49 20 18 1 19 
#43 17 17 29 0 19 9 31 14 19 30 4 36 1 3 
#1 42 16 11 27 12 45 10 21 58 30 35 14 2 3 
#8 36 32 31 20 14 23 2 6 5 55 36 7 40 14 
#41 36 37 25 20 49 23 2 8 50 55 36 7 2 27 
#3 40 37 66 9 0 5 38 8 28 4 21 13 16 11 
#14 12 19 66 5 9 18 44 56 28 24 6 13 16 23 
#14 4 35 2 35 14 18 44 26 3 41 0 22 29 23 
#56 5 16 21 11 2 11 28 14 18 12 7 17 4 2 
#29 27 28 9 34 2 12 28 39 30 9 28 34 26 2 
#29 27 9 9 65 16 12 13 5 30 9 71 3 30 17 
#19 3 9 9 17 16 1 30 28 20 31 17 3 30 32 
#4 14 9 23 23 70 1 44 28 23 31 17 52 14 39 
#18 14 29 25 1 3 27 37 37 9 43 9 20 17 0 
#18 27 13 14 1 3 27 10 11 8 43 15 6 10 3 
#10 71 13 13 5 18 52 2 11 10 13 2 2 9 34 
#10 71 15 15 8 18 52 21 4 10 17 15 20 9 1 
#13 71 16 9 8 21 15 55 17 34 17 38 20 30 1 
#6 8 6 25 2 13 37 26 26 12 15 24 9 10 57 
#17 37 24 1 2 6 8 7 26 12 15 24 59 15 12 
#0 5 51 31 13 6 8 57 1 12 27 1 5 15 18 
#26 16 3 5 17 16 8 45 1 51 33 9 5 18 20 
#6 16 3 26 17 8 22 21 54 19 14 12 21 38 27 
#5 4 49 37 13 18 42 22 24 9 14 8 9 17 24 
#25 24 8 30 1 11 18 22 8 9 14 5 8 17 48 
#57 19 29 33 19 11 14 45 25 11 34 21 8 7 22 
#15 36 29 1 19 11 20 1 1 1 15 21 31 12 15 
#15 43 31 25 15 36 9 46 1 3 31 13 6 2 15 
#8 43 32 14 14 25 7 9 41 5 11 39 2 31 14 
#13 30 13 25 20 4 1 2 6 8 13 21 7 45 15 
#14 23 37 13 50 49 5 10 8 26 4 16 21 6 27 
#3 21 8 29 5 0 29 41 17 28 24 21 13 1 11 
#14 12 17 2 27 19 9 31 56 58 30 6 12 9 23 
#1 4 47 7 31 14 45 2 26 35 15 0 22 29 1 
#56 16 16 31 11 35 15 8 4 5 25 7 27 4 46 
#16 4 24 25 20 2 11 2 6 27 55 36 7 2 15 
#29 27 37 5 9 13 12 10 8 30 9 16 34 6 17 
#19 21 29 66 5 0 29 13 17 28 9 71 3 16 32 
#5 12 9 26 35 9 1 44 56 23 31 17 12 9 0 
#4 4 47 23 22 38 21 44 26 3 7 3 22 9 1 
#56 5 16 25 0 19 15 20 14 18 13 7 9 4 25 
#18 4 28 3 1 3 27 28 39 8 12 60 20 10 0 
#21 27 9 14 5 13 12 2 5 30 13 28 6 26 17 
#10 3 15 13 2 18 52 2 4 20 9 2 2 30 32 
#5 71 6 26 19 70 1 21 28 23 31 15 20 30 0 
#13 7 24 9 23 21 15 44 17 3 7 38 52 9 0 
#2 12 30 25 25 19 22 37 41 31 34 18 9 17 57 
#18 14 37 3 1 13 27 7 37 8 43 60 20 10 12 
#21 27 24 31 39 6 8 57 11 31 13 1 7 29 3 
#0 71 15 13 13 64 52 2 4 12 4 2 2 18 20 
#26 16 3 23 17 16 39 19 46 51 17 15 10 38 1 
#6 28 16 9 7 21 15 55 17 19 9 38 21 0 27 
#6 4 23 37 13 18 42 26 30 5 7 18 9 48 24 
#17 24 49 1 2 13 18 7 26 12 14 24 36 17 48 
#25 5 8 33 47 6 14 45 8 45 27 5 8 15 23 
#57 36 51 5 19 11 8 45 25 12 34 21 31 18 22 
#15 19 3 1 17 36 0 46 46 1 33 13 45 38 8 
#6 43 15 26 22 10 9 21 54 3 31 40 6 2 30 
11 9 40 49 56 54 
47 55 59 19 5 32 
43 52 8 12 6 36 
48 57 14 46 51 18 
35 27 7 39 2 4 
29 50 58 17 34 22 
#Base: 913
#Max: 418
#457831
#Turn 2
#29 27 28 9 34 14 18 28 26 30 41 28 22 26 23 
#14 4 35 2 35 9 18 44 26 23 31 0 22 29 23 
#18 12 37 26 1 13 27 44 37 8 31 17 12 10 12 
#18 14 8 33 1 13 27 7 8 8 43 60 8 10 23 
#6 5 8 33 13 6 42 26 8 45 7 18 8 48 24 
#17 24 24 9 2 13 18 44 17 3 14 38 36 17 0 
#6 43 49 1 2 10 18 21 26 3 14 24 36 2 30 
#13 43 15 26 22 10 9 21 17 34 17 40 20 30 1 
#8 71 32 9 8 21 15 2 6 5 55 38 20 30 14 
#14 36 37 31 20 49 5 10 8 5 4 16 21 40 27 
#26 4 28 23 17 3 27 19 46 51 12 15 20 10 0 
#14 12 3 23 17 9 18 44 56 51 17 15 10 16 23 
#29 27 9 66 65 16 12 44 56 28 9 71 3 16 23 
#41 36 37 9 20 16 12 2 5 30 55 71 7 30 17 
#41 16 37 25 11 35 15 2 8 50 55 7 27 2 46 
#57 12 51 5 19 19 8 37 41 12 34 21 31 18 22 
#4 14 9 5 19 11 1 45 25 23 34 17 52 14 22 
#4 14 9 23 19 70 1 44 28 23 31 17 52 14 39 
#5 71 6 13 13 70 1 21 4 12 31 2 20 18 20 
#10 71 15 15 8 64 52 21 4 12 17 2 2 9 20 
#1 4 47 7 31 11 45 2 26 35 15 21 8 29 1 
#57 19 37 33 9 11 14 38 25 28 34 21 13 16 22 
#3 40 29 66 5 0 5 13 17 28 4 21 3 16 32 
#19 17 29 29 50 10 29 41 17 28 9 20 3 1 32 
#1 17 8 11 27 10 45 10 21 58 49 20 14 2 3 
#15 43 31 25 15 36 9 57 11 31 31 1 7 2 15 
#21 19 24 31 39 36 0 46 11 31 33 13 45 38 8 
#10 71 13 13 5 18 52 46 46 1 33 2 45 9 8 
#10 71 17 2 27 18 52 2 11 10 13 6 2 9 23 
#0 12 51 2 27 19 9 31 1 12 30 1 5 15 18 
#29 27 28 9 23 21 12 28 17 30 7 28 34 26 0 
#14 24 49 2 2 14 18 44 26 3 14 24 36 29 23 
#5 12 9 26 35 9 1 44 54 3 31 17 12 9 0 
#13 14 16 3 1 13 27 7 37 34 43 38 20 10 1 
#25 36 8 31 20 6 23 45 8 45 27 5 8 15 14 
#14 4 23 13 13 18 5 26 30 26 7 18 21 48 24 
#13 7 24 9 23 3 15 44 17 8 12 60 20 10 0 
#17 24 3 23 2 13 18 7 46 12 14 15 10 17 1 
#14 12 19 26 5 10 9 21 56 28 31 40 6 16 23 
#13 71 9 9 65 16 15 55 5 30 17 38 20 30 17 
#8 36 32 25 20 49 23 2 8 5 55 36 7 2 27 
#56 16 16 31 11 49 15 8 4 5 4 7 21 4 27 
#18 12 30 3 25 3 22 28 39 8 34 18 20 17 57 
#26 36 3 23 17 16 39 45 25 12 17 15 10 38 1 
#14 12 19 66 23 70 1 44 28 28 24 17 13 14 39 
#29 71 6 9 19 16 1 21 28 30 9 15 20 30 17 
#0 36 37 25 13 49 52 2 8 12 55 36 2 18 27 
#56 71 15 31 8 18 15 21 4 5 25 7 20 9 1 
#2 12 30 25 31 14 22 37 26 31 34 18 22 17 57 
#57 36 51 5 19 11 14 45 25 11 34 21 31 18 22 
#4 40 9 66 23 0 5 44 28 23 4 21 13 16 39 
#19 71 6 26 5 70 1 13 17 28 31 71 3 16 32 
#0 71 8 13 13 10 52 2 4 26 49 20 18 1 19 
#10 71 16 15 8 12 45 10 21 10 17 15 14 9 3 
#15 4 47 7 15 14 45 46 26 3 15 13 22 29 15 
#57 19 29 33 19 6 14 45 11 31 13 1 7 7 22 
#3 40 37 1 17 0 5 38 8 28 4 21 45 38 11 
#10 21 29 66 5 0 52 2 11 28 13 2 2 16 32 
#14 17 8 29 50 10 4 41 56 58 30 6 18 9 19 
#1 5 51 11 13 12 8 10 21 58 27 1 14 15 3 
56 54 11 26 48 42 
9 53 40 19 57 24 
22 28 17 27 13 21 
52 18 44 12 39 8 
55 50 14 51 58 15 
23 45 47 46 49 25 
#Base: 913
#Max: 474
#519168
#Turn 3
#15 4 47 7 15 0 5 46 26 28 15 21 22 29 11 
#14 4 47 23 15 14 45 46 56 51 17 15 22 16 23 
#14 19 3 31 17 36 0 44 11 31 17 13 10 16 8 
#2 12 24 25 39 14 0 37 26 31 34 18 45 38 8 
#2 12 30 3 25 14 22 37 39 8 34 18 20 17 57 
#14 71 16 15 20 12 45 10 8 10 4 16 21 9 27 
#8 71 32 15 8 49 45 10 21 5 17 36 7 9 3 
#10 36 15 15 20 64 52 2 8 5 55 36 7 2 20 
#10 71 29 66 8 64 52 21 11 28 13 2 2 16 32 
#1 17 29 11 27 0 52 10 21 28 13 20 2 16 32 
#3 71 29 2 5 18 5 13 17 10 13 6 3 16 23 
#4 14 17 2 27 18 1 2 28 23 13 6 52 14 23 
#10 71 9 23 19 18 52 46 28 1 33 2 45 9 8 
#41 71 13 9 5 16 52 46 46 1 33 71 7 9 17 
#41 36 37 33 20 11 14 2 25 30 55 71 7 30 17 
#0 71 6 13 13 70 1 21 4 12 31 20 18 18 20 
#14 12 19 13 13 70 1 44 28 12 31 17 20 18 39 
#29 12 19 66 23 16 12 44 56 28 9 71 13 16 39 
#13 27 9 9 65 16 15 44 56 28 17 71 20 16 23 
#8 71 32 9 65 16 15 55 6 5 17 38 20 30 14 
#57 40 9 66 23 0 5 45 11 23 13 21 7 16 22 
#4 16 9 25 11 35 15 2 28 50 4 21 13 16 39 
#19 16 6 26 11 35 1 13 8 28 55 7 3 2 32 
#14 71 8 29 5 10 4 41 56 58 31 6 18 9 32 
#57 12 8 5 50 19 8 37 56 58 30 21 31 18 19 
#29 71 6 29 19 16 29 41 17 30 9 20 3 30 32 
#56 71 15 31 8 18 1 21 4 30 25 7 20 30 17 
#56 36 37 31 8 49 52 21 8 5 25 7 2 9 27 
#57 36 51 25 13 49 14 2 8 12 34 21 2 18 22 
#15 43 51 25 15 11 9 57 25 11 31 21 7 18 22 
#14 36 37 1 17 49 5 38 8 5 4 16 45 38 11 
#10 4 47 7 15 14 45 10 21 3 17 15 14 29 15 
#8 36 3 23 20 9 23 2 8 51 17 36 10 16 27 
#21 71 24 15 8 64 0 21 11 31 17 2 2 9 8 
#10 21 30 66 5 0 22 2 26 28 34 2 22 17 57 
#18 17 8 3 25 10 45 28 21 8 34 20 20 2 57 
#14 36 37 31 5 0 5 13 17 28 4 21 21 40 27 
#10 71 17 2 27 18 52 10 11 10 13 6 2 9 23 
#4 36 32 25 19 49 23 2 28 5 31 17 7 14 27 
#10 71 15 13 8 64 52 21 4 12 33 2 45 9 20 
#10 21 29 66 20 16 52 2 5 28 55 2 2 16 32 
#57 19 8 33 9 11 45 10 25 28 34 21 13 2 22 
#3 40 8 13 13 0 5 2 4 26 4 20 18 16 32 
#5 71 6 13 27 18 1 21 11 10 13 6 20 18 23 
#14 14 19 23 23 70 1 44 28 28 24 17 52 14 39 
#29 71 9 13 65 16 12 44 56 28 33 2 45 16 8 
#13 71 37 9 20 16 12 2 5 30 55 71 20 30 17 
#8 71 32 33 9 21 14 38 6 28 55 21 20 30 22 
#0 71 29 13 13 10 14 2 11 26 49 20 18 7 22 
#4 40 9 13 23 70 1 21 4 12 4 21 13 16 20 
#14 12 19 66 23 70 1 44 28 50 24 7 27 14 46 
#29 27 9 26 5 16 1 13 17 28 31 71 3 16 32 
#13 71 9 9 50 16 15 41 5 58 17 6 20 9 17 
#57 71 51 9 19 19 8 37 6 5 55 21 20 18 14 
#57 19 29 29 19 10 29 41 17 31 9 1 3 7 32 
#4 71 6 9 19 0 5 21 28 23 9 15 20 16 39 
#56 71 37 25 11 18 15 2 8 50 25 7 27 9 1 
#19 36 6 26 13 70 52 2 8 28 55 71 3 16 27 
#14 36 8 29 19 11 4 41 56 11 34 21 18 18 19 
#57 12 51 25 19 19 9 57 41 12 34 1 7 2 22 
51 29 27 52 20 33 
16 34 59 46 1 6 
25 40 18 17 50 7 
14 53 45 13 57 24 
28 56 39 8 19 44 
48 15 47 23 12 26 
#Base: 913
#Max: 453
#496166
#Turn 4
#15 43 51 26 15 16 9 13 25 11 31 71 7 16 32 
#15 43 51 25 15 11 9 57 25 5 31 21 2 18 22 
#13 36 9 31 8 16 15 21 5 5 17 7 20 9 17 
#13 71 9 9 23 16 5 41 5 23 17 6 7 16 17 
#21 40 9 15 23 0 5 45 11 31 17 21 2 9 22 
#14 12 19 66 5 0 1 44 28 28 34 17 20 18 57 
#57 21 30 25 5 19 9 57 26 28 34 2 7 2 22 
#13 12 51 25 19 19 12 2 5 12 34 1 7 30 22 
#14 71 37 9 15 14 45 46 5 51 55 15 22 30 17 
#14 4 32 15 15 14 45 46 21 51 17 15 22 9 23 
#10 21 29 66 20 16 29 41 17 28 55 2 3 16 32 
#10 21 9 9 65 16 52 44 56 28 17 2 2 16 23 
#29 27 19 9 23 16 15 44 56 28 9 71 13 16 23 
#29 12 19 66 23 16 12 44 56 50 24 7 27 14 46 
#10 36 15 66 20 70 52 44 28 50 24 7 27 14 46 
#41 36 51 33 19 19 14 37 6 5 55 71 7 18 14 
#29 71 51 13 19 19 12 37 56 28 33 21 20 18 14 
#41 71 13 9 65 16 12 46 46 28 33 2 7 9 8 
#41 71 6 26 13 16 52 2 8 1 55 71 7 16 27 
#19 12 6 26 13 70 8 2 8 58 55 71 3 18 27 
#57 36 51 25 11 18 15 2 8 12 25 7 27 18 22 
#10 71 15 25 8 18 52 2 8 50 33 7 45 9 1 
#10 71 15 13 8 64 52 21 4 12 33 2 45 9 20 
#10 71 29 66 8 16 52 21 6 5 13 2 20 16 14 
#8 71 32 9 23 16 15 44 28 28 24 17 20 14 14 
#0 71 6 13 13 10 14 21 11 12 49 20 18 7 22 
#8 71 6 13 9 70 1 38 6 28 55 21 18 18 20 
#8 71 8 29 5 10 14 38 56 28 55 6 20 9 32 
#14 71 8 29 5 10 52 46 56 1 31 6 18 9 8 
#10 71 15 23 8 18 1 46 4 1 33 2 45 30 8 
#29 27 9 26 13 70 1 44 28 28 31 17 20 16 32 
#15 43 51 25 5 11 22 2 25 11 34 2 22 18 22 
#57 36 51 31 8 19 9 21 41 5 34 7 2 2 27 
#13 71 37 9 50 16 15 2 5 30 17 6 20 9 17 
#14 40 9 66 23 0 5 46 11 23 17 21 7 16 23 
#21 71 32 15 8 64 0 21 11 31 17 36 2 9 8 
#14 71 6 29 13 16 29 44 28 12 31 17 3 18 32 
#10 21 29 66 20 0 52 2 5 28 34 2 22 17 57 
#57 27 9 25 65 16 15 44 41 28 34 71 20 2 22 
#29 12 19 66 23 16 12 44 56 28 9 71 13 16 17 
#14 4 47 23 15 70 45 44 56 50 17 15 22 14 23 
#8 36 32 15 8 49 52 10 21 5 17 36 7 2 20 
#29 71 6 29 19 16 14 2 17 30 55 71 3 30 17 
#57 71 51 66 20 19 8 37 5 28 55 2 20 18 14 
#13 27 9 13 65 16 12 44 56 28 17 2 45 16 23 
#41 12 19 66 5 16 12 44 56 28 9 71 13 16 39 
#19 12 19 26 13 70 1 2 28 28 55 7 3 16 27 
#10 12 15 5 20 64 52 2 8 58 55 36 31 2 19 
#57 36 51 33 20 49 14 2 8 30 34 71 7 18 17 
#56 71 51 9 11 19 15 2 6 50 55 21 20 9 14 
#29 71 15 13 8 64 12 44 56 28 33 2 45 9 8 
#41 71 29 9 8 64 52 46 46 28 13 2 2 9 17 
#19 36 6 26 13 70 15 2 6 5 55 38 3 30 27 
#14 14 8 23 23 70 8 44 28 28 24 21 31 14 39 
#57 71 51 13 13 49 14 2 11 26 49 21 18 18 22 
#0 71 37 25 13 18 15 21 4 12 25 20 18 9 20 
#10 71 32 13 9 21 52 38 6 12 33 21 20 30 22 
#10 71 8 29 8 10 4 21 11 58 31 2 18 16 32 
#10 71 9 9 19 18 52 46 6 5 33 38 20 9 8 
#14 14 19 23 8 18 1 44 28 28 25 17 52 14 39 
58 35 21 16 28 10 
0 44 22 50 26 37 
11 47 40 45 18 27 
49 48 51 14 38 54 
56 15 39 43 19 17 
5 12 13 8 42 23 
#Base: 913
#Max: 509
#557503
#Turn 5
#10 71 32 15 8 18 52 21 11 5 17 38 20 9 8 
#21 71 15 15 8 18 0 21 8 31 33 36 2 9 1 
#10 71 15 25 8 18 52 2 56 28 33 21 20 9 14 
#29 71 8 29 5 10 52 46 56 28 33 21 20 18 8 
#10 21 8 66 5 16 52 46 56 1 55 2 3 16 8 
#15 27 9 13 15 16 12 13 25 28 17 2 45 16 23 
#10 27 15 13 65 64 52 21 4 12 33 2 45 9 20 
#10 71 15 13 8 64 52 44 4 28 33 2 45 9 20 
#8 71 15 13 9 64 1 44 56 28 55 21 18 18 20 
#10 21 29 66 9 0 1 2 5 28 34 2 18 18 57 
#10 21 15 9 65 64 52 2 56 58 55 2 2 16 19 
#10 12 47 5 15 64 52 2 8 50 55 36 22 2 19 
#41 4 19 23 15 16 12 44 56 50 17 15 22 16 23 
#41 71 6 26 13 16 52 44 8 1 9 71 7 16 39 
#41 71 6 29 13 10 52 2 56 1 55 71 7 9 32 
#57 71 51 33 11 19 15 2 6 50 34 71 7 9 14 
#57 71 29 33 20 64 52 2 8 28 34 71 7 9 17 
#41 36 29 66 8 70 52 44 28 50 24 7 27 14 17 
#57 27 15 66 20 70 15 44 41 50 24 71 20 14 46 
#57 71 9 25 65 49 14 44 41 26 49 71 20 18 22 
#10 36 51 13 9 21 52 37 6 5 33 71 20 18 14 
#41 36 19 33 23 16 12 37 56 28 9 71 7 18 14 
#57 71 51 66 23 16 12 37 5 28 9 71 13 18 17 
#19 12 51 66 20 19 8 2 8 28 55 2 20 18 27 
#41 12 13 26 65 16 12 46 8 58 33 2 3 18 8 
#29 27 19 66 5 0 15 44 28 28 34 71 13 18 23 
#29 12 19 66 23 16 12 44 56 50 9 71 27 16 46 
#14 12 37 9 15 14 45 44 5 50 55 15 27 30 46 
#29 71 6 9 19 14 45 46 5 51 55 15 3 30 17 
#10 71 6 66 19 16 14 21 6 5 13 71 3 30 14 
#15 43 9 9 19 16 9 46 6 11 33 38 20 16 8 
#21 71 32 15 65 16 12 44 11 31 17 2 2 16 23 
#10 71 15 25 8 64 52 21 8 50 33 2 45 9 1 
#29 71 15 13 19 64 12 44 56 28 33 21 45 18 8 
#8 71 6 13 9 70 52 38 6 1 55 6 18 9 8 
#10 21 29 66 20 16 29 2 5 28 55 2 22 17 57 
#10 21 51 26 65 16 9 44 25 11 17 71 2 16 32 
#10 12 9 13 65 16 52 2 56 58 55 36 45 2 23 
#10 4 47 13 15 64 45 21 56 50 17 2 22 14 20 
#29 12 15 66 5 16 12 44 56 28 33 2 45 9 39 
#8 71 6 13 13 16 52 2 8 28 55 21 18 18 27 
#10 71 8 29 5 10 14 2 5 28 55 2 22 9 32 
#10 21 9 9 11 19 15 44 6 28 17 21 20 16 23 
#57 36 15 5 20 64 52 2 8 30 34 36 31 18 19 
#14 4 47 9 15 70 45 46 56 28 13 15 22 9 23 
#10 36 15 66 20 16 12 44 56 50 24 71 27 14 46 
#41 71 6 26 65 16 15 2 41 1 34 71 7 16 27 
#57 71 8 29 5 49 14 38 11 28 49 21 18 9 32 
#10 71 32 9 11 21 15 2 6 50 55 21 20 30 14 
#41 36 51 33 19 49 14 37 8 30 34 71 7 18 17 
#41 12 29 66 8 64 12 46 46 28 9 71 13 16 17 
#57 36 15 66 20 19 52 44 28 28 55 7 20 18 14 
#19 27 9 26 13 70 15 44 8 58 34 71 20 2 22 
#41 71 51 13 65 49 12 2 46 28 33 2 7 18 22 
#14 12 32 13 9 0 52 44 28 12 34 17 20 18 57 
#29 36 51 9 23 16 15 44 6 28 55 71 7 16 23 
#29 12 19 66 23 16 12 44 56 50 24 7 13 14 17 
#57 71 37 66 15 14 8 46 5 28 55 2 20 18 17 
#29 12 6 26 13 70 14 2 17 30 55 71 3 18 27 
#10 71 13 9 65 16 52 46 6 5 33 2 20 16 14 
21 58 28 52 7 44 
11 25 32 26 49 36 
43 13 14 17 45 47 
37 50 22 19 16 57 
34 8 53 18 10 46 
39 3 51 15 33 55 
#Base: 913
#Max: 581
#636364
#Turn 6
#41 36 19 26 23 16 14 37 17 28 9 71 3 18 27 
#29 12 6 9 13 14 14 46 5 30 55 15 3 30 17 
#29 71 9 9 19 70 45 44 8 51 55 71 3 30 22 
#19 71 15 13 8 70 52 44 4 58 33 2 45 9 22 
#14 71 15 13 15 70 52 44 56 28 13 2 22 9 20 
#29 12 47 5 5 64 52 2 28 50 34 71 22 2 19 
#29 71 15 66 5 64 52 44 8 28 33 2 45 18 23 
#29 12 15 25 8 64 52 21 56 50 33 71 27 16 46 
#41 12 51 33 23 49 14 37 8 50 9 71 7 16 46 
#41 36 51 26 19 49 9 37 25 11 17 71 7 16 32 
#41 36 15 5 13 16 52 44 8 30 9 71 7 18 19 
#41 71 6 29 13 16 52 44 56 1 9 71 7 16 39 
#41 71 6 29 13 10 52 44 56 1 55 7 27 14 17 
#10 36 29 66 20 70 12 44 28 50 24 71 27 14 17 
#57 36 15 66 20 16 14 38 11 50 49 71 18 9 32 
#41 12 29 13 8 64 52 2 56 58 55 36 13 16 23 
#41 12 51 66 8 64 12 37 5 28 9 71 13 16 17 
#57 71 51 66 65 16 14 44 41 28 49 71 13 18 22 
#57 71 29 33 65 64 52 2 8 26 34 71 20 18 17 
#57 71 37 33 15 14 8 46 8 28 34 71 7 18 17 
#8 71 6 13 9 64 52 38 56 28 55 21 18 9 20 
#8 71 51 13 9 64 1 44 56 28 55 21 7 18 20 
#41 27 15 13 20 70 15 44 41 50 33 71 20 14 46 
#57 21 15 9 20 70 15 2 41 58 24 2 20 14 46 
#41 71 15 9 65 16 15 2 41 1 55 2 2 16 27 
#29 12 8 29 5 16 12 46 56 28 33 2 45 18 39 
#29 36 8 66 5 10 52 46 56 28 55 7 20 18 14 
#57 36 51 66 11 19 15 44 6 28 55 71 7 18 14 
#57 71 51 33 19 64 12 2 6 28 34 21 7 9 14 
#29 71 51 13 19 16 12 44 56 28 33 71 7 18 23 
#41 12 19 33 15 64 12 2 8 50 9 71 22 2 19 
#29 27 19 66 13 70 15 44 28 30 34 71 3 18 23 
#29 71 15 25 8 64 52 46 5 51 33 15 3 9 17 
#19 27 19 66 13 16 15 44 56 50 9 71 20 16 46 
#10 36 15 13 19 64 14 37 8 28 34 2 45 9 17 
#10 4 47 26 65 16 45 44 25 11 17 15 2 9 32 
#57 12 47 5 15 64 52 2 8 50 34 36 22 2 19 
#29 27 6 26 13 0 15 44 28 28 34 71 7 18 23 
#10 71 15 25 13 64 52 21 56 50 33 71 7 9 1 
#41 36 29 66 23 16 12 44 56 50 24 71 27 14 46 
#41 36 15 33 19 16 14 44 56 30 34 71 27 18 17 
#10 21 51 29 5 49 9 38 11 11 17 21 2 16 32 
#10 12 9 5 20 64 52 2 56 58 55 36 31 18 19 
#41 71 6 66 13 16 52 46 8 28 9 71 13 16 17 
#57 71 6 66 23 10 12 2 56 1 55 71 7 9 17 
#57 71 9 25 8 49 14 44 41 50 24 71 27 14 22 
#10 36 15 66 20 16 12 44 56 28 24 71 7 9 17 
#57 71 37 66 5 49 14 46 11 28 49 2 18 9 32 
#8 71 6 13 65 16 52 38 6 58 55 6 18 2 8 
#41 71 29 66 9 64 12 46 46 28 9 21 18 16 17 
#41 71 51 13 23 16 12 37 46 28 33 71 13 18 22 
#57 71 9 25 65 70 15 44 41 26 24 71 20 14 22 
#10 21 29 9 65 64 52 2 8 58 55 71 7 9 17 
#57 71 6 26 65 14 15 46 41 28 55 71 7 18 27 
#8 12 15 13 5 16 52 44 6 28 55 2 45 9 39 
#29 71 15 29 9 10 1 46 56 28 55 21 20 18 20 
#57 71 15 66 65 49 12 2 28 28 33 2 20 18 14 
#57 71 15 33 11 70 15 2 41 50 24 71 20 9 46 
#10 71 15 9 19 64 12 44 56 28 55 2 45 18 8 
#41 36 6 26 65 16 15 44 41 28 55 71 7 16 27 
5 8 11 56 50 58 
19 21 59 39 49 3 
15 29 45 2 57 31 
27 7 53 17 18 22 
20 14 6 51 38 52 
16 43 44 13 47 33 
#Base: 913
#Max: 626
#685652
#Turn 7
#41 12 47 33 23 64 52 37 28 50 34 71 7 16 19 
#41 12 51 33 23 49 52 44 8 50 9 71 7 16 46 
#41 71 15 66 65 16 52 2 56 28 33 71 20 18 39 
#57 71 51 13 23 49 12 2 28 28 33 71 20 18 14 
#10 71 15 9 23 16 12 44 56 28 33 71 45 18 22 
#57 71 51 13 15 14 1 46 8 28 55 71 7 18 20 
#8 36 51 13 9 16 15 44 41 28 55 71 7 16 20 
#41 36 6 26 65 16 15 44 56 50 55 71 7 14 46 
#41 71 29 66 9 16 12 44 46 50 9 21 27 16 46 
#19 71 29 66 9 64 52 46 46 58 9 2 45 16 17 
#29 12 29 13 19 16 52 2 56 28 55 71 7 16 23 
#29 71 51 13 19 49 12 44 41 28 33 71 7 18 23 
#57 71 9 25 19 70 45 44 8 50 24 71 3 30 22 
#57 71 15 9 11 70 15 44 41 50 55 71 20 9 46 
#57 27 19 33 11 70 15 2 28 30 34 71 20 9 46 
#57 36 15 25 8 64 52 21 56 50 55 71 7 18 46 
#29 12 15 25 65 64 15 46 56 50 55 71 27 16 27 
#57 71 51 26 65 16 15 46 41 28 49 71 7 18 22 
#57 71 29 33 65 16 52 2 8 28 49 71 13 18 22 
#57 27 15 33 20 64 52 2 41 50 33 71 20 14 46 
#8 71 15 13 20 16 14 38 11 28 49 71 18 9 32 
#57 71 15 66 5 64 52 38 8 50 49 2 45 18 23 
#29 71 15 66 5 64 15 44 8 28 33 2 45 14 23 
#10 71 15 25 13 70 52 44 56 26 24 71 20 14 22 
#10 21 15 25 13 64 52 2 8 58 33 71 7 9 1 
#41 12 6 66 13 16 52 46 8 28 9 71 13 16 17 
#57 71 6 66 23 16 52 46 8 1 55 71 13 16 17 
#10 71 29 66 20 70 12 44 28 50 55 71 7 9 17 
#57 36 37 66 5 70 12 44 11 50 24 71 27 9 17 
#19 71 37 66 13 49 14 44 11 28 49 2 20 16 46 
#29 71 47 33 5 14 52 2 28 50 34 71 7 18 19 
#41 12 51 13 23 64 1 44 8 28 55 21 7 16 20 
#41 36 6 29 65 16 52 44 41 28 9 71 7 16 27 
#57 71 15 66 65 16 12 2 28 28 33 71 20 14 14 
#41 71 51 66 23 64 12 37 46 28 9 21 13 18 17 
#19 71 15 9 19 64 12 44 4 28 33 2 45 9 22 
#41 12 37 33 15 14 8 2 8 28 55 36 7 16 17 
#29 71 51 13 9 16 1 44 56 28 55 21 7 18 23 
#57 36 6 25 8 49 14 44 41 28 24 71 27 14 22 
#41 71 9 9 23 70 45 44 56 51 24 71 27 14 22 
#57 71 29 33 9 64 12 2 46 28 24 21 18 16 17 
#29 27 15 66 8 70 15 44 4 30 34 71 3 9 22 
#41 36 29 13 11 64 15 2 6 28 55 36 7 16 14 
#29 12 15 13 19 16 52 21 56 50 33 71 7 18 23 
#57 71 9 26 8 14 15 44 41 28 55 71 7 14 22 
#57 71 51 9 19 16 14 44 41 51 49 71 3 18 22 
#57 71 29 33 11 64 15 2 8 26 24 71 20 18 46 
#41 27 15 66 13 70 15 44 41 50 34 71 20 18 46 
#8 36 6 66 9 19 52 44 6 28 55 71 7 18 14 
#57 12 15 66 8 16 52 38 11 50 33 71 18 16 32 
#57 71 15 66 5 64 52 44 8 28 33 71 45 18 27 
#57 71 9 25 65 16 14 44 41 28 49 71 13 14 22 
#57 71 29 33 13 64 52 21 56 26 33 71 20 9 17 
#10 27 29 13 65 64 52 2 41 50 55 71 7 14 17 
#8 12 6 66 8 64 12 38 56 28 9 21 18 9 20 
#57 36 15 66 20 16 52 38 8 28 9 71 13 16 32 
#29 71 6 66 5 64 12 2 56 28 55 71 45 9 23 
#57 71 9 25 65 70 12 44 41 50 24 71 27 14 17 
#57 71 15 25 13 64 52 46 11 50 49 71 7 9 1 
#10 21 29 9 13 16 52 2 56 58 9 71 20 9 46 
44 3 53 51 26 46 
49 11 18 39 28 34 
1 45 52 17 15 23 
9 16 13 50 2 27 
8 19 56 57 21 58 
32 0 7 47 12 33 
#Base: 913
#Max: 604
#661555
#Turn 8
#57 71 9 26 8 49 12 2 41 28 33 71 20 14 22 
#57 71 51 13 23 49 12 2 41 50 55 71 20 18 14 
#57 71 29 25 65 16 14 2 41 50 49 71 13 14 22 
#57 71 6 66 65 16 52 44 8 1 55 71 13 14 17 
#57 71 6 33 11 64 15 2 8 26 55 71 20 18 46 
#29 71 15 66 8 16 12 44 11 50 33 71 18 16 23 
#57 71 29 13 65 49 52 2 41 28 33 71 7 18 23 
#41 71 9 9 23 70 45 2 8 28 49 71 27 18 22 
#41 36 9 9 23 70 45 44 11 51 24 71 27 9 17 
#57 36 37 66 23 64 12 44 11 28 24 71 27 9 17 
#57 71 51 9 23 16 14 44 8 50 49 71 7 18 22 
#57 71 29 33 19 16 52 21 56 26 33 71 20 9 17 
#57 71 51 26 65 64 15 21 56 26 49 71 7 18 22 
#57 71 51 26 8 16 15 46 56 50 49 71 7 18 46 
#10 71 15 25 8 64 52 44 56 26 55 71 20 18 22 
#29 71 29 66 65 64 15 46 56 58 9 71 27 16 27 
#29 71 15 9 11 70 15 44 41 50 55 71 20 9 27 
#57 71 15 9 11 70 52 44 8 28 55 71 45 18 46 
#41 71 15 66 65 16 52 44 8 28 33 71 20 18 27 
#41 71 15 66 20 16 12 44 56 28 55 71 20 9 39 
#57 71 15 66 20 16 12 44 46 50 9 71 27 16 46 
#29 71 6 33 20 64 52 2 41 28 33 71 20 9 46 
#57 71 9 25 65 64 12 44 41 50 24 71 45 9 23 
#57 71 9 25 5 64 52 38 41 50 49 2 27 14 17 
#57 71 15 25 5 64 52 38 8 50 49 71 7 9 1 
#41 12 6 33 65 64 52 44 41 50 34 71 7 16 19 
#41 12 47 33 23 16 52 44 56 50 34 71 7 14 46 
#41 27 6 66 65 16 15 44 41 50 55 71 20 18 46 
#41 27 9 25 19 70 45 44 41 50 24 71 3 18 46 
#57 71 15 25 19 70 45 44 8 28 33 71 3 30 22 
#57 71 15 26 8 14 15 38 11 50 55 71 18 14 22 
#29 71 51 13 23 49 12 2 28 28 33 71 7 18 14 
#57 27 29 13 65 16 52 2 8 50 49 71 13 14 17 
#57 71 9 9 65 70 14 44 41 51 24 71 13 14 22 
#57 36 37 66 23 16 52 46 8 50 55 71 13 16 17 
#57 71 29 66 23 64 12 2 8 26 9 71 20 18 17 
#41 12 15 33 8 16 52 44 8 50 33 71 18 16 46 
#29 71 51 9 19 16 14 44 41 28 49 71 3 18 22 
#57 71 29 33 65 16 52 2 56 26 49 71 20 18 17 
#57 71 51 9 23 16 15 46 56 28 24 71 27 18 22 
#57 36 15 66 5 64 12 44 11 50 55 71 7 9 46 
#10 71 51 66 13 64 52 37 56 26 9 71 20 18 22 
#19 12 29 66 9 64 52 44 8 50 9 2 7 16 17 
#57 12 15 25 19 64 15 46 56 51 49 71 27 16 27 
#57 71 15 33 13 64 52 21 56 50 55 71 20 9 17 
#57 71 51 66 65 16 52 46 41 28 49 71 45 18 22 
#41 71 15 66 65 16 52 2 56 50 55 71 20 18 39 
#10 71 15 66 13 70 12 44 28 26 55 71 7 9 17 
#19 71 29 66 9 16 12 46 46 50 9 2 45 16 46 
#57 27 15 33 20 64 15 46 41 50 33 71 27 16 27 
#57 71 15 9 11 64 15 2 56 28 55 71 20 9 23 
#57 71 9 25 5 64 12 44 41 28 33 71 45 18 27 
#41 71 15 66 65 64 52 38 8 28 49 71 45 18 23 
#10 71 29 66 13 70 52 44 11 50 49 71 7 9 17 
#41 36 6 29 9 16 52 44 41 50 9 71 27 16 46 
#41 12 47 33 20 64 52 2 28 50 34 71 20 16 46 
#41 36 6 66 5 16 12 44 56 28 55 71 7 9 46 
#41 71 15 25 13 70 12 44 41 50 24 71 20 18 17 
#57 71 15 25 19 70 52 38 8 50 49 71 45 30 23 
#57 71 15 66 65 64 52 2 11 50 49 71 7 14 1 
28 55 51 19 25 2 
16 49 14 22 34 1 
26 6 44 58 12 3 
27 17 46 45 15 41 
29 20 38 52 59 18 
39 43 53 13 33 40 
#Base: 913
#Max: 698
#764513
#Turn 9
#41 12 47 25 19 70 45 2 28 50 24 71 3 18 46 
#41 71 9 25 5 64 52 44 41 50 33 71 45 16 46 
#57 71 9 66 5 16 12 44 41 28 55 71 20 18 27 
#41 71 15 33 65 16 12 44 56 28 55 71 20 9 39 
#41 71 29 25 65 64 52 44 41 50 34 71 7 16 22 
#29 27 15 33 20 70 15 44 41 50 55 71 20 9 27 
#57 27 15 33 8 64 15 44 56 50 33 71 20 18 27 
#10 71 9 25 65 64 52 44 41 50 24 71 20 18 22 
#57 71 37 25 65 16 52 46 8 50 24 71 45 9 17 
#57 36 37 66 23 16 12 46 41 50 55 71 13 18 14 
#41 12 29 33 23 16 52 2 56 28 33 71 7 18 46 
#57 71 15 33 13 49 52 21 41 28 33 71 20 18 17 
#57 71 15 25 13 64 52 21 8 50 49 71 20 30 23 
#57 71 51 26 65 70 52 38 56 50 49 71 45 30 23 
#57 71 6 26 65 64 52 44 56 1 49 71 13 18 22 
#57 27 15 9 11 70 52 44 8 50 55 71 45 18 46 
#57 71 15 9 65 70 52 2 8 28 55 71 20 18 39 
#57 71 15 66 65 16 52 2 56 50 55 71 20 18 22 
#57 71 51 66 65 64 15 46 56 28 9 71 45 18 27 
#10 71 29 66 13 64 15 37 56 26 9 71 20 18 22 
#57 71 15 66 20 16 45 44 8 50 33 71 27 16 46 
#57 71 29 33 65 16 52 2 46 50 9 71 20 18 46 
#41 71 15 33 65 16 52 38 8 26 49 71 45 18 23 
#57 71 15 66 65 64 52 38 8 28 49 71 7 14 1 
#57 71 15 66 65 64 52 44 8 28 33 71 7 14 1 
#57 12 15 9 23 16 15 46 56 51 49 71 27 16 22 
#57 12 29 66 13 70 52 46 11 50 49 71 27 9 17 
#57 71 29 26 13 70 15 46 56 50 49 71 7 18 17 
#57 71 9 9 65 16 14 46 41 51 24 71 13 14 46 
#57 71 15 9 65 70 12 44 41 51 24 71 13 9 22 
#29 27 9 25 19 70 45 44 41 50 55 71 20 9 27 
#57 12 47 33 20 64 52 46 28 50 33 71 20 16 27 
#10 71 15 25 8 64 12 44 41 28 33 71 20 18 27 
#57 71 15 25 20 64 12 44 41 28 24 71 20 9 39 
#41 36 6 66 23 64 52 46 41 50 55 71 7 16 19 
#57 71 51 13 65 49 12 2 41 50 49 71 20 18 14 
#41 12 47 33 11 70 52 44 41 50 34 71 20 14 27 
#57 71 29 33 20 49 15 46 41 28 33 71 7 16 23 
#10 71 15 25 8 64 52 44 56 26 55 71 20 9 17 
#57 71 9 25 19 64 52 44 8 50 49 71 45 9 23 
#57 36 51 26 65 16 52 21 56 26 49 71 13 16 22 
#57 71 51 66 23 49 12 44 41 50 55 71 13 14 14 
#41 12 47 66 23 16 52 44 56 50 34 71 7 18 46 
#57 71 15 9 11 70 52 2 41 28 55 71 7 18 46 
#57 71 15 33 13 64 52 21 56 50 55 71 20 9 17 
#57 71 15 25 19 16 52 46 41 28 49 71 45 30 22 
#29 71 29 66 65 64 15 46 56 58 49 71 27 18 22 
#57 71 51 66 65 16 52 37 8 1 9 71 20 18 22 
#41 71 15 25 65 70 45 44 41 50 55 71 20 18 46 
#57 71 15 9 11 70 12 44 8 28 9 71 27 18 46 
#41 71 29 66 65 16 52 2 56 50 49 71 20 18 17 
#57 71 51 66 65 64 52 46 41 28 49 71 45 18 22 
#29 71 15 66 65 64 15 2 56 58 49 71 7 16 27 
#10 71 15 66 13 64 52 44 56 28 33 71 20 18 27 
#57 71 51 9 23 70 45 46 8 28 24 71 27 18 22 
#57 12 15 66 19 16 12 46 46 51 49 71 27 16 46 
#57 71 29 33 13 16 52 44 56 50 49 71 20 18 17 
#57 71 15 26 65 64 15 38 8 50 49 71 45 18 23 
#57 71 9 9 65 64 14 44 41 51 49 71 13 14 22 
#57 71 15 66 65 16 12 44 8 50 33 71 7 18 27 
36 3 7 34 42 35 
15 21 58 41 8 40 
24 23 17 48 4 53 
56 50 18 13 46 14 
26 27 44 51 57 45 
22 20 39 1 52 31 
#Base: 913
#Max: 754
#825849
#41 71 15 33 11 70 52 44 41 28 34 71 20 9 39 
#10 71 15 33 65 64 52 44 56 50 55 71 20 18 22 
#41 36 6 25 65 64 52 44 41 50 55 71 20 18 22 
#41 36 47 66 23 64 52 46 56 50 55 71 7 18 46 
#41 12 47 13 65 49 52 2 41 50 49 71 7 18 46 
#57 71 15 33 65 16 52 44 8 50 55 71 20 18 46 
#57 71 9 33 65 64 52 44 41 50 9 71 13 18 46 
#57 71 9 9 65 64 14 44 41 51 55 71 13 14 22 
#57 71 51 66 65 16 12 44 8 50 55 71 13 14 17 
#57 36 37 25 65 16 52 46 56 50 49 71 45 9 22 
#57 71 15 66 65 64 52 38 8 28 49 71 7 14 1 
#57 71 15 66 65 16 52 2 8 50 55 71 7 18 22 
#57 71 15 66 65 16 45 2 56 50 55 71 20 18 22 
#41 71 29 25 65 64 45 44 41 50 34 71 7 18 22 
#10 71 15 25 65 64 52 44 56 28 33 71 7 18 27 
#57 71 29 33 65 16 52 2 56 50 49 71 20 18 17 
#41 71 29 66 65 64 15 2 56 50 9 71 20 18 27 
#57 71 51 66 65 64 52 46 56 50 9 71 45 18 27 
#57 71 29 26 65 70 15 46 56 58 49 71 45 18 22 
#29 71 6 66 65 64 52 44 56 58 49 71 27 18 22 
#57 12 29 66 13 70 15 46 56 50 49 71 7 18 17 
#57 71 29 26 13 64 52 46 56 50 55 71 7 18 17 
#57 71 51 66 65 64 52 46 56 28 55 71 20 18 17 
#57 71 15 26 65 64 15 46 8 28 49 71 45 18 23 
#57 71 15 26 65 64 15 46 8 28 49 71 45 30 23 
#57 71 15 33 65 16 45 44 8 26 33 71 45 18 23 
#57 71 15 25 19 16 45 44 8 50 49 71 27 16 23 
#41 71 9 25 19 64 52 44 8 50 33 71 45 16 23 
#41 71 15 66 65 64 52 44 56 50 49 71 7 16 27 
#29 12 47 33 65 64 52 46 28 58 49 71 7 16 27 
#41 12 15 33 11 70 52 44 8 50 34 71 45 18 27 
#57 71 15 33 65 16 12 2 56 50 55 71 20 18 39 
#57 71 9 25 65 64 52 44 41 51 24 71 20 14 22 
#57 36 6 66 23 49 52 46 41 50 55 71 13 14 14 
#41 12 37 66 23 16 52 46 8 50 24 71 7 9 46 
#57 36 51 26 65 16 52 2 56 50 49 71 13 18 22 
#57 27 15 9 65 70 52 44 8 50 55 71 7 18 46 
#57 71 29 33 65 64 52 2 8 28 9 71 7 14 1 
#57 71 15 9 65 64 52 2 56 51 55 71 20 18 22 
#41 71 15 25 65 49 45 44 41 50 55 71 20 14 46 
#41 71 29 25 65 64 52 44 41 50 24 71 45 9 22 
#10 71 51 26 13 64 52 21 56 28 49 71 13 18 27 
#57 71 15 66 65 16 52 44 56 50 49 71 7 18 1 
#41 71 29 66 65 16 52 38 8 50 49 71 20 14 17 
#57 71 51 66 65 64 52 46 56 50 9 71 45 18 22 
#57 71 15 26 65 70 52 38 56 50 49 71 20 30 46 
#41 71 29 66 65 64 52 46 56 58 49 71 7 16 22 
#10 71 15 26 13 64 52 44 56 28 49 71 13 18 27 
#57 12 29 33 13 16 52 46 11 50 49 71 20 9 17 
#41 71 29 26 13 16 15 46 56 50 49 71 20 18 17 
#57 71 51 33 13 64 52 46 56 28 9 71 45 9 17 
#57 71 51 26 65 64 52 46 56 28 49 71 45 30 22 
#57 71 15 26 65 64 15 46 56 58 49 71 45 18 22 
#57 71 6 25 19 64 52 46 56 28 49 71 13 30 22 
#41 12 15 33 65 70 52 46 11 50 49 71 27 18 23 
#57 71 29 66 13 70 15 46 56 50 33 71 27 16 17 
#57 71 15 25 19 64 52 21 56 50 55 71 20 9 23 
#41 71 51 66 65 64 52 46 41 50 49 71 45 16 46 
#29 71 15 26 65 64 15 38 56 50 49 71 45 16 27 
#57 12 15 25 19 16 52 46 41 28 49 71 45 16 22 
#Base: 913
#Max: 774
#847755
