#[0] 3, 3
#[1] 4, 3
#[2] 3, 4
#[3] 3, 2
#[4] 2, 3
#[5] 2, 4
#[6] 1, 3
#[7] 2, 2
#[8] 3, 1
#[9] 4, 4
#[10] 5, 3
#[11] 3, 5
#[12] 4, 2
#[13] 3, 0
#[14] 5, 4
#[15] 4, 5
#[16] 5, 2
#[17] 4, 1
#[18] 0, 3
#[19] 1, 4
#[20] 2, 1
#[21] 1, 2
#[22] 2, 5
#[23] 0, 4
#[24] 5, 1
#[25] 0, 2
#[26] 5, 5
#[27] 1, 5
#[28] 2, 0
#[29] 1, 1
#[30] 4, 0
#[31] 0, 5
#[32] 1, 0
#[33] 0, 1
#[34] 5, 0
#[35] 0, 0
#Turn 0
23 46 9 15 39 34 
55 0 47 35 30 29 
48 14 18 7 56 13 
16 11 22 24 51 44 
59 20 42 52 31 41 
4 8 36 2 50 1 
#Base: 915
#Max: 354
#386885
#Turn 1
#11 7 25 8 9 34 20 53 8 11 41 32 21 31 10 
#17 27 11 35 9 22 16 30 12 11 41 32 21 18 30 
#25 8 28 23 21 28 16 30 12 15 40 9 46 5 30 
#22 8 9 33 29 2 33 22 4 32 27 16 18 5 26 
#22 0 3 53 39 2 33 22 4 32 27 34 18 19 26 
#8 12 24 29 12 20 13 57 19 18 11 0 14 34 34 
#8 22 12 4 32 20 51 57 19 3 11 39 14 34 16 
#16 39 7 4 42 29 22 29 22 20 15 25 68 29 2 
#31 7 7 33 36 30 22 11 2 16 9 28 46 2 2 
#31 11 13 33 36 41 16 18 27 16 1 17 29 2 12 
#8 17 23 20 6 17 14 38 6 12 3 26 16 22 10 
#24 15 23 29 16 58 7 5 2 4 22 39 16 22 31 
#21 15 13 29 11 15 7 2 2 15 24 70 54 11 12 
#21 11 13 27 6 15 35 2 40 58 24 70 25 0 7 
#8 21 0 4 1 24 16 27 14 58 30 17 17 0 7 
#53 37 34 64 27 2 1 35 4 14 25 24 12 1 20 
#1 10 34 1 14 1 67 15 4 14 25 22 8 43 10 
#1 71 1 12 32 5 44 2 24 21 21 5 8 10 8 
#46 71 1 12 15 12 44 17 24 21 21 5 29 9 8 
#12 0 8 15 8 1 2 17 8 24 13 29 59 6 26 
#0 40 32 33 11 7 15 41 22 42 6 25 19 13 2 
#57 36 20 33 15 3 15 13 56 22 6 25 21 9 16 
#57 20 20 16 6 13 6 10 27 2 0 26 21 9 16 
#8 40 67 9 2 1 18 37 27 5 13 60 19 9 1 
#8 40 13 16 4 51 12 37 5 5 4 32 10 10 21 
#21 29 3 18 35 14 44 16 11 3 35 27 30 18 10 
#1 45 43 21 2 14 44 11 11 30 4 47 19 32 5 
#1 9 43 5 3 14 41 11 35 38 65 47 28 32 25 
#3 5 11 5 3 13 41 11 21 19 24 24 41 59 5 
#3 5 20 44 26 13 6 2 21 45 24 37 41 7 30 
#43 21 24 8 12 29 13 18 52 2 33 0 48 29 34 
#11 22 12 29 9 22 23 53 8 18 11 32 14 34 8 
#17 39 28 4 21 29 16 30 12 15 10 25 3 7 37 
#16 8 32 33 29 23 37 20 3 34 9 9 46 29 1 
#31 0 13 33 36 30 8 11 2 32 27 28 46 2 45 
#8 29 3 35 39 25 18 6 27 49 13 34 23 29 13 
#25 17 35 52 6 28 17 7 52 2 33 44 11 29 34 
#24 62 23 29 27 17 17 38 19 12 11 39 16 22 31 
#4 39 7 29 16 58 51 29 2 3 15 25 54 7 11 
#16 11 7 15 11 23 3 20 3 20 9 70 68 29 2 
#31 11 13 7 6 30 35 8 2 58 58 17 46 0 45 
#51 21 8 4 1 41 16 27 58 26 22 12 29 20 12 
#8 17 35 52 27 24 18 7 40 1 12 44 11 1 10 
#4 6 34 20 14 2 1 35 6 14 25 26 2 22 20 
#4 15 7 1 16 58 7 5 43 1 0 39 8 10 10 
#13 11 13 12 15 15 3 2 40 15 21 5 29 4 8 
#8 3 8 15 11 12 35 17 8 5 68 17 15 0 0 
#7 21 8 54 8 1 16 18 58 24 30 2 59 20 26 
#53 37 32 10 27 24 18 41 40 1 36 24 12 1 28 
#4 6 59 33 14 3 1 13 22 42 6 12 19 43 2 
#1 20 40 16 32 13 6 15 43 1 0 22 21 10 10 
#13 71 1 12 11 5 44 10 24 2 13 11 19 4 8 
#46 0 8 15 11 12 37 17 47 5 68 60 3 9 0 
#12 27 20 54 4 51 12 5 5 24 4 32 27 6 26 
#1 29 32 10 35 14 20 16 45 22 36 27 12 50 3 
#21 45 59 33 14 46 15 13 22 30 4 25 19 18 10 
#1 20 20 16 6 13 24 20 56 38 2 26 21 9 5 
#30 0 11 5 11 23 41 10 27 11 65 11 19 9 25 
#8 40 20 44 2 12 6 10 47 19 24 60 10 5 1 
#24 11 20 20 4 51 12 2 5 28 4 37 1 10 21 
11 29 54 58 51 28 
42 53 17 47 37 57 
49 6 38 39 23 26 
55 15 40 52 13 7 
4 41 12 27 18 30 
35 16 21 36 48 34 
#Base: 915
#Max: 397
#433880
#Turn 2
#3 15 23 29 26 58 6 5 2 45 22 37 41 7 30 
#3 29 20 44 26 14 20 16 21 45 24 37 12 50 3 
#1 40 20 44 35 12 20 10 47 19 24 60 12 50 3 
#13 40 1 44 11 5 6 10 47 2 13 11 10 5 8 
#3 5 1 12 11 13 41 10 24 19 24 11 41 4 5 
#8 17 35 52 27 51 12 7 5 24 4 32 27 6 26 
#12 27 1 54 4 51 44 5 5 21 21 5 27 6 26 
#1 71 8 12 8 1 16 18 24 21 21 5 59 20 8 
#7 21 23 54 8 1 16 38 19 24 11 39 59 20 31 
#30 62 11 29 27 17 17 38 19 11 65 39 16 9 31 
#8 22 12 4 14 3 51 13 22 3 11 12 14 34 2 
#4 39 7 4 32 20 51 57 19 3 15 25 54 7 11 
#4 39 7 15 11 58 3 29 2 20 9 70 54 29 11 
#16 11 67 15 11 1 18 20 3 20 9 70 68 9 2 
#8 45 67 9 2 1 44 37 11 5 4 47 19 32 5 
#53 45 59 64 27 2 1 35 22 30 25 25 12 18 20 
#53 37 13 64 27 2 1 35 4 14 25 24 46 1 45 
#46 11 13 7 11 12 37 8 47 58 68 60 46 0 45 
#46 11 13 27 11 12 37 2 40 5 68 60 25 0 7 
#21 11 7 27 6 29 35 29 40 20 15 70 25 29 7 
#51 21 8 4 1 2 33 27 58 26 22 34 29 19 26 
#21 21 13 4 1 41 16 2 58 15 24 70 54 20 12 
#21 15 43 5 3 15 7 11 35 38 24 47 28 32 25 
#46 9 1 12 3 12 44 17 24 38 21 47 29 9 25 
#43 21 24 8 15 29 44 17 24 2 33 0 48 9 34 
#1 29 3 35 14 1 67 15 27 14 25 22 8 43 10 
#57 10 20 1 14 1 67 15 4 22 6 25 8 9 16 
#57 17 35 52 6 28 15 7 52 22 33 44 11 9 16 
#25 37 32 52 6 24 17 7 52 2 36 24 12 1 34 
#53 37 13 10 27 30 8 11 2 32 27 28 12 1 28 
#8 15 23 52 16 58 18 5 40 4 22 39 11 22 31 
#12 5 20 54 26 51 12 2 21 24 24 32 41 7 30 
#1 29 32 12 35 14 44 16 24 22 36 27 12 50 8 
#8 40 8 54 8 1 16 18 47 24 24 60 59 20 26 
#24 62 23 29 11 17 17 38 24 2 11 39 19 22 8 
#30 0 11 5 11 23 41 11 21 19 24 24 41 59 25 
#4 17 59 33 14 3 1 7 40 1 12 12 19 1 2 
#12 22 12 4 32 51 51 5 5 3 11 32 27 6 16 
#1 71 7 12 16 5 51 29 2 21 21 5 54 7 11 
#7 21 7 15 11 23 16 18 3 24 30 70 68 29 26 
#24 40 23 29 2 1 17 37 27 5 13 60 19 22 31 
#30 0 11 21 11 14 44 10 11 30 4 11 19 32 5 
#21 6 59 33 14 3 15 13 22 42 4 25 19 18 10 
#8 22 34 64 32 20 51 35 19 14 11 24 12 1 16 
#4 11 13 29 6 30 51 8 2 3 58 25 46 0 45 
#46 0 8 15 11 12 37 20 3 5 68 60 3 29 0 
#21 40 13 9 6 15 35 37 40 5 24 60 25 0 1 
#1 45 7 21 2 14 44 11 11 30 4 47 68 32 5 
#22 0 59 33 14 46 33 13 22 32 27 25 19 18 26 
#53 37 34 4 27 2 16 27 58 26 22 12 12 20 12 
#31 11 13 7 11 30 35 2 2 58 58 17 46 11 45 
#1 9 43 5 11 12 37 11 35 38 68 60 3 32 0 
#46 11 13 27 6 12 44 17 40 58 21 70 29 9 7 
#16 21 24 4 42 29 22 18 52 2 15 25 68 29 34 
#8 29 3 53 39 25 33 6 27 32 13 34 23 29 13 
#51 21 8 1 14 41 16 27 4 14 22 12 29 20 10 
#57 15 13 33 15 15 7 13 56 15 6 25 21 9 12 
#25 17 43 52 3 28 41 11 35 38 33 44 28 32 34 
#46 71 32 12 27 24 44 17 40 21 21 24 12 1 8 
#43 0 24 33 12 29 13 18 2 32 27 0 48 29 45 
46 0 19 45 44 20 
28 49 38 12 14 7 
30 47 51 33 21 11 
58 16 52 17 15 39 
48 53 57 13 18 2 
31 8 50 9 27 43 
#Base: 915
#Max: 469
#512568
#Turn 3
#21 40 13 29 6 58 6 5 2 45 22 37 25 7 1 
#21 11 23 27 6 29 6 29 40 45 15 70 41 7 30 
#21 0 8 15 11 29 35 29 3 5 68 70 3 29 0 
#46 0 13 29 11 30 37 20 3 5 68 25 3 0 0 
#4 21 13 4 6 2 33 27 58 26 22 34 29 0 45 
#25 37 32 52 27 2 17 27 52 26 36 12 12 20 34 
#1 71 34 4 27 5 51 27 58 26 21 5 54 20 12 
#4 71 7 12 11 58 3 29 2 20 9 5 54 7 11 
#8 45 7 9 11 1 3 37 11 20 9 47 54 32 5 
#8 45 67 12 8 1 44 37 11 21 21 47 19 32 5 
#8 15 23 52 16 14 44 11 40 4 4 47 68 32 31 
#1 45 43 21 2 12 44 11 11 38 68 47 3 32 0 
#8 40 43 54 8 12 16 11 47 38 24 60 59 32 0 
#8 40 13 4 1 1 16 2 47 15 24 70 54 20 26 
#4 21 13 4 32 20 51 2 58 3 24 25 54 20 11 
#53 71 13 64 27 2 44 35 40 21 21 24 12 1 8 
#53 11 13 27 27 12 1 35 4 58 25 70 29 9 7 
#46 11 13 7 6 12 44 8 40 58 68 70 29 0 7 
#53 11 59 64 11 2 37 8 47 58 68 25 46 0 20 
#7 21 7 15 11 2 1 18 22 30 25 25 68 18 20 
#16 21 59 33 42 46 33 13 22 32 15 25 19 18 26 
#16 21 43 4 42 28 22 11 52 2 15 44 68 32 34 
#16 17 43 52 11 1 41 20 35 38 33 44 68 32 34 
#46 11 67 15 11 1 37 20 3 20 9 60 68 9 7 
#46 11 20 27 35 12 20 2 47 5 24 60 25 0 3 
#12 5 23 54 8 51 12 2 21 24 11 39 59 7 31 
#31 21 23 7 8 30 35 2 19 58 58 17 46 20 31 
#31 62 11 7 27 17 35 38 19 58 65 17 46 11 31 
#30 17 35 29 27 28 15 7 19 22 65 44 11 9 31 
#57 17 35 52 32 28 15 35 19 22 11 44 12 1 16 
#25 37 13 9 6 15 35 7 52 2 36 60 25 0 34 
#53 37 23 29 27 2 6 5 58 45 22 12 12 20 12 
#21 71 7 27 16 29 51 29 2 21 21 5 54 29 11 
#4 0 7 15 11 12 37 20 2 5 68 70 54 29 0 
#4 45 13 9 2 30 51 8 2 5 4 25 46 32 5 
#1 71 8 4 8 2 16 27 24 21 21 34 29 19 26 
#25 15 23 52 6 24 17 5 40 4 36 39 12 1 31 
#53 45 7 21 27 14 16 11 11 26 4 12 12 20 12 
#1 71 43 12 11 5 37 11 35 21 21 5 54 32 11 
#8 39 7 15 8 58 3 29 47 24 24 60 54 20 11 
#21 45 13 4 1 1 16 2 11 15 24 70 19 32 5 
#1 71 7 12 8 20 16 18 19 3 21 5 59 20 8 
#8 15 32 52 16 24 44 17 40 4 22 39 11 1 8 
#1 45 13 21 2 14 1 11 11 30 25 47 46 1 5 
#1 9 13 27 6 12 44 11 35 58 68 60 3 32 7 
#46 40 8 54 11 12 37 8 47 24 68 60 46 0 45 
#53 45 59 4 27 41 16 2 58 15 24 25 12 18 12 
#7 39 7 4 32 20 51 57 19 24 15 70 68 29 26 
#22 71 32 33 27 24 33 13 40 32 27 24 12 18 8 
#53 37 24 4 27 2 22 35 4 14 15 25 68 29 34 
#25 11 43 27 6 12 44 17 35 58 33 44 28 9 7 
#46 11 67 15 11 12 18 8 47 20 9 70 68 0 2 
#46 11 59 27 11 2 37 2 40 30 68 25 12 18 20 
#7 21 7 44 35 12 20 10 47 24 30 60 68 50 3 
#12 0 59 54 14 51 33 13 22 24 27 25 19 7 30 
#7 21 24 4 8 1 16 18 19 2 15 39 68 29 34 
#25 11 43 7 11 30 41 2 35 58 33 17 28 32 34 
#16 11 67 15 27 1 18 38 19 11 9 39 68 9 31 
#46 17 13 27 6 12 15 7 40 22 33 44 11 9 16 
#8 40 20 64 32 12 51 10 47 14 24 24 12 1 16 
56 50 49 46 38 54 
59 48 32 15 16 2 
9 11 22 17 27 57 
21 12 51 18 47 23 
13 33 44 45 53 39 
7 1 10 6 52 26 
#Base: 915
#Max: 509
#556284
#Turn 4
#25 11 43 7 6 12 41 17 35 58 33 17 28 9 34 
#25 37 43 4 6 12 22 35 35 14 33 44 68 9 7 
#53 45 24 4 27 41 16 35 58 14 24 25 68 18 12 
#53 71 43 12 27 5 37 2 58 15 21 25 12 32 11 
#12 71 59 12 11 51 37 13 35 24 27 5 19 7 11 
#8 40 20 33 27 24 51 13 47 32 27 24 12 1 16 
#21 71 32 27 27 24 33 13 40 32 21 24 12 18 8 
#21 71 7 64 16 2 51 29 40 21 21 24 12 29 8 
#53 71 13 64 27 12 44 35 4 58 25 24 29 1 8 
#21 0 8 15 27 12 1 29 3 58 25 70 3 9 0 
#1 45 67 21 2 1 44 37 11 21 21 47 3 32 5 
#16 17 43 21 11 1 41 20 35 38 33 44 3 32 34 
#16 17 13 52 11 12 41 8 35 38 68 70 68 32 7 
#31 11 13 7 27 17 35 38 40 58 65 17 46 11 31 
#31 62 67 15 27 17 18 38 19 58 65 39 46 11 31 
#16 21 43 54 8 28 22 11 52 2 15 44 68 32 0 
#46 40 67 54 8 12 16 8 47 38 9 60 59 32 2 
#46 11 67 15 11 12 18 8 47 20 68 25 46 0 20 
#7 11 59 4 32 2 37 8 47 24 68 25 68 29 26 
#7 11 7 15 32 20 51 57 19 24 15 70 68 9 7 
#8 40 13 15 11 1 16 2 47 5 68 70 54 20 0 
#4 9 7 15 6 12 37 20 35 58 68 60 54 32 7 
#1 40 8 54 6 12 44 11 47 58 68 60 3 32 45 
#46 21 8 44 11 12 20 10 47 24 68 60 68 0 3 
#8 21 7 44 35 58 3 10 47 24 30 60 68 50 3 
#21 71 23 27 6 29 3 29 40 45 9 70 54 7 30 
#8 15 23 27 16 14 44 29 40 45 15 47 68 32 31 
#1 71 23 52 16 14 44 27 40 4 4 5 54 20 31 
#46 11 59 27 27 2 37 27 58 30 68 5 54 18 12 
#46 11 23 27 8 2 35 2 19 58 68 17 46 18 20 
#8 40 43 64 32 30 51 2 35 58 33 24 28 32 16 
#25 71 32 33 27 24 44 17 35 58 27 24 28 18 7 
#53 37 24 27 27 2 22 35 2 14 21 25 68 29 34 
#53 45 13 4 27 41 44 35 40 15 21 24 12 18 12 
#53 11 13 27 11 5 1 35 4 58 25 5 54 9 7 
#21 0 8 54 14 29 33 13 3 24 27 25 3 29 0 
#8 45 67 12 8 1 51 37 11 21 21 24 19 32 16 
#1 71 32 21 27 24 33 13 40 38 27 24 3 18 8 
#21 71 7 52 11 29 41 29 2 21 33 5 68 29 34 
#53 71 13 64 6 12 44 35 40 21 21 24 29 0 8 
#31 11 13 27 27 17 1 35 19 58 65 70 46 11 7 
#16 11 67 15 11 1 18 29 19 11 68 39 3 29 0 
#16 21 43 12 8 1 22 37 11 21 15 47 19 32 5 
#8 45 43 21 2 12 44 11 11 38 24 47 3 32 0 
#16 11 43 52 11 1 18 20 35 38 9 70 68 32 2 
#46 11 59 7 11 2 37 8 40 58 68 70 46 0 20 
#31 39 7 7 32 17 35 57 19 58 15 17 46 29 31 
#16 11 67 15 27 1 37 20 3 20 9 60 68 9 31 
#8 21 43 4 42 1 22 2 52 15 24 44 54 20 26 
#4 0 7 15 8 12 37 11 47 5 68 70 54 29 0 
#46 9 13 15 6 12 18 11 35 20 68 60 68 0 2 
#53 40 59 54 11 2 37 8 47 58 68 60 46 0 20 
#7 39 7 44 35 20 20 57 47 24 15 70 68 50 3 
#8 11 7 15 8 1 3 20 47 24 9 60 68 9 11 
#4 40 13 4 1 58 3 29 2 20 9 70 54 20 11 
#4 0 7 15 6 29 37 29 2 5 15 70 54 29 30 
#8 9 13 27 16 14 44 11 35 58 68 60 3 32 31 
#1 71 8 54 11 12 37 8 58 24 68 5 54 20 12 
#7 11 59 27 35 2 37 2 47 24 30 60 68 50 3 
#8 21 7 7 8 58 3 2 19 24 58 60 54 20 31 
27 15 17 40 31 26 
7 20 44 12 2 50 
13 21 57 22 16 19 
25 8 52 51 45 58 
49 39 23 14 24 18 
47 56 38 28 30 3 
#Base: 915
#Max: 563
#615301
#Turn 5
#1 21 23 52 16 28 22 11 52 2 4 5 54 20 31 
#46 21 43 54 8 12 18 11 52 2 68 44 46 0 20 
#31 11 67 27 27 17 18 35 47 58 65 25 46 0 20 
#25 71 13 27 27 17 44 17 19 58 27 24 46 18 7 
#25 71 32 33 27 14 44 17 35 58 15 47 28 32 7 
#8 71 7 64 16 2 51 2 47 21 21 24 54 20 8 
#8 40 43 15 11 1 16 2 47 38 68 70 68 20 0 
#16 11 13 52 11 1 41 8 35 38 9 70 68 32 7 
#53 45 24 4 27 41 16 35 35 38 68 25 68 32 12 
#46 45 24 4 6 12 16 11 35 20 68 60 68 18 12 
#4 9 7 7 6 17 35 20 40 58 68 17 46 11 31 
#1 9 7 54 6 12 37 8 58 58 68 60 54 32 12 
#1 40 8 54 11 12 44 8 58 58 68 5 3 32 45 
#1 40 67 54 6 12 16 8 47 58 68 60 3 32 2 
#7 11 7 54 8 20 16 57 47 38 15 70 59 32 7 
#53 71 23 27 27 29 44 35 4 58 9 70 54 7 30 
#53 71 7 44 27 12 44 35 47 58 15 70 68 1 3 
#53 40 59 54 35 2 20 57 47 58 15 60 68 0 20 
#53 11 59 54 11 2 37 8 40 58 68 60 46 0 20 
#7 11 59 7 35 2 37 8 47 58 68 70 68 0 20 
#4 71 7 15 6 12 37 11 47 21 68 70 29 29 8 
#46 21 13 64 6 12 44 10 47 21 21 60 29 0 3 
#46 21 8 44 11 17 20 38 19 24 65 60 46 0 31 
#8 62 7 44 35 58 3 10 19 24 30 39 68 11 31 
#8 21 59 4 35 58 3 10 47 24 68 60 68 29 3 
#8 11 13 15 27 1 44 11 3 20 68 60 68 9 31 
#21 71 13 27 11 14 44 11 35 58 33 5 68 32 34 
#46 11 59 27 11 2 37 29 58 21 33 5 68 29 34 
#46 40 43 64 32 2 37 2 58 30 68 5 28 32 16 
#53 71 43 64 32 5 37 2 35 15 33 24 28 32 11 
#1 71 23 52 16 2 44 27 40 21 4 5 12 20 31 
#8 40 13 15 11 1 16 2 52 5 15 70 68 20 0 
#46 11 43 15 11 12 18 8 47 38 68 25 68 32 20 
#31 11 13 52 27 12 1 8 19 38 68 70 68 32 7 
#53 71 32 4 27 41 16 35 35 14 27 24 68 18 7 
#8 9 13 15 16 12 44 29 40 45 15 60 68 32 31 
#31 11 13 7 16 2 35 29 40 21 65 17 12 29 31 
#8 9 13 15 11 12 37 20 47 58 68 60 54 32 7 
#1 11 8 54 11 12 18 8 35 38 68 70 68 32 12 
#1 17 13 54 6 12 41 8 35 58 68 60 68 32 45 
#53 40 67 54 27 41 16 8 47 38 24 25 68 18 2 
#46 11 7 15 6 12 18 57 19 24 68 60 68 9 2 
#21 71 13 7 27 17 35 38 40 58 9 17 46 7 30 
#53 71 13 15 6 12 37 35 4 58 25 60 29 32 7 
#1 39 7 54 11 12 37 57 47 24 68 5 54 50 12 
#53 40 59 54 11 12 37 11 47 58 68 60 46 0 20 
#46 40 67 54 8 12 37 8 40 58 68 70 46 0 20 
#7 11 59 27 35 2 51 57 19 24 15 70 68 50 3 
#4 71 7 15 8 29 37 11 47 5 9 70 54 29 0 
#53 71 13 64 6 12 44 35 4 58 21 24 29 0 8 
#7 21 8 44 11 12 20 10 47 24 68 60 68 0 3 
#53 62 67 15 27 17 37 38 19 58 65 39 46 0 31 
#8 11 7 44 35 2 3 8 40 24 68 60 68 50 3 
#7 11 59 27 35 2 37 2 47 24 30 25 68 29 3 
#16 11 67 15 8 1 37 11 47 20 68 70 54 29 0 
#53 71 13 64 6 12 44 11 40 21 68 60 29 32 31 
#21 21 8 52 11 29 41 10 2 21 33 60 68 0 3 
#31 62 67 27 27 17 37 27 58 30 68 39 54 11 12 
#8 21 7 64 35 30 3 2 35 24 33 24 28 50 16 
#53 71 43 12 32 5 37 2 58 15 21 25 12 32 11 
37 4 38 44 29 43 
20 27 6 57 2 34 
52 54 18 51 55 33 
47 15 16 17 45 24 
49 28 40 46 19 8 
14 26 11 39 13 12 
#Base: 915
#Max: 588
#642623
#Turn 6
#8 71 13 33 11 12 37 20 47 58 15 60 28 32 7 
#25 11 32 54 27 14 18 8 35 58 15 47 28 32 12 
#1 39 8 54 11 12 37 57 47 38 68 70 54 50 12 
#53 71 7 64 11 5 37 57 47 24 33 5 28 32 11 
#53 71 13 64 6 12 37 2 35 15 33 24 29 32 7 
#4 11 59 15 11 2 37 11 58 21 33 70 68 29 8 
#46 40 59 15 11 1 37 2 58 38 68 5 68 29 0 
#31 62 43 27 11 17 16 2 47 30 68 39 68 11 12 
#31 62 67 27 27 17 37 35 47 30 65 39 54 11 12 
#31 11 32 4 27 41 18 35 47 58 27 24 46 0 7 
#16 11 7 44 8 1 3 8 40 20 68 70 54 50 0 
#16 11 59 54 11 2 37 11 40 58 68 60 46 29 0 
#53 11 59 54 27 2 37 38 19 58 68 39 46 0 31 
#53 71 13 64 6 12 37 38 40 58 68 60 46 32 31 
#31 71 13 52 27 12 1 11 40 21 68 70 29 32 31 
#7 71 59 27 35 29 51 35 4 58 15 70 54 50 30 
#53 71 23 44 27 12 44 35 4 58 9 70 68 1 3 
#53 71 59 44 27 12 44 35 47 58 15 70 68 0 3 
#53 40 59 54 35 2 20 11 47 58 15 60 46 0 20 
#53 40 59 4 35 58 3 11 47 58 68 60 68 0 3 
#53 40 13 64 32 2 44 2 4 30 21 24 28 0 16 
#53 40 67 64 27 2 37 8 47 38 24 25 28 18 16 
#46 40 67 54 8 41 16 8 40 38 24 25 68 18 20 
#7 11 59 54 35 2 37 8 47 58 68 70 68 0 20 
#53 11 59 4 35 2 16 8 35 38 68 70 68 0 12 
#21 11 7 54 8 14 44 57 35 38 33 70 68 32 34 
#1 9 13 54 11 14 37 11 58 58 68 60 54 32 12 
#1 17 7 54 6 12 37 8 58 58 68 60 68 32 12 
#1 17 13 54 6 12 16 8 35 58 68 60 68 32 45 
#1 40 67 54 11 12 16 8 58 58 68 60 3 32 45 
#8 9 13 15 6 12 37 11 47 58 68 70 29 32 7 
#25 71 59 33 27 2 37 29 35 58 15 47 68 29 7 
#1 40 8 54 11 1 18 8 35 38 68 70 68 32 12 
#1 62 67 54 27 12 37 57 47 24 68 5 54 11 12 
#53 71 67 27 27 17 18 35 35 58 65 25 28 0 11 
#53 71 13 15 6 41 37 35 4 58 25 60 29 32 7 
#8 11 7 15 35 2 37 11 47 24 68 70 29 29 3 
#46 11 59 27 11 1 37 11 58 20 68 70 54 29 34 
#53 40 43 54 11 2 37 2 40 38 68 70 46 20 20 
#31 62 67 27 27 17 37 27 19 30 68 39 46 11 12 
#31 11 13 27 27 17 44 11 47 21 68 25 29 0 20 
#53 11 32 52 27 41 1 35 19 14 27 70 68 32 7 
#7 11 7 27 35 2 51 8 40 24 68 60 68 50 3 
#16 11 23 27 27 29 44 35 4 58 9 70 54 7 0 
#53 71 59 44 27 12 37 35 40 58 15 70 68 1 20 
#53 40 59 54 35 17 37 38 19 58 65 39 46 0 20 
#53 40 59 54 11 12 37 11 47 21 68 60 46 32 31 
#8 21 59 4 27 58 3 10 19 24 68 60 68 32 3 
#53 71 59 27 35 12 44 35 19 58 21 24 29 50 8 
#46 71 43 27 27 2 37 35 4 30 9 5 54 32 30 
#53 71 7 54 27 12 44 35 47 38 24 25 68 1 2 
#53 40 67 54 8 2 37 8 40 58 68 70 46 0 20 
#53 11 59 7 11 12 37 11 47 58 68 60 68 0 20 
#8 21 59 4 27 41 16 35 47 24 68 60 68 29 3 
#7 11 7 64 6 12 44 35 4 58 21 70 29 32 7 
#46 71 43 64 11 2 37 2 35 30 68 5 68 32 16 
#53 9 7 54 6 12 37 8 47 58 24 25 68 18 12 
#1 40 67 54 8 12 37 8 40 58 68 60 68 0 45 
#7 40 59 54 35 2 37 8 47 58 68 70 3 32 2 
#53 45 8 4 27 41 16 35 58 38 68 25 3 32 12 
22 39 25 58 48 28 
24 11 31 57 52 50 
53 37 46 19 51 34 
8 23 15 13 44 29 
14 12 33 17 45 38 
26 18 16 2 55 27 
#Base: 915
#Max: 629
#687432
#Turn 7
#46 40 67 27 8 17 37 8 19 30 68 39 68 18 12 
#31 11 67 27 8 14 44 57 19 38 68 39 68 32 34 
#21 40 59 54 8 14 37 8 35 58 33 70 3 32 2 
#7 40 59 27 35 12 37 35 19 58 68 24 3 50 2 
#53 17 13 27 6 12 16 8 19 58 21 60 29 32 45 
#16 11 59 4 11 2 16 11 40 58 68 60 68 0 0 
#16 11 59 33 27 2 37 11 35 58 15 60 68 29 7 
#1 40 67 54 27 2 37 8 35 58 68 60 68 29 45 
#1 40 59 54 8 12 37 11 40 58 68 60 68 0 45 
#53 71 59 54 27 12 44 11 47 38 68 60 68 1 2 
#46 11 59 27 11 1 37 11 47 24 68 60 54 29 3 
#46 11 59 54 11 12 37 11 58 21 68 60 54 29 34 
#53 40 59 4 11 58 37 11 47 21 68 60 46 32 3 
#53 40 67 4 8 58 37 11 47 58 68 70 68 0 3 
#53 71 67 54 27 2 37 8 40 58 68 25 28 0 11 
#7 11 67 54 35 17 37 8 47 30 68 70 54 0 12 
#7 71 59 27 35 29 37 35 4 58 68 70 68 0 20 
#53 71 59 64 6 29 37 38 4 58 15 60 46 32 31 
#53 71 59 64 27 12 37 38 40 58 15 60 68 32 31 
#1 71 67 44 27 12 16 8 58 58 68 60 68 32 45 
#31 11 59 54 27 12 1 38 19 58 68 39 46 32 31 
#1 62 59 54 27 12 37 38 47 24 68 5 54 0 12 
#1 71 59 44 27 12 37 57 47 24 15 70 54 11 3 
#53 71 59 44 27 12 37 35 47 58 65 70 46 0 20 
#53 40 43 54 11 2 37 38 19 58 68 39 46 0 20 
#1 9 13 54 35 14 20 11 47 58 68 60 46 32 12 
#53 40 23 54 27 2 44 35 47 58 15 60 46 1 20 
#1 71 8 44 27 12 44 35 4 38 68 70 54 1 3 
#46 39 43 64 11 2 37 2 47 38 68 70 68 50 12 
#46 71 43 54 11 2 37 2 35 30 68 5 68 32 12 
#53 11 59 4 8 41 16 8 35 38 24 70 68 18 20 
#31 62 67 54 27 2 37 11 40 58 68 39 46 11 12 
#25 11 7 54 27 14 44 57 35 58 33 70 68 32 7 
#7 40 59 54 8 2 37 8 40 58 68 70 68 0 45 
#53 71 59 27 11 12 37 35 19 58 21 60 68 50 20 
#53 71 7 54 27 12 16 35 47 58 24 60 68 32 2 
#53 11 59 4 27 41 16 8 35 24 68 60 68 0 3 
#16 11 59 27 11 1 37 11 58 58 68 70 54 29 34 
#25 40 59 33 11 12 37 29 47 21 68 47 46 29 7 
#1 40 67 4 35 12 37 11 40 58 68 60 68 0 3 
#53 40 67 54 8 12 37 8 40 58 68 60 46 0 20 
#53 71 67 54 27 17 44 35 47 38 24 25 68 0 11 
#31 21 59 4 27 41 37 35 47 30 65 39 54 11 3 
#7 11 59 27 35 1 37 11 47 58 68 70 68 0 20 
#53 71 59 27 11 29 37 11 47 21 15 60 54 32 30 
#53 40 59 4 35 12 37 11 40 58 68 60 46 32 31 
#53 40 67 44 27 12 37 8 40 58 68 70 46 0 20 
#1 40 67 27 11 17 16 35 58 58 68 25 3 32 45 
#31 62 67 52 27 12 1 35 47 30 68 70 54 11 31 
#53 11 59 54 27 2 37 38 47 58 68 70 68 0 20 
#1 71 59 27 35 29 37 35 4 58 68 70 54 11 30 
#53 71 59 64 6 12 44 38 40 58 15 70 68 0 3 
#53 40 59 54 35 12 37 38 40 58 15 70 46 0 20 
#1 40 43 54 11 12 37 8 58 38 68 60 46 32 45 
#1 71 13 54 11 14 1 11 40 58 68 60 54 32 12 
#53 11 59 54 27 2 20 38 47 58 68 39 46 0 20 
#1 71 23 44 27 12 44 57 47 24 9 5 68 1 12 
#53 71 59 54 27 12 37 35 47 58 68 70 68 0 12 
#53 40 59 54 35 2 37 2 35 30 65 39 68 32 16 
#53 17 43 54 6 12 37 8 40 38 68 60 46 32 20 
43 32 11 33 31 37 
55 12 8 51 40 1 
53 52 13 9 49 35 
16 7 19 57 23 48 
44 41 34 18 28 46 
22 58 45 17 50 14 
#Base: 915
#Max: 671
#733333
#Turn 8
#7 11 59 27 27 14 44 57 35 58 68 70 68 0 7 
#46 11 7 54 11 14 44 11 35 58 33 60 68 29 7 
#7 11 59 54 11 2 37 11 40 21 68 70 68 0 45 
#7 62 67 54 27 2 37 11 40 58 68 70 68 0 45 
#16 11 67 27 11 2 37 11 40 58 68 70 46 11 12 
#53 11 59 54 11 58 20 11 47 21 68 39 46 0 3 
#1 40 59 4 11 12 37 11 40 21 68 60 46 32 45 
#1 71 59 54 8 12 44 11 40 58 15 70 68 0 45 
#53 40 67 54 8 12 37 8 40 58 68 60 46 0 20 
#53 40 67 54 8 14 44 8 40 38 68 60 46 0 20 
#1 40 43 54 35 12 37 38 40 38 68 60 46 32 45 
#53 40 59 54 35 58 37 11 40 58 15 70 46 0 3 
#53 71 59 4 8 12 37 11 47 38 68 70 68 1 3 
#53 71 59 54 27 2 44 11 47 38 68 70 68 1 20 
#53 11 59 54 27 2 37 35 47 58 24 60 68 32 2 
#1 71 67 27 35 29 37 35 4 58 68 60 68 0 45 
#1 71 67 44 27 12 16 8 58 58 68 60 68 29 45 
#1 71 59 44 27 12 16 35 47 58 68 70 68 0 45 
#53 71 59 44 27 12 37 35 47 58 65 70 68 0 12 
#53 62 59 52 27 12 37 35 47 30 65 70 54 0 20 
#53 71 59 54 27 17 37 35 47 21 24 25 54 0 11 
#53 71 67 54 27 17 37 35 19 38 21 60 68 50 11 
#53 71 59 64 27 12 37 38 40 58 21 60 68 32 31 
#46 71 59 64 27 12 37 2 47 58 15 70 68 32 31 
#53 39 43 44 27 2 37 8 47 58 68 70 46 0 20 
#1 71 59 54 27 2 37 57 47 30 15 70 54 32 16 
#53 40 59 54 35 2 37 11 35 30 68 60 68 32 16 
#53 71 59 64 35 12 37 11 40 58 15 60 46 32 31 
#1 71 59 64 6 29 37 38 4 58 15 70 46 32 31 
#1 71 67 54 35 29 37 35 40 58 68 25 54 0 30 
#7 11 59 27 27 2 37 38 47 58 68 70 68 0 20 
#25 40 59 4 27 14 44 11 35 58 33 60 68 32 7 
#46 40 59 54 11 12 37 11 58 58 68 60 68 0 45 
#7 71 59 54 6 12 44 38 40 58 15 70 68 0 45 
#31 62 67 54 8 12 37 11 40 58 68 39 46 11 20 
#31 11 59 27 8 14 37 11 19 38 68 39 68 32 34 
#53 11 59 54 11 12 20 38 47 38 68 39 46 0 45 
#53 40 59 4 35 58 37 11 40 58 68 70 46 0 3 
#53 40 67 54 8 58 37 11 40 58 68 70 68 0 45 
#53 71 59 54 6 12 44 11 47 38 15 60 68 1 2 
#53 11 67 54 27 12 37 38 47 58 68 60 46 0 20 
#53 71 67 27 27 12 16 57 47 58 68 39 68 32 2 
#7 40 43 27 35 12 37 8 4 38 68 70 46 0 20 
#53 40 59 54 35 2 37 8 35 58 68 70 68 0 45 
#1 71 67 4 27 12 37 11 58 58 68 60 68 32 3 
#53 71 59 54 27 12 37 11 47 58 68 70 68 1 12 
#53 11 59 54 27 2 37 35 47 58 68 70 68 0 20 
#31 62 7 54 27 12 1 35 47 30 68 60 54 11 2 
#53 71 59 27 35 29 37 35 47 21 68 70 68 0 20 
#53 71 67 54 27 17 44 35 47 38 24 25 68 29 11 
#1 71 59 27 27 12 37 8 58 58 68 60 68 32 20 
#53 71 59 54 27 12 37 35 47 58 15 60 68 0 31 
#46 71 59 44 27 12 37 35 47 38 65 70 46 0 20 
#53 40 67 44 27 12 37 35 47 30 68 70 54 11 31 
#1 71 59 44 27 29 37 57 47 24 15 60 54 11 3 
#53 40 67 54 35 17 37 35 47 30 24 25 68 0 11 
#53 40 59 27 11 12 37 35 19 58 68 60 68 50 31 
#53 71 59 64 27 12 37 38 40 58 15 60 68 32 31 
#46 71 43 27 11 2 37 35 4 38 68 70 68 11 30 
#53 40 67 44 27 12 37 8 40 58 68 70 28 0 11 
14 25 29 17 50 11 
44 33 49 48 52 40 
10 3 23 45 41 46 
32 13 18 38 57 21 
37 19 56 22 43 53 
8 15 27 16 51 26 
#Base: 915
#Max: 677
#739891
#Turn 9
#53 11 59 54 27 2 37 35 47 30 15 70 68 32 16 
#1 71 67 54 27 2 37 57 40 30 68 70 54 32 30 
#1 71 59 44 27 29 16 35 47 58 68 25 54 0 30 
#1 71 59 27 27 12 37 8 58 58 68 60 68 0 20 
#53 40 59 27 35 58 37 8 40 58 68 60 68 32 3 
#1 71 67 4 6 12 44 38 58 58 15 60 68 0 3 
#53 71 67 54 27 12 44 38 40 58 24 25 68 29 45 
#53 71 59 54 27 29 44 35 47 21 68 70 68 0 11 
#53 71 59 27 35 12 37 35 47 38 65 70 46 0 20 
#53 11 59 54 27 12 37 38 47 58 68 70 46 0 20 
#7 62 67 54 27 2 37 38 40 58 68 70 46 0 45 
#7 71 67 54 27 2 37 11 47 58 15 70 68 32 45 
#53 71 59 64 27 12 37 11 47 58 68 70 68 32 12 
#53 71 67 54 27 12 16 57 47 58 68 39 68 1 2 
#53 71 59 54 27 2 37 57 47 58 68 70 68 32 20 
#46 71 59 54 11 12 44 11 47 38 68 70 68 0 45 
#53 71 59 54 27 12 37 11 47 38 68 70 68 1 20 
#53 71 59 54 8 58 37 35 40 58 65 70 68 0 12 
#53 40 59 64 8 12 37 11 40 58 68 60 68 32 31 
#53 71 67 54 27 17 37 38 40 58 15 60 68 50 31 
#53 40 59 52 27 58 37 11 40 30 65 70 46 0 3 
#53 62 59 27 11 12 37 35 47 58 65 60 54 0 31 
#53 40 59 64 27 12 37 38 19 58 21 60 68 32 31 
#53 40 59 64 27 2 37 38 40 58 68 70 68 32 45 
#53 40 59 44 35 12 37 8 47 58 68 70 54 0 45 
#1 71 67 54 35 29 37 35 40 58 68 60 68 0 20 
#1 71 67 27 35 12 37 11 40 58 68 60 46 32 45 
#1 71 67 44 27 12 37 11 40 58 68 60 46 32 45 
#1 71 67 54 27 12 37 35 47 58 15 60 68 29 31 
#53 40 59 54 35 12 37 35 35 58 68 60 68 32 31 
#53 11 67 54 27 12 37 11 47 58 68 60 68 32 3 
#7 71 59 54 27 2 44 38 40 58 15 70 68 0 45 
#1 71 67 54 35 29 44 35 40 58 24 25 68 0 11 
#1 71 59 44 35 12 37 35 47 58 68 70 68 0 45 
#1 71 59 27 27 12 37 8 58 38 65 60 68 32 20 
#53 11 67 54 27 12 37 38 40 58 15 60 46 0 3 
#1 40 67 54 35 12 37 11 40 38 68 60 68 32 3 
#7 62 59 54 27 2 44 38 40 58 15 70 68 0 45 
#46 71 59 54 27 17 37 2 47 58 15 70 68 29 31 
#53 71 59 27 27 12 37 35 47 21 68 70 68 0 20 
#46 71 59 44 27 12 37 35 47 38 68 70 68 0 20 
#53 11 67 54 27 12 37 35 47 58 68 70 46 0 20 
#1 40 59 54 35 12 37 38 40 58 68 60 68 0 45 
#7 62 59 54 27 2 37 11 40 38 68 70 68 0 45 
#53 71 59 64 27 12 37 35 47 58 15 70 68 0 31 
#53 40 67 54 8 58 37 11 40 58 68 70 68 0 12 
#53 71 67 64 27 12 16 57 40 58 68 39 68 32 31 
#53 11 67 54 27 2 37 35 47 58 68 70 68 0 11 
#53 40 59 54 35 58 37 11 40 58 68 60 68 0 45 
#53 62 59 54 27 2 37 35 47 30 68 70 68 0 20 
#53 71 59 44 11 12 37 35 47 58 68 70 68 50 31 
#53 40 59 64 8 58 37 38 40 58 21 70 68 32 31 
#53 71 59 64 35 12 37 8 40 58 68 60 68 0 45 
#53 40 67 54 27 12 37 35 47 38 68 70 54 50 11 
#53 40 59 54 8 58 37 8 40 58 68 60 46 0 20 
#53 71 67 52 27 29 37 35 4 58 65 70 54 0 20 
#53 71 59 27 11 12 37 35 19 58 15 60 46 50 31 
#1 71 59 64 27 12 16 8 58 58 68 60 68 29 45 
#53 40 59 54 35 12 37 8 35 58 68 70 68 0 45 
#53 40 67 44 35 12 37 11 47 30 68 60 54 32 16 
28 59 25 33 1 49 
27 13 15 12 58 16 
22 57 51 19 29 55 
7 48 23 14 46 52 
24 40 6 50 17 18 
8 45 44 53 4 38 
#Base: 915
#Max: 723
#790164
#53 40 67 44 27 12 37 11 47 58 15 60 54 32 16 
#53 71 67 54 35 12 37 11 40 30 68 60 54 32 16 
#1 71 67 54 35 12 37 35 40 58 68 70 68 0 20 
#1 71 59 44 35 12 37 35 40 30 68 70 68 0 30 
#1 71 67 54 27 2 37 57 40 30 68 70 68 0 30 
#1 71 67 44 27 12 37 57 40 58 68 60 46 1 45 
#53 71 59 54 27 12 44 57 47 58 68 39 68 0 2 
#46 71 59 64 11 12 37 11 47 58 68 70 68 32 45 
#53 40 59 54 35 12 37 11 35 58 68 70 68 0 12 
#53 71 59 54 35 12 37 8 35 38 68 70 68 0 20 
#53 40 59 64 27 12 37 8 58 58 21 60 68 32 31 
#1 71 59 64 8 12 37 38 40 58 21 70 68 29 31 
#53 71 59 54 8 17 37 38 40 58 21 70 68 32 31 
#53 40 67 54 27 12 37 35 40 58 15 60 68 50 31 
#53 71 59 54 35 29 37 35 4 58 65 60 68 0 31 
#53 71 59 54 35 29 44 11 47 58 68 70 68 0 45 
#53 40 59 54 27 58 37 38 40 58 68 60 68 0 45 
#53 40 59 54 27 2 37 38 47 58 68 70 68 32 20 
#53 71 67 64 27 2 37 57 47 58 68 39 68 32 20 
#53 71 67 64 27 12 16 8 40 58 68 39 68 32 31 
#53 40 59 44 27 12 37 35 47 38 68 70 54 0 20 
#53 71 67 54 27 12 44 35 40 58 68 70 68 29 45 
#53 71 59 54 11 12 44 35 40 58 68 25 68 29 31 
#53 71 59 54 8 58 37 35 40 58 65 70 68 50 12 
#53 71 59 64 8 12 37 35 40 58 65 70 68 0 31 
#53 71 67 27 8 58 37 11 47 38 65 70 46 0 20 
#53 71 67 54 27 12 37 35 47 58 15 70 68 0 12 
#53 71 67 64 27 12 37 35 47 58 68 70 68 50 11 
#53 40 67 54 27 58 37 35 47 58 68 70 54 32 3 
#46 40 59 27 35 58 37 8 40 58 68 70 68 32 31 
#1 71 67 44 27 12 37 11 47 58 15 60 46 32 45 
#53 40 67 54 35 12 37 11 47 58 68 60 54 1 16 
#1 71 67 54 11 12 37 35 40 58 68 70 68 0 20 
#53 71 59 64 27 12 37 35 47 58 68 70 68 32 12 
#1 40 59 54 27 12 37 8 35 58 68 70 68 32 30 
#53 62 59 54 27 2 37 35 47 30 68 70 68 1 20 
#53 71 67 44 27 12 37 11 19 58 68 60 68 32 31 
#53 71 59 64 27 12 16 8 58 58 68 39 68 29 2 
#53 40 59 64 8 58 37 11 40 58 68 70 68 32 45 
#53 71 59 64 27 12 37 38 47 58 15 60 68 50 31 
#53 40 59 54 35 12 37 35 35 58 68 70 68 0 31 
#53 71 67 52 27 29 37 35 47 38 68 70 54 0 20 
#53 71 59 64 27 12 44 38 47 58 21 60 68 32 11 
#1 40 59 64 35 58 16 11 40 58 68 60 68 0 45 
#53 40 59 64 27 58 37 38 40 58 68 70 68 32 45 
#53 71 67 54 27 17 37 57 40 58 15 60 68 50 20 
#53 40 67 54 27 12 37 35 40 58 68 39 68 32 31 
#53 71 67 64 35 12 37 35 4 58 68 70 68 0 20 
#53 40 59 54 27 12 44 8 47 58 68 70 54 0 45 
#53 40 59 44 35 58 37 35 40 58 68 70 68 0 45 
#53 40 67 54 27 2 37 38 40 58 24 70 68 29 45 
#53 71 59 44 11 2 37 35 47 58 68 70 68 50 31 
#53 71 67 64 8 12 37 57 40 58 68 39 68 32 31 
#53 71 59 64 8 12 37 11 40 58 68 60 68 32 45 
#53 40 59 27 35 12 37 35 47 58 68 70 54 0 20 
#46 71 59 44 8 58 37 35 40 58 68 70 68 0 12 
#53 71 59 54 27 12 37 38 47 58 15 25 68 0 45 
#53 71 67 44 11 12 37 35 47 58 68 70 68 50 31 
#53 40 59 54 8 58 37 35 40 58 68 60 68 0 3 
#46 40 59 54 27 17 37 11 40 58 68 60 68 29 31 
#Base: 915
#Max: 757
#827322
