#[0] 3, 3
#[1] 4, 3
#[2] 3, 4
#[3] 3, 2
#[4] 2, 3
#[5] 2, 4
#[6] 1, 3
#[7] 2, 2
#[8] 3, 1
#[9] 4, 4
#[10] 5, 3
#[11] 3, 5
#[12] 4, 2
#[13] 3, 0
#[14] 5, 4
#[15] 4, 5
#[16] 5, 2
#[17] 4, 1
#[18] 0, 3
#[19] 1, 4
#[20] 2, 1
#[21] 1, 2
#[22] 2, 5
#[23] 0, 4
#[24] 5, 1
#[25] 0, 2
#[26] 5, 5
#[27] 1, 5
#[28] 2, 0
#[29] 1, 1
#[30] 4, 0
#[31] 0, 5
#[32] 1, 0
#[33] 0, 1
#[34] 5, 0
#[35] 0, 0
#Turn 0
5 22 1 55 40 50 
47 23 35 14 45 10 
29 38 0 21 28 6 
3 17 42 24 8 31 
18 2 57 25 11 46 
53 44 56 4 43 27 
#Base: 949
#Max: 346
#364594
#Turn 1
#50 36 24 19 11 9 9 9 10 3 50 2 27 29 34 
#50 31 20 11 11 10 29 21 25 3 30 54 36 29 34 
#33 9 50 39 11 3 20 6 6 49 30 54 28 4 8 
#39 9 50 16 13 3 2 40 6 49 7 42 4 1 8 
#21 3 24 16 28 44 52 18 51 34 7 7 4 25 23 
#23 8 16 17 20 18 9 16 33 18 54 11 8 29 21 
#30 8 32 12 20 28 6 0 5 18 25 37 42 19 21 
#30 7 32 43 2 11 31 0 5 18 25 28 6 19 25 
#11 8 11 45 2 18 14 65 15 25 60 8 6 20 25 
#28 8 42 17 7 18 24 12 5 32 60 8 11 20 27 
#17 25 26 22 56 19 6 19 28 17 21 3 42 7 14 
#48 4 1 16 32 56 6 38 3 3 12 2 15 11 14 
#21 4 22 8 20 56 8 3 2 3 64 2 15 11 22 
#36 35 4 15 12 34 8 22 6 1 29 20 47 12 2 
#36 15 7 21 12 1 0 22 48 68 13 33 18 7 5 
#24 7 42 16 64 13 18 14 11 13 16 9 27 12 1 
#14 16 42 58 64 5 13 14 55 5 41 19 27 16 1 
#14 16 6 58 13 5 13 7 55 24 42 11 27 2 1 
#22 27 6 1 13 20 78 30 2 24 1 11 34 1 10 
#5 15 21 3 4 17 68 21 5 39 4 2 34 66 10 
#1 61 24 9 27 3 12 28 28 24 41 6 32 57 16 
#13 9 61 17 27 3 8 37 35 31 41 10 39 57 10 
#13 11 32 12 16 11 8 27 25 75 7 6 8 12 21 
#18 5 7 12 8 3 5 14 25 1 7 6 8 16 57 
#45 15 7 14 21 3 34 14 3 1 56 1 10 16 61 
#28 4 15 4 43 33 44 61 14 34 17 25 29 7 33 
#64 4 15 9 24 33 24 61 39 7 5 20 29 2 19 
#19 10 18 50 9 6 7 11 39 7 5 27 10 16 31 
#19 22 2 59 33 6 11 6 23 13 18 26 10 29 31 
#7 28 47 59 4 25 6 6 23 12 23 26 31 9 11 
#45 10 16 34 44 22 9 40 33 21 50 11 8 26 1 
#50 8 9 17 11 9 6 16 10 18 54 2 42 29 21 
#0 31 32 39 11 10 20 0 25 18 30 28 57 19 28 
#33 7 11 43 2 3 2 6 6 25 39 2 28 1 25 
#28 8 35 16 28 24 1 40 1 16 7 8 11 25 1 
#5 49 24 17 2 44 52 12 5 34 4 49 4 18 27 
#45 10 26 22 44 30 1 40 28 20 24 11 37 6 1 
#23 8 9 17 32 19 6 38 20 18 4 37 42 7 14 
#48 4 22 8 20 28 31 0 3 3 25 2 57 19 22 
#11 7 6 43 2 34 14 65 2 25 64 20 6 12 25 
#36 3 4 21 12 27 0 22 1 32 29 33 14 7 5 
#5 15 7 14 7 11 24 12 48 31 13 24 18 18 1 
#20 5 8 22 56 11 1 19 28 31 21 52 17 12 12 
#59 7 1 16 32 13 5 14 20 17 4 3 27 16 1 
#48 16 7 8 2 5 13 51 55 3 12 2 15 2 22 
#22 27 6 1 13 20 78 30 2 1 64 11 21 5 2 
#5 20 4 3 4 33 68 21 2 39 1 33 14 1 5 
#36 15 21 14 16 17 31 13 5 31 4 2 35 66 39 
#1 61 24 9 33 11 12 28 28 35 22 52 17 14 16 
#6 9 42 16 64 13 5 14 5 13 41 9 39 16 1 
#14 16 61 17 2 11 13 7 35 50 26 19 27 2 6 
#27 27 32 12 16 6 78 27 2 24 5 11 8 12 21 
#18 20 7 14 8 3 68 21 2 1 1 22 34 16 10 
#45 6 21 9 16 21 32 30 3 18 6 2 20 2 61 
#28 5 24 45 33 2 12 28 28 30 22 25 32 9 20 
#10 4 9 4 24 33 7 61 14 34 41 20 39 57 33 
#13 11 61 9 5 28 8 12 35 50 5 27 6 27 19 
#19 22 2 50 16 6 5 11 25 75 7 6 10 16 31 
#18 15 7 14 8 3 34 14 32 13 23 1 31 16 57 
#32 10 47 41 21 25 32 37 13 18 6 38 20 9 61 
42 44 49 1 22 32 
29 50 30 26 14 12 
3 47 59 55 39 4 
2 8 19 16 21 57 
46 48 51 45 20 35 
0 17 24 25 18 56 
#Base: 949
#Max: 410
#432034
#Turn 2
#20 16 8 22 56 11 13 19 55 3 21 52 15 2 12 
#6 9 7 8 64 5 5 51 55 3 41 9 15 16 1 
#50 31 42 11 64 10 5 21 25 3 41 9 39 29 34 
#13 11 32 11 16 11 29 27 25 3 30 6 8 12 34 
#0 31 32 12 11 10 20 27 25 75 7 6 57 19 21 
#7 28 47 59 4 25 13 6 35 50 26 19 31 9 6 
#14 10 16 34 44 22 13 7 33 21 50 11 8 2 6 
#64 10 15 9 44 22 24 40 33 7 5 20 8 26 19 
#64 15 15 21 12 33 24 22 39 7 13 20 29 2 19 
#21 15 7 8 12 1 0 22 2 3 13 2 18 7 22 
#36 15 50 16 16 17 31 40 5 49 4 2 35 66 39 
#32 10 21 14 16 17 32 13 5 18 6 2 20 9 61 
#32 10 9 4 24 33 7 61 14 18 6 20 20 57 61 
#11 7 9 43 24 33 14 65 2 34 41 20 6 57 33 
#21 3 6 43 2 34 14 65 2 25 7 20 4 25 23 
#33 8 50 39 11 3 14 6 15 49 30 54 28 4 25 
#5 8 11 3 2 17 14 65 5 25 60 8 34 20 10 
#14 15 42 58 64 5 13 21 55 39 4 2 34 66 1 
#13 9 61 58 64 3 13 14 55 5 41 10 39 57 1 
#19 9 2 17 27 3 8 11 25 75 41 10 10 57 31 
#1 20 4 3 33 33 12 28 28 35 1 52 17 1 5 
#27 27 32 12 16 6 12 28 28 24 22 52 17 12 21 
#22 27 6 1 13 6 78 27 2 1 64 11 21 12 21 
#22 61 24 9 27 3 12 28 28 1 41 6 32 5 16 
#1 61 24 9 27 44 12 12 28 34 4 6 4 18 27 
#14 36 6 58 13 5 9 9 10 24 50 2 27 29 34 
#14 15 6 58 13 3 34 7 3 24 42 11 27 2 61 
#45 15 15 4 21 33 44 14 3 1 56 1 29 16 33 
#28 27 15 4 43 20 78 61 2 24 17 25 29 1 10 
#22 11 6 9 5 20 78 12 2 50 1 27 6 1 10 
#20 28 8 59 56 25 6 6 28 31 21 52 31 9 12 
#14 16 7 8 2 5 13 51 55 50 26 2 27 2 22 
#45 9 42 34 64 13 5 14 33 13 41 9 8 26 1 
#64 4 20 11 24 10 29 21 25 3 30 54 29 29 19 
#36 11 32 12 16 1 8 22 25 68 7 33 18 12 21 
#0 31 22 39 20 10 20 3 2 18 30 28 15 11 28 
#39 9 47 16 4 3 6 6 23 12 7 26 31 1 11 
#14 15 21 14 2 11 13 7 5 50 4 2 35 2 6 
#32 10 47 41 44 22 9 37 13 21 6 38 8 26 61 
#64 4 9 4 24 33 24 61 14 7 5 20 29 57 33 
#11 15 7 21 2 1 0 65 48 25 13 20 18 7 5 
#21 4 22 8 20 44 8 18 51 3 64 2 4 11 23 
#33 9 50 39 13 3 2 6 6 49 30 54 28 4 8 
#36 15 11 14 2 17 31 13 15 31 60 2 6 20 25 
#5 10 47 41 21 17 68 21 13 39 4 38 20 9 61 
#14 16 42 4 64 5 7 61 14 5 41 20 27 57 33 
#11 7 61 17 27 34 8 65 2 31 41 10 39 12 10 
#21 3 2 16 28 44 52 18 51 75 7 6 10 25 23 
#33 20 4 39 11 3 20 6 2 39 1 33 14 1 8 
#11 8 11 9 2 11 14 65 28 35 60 52 6 14 16 
#5 15 32 3 4 17 68 21 5 39 5 11 8 12 10 
#14 16 42 58 64 5 78 30 2 5 64 19 27 5 2 
#13 61 61 9 27 3 12 37 28 31 41 6 32 57 10 
#19 49 24 50 2 44 5 12 5 34 7 6 4 18 27 
#5 20 24 3 4 9 9 9 10 39 1 33 27 1 34 
#1 16 6 9 13 11 13 28 28 35 42 52 27 14 1 
#27 27 7 12 16 3 78 14 3 24 56 11 8 12 21 
#22 27 6 1 13 33 78 30 14 1 17 11 21 7 33 
#1 61 24 1 13 3 78 28 28 24 1 6 32 1 10 
#5 49 24 17 2 28 52 12 5 50 4 49 4 27 19 
41 0 5 4 1 29 
16 26 56 28 49 33 
57 30 47 52 44 32 
58 10 45 51 17 2 
42 38 12 18 39 22 
7 15 19 13 46 59 
#Base: 949
#Max: 443
#466807
#Turn 3
#21 16 22 8 20 11 8 19 51 3 64 2 4 2 23 
#20 28 8 22 4 11 13 19 35 3 26 52 31 2 12 
#0 28 47 12 4 10 20 6 25 50 7 19 31 19 6 
#0 31 32 12 64 10 20 27 55 3 7 9 15 16 1 
#22 9 7 8 5 5 5 51 55 3 41 9 6 1 10 
#14 8 11 58 2 17 14 65 3 25 42 11 34 20 61 
#14 15 6 58 13 3 78 14 3 24 56 11 8 2 21 
#28 27 15 4 43 20 78 14 2 24 17 25 29 1 21 
#28 27 11 9 43 20 78 65 28 24 60 25 29 1 10 
#64 4 20 11 24 11 14 65 28 3 60 54 6 14 16 
#22 28 8 59 13 33 78 6 14 1 21 11 31 7 12 
#21 28 8 59 56 44 52 18 51 75 21 6 10 9 23 
#21 3 2 9 27 3 12 18 51 75 41 6 32 25 10 
#5 61 61 9 21 17 68 21 28 31 4 38 32 57 10 
#45 10 47 34 21 13 5 14 33 39 4 38 8 9 61 
#36 61 50 16 13 17 78 40 5 24 4 2 35 1 10 
#36 16 42 16 16 5 31 40 5 49 41 2 27 57 39 
#14 16 42 58 64 5 78 30 14 5 41 19 27 5 33 
#14 15 42 58 64 5 78 21 2 5 64 19 27 5 1 
#50 15 42 58 64 10 13 21 25 39 4 2 34 29 34 
#33 9 50 39 44 3 9 37 6 49 6 38 8 4 61 
#32 10 47 4 44 33 9 61 13 21 6 38 20 26 61 
#13 9 9 4 24 3 7 61 14 5 41 20 39 57 61 
#13 9 9 58 64 3 24 14 14 5 5 20 29 57 33 
#64 27 9 1 24 33 24 27 14 1 64 20 21 12 33 
#33 10 50 39 11 22 14 40 33 49 30 20 8 4 25 
#33 8 50 17 11 3 14 11 25 49 30 10 28 4 25 
#19 7 9 43 27 3 14 65 2 75 41 10 10 57 31 
#11 7 9 17 27 34 8 65 2 34 41 20 6 57 33 
#5 7 24 17 2 28 52 12 2 31 41 49 4 12 19 
#21 4 11 8 20 44 8 65 5 3 60 2 4 20 23 
#20 16 8 22 56 3 34 7 55 3 42 11 27 2 61 
#7 27 47 12 4 25 13 14 3 24 56 11 31 12 6 
#0 27 32 4 43 20 20 61 2 24 17 6 29 19 10 
#6 9 7 9 64 5 14 65 28 35 41 52 15 14 1 
#22 11 6 11 5 10 78 21 2 50 1 54 6 29 10 
#22 8 6 3 13 17 14 65 14 25 17 8 34 7 10 
#20 28 8 59 56 25 6 6 3 24 21 11 31 2 12 
#27 3 7 12 16 44 52 14 51 24 7 11 10 12 21 
#28 27 61 4 27 3 12 61 28 31 41 25 29 57 10 
#5 8 11 41 2 11 14 21 28 35 4 38 20 9 16 
#64 9 20 11 64 10 29 14 33 13 41 54 29 26 19 
#22 61 24 1 13 3 78 30 28 1 1 11 32 7 33 
#36 15 50 16 56 17 31 40 28 49 4 2 31 9 39 
#14 3 42 4 28 44 7 18 51 5 41 6 27 57 23 
#14 61 61 58 64 5 78 30 2 5 41 19 32 5 10 
#5 15 42 58 64 17 13 21 13 39 4 38 34 66 1 
#45 31 42 11 64 10 5 14 25 13 41 9 8 29 34 
#33 61 50 1 13 3 2 28 28 24 30 54 28 1 10 
#32 15 47 16 44 22 9 37 13 21 4 2 8 66 39 
#32 10 9 4 64 5 7 61 14 5 6 20 20 57 33 
#14 16 42 58 64 5 78 14 2 5 64 19 27 5 2 
#14 4 9 4 24 5 24 61 14 39 5 20 29 66 1 
#50 27 42 11 64 10 78 21 25 3 41 11 21 12 34 
#33 9 15 39 13 3 24 6 6 49 30 54 8 4 19 
#32 10 47 39 11 3 9 6 13 21 6 54 28 4 25 
#32 10 9 4 24 3 7 11 25 75 6 10 10 57 61 
#11 9 9 58 24 33 13 65 55 5 41 20 6 57 1 
#64 7 61 17 27 34 24 65 14 31 41 10 29 57 10 
#22 49 6 17 13 28 78 12 5 50 64 49 21 27 21 
24 28 16 21 22 10 
35 50 56 17 5 6 
31 20 8 58 59 34 
15 13 51 45 18 46 
23 41 57 11 53 39 
48 43 19 27 9 42 
#Base: 949
#Max: 491
#517387
#Turn 4
#11 27 9 17 24 34 24 65 14 34 64 20 6 12 33 
#36 16 9 16 16 5 8 65 5 34 41 20 27 57 39 
#32 10 42 16 44 33 9 61 5 21 41 38 20 26 39 
#32 9 9 4 44 33 9 61 14 21 6 20 39 57 61 
#13 9 9 4 24 33 7 6 14 5 21 11 39 57 61 
#32 11 9 11 64 5 7 61 2 50 1 54 20 29 33 
#32 10 9 4 64 5 7 61 14 5 6 20 20 57 33 
#32 16 9 58 24 5 7 11 14 5 41 10 27 5 61 
#14 8 11 58 2 17 78 65 3 25 42 11 27 20 33 
#14 15 11 58 2 17 14 65 3 24 42 11 34 20 21 
#20 9 50 22 44 3 9 7 55 3 6 11 27 4 61 
#33 9 50 9 44 3 78 37 28 24 60 25 8 4 10 
#28 27 11 17 43 34 24 65 28 24 60 10 29 1 10 
#64 49 6 17 13 34 78 65 14 50 64 10 29 57 10 
#6 9 6 17 64 5 78 65 5 50 64 52 15 27 21 
#5 61 61 9 21 17 68 21 28 31 4 2 35 1 10 
#14 16 42 9 64 17 78 14 2 5 4 38 27 5 2 
#14 61 42 58 64 5 78 30 2 5 64 19 27 5 10 
#14 15 61 58 64 5 78 21 2 5 41 19 27 5 10 
#5 15 42 58 64 5 78 21 2 5 64 19 34 5 1 
#13 9 9 58 64 3 24 14 33 5 41 20 29 57 33 
#11 9 20 58 64 33 29 65 33 5 41 20 29 57 19 
#11 28 9 58 24 33 52 18 55 75 21 6 10 57 1 
#21 27 42 11 56 44 52 21 25 3 21 11 21 9 23 
#28 27 61 11 27 10 12 61 28 3 41 11 21 12 10 
#36 15 50 1 13 17 31 28 28 49 30 54 31 1 39 
#50 15 50 58 64 10 13 40 25 39 4 2 34 29 39 
#19 15 42 58 64 10 14 65 2 39 41 10 34 57 31 
#19 7 20 11 27 11 14 65 2 75 60 54 6 14 31 
#64 4 20 1 24 3 78 30 28 1 1 54 6 7 16 
#22 27 6 1 5 10 78 21 14 1 64 54 6 29 10 
#11 10 9 17 64 5 8 61 2 5 41 20 20 57 33 
#36 10 9 4 16 3 31 40 25 75 41 10 27 57 61 
#14 16 42 58 64 5 78 61 14 21 6 38 27 5 33 
#14 8 11 4 2 17 7 65 3 25 41 11 34 20 61 
#22 15 8 59 13 3 78 6 14 24 21 11 8 2 21 
#22 11 6 11 56 10 34 21 55 50 1 11 27 2 10 
#33 10 50 4 64 5 7 37 6 5 6 38 8 4 33 
#28 27 9 9 24 3 7 11 25 75 60 10 29 57 10 
#64 16 61 58 27 5 24 30 14 5 41 10 27 5 33 
#22 8 6 17 13 17 78 12 3 50 42 11 34 27 61 
#14 9 7 9 13 5 14 65 3 35 41 52 15 14 1 
#20 61 50 16 56 17 78 40 55 24 42 2 27 1 61 
#33 61 50 39 21 3 68 21 6 49 4 38 8 4 10 
#28 16 11 9 64 20 78 65 2 5 60 25 29 1 2 
#64 61 61 17 64 5 24 30 2 5 41 10 29 5 10 
#22 49 42 58 64 5 78 21 5 5 64 19 27 5 1 
#5 9 42 9 64 5 13 21 28 39 4 52 15 14 1 
#36 9 50 58 13 3 78 14 14 5 4 2 35 57 10 
#64 61 20 9 64 10 68 14 33 13 4 38 29 57 10 
#14 16 9 58 24 33 78 65 2 5 64 20 27 5 1 
#14 61 61 59 56 44 78 18 51 75 41 6 10 5 23 
#14 15 42 11 64 10 78 21 25 3 41 11 27 12 1 
#5 15 42 4 64 3 12 21 28 31 41 38 34 57 10 
#13 9 50 58 13 3 2 28 14 5 30 20 29 57 33 
#36 9 20 16 56 10 29 14 33 13 4 54 31 9 19 
#11 15 9 58 64 33 13 21 25 39 41 2 6 29 1 
#19 7 8 43 27 44 52 18 51 75 41 10 10 9 31 
#64 4 42 11 24 10 14 65 28 3 60 11 21 14 34 
#22 27 61 1 27 3 78 61 28 31 1 11 32 7 10 
29 52 3 28 48 38 
15 5 11 46 57 39 
58 8 33 17 49 59 
44 27 14 51 42 22 
20 32 50 13 21 26 
2 43 45 19 18 40 
#Base: 949
#Max: 602
#634352
#Turn 5
#14 4 42 1 24 3 78 30 28 1 1 11 27 7 16 
#32 15 9 11 64 10 78 21 25 3 6 20 39 12 1 
#19 7 9 11 27 11 14 61 14 75 6 54 6 57 61 
#36 9 20 11 27 3 78 65 2 5 4 54 6 14 31 
#28 9 50 9 24 3 78 14 25 75 60 10 29 57 10 
#32 11 61 11 21 17 68 21 28 50 1 54 35 29 33 
#32 11 50 9 44 3 7 37 28 50 60 54 8 4 33 
#33 9 42 58 64 3 78 21 5 24 60 25 27 5 1 
#22 49 42 58 27 44 52 21 51 5 64 19 10 9 31 
#19 16 61 58 27 5 24 18 14 5 41 10 10 5 33 
#14 4 42 58 2 10 78 65 28 3 42 11 27 14 33 
#14 16 42 58 64 17 78 65 14 21 6 38 27 5 33 
#14 16 42 58 64 5 78 61 2 21 64 38 27 5 10 
#64 61 42 9 64 5 68 14 33 5 64 19 27 5 10 
#64 27 20 1 64 3 78 61 33 13 4 11 32 7 10 
#28 15 11 9 64 20 14 65 2 39 60 10 29 57 2 
#6 15 6 17 64 5 78 65 5 39 41 52 34 27 21 
#6 61 61 59 56 44 78 65 51 75 64 52 10 27 21 
#14 61 61 16 56 17 78 18 55 24 42 2 10 5 61 
#20 61 50 16 24 17 52 40 55 75 42 6 27 57 61 
#36 9 9 4 16 3 24 40 25 75 41 10 27 57 61 
#36 10 9 4 24 3 31 65 2 75 41 10 27 5 61 
#64 49 9 58 24 34 78 65 14 5 64 10 29 5 1 
#64 49 20 58 64 33 29 65 14 5 64 10 29 57 10 
#11 15 50 58 64 10 29 40 33 39 4 20 29 29 39 
#33 61 42 39 21 33 68 61 5 21 4 38 20 26 39 
#64 61 61 39 64 3 24 30 6 5 41 38 29 4 10 
#5 15 42 17 64 5 24 21 2 5 41 10 29 5 10 
#5 15 61 58 64 5 78 21 2 5 41 19 27 5 1 
#22 15 6 58 13 17 78 12 3 50 41 19 34 27 10 
#5 61 61 9 21 3 68 21 28 1 4 2 6 7 10 
#32 15 9 11 64 5 78 61 25 3 41 54 27 12 1 
#33 9 50 4 44 3 9 61 14 21 60 20 39 57 10 
#22 49 42 11 27 5 14 21 5 5 64 54 27 5 31 
#19 9 8 58 13 44 52 14 51 5 41 10 35 9 10 
#28 27 61 58 27 3 7 30 25 75 41 10 27 5 33 
#5 4 61 9 21 17 68 21 28 3 60 2 21 14 10 
#14 11 11 58 2 5 7 65 3 50 1 11 27 20 33 
#14 9 50 9 44 5 78 61 14 24 6 25 8 5 10 
#14 49 42 58 64 5 78 21 2 5 64 19 27 5 1 
#19 7 8 43 64 10 52 14 33 75 4 10 29 9 31 
#64 16 61 58 27 5 24 61 14 5 41 11 32 7 10 
#64 4 11 9 24 20 78 65 28 3 60 25 29 1 34 
#19 8 11 58 64 10 14 65 2 39 41 11 27 57 33 
#14 16 6 58 64 5 78 65 14 50 64 38 27 27 21 
#14 61 61 59 64 5 78 18 2 5 64 6 27 5 10 
#20 61 50 16 64 10 78 14 33 13 4 38 29 1 61 
#11 28 9 58 24 33 78 61 55 75 1 6 32 57 1 
#28 9 9 58 64 3 24 14 2 5 41 25 29 1 2 
#19 15 42 58 16 10 31 40 25 39 41 10 34 57 61 
#14 16 6 58 24 5 78 65 5 5 64 52 27 5 21 
#14 49 6 17 13 44 78 65 51 75 41 6 10 5 10 
#11 61 20 16 56 33 78 65 33 5 42 20 27 57 61 
#50 15 50 58 24 10 52 40 25 75 21 6 10 57 39 
#32 10 42 16 64 3 24 14 33 5 41 20 20 57 39 
#33 10 50 4 21 3 31 40 6 49 4 38 8 57 61 
#14 61 61 58 64 5 78 65 2 5 64 20 27 5 1 
#5 15 6 17 64 34 78 65 14 50 64 10 29 57 1 
#14 15 20 58 64 5 78 21 33 5 41 19 27 57 19 
#22 8 50 17 13 17 13 12 3 50 42 11 34 27 39 
28 35 50 39 58 2 
5 31 26 44 16 49 
14 25 22 23 47 8 
51 18 56 17 52 45 
43 4 53 19 57 46 
10 42 11 12 13 7 
#Base: 949
#Max: 730
#769231
#Turn 6
#28 15 61 58 27 3 7 30 2 75 41 19 27 5 1 
#14 16 6 58 27 5 78 65 25 75 41 52 27 5 21 
#14 16 6 58 64 5 78 65 2 5 64 19 27 5 21 
#14 49 20 58 64 5 78 21 33 5 41 19 27 5 19 
#14 15 20 58 64 5 14 21 14 5 6 19 6 57 19 
#32 15 9 11 64 17 78 21 28 50 41 54 35 12 1 
#32 15 61 11 64 5 78 30 6 3 41 38 27 4 1 
#14 16 61 58 64 3 24 30 14 5 64 38 27 4 10 
#14 16 6 58 64 5 78 65 14 39 41 38 34 27 21 
#6 15 42 58 64 10 31 65 25 39 41 10 34 57 21 
#33 27 20 39 64 3 68 61 33 21 4 38 32 26 10 
#64 49 42 58 24 33 68 61 14 5 64 10 29 26 1 
#64 49 20 58 64 34 78 65 14 5 64 10 29 5 10 
#64 49 20 58 24 33 29 65 55 5 1 6 32 57 10 
#11 49 42 58 27 33 52 21 55 5 64 19 10 9 31 
#14 61 61 16 56 44 78 65 55 24 42 6 10 5 61 
#14 61 61 58 56 5 78 65 2 24 42 20 27 5 61 
#14 61 61 59 56 44 78 65 2 5 64 20 10 27 21 
#6 61 61 59 56 44 78 65 33 5 42 52 27 57 21 
#14 61 61 59 56 33 78 65 33 5 64 6 27 57 10 
#19 9 11 9 64 10 14 65 25 75 41 10 27 57 33 
#50 9 50 9 24 3 52 40 25 75 60 10 29 57 10 
#50 61 50 16 24 17 52 40 55 75 42 6 27 57 61 
#20 61 6 17 24 34 78 40 55 50 42 6 29 57 1 
#20 61 50 16 64 34 78 14 14 50 64 10 29 57 1 
#64 4 11 9 2 20 78 65 28 3 42 25 27 1 34 
#64 16 11 9 24 17 78 65 14 21 6 25 29 1 34 
#14 16 42 58 64 17 78 61 14 21 6 38 27 5 10 
#64 16 42 9 64 5 68 14 33 21 64 19 27 5 10 
#64 9 42 9 64 3 78 21 33 24 64 25 27 5 1 
#32 15 61 11 64 17 68 21 28 50 1 54 35 5 33 
#28 15 9 11 27 3 7 30 25 75 41 54 27 5 33 
#64 61 6 39 64 3 24 65 5 5 41 38 29 5 21 
#14 16 6 58 64 5 78 21 14 50 64 19 27 27 1 
#14 15 6 17 64 5 78 21 5 39 41 52 34 27 19 
#19 15 42 58 16 10 31 40 14 75 6 10 34 57 61 
#64 27 20 1 21 3 68 21 28 13 1 11 35 29 33 
#32 15 42 11 64 33 78 61 25 21 4 38 20 12 1 
#64 49 61 58 64 34 78 30 14 5 41 10 29 5 10 
#14 49 6 58 64 33 78 65 14 50 64 10 27 27 10 
#6 28 9 58 64 33 78 65 5 39 41 52 32 27 1 
#19 15 42 58 27 44 31 21 25 5 41 19 34 57 31 
#14 27 20 17 13 44 78 65 51 13 41 6 10 7 10 
#33 61 61 39 56 33 68 61 5 21 42 2 10 26 61 
#64 49 61 58 24 5 78 65 2 5 64 20 27 5 1 
#64 61 20 58 64 44 29 65 14 75 64 10 10 27 10 
#11 28 20 58 56 33 78 61 33 75 1 20 32 57 1 
#22 61 42 59 64 44 52 18 51 5 64 19 10 9 31 
#14 8 6 17 64 44 14 65 51 75 41 11 10 5 10 
#28 61 61 9 24 3 78 14 55 75 60 2 10 57 61 
#50 61 50 58 64 10 78 65 2 75 21 6 27 57 1 
#6 61 50 59 56 44 52 40 55 75 42 52 10 27 21 
#5 61 6 16 64 34 78 65 14 50 64 10 27 57 1 
#20 61 61 59 64 10 78 18 33 13 4 38 27 1 61 
#14 4 42 58 2 10 78 65 2 39 41 11 27 14 33 
#64 4 50 9 24 20 78 14 28 75 60 25 29 1 34 
#50 16 50 58 64 10 52 40 25 75 21 38 27 5 33 
#20 61 42 58 64 17 78 40 2 21 42 6 27 5 10 
#5 61 6 9 64 5 78 14 33 5 64 10 29 5 1 
#20 9 42 58 64 10 78 21 5 24 60 25 27 5 61 
32 29 23 44 1 57 
30 9 47 45 56 59 
13 11 15 49 22 40 
39 17 51 18 19 43 
21 38 46 50 16 24 
35 55 53 12 52 8 
#Base: 949
#Max: 667
#702845
#Turn 7
#64 61 6 39 64 3 24 21 33 5 64 25 27 5 1 
#64 9 42 9 64 3 78 40 33 50 42 25 27 5 1 
#64 61 6 58 24 34 78 65 55 5 42 20 29 5 1 
#14 16 61 58 27 5 78 65 25 75 41 52 27 5 21 
#14 16 6 58 27 5 78 65 25 75 42 6 27 5 21 
#32 15 42 58 64 10 68 21 28 50 1 54 35 5 21 
#22 61 42 59 64 44 31 65 51 39 41 10 34 57 21 
#22 61 20 59 64 44 29 18 51 75 64 19 10 27 31 
#64 61 50 58 64 44 29 40 25 75 64 10 10 27 33 
#50 9 42 58 64 10 52 40 5 75 21 25 27 5 61 
#64 49 20 58 24 33 68 65 55 5 64 6 32 57 1 
#64 61 42 16 24 33 78 65 55 24 42 10 29 5 1 
#14 61 61 9 56 44 78 14 55 24 60 6 10 5 61 
#28 61 61 9 24 3 78 40 55 75 42 6 10 57 61 
#6 61 9 16 24 17 78 65 55 39 42 52 27 27 1 
#14 61 61 59 56 33 78 65 2 50 64 10 10 27 21 
#6 61 61 59 56 44 78 40 55 75 42 52 10 27 21 
#6 61 61 59 56 44 52 40 55 75 42 52 10 57 21 
#14 61 61 59 56 33 78 65 33 5 42 6 27 57 10 
#33 61 61 59 56 33 68 65 5 5 42 2 27 26 10 
#50 9 61 58 24 3 52 40 14 5 60 10 29 57 10 
#11 28 20 58 56 34 78 61 14 75 1 20 29 5 10 
#50 28 50 58 64 33 78 65 2 75 21 20 32 57 1 
#14 61 61 58 64 10 78 65 2 24 42 20 27 5 1 
#14 61 50 58 64 5 78 65 2 50 64 20 27 57 61 
#64 4 50 58 24 20 78 40 28 75 60 10 34 57 61 
#20 61 50 59 64 10 78 14 33 75 60 38 27 1 34 
#20 49 20 58 64 10 78 65 33 5 64 10 27 5 10 
#64 49 6 58 64 34 78 65 14 50 64 10 27 57 1 
#14 61 6 58 64 5 78 65 14 50 64 38 34 27 1 
#64 61 6 11 64 3 24 65 28 5 1 38 29 5 33 
#6 9 42 58 64 10 78 21 33 39 64 10 34 5 1 
#22 61 42 17 64 44 78 40 55 5 42 6 29 57 31 
#64 49 20 58 24 44 29 65 2 75 64 20 10 5 1 
#50 16 50 58 27 5 52 40 25 75 21 52 27 5 33 
#20 9 42 58 64 17 78 21 2 24 42 25 27 5 10 
#64 15 61 58 64 17 68 65 28 50 1 54 35 57 10 
#64 15 42 58 64 10 68 61 14 5 64 10 34 57 21 
#22 61 42 16 56 44 78 18 51 24 64 6 10 9 61 
#64 61 20 58 64 44 78 65 55 75 64 10 10 27 10 
#50 16 50 58 64 10 52 40 55 75 21 6 27 57 61 
#6 28 42 58 64 10 78 65 5 24 60 25 32 27 61 
#64 49 6 58 24 33 78 65 55 50 64 10 32 57 10 
#14 49 42 58 56 44 78 61 14 5 64 10 29 27 1 
#14 61 50 16 56 44 78 40 55 75 42 52 10 5 21 
#28 61 61 59 56 3 78 14 33 75 60 2 10 57 61 
#14 61 50 16 56 33 78 65 33 5 42 6 27 57 61 
#6 61 9 58 64 33 68 61 5 21 41 52 10 27 1 
#50 9 6 9 64 33 78 65 25 75 64 10 27 27 10 
#14 61 61 59 64 34 78 30 2 5 64 20 10 5 10 
#6 61 20 58 56 33 78 61 55 75 42 20 32 57 21 
#50 61 50 59 56 44 78 65 33 5 21 52 27 57 1 
#14 61 61 58 56 33 78 65 2 5 42 6 27 5 61 
#33 61 61 16 64 33 68 61 14 21 64 10 29 57 1 
#19 15 50 58 16 3 52 40 25 75 6 10 29 57 61 
#64 4 61 58 64 34 78 30 14 75 60 10 29 1 10 
#20 28 61 59 56 10 78 61 33 75 1 38 27 57 1 
#64 61 20 58 64 34 78 65 2 5 64 10 29 57 1 
#5 61 6 16 56 34 78 65 2 24 42 10 27 5 1 
#14 61 6 58 64 34 78 14 14 50 41 38 29 57 1 
59 12 53 13 46 52 
3 29 18 25 15 32 
7 56 51 50 45 10 
40 42 24 39 16 28 
41 44 22 17 36 26 
38 55 57 8 6 37 
#Base: 949
#Max: 705
#742887
#Turn 8
#14 61 6 58 64 44 78 14 55 50 41 6 29 5 61 
#14 61 61 16 56 44 78 14 55 24 64 6 29 5 61 
#28 61 61 9 64 33 68 61 55 75 42 10 29 57 61 
#14 61 61 9 56 33 78 65 33 5 42 6 10 57 61 
#14 61 61 58 56 33 78 65 2 5 42 6 27 57 61 
#14 61 6 58 64 5 78 65 25 50 64 52 34 5 1 
#14 61 6 58 56 33 78 65 14 50 42 6 27 57 1 
#14 61 61 59 56 33 78 65 33 5 60 6 27 57 61 
#64 61 61 58 56 33 78 65 2 50 64 10 34 57 61 
#14 61 61 59 64 33 78 40 2 5 42 10 29 57 21 
#22 28 20 59 56 44 29 18 51 75 64 38 10 27 1 
#20 61 50 59 56 44 78 61 33 75 1 52 27 57 1 
#50 61 20 58 56 33 78 65 33 75 42 52 27 57 21 
#6 61 20 59 56 3 78 14 33 75 60 20 32 57 61 
#28 49 61 58 24 3 78 65 55 75 64 2 32 57 1 
#50 49 6 58 64 10 52 40 55 75 21 6 27 57 10 
#64 61 6 58 64 33 78 65 2 50 64 10 32 57 61 
#64 61 50 58 64 44 78 65 55 75 64 20 27 57 10 
#6 61 20 58 64 44 78 40 55 75 64 52 10 27 10 
#64 61 61 58 64 44 78 40 55 50 42 52 10 57 1 
#14 61 50 16 56 44 78 40 55 24 42 52 32 27 21 
#14 61 50 58 64 33 78 40 55 75 42 20 10 57 1 
#6 61 61 58 64 44 52 65 2 75 21 20 10 57 21 
#6 15 61 59 56 17 68 65 28 75 42 54 10 57 21 
#64 15 50 59 64 10 78 65 33 75 60 38 35 1 10 
#64 61 61 16 56 34 78 18 51 24 60 6 10 1 61 
#64 61 61 58 64 34 78 65 14 5 64 10 29 57 10 
#64 61 20 58 64 44 78 65 25 75 64 10 10 27 1 
#22 61 42 59 64 44 31 40 51 39 64 10 10 57 33 
#22 15 42 58 64 44 68 65 51 5 64 10 34 57 21 
#14 16 61 58 64 5 78 14 14 50 41 38 27 5 1 
#14 61 61 58 56 44 78 14 55 50 60 6 34 5 61 
#14 61 61 59 64 33 78 65 33 5 64 10 29 57 10 
#28 4 50 9 24 3 78 40 28 75 42 6 10 57 61 
#14 61 61 16 56 33 78 65 33 50 42 6 10 57 21 
#14 61 42 17 64 33 78 65 55 5 42 6 27 5 61 
#22 61 20 58 64 5 29 18 51 75 41 52 27 5 31 
#20 61 6 58 56 10 78 65 33 50 64 38 34 57 1 
#14 61 61 59 56 33 78 65 33 5 21 6 27 57 10 
#64 4 50 58 56 20 78 61 28 75 42 20 34 57 61 
#14 61 61 59 56 33 78 14 33 50 64 2 10 57 61 
#64 61 42 17 64 44 78 65 55 5 42 6 32 57 1 
#22 16 20 59 64 10 52 18 51 75 21 6 27 27 31 
#20 49 6 58 56 10 78 61 55 75 64 38 27 57 10 
#50 61 50 59 64 5 78 65 33 5 64 20 27 57 61 
#6 61 20 58 64 44 78 65 55 75 64 20 10 57 21 
#6 61 61 59 56 44 78 14 55 75 60 52 10 27 21 
#64 49 6 58 24 34 78 65 14 5 64 6 32 57 1 
#6 28 50 58 64 10 78 65 5 75 21 25 27 27 61 
#64 61 6 58 24 44 78 40 55 75 42 10 10 5 21 
#14 61 50 58 64 5 78 65 2 75 21 20 27 57 61 
#64 61 20 58 56 44 52 40 55 75 64 52 10 27 21 
#6 61 61 59 56 17 78 65 55 50 42 52 10 57 21 
#20 49 6 58 64 34 78 65 14 50 64 10 27 57 34 
#6 28 42 16 56 10 78 65 51 24 64 25 32 9 61 
#64 61 50 58 56 34 78 40 14 75 60 10 10 5 10 
#50 28 20 58 64 34 78 65 2 75 21 10 32 57 1 
#6 61 50 58 56 44 29 40 55 75 64 52 10 57 33 
#22 61 61 59 64 44 68 65 51 50 1 54 35 57 10 
#64 61 42 58 64 10 68 14 14 75 64 10 34 57 21 
55 28 40 43 24 37 
53 23 50 16 18 32 
13 21 58 2 39 31 
46 44 12 17 19 52 
41 27 57 8 51 11 
4 59 26 45 7 14 
#Base: 949
#Max: 792
#834563
#Turn 9
#64 61 42 58 64 44 78 40 51 75 64 10 10 5 10 
#22 61 61 59 64 33 31 40 51 39 64 2 10 57 33 
#14 61 61 58 56 10 78 14 55 50 64 38 27 57 10 
#64 49 50 58 56 10 78 65 33 75 64 38 35 1 10 
#64 61 50 58 56 10 78 65 33 75 64 38 34 1 1 
#6 49 61 59 56 34 68 65 28 50 42 54 10 57 34 
#6 15 50 58 64 5 68 65 2 75 42 20 10 57 61 
#14 61 50 58 64 5 78 65 2 50 21 20 27 57 61 
#64 61 6 58 64 33 78 65 55 50 64 10 10 27 61 
#6 61 61 59 64 33 78 40 33 5 64 52 29 57 10 
#6 61 20 59 56 3 78 14 55 75 60 20 32 57 61 
#22 61 61 58 64 33 78 65 51 75 1 20 35 57 1 
#28 61 61 59 64 33 68 61 51 50 1 54 35 57 61 
#28 4 50 9 64 33 78 61 28 75 42 10 34 57 61 
#14 4 50 58 56 20 78 14 28 50 60 20 34 5 61 
#50 61 61 59 64 44 78 14 55 75 60 20 27 57 21 
#50 61 20 58 56 33 78 65 33 75 42 52 27 57 21 
#50 61 50 58 64 33 78 65 55 75 42 52 27 57 21 
#64 61 50 58 64 44 78 65 55 50 64 20 10 57 1 
#64 61 61 58 56 17 78 65 55 50 42 52 10 57 1 
#64 61 20 58 64 44 78 65 25 5 42 10 32 27 1 
#6 61 50 58 64 44 78 65 25 75 64 10 10 57 1 
#64 61 61 58 56 33 29 65 55 50 64 52 10 57 61 
#64 61 20 58 56 33 52 65 55 75 64 52 10 27 61 
#20 61 20 58 56 44 52 61 33 75 1 52 10 27 1 
#14 61 42 58 64 33 68 65 2 75 42 10 34 57 21 
#64 61 42 58 64 34 68 14 14 5 64 10 29 57 10 
#6 61 20 58 64 34 78 65 14 75 64 10 29 57 10 
#14 61 61 59 64 44 78 65 55 5 64 20 27 57 21 
#14 61 61 58 24 3 78 65 55 5 60 2 27 57 61 
#20 61 50 58 64 34 78 40 14 75 64 10 10 57 34 
#6 15 61 59 56 44 68 40 51 39 42 54 10 57 21 
#14 61 61 59 64 5 78 65 33 75 64 2 27 57 61 
#20 49 6 58 56 33 78 65 55 75 64 38 32 57 10 
#64 61 20 58 64 44 78 40 55 75 60 38 35 27 10 
#14 61 61 58 64 33 78 65 33 5 64 38 29 57 10 
#6 49 20 59 56 34 78 65 33 50 64 20 27 57 34 
#14 61 50 59 56 17 68 40 55 75 42 54 10 57 1 
#14 61 50 58 64 5 68 65 51 75 21 20 27 57 61 
#64 61 6 58 64 33 68 61 2 50 64 10 32 57 61 
#64 61 50 58 56 20 78 61 28 75 42 52 10 57 10 
#14 61 61 58 64 33 78 65 33 5 64 6 34 5 10 
#6 61 61 59 56 3 78 14 55 75 60 20 32 27 21 
#50 61 50 58 64 33 78 65 55 75 42 20 10 57 1 
#22 61 61 59 56 33 68 65 51 50 1 54 35 57 10 
#64 61 50 58 64 44 68 65 55 75 64 10 27 57 10 
#64 4 50 58 56 44 78 61 28 50 42 52 34 57 1 
#6 61 61 58 56 17 78 14 55 50 60 52 10 5 21 
#64 61 61 17 56 44 78 65 55 5 60 6 32 27 1 
#50 61 20 58 64 5 78 65 25 5 64 10 27 27 1 
#50 61 20 58 56 33 29 65 33 75 64 52 10 57 33 
#64 61 61 58 56 33 78 65 55 50 64 20 27 57 61 
#64 61 61 58 64 44 78 40 55 50 64 52 10 57 21 
#20 61 61 59 56 44 78 61 33 50 1 52 27 57 1 
#64 61 42 58 56 44 78 65 55 5 42 6 32 57 61 
#64 61 20 58 64 10 78 65 14 75 64 10 34 27 1 
#64 61 61 58 64 34 29 40 14 5 64 10 10 57 10 
#64 61 61 58 64 33 78 65 55 50 64 10 34 57 61 
#64 61 61 59 56 44 78 40 55 75 64 6 10 57 61 
#28 49 61 59 24 3 78 65 33 75 1 52 27 57 1 
2 36 5 50 39 35 
0 11 33 45 8 46 
4 38 23 52 22 28 
54 15 58 57 17 18 
30 43 34 51 12 19 
37 44 32 16 40 3 
#Base: 949
#Max: 815
#858799
#14 61 61 58 56 10 78 65 33 50 64 20 27 57 10 
#6 49 61 59 56 34 68 65 28 50 42 20 27 57 34 
#50 49 61 59 56 34 68 65 33 50 64 54 10 57 33 
#50 61 6 58 64 33 29 61 33 75 64 52 10 57 33 
#64 61 61 58 64 33 68 61 33 50 64 10 32 57 10 
#64 61 42 58 64 44 78 65 51 75 64 20 10 5 10 
#22 49 6 58 64 33 78 65 51 75 1 20 32 57 10 
#64 61 6 58 64 33 68 65 55 75 64 38 32 57 10 
#64 61 6 58 64 44 78 65 55 75 64 10 27 57 61 
#64 61 50 58 64 44 78 65 28 50 64 52 34 57 1 
#64 61 50 58 56 10 68 65 51 75 64 20 34 57 1 
#14 61 20 58 64 33 52 65 55 75 21 20 10 57 61 
#64 61 61 58 64 44 52 40 55 50 64 52 10 27 21 
#64 61 61 58 56 33 29 40 55 50 64 52 10 57 21 
#14 61 61 58 56 44 78 65 55 50 64 52 10 57 21 
#50 61 61 59 64 44 78 65 55 75 60 20 32 57 61 
#50 61 61 59 56 44 78 14 55 75 60 20 27 57 61 
#64 61 61 58 64 44 78 65 55 50 64 6 34 57 61 
#50 61 61 58 64 33 78 65 55 50 64 10 34 57 21 
#64 61 50 58 64 44 78 65 55 50 64 52 27 57 21 
#50 61 50 58 64 34 78 40 14 75 64 20 10 57 1 
#50 61 50 58 64 44 78 65 55 75 60 38 35 27 10 
#64 61 61 58 56 44 78 65 55 50 60 20 27 57 10 
#64 61 61 59 56 33 78 65 55 50 1 54 27 57 61 
#64 61 61 59 64 17 78 61 51 50 1 52 10 57 61 
#14 61 50 59 56 17 68 40 55 50 1 54 10 57 1 
#22 61 61 59 56 5 68 65 51 75 64 2 35 57 61 
#14 61 61 59 64 5 78 65 33 75 42 52 27 57 61 
#50 61 20 58 56 33 78 61 28 75 42 52 27 57 10 
#64 49 50 58 56 20 78 61 33 75 64 52 35 57 10 
#64 61 42 58 56 44 78 40 51 75 64 38 10 57 10 
#22 61 61 59 56 33 78 65 33 75 64 20 35 57 34 
#6 49 6 58 56 33 68 65 28 75 64 38 32 57 34 
#64 61 20 58 56 33 29 65 33 75 64 10 10 57 33 
#64 61 6 58 64 33 68 65 2 50 64 10 10 27 61 
#14 4 50 58 64 44 78 61 33 5 64 52 29 57 10 
#64 61 50 58 64 44 78 65 51 75 64 10 10 1 1 
#14 61 50 58 64 5 68 65 51 75 21 20 35 57 1 
#64 61 6 58 56 33 52 65 55 75 64 52 10 57 61 
#64 61 61 58 64 44 68 65 55 75 64 52 27 57 21 
#64 61 6 58 64 33 29 65 55 50 64 52 10 57 61 
#64 61 50 58 56 44 78 61 28 50 64 20 27 57 1 
#64 61 50 58 56 10 78 65 55 5 42 6 34 57 1 
#14 61 50 58 64 5 68 65 55 75 60 20 27 57 61 
#64 61 20 58 56 44 52 40 55 75 64 6 10 57 61 
#64 61 61 58 64 33 78 65 55 50 64 52 10 57 61 
#50 61 61 58 56 33 78 65 55 75 64 52 27 57 21 
#64 61 61 59 64 44 78 65 55 50 64 20 10 57 21 
#64 61 42 58 64 44 78 65 55 75 64 10 32 57 61 
#50 61 61 59 64 44 78 65 55 75 42 20 27 57 1 
#64 61 20 58 56 44 78 40 55 75 64 38 10 27 61 
#64 61 61 58 64 33 78 65 55 50 64 20 34 57 61 
#28 61 50 58 64 33 78 61 55 50 42 54 27 57 61 
#64 61 50 58 56 44 78 65 55 50 64 20 10 57 1 
#14 61 50 58 56 34 78 40 55 75 64 10 10 57 34 
#50 61 61 58 64 33 68 65 55 75 42 54 35 57 10 
#14 61 61 58 64 44 78 40 55 75 60 2 27 27 61 
#64 61 61 58 56 33 78 65 33 75 64 52 27 57 21 
#64 61 50 59 56 20 68 61 28 75 1 52 35 57 61 
#64 49 61 58 56 10 78 65 33 75 42 38 35 1 1 
#Base: 949
#Max: 842
#887250
