#[0] 3, 3
#[1] 4, 3
#[2] 3, 4
#[3] 3, 2
#[4] 2, 3
#[5] 2, 4
#[6] 1, 3
#[7] 2, 2
#[8] 3, 1
#[9] 4, 4
#[10] 5, 3
#[11] 3, 5
#[12] 4, 2
#[13] 3, 0
#[14] 5, 4
#[15] 4, 5
#[16] 5, 2
#[17] 4, 1
#[18] 0, 3
#[19] 1, 4
#[20] 2, 1
#[21] 1, 2
#[22] 2, 5
#[23] 0, 4
#[24] 5, 1
#[25] 0, 2
#[26] 5, 5
#[27] 1, 5
#[28] 2, 0
#[29] 1, 1
#[30] 4, 0
#[31] 0, 5
#[32] 1, 0
#[33] 0, 1
#[34] 5, 0
#[35] 0, 0
#Turn 0
34 20 55 39 27 10 
56 25 49 40 0 24 
5 41 46 15 31 57 
19 54 6 32 13 48 
9 28 26 51 8 47 
52 38 2 45 11 22 
#Base: 895
#Max: 357
#398883
#Turn 1
#6 34 21 39 15 26 4 28 53 19 40 7 2 6 10 
#3 32 35 43 19 17 10 28 53 9 5 8 9 34 33 
#3 32 35 43 19 20 10 13 20 9 57 6 9 29 4 
#46 37 6 30 56 20 17 27 20 23 5 3 23 32 33 
#10 19 23 30 56 6 17 25 1 40 34 3 21 32 18 
#34 8 23 1 8 39 6 13 31 15 18 52 24 13 10 
#3 21 15 37 27 39 15 15 31 8 18 57 22 32 2 
#30 19 15 48 27 4 15 19 5 61 6 10 22 26 29 
#25 18 8 39 6 4 26 35 13 61 6 19 28 38 55 
#10 18 9 27 12 4 26 35 50 39 12 1 1 38 7 
#26 52 33 26 3 10 11 13 15 45 26 11 22 29 5 
#26 3 3 53 3 23 11 43 7 35 62 7 22 1 27 
#18 3 7 32 4 23 5 43 61 31 13 7 7 1 9 
#3 3 7 1 9 14 7 3 61 51 3 28 9 8 9 
#46 24 23 10 9 5 30 3 32 12 3 34 9 38 31 
#23 53 4 6 32 11 34 6 11 33 6 22 1 31 9 
#60 8 10 0 2 16 8 4 44 33 6 65 22 31 24 
#12 7 10 9 67 6 8 7 1 2 39 65 8 11 6 
#59 3 5 9 67 6 8 7 34 2 12 3 8 11 6 
#59 10 33 18 26 3 11 13 14 12 9 25 10 11 56 
#15 21 25 22 57 15 30 28 27 9 12 43 36 13 19 
#19 21 1 22 57 4 37 28 27 18 7 19 24 13 18 
#57 17 50 25 5 4 19 34 26 5 1 9 24 5 4 
#2 12 5 25 41 7 8 1 13 5 12 9 61 20 27 
#27 6 39 22 11 19 51 1 45 15 3 3 28 0 49 
#12 33 11 7 11 13 24 24 26 38 20 47 17 26 38 
#12 23 0 15 0 60 9 36 6 38 12 16 17 26 28 
#35 59 65 21 0 8 9 25 6 12 18 16 22 45 28 
#35 6 28 2 19 9 22 25 20 7 5 23 22 3 61 
#8 18 28 35 19 9 52 30 16 11 13 28 22 4 19 
#34 8 27 39 38 13 5 6 4 10 40 7 27 13 10 
#3 21 23 37 8 39 26 28 31 15 5 52 24 32 33 
#2 6 15 43 19 17 15 19 15 9 10 8 22 26 4 
#46 40 5 39 6 4 10 6 5 29 6 10 28 44 33 
#10 18 23 27 56 4 17 27 13 23 5 3 23 38 55 
#11 19 9 27 8 26 37 25 50 39 29 7 21 37 7 
#17 8 27 26 18 13 5 13 15 45 26 39 43 13 7 
#26 25 33 53 3 39 11 13 6 35 8 50 24 9 5 
#32 6 15 24 27 26 15 19 7 8 10 7 22 1 27 
#30 28 7 39 6 4 10 6 5 51 6 28 7 8 21 
#25 3 64 27 9 30 26 3 17 0 12 19 32 38 55 
#46 24 23 10 12 5 49 37 32 39 0 1 9 24 3 
#17 52 14 26 18 10 20 29 15 15 18 11 6 29 7 
#60 8 4 53 3 11 34 6 6 33 6 50 22 9 5 
#12 7 3 24 35 23 8 43 7 31 62 7 34 1 27 
#24 28 7 32 67 6 7 8 1 2 13 28 8 26 6 
#59 3 64 18 9 3 8 13 34 12 12 34 10 11 31 
#5 10 33 10 26 62 49 3 32 12 0 47 30 7 3 
#15 48 25 6 3 5 30 11 11 15 18 51 36 41 19 
#60 21 1 0 2 11 34 28 44 31 6 22 8 13 9 
#19 7 50 35 35 16 19 4 1 18 7 65 34 6 24 
#57 51 5 9 67 7 8 7 13 5 1 3 8 5 27 
#59 29 17 6 9 3 8 1 0 12 12 28 61 11 12 
#27 6 24 39 26 62 11 21 14 17 3 3 28 0 49 
#5 33 11 3 3 13 30 11 26 9 38 47 36 41 38 
#32 21 1 22 57 60 33 24 31 38 12 1 17 13 18 
#19 59 50 35 5 4 19 36 6 18 18 16 22 45 28 
#35 12 65 25 14 7 8 25 20 7 1 9 59 3 27 
#2 29 39 2 41 19 10 30 0 1 12 29 61 4 12 
#7 6 35 35 11 1 51 22 45 11 13 3 38 37 49 
4 41 31 34 7 6 
49 54 52 17 44 58 
48 37 56 40 55 24 
59 46 51 27 8 43 
1 3 11 16 47 18 
22 19 53 57 50 20 
#Base: 895
#Max: 381
#425698
#Turn 2
#46 19 23 10 56 6 17 37 1 40 0 3 21 24 3 
#46 21 23 10 12 39 26 37 32 39 0 52 24 32 33 
#10 18 23 27 56 39 26 28 31 15 5 52 23 38 55 
#10 19 23 48 27 4 15 27 13 61 6 10 22 38 55 
#3 19 15 37 27 39 15 15 31 8 6 10 22 26 2 
#60 33 1 0 2 11 34 11 44 31 6 22 8 41 38 
#59 33 17 3 9 13 30 1 0 9 38 47 61 41 38 
#59 29 10 9 9 6 8 7 1 2 39 28 8 11 6 
#12 7 3 24 35 23 8 7 7 31 39 7 34 1 6 
#12 29 39 2 35 19 8 43 7 1 12 7 61 1 27 
#15 48 25 6 3 39 30 13 6 15 18 51 36 9 19 
#19 59 33 53 5 39 11 36 6 35 8 50 24 9 28 
#19 3 50 35 9 4 19 3 6 18 18 19 32 38 55 
#25 21 1 22 9 30 33 24 31 38 12 19 17 13 18 
#32 6 1 22 57 19 33 1 45 38 12 1 28 0 18 
#7 6 35 35 11 3 8 13 45 12 13 3 38 37 31 
#59 51 64 9 67 3 8 7 34 12 12 34 10 5 27 
#57 59 5 9 0 7 9 25 13 5 18 3 8 45 28 
#25 59 65 39 6 8 9 25 6 61 18 19 22 45 28 
#25 8 8 39 6 11 26 35 6 61 6 19 22 38 55 
#46 37 6 30 56 17 10 27 53 9 5 3 9 32 33 
#46 37 6 53 56 20 11 27 20 23 62 3 23 32 27 
#60 8 3 53 2 23 8 43 44 33 6 65 22 31 24 
#60 10 10 10 26 16 8 3 32 12 0 47 22 31 3 
#59 3 33 9 26 62 8 7 32 12 0 47 30 11 6 
#59 10 33 18 26 3 19 34 14 5 1 25 24 11 56 
#27 6 24 18 26 62 11 13 14 12 9 25 28 0 56 
#27 6 24 39 26 62 8 25 14 7 1 9 59 3 49 
#19 7 50 35 14 7 8 25 1 18 1 9 59 6 24 
#19 21 25 35 57 16 19 4 27 18 7 43 36 13 19 
#10 21 1 0 56 6 34 25 1 31 34 3 8 32 9 
#5 33 11 3 12 5 49 37 32 9 0 1 36 24 38 
#3 29 17 6 9 39 8 1 0 15 5 52 24 11 12 
#10 18 23 9 56 6 8 27 1 2 39 3 23 11 6 
#12 19 15 24 27 23 8 19 5 31 62 7 34 1 27 
#3 21 15 2 27 19 10 15 0 1 18 57 22 4 2 
#15 48 25 0 3 11 30 11 44 15 18 51 8 41 19 
#5 25 33 3 3 39 11 11 26 9 38 50 24 9 5 
#59 59 17 35 5 3 8 36 0 12 12 16 22 11 28 
#25 7 10 9 9 30 8 3 1 2 12 65 32 38 6 
#32 21 3 22 57 60 33 43 31 31 62 1 34 13 27 
#2 29 39 2 11 19 51 1 45 1 12 29 28 4 12 
#15 48 35 35 11 5 51 11 11 15 13 51 38 41 49 
#26 3 33 53 9 39 8 13 6 35 8 34 10 9 31 
#19 59 50 35 67 7 8 36 13 5 18 3 22 45 27 
#25 3 65 27 0 30 26 3 6 0 12 19 32 45 28 
#25 21 1 39 6 60 26 35 13 38 12 19 28 38 18 
#27 8 4 22 11 11 34 6 6 15 3 3 28 9 5 
#3 32 35 35 19 1 10 22 45 11 5 8 38 37 33 
#59 3 64 30 56 3 17 13 20 12 12 3 23 32 33 
#57 3 5 9 3 23 11 43 13 35 1 3 22 1 27 
#60 59 10 0 2 16 8 25 6 12 18 16 22 31 24 
#25 10 8 10 26 4 49 3 32 12 6 19 28 38 3 
#59 8 5 9 67 11 34 7 34 33 6 3 22 11 6 
#3 32 35 25 19 17 19 28 53 9 1 8 9 5 33 
#59 10 6 30 56 3 11 27 20 23 5 25 10 11 33 
#27 6 24 53 26 23 11 43 14 17 3 3 28 1 27 
#35 8 10 0 14 7 8 25 44 7 6 65 22 3 27 
#5 10 33 35 35 62 49 3 1 18 0 47 30 6 3 
#15 3 5 22 57 15 30 28 34 9 12 43 8 13 19 
57 0 26 53 45 14 
29 12 38 6 5 51 
36 46 2 44 21 25 
3 42 22 16 18 27 
9 19 24 40 49 58 
10 17 20 11 1 55 
#Base: 895
#Max: 470
#525140
#Turn 3
#46 8 10 0 56 6 8 37 1 40 6 3 22 24 3 
#46 19 23 10 26 6 17 13 14 12 9 3 28 0 3 
#27 6 5 18 67 62 11 7 14 12 9 25 22 11 56 
#25 8 5 9 0 30 34 7 6 0 6 19 22 11 28 
#32 6 65 22 0 30 26 1 6 38 12 1 28 45 28 
#19 21 25 35 9 4 19 3 27 18 7 43 36 38 55 
#59 59 50 35 9 4 8 36 0 18 12 16 32 11 28 
#59 33 17 35 5 3 30 1 0 9 12 16 22 11 28 
#59 33 1 0 9 11 34 1 0 31 6 47 61 41 38 
#60 33 10 0 2 16 34 11 44 31 18 16 8 31 24 
#25 21 25 0 6 60 26 11 44 15 12 19 8 41 18 
#10 18 1 39 56 39 26 28 13 15 5 52 23 38 18 
#10 18 23 35 56 39 8 36 31 5 18 3 23 45 27 
#19 59 50 35 67 7 8 27 13 5 18 3 23 32 27 
#46 10 6 18 56 20 11 27 20 5 1 3 24 11 27 
#15 48 23 48 11 5 51 11 11 61 6 10 22 38 49 
#15 8 3 35 11 5 8 11 44 33 6 65 38 41 24 
#60 51 3 53 67 3 8 43 34 12 12 65 22 5 27 
#59 59 64 9 6 3 9 25 34 61 12 34 10 45 28 
#25 6 24 39 6 8 9 25 14 7 1 9 59 3 28 
#12 29 39 2 6 11 8 35 7 1 6 19 22 1 27 
#59 8 8 39 6 11 26 35 6 12 0 19 30 11 55 
#59 3 3 22 26 60 8 7 31 12 0 1 34 13 6 
#32 21 64 22 56 3 33 43 20 31 12 1 23 32 27 
#5 10 33 30 56 3 17 3 20 18 0 3 30 6 33 
#15 59 5 9 3 7 9 13 6 5 18 3 36 9 28 
#57 37 5 30 56 7 9 25 53 9 18 3 9 45 33 
#19 37 6 53 5 39 10 27 6 9 5 50 9 9 33 
#19 59 23 53 5 39 26 36 32 39 0 50 24 9 33 
#59 21 23 30 12 3 11 37 20 39 5 25 10 11 33 
#19 8 10 35 57 16 19 4 44 7 7 65 36 3 27 
#19 3 23 35 56 4 19 37 6 40 0 19 21 38 3 
#59 59 24 18 26 3 11 36 14 12 9 16 22 0 56 
#59 33 17 9 9 11 34 1 0 9 6 47 22 11 6 
#60 3 65 27 2 30 26 11 6 0 6 19 8 45 28 
#32 6 10 0 57 19 33 1 45 12 18 1 22 0 24 
#19 21 25 35 57 11 30 11 27 18 7 43 8 13 19 
#19 21 50 39 6 60 19 35 6 18 18 19 28 38 55 
#59 18 23 35 5 3 8 36 31 12 12 16 23 38 55 
#19 33 50 35 9 13 8 36 0 5 18 3 61 41 38 
#60 37 6 0 56 11 34 27 44 23 6 3 23 32 38 
#59 59 10 18 26 16 19 34 6 12 18 25 24 31 56 
#10 19 23 48 27 4 30 27 13 61 18 10 22 38 19 
#15 48 35 39 6 5 26 35 11 38 12 19 38 41 18 
#60 18 3 27 2 39 8 43 31 15 5 65 22 38 24 
#19 59 50 9 67 7 8 7 13 12 18 34 22 45 27 
#25 59 6 39 6 8 11 25 20 61 62 3 23 45 28 
#27 10 24 18 26 3 19 34 14 7 1 9 59 11 49 
#12 19 39 2 27 4 8 27 7 1 12 7 22 38 27 
#15 48 8 35 11 5 51 35 11 15 13 19 22 41 49 
#59 8 33 53 2 62 8 7 44 12 0 47 22 11 24 
#32 21 3 9 67 60 33 43 34 12 12 34 34 13 27 
#25 59 64 30 56 3 17 13 6 12 12 19 22 32 28 
#27 10 33 39 35 62 49 3 1 18 0 9 30 3 49 
#15 29 25 6 3 19 8 43 6 15 12 51 36 1 27 
#25 8 5 39 0 11 26 25 13 5 6 3 22 45 28 
#59 3 33 9 56 17 8 7 32 12 0 3 9 11 33 
#19 21 3 53 57 39 11 36 31 35 62 50 24 9 28 
#59 3 64 10 12 39 26 13 32 12 0 3 24 32 33 
#5 10 33 35 56 3 11 3 20 18 5 25 30 11 3 
5 42 34 2 30 12 
43 16 32 50 6 11 
49 53 15 51 28 58 
13 45 46 17 57 44 
4 40 26 18 8 23 
21 39 41 37 52 38 
#Base: 895
#Max: 478
#534078
#Turn 4
#19 19 25 48 9 4 30 27 13 61 7 10 36 38 19 
#60 3 23 48 27 30 30 11 6 61 6 19 8 38 19 
#60 6 65 18 67 62 26 7 14 0 6 19 22 11 28 
#19 8 5 18 57 62 11 4 14 12 7 65 36 3 56 
#10 18 23 35 56 39 19 4 44 7 18 3 23 45 27 
#15 48 35 39 11 5 8 11 11 33 12 19 38 41 24 
#15 59 3 18 26 5 8 36 14 33 6 16 22 0 56 
#59 59 33 53 2 3 11 36 14 12 9 16 22 0 56 
#59 59 50 35 2 4 8 36 44 18 12 47 32 11 24 
#59 18 1 35 9 4 26 36 0 18 5 16 32 11 18 
#27 10 8 35 35 62 49 3 11 15 0 9 30 41 49 
#15 48 33 39 11 5 49 3 1 61 0 9 22 38 49 
#15 21 3 9 67 60 51 11 34 61 12 34 22 38 27 
#32 59 3 53 67 39 26 36 32 12 12 34 24 13 33 
#19 59 64 53 5 39 26 13 32 12 0 3 24 32 33 
#19 59 50 35 67 7 8 27 13 12 18 3 23 32 27 
#25 59 6 39 6 7 8 7 13 61 18 3 23 45 28 
#60 51 6 39 67 3 8 25 20 12 12 65 23 45 28 
#60 51 3 53 67 3 8 43 31 12 12 50 22 5 28 
#60 21 3 27 2 39 8 43 31 35 62 50 22 9 28 
#32 37 6 22 0 30 26 27 44 23 6 3 28 32 38 
#57 37 6 0 56 7 34 27 44 9 18 3 9 45 33 
#59 59 64 9 6 7 9 25 34 9 18 3 10 45 28 
#59 33 64 9 9 11 9 25 34 61 12 34 61 41 28 
#59 21 1 22 9 3 33 43 0 31 12 47 61 41 38 
#59 33 50 35 9 11 26 35 0 5 18 3 30 41 38 
#59 59 10 18 9 13 19 36 0 12 18 3 61 41 56 
#59 21 50 39 6 16 19 34 6 18 18 25 28 31 55 
#19 21 50 39 6 3 17 13 6 18 18 19 28 38 55 
#25 18 23 35 5 3 17 13 6 12 12 16 22 38 55 
#15 21 35 35 9 4 26 3 27 38 12 19 36 38 55 
#15 8 23 35 27 5 30 27 44 33 18 65 38 38 19 
#59 3 65 27 2 3 26 11 14 12 9 19 22 0 56 
#59 8 33 18 2 62 8 7 14 12 0 25 22 11 56 
#59 59 50 35 57 16 19 36 44 18 12 65 36 3 27 
#10 18 23 39 56 39 26 36 31 5 5 3 23 38 27 
#15 48 8 39 11 5 51 35 11 15 12 19 38 41 49 
#15 10 33 39 11 62 49 11 1 18 6 9 30 41 49 
#59 59 24 48 26 5 51 11 11 61 9 10 22 38 49 
#32 21 3 9 2 62 8 7 34 12 0 34 34 13 24 
#19 59 23 53 9 39 8 36 32 39 12 16 24 9 33 
#59 3 64 10 12 39 26 28 32 12 0 3 23 32 18 
#15 59 50 35 11 7 8 35 13 15 13 3 23 32 49 
#19 10 33 9 35 7 8 7 1 18 18 34 22 3 27 
#15 48 6 48 6 5 51 11 20 61 62 10 22 45 49 
#32 21 3 53 67 60 33 43 34 12 12 34 22 13 27 
#19 59 3 53 5 39 26 36 32 39 0 50 24 9 28 
#60 18 3 10 12 39 26 13 32 15 5 65 24 38 24 
#32 6 65 35 67 7 26 27 13 5 18 1 23 45 28 
#60 59 6 9 67 7 34 27 13 23 18 34 23 32 27 
#25 37 5 30 6 8 9 25 20 61 62 3 23 45 33 
#59 51 3 53 6 3 8 43 34 12 12 34 10 5 28 
#59 33 3 53 9 11 34 1 31 31 6 47 24 41 38 
#32 18 64 27 2 3 8 43 31 15 5 65 22 32 24 
#59 8 65 22 0 30 26 1 6 12 12 1 28 45 28 
#60 33 50 35 9 11 8 27 0 5 6 3 23 41 38 
#59 59 10 18 56 16 19 25 53 12 18 3 9 45 33 
#59 21 50 39 6 60 19 35 6 61 12 19 10 38 28 
#25 33 1 0 9 3 17 1 6 31 12 19 61 32 28 
#59 21 23 22 56 3 8 43 31 31 12 1 23 38 27 
25 37 11 14 48 1 
10 21 7 12 46 53 
50 52 57 44 18 22 
56 13 17 34 38 8 
31 3 26 23 45 49 
40 27 24 2 19 15 
#Base: 895
#Max: 536
#598883
#Turn 5
#59 10 33 39 9 62 49 11 0 5 18 3 30 41 38 
#15 48 33 39 11 62 49 11 1 18 0 9 22 41 49 
#15 59 64 53 5 39 49 3 1 61 0 9 22 32 49 
#19 6 64 35 5 7 26 13 32 12 0 1 23 45 28 
#32 6 23 48 67 30 26 27 13 5 6 1 8 38 19 
#57 10 8 35 35 62 34 27 11 15 18 3 30 45 33 
#59 59 6 0 2 7 11 27 44 9 9 3 22 0 56 
#59 59 33 9 67 3 11 36 14 12 9 16 22 38 56 
#19 21 3 53 67 39 26 11 32 61 12 50 24 9 27 
#32 18 64 53 2 39 26 36 31 39 5 65 22 32 28 
#59 33 5 30 6 11 9 25 31 31 6 3 24 41 33 
#59 21 3 39 9 60 19 35 31 31 6 19 10 41 38 
#15 21 50 39 6 5 19 11 6 61 12 19 10 45 49 
#15 48 3 53 67 5 8 11 31 61 12 50 22 5 28 
#59 51 3 53 6 3 8 25 34 12 12 50 22 45 28 
#32 59 10 18 56 39 26 36 53 12 12 3 9 45 33 
#60 59 6 53 67 3 8 36 32 12 12 65 24 13 28 
#60 59 6 39 67 16 19 25 44 12 12 65 36 45 28 
#59 59 24 35 26 5 51 36 44 18 12 10 22 3 27 
#59 59 24 35 26 4 51 11 44 61 9 10 32 11 24 
#15 8 5 35 27 62 30 4 44 33 7 65 36 3 19 
#59 59 5 18 9 62 19 36 0 12 7 3 36 41 56 
#59 33 10 18 9 13 9 36 0 12 12 34 61 41 28 
#32 21 3 53 67 11 33 43 34 12 12 34 22 41 28 
#60 21 3 53 67 7 34 27 34 12 12 34 22 13 27 
#19 59 50 39 6 39 19 34 32 18 18 25 28 9 33 
#59 21 1 39 9 16 33 43 0 18 18 47 28 31 38 
#59 6 65 22 67 3 26 7 0 31 6 47 61 11 38 
#60 6 65 27 67 62 8 43 14 35 6 19 22 11 28 
#60 21 50 27 2 7 8 27 31 12 18 50 23 32 27 
#59 33 50 35 9 62 49 35 11 5 18 9 30 41 49 
#57 10 33 39 11 62 49 11 1 18 6 3 9 41 33 
#15 59 33 53 2 3 49 36 14 12 9 16 22 0 49 
#19 21 64 53 5 39 26 13 32 61 12 34 22 32 27 
#32 6 65 35 67 7 26 27 13 5 18 1 23 45 28 
#60 18 64 27 2 30 8 11 6 61 5 19 22 38 19 
#27 37 5 35 6 8 49 25 11 61 0 9 23 41 33 
#57 37 6 53 56 7 34 27 44 31 18 3 9 45 38 
#59 59 33 39 6 3 11 36 6 12 9 19 22 0 56 
#15 48 6 48 67 60 51 11 34 61 62 34 22 45 27 
#60 51 3 53 5 3 8 43 31 12 12 50 22 9 28 
#59 18 64 27 2 7 8 25 34 9 5 65 22 32 24 
#25 37 10 18 6 16 19 25 53 12 62 3 9 45 33 
#32 33 3 53 67 11 34 36 32 12 6 34 24 13 38 
#59 21 50 39 6 3 19 35 20 61 12 65 23 45 28 
#15 59 6 48 6 16 51 11 44 61 62 10 22 3 27 
#60 59 3 53 26 5 51 11 11 61 12 50 22 38 49 
#59 59 50 35 2 7 9 36 44 18 12 3 32 45 24 
#59 59 23 18 56 5 30 27 44 12 18 3 9 45 19 
#32 8 5 53 57 39 11 4 32 12 7 34 36 13 56 
#59 59 10 39 9 3 8 25 20 12 12 65 23 41 56 
#59 33 50 35 9 16 19 36 34 18 12 34 61 41 28 
#32 21 24 48 26 60 33 11 34 12 12 10 22 13 27 
#59 59 50 9 2 7 8 27 44 18 12 47 32 11 27 
#19 8 23 53 9 39 30 27 32 33 18 65 24 9 19 
#19 21 5 39 57 16 11 34 6 18 7 25 28 3 55 
#59 59 10 22 9 13 33 36 0 12 18 47 61 41 56 
#60 6 64 9 9 62 9 25 34 0 6 34 61 11 28 
#60 21 3 53 67 39 33 43 34 12 62 50 22 13 27 
#60 59 6 35 67 7 8 27 13 23 18 3 23 32 27 
1 43 23 8 47 53 
59 0 33 28 57 24 
18 21 30 16 2 13 
51 44 46 39 17 9 
14 50 19 58 27 37 
41 15 7 56 45 48 
#Base: 895
#Max: 591
#660335
#Turn 6
#15 33 3 39 67 11 34 11 32 12 0 34 22 13 38 
#32 33 3 53 67 11 34 36 34 12 6 34 22 13 38 
#32 21 3 53 67 11 26 11 34 61 12 34 24 41 28 
#19 21 3 35 2 7 26 11 44 18 12 50 32 9 24 
#59 59 50 35 2 7 8 36 44 18 12 3 32 11 24 
#59 10 33 35 9 62 8 27 0 5 18 3 23 41 27 
#19 10 33 39 9 62 49 11 0 61 12 34 22 41 27 
#60 6 65 53 67 39 26 43 14 35 6 34 22 32 27 
#60 6 65 27 9 62 9 43 14 0 6 19 61 11 28 
#60 21 3 9 67 7 34 27 34 12 6 34 61 11 28 
#59 59 24 18 9 62 51 36 44 12 12 10 22 3 27 
#59 59 5 35 9 62 19 35 0 5 7 3 36 41 56 
#59 33 6 53 67 62 8 36 32 5 12 65 24 41 28 
#15 59 64 53 67 3 8 36 1 61 0 9 22 32 49 
#15 48 3 53 67 39 8 3 1 61 12 50 22 32 28 
#59 21 50 39 9 3 19 35 20 18 12 65 61 41 28 
#59 59 50 53 6 3 51 35 11 61 12 65 22 38 28 
#60 48 6 48 67 5 51 11 11 61 12 50 22 38 49 
#60 48 6 48 67 16 19 25 34 61 62 65 22 45 28 
#60 59 64 39 2 16 19 36 44 12 5 65 36 32 28 
#59 51 10 53 6 3 8 25 20 12 12 65 23 41 56 
#59 59 10 39 9 4 8 25 20 61 12 65 32 41 24 
#60 21 24 53 67 39 51 43 44 61 62 50 32 11 24 
#59 21 3 22 67 39 26 7 34 31 6 50 22 13 38 
#57 6 6 22 56 7 26 7 0 31 6 3 61 45 38 
#32 59 64 18 56 39 26 25 34 9 5 3 22 32 33 
#32 59 10 9 67 39 11 36 14 12 9 3 22 45 56 
#59 59 10 22 9 13 11 36 14 12 18 47 61 41 56 
#15 59 10 22 9 16 51 11 44 61 18 10 22 41 56 
#15 59 23 18 6 5 30 27 44 61 18 10 22 45 19 
#15 48 6 39 67 7 49 27 1 23 0 3 23 41 49 
#59 33 3 39 67 62 34 11 0 5 6 3 24 13 38 
#32 21 3 53 5 39 26 43 32 12 12 34 22 41 28 
#19 6 3 27 67 39 8 43 32 61 12 50 22 9 27 
#60 59 50 9 2 62 9 25 34 18 6 34 32 11 24 
#60 21 3 9 67 7 34 27 44 18 12 34 32 11 27 
#60 59 6 35 26 7 51 27 13 18 12 10 22 32 27 
#59 59 5 39 9 62 19 11 0 12 7 3 36 41 38 
#59 21 50 35 9 39 49 13 11 5 12 34 30 32 27 
#60 59 65 53 67 3 8 36 14 12 6 65 22 13 28 
#60 6 64 9 9 62 49 25 34 0 0 9 61 11 49 
#60 48 3 53 67 7 34 11 34 12 12 34 22 5 28 
#59 59 24 35 9 16 51 36 34 18 12 34 61 41 27 
#59 21 5 18 9 3 19 36 20 61 7 3 23 41 28 
#59 33 3 53 26 5 49 11 11 5 18 9 22 38 49 
#15 48 6 48 67 60 8 11 32 12 62 65 22 13 28 
#15 59 64 53 5 39 49 25 1 61 0 65 36 32 28 
#15 18 3 53 2 5 8 36 31 61 12 50 22 5 28 
#59 33 3 35 9 16 19 36 34 12 12 34 22 41 28 
#59 21 50 39 6 3 19 25 20 61 12 65 23 45 56 
#60 59 24 35 26 4 51 11 44 61 9 10 22 38 24 
#15 48 6 53 67 60 51 11 34 61 62 50 22 13 27 
#60 59 65 22 67 16 26 7 0 31 6 47 36 45 38 
#57 18 64 53 2 7 26 36 44 31 18 3 9 32 28 
#59 51 3 53 6 3 8 25 34 9 12 65 22 32 24 
#32 59 10 39 56 3 26 36 20 12 12 3 23 45 33 
#59 59 24 9 67 3 11 36 14 12 9 10 22 11 56 
#60 21 3 22 9 39 33 36 34 12 62 47 61 13 27 
#15 6 6 48 67 3 51 7 0 61 6 10 61 11 27 
#57 59 6 18 56 5 30 27 44 12 18 3 9 45 38 
6 26 25 57 2 23 
59 34 14 12 21 28 
8 27 52 17 46 20 
13 39 16 22 51 45 
41 50 49 18 7 15 
53 11 40 19 42 10 
#Base: 895
#Max: 642
#717318
#Turn 7
#32 59 10 39 67 39 11 11 14 12 12 34 22 45 56 
#32 59 10 9 67 39 11 25 14 12 5 3 22 45 33 
#60 21 64 22 56 39 33 36 34 9 5 3 61 32 27 
#32 21 3 22 67 39 26 36 34 12 62 47 24 41 27 
#59 21 3 53 67 39 26 11 34 31 12 34 24 13 28 
#60 59 6 18 2 5 9 27 34 18 6 3 32 11 24 
#15 59 3 9 67 62 8 25 1 18 12 50 32 11 24 
#59 33 3 53 67 62 8 3 32 61 12 65 22 32 28 
#59 33 10 53 67 4 8 25 20 61 12 65 32 41 28 
#15 59 10 22 9 16 8 25 20 61 12 65 22 41 24 
#60 59 65 22 9 62 9 43 14 12 18 47 61 41 28 
#59 59 65 22 9 13 26 36 0 31 6 47 36 41 56 
#60 59 65 48 67 5 51 11 0 31 12 50 36 45 49 
#60 48 6 53 5 5 51 25 11 61 0 65 22 32 49 
#15 51 64 53 5 39 49 25 1 61 0 65 23 41 56 
#60 59 64 53 67 3 8 36 1 61 0 9 22 32 28 
#59 59 65 53 67 3 8 36 14 12 6 65 22 13 28 
#60 21 50 53 67 3 51 43 44 61 12 65 32 11 28 
#15 48 24 53 67 60 51 43 44 61 62 50 32 13 24 
#15 48 6 53 67 60 8 11 34 61 62 50 22 13 27 
#60 59 24 35 67 4 34 11 44 61 12 10 22 5 24 
#60 21 24 39 26 3 19 25 44 61 12 65 22 45 56 
#59 21 50 39 67 16 19 25 34 61 62 65 23 45 28 
#60 6 6 48 67 16 26 25 34 61 6 34 22 32 27 
#60 6 50 39 67 39 26 35 14 18 6 34 22 41 27 
#57 18 5 53 9 7 19 36 0 31 7 3 36 32 28 
#60 59 5 35 9 62 19 25 0 5 0 3 36 41 49 
#60 59 64 9 9 16 49 36 34 12 0 65 36 32 28 
#60 59 64 39 9 16 19 36 34 18 5 65 36 41 28 
#59 59 24 18 9 62 51 36 44 18 12 10 61 3 27 
#19 59 33 39 56 5 30 11 44 61 12 34 22 41 38 
#60 59 10 9 67 39 11 25 34 18 9 34 22 45 24 
#32 59 3 18 67 39 26 3 34 9 12 50 22 32 28 
#59 21 3 53 9 62 8 36 34 12 12 65 24 41 27 
#32 21 10 39 67 11 26 11 20 61 12 34 32 41 24 
#15 59 3 22 9 16 51 11 34 31 18 50 22 13 56 
#60 59 6 18 9 5 30 43 14 0 18 19 61 11 38 
#59 59 10 9 9 62 11 25 14 12 18 34 32 11 56 
#15 59 65 22 67 39 8 7 1 61 12 50 22 32 28 
#59 33 6 53 67 5 8 36 11 61 12 50 22 41 49 
#59 59 64 53 5 39 49 25 20 61 0 65 32 41 24 
#15 59 10 53 9 3 8 25 20 12 18 10 22 41 56 
#15 59 65 27 67 62 8 36 14 61 0 9 61 32 49 
#60 59 10 53 9 3 8 36 14 12 6 65 61 41 56 
#59 59 65 22 67 3 51 35 11 61 12 65 36 38 38 
#60 48 24 48 67 39 51 43 44 61 62 50 22 38 24 
#15 59 6 53 67 60 49 25 34 61 0 65 36 13 28 
#59 48 10 53 6 60 8 25 32 12 12 65 23 41 56 
#15 48 64 53 67 3 34 36 34 12 0 34 22 32 49 
#60 59 24 53 67 4 51 36 44 12 6 10 22 38 28 
#59 59 50 39 6 3 51 35 20 61 12 65 22 45 56 
#60 48 24 48 67 16 19 43 34 61 62 50 22 11 28 
#60 6 6 53 67 39 51 11 34 35 62 34 22 32 27 
#15 48 50 39 9 60 19 35 20 18 62 65 61 13 28 
#57 18 3 53 2 7 26 36 34 31 18 34 22 32 28 
#59 59 5 35 9 62 19 35 0 5 7 10 36 38 24 
#60 6 64 39 6 3 49 25 34 61 0 65 61 45 49 
#60 59 64 39 67 16 19 36 44 12 62 65 22 32 28 
#60 59 65 35 67 39 26 36 34 18 12 34 22 41 27 
#59 59 50 18 9 3 19 36 20 18 12 65 61 41 27 
30 2 39 53 21 43 
13 11 8 40 52 27 
47 28 12 22 17 16 
58 51 57 45 44 46 
48 19 42 18 50 10 
59 15 7 56 14 49 
#Base: 895
#Max: 681
#760894
#Turn 8
#19 59 64 22 56 5 30 11 44 9 5 34 22 32 27 
#59 21 6 53 56 5 33 36 11 61 12 50 22 32 49 
#59 48 6 39 67 60 19 35 20 61 62 50 22 13 49 
#15 48 50 39 26 60 19 35 20 18 62 65 22 45 28 
#60 21 24 39 9 3 8 36 14 12 6 65 22 41 56 
#60 59 65 53 5 13 51 36 11 61 0 47 22 32 56 
#59 33 65 53 9 4 26 25 0 61 12 65 36 41 28 
#59 33 64 53 5 39 8 25 20 61 0 65 32 41 24 
#60 59 64 53 5 39 51 11 20 35 0 65 32 41 27 
#60 6 64 9 9 16 49 11 34 12 62 34 22 32 27 
#59 48 64 39 6 16 19 36 32 12 12 65 36 41 56 
#60 59 64 48 9 5 51 11 0 31 12 50 36 41 28 
#59 21 50 39 67 5 51 25 0 61 12 65 36 45 49 
#59 21 50 39 67 3 19 43 34 61 62 65 32 45 28 
#59 59 65 53 67 3 51 36 44 12 12 65 22 13 28 
#60 59 65 35 67 39 19 36 34 18 12 50 22 11 28 
#60 48 24 39 67 16 19 36 44 61 62 65 22 32 28 
#60 48 24 39 67 39 51 43 44 12 62 50 22 38 24 
#60 48 24 22 67 39 51 43 44 61 12 50 22 38 38 
#15 59 65 22 67 3 51 25 11 61 0 65 36 38 28 
#15 48 64 53 67 3 34 36 34 12 62 50 22 13 49 
#15 59 6 53 67 60 8 36 14 61 0 9 22 13 49 
#15 59 65 53 67 60 51 43 44 61 0 50 32 32 24 
#15 59 24 53 6 3 51 35 44 61 12 65 22 45 56 
#60 59 65 22 9 3 9 35 20 12 18 47 61 45 56 
#59 59 64 53 9 3 8 36 20 18 12 65 22 32 27 
#59 59 64 53 67 62 8 3 1 61 0 65 22 32 28 
#60 33 3 39 67 62 49 25 34 61 0 65 61 45 28 
#15 51 64 39 5 39 49 25 1 61 0 65 23 45 49 
#15 51 24 53 5 4 51 25 44 61 0 10 22 38 28 
#19 59 33 39 5 5 51 11 44 61 12 65 22 32 38 
#60 59 65 22 56 13 26 36 0 31 6 3 61 32 27 
#59 33 6 53 67 5 8 25 11 61 12 50 32 41 28 
#15 48 50 39 9 39 49 35 20 18 0 65 32 13 28 
#60 6 24 53 67 39 19 11 34 35 12 34 22 45 27 
#60 59 10 53 9 16 49 36 14 12 6 65 36 41 56 
#60 48 10 53 5 60 51 25 32 12 0 65 23 32 56 
#59 59 65 39 9 16 19 36 34 31 6 47 36 41 28 
#59 59 10 53 67 5 8 25 20 61 12 65 36 45 49 
#59 59 50 39 5 39 49 25 20 61 62 65 32 45 28 
#60 6 6 53 67 3 51 43 34 35 12 65 22 11 28 
#59 59 64 53 9 16 8 36 14 12 6 65 36 32 28 
#60 48 65 35 6 60 8 36 32 18 12 34 23 41 56 
#60 59 64 39 9 16 19 43 34 18 5 50 36 11 28 
#60 59 65 48 67 16 51 36 0 12 62 65 36 45 28 
#59 21 24 39 67 16 19 25 44 61 62 50 22 45 28 
#60 21 65 53 67 3 51 43 11 61 12 65 32 11 28 
#59 59 6 53 67 3 8 25 14 61 0 65 22 13 28 
#15 48 65 35 67 3 34 36 34 12 0 34 22 32 27 
#15 48 24 48 67 60 19 43 34 61 62 50 22 11 27 
#60 59 64 27 67 62 19 36 44 12 62 65 22 32 28 
#60 48 24 48 67 60 51 43 44 61 62 50 32 13 24 
#59 59 50 39 6 3 51 35 11 61 12 65 22 38 56 
#15 59 65 22 9 60 9 43 34 12 18 47 61 13 28 
#59 48 50 18 9 3 34 36 20 12 12 34 22 41 27 
#15 48 6 53 67 60 8 36 1 61 62 9 22 13 28 
#15 59 3 53 67 62 8 36 14 61 12 9 61 32 28 
#60 48 64 53 6 60 51 43 44 61 62 50 61 45 24 
#59 59 64 39 6 3 51 25 1 61 12 65 22 45 56 
#60 59 24 22 9 62 51 36 44 12 18 47 61 41 28 
35 7 15 38 20 36 
28 10 58 27 59 23 
19 5 13 44 39 52 
14 16 22 57 50 2 
42 45 49 51 17 26 
37 8 46 18 12 3 
#Base: 895
#Max: 732
#817877
#Turn 9
#59 59 64 53 9 16 49 36 14 12 0 65 36 41 24 
#60 33 65 53 5 39 19 25 20 61 12 50 22 41 28 
#59 59 65 53 67 39 19 25 20 18 12 50 36 45 49 
#15 48 10 53 67 3 8 36 34 61 12 65 22 13 49 
#60 48 64 53 5 3 34 25 34 12 62 65 23 13 56 
#59 51 64 39 5 39 49 36 32 61 0 65 36 45 56 
#59 59 64 39 6 3 19 25 1 12 12 65 22 41 56 
#59 33 3 39 67 3 49 25 1 61 0 65 22 45 28 
#60 59 24 22 67 62 49 25 44 12 18 47 61 41 28 
#15 59 24 53 9 3 51 36 44 12 18 65 22 41 56 
#15 59 65 22 67 13 51 25 11 61 0 65 36 38 28 
#60 21 65 39 67 3 19 43 34 61 0 47 22 45 28 
#59 59 65 39 67 16 19 36 34 61 62 65 36 45 28 
#59 59 50 48 5 16 51 36 20 12 62 65 32 45 28 
#59 59 50 39 6 3 51 25 20 61 62 65 22 38 56 
#59 59 65 53 67 16 19 36 44 61 62 65 22 13 28 
#60 48 65 39 67 16 51 43 44 61 0 50 22 32 28 
#15 48 65 53 6 60 51 43 44 61 62 50 32 32 24 
#60 59 64 53 67 60 19 36 44 12 62 65 22 45 24 
#60 48 6 39 67 62 19 35 44 12 62 65 22 13 28 
#59 21 24 39 6 60 19 25 32 61 62 50 23 45 28 
#59 48 24 39 67 16 19 25 34 61 62 50 22 11 27 
#60 48 24 48 67 60 19 43 34 61 62 50 22 13 24 
#60 48 24 48 67 39 51 43 44 12 62 50 32 13 24 
#59 48 24 39 67 62 51 3 1 12 0 50 22 38 24 
#59 59 65 39 5 16 19 36 34 31 0 65 32 41 28 
#60 59 65 53 67 39 51 11 20 61 12 65 32 41 27 
#60 21 24 53 67 39 51 43 11 61 12 50 32 11 38 
#59 48 50 22 67 5 51 43 44 61 12 65 36 45 38 
#59 21 50 39 26 5 19 35 20 18 12 65 36 45 28 
#15 51 10 53 5 16 49 25 1 12 6 65 23 45 49 
#59 48 64 53 5 16 19 36 32 12 12 65 32 41 56 
#59 59 64 39 6 3 51 36 1 61 12 65 22 45 56 
#60 59 10 39 67 62 49 25 20 61 12 65 36 45 49 
#60 48 24 53 67 62 51 36 44 12 62 47 22 13 49 
#15 59 24 53 6 60 51 35 32 12 0 65 23 32 56 
#15 59 64 39 5 3 49 25 1 61 0 65 36 38 28 
#59 59 65 39 5 16 51 36 32 61 12 65 36 41 56 
#59 59 50 39 67 3 19 25 1 61 62 65 22 45 56 
#60 33 3 39 67 16 49 25 34 61 62 65 36 45 28 
#60 59 50 39 5 62 51 25 44 61 18 65 32 41 28 
#15 59 50 39 6 3 51 35 11 61 12 65 22 45 56 
#59 59 65 22 67 3 51 36 44 12 12 65 22 13 28 
#60 48 65 53 5 16 51 36 44 61 62 65 22 32 56 
#15 21 65 53 67 3 19 43 44 61 0 65 32 32 28 
#60 59 64 48 6 60 51 43 44 61 62 65 36 45 28 
#60 59 64 39 5 62 49 36 20 61 62 65 32 32 28 
#59 59 6 39 67 60 19 35 20 61 62 50 22 13 56 
#59 59 65 35 67 60 8 36 32 18 12 65 23 13 56 
#59 21 24 39 67 16 19 25 44 61 62 50 22 45 28 
#15 48 65 53 67 60 19 43 44 61 0 50 22 32 24 
#60 48 24 48 67 60 51 43 44 61 62 50 32 45 24 
#60 59 64 39 67 39 19 36 44 12 62 50 22 32 24 
#59 59 64 39 67 62 8 35 20 61 0 65 22 13 28 
#60 59 65 35 9 60 8 36 32 18 6 34 23 41 56 
#59 59 64 53 67 16 51 25 44 35 62 50 32 45 27 
#60 48 24 48 67 3 51 43 34 61 62 65 32 11 27 
#60 48 24 48 67 60 51 43 44 61 62 50 32 13 38 
#60 21 50 39 67 5 51 25 0 12 12 65 36 45 49 
#15 59 50 39 67 60 8 35 1 61 62 65 22 32 28 
27 13 38 37 23 53 
49 50 8 43 5 14 
48 47 46 12 18 39 
28 15 55 45 57 34 
59 56 17 51 26 22 
19 16 52 33 40 2 
#Base: 895
#Max: 732
#817877
#60 59 50 53 67 39 51 43 20 12 12 50 32 11 38 
#59 59 50 48 5 16 19 25 20 12 62 65 22 45 28 
#59 59 50 39 5 16 51 36 1 61 12 65 22 41 56 
#59 48 24 48 67 39 51 36 32 12 12 50 32 41 56 
#60 48 64 48 67 62 8 35 44 12 0 50 32 13 28 
#15 48 65 39 67 16 19 25 44 61 62 50 22 32 24 
#60 59 24 22 67 60 19 43 44 12 18 50 22 41 28 
#60 59 65 53 5 16 49 25 44 12 62 47 22 32 56 
#59 48 64 39 5 39 49 36 44 61 0 65 22 32 56 
#59 59 64 39 6 3 49 25 20 61 62 65 36 38 56 
#59 59 6 39 67 60 19 35 32 61 12 50 23 13 56 
#60 59 64 39 5 60 49 36 20 61 62 50 32 13 28 
#60 59 64 39 5 16 49 36 34 61 62 65 32 32 28 
#59 59 64 39 67 60 19 36 34 12 62 65 36 45 28 
#60 33 64 39 67 60 49 36 44 61 62 65 22 45 28 
#59 48 50 53 67 16 19 43 44 61 62 65 36 13 28 
#59 59 65 53 67 16 19 36 44 61 62 65 32 13 28 
#59 59 64 48 6 16 51 43 44 61 62 50 32 45 28 
#60 48 24 48 6 60 51 43 44 61 62 50 36 45 28 
#60 48 24 53 67 62 51 36 44 12 62 50 22 13 49 
#15 59 24 48 67 3 51 43 34 61 62 65 22 11 28 
#60 48 24 53 6 60 51 43 34 61 62 65 32 32 27 
#60 48 65 53 6 60 51 43 44 61 62 50 32 45 24 
#60 48 24 53 67 60 51 11 20 61 12 50 32 41 24 
#60 59 65 53 67 39 51 43 34 61 12 65 32 41 27 
#60 48 65 39 67 62 19 35 44 12 0 65 22 32 28 
#60 59 64 39 67 16 51 43 44 12 62 50 22 32 24 
#60 59 10 39 67 39 19 25 44 61 12 65 22 32 49 
#60 59 50 39 67 62 49 25 20 61 12 65 32 45 49 
#60 59 50 39 67 62 19 25 20 61 18 65 32 45 28 
#59 21 24 39 67 16 51 25 44 61 12 50 32 11 38 
#15 48 65 48 67 16 51 36 44 61 62 50 22 45 24 
#59 59 24 39 67 3 19 25 1 12 62 47 22 45 56 
#59 59 65 39 5 16 51 36 44 61 12 65 22 41 56 
#60 51 64 39 5 39 51 36 44 61 0 50 36 13 24 
#59 59 50 39 6 62 51 25 20 61 62 65 22 13 28 
#59 21 24 39 67 16 19 25 44 61 12 65 22 45 56 
#15 48 6 53 67 60 19 35 20 61 0 50 22 32 24 
#60 59 64 39 5 62 49 25 44 61 62 47 32 32 28 
#60 48 65 39 5 16 19 36 34 61 62 65 22 45 28 
#59 59 64 53 67 39 49 36 32 61 62 65 36 45 56 
#59 59 3 39 67 3 49 25 34 61 62 65 22 45 28 
#59 48 65 35 67 5 8 36 44 18 12 65 23 13 38 
#59 59 65 53 67 16 19 36 20 61 62 65 22 13 28 
#59 59 64 53 5 62 49 36 20 35 62 65 32 45 28 
#60 59 64 39 6 16 19 43 34 61 62 65 36 45 28 
#60 59 24 48 67 60 51 36 44 12 62 50 32 45 38 
#60 33 3 39 67 16 49 25 44 12 62 65 22 45 49 
#15 48 50 39 67 60 51 35 44 61 12 65 22 32 38 
#60 59 65 48 67 3 51 43 44 61 62 65 22 13 28 
#15 59 65 53 67 60 51 25 44 35 62 50 32 45 24 
#60 48 24 48 67 60 51 43 44 61 62 50 32 45 24 
#60 48 65 53 67 39 51 43 20 61 12 65 32 41 38 
#60 48 24 53 67 60 51 43 44 61 62 50 22 13 24 
#60 48 6 39 67 60 8 35 44 12 62 65 22 32 28 
#60 48 65 39 67 3 51 43 34 61 0 50 32 11 28 
#60 48 65 53 67 39 19 36 44 12 62 50 32 32 24 
#60 48 10 48 67 60 51 25 44 61 12 65 32 45 24 
#60 59 50 53 67 39 51 11 20 61 12 65 32 41 27 
#59 59 65 53 67 39 19 43 20 61 62 50 22 13 24 
#Base: 895
#Max: 783
#874860
