#[0] 3, 3
#[1] 4, 3
#[2] 3, 4
#[3] 3, 2
#[4] 2, 3
#[5] 2, 4
#[6] 1, 3
#[7] 2, 2
#[8] 3, 1
#[9] 4, 4
#[10] 5, 3
#[11] 3, 5
#[12] 4, 2
#[13] 3, 0
#[14] 5, 4
#[15] 4, 5
#[16] 5, 2
#[17] 4, 1
#[18] 0, 3
#[19] 1, 4
#[20] 2, 1
#[21] 1, 2
#[22] 2, 5
#[23] 0, 4
#[24] 5, 1
#[25] 0, 2
#[26] 5, 5
#[27] 1, 5
#[28] 2, 0
#[29] 1, 1
#[30] 4, 0
#[31] 0, 5
#[32] 1, 0
#[33] 0, 1
#[34] 5, 0
#[35] 0, 0
#Turn 0
52 46 38 23 3 47 
16 49 42 1 20 51 
39 13 15 45 50 4 
14 34 31 8 24 53 
0 32 10 11 48 40 
18 21 37 28 5 58 
#Base: 898
#Max: 355
#395323
#Turn 1
#25 25 29 12 26 1 20 36 11 22 12 32 35 6 7 
#25 53 29 19 25 34 32 29 37 21 20 55 36 6 7 
#8 12 0 25 19 8 36 29 37 7 29 2 6 32 7 
#4 48 30 25 52 7 36 24 34 7 51 10 41 32 2 
#50 18 27 1 19 7 35 28 34 30 7 10 16 42 3 
#9 25 30 36 13 15 14 21 40 10 30 36 51 12 9 
#10 12 30 30 14 19 31 21 40 2 30 47 51 7 9 
#6 17 50 30 3 19 16 5 20 44 25 2 2 7 35 
#9 17 11 28 3 11 13 4 20 44 23 27 2 7 41 
#9 4 11 28 3 11 59 24 31 57 14 7 22 20 12 
#12 49 5 13 9 23 15 11 41 18 37 35 1 24 22 
#29 8 5 1 25 21 15 3 2 49 2 9 22 55 16 
#60 42 8 2 43 13 3 6 2 49 20 1 58 37 16 
#29 12 1 2 23 5 3 10 2 19 17 1 58 17 10 
#22 45 11 4 22 16 3 10 3 20 17 10 9 17 46 
#19 4 1 21 4 39 36 11 8 15 15 4 61 21 6 
#23 8 18 16 20 60 36 68 8 19 13 11 9 5 6 
#16 2 32 10 32 4 0 25 37 5 9 72 9 15 22 
#3 16 32 10 12 4 0 25 25 3 60 24 38 15 5 
#24 13 14 1 3 58 23 5 9 23 23 24 44 1 26 
#15 9 31 8 6 29 4 43 11 7 48 11 27 9 19 
#12 9 3 8 18 36 56 32 5 5 48 11 2 10 46 
#32 9 2 1 12 10 56 65 5 5 8 42 2 9 2 
#32 13 39 6 4 10 48 17 5 2 8 42 10 15 51 
#60 13 39 6 4 6 17 26 22 32 55 18 6 18 38 
#14 54 2 46 23 5 12 28 25 2 11 19 25 22 41 
#23 10 61 18 38 5 12 15 32 2 11 14 28 22 41 
#8 10 61 30 38 14 6 5 33 32 35 26 26 15 19 
#23 5 30 40 6 14 15 17 3 18 18 14 25 15 21 
#11 5 2 40 33 42 15 27 3 3 5 21 14 19 2 
#10 25 15 36 26 1 14 36 30 10 50 23 35 41 13 
#1 25 29 30 25 35 24 17 11 22 20 36 51 6 7 
#10 53 0 30 19 19 31 13 37 21 25 47 6 7 23 
#4 17 30 25 3 8 36 5 20 7 51 2 2 32 7 
#9 48 20 28 10 7 32 4 34 30 23 27 22 22 41 
#50 18 1 7 19 38 59 28 31 16 14 7 14 42 12 
#9 25 9 36 9 23 6 11 30 10 50 23 1 24 34 
#29 49 5 13 14 15 15 9 40 2 5 21 51 12 9 
#60 8 22 1 25 19 31 13 2 9 2 47 22 28 16 
#29 42 8 57 3 15 3 6 2 16 12 2 58 37 35 
#22 12 11 28 23 5 13 4 57 19 17 48 22 17 46 
#27 35 1 22 3 16 34 24 3 16 43 10 45 20 12 
#12 39 9 56 9 23 15 17 27 15 15 35 61 21 5 
#19 4 5 13 20 60 15 9 16 4 5 43 37 55 6 
#23 8 22 20 32 13 9 68 37 19 2 9 22 13 22 
#29 2 8 10 12 6 0 6 2 16 20 72 17 15 10 
#3 16 14 4 23 5 1 10 19 3 17 24 38 17 26 
#27 13 11 7 11 16 34 9 3 23 23 10 45 9 24 
#25 32 31 7 4 39 4 17 11 15 25 51 61 21 5 
#19 9 3 8 20 27 36 32 8 7 13 11 37 5 6 
#23 5 5 20 32 21 56 68 5 5 13 5 2 13 22 
#32 2 32 1 12 4 48 25 5 5 39 42 17 9 2 
#31 16 14 6 4 6 6 5 19 3 60 8 38 54 51 
#60 3 39 5 11 20 17 13 9 23 1 10 44 18 1 
#15 54 31 16 23 29 4 43 31 33 25 51 25 9 10 
#23 54 2 8 18 5 12 32 56 2 48 11 28 22 33 
#8 5 5 29 1 36 6 35 5 5 23 26 26 3 14 
#23 9 30 30 6 14 23 65 5 2 8 56 13 15 2 
#31 13 2 40 4 42 15 17 22 21 55 14 10 15 21 
#42 3 1 9 33 20 46 26 19 32 5 18 14 23 2 
19 34 23 9 26 45 
58 5 44 24 40 38 
25 21 55 16 39 6 
48 42 52 12 1 35 
53 27 22 3 54 57 
4 30 17 50 43 32 
#Base: 898
#Max: 428
#476615
#Turn 2
#24 48 20 28 3 7 23 5 34 23 23 27 22 22 26 
#32 48 20 28 10 7 32 4 34 30 8 27 10 15 41 
#9 4 39 28 4 11 59 17 31 57 14 7 22 20 12 
#9 4 11 28 3 5 59 15 32 2 14 14 22 22 41 
#29 2 61 10 12 5 0 6 32 16 20 72 28 22 41 
#9 13 30 36 4 15 15 21 40 21 30 14 51 15 9 
#23 25 22 36 32 15 14 68 37 19 2 36 51 12 9 
#60 13 22 20 32 13 9 68 22 19 55 9 6 13 38 
#60 13 39 28 23 5 17 26 57 32 17 18 6 18 46 
#60 8 11 1 23 5 13 13 57 19 17 48 22 28 16 
#12 9 2 8 23 5 12 28 5 2 48 19 2 22 46 
#23 9 2 8 18 36 12 32 5 2 48 11 28 22 46 
#23 54 18 16 20 5 12 32 56 2 13 11 9 5 33 
#23 42 8 16 20 15 36 6 2 16 13 11 58 5 6 
#10 12 8 30 14 19 3 21 40 2 12 2 58 37 9 
#25 39 31 7 9 23 4 17 11 15 25 35 61 21 5 
#31 39 14 56 9 6 6 17 19 3 15 35 61 54 51 
#60 16 14 6 4 6 3 6 19 3 60 8 58 37 16 
#25 42 8 2 43 13 32 6 2 21 20 55 58 6 7 
#50 18 29 19 25 38 32 29 31 21 14 7 14 42 12 
#8 3 61 30 38 14 17 5 9 23 1 10 26 15 19 
#32 10 61 30 12 10 56 65 5 32 35 42 2 9 19 
#32 48 2 25 52 7 36 65 5 7 8 42 41 9 2 
#4 48 31 25 23 7 36 43 31 7 25 10 41 9 2 
#15 54 31 16 6 14 23 43 31 33 8 51 25 15 10 
#10 18 15 1 19 1 35 28 34 30 7 10 16 41 3 
#10 2 15 36 26 1 14 25 30 10 9 23 35 41 13 
#23 2 32 20 32 4 56 68 5 5 9 5 9 15 22 
#19 4 5 20 32 21 56 9 5 5 5 5 37 13 6 
#19 4 0 13 20 60 15 13 37 4 25 43 6 7 6 
#24 13 14 40 4 58 15 5 22 21 23 24 10 15 26 
#9 48 30 36 10 15 14 21 34 10 30 27 51 12 9 
#23 13 39 20 32 13 48 17 5 19 2 42 22 15 51 
#60 13 11 28 3 11 59 24 31 57 14 7 22 20 12 
#22 10 61 28 23 5 12 4 32 2 11 14 22 17 46 
#60 2 22 1 25 6 0 6 2 9 2 72 17 28 16 
#31 13 2 46 23 5 12 28 25 21 55 19 10 22 41 
#9 9 3 8 13 15 56 32 5 5 30 11 2 12 9 
#23 54 22 20 18 13 9 32 56 19 48 9 22 13 33 
#23 8 39 16 20 60 17 26 8 32 55 11 6 5 38 
#22 12 11 28 23 5 3 6 57 19 17 2 22 37 46 
#10 8 22 30 25 19 31 13 40 9 30 47 22 28 16 
#14 32 2 7 4 39 12 28 11 2 25 51 61 21 5 
#12 39 9 8 9 36 56 17 5 5 48 35 61 21 5 
#23 16 14 8 4 5 6 32 56 2 60 8 38 54 33 
#23 8 8 2 20 13 36 6 8 49 20 11 9 5 6 
#29 42 8 19 25 34 3 6 2 16 20 2 36 6 7 
#10 18 30 30 19 38 59 21 31 2 14 47 51 7 9 
#25 32 31 5 4 39 4 17 9 23 1 10 44 18 1 
#8 39 9 30 38 23 15 5 33 15 15 35 26 21 19 
#32 16 2 6 12 6 56 65 5 5 8 8 38 54 51 
#4 48 30 25 52 7 36 6 2 49 20 1 58 37 2 
#25 53 29 19 23 29 32 43 31 33 25 55 25 6 7 
#50 18 30 7 6 14 23 65 5 16 8 7 13 42 12 
#60 3 39 1 19 20 17 13 9 23 7 10 16 42 3 
#8 10 61 36 38 1 14 36 30 32 50 26 26 15 13 
#16 2 32 10 32 10 56 25 37 5 9 72 9 15 2 
#23 5 30 25 32 7 36 68 5 7 13 5 41 13 22 
#19 4 31 16 23 60 4 43 16 33 5 43 37 55 10 
#23 53 0 30 19 14 23 13 5 21 25 47 13 15 23 
15 23 2 38 27 19 
31 32 35 51 18 53 
42 39 58 22 4 9 
52 44 7 21 50 8 
36 47 43 16 33 56 
12 24 55 6 17 57 
#Base: 898
#Max: 435
#484410
#Turn 3
#25 39 31 25 23 7 36 17 11 7 25 35 61 21 2 
#4 48 31 28 23 11 36 17 31 57 25 10 41 9 12 
#23 54 39 28 4 13 59 17 31 19 48 9 22 13 33 
#23 2 22 20 18 13 9 68 56 5 9 9 9 15 33 
#50 2 32 20 25 4 56 68 5 5 9 7 14 42 12 
#23 13 30 36 10 15 48 17 34 10 2 42 51 12 51 
#60 2 22 1 25 6 0 17 2 19 2 72 17 15 16 
#4 48 22 25 25 6 36 6 2 9 20 1 58 28 2 
#25 48 30 2 43 13 32 6 2 49 20 55 58 37 7 
#25 18 30 7 43 14 32 6 2 16 20 55 13 6 12 
#14 32 2 7 20 39 12 26 8 32 55 51 6 21 38 
#23 8 31 16 20 60 4 43 16 32 5 43 6 55 38 
#32 4 31 25 23 60 4 65 5 33 8 43 37 55 2 
#32 2 2 25 52 5 0 65 32 16 8 42 28 9 41 
#60 2 11 1 23 5 13 6 32 16 20 48 28 22 41 
#25 53 29 8 4 5 32 32 56 2 60 8 25 6 33 
#60 16 22 20 4 5 9 32 22 2 55 8 38 54 33 
#32 13 61 30 12 13 9 65 22 19 35 9 2 13 38 
#32 10 2 30 12 6 56 65 5 5 8 8 38 9 19 
#60 13 39 6 12 5 17 65 57 32 17 18 6 18 51 
#31 18 30 30 19 5 59 21 25 2 14 19 51 22 9 
#10 18 9 30 19 38 56 17 5 2 14 35 51 21 9 
#31 39 14 8 9 36 6 17 5 3 15 35 61 54 5 
#60 13 11 28 9 11 59 24 19 3 14 7 61 20 12 
#60 2 32 10 32 10 59 25 37 57 9 72 9 20 2 
#15 54 31 16 20 14 12 32 56 33 13 51 25 5 33 
#15 54 31 16 38 14 23 36 30 33 8 51 26 15 13 
#23 25 22 36 38 15 14 36 37 32 50 26 51 12 9 
#60 16 22 6 4 15 14 68 19 3 60 8 58 12 9 
#60 16 30 25 32 6 3 68 5 3 60 5 41 13 16 
#9 48 30 36 9 15 4 21 34 15 25 27 51 21 5 
#23 48 31 20 32 13 36 43 5 7 2 42 22 9 2 
#60 2 22 1 4 11 59 6 2 9 2 7 17 28 12 
#4 48 30 25 18 7 9 6 56 49 20 9 58 13 33 
#25 2 8 20 32 13 32 68 2 21 20 55 58 15 22 
#50 18 30 7 25 14 32 29 31 21 8 7 13 42 12 
#14 32 30 36 4 39 14 28 34 10 25 27 51 12 9 
#23 8 39 16 20 13 17 26 8 32 2 42 6 5 38 
#19 4 31 1 23 6 4 43 16 33 2 72 17 55 16 
#32 48 30 25 52 7 36 65 5 7 8 1 58 37 2 
#25 42 8 2 43 5 0 6 2 21 20 55 58 6 41 
#50 8 30 1 6 5 13 13 57 16 17 7 13 42 12 
#25 32 2 7 23 29 12 43 31 33 25 55 61 6 7 
#23 8 39 8 4 60 6 26 8 32 60 11 38 54 33 
#19 4 22 20 23 60 4 43 16 33 5 9 6 13 10 
#32 10 2 30 12 10 36 65 5 32 35 42 41 9 19 
#29 16 61 6 12 6 56 65 5 5 20 8 38 22 41 
#60 13 39 1 23 5 17 26 57 32 17 48 22 28 46 
#25 13 29 46 23 5 12 28 25 33 25 19 10 6 7 
#10 16 14 30 4 38 59 32 31 2 60 47 51 7 9 
#60 13 9 20 32 13 56 68 5 5 48 35 61 13 5 
#32 39 14 30 12 6 6 17 19 3 15 42 61 54 51 
#32 16 2 6 12 11 59 65 31 5 8 8 22 20 12 
#16 13 39 10 32 10 17 25 37 5 17 18 9 15 46 
#31 54 18 46 20 5 12 28 25 2 13 19 10 22 33 
#10 18 30 16 19 14 23 43 31 2 8 47 25 7 9 
#8 10 9 8 9 1 56 17 30 5 48 26 26 21 5 
#31 39 14 56 32 6 14 68 37 3 15 36 61 54 9 
#60 16 11 6 4 11 3 24 19 3 60 8 22 37 16 
#16 2 30 10 32 10 36 25 37 5 9 72 9 13 22 
6 22 38 4 13 26 
1 45 25 28 16 27 
5 2 8 39 19 42 
34 29 12 57 24 46 
40 33 43 50 49 11 
10 17 15 47 51 23 
#Base: 898
#Max: 475
#528953
#Turn 4
#60 2 22 8 25 36 0 17 2 3 15 72 17 15 5 
#19 4 31 1 9 6 4 43 5 33 15 72 17 55 16 
#19 4 32 1 25 4 4 68 16 33 9 7 14 55 16 
#50 2 2 20 25 5 56 65 32 5 9 7 14 9 41 
#32 54 2 25 52 14 23 65 30 33 8 51 26 15 13 
#32 10 2 30 23 10 36 17 31 57 35 42 41 9 12 
#32 54 31 30 12 14 36 65 5 32 13 51 41 9 33 
#15 16 31 16 20 15 12 68 56 3 60 51 25 5 33 
#60 16 22 6 4 15 9 32 19 2 55 8 58 12 33 
#23 25 22 20 4 15 14 32 37 32 50 26 38 12 9 
#23 54 39 28 10 15 48 17 31 10 48 42 22 12 51 
#23 54 39 2 43 13 32 6 31 49 48 9 22 37 33 
#25 48 30 2 52 7 32 6 5 49 8 55 58 37 7 
#32 13 30 25 52 5 17 65 57 32 17 18 58 18 2 
#60 32 39 6 12 29 12 43 31 32 17 18 6 18 51 
#25 2 8 25 32 13 3 68 2 21 60 55 58 15 22 
#32 16 31 25 32 6 3 68 5 3 60 5 41 13 16 
#32 4 31 56 23 6 4 65 37 33 15 36 37 54 9 
#31 2 32 10 32 6 14 68 37 3 9 72 61 54 9 
#29 16 61 6 12 6 56 25 5 57 20 8 9 22 41 
#25 42 8 2 18 7 9 6 2 49 20 9 58 13 41 
#23 8 30 25 4 7 9 6 56 32 60 9 58 13 33 
#60 8 39 8 32 60 6 68 5 32 48 11 61 13 33 
#60 16 14 30 4 13 59 32 5 2 60 35 51 7 9 
#10 16 31 30 20 60 4 43 31 2 5 43 51 7 38 
#32 32 61 30 20 13 9 26 22 19 55 9 2 13 38 
#32 13 29 30 4 13 32 65 56 19 35 8 2 6 33 
#60 53 39 8 4 5 17 32 57 32 17 48 22 6 33 
#32 13 39 1 12 5 6 17 19 3 17 48 22 28 46 
#60 13 14 30 12 6 6 17 19 3 14 7 61 20 12 
#60 2 22 1 25 6 36 17 31 19 25 72 17 15 16 
#32 10 14 30 9 10 6 65 5 32 15 35 61 9 19 
#19 4 31 1 23 6 4 43 56 33 2 51 25 55 33 
#60 16 22 6 4 15 56 68 5 5 9 8 14 12 12 
#32 16 2 25 52 5 0 32 32 16 55 42 38 54 33 
#23 25 22 36 38 15 23 36 37 32 8 26 51 15 13 
#4 48 31 28 23 15 36 17 31 57 2 10 41 12 51 
#32 10 2 28 12 13 59 65 31 32 35 42 22 9 19 
#25 48 31 16 20 14 12 32 56 33 13 55 58 37 33 
#60 48 30 6 52 7 36 65 5 7 60 1 58 12 2 
#60 13 39 6 12 5 17 32 22 2 55 8 38 54 33 
#25 32 22 7 38 15 14 36 37 32 50 55 61 12 7 
#25 2 8 20 32 13 32 17 2 21 2 55 51 12 51 
#60 16 30 28 32 6 3 68 31 3 60 9 22 13 33 
#32 48 30 25 43 60 4 65 2 49 20 55 58 37 2 
#31 48 30 56 52 6 14 65 37 7 8 36 58 37 2 
#60 2 32 10 32 5 17 25 37 32 9 18 9 20 51 
#29 16 2 7 12 6 56 43 31 33 20 8 38 22 7 
#25 42 8 20 32 5 32 68 2 21 20 55 58 15 22 
#60 48 30 25 18 7 9 6 56 49 20 9 58 13 16 
#32 4 39 8 4 60 4 26 5 33 60 43 38 55 33 
#60 13 14 56 32 13 14 68 5 3 15 36 61 13 5 
#60 2 32 30 32 38 59 32 31 2 60 72 51 7 2 
#23 16 31 6 12 6 56 43 16 32 20 43 6 55 41 
#14 42 2 7 43 5 0 26 8 32 55 51 58 6 41 
#32 13 61 30 18 7 9 6 56 19 20 9 2 13 38 
#25 53 39 8 4 5 32 26 8 32 60 8 38 6 33 
#60 13 39 20 32 5 56 68 5 5 48 48 22 13 46 
#32 16 14 30 4 38 6 32 31 3 60 42 61 7 51 
#23 13 11 28 20 11 59 43 16 3 5 43 6 55 12 
21 24 10 49 34 53 
36 37 48 18 43 54 
40 58 38 45 57 23 
15 50 39 44 22 6 
32 27 17 52 51 4 
19 41 12 13 7 11 
#Base: 898
#Max: 530
#590200
#Turn 5
#23 16 30 25 20 7 4 6 31 2 5 43 58 7 38 
#23 16 31 28 20 60 4 17 31 10 48 42 51 12 51 
#60 48 39 25 18 15 48 6 31 10 48 42 22 13 51 
#32 48 2 25 18 5 9 32 56 16 20 42 58 13 16 
#23 16 31 6 52 6 56 32 16 16 55 43 6 54 41 
#4 48 31 28 23 15 36 65 31 32 35 42 22 12 51 
#32 10 2 28 32 13 32 65 2 32 20 42 22 9 19 
#31 42 32 10 32 6 14 68 37 21 20 72 58 15 9 
#60 16 32 10 32 6 14 68 31 3 60 9 22 54 33 
#14 42 30 7 32 5 0 26 8 3 55 51 22 6 33 
#32 16 39 30 12 5 17 32 22 2 55 8 61 7 33 
#25 16 14 16 20 14 6 32 56 3 13 42 61 7 33 
#31 48 31 56 20 14 14 65 37 7 13 36 58 37 33 
#31 13 39 56 52 5 56 65 37 5 48 36 58 37 46 
#60 13 39 30 4 5 56 68 5 2 60 48 51 7 9 
#25 4 8 25 4 60 4 26 2 33 60 55 58 15 22 
#32 48 39 6 52 7 36 65 5 33 60 1 38 55 2 
#32 48 30 6 52 60 4 65 5 7 20 55 58 12 2 
#32 8 39 8 32 60 4 65 5 49 20 55 58 13 33 
#60 54 39 30 12 60 6 68 5 32 13 11 41 13 33 
#60 53 39 1 23 5 17 32 56 32 2 48 22 6 33 
#60 53 39 56 23 6 17 32 37 33 15 48 37 6 33 
#60 4 31 30 23 6 59 65 31 2 60 72 51 7 2 
#60 13 14 56 32 38 14 68 31 2 15 36 51 13 2 
#60 13 14 56 32 13 23 65 5 33 8 36 26 15 13 
#25 32 22 7 38 15 14 36 37 32 20 55 61 22 41 
#25 48 30 2 52 15 32 36 5 49 8 55 58 12 7 
#25 13 30 2 52 7 17 65 5 32 17 55 58 18 7 
#32 16 30 16 52 5 17 65 56 32 17 51 58 18 33 
#23 54 31 2 43 13 32 68 31 49 60 9 22 37 33 
#23 48 30 28 23 7 36 6 31 57 2 9 58 12 33 
#32 10 2 28 20 60 59 65 31 2 5 42 51 7 38 
#23 54 8 28 32 5 48 17 31 10 48 55 22 12 51 
#60 2 32 10 18 6 9 6 56 49 9 9 61 13 9 
#32 16 2 25 52 5 0 68 32 16 55 42 22 54 33 
#14 42 2 7 12 6 0 26 8 32 20 51 6 6 41 
#4 13 39 28 23 15 17 32 31 57 2 8 41 54 33 
#32 16 2 30 4 38 59 65 31 32 60 42 22 9 19 
#25 42 31 20 20 5 12 32 2 21 13 55 58 37 22 
#31 2 30 56 52 6 14 65 37 3 8 72 61 37 2 
#60 16 30 28 32 5 56 68 31 3 48 9 22 13 33 
#60 16 2 30 4 5 0 26 8 32 60 51 58 7 9 
#25 2 8 25 12 5 17 32 22 21 60 8 38 15 22 
#32 16 14 8 4 38 4 32 5 3 60 43 61 7 33 
#25 48 31 6 20 7 36 65 56 33 13 55 58 37 33 
#32 48 30 56 52 60 4 65 37 49 8 36 58 37 2 
#60 8 39 8 32 60 6 68 5 32 48 11 61 13 46 
#60 54 31 30 12 13 36 65 5 32 13 51 51 9 33 
#25 4 31 25 23 6 3 68 2 21 60 51 58 55 22 
#32 53 39 8 4 5 4 26 57 32 60 43 38 6 33 
#60 4 30 56 23 6 36 65 37 33 60 1 58 54 9 
#32 2 30 25 43 38 4 65 31 2 60 55 58 37 2 
#60 8 39 56 32 60 14 68 5 3 48 36 61 13 5 
#32 54 2 30 12 14 23 65 30 33 8 51 26 15 13 
#29 16 31 1 23 6 56 43 56 57 20 8 9 55 41 
#25 53 22 7 38 15 17 32 37 32 17 55 22 6 33 
#32 4 30 2 52 6 4 6 5 33 15 55 37 37 9 
#60 13 30 30 32 5 17 32 31 2 17 72 51 18 2 
#15 16 14 16 20 13 12 68 5 3 15 36 25 13 33 
#32 54 39 2 43 14 32 6 31 49 48 51 22 15 33 
32 26 2 21 8 4 
49 59 31 44 48 40 
54 7 39 52 46 34 
18 51 22 13 50 14 
5 12 47 45 29 19 
20 37 17 16 28 23 
#Base: 898
#Max: 584
#650334
#Turn 6
#23 48 30 28 52 15 32 36 5 10 8 55 58 12 51 
#60 48 30 25 52 15 48 6 5 49 48 55 58 13 7 
#60 48 39 56 18 15 17 6 37 33 15 48 37 13 33 
#60 16 32 10 23 6 17 68 37 3 60 48 22 54 33 
#60 16 32 6 32 6 56 32 31 3 60 43 6 54 41 
#32 53 39 8 43 14 4 6 57 32 60 43 22 6 33 
#32 10 39 2 43 60 59 6 31 49 48 42 22 7 38 
#25 10 2 28 20 7 36 65 56 33 13 55 58 37 38 
#25 48 31 6 23 7 36 65 2 21 13 55 58 55 22 
#25 16 31 28 23 6 3 68 31 21 48 9 22 55 33 
#31 42 31 1 32 6 56 43 37 21 20 8 58 15 41 
#31 2 30 10 32 6 14 65 37 21 20 72 61 15 2 
#31 2 39 56 52 6 14 68 37 3 48 36 61 37 2 
#60 8 39 8 32 60 6 68 5 32 48 36 61 13 5 
#60 8 2 8 52 5 6 68 32 16 55 11 61 54 46 
#32 2 30 8 32 38 4 65 31 49 60 55 58 37 2 
#32 4 31 30 23 38 4 65 31 2 60 55 58 7 2 
#31 13 39 30 52 5 59 65 31 2 48 72 51 37 2 
#31 4 39 56 52 6 56 65 37 5 48 1 58 54 9 
#60 13 39 30 4 5 36 68 37 33 60 48 51 54 9 
#4 48 31 28 23 15 14 65 37 7 35 42 58 37 33 
#60 48 31 56 20 13 14 65 37 7 13 36 51 9 33 
#32 48 31 56 12 60 36 65 5 32 8 36 58 9 33 
#32 54 30 56 43 60 4 65 31 49 8 36 58 37 2 
#60 54 39 2 12 60 6 68 5 32 60 9 22 37 33 
#60 16 2 1 4 38 17 65 31 32 2 48 22 6 19 
#32 48 2 6 52 60 4 65 31 32 20 55 58 9 19 
#32 48 30 6 52 60 36 65 5 33 60 55 58 12 2 
#32 16 30 6 52 5 17 65 5 33 60 51 38 55 33 
#60 16 14 16 52 5 17 65 31 2 17 36 51 13 33 
#32 53 8 28 32 5 48 26 57 32 48 43 22 12 51 
#25 54 30 2 43 15 32 36 5 49 48 51 22 12 7 
#32 10 39 25 18 15 59 65 31 2 48 42 22 13 51 
#60 48 39 56 23 6 36 65 37 33 15 55 37 37 33 
#60 4 32 10 23 6 3 68 2 21 60 51 58 55 33 
#60 16 30 6 52 5 56 68 31 3 55 43 6 13 41 
#32 53 39 1 23 5 56 43 56 57 20 43 38 6 41 
#31 42 39 10 43 6 32 6 37 49 48 51 22 15 9 
#32 2 30 28 52 60 59 65 37 2 8 72 61 7 38 
#25 48 31 6 20 60 14 65 5 3 48 36 61 13 5 
#25 8 31 25 23 6 6 68 5 32 48 11 61 55 46 
#32 16 30 28 52 5 56 68 32 16 48 42 22 13 33 
#32 8 39 1 32 60 56 65 56 57 20 8 9 55 33 
#31 42 32 10 43 38 4 65 37 21 60 55 58 37 9 
#31 2 31 30 23 6 59 65 37 2 60 72 61 37 2 
#31 8 39 56 32 5 56 65 37 5 48 36 58 13 46 
#60 8 39 56 23 6 36 65 5 32 60 1 61 13 9 
#60 16 2 25 52 5 0 68 32 16 60 48 22 54 33 
#32 48 39 28 23 15 36 65 5 49 20 55 58 12 51 
#31 2 30 25 43 38 14 65 31 7 60 55 58 37 2 
#60 54 31 30 12 6 59 65 31 2 13 51 51 9 33 
#31 48 30 56 52 60 4 65 37 49 48 36 58 37 46 
#23 4 31 2 23 13 32 68 31 33 60 1 58 54 9 
#60 13 39 30 4 60 6 68 5 32 60 48 51 7 33 
#60 48 39 1 23 5 36 65 31 32 35 42 22 12 33 
#32 48 2 30 4 14 59 65 37 7 60 36 58 9 33 
#60 54 30 6 12 60 36 65 5 32 20 51 51 9 33 
#32 48 30 56 52 60 4 65 37 33 8 36 38 55 2 
#23 54 31 16 43 5 32 68 31 49 17 51 22 37 33 
#60 13 14 56 12 38 6 68 5 32 15 36 51 13 33 
21 46 12 50 34 13 
58 28 36 19 24 55 
49 15 17 27 57 14 
53 42 33 51 23 43 
35 22 45 38 44 48 
3 47 1 18 56 26 
#Base: 898
#Max: 657
#731626
#Turn 7
#60 48 39 56 23 6 14 65 5 32 60 36 51 13 33 
#60 2 39 56 52 6 14 65 5 32 60 1 61 13 9 
#31 2 31 30 12 6 14 65 37 2 48 51 61 9 2 
#60 54 32 30 23 6 3 68 2 2 60 51 51 55 33 
#60 8 39 8 32 60 3 68 5 32 48 36 58 13 5 
#32 54 31 6 52 5 32 68 5 49 17 51 22 55 33 
#32 53 39 1 23 5 17 65 5 57 20 43 38 55 41 
#60 53 39 1 4 5 36 68 56 33 60 43 38 54 9 
#60 13 39 2 4 60 36 68 5 32 60 48 22 54 33 
#32 48 2 30 12 60 59 68 37 7 60 9 58 37 33 
#32 2 30 25 32 38 4 65 31 7 60 55 58 37 2 
#32 2 30 30 52 5 4 65 31 2 48 55 51 37 2 
#32 13 30 6 52 5 59 65 31 2 48 72 51 12 2 
#32 48 30 56 52 60 36 65 37 33 60 36 38 55 2 
#32 48 2 56 52 60 6 65 37 33 8 36 61 55 2 
#32 13 39 30 32 60 6 68 5 32 20 8 9 7 33 
#60 8 39 56 32 6 36 65 37 57 15 8 37 37 33 
#31 48 39 56 23 60 36 65 37 49 15 55 58 37 33 
#31 48 30 56 52 60 4 65 31 49 48 36 58 37 46 
#31 42 30 56 43 38 4 65 31 21 8 55 58 37 9 
#60 48 31 56 52 5 56 68 31 32 8 36 58 13 41 
#32 8 31 56 12 5 36 65 5 5 48 36 58 9 33 
#32 8 30 28 52 60 56 65 37 2 48 36 61 7 46 
#32 2 30 28 52 60 59 65 37 2 60 72 61 37 38 
#31 2 39 28 23 6 36 65 37 49 20 72 58 12 51 
#60 16 32 25 23 5 17 68 32 3 60 48 22 54 33 
#60 16 2 25 52 5 48 6 5 16 60 55 22 54 7 
#60 48 30 56 52 6 56 6 5 5 48 1 58 54 7 
#31 54 30 56 52 6 36 65 5 5 48 1 58 9 9 
#60 54 2 6 52 60 36 65 5 32 20 55 58 9 19 
#60 54 31 56 20 5 32 65 31 7 13 51 51 9 33 
#60 16 30 6 52 6 36 65 5 33 60 51 61 55 9 
#32 53 39 1 23 5 56 68 56 3 48 36 61 6 41 
#60 13 31 30 4 6 36 68 31 2 60 51 51 9 9 
#60 4 39 2 23 6 6 68 5 32 60 9 22 55 33 
#32 48 39 8 4 60 6 65 37 7 48 36 61 9 33 
#23 54 30 25 43 5 32 68 31 49 17 51 58 37 33 
#32 2 30 8 52 38 4 65 31 33 60 55 58 55 2 
#31 53 39 1 23 5 59 43 31 2 20 72 38 37 41 
#60 48 30 30 52 60 36 65 5 33 60 55 58 54 9 
#60 48 39 2 12 60 6 68 5 33 8 36 38 55 33 
#32 48 2 8 52 5 6 65 37 16 55 36 61 9 46 
#31 2 39 25 43 60 14 65 31 32 60 48 51 37 33 
#32 8 30 8 32 38 56 65 31 57 20 55 9 55 33 
#60 13 39 56 23 5 59 65 31 2 15 55 37 37 33 
#31 48 30 56 52 60 36 65 37 33 60 36 58 12 46 
#32 48 30 56 52 60 4 65 31 33 8 36 38 55 2 
#31 8 32 8 52 38 6 65 37 16 60 55 61 54 46 
#60 16 30 30 52 5 56 68 5 3 55 43 6 13 41 
#32 48 39 1 32 60 56 65 56 32 20 36 9 55 33 
#31 8 39 56 23 5 56 65 37 5 48 36 58 13 46 
#32 2 30 56 52 60 59 65 37 49 48 72 58 37 38 
#32 54 31 56 23 6 4 65 37 49 60 72 61 37 2 
#32 48 39 10 43 38 36 65 5 49 20 55 58 12 51 
#60 16 32 10 52 6 56 68 37 3 60 48 6 54 41 
#32 16 31 25 12 5 0 65 5 16 60 36 22 54 33 
#31 8 39 25 32 15 56 65 37 5 48 55 58 13 7 
#32 4 30 28 52 60 56 65 37 5 8 1 61 54 9 
#31 54 30 30 12 6 36 65 37 32 60 51 61 37 33 
#32 48 2 28 23 60 36 65 31 49 20 55 58 12 51 
30 19 0 9 8 50 
43 44 46 17 54 32 
37 31 52 23 13 36 
59 20 18 51 45 22 
24 53 58 39 49 42 
16 29 14 47 7 3 
#Base: 898
#Max: 695
#773942
#Turn 8
#31 42 31 56 43 38 4 65 31 21 8 55 51 37 9 
#60 48 30 56 23 6 14 65 5 21 60 36 58 13 9 
#60 48 2 30 23 60 59 65 5 7 60 9 51 13 33 
#60 48 39 2 4 60 59 68 5 32 60 48 22 37 33 
#60 13 39 2 23 5 36 65 37 32 48 36 58 13 33 
#32 8 30 8 32 5 56 65 31 2 20 55 37 37 33 
#32 13 39 56 52 5 4 65 31 33 8 36 37 55 33 
#32 48 39 56 23 60 4 65 37 49 8 55 58 55 2 
#31 48 32 56 52 60 56 65 37 49 60 55 6 37 33 
#32 53 32 10 23 6 56 68 37 3 60 36 6 6 41 
#32 16 30 6 52 6 4 65 31 33 60 51 58 55 2 
#60 54 31 6 23 6 4 65 5 33 60 72 61 55 2 
#32 54 30 28 52 6 59 65 37 49 60 72 61 37 2 
#32 48 30 28 52 60 59 65 37 33 60 36 38 37 38 
#32 48 30 25 52 5 32 68 31 33 17 51 38 37 33 
#60 48 2 56 23 60 56 68 31 32 8 36 58 12 41 
#60 48 31 56 52 5 4 65 31 49 48 36 58 37 41 
#31 48 30 56 52 60 59 65 37 49 48 36 58 37 38 
#32 48 30 56 52 60 59 65 37 49 60 36 58 12 46 
#32 48 30 56 52 60 56 65 37 2 60 36 61 12 46 
#31 2 39 10 43 38 36 65 37 49 20 55 58 12 51 
#31 48 39 10 12 6 36 65 5 49 20 55 61 12 33 
#31 48 30 30 52 60 36 65 37 32 60 51 58 54 33 
#60 48 30 30 32 60 36 65 56 33 20 36 58 55 9 
#32 48 39 25 32 60 56 65 31 32 60 36 9 55 33 
#60 8 2 6 32 60 36 65 37 32 20 8 58 37 19 
#32 54 2 6 52 60 6 65 37 32 20 36 58 55 2 
#32 8 32 56 52 38 6 65 37 33 8 36 61 55 46 
#31 8 32 1 52 5 36 68 37 16 60 43 61 54 9 
#60 53 39 30 23 5 36 68 56 2 60 43 38 54 9 
#32 54 30 8 32 5 32 65 31 57 20 51 9 55 33 
#60 42 30 56 23 5 4 65 31 21 15 55 58 37 33 
#60 48 30 56 23 60 4 65 31 33 60 36 51 13 33 
#31 48 2 30 23 60 36 68 37 49 15 55 58 37 33 
#60 13 39 10 4 60 56 68 37 32 60 48 22 54 33 
#31 8 39 1 23 5 56 68 56 5 48 36 58 13 41 
#32 8 30 8 52 38 56 65 31 57 20 55 9 55 33 
#60 13 39 56 52 5 59 65 31 2 60 55 37 37 33 
#32 48 30 56 23 6 4 65 31 49 60 72 38 55 2 
#31 2 30 56 52 60 36 65 37 49 15 55 58 37 33 
#32 16 30 10 52 6 36 65 37 3 60 36 38 55 2 
#32 53 30 25 23 5 56 68 56 49 48 36 61 37 33 
#32 2 30 28 52 60 36 65 31 49 60 55 58 55 2 
#60 16 31 56 52 5 56 68 5 33 60 51 61 55 41 
#32 48 31 56 23 6 4 65 37 49 48 72 58 37 46 
#32 2 30 28 52 60 59 65 37 2 48 72 61 37 38 
#32 48 30 56 52 60 36 65 37 33 60 36 38 12 46 
#23 8 30 28 52 5 56 65 37 49 17 51 58 37 46 
#31 2 39 28 23 60 36 65 31 49 20 72 58 12 51 
#60 48 31 10 52 38 56 68 5 32 8 55 58 13 41 
#31 48 30 56 52 60 4 65 31 49 48 36 58 37 46 
#32 2 30 30 52 60 36 65 37 49 60 72 58 37 9 
#31 48 39 56 32 60 36 65 56 33 60 36 58 55 46 
#31 8 30 25 43 60 56 65 37 2 60 36 61 37 46 
#31 8 39 28 23 6 36 65 37 49 15 8 58 37 33 
#60 48 2 10 52 38 36 65 5 32 20 55 58 9 19 
#32 54 2 30 52 60 6 65 37 33 8 36 61 55 2 
#60 8 30 8 52 38 36 65 5 16 60 55 61 54 9 
#60 48 39 1 32 5 36 68 56 32 20 43 9 55 9 
#31 54 39 25 23 60 3 65 31 2 60 51 51 37 33 
57 59 7 41 34 38 
27 29 32 13 44 48 
3 37 50 22 19 53 
45 43 8 52 18 51 
49 24 23 17 12 39 
47 15 42 46 16 33 
#Base: 898
#Max: 711
#791759
#Turn 9
#31 54 30 8 52 38 36 65 31 2 60 51 61 54 9 
#31 54 39 25 23 60 4 65 31 49 8 55 58 37 33 
#32 53 30 25 23 60 4 68 37 49 48 36 61 37 2 
#32 53 30 25 4 5 56 68 56 32 60 36 61 54 33 
#32 48 39 56 23 6 4 65 37 32 60 48 22 55 33 
#32 53 39 30 52 5 6 65 56 2 8 43 38 55 46 
#60 53 30 56 23 5 4 68 56 2 60 36 38 54 9 
#32 48 30 28 23 60 4 65 37 33 60 36 51 37 33 
#32 48 31 56 52 60 59 65 37 33 48 36 38 37 46 
#32 2 39 28 23 60 4 65 31 49 48 72 58 12 51 
#60 48 39 56 52 5 59 65 5 2 60 48 37 37 33 
#60 13 30 56 52 60 59 65 31 49 60 36 58 37 33 
#31 48 30 30 52 60 36 65 37 49 60 36 58 37 46 
#32 48 30 30 52 60 36 65 37 32 60 51 61 54 46 
#32 8 30 25 43 60 56 65 37 2 60 36 61 37 46 
#32 2 30 56 52 5 59 65 5 2 60 72 61 37 38 
#31 48 31 56 52 60 56 65 37 33 60 51 6 55 33 
#31 48 39 56 32 60 36 65 37 33 60 55 58 37 46 
#31 48 39 56 32 60 59 65 37 33 60 36 58 55 46 
#32 2 30 56 52 60 36 65 37 49 60 36 58 12 46 
#60 48 39 10 32 60 56 65 31 32 8 36 58 55 41 
#60 48 39 25 32 60 56 65 56 33 20 36 58 55 9 
#60 48 30 30 52 60 36 65 56 49 48 36 58 55 9 
#32 54 30 56 52 6 59 65 37 49 48 72 61 37 38 
#32 2 30 28 52 6 36 65 37 49 60 72 61 37 2 
#60 48 2 56 23 5 56 65 37 32 8 36 58 12 41 
#60 2 2 28 52 60 36 68 31 32 60 36 58 12 2 
#32 2 30 28 52 60 36 65 31 49 60 36 38 12 2 
#60 48 30 56 52 60 4 65 37 49 48 36 38 37 41 
#60 48 2 30 23 5 4 65 31 49 15 36 58 37 33 
#60 8 30 8 52 38 36 65 5 16 60 55 61 54 9 
#60 54 39 25 23 60 3 65 56 2 60 43 51 54 33 
#32 48 39 56 23 60 4 65 31 33 60 36 58 13 2 
#32 48 30 25 23 5 59 68 37 33 60 36 61 37 38 
#60 13 39 56 4 60 4 68 37 49 60 72 22 37 46 
#32 48 39 28 23 6 36 65 31 49 20 72 38 55 2 
#32 8 32 2 4 60 59 65 5 32 8 48 61 55 33 
#60 13 39 30 52 5 59 68 56 2 60 43 38 54 9 
#31 48 30 56 23 60 4 65 31 33 48 36 51 37 46 
#32 48 30 30 52 60 59 65 37 32 60 51 58 54 33 
#32 48 31 56 23 60 56 65 37 49 48 72 58 37 46 
#31 8 39 28 43 60 56 65 37 49 20 72 61 12 51 
#60 2 39 28 4 60 59 65 37 2 48 48 22 37 38 
#60 13 39 56 52 5 59 65 31 33 60 51 37 55 33 
#31 48 32 56 52 60 4 65 37 49 48 55 58 37 33 
#31 48 39 30 32 60 36 65 37 32 60 51 58 55 46 
#32 48 30 56 52 60 59 65 37 2 60 36 58 12 46 
#32 2 30 25 52 60 56 65 37 49 60 72 61 37 9 
#32 2 30 28 52 60 56 65 5 32 48 72 61 13 38 
#32 48 39 56 52 5 56 65 31 33 60 36 9 55 41 
#31 48 30 56 52 60 56 65 37 49 20 36 6 37 9 
#31 48 39 56 52 60 36 65 56 49 60 36 58 37 38 
#32 48 30 56 52 60 59 65 37 49 60 72 58 37 46 
#32 2 30 56 52 60 36 65 37 49 60 72 58 37 33 
#60 8 31 10 52 38 56 65 37 49 8 55 58 13 41 
#32 48 39 25 23 60 56 65 31 32 8 36 58 12 41 
#60 2 30 30 32 60 36 65 56 33 20 55 58 55 9 
#31 48 30 56 52 60 36 65 37 33 60 36 58 12 46 
#60 54 30 28 52 6 4 65 37 49 60 72 58 37 41 
#31 2 2 30 52 60 36 68 37 49 15 55 58 37 33 
50 14 19 21 20 56 
33 38 58 13 46 49 
34 43 17 39 11 47 
53 23 18 52 40 8 
3 28 12 51 22 44 
10 41 57 45 16 31 
#Base: 898
#Max: 761
#847439
#31 8 30 56 52 60 56 65 37 2 60 36 6 37 46 
#32 8 30 25 52 60 56 65 37 2 60 36 61 37 46 
#32 2 30 56 32 60 56 65 56 49 60 36 58 55 9 
#60 48 39 25 32 60 56 65 31 32 8 36 58 55 41 
#60 48 39 10 32 60 56 65 31 32 8 55 58 55 41 
#31 48 30 56 23 60 59 68 37 33 48 36 51 37 46 
#31 54 30 28 52 60 4 65 37 33 60 36 51 37 41 
#60 48 30 28 52 60 36 65 37 49 60 72 61 54 41 
#32 48 30 56 52 60 59 65 37 2 60 51 61 54 46 
#32 48 30 56 52 60 56 65 31 33 60 36 58 55 46 
#60 13 39 56 52 60 59 65 31 49 60 51 37 55 46 
#31 48 39 56 32 60 36 65 37 33 60 55 37 55 33 
#31 48 39 30 32 60 59 65 37 33 60 55 58 37 33 
#60 13 30 30 52 60 59 65 31 32 60 36 58 54 33 
#32 2 30 56 52 60 59 65 37 49 60 36 58 37 9 
#32 54 30 56 52 60 59 65 37 49 48 72 61 37 33 
#32 54 39 56 32 6 59 65 37 33 60 36 58 37 38 
#31 48 39 56 52 60 59 65 37 49 60 36 58 37 46 
#32 48 30 56 23 60 56 65 37 49 60 72 58 37 46 
#32 48 31 56 52 60 59 65 37 49 48 36 58 37 46 
#32 48 30 25 52 60 4 68 56 49 60 36 61 54 33 
#31 48 30 56 52 60 4 65 37 49 48 36 38 37 41 
#31 48 30 30 52 60 36 65 37 49 60 36 58 37 38 
#31 48 39 56 52 60 36 65 56 49 60 36 58 55 38 
#60 48 32 56 52 60 36 65 56 49 48 55 58 37 9 
#31 48 39 28 43 5 59 65 37 2 60 48 37 37 51 
#31 8 30 28 43 60 36 65 37 49 60 36 58 12 46 
#31 48 39 30 32 60 36 65 37 33 60 36 58 55 46 
#31 48 39 30 52 60 36 65 37 32 60 51 58 55 33 
#60 54 39 25 52 60 3 65 37 33 60 51 51 55 33 
#32 48 30 56 23 60 59 65 37 49 60 36 61 37 9 
#31 8 30 25 43 60 56 65 37 33 60 36 51 37 46 
#32 54 30 28 52 60 36 65 37 49 60 36 58 12 46 
#60 48 30 25 52 60 36 65 37 32 60 51 61 55 9 
#32 48 30 10 32 60 59 65 37 32 8 36 58 12 41 
#60 2 30 30 32 60 36 65 31 33 60 36 9 55 41 
#32 13 39 25 4 60 4 68 37 49 60 72 22 37 38 
#60 13 39 56 23 5 4 65 31 33 48 51 51 37 46 
#60 48 39 56 32 6 4 65 37 49 60 72 58 37 46 
#32 48 30 30 52 60 36 65 37 32 60 51 61 54 33 
#60 13 30 56 52 60 59 65 37 2 60 36 58 37 46 
#32 2 30 25 52 60 56 65 37 49 60 36 9 37 9 
#32 2 39 56 52 60 36 65 37 49 60 72 22 37 33 
#60 54 30 56 52 5 59 65 37 33 48 72 61 37 33 
#31 48 39 56 32 60 36 65 37 33 60 55 58 37 46 
#32 48 30 30 52 60 59 65 37 32 60 72 58 54 46 
#32 13 31 56 23 60 59 65 37 49 60 72 58 37 33 
#32 48 30 56 52 60 56 65 37 33 48 36 38 37 9 
#32 53 30 56 4 60 56 65 56 32 60 36 58 54 33 
#32 54 30 56 52 6 4 65 37 49 48 72 38 37 41 
#31 48 39 30 52 60 59 65 37 33 60 36 58 37 46 
#31 48 30 56 52 60 59 65 37 49 60 36 58 37 38 
#32 48 31 30 52 60 36 65 56 49 48 36 58 37 46 
#32 48 32 56 52 60 59 65 37 49 48 36 58 37 33 
#60 53 39 56 52 5 56 68 56 2 60 48 37 54 33 
#31 8 30 28 52 60 4 65 37 49 20 36 61 12 51 
#31 48 30 30 52 60 36 65 37 33 60 36 58 37 46 
#31 48 39 56 52 60 36 65 37 49 60 51 58 55 46 
#60 48 31 56 52 60 36 65 56 49 60 36 6 55 33 
#60 54 32 56 52 60 3 65 37 49 48 55 51 37 33 
#Base: 898
#Max: 753
#838530
