#[0] 3, 3
#[1] 4, 3
#[2] 3, 4
#[3] 3, 2
#[4] 2, 3
#[5] 2, 4
#[6] 1, 3
#[7] 2, 2
#[8] 3, 1
#[9] 4, 4
#[10] 5, 3
#[11] 3, 5
#[12] 4, 2
#[13] 3, 0
#[14] 5, 4
#[15] 4, 5
#[16] 5, 2
#[17] 4, 1
#[18] 0, 3
#[19] 1, 4
#[20] 2, 1
#[21] 1, 2
#[22] 2, 5
#[23] 0, 4
#[24] 5, 1
#[25] 0, 2
#[26] 5, 5
#[27] 1, 5
#[28] 2, 0
#[29] 1, 1
#[30] 4, 0
#[31] 0, 5
#[32] 1, 0
#[33] 0, 1
#[34] 5, 0
#[35] 0, 0
#Turn 0
52 17 3 35 50 57 
1 55 12 36 14 46 
20 10 59 42 21 56 
7 23 4 30 48 11 
31 51 44 29 0 53 
5 6 24 54 49 38 
#Base: 877
#Max: 354
#403649
#Turn 1
#12 15 26 19 23 10 4 4 12 40 15 4 42 50 49 
#12 15 15 45 34 10 34 3 43 34 15 4 46 24 49 
#0 3 13 20 34 3 9 15 15 50 15 29 38 10 16 
#54 31 16 5 29 44 9 15 29 50 3 13 21 37 49 
#22 2 30 5 12 9 8 9 25 2 21 44 21 37 49 
#13 6 21 26 17 48 4 26 44 41 41 7 19 24 31 
#7 58 3 17 16 32 4 3 35 1 40 39 12 7 7 
#7 37 5 17 16 32 7 3 9 11 40 35 3 43 7 
#6 40 23 43 3 2 7 6 9 11 3 56 11 17 4 
#6 5 23 18 3 4 34 6 3 11 3 56 18 17 23 
#1 15 27 1 12 4 36 54 49 31 3 14 15 13 1 
#50 13 12 25 19 4 36 54 7 14 36 10 23 7 3 
#19 13 28 12 8 66 8 33 25 18 36 10 23 7 11 
#19 9 31 58 14 24 34 8 20 16 26 3 2 26 2 
#19 16 52 58 14 17 3 8 26 16 18 3 30 10 2 
#22 10 16 10 28 6 2 36 13 24 14 60 15 4 60 
#22 5 16 10 14 6 16 11 30 24 35 9 9 5 36 
#1 5 13 39 15 13 1 1 30 30 35 4 66 6 36 
#18 22 11 2 13 67 2 1 2 30 14 42 63 55 3 
#6 11 1 2 59 67 2 49 11 6 31 2 37 13 3 
#1 22 5 1 4 17 32 31 12 16 5 48 42 2 35 
#45 24 27 46 11 17 17 31 13 19 12 14 12 2 35 
#17 39 27 12 67 4 17 10 13 6 20 11 34 46 4 
#37 39 11 37 23 15 8 10 53 6 39 11 34 2 4 
#39 50 20 37 23 30 8 27 53 9 0 23 3 13 23 
#34 37 51 44 3 52 22 13 37 13 12 13 10 25 5 
#50 10 51 21 3 9 9 14 37 50 25 42 19 29 24 
#50 10 8 50 1 9 4 23 37 50 8 42 31 30 4 
#17 22 37 50 16 4 4 23 37 39 4 40 5 12 31 
#17 19 37 50 16 39 22 26 24 20 4 8 11 30 11 
#6 2 26 19 23 48 12 4 12 2 41 41 36 50 31 
#12 6 3 10 17 9 4 26 43 3 15 4 42 26 49 
#7 58 13 17 16 32 34 3 15 34 15 29 12 24 7 
#46 31 16 5 16 3 9 15 9 11 1 13 38 43 26 
#6 2 30 5 29 44 8 9 20 11 3 56 21 17 49 
#11 35 34 18 12 9 49 33 25 2 20 44 18 22 23 
#7 2 29 1 23 37 27 2 49 41 40 14 19 23 1 
#50 22 3 14 17 4 36 26 7 3 41 8 15 24 5 
#7 13 12 17 16 66 14 3 25 1 40 35 23 7 7 
#8 13 5 5 3 2 8 66 20 18 1 27 2 31 47 
#6 40 23 43 3 24 34 6 20 28 3 56 11 26 4 
#11 5 23 30 16 4 3 28 3 11 18 41 18 34 13 
#1 15 11 31 28 37 2 29 13 6 4 14 15 4 1 
#22 22 16 14 14 4 36 54 18 24 50 9 9 13 60 
#1 13 12 39 19 13 1 11 30 14 35 10 23 7 11 
#8 13 11 12 8 2 8 1 20 18 17 12 63 31 14 
#18 25 26 58 14 67 34 23 2 16 0 3 30 26 3 
#6 11 52 13 43 17 3 49 48 0 18 15 6 21 30 
#1 41 11 31 30 2 2 29 40 1 14 34 15 45 30 
#22 24 5 46 14 17 32 31 12 24 50 48 12 5 35 
#1 57 27 12 11 5 17 11 30 2 35 14 10 6 7 
#15 39 11 4 13 10 6 38 25 6 14 1 63 55 4 
#18 25 20 2 23 15 8 23 53 6 39 42 22 13 23 
#39 50 34 21 59 30 11 27 11 19 0 2 6 21 3 
#34 9 7 1 30 19 24 12 15 1 12 34 10 45 41 
#28 37 5 46 4 23 32 31 12 5 12 48 19 2 35 
#50 10 27 4 11 5 4 10 36 19 3 14 10 6 7 
#17 31 8 50 1 4 32 38 2 6 25 11 31 2 4 
#17 2 20 37 16 15 4 10 24 6 4 40 22 12 31 
#41 50 7 21 24 53 11 26 28 9 34 41 11 30 11 
10 48 12 17 23 14 
35 11 40 27 34 38 
55 5 59 43 26 39 
47 1 46 18 3 22 
6 24 15 19 25 30 
36 0 49 51 53 28 
#Base: 877
#Max: 405
#461802
#Turn 2
#1 41 27 1 12 4 36 29 40 1 14 14 15 45 1 
#19 13 28 12 30 66 2 29 40 1 14 34 15 7 11 
#1 13 13 39 15 66 1 1 30 18 36 10 23 7 36 
#37 39 13 37 23 15 8 10 30 30 39 4 66 2 36 
#19 39 11 58 14 17 8 8 26 16 39 3 34 2 4 
#50 35 12 25 12 9 49 33 25 2 20 10 23 7 23 
#50 40 12 43 3 4 34 6 7 14 3 10 11 26 3 
#50 10 23 43 3 24 4 23 37 50 3 42 11 30 4 
#50 2 30 5 1 44 4 23 20 11 3 42 21 30 4 
#6 2 12 17 16 44 8 3 20 1 40 35 23 17 7 
#13 6 5 46 17 23 4 26 44 41 12 7 19 2 35 
#41 6 21 26 24 53 11 26 44 9 41 41 11 30 31 
#22 50 16 14 14 4 36 26 18 24 50 9 11 13 60 
#50 10 16 21 3 4 36 54 18 24 50 9 19 29 24 
#8 13 51 21 3 9 8 66 37 18 25 27 2 29 47 
#6 11 15 13 43 17 34 49 43 0 18 4 6 21 49 
#18 15 15 45 34 67 34 23 2 16 0 3 30 26 49 
#18 22 26 2 13 67 34 23 2 30 14 3 30 26 3 
#18 31 16 2 29 67 9 15 2 30 3 42 63 37 49 
#17 31 16 5 29 4 9 10 13 6 20 13 21 46 4 
#7 58 3 17 16 32 8 3 35 1 40 23 3 13 7 
#22 10 16 37 23 30 8 36 13 24 14 60 15 13 23 
#22 10 1 10 28 6 2 36 13 24 14 2 37 4 3 
#34 37 1 44 59 52 2 13 37 6 31 2 10 25 5 
#6 37 26 19 23 52 12 4 37 2 41 13 36 25 5 
#7 2 29 19 23 37 27 2 49 41 15 4 19 50 1 
#12 15 5 19 14 17 4 4 12 24 50 48 12 5 35 
#22 24 5 46 13 10 32 31 12 24 14 1 63 55 4 
#15 39 34 21 59 30 6 27 11 6 14 1 6 55 3 
#17 22 34 50 16 30 4 23 11 19 0 40 6 12 31 
#11 35 34 18 12 9 36 54 25 2 20 44 18 13 1 
#1 41 11 25 19 2 2 29 40 14 14 10 15 45 30 
#19 13 28 12 8 66 34 6 25 18 36 56 23 7 4 
#50 5 13 39 1 13 1 23 30 50 35 42 66 6 4 
#6 39 30 5 29 15 8 10 53 6 3 11 34 2 4 
#7 13 12 17 16 66 14 8 25 1 18 3 23 7 7 
#28 35 5 18 4 9 49 33 25 2 12 48 19 2 35 
#50 6 21 25 17 48 36 54 44 14 36 7 23 24 31 
#6 50 23 21 3 53 11 6 20 28 34 41 11 30 4 
#50 10 8 50 1 4 4 23 37 24 8 42 9 13 60 
#50 2 51 5 3 9 9 14 20 11 25 42 19 17 49 
#8 13 12 5 16 2 14 66 25 18 40 27 2 7 47 
#28 37 5 13 4 17 3 49 12 0 18 48 19 21 35 
#13 15 15 26 17 48 4 26 43 34 15 4 46 24 49 
#18 25 26 58 14 67 34 23 2 9 0 3 30 26 3 
#18 22 11 2 14 67 2 1 18 30 14 42 63 55 3 
#50 31 51 5 3 9 9 15 37 50 3 42 21 37 24 
#8 13 5 5 3 2 8 10 13 6 1 11 34 46 4 
#7 58 3 13 43 32 3 3 35 0 40 15 12 21 7 
#12 50 20 37 34 30 34 27 43 9 0 4 3 24 23 
#18 25 16 10 28 6 2 36 2 16 0 3 15 26 60 
#18 11 11 2 59 67 2 1 2 6 14 2 63 13 3 
#34 31 51 5 29 44 9 13 37 13 12 13 10 37 5 
#6 2 27 19 23 48 17 4 12 6 41 41 34 50 4 
#7 58 3 1 16 37 4 2 49 41 40 14 12 7 1 
#12 50 26 19 23 30 8 27 53 9 15 23 42 50 23 
#22 24 5 46 28 17 32 31 12 24 14 60 12 5 60 
#6 11 11 2 13 67 2 38 11 6 31 1 37 55 4 
#39 50 34 44 3 30 22 27 37 19 0 13 6 21 5 
#17 22 37 50 16 48 4 23 37 2 41 41 36 50 31 
17 25 40 12 28 1 
58 53 7 56 57 38 
2 13 16 37 51 43 
39 46 33 18 59 23 
15 32 55 45 14 44 
49 54 11 3 27 41 
#Base: 877
#Max: 455
#518814
#Turn 3
#7 22 26 2 23 37 34 2 49 30 15 3 30 26 3 
#7 2 51 5 3 9 27 2 20 11 25 4 19 17 1 
#22 2 16 5 3 4 9 26 20 24 50 42 11 17 49 
#22 50 16 14 14 4 6 26 18 6 14 1 6 13 3 
#15 13 28 21 59 66 2 27 40 6 14 1 15 55 3 
#6 50 34 19 23 48 22 27 12 19 41 41 34 50 5 
#50 10 23 19 3 48 17 23 37 6 3 41 34 30 4 
#22 10 5 46 28 24 4 23 12 50 3 42 11 5 4 
#6 11 5 2 28 17 2 38 11 6 31 1 37 55 4 
#6 50 11 2 13 67 11 6 11 28 34 1 11 55 4 
#1 10 16 39 15 4 1 54 18 18 50 9 23 7 24 
#50 10 15 45 34 67 36 54 2 16 0 9 30 26 49 
#18 15 21 25 34 67 36 54 44 16 0 7 30 24 31 
#18 11 21 25 59 48 36 54 44 14 14 2 23 24 3 
#13 11 11 2 17 48 2 26 43 34 15 2 63 13 3 
#50 31 51 50 3 4 4 23 37 24 8 42 9 13 60 
#50 31 51 5 3 9 1 15 37 50 3 42 21 37 24 
#18 5 16 39 29 67 9 23 2 50 3 42 63 6 4 
#18 31 16 2 16 48 4 15 37 2 41 41 63 37 31 
#17 22 1 44 59 52 2 23 37 2 41 2 36 25 31 
#19 11 15 13 43 17 34 49 25 18 36 56 6 21 49 
#19 50 26 12 8 66 34 27 53 18 36 23 42 7 4 
#18 22 11 19 14 67 2 1 53 30 14 42 42 55 3 
#18 13 11 2 3 67 2 1 37 18 14 42 63 29 3 
#8 25 26 58 14 9 34 66 37 18 25 27 2 26 47 
#12 58 20 37 34 30 4 2 43 9 40 4 12 7 1 
#41 6 3 26 16 53 4 26 44 41 41 41 12 7 1 
#37 39 21 37 24 15 11 10 30 9 39 4 66 2 31 
#37 24 13 46 13 15 32 10 30 30 14 4 63 55 36 
#22 13 5 46 13 10 14 66 25 18 14 1 63 55 4 
#39 22 34 2 3 67 34 27 37 19 0 13 30 21 5 
#6 2 27 19 23 48 27 4 12 6 15 41 19 50 4 
#50 10 51 5 3 9 4 23 37 11 3 42 11 30 49 
#22 24 16 14 28 4 32 26 12 24 14 60 12 5 60 
#6 39 34 21 59 30 6 38 11 6 31 1 37 55 3 
#19 50 23 21 30 66 11 6 40 1 34 41 11 7 11 
#39 13 34 39 15 30 1 27 30 19 0 10 23 7 5 
#50 2 27 21 23 48 36 4 18 24 50 9 34 29 24 
#18 10 15 45 34 67 4 23 37 50 3 42 30 30 49 
#50 6 21 46 17 48 36 31 44 24 36 7 12 24 60 
#6 11 11 2 59 67 2 38 2 6 31 2 37 13 4 
#6 50 15 21 3 53 11 6 43 28 34 41 11 24 4 
#1 10 13 39 15 66 4 23 30 18 8 10 9 7 60 
#50 10 51 5 3 4 36 15 37 50 3 42 19 37 24 
#50 15 15 45 34 13 34 23 30 16 0 3 66 26 4 
#18 31 21 25 17 67 9 54 2 30 3 7 23 24 31 
#18 22 37 2 59 48 2 23 2 6 14 2 36 13 3 
#13 37 1 44 17 52 2 26 43 34 31 2 46 25 5 
#6 11 15 13 43 17 34 23 37 0 8 42 6 13 49 
#19 31 28 12 3 9 9 6 37 18 3 56 23 7 24 
#50 5 13 39 23 30 1 27 53 9 15 23 66 6 4 
#18 22 16 2 14 67 9 15 2 30 3 42 63 55 3 
#17 22 37 21 16 48 8 23 37 18 41 27 36 29 47 
#18 25 26 44 14 67 34 23 2 6 31 3 10 25 5 
#6 50 15 13 34 17 34 49 43 0 0 4 3 24 23 
#19 58 3 12 16 66 4 6 49 41 36 56 12 7 4 
#12 6 26 19 24 30 8 27 44 9 15 23 42 50 31 
#18 22 13 2 14 15 2 1 18 30 14 42 66 2 36 
#22 13 5 21 3 10 32 31 37 24 14 27 63 55 47 
#8 13 12 5 16 67 14 23 25 9 40 3 30 7 47 
30 26 23 13 16 9 
45 37 20 21 50 47 
52 43 22 17 15 34 
4 24 55 11 39 12 
27 58 28 38 29 5 
40 44 19 51 18 35 
#Base: 877
#Max: 462
#526796
#Turn 4
#41 22 3 2 3 67 34 27 44 41 41 13 12 21 1 
#18 6 11 2 3 53 2 26 37 41 14 41 63 7 1 
#18 11 21 25 59 48 36 54 37 18 14 42 63 24 3 
#18 11 21 25 59 48 36 54 44 50 14 2 23 24 3 
#50 50 11 5 13 9 11 6 37 28 34 1 21 55 24 
#50 31 27 25 23 67 9 4 2 30 50 9 23 24 24 
#19 11 15 13 43 17 34 49 25 18 36 9 34 21 24 
#19 50 26 13 43 66 34 49 25 18 36 56 42 7 49 
#19 50 13 39 23 30 1 27 53 18 36 23 42 7 4 
#13 5 1 44 17 52 2 27 43 9 31 23 66 6 4 
#17 22 37 21 3 4 36 15 37 50 41 42 19 37 24 
#50 10 11 19 14 4 2 15 37 30 3 42 19 37 3 
#18 5 16 19 14 67 9 23 2 30 3 42 63 55 3 
#50 31 16 39 3 67 4 23 37 24 8 42 63 13 4 
#50 39 51 21 3 4 6 38 11 6 8 1 9 13 60 
#15 13 28 21 59 66 2 27 40 6 25 27 2 26 47 
#8 58 3 58 16 9 4 6 37 18 25 27 2 26 4 
#50 10 15 45 34 67 36 6 49 16 0 56 30 26 49 
#50 6 15 46 34 48 36 54 44 24 36 9 12 26 49 
#18 6 21 46 17 48 36 54 44 24 36 7 12 24 60 
#37 39 5 21 3 15 32 31 30 9 39 27 66 2 47 
#22 13 5 46 13 10 32 31 30 24 14 4 63 55 47 
#37 10 15 45 13 15 4 10 37 30 3 4 63 55 49 
#18 13 5 46 34 10 14 23 37 50 3 1 63 55 4 
#22 13 34 46 13 10 22 66 12 18 14 1 34 50 5 
#6 15 11 45 59 67 34 23 2 16 31 3 37 13 4 
#50 22 1 44 34 13 34 23 37 2 41 3 66 26 31 
#18 22 1 2 59 52 9 23 37 30 41 42 36 25 31 
#18 22 16 2 16 48 9 15 2 2 41 42 63 55 31 
#18 31 16 2 30 66 11 6 40 2 34 41 11 7 31 
#39 31 34 25 3 67 34 27 37 19 0 13 30 24 31 
#41 6 3 21 16 48 36 4 44 24 41 41 12 29 24 
#19 13 11 13 43 17 2 1 25 18 36 56 6 21 49 
#18 50 26 12 59 66 34 54 44 14 36 23 42 24 3 
#50 5 13 39 3 9 1 15 53 9 15 23 66 37 4 
#13 37 11 2 13 67 11 6 43 28 34 2 46 55 5 
#17 22 21 25 16 67 8 23 2 18 3 27 23 29 47 
#50 2 27 21 3 4 36 4 37 50 50 9 19 37 24 
#19 22 15 19 14 17 2 1 53 30 36 42 6 21 49 
#19 5 16 12 8 67 9 23 53 50 3 23 63 7 4 
#50 5 13 50 3 30 4 27 53 9 8 23 9 13 60 
#13 39 1 44 59 52 2 26 11 6 31 1 37 55 5 
#17 13 37 21 59 48 2 23 37 6 41 27 15 29 3 
#8 10 51 58 3 4 34 66 37 50 25 42 2 37 47 
#19 22 3 19 14 67 4 6 49 30 14 56 42 55 4 
#50 10 16 45 34 67 9 54 2 50 3 9 30 6 4 
#50 31 21 50 3 48 4 31 37 24 8 7 12 13 60 
#18 15 34 25 59 30 6 54 11 6 31 7 37 55 31 
#37 39 21 21 59 15 2 10 40 9 14 1 15 55 3 
#8 25 26 58 3 9 32 31 37 18 25 27 2 55 47 
#19 24 13 46 13 66 32 6 49 41 14 56 12 55 36 
#50 10 15 45 34 67 4 54 37 50 0 42 30 26 49 
#50 13 21 46 17 10 36 31 25 18 36 1 12 24 4 
#18 50 34 19 23 67 36 27 44 16 41 41 34 50 5 
#37 11 11 37 59 67 2 38 30 9 39 4 66 13 31 
#22 13 15 45 34 13 32 23 37 24 14 27 63 55 47 
#17 24 1 44 59 15 32 10 30 30 14 2 63 55 31 
#18 10 16 45 34 67 9 15 2 30 3 42 30 30 49 
#18 31 5 2 13 10 4 66 25 18 14 41 63 37 31 
#19 50 23 21 23 66 11 6 40 19 41 41 34 7 5 
58 5 39 27 21 20 
28 35 41 53 47 57 
23 15 54 43 50 12 
56 2 17 7 33 19 
59 26 55 51 18 3 
49 22 45 13 44 46 
#Base: 877
#Max: 533
#607754
#Turn 5
#50 31 27 25 13 67 4 66 25 30 14 9 63 24 24 
#19 5 27 12 23 67 9 23 53 50 50 9 63 24 4 
#18 5 16 2 59 52 9 23 53 30 3 23 36 25 4 
#22 22 1 2 13 10 9 31 37 24 41 4 63 25 47 
#22 13 5 46 3 10 32 31 30 24 39 4 66 2 47 
#18 37 16 2 13 48 11 6 2 2 34 42 63 55 31 
#13 37 1 2 59 67 11 26 11 28 34 2 37 55 5 
#18 50 34 44 59 52 36 27 11 6 41 1 34 55 5 
#18 50 34 25 59 30 36 27 44 16 41 7 37 55 31 
#18 15 34 45 59 67 9 15 2 30 3 42 30 30 49 
#15 13 5 46 59 66 2 23 37 50 3 27 2 55 47 
#15 13 28 21 59 67 2 38 40 9 39 27 66 13 31 
#8 10 11 58 3 67 34 66 37 50 39 4 66 13 31 
#8 10 51 58 3 66 34 6 49 41 14 56 12 55 36 
#18 24 13 46 14 67 32 23 49 41 3 42 12 55 3 
#18 11 1 25 59 15 36 54 30 18 14 2 63 24 3 
#50 11 15 45 34 48 36 54 49 18 0 56 63 24 49 
#50 10 15 13 34 66 36 49 25 16 0 56 30 7 49 
#19 50 26 12 43 66 34 54 25 14 36 23 42 24 3 
#18 6 21 46 17 66 36 54 44 24 36 7 42 24 60 
#50 22 23 44 34 13 34 6 40 19 41 41 34 7 31 
#50 13 15 44 34 13 32 23 37 2 14 27 63 55 47 
#50 13 15 45 34 13 4 54 37 50 14 42 30 26 49 
#50 10 15 45 34 67 4 54 44 50 0 9 12 26 49 
#50 11 21 46 59 48 36 54 44 24 36 9 12 26 49 
#37 25 15 45 3 9 32 10 37 30 25 27 63 55 47 
#50 10 15 45 13 67 9 10 37 50 3 4 30 6 49 
#50 31 16 45 3 67 4 54 37 50 8 42 63 6 4 
#50 31 3 19 3 67 4 23 49 30 8 42 63 13 4 
#19 22 3 19 14 67 4 31 37 24 8 7 12 13 60 
#18 31 16 2 16 10 4 15 25 2 41 41 63 37 31 
#13 37 27 25 13 67 11 4 43 28 34 9 46 24 24 
#19 39 16 12 8 67 9 23 53 6 31 1 37 55 5 
#18 50 34 19 59 67 9 27 37 16 41 42 34 25 5 
#18 15 5 25 59 30 32 31 30 6 31 7 63 55 47 
#37 10 5 21 34 67 32 31 30 9 39 27 30 30 47 
#18 22 5 2 34 10 9 23 2 50 41 42 63 55 4 
#15 37 28 21 13 67 11 27 43 28 34 27 46 55 5 
#37 11 11 44 59 67 2 26 30 9 39 1 66 55 5 
#18 50 51 58 23 4 34 66 44 16 25 42 2 37 5 
#18 24 34 46 59 30 6 54 49 6 14 56 37 55 36 
#18 10 16 19 14 67 9 23 2 30 3 42 63 30 49 
#17 24 1 46 34 10 32 10 30 30 3 2 63 55 4 
#15 11 21 21 59 66 2 27 40 6 14 42 63 26 47 
#37 11 15 45 59 67 2 38 49 16 0 56 66 26 49 
#19 50 26 13 3 4 34 66 37 50 36 56 2 37 49 
#18 50 26 46 59 66 34 54 49 41 14 23 42 24 3 
#18 5 21 46 17 48 36 54 44 24 36 42 12 24 3 
#19 50 23 21 23 66 32 6 30 19 41 41 63 7 31 
#18 22 21 44 34 13 36 54 37 18 14 42 66 24 31 
#22 10 15 45 34 67 36 23 49 16 0 27 30 55 47 
#50 50 26 13 43 66 4 54 37 18 36 42 30 7 49 
#50 6 15 46 34 48 34 54 44 24 36 9 42 26 3 
#18 11 21 25 59 48 36 54 44 50 36 2 23 24 3 
#8 50 26 21 23 66 32 31 37 19 25 27 2 7 5 
#50 22 1 45 34 13 4 10 37 2 41 3 63 55 49 
#50 13 15 45 34 13 32 54 2 50 3 9 30 55 47 
#50 10 15 45 3 67 4 54 37 24 8 42 30 13 49 
#19 6 3 19 34 67 36 6 49 24 36 56 42 55 4 
#18 11 21 50 59 48 36 54 44 24 8 2 23 24 3 
49 34 57 11 17 1 
9 52 50 40 33 22 
18 43 24 51 13 58 
8 27 12 44 46 45 
56 7 23 16 19 0 
55 48 10 38 39 21 
#Base: 877
#Max: 552
#629418
#Turn 6
#18 22 21 44 34 13 36 31 30 18 31 7 66 24 47 
#18 10 5 45 59 67 32 54 37 24 31 7 63 13 47 
#50 13 15 45 3 67 4 54 40 24 39 27 30 13 31 
#50 13 15 13 34 67 2 49 25 16 0 56 66 7 49 
#50 5 27 13 34 67 36 49 25 16 50 9 30 24 49 
#18 15 15 46 59 48 9 54 2 30 36 42 30 26 49 
#22 6 15 46 34 67 34 54 44 16 36 27 30 55 47 
#22 24 34 46 34 67 6 23 49 6 14 27 37 55 36 
#18 50 34 19 59 67 9 27 49 16 41 42 37 55 36 
#18 13 15 45 34 13 9 27 37 50 14 42 34 25 5 
#19 50 26 12 43 66 2 54 40 14 14 42 42 26 3 
#50 11 21 46 59 48 2 27 44 6 36 9 12 26 49 
#50 50 26 13 59 48 4 54 44 24 36 9 30 7 49 
#8 50 26 58 3 66 34 6 49 41 14 42 30 55 36 
#19 10 51 58 3 66 34 6 49 24 14 56 42 55 36 
#18 31 34 25 59 67 36 54 44 50 8 7 63 55 4 
#8 31 11 58 3 67 4 66 37 50 8 4 63 6 4 
#8 10 11 45 59 67 2 38 49 16 0 56 66 13 49 
#18 11 15 45 59 67 34 54 49 41 0 56 42 24 3 
#18 50 26 46 59 66 34 66 37 50 14 56 42 37 3 
#50 13 34 44 59 13 32 27 11 50 3 9 30 55 5 
#50 10 15 44 34 52 4 27 11 6 0 1 12 26 5 
#50 10 15 45 34 67 4 54 44 50 0 9 63 24 49 
#18 11 21 45 17 48 36 54 44 18 36 7 63 24 49 
#18 31 21 25 17 67 4 54 44 30 14 7 42 24 24 
#50 50 23 21 23 66 32 10 37 19 41 41 63 7 49 
#19 13 5 46 23 66 32 6 37 50 3 41 63 55 31 
#37 13 11 44 59 66 2 23 37 9 3 1 66 55 47 
#18 11 51 44 23 67 34 26 44 16 39 1 2 37 5 
#18 13 15 44 34 13 32 66 44 16 14 27 63 37 5 
#18 22 34 45 34 67 36 15 2 18 14 42 30 24 31 
#50 15 15 25 59 48 32 54 30 24 36 9 63 55 3 
#50 10 15 45 34 67 36 23 37 16 0 42 30 55 47 
#15 24 28 21 59 30 6 54 40 6 14 27 66 13 36 
#18 50 34 19 59 66 36 49 25 16 41 56 34 7 49 
#19 13 15 12 34 13 4 54 53 50 50 42 63 26 49 
#18 15 26 45 43 67 9 15 25 14 36 23 42 30 3 
#15 6 15 21 59 48 34 27 40 6 14 42 63 26 3 
#22 11 15 46 59 67 36 54 49 24 0 27 12 26 49 
#18 50 34 46 43 66 4 54 49 6 14 56 30 55 36 
#8 10 51 19 3 66 34 6 49 16 41 56 34 25 36 
#50 13 3 45 34 13 4 6 37 50 36 56 30 55 49 
#19 50 26 25 59 66 34 27 44 16 41 23 42 55 3 
#15 31 21 45 59 67 4 27 37 50 14 42 63 6 47 
#50 11 21 58 59 67 34 54 37 24 39 9 12 13 49 
#50 50 15 45 59 66 4 38 49 16 36 56 66 7 49 
#18 50 51 58 3 66 34 6 49 41 14 56 42 24 36 
#19 50 26 13 3 67 34 6 37 50 36 56 2 37 4 
#50 50 15 45 59 13 36 54 44 50 41 7 30 55 31 
#50 31 16 44 59 52 36 54 37 6 8 1 63 55 5 
#50 10 11 45 34 67 4 54 44 50 0 9 12 26 49 
#50 11 15 45 59 67 2 38 49 18 0 56 63 26 49 
#18 50 26 46 59 66 36 54 49 24 36 23 42 24 60 
#50 50 27 13 13 67 4 66 37 30 14 56 2 37 24 
#50 22 1 45 34 13 32 10 37 50 3 9 30 55 47 
#18 50 34 21 59 66 36 27 30 6 41 41 63 55 31 
#15 10 15 45 34 67 2 23 37 50 3 9 2 55 47 
#37 11 15 44 59 67 36 54 49 9 39 56 63 55 49 
#18 50 51 46 23 66 36 54 44 16 36 42 42 24 60 
#50 13 27 44 34 67 4 23 37 2 14 27 63 24 24 
23 41 17 18 1 26 
35 53 42 48 25 12 
38 6 51 58 55 13 
44 15 52 57 19 46 
27 14 8 45 39 43 
3 31 49 34 22 32 
#Base: 877
#Max: 643
#733181
#Turn 7
#50 13 21 45 34 13 36 54 37 50 36 7 63 24 49 
#50 13 3 45 59 13 4 38 49 50 0 56 66 55 49 
#8 10 11 45 59 67 2 38 49 16 0 56 42 24 49 
#18 11 5 45 59 67 32 54 37 24 31 7 63 24 3 
#19 13 5 45 59 67 32 6 37 50 3 7 63 55 47 
#19 50 15 13 13 13 4 54 53 30 50 56 2 26 24 
#50 50 27 25 59 67 4 27 44 30 14 56 42 37 3 
#50 50 15 45 59 13 36 54 44 16 41 7 30 55 3 
#50 50 15 45 59 13 36 10 44 50 41 41 63 55 49 
#50 50 26 21 23 66 4 54 37 24 36 41 63 7 49 
#22 11 15 46 34 67 34 54 44 24 36 27 12 26 47 
#22 11 15 46 59 67 34 38 44 16 36 56 63 55 47 
#18 11 51 45 23 67 36 38 44 16 0 42 63 24 49 
#18 50 51 46 59 66 36 27 30 16 41 42 42 55 60 
#8 50 26 21 3 66 36 6 30 6 14 41 30 55 31 
#18 31 34 25 59 67 34 54 44 24 8 7 63 13 49 
#18 31 34 25 59 67 36 54 44 50 8 23 63 55 60 
#37 11 15 44 59 67 36 54 49 9 39 56 63 55 49 
#37 50 15 46 59 67 34 54 49 9 14 56 63 55 3 
#18 50 26 46 3 66 34 6 37 50 14 56 42 37 3 
#19 10 51 58 3 66 2 6 37 9 14 56 66 55 47 
#19 10 51 58 3 66 9 6 49 16 14 56 42 55 36 
#50 50 15 45 59 67 9 27 49 16 36 42 37 55 36 
#18 50 15 45 43 66 4 54 49 6 14 56 30 55 49 
#15 31 21 46 59 66 4 27 49 6 14 42 30 55 47 
#50 13 15 25 34 48 2 49 25 24 36 9 66 7 3 
#50 15 16 44 59 52 32 54 37 24 8 9 63 55 5 
#18 50 34 19 59 52 36 49 25 6 8 56 63 55 5 
#50 10 15 19 59 67 36 54 44 16 0 9 34 24 49 
#50 10 15 45 34 67 36 54 37 50 0 42 30 55 49 
#18 13 15 12 34 13 36 54 44 18 50 7 63 26 49 
#50 50 27 45 34 13 4 6 37 30 36 56 2 55 24 
#8 50 11 25 59 66 34 27 49 16 0 23 66 55 3 
#50 11 15 45 59 13 36 54 49 50 0 7 30 24 3 
#18 10 23 21 59 66 32 54 37 24 31 7 63 13 49 
#19 50 26 46 23 48 4 54 37 24 3 9 63 7 31 
#22 11 15 46 59 67 4 54 49 24 50 42 12 26 49 
#50 50 15 46 13 67 34 54 37 16 14 27 2 55 24 
#50 50 15 45 59 67 2 38 49 18 0 23 42 55 49 
#50 50 15 45 59 13 36 54 44 16 41 42 30 55 31 
#18 50 34 21 23 66 32 10 37 19 41 41 63 7 49 
#50 50 26 58 59 66 34 6 44 24 14 42 30 55 36 
#22 11 21 58 59 67 34 54 37 24 39 27 12 26 49 
#18 31 15 46 34 67 34 54 44 50 8 7 63 55 4 
#50 50 26 46 59 67 36 38 49 24 0 23 63 26 49 
#37 11 15 44 59 66 36 54 44 16 36 56 63 24 60 
#18 50 26 21 59 66 34 27 30 6 14 41 63 55 3 
#8 50 51 58 3 66 34 6 49 41 14 56 30 55 36 
#37 11 21 44 59 66 34 23 37 9 3 1 12 13 49 
#18 31 34 58 59 67 34 6 44 50 14 7 42 55 4 
#18 50 26 19 59 67 9 27 49 16 41 23 42 55 36 
#37 50 15 44 59 67 4 38 49 16 39 56 63 55 49 
#18 50 34 46 59 66 4 54 49 6 14 56 42 37 3 
#18 50 21 45 59 67 4 6 37 50 14 56 63 24 47 
#37 13 15 44 59 67 2 23 25 9 0 1 66 55 49 
#50 10 51 58 59 66 32 54 49 24 14 9 63 55 3 
#50 50 34 44 59 52 9 27 49 6 41 1 63 55 36 
#50 50 15 45 59 66 36 38 25 16 41 56 66 7 49 
#50 10 34 45 34 67 4 54 44 6 14 9 63 55 36 
#15 31 15 45 34 67 4 23 37 50 14 42 63 55 47 
26 49 6 1 59 15 
12 36 9 8 47 43 
50 23 18 45 57 52 
56 11 16 17 13 41 
58 53 22 51 44 39 
0 27 38 55 29 42 
#Base: 877
#Max: 643
#733181
#Turn 8
#50 15 16 58 59 52 32 6 37 24 8 7 63 55 4 
#18 50 34 58 59 67 4 6 44 30 14 56 42 55 3 
#50 50 27 25 59 13 4 27 44 50 14 56 66 37 49 
#50 13 3 45 34 13 4 23 37 50 0 42 63 55 49 
#18 31 15 25 34 67 34 54 37 50 14 42 63 55 49 
#22 11 51 46 59 67 36 38 44 24 50 42 12 26 49 
#50 50 15 46 23 66 4 54 37 24 50 41 63 7 49 
#50 50 15 45 59 66 4 54 37 24 41 41 63 7 49 
#8 50 15 45 59 66 36 6 44 50 14 56 30 55 49 
#8 31 51 58 34 67 34 6 44 50 14 7 30 55 4 
#18 50 15 45 59 66 4 54 49 6 14 23 42 55 49 
#18 50 15 45 43 66 4 54 49 9 14 56 30 55 3 
#37 11 15 44 59 67 36 54 49 16 36 56 63 55 3 
#50 11 15 44 59 66 36 38 25 16 41 56 66 7 60 
#18 50 15 46 59 66 36 54 49 16 14 56 66 7 49 
#22 50 15 44 59 52 9 27 49 16 36 56 63 55 36 
#18 31 34 25 59 67 34 38 44 16 36 23 63 55 60 
#18 11 34 25 59 67 36 54 49 50 8 23 63 55 60 
#18 50 51 44 59 66 36 27 30 9 39 42 42 55 49 
#18 50 26 58 59 66 36 6 30 24 41 42 42 55 60 
#18 50 34 45 34 67 4 6 44 6 14 56 63 24 47 
#50 50 15 45 59 67 4 6 37 50 36 56 37 55 47 
#50 50 15 45 59 67 9 38 49 16 39 56 63 55 49 
#50 50 15 46 59 67 4 38 49 24 0 23 63 55 49 
#50 50 26 46 59 13 36 38 49 24 41 42 63 26 49 
#50 13 21 45 59 52 36 54 25 50 36 7 63 24 5 
#50 50 15 45 59 52 36 38 49 18 0 23 63 55 49 
#50 50 15 45 59 67 32 38 49 18 0 9 42 55 3 
#50 10 15 45 34 66 36 54 37 50 14 9 30 55 49 
#22 10 21 45 59 67 34 54 37 50 39 27 12 26 49 
#18 15 16 45 23 67 36 54 44 24 8 9 63 55 49 
#18 11 34 46 59 67 34 54 49 24 50 42 12 26 4 
#50 50 27 25 59 66 4 27 44 30 36 56 63 37 49 
#50 13 3 45 59 13 36 38 49 50 41 56 66 55 49 
#15 31 51 45 34 66 4 23 37 41 14 56 30 55 36 
#18 31 34 46 34 67 34 54 44 24 8 7 63 13 49 
#18 50 51 19 23 67 9 27 49 16 41 42 63 55 49 
#22 11 15 45 43 66 4 54 49 6 50 56 30 55 49 
#50 50 15 46 59 67 4 54 49 24 14 41 63 55 49 
#50 11 15 44 59 13 36 10 44 16 41 56 63 24 49 
#8 50 15 45 59 66 34 6 49 41 41 56 66 55 49 
#18 31 15 46 34 66 4 54 49 6 14 56 63 37 3 
#18 50 34 44 59 67 9 27 49 6 41 1 42 55 36 
#18 50 15 46 43 67 4 54 49 6 14 56 30 55 47 
#37 31 34 25 59 67 36 54 44 50 8 56 63 55 3 
#37 11 15 44 59 67 36 54 44 16 39 56 63 55 49 
#18 50 15 45 59 66 36 38 25 16 41 56 66 55 60 
#18 50 34 46 59 66 4 6 44 6 14 56 30 37 3 
#50 10 34 45 34 67 9 54 44 6 41 9 63 55 36 
#22 11 15 46 59 67 34 6 37 50 14 56 63 55 47 
#18 50 15 25 59 67 36 54 49 50 8 42 37 55 60 
#37 11 15 44 59 67 36 54 49 9 39 56 63 55 49 
#18 50 26 46 59 66 36 27 30 24 0 23 42 26 49 
#50 50 26 58 59 66 34 6 44 24 14 42 30 55 36 
#50 10 21 45 34 67 4 54 37 6 14 7 63 24 49 
#18 50 21 19 59 67 36 49 25 50 8 56 63 24 47 
#50 50 15 45 59 67 9 27 49 18 36 23 37 55 36 
#50 10 15 58 59 67 32 54 49 24 14 56 63 55 3 
#50 50 26 46 34 67 36 54 49 24 0 23 63 26 49 
#22 50 21 45 59 67 36 54 44 24 41 42 30 55 49 
2 5 23 16 53 36 
6 8 12 59 26 15 
4 14 50 40 38 58 
19 33 51 22 45 18 
49 7 21 46 32 24 
56 55 57 44 17 13 
#Base: 877
#Max: 660
#752566
#Turn 9
#22 11 27 25 59 67 4 38 44 50 14 42 12 37 49 
#22 50 15 46 59 67 4 38 49 24 50 42 63 55 49 
#50 31 34 46 59 67 4 38 44 24 36 23 63 55 49 
#50 50 26 58 59 66 34 38 44 24 14 42 30 55 60 
#50 50 51 58 23 67 34 27 49 16 41 42 63 55 36 
#8 50 15 46 59 66 36 54 37 50 50 56 63 55 49 
#8 50 15 45 59 66 36 6 44 16 14 56 30 55 3 
#22 50 15 44 59 67 36 54 44 16 41 42 30 55 3 
#22 50 15 45 59 52 36 54 44 24 41 23 30 55 49 
#22 50 15 44 59 52 9 27 49 16 0 23 63 55 49 
#18 31 15 25 59 66 34 54 37 50 14 56 63 7 49 
#18 50 15 25 59 67 36 54 49 50 8 56 66 7 60 
#18 50 15 25 59 66 36 6 49 41 41 42 37 55 49 
#8 50 15 45 59 66 34 54 49 41 14 56 66 55 49 
#50 50 26 46 59 67 4 54 49 24 0 23 63 26 49 
#50 50 3 58 59 66 36 38 49 24 41 56 66 55 49 
#50 13 15 44 59 13 36 38 49 9 39 56 63 55 49 
#50 50 15 44 59 67 36 38 49 16 39 56 63 55 49 
#50 11 15 45 59 67 36 54 49 16 39 56 63 55 49 
#18 50 51 44 59 66 36 27 44 16 39 56 63 55 49 
#50 50 15 46 59 66 34 6 37 50 14 41 63 7 49 
#50 50 15 45 59 67 4 54 37 50 36 41 37 55 49 
#50 50 15 45 59 66 36 6 25 16 41 56 37 55 60 
#50 50 15 25 59 66 36 27 25 30 36 56 63 55 49 
#50 50 26 25 59 13 36 27 49 30 41 42 63 26 49 
#18 50 21 45 59 67 9 27 49 50 36 56 37 24 36 
#50 10 21 58 59 67 36 49 49 50 8 56 63 55 3 
#50 31 15 25 59 67 32 54 49 50 14 56 63 55 3 
#37 11 34 25 59 67 36 54 49 50 8 23 63 55 60 
#18 11 15 44 59 67 36 38 49 16 8 56 63 7 60 
#50 50 15 25 59 66 4 27 37 24 50 56 63 7 49 
#8 50 15 45 59 67 36 38 44 50 50 56 12 55 49 
#37 11 15 44 59 67 36 38 49 16 0 56 63 55 49 
#18 31 21 45 59 67 34 54 44 16 41 23 30 55 60 
#50 50 15 58 59 52 34 38 44 24 0 23 63 55 49 
#22 50 51 44 23 52 9 27 49 16 41 56 63 55 36 
#18 50 15 46 23 67 4 54 37 24 50 41 63 7 49 
#18 50 15 46 59 66 36 6 49 16 14 56 66 7 49 
#18 50 15 44 59 67 36 54 49 16 8 56 37 55 60 
#8 50 21 45 59 67 34 6 44 24 41 42 30 55 49 
#50 50 15 45 59 67 4 38 49 18 14 41 63 55 49 
#50 50 15 44 59 67 36 27 49 16 36 56 63 26 36 
#18 31 26 58 34 66 34 54 37 24 41 42 63 55 49 
#18 50 3 45 59 66 36 54 49 16 14 56 66 55 49 
#18 50 15 25 59 67 36 54 49 9 39 56 63 55 60 
#50 50 15 45 59 66 9 6 49 41 39 56 63 55 49 
#50 11 15 46 59 67 36 54 49 24 14 41 63 55 49 
#50 50 51 44 34 66 36 54 30 9 39 23 63 26 49 
#22 50 26 58 59 67 36 6 30 50 41 56 42 55 47 
#50 13 15 45 59 66 4 54 37 50 41 41 63 7 49 
#37 50 15 45 59 67 36 54 49 9 39 56 37 55 49 
#50 50 15 45 59 66 9 38 49 16 41 56 63 55 49 
#50 50 15 44 59 66 36 54 44 16 39 56 63 37 49 
#18 50 26 46 59 13 36 38 30 24 41 42 63 55 49 
#22 50 15 45 59 67 9 6 49 50 36 23 37 55 36 
#50 50 21 19 59 66 36 49 37 50 8 41 63 7 47 
#50 50 15 58 59 67 32 6 49 24 14 56 37 55 47 
#18 31 34 25 59 66 36 38 25 50 8 56 63 55 60 
#50 11 34 25 59 66 36 54 49 30 8 56 63 55 49 
#50 11 26 46 59 13 36 38 49 24 41 56 66 26 49 
8 40 57 41 28 22 
11 27 1 18 31 26 
38 46 51 19 4 43 
45 50 52 15 17 44 
56 42 21 5 13 23 
34 47 58 3 48 2 
#Base: 877
#Max: 700
#798176
#22 50 15 45 59 67 4 38 44 24 41 41 63 55 49 
#18 31 34 25 59 67 4 38 49 18 14 56 63 55 60 
#18 50 15 25 59 67 36 38 49 16 36 56 63 55 36 
#50 50 34 25 59 67 36 27 49 50 8 23 63 26 36 
#50 11 34 25 59 66 36 54 25 50 8 23 37 55 60 
#50 50 15 25 59 67 32 54 49 50 14 56 66 7 60 
#22 31 15 46 59 67 4 38 49 24 14 42 63 55 49 
#22 50 15 45 59 67 36 38 49 16 39 56 63 55 49 
#8 11 15 45 59 67 36 54 44 50 39 56 63 55 49 
#50 10 15 58 59 67 36 38 44 50 8 56 12 55 3 
#18 50 15 46 59 67 36 54 49 16 8 56 63 55 49 
#50 50 15 45 59 67 36 54 49 24 41 41 63 55 49 
#18 50 15 45 59 66 9 27 44 16 41 56 63 55 49 
#50 50 51 44 23 66 34 27 49 16 39 42 63 55 49 
#50 50 51 58 59 67 36 27 49 16 14 42 63 55 36 
#37 50 15 45 59 66 9 6 49 9 39 56 37 55 49 
#50 50 15 44 59 67 36 54 44 16 39 56 37 55 49 
#50 50 3 58 59 66 36 38 44 16 41 56 66 55 49 
#50 50 15 58 59 67 36 38 49 24 39 56 66 55 49 
#18 50 15 25 59 67 36 38 49 9 39 56 63 55 60 
#50 50 15 58 34 66 34 6 49 24 14 42 37 55 47 
#50 50 15 58 34 67 4 54 37 24 36 42 37 55 49 
#8 50 15 45 59 67 36 54 37 50 36 56 63 55 49 
#8 50 15 46 59 66 36 54 49 41 14 56 66 55 49 
#50 50 15 45 59 66 34 54 49 30 14 56 66 55 49 
#50 50 15 58 59 66 36 54 44 9 39 23 63 26 49 
#50 11 34 44 59 66 36 54 30 30 8 56 63 26 49 
#50 50 34 58 59 66 34 38 49 24 8 42 63 55 60 
#22 50 26 58 59 66 34 38 30 50 41 56 42 55 60 
#50 50 34 46 59 67 4 38 44 24 41 56 63 55 49 
#22 50 15 25 59 52 36 54 44 50 8 56 66 55 60 
#50 50 15 45 59 67 4 38 49 50 14 41 63 55 3 
#22 31 15 25 59 66 4 38 25 50 50 56 63 55 60 
#50 11 15 45 59 67 36 54 49 16 36 56 63 26 36 
#8 50 15 45 59 67 36 38 49 50 8 56 12 55 49 
#50 10 21 45 59 66 36 6 49 16 41 56 63 55 60 
#18 50 15 44 59 67 36 54 49 16 8 56 37 55 60 
#50 11 15 25 59 67 36 54 49 50 14 56 63 55 3 
#50 50 15 46 59 66 4 38 49 24 50 56 63 55 49 
#50 50 51 45 59 67 36 27 44 16 39 56 63 55 49 
#8 50 51 58 23 67 34 27 49 50 50 42 63 55 49 
#50 50 3 58 59 67 36 49 49 50 14 56 63 55 49 
#18 50 15 44 59 66 36 54 49 16 8 56 63 55 60 
#37 11 15 46 59 67 36 54 49 24 14 56 37 55 49 
#50 50 15 45 59 66 9 38 49 16 39 56 63 37 49 
#18 50 3 58 59 66 36 27 49 16 39 56 66 55 49 
#50 50 51 58 59 67 36 27 49 16 39 42 63 55 49 
#18 50 15 45 59 67 36 54 49 16 14 56 66 55 49 
#50 50 15 45 59 66 9 6 49 41 39 56 63 55 49 
#37 50 15 58 34 67 36 54 37 24 39 42 63 55 49 
#50 50 15 44 59 67 4 54 44 50 36 41 63 37 49 
#50 50 15 58 59 66 36 38 49 24 50 56 63 55 49 
#8 50 15 44 59 67 34 38 49 16 14 56 66 55 49 
#18 50 15 25 59 66 36 54 49 9 39 56 63 55 49 
#50 50 15 58 59 67 34 6 49 24 0 56 63 55 49 
#18 50 26 44 34 66 34 54 37 24 41 42 63 26 49 
#50 50 15 25 59 66 36 54 37 30 36 56 63 55 49 
#8 50 15 58 59 66 36 38 44 24 14 42 30 55 49 
#22 50 26 45 59 66 34 6 30 41 41 56 66 55 47 
#50 50 15 46 59 66 4 27 25 24 36 23 63 55 49 
#Base: 877
#Max: 718
#818700
