#[0] 3, 3
#[1] 4, 3
#[2] 3, 4
#[3] 3, 2
#[4] 2, 3
#[5] 2, 4
#[6] 1, 3
#[7] 2, 2
#[8] 3, 1
#[9] 4, 4
#[10] 5, 3
#[11] 3, 5
#[12] 4, 2
#[13] 3, 0
#[14] 5, 4
#[15] 4, 5
#[16] 5, 2
#[17] 4, 1
#[18] 0, 3
#[19] 1, 4
#[20] 2, 1
#[21] 1, 2
#[22] 2, 5
#[23] 0, 4
#[24] 5, 1
#[25] 0, 2
#[26] 5, 5
#[27] 1, 5
#[28] 2, 0
#[29] 1, 1
#[30] 4, 0
#[31] 0, 5
#[32] 1, 0
#[33] 0, 1
#[34] 5, 0
#[35] 0, 0
#Turn 0
41 18 55 21 23 29 
32 39 8 52 51 24 
7 56 17 40 2 57 
27 19 4 43 59 0 
28 9 36 34 30 54 
44 13 26 42 49 48 
#Base: 914
#Max: 350
#382932
#Turn 1
#27 37 22 36 5 39 16 5 24 5 11 15 21 24 20 
#10 1 15 36 5 39 1 45 24 13 38 26 56 24 15 
#37 1 54 33 18 11 1 45 44 20 36 24 56 3 15 
#37 9 54 18 16 11 29 23 44 24 21 24 7 55 25 
#4 1 18 47 33 17 40 8 22 29 2 24 4 55 25 
#29 36 23 41 13 24 7 10 15 3 12 21 21 44 11 
#29 14 45 5 34 24 38 10 15 3 24 9 11 44 6 
#9 9 15 10 32 25 38 31 3 2 27 37 15 9 6 
#32 9 13 10 20 19 8 27 3 2 17 4 3 48 43 
#32 14 13 38 20 19 14 27 8 29 33 4 6 48 25 
#34 6 5 26 31 14 17 21 8 15 2 2 31 47 1 
#8 6 13 26 31 5 17 5 8 5 47 2 17 47 1 
#3 21 11 58 1 24 1 0 3 5 47 25 3 26 7 
#42 21 11 12 7 24 1 0 12 57 63 25 12 34 5 
#42 10 0 12 7 35 22 42 2 23 42 5 17 33 5 
#7 26 37 11 11 3 4 43 41 8 25 20 6 26 5 
#7 26 37 11 11 41 71 14 26 13 25 29 6 7 57 
#79 2 19 18 18 31 5 4 17 4 33 5 6 19 11 
#79 2 8 18 8 32 3 24 17 25 15 5 51 2 2 
#34 43 4 28 41 6 31 26 6 7 20 10 58 5 2 
#36 26 3 5 53 16 41 4 14 19 1 11 0 12 19 
#15 32 3 6 29 33 17 4 10 4 1 25 0 19 19 
#38 17 8 6 29 14 11 61 10 4 9 25 7 12 7 
#13 17 38 62 1 35 7 5 22 11 9 57 19 12 49 
#13 11 12 15 8 3 6 5 24 3 14 18 7 18 18 
#22 58 6 11 12 1 34 39 29 9 15 34 34 16 21 
#0 18 22 5 5 7 34 21 61 12 15 14 34 25 9 
#0 37 41 31 1 45 30 10 17 10 9 24 3 25 18 
#54 7 28 31 1 22 30 6 35 10 31 24 3 16 1 
#29 41 11 14 1 30 24 6 52 15 31 15 6 13 1 
#4 36 1 52 34 24 9 2 15 5 12 14 13 57 6 
#29 32 50 36 34 24 16 5 15 3 38 15 13 44 11 
#16 14 45 33 4 25 1 45 36 9 36 26 56 3 15 
#37 9 15 10 16 11 29 23 44 2 27 24 7 14 25 
#4 45 13 13 20 19 8 3 8 24 17 11 4 48 25 
#42 35 46 38 8 5 2 15 18 29 6 24 6 14 29 
#4 36 5 8 13 24 7 2 17 15 33 21 13 57 47 
#8 6 23 26 34 24 17 21 8 3 2 2 31 44 1 
#3 14 45 5 55 5 41 5 3 9 47 5 11 9 10 
#9 21 11 58 1 24 1 4 12 57 27 37 15 26 7 
#32 10 13 13 7 10 8 42 11 23 17 10 3 48 5 
#18 14 46 38 13 47 14 1 2 8 42 5 17 33 25 
#15 34 5 14 3 46 7 11 17 15 33 12 33 26 5 
#7 26 31 11 11 14 18 14 8 57 25 2 6 14 57 
#3 19 19 2 18 5 41 5 16 5 33 5 17 2 10 
#79 21 8 18 1 32 1 24 17 57 23 25 19 19 7 
#42 6 0 15 7 10 3 0 11 25 63 65 12 2 2 
#31 1 49 15 13 35 22 1 2 7 20 10 17 33 6 
#36 34 6 49 3 3 4 43 41 19 58 18 20 5 5 
#15 26 37 5 53 28 18 4 26 45 1 47 6 14 19 
#24 5 19 2 18 31 71 61 10 4 14 25 7 7 3 
#38 17 8 62 8 14 7 55 17 11 23 5 7 12 11 
#13 6 18 5 8 23 6 0 1 3 14 65 19 2 49 
#3 43 4 28 36 3 52 23 24 7 8 10 58 23 18 
#36 26 5 49 12 1 17 39 29 19 19 35 37 16 21 
#15 18 9 5 53 28 34 4 9 45 1 47 34 32 19 
#0 5 22 6 5 45 13 61 10 4 34 25 7 25 3 
#54 37 41 31 1 22 30 55 3 10 9 25 3 12 7 
#13 7 38 5 1 30 24 6 35 3 14 15 19 18 1 
#29 11 12 14 31 3 7 23 24 15 8 21 7 23 30 
6 12 38 51 25 35 
26 52 4 46 19 41 
36 31 13 18 50 43 
53 48 23 45 2 32 
56 49 57 16 3 1 
28 30 39 17 55 54 
#Base: 914
#Max: 398
#435449
#Turn 2
#29 21 11 5 1 24 38 10 3 5 47 25 3 26 6 
#3 21 11 58 55 24 1 0 3 9 47 5 3 26 7 
#38 17 8 5 55 5 7 5 3 9 23 5 7 12 10 
#38 58 8 62 8 1 34 39 29 11 23 5 34 12 21 
#22 35 6 11 8 5 34 15 29 29 15 34 34 14 29 
#13 6 22 5 5 7 6 0 1 3 14 14 34 2 9 
#4 1 18 47 33 23 6 8 1 3 14 24 4 2 25 
#4 6 18 15 7 17 3 0 11 29 63 65 12 2 25 
#42 43 4 15 41 6 31 0 11 25 20 10 12 5 2 
#18 43 4 28 13 6 14 26 2 7 20 5 17 33 2 
#4 32 50 36 13 24 16 5 15 3 33 15 13 44 11 
#42 32 50 36 7 24 16 0 12 57 38 15 12 44 5 
#79 2 8 12 8 24 1 24 17 57 63 25 51 2 5 
#24 2 8 18 18 32 3 61 17 4 14 5 51 2 3 
#7 26 31 2 18 31 18 14 8 4 25 2 6 14 57 
#36 43 6 28 36 3 52 23 24 19 58 10 20 23 5 
#36 34 6 49 3 3 7 43 22 11 58 57 20 12 5 
#13 21 38 62 1 32 7 24 17 57 9 25 19 19 7 
#37 21 8 33 18 11 1 24 17 20 23 24 56 19 15 
#16 1 45 33 4 25 1 45 44 9 36 24 56 3 15 
#15 5 22 6 5 45 13 61 10 45 1 47 7 25 3 
#15 37 41 31 1 28 18 4 26 10 9 47 3 12 7 
#54 26 41 11 11 22 71 55 26 13 25 29 3 7 7 
#7 26 37 11 11 41 29 14 26 13 25 24 6 7 25 
#10 9 15 18 16 11 1 45 44 24 21 26 7 55 25 
#54 7 28 52 1 22 9 6 15 5 31 24 3 57 6 
#4 36 11 58 1 24 9 4 15 5 27 14 15 57 6 
#79 2 19 18 1 31 1 4 17 4 27 37 15 19 11 
#79 2 9 18 53 31 5 4 9 4 33 5 6 19 19 
#36 18 5 5 53 28 34 39 29 19 19 47 37 32 21 
#29 14 45 5 34 24 38 10 61 3 15 14 34 25 9 
#3 21 11 5 1 23 6 0 1 3 14 65 19 26 49 
#4 14 45 5 55 5 40 8 22 9 47 24 4 9 25 
#42 17 8 62 7 14 7 55 11 25 63 5 7 2 11 
#22 43 4 28 41 1 34 39 6 7 15 34 58 16 21 
#18 14 46 38 13 47 14 15 2 29 42 24 6 14 25 
#4 36 5 5 5 7 34 21 61 15 33 14 34 57 47 
#13 6 50 36 34 24 6 0 1 3 14 65 19 2 11 
#4 21 18 12 7 24 1 8 12 57 63 24 12 55 5 
#79 6 8 18 7 10 3 24 11 25 15 65 12 2 2 
#24 43 19 28 18 6 71 61 6 4 20 25 7 7 3 
#18 26 46 38 13 14 14 1 2 8 25 5 6 33 57 
#4 43 5 8 13 3 52 2 24 15 33 10 58 23 18 
#36 32 6 36 3 24 16 43 15 19 38 18 13 5 5 
#13 21 11 12 1 35 1 5 12 57 9 57 12 34 49 
#79 21 8 18 8 32 3 24 17 25 15 25 19 19 2 
#24 5 54 33 18 11 71 45 10 4 14 24 7 7 15 
#16 14 45 33 11 14 18 45 36 9 25 2 6 14 57 
#0 5 22 6 5 3 13 61 10 7 8 25 7 25 3 
#36 26 6 49 53 28 4 4 41 19 1 47 6 5 5 
#13 17 38 31 1 22 30 55 3 10 9 57 19 12 7 
#79 21 37 18 11 41 1 14 26 57 25 29 19 19 57 
#37 1 54 33 16 11 29 45 44 24 36 24 56 55 15 
#16 14 15 33 4 25 1 45 36 13 38 26 56 3 15 
#0 7 22 6 5 22 13 6 10 4 31 25 3 16 3 
#15 26 37 5 53 28 18 4 15 5 1 14 13 57 19 
#9 21 41 58 1 22 1 4 3 10 9 37 15 26 7 
#7 26 37 11 11 31 71 14 17 4 25 29 6 19 57 
#37 9 9 18 53 11 34 4 44 24 21 24 34 55 25 
#36 26 15 36 5 39 1 45 29 19 38 26 37 24 15 
32 1 45 19 49 50 
37 47 34 39 44 30 
7 17 40 33 36 25 
28 16 22 51 52 11 
59 15 46 12 3 38 
42 27 29 57 58 20 
#Base: 914
#Max: 480
#525164
#Turn 3
#3 21 11 58 55 24 40 8 22 9 47 5 3 26 25 
#79 21 8 18 8 32 3 0 17 9 15 5 3 26 2 
#79 21 8 18 4 32 1 24 17 9 15 25 19 3 2 
#36 26 45 33 53 28 1 45 41 9 36 47 56 5 5 
#36 17 6 31 53 28 4 55 41 10 9 47 6 5 5 
#16 6 50 33 34 24 18 45 1 3 14 2 19 14 57 
#22 14 4 28 11 14 18 39 36 9 25 34 58 14 57 
#22 43 8 18 41 10 34 39 6 7 15 34 12 16 2 
#79 6 8 18 1 35 1 5 12 57 9 65 12 2 49 
#29 21 11 12 34 24 38 10 61 3 15 57 34 34 49 
#13 21 18 15 1 17 7 24 11 29 9 65 19 2 7 
#13 21 19 28 18 32 7 24 17 4 20 25 19 19 3 
#24 43 8 28 7 14 7 55 11 25 63 25 7 2 11 
#4 36 5 62 7 14 34 21 61 25 33 14 7 2 11 
#54 7 28 5 5 22 9 6 61 15 31 24 34 57 47 
#36 2 6 49 53 3 5 43 22 11 58 57 6 12 5 
#36 34 41 49 3 3 71 43 22 13 58 57 20 12 7 
#79 26 41 11 11 41 71 55 26 13 25 29 3 7 7 
#79 21 54 33 11 11 29 45 44 24 25 24 19 19 15 
#37 32 54 33 7 24 29 0 44 57 38 24 12 44 5 
#36 43 15 28 36 3 1 45 29 19 58 10 37 23 15 
#24 5 6 33 18 11 71 45 24 19 14 10 20 23 15 
#79 2 54 12 8 24 1 24 17 4 63 24 7 7 15 
#79 58 8 62 8 1 1 24 29 11 23 25 51 12 21 
#38 21 8 12 8 24 1 39 12 57 63 5 34 12 5 
#79 43 5 8 1 31 1 4 17 15 33 10 15 23 18 
#79 2 5 5 1 31 34 39 17 4 19 37 37 32 11 
#36 26 37 5 53 28 71 39 17 4 25 47 37 32 57 
#7 9 37 18 11 31 71 14 17 4 21 29 34 19 25 
#15 9 22 6 53 11 13 61 44 24 21 47 34 55 25 
#4 14 50 5 55 5 6 0 22 9 14 65 4 9 11 
#3 21 45 33 11 14 18 0 3 9 25 2 3 14 7 
#22 43 4 28 8 32 3 39 6 25 15 34 19 16 2 
#16 1 8 18 7 10 3 24 11 9 36 65 56 3 2 
#13 26 6 49 53 35 4 4 41 19 9 57 6 5 5 
#29 14 38 31 1 22 38 55 61 3 9 57 34 12 7 
#13 6 18 36 7 24 3 0 1 29 14 65 19 2 11 
#16 14 38 62 11 32 7 45 36 57 9 25 6 14 57 
#22 43 4 28 18 1 71 61 6 7 20 34 7 16 3 
#42 17 8 18 7 10 3 24 11 25 63 5 12 2 11 
#4 36 11 12 1 7 1 5 61 15 9 57 12 57 47 
#29 7 45 52 34 24 9 6 15 5 15 14 3 25 6 
#4 2 9 18 53 31 5 4 11 4 33 65 12 19 25 
#36 34 38 49 3 3 7 43 22 11 9 25 19 12 7 
#24 26 19 28 11 22 71 55 6 13 20 25 7 7 7 
#42 21 37 62 11 41 1 14 11 25 25 29 7 2 11 
#4 1 54 5 5 11 34 21 61 15 33 24 56 57 15 
#42 7 28 36 7 22 16 0 15 57 31 24 3 57 5 
#79 2 15 36 5 31 1 45 9 19 38 26 37 19 15 
#36 43 6 28 3 3 7 43 22 19 58 10 20 12 5 
#24 5 54 11 18 22 71 55 26 4 14 29 7 7 15 
#79 21 8 12 11 24 1 24 26 57 63 29 19 19 5 
#37 58 8 33 8 1 34 39 44 24 36 24 34 55 15 
#4 32 50 12 7 24 16 0 12 57 63 24 12 44 5 
#36 26 5 8 13 39 52 45 24 19 33 10 37 24 15 
#79 43 19 18 1 31 1 4 24 4 27 10 20 19 5 
#36 5 54 5 53 11 34 39 29 4 19 24 37 7 21 
#7 2 37 11 8 31 1 24 17 4 63 25 6 19 57 
#37 58 8 18 53 1 34 4 29 24 23 24 34 55 25 
#4 5 18 6 7 24 13 8 12 57 63 47 7 25 3 
25 34 20 15 53 13 
47 56 50 18 48 4 
0 40 51 8 3 26 
35 37 23 27 16 52 
24 58 19 17 29 14 
44 38 9 46 22 6 
#Base: 914
#Max: 514
#562363
#Turn 4
#13 43 5 49 1 31 1 4 17 15 9 10 6 5 18 
#13 26 15 28 53 35 4 4 29 19 9 10 37 23 15 
#36 43 15 49 53 3 5 43 29 19 58 57 6 23 5 
#4 32 50 12 53 24 5 0 12 11 63 57 6 12 5 
#4 32 5 62 7 14 34 21 12 25 63 24 7 2 5 
#36 7 54 5 53 22 34 0 29 4 31 24 37 57 5 
#24 5 54 11 18 22 71 55 29 4 14 24 37 7 21 
#79 21 54 33 18 22 29 45 44 24 25 24 19 7 15 
#79 21 54 33 11 11 29 45 44 24 25 24 37 19 15 
#79 17 6 31 53 28 1 55 41 19 9 26 37 5 5 
#4 21 11 58 55 7 40 5 61 15 47 5 3 57 25 
#4 21 8 12 11 7 1 5 61 57 63 57 19 19 47 
#79 6 8 12 11 24 1 5 26 57 63 65 19 19 5 
#79 6 45 18 53 35 1 45 41 9 9 65 56 2 5 
#36 26 5 5 1 28 1 45 41 9 19 47 37 32 5 
#29 14 38 62 11 22 7 55 36 3 9 25 6 12 7 
#79 58 8 62 11 1 7 24 36 11 9 25 51 14 21 
#79 58 37 62 8 28 71 39 17 4 23 47 37 12 57 
#36 26 37 49 53 28 71 43 22 13 58 47 37 32 7 
#37 58 41 33 8 3 34 39 44 24 36 57 20 12 15 
#38 58 8 12 53 24 1 4 12 57 63 5 34 12 25 
#37 32 54 33 7 1 29 4 44 57 23 24 34 44 5 
#37 26 54 33 7 41 29 55 44 13 38 24 12 7 7 
#15 9 22 11 11 41 13 61 26 13 21 29 34 55 7 
#15 9 28 6 53 11 13 61 44 15 31 24 34 55 25 
#22 26 19 28 18 1 71 61 6 13 20 25 7 16 7 
#29 43 11 28 34 1 38 10 61 3 15 34 34 34 3 
#29 1 11 12 34 24 38 21 61 15 15 57 56 34 15 
#79 1 54 12 8 11 1 21 17 15 63 24 7 57 15 
#79 14 4 28 8 24 1 24 36 9 63 34 7 14 57 
#42 43 5 36 7 31 16 4 15 57 33 10 3 23 18 
#36 5 6 5 53 11 34 39 29 4 19 57 6 5 5 
#36 5 15 28 36 22 71 55 29 4 14 10 7 7 15 
#36 21 54 33 11 3 29 43 22 24 58 57 6 12 15 
#79 32 15 36 7 24 1 0 12 19 38 24 12 19 15 
#4 17 6 62 53 28 4 55 61 25 9 47 7 5 5 
#42 21 28 36 7 24 40 0 22 57 47 5 3 57 5 
#36 36 11 5 1 11 34 5 61 15 9 24 37 57 47 
#24 21 8 12 11 22 71 55 26 4 14 29 7 7 5 
#79 21 54 18 11 35 1 5 44 57 25 65 19 2 49 
#36 2 15 33 53 28 1 45 41 19 38 26 37 5 15 
#79 17 6 5 1 31 34 39 41 10 19 37 37 32 5 
#3 14 11 31 55 24 38 8 61 3 9 5 3 26 7 
#16 36 11 12 1 7 1 45 36 57 9 25 12 57 47 
#79 21 8 12 8 1 1 24 26 11 63 29 51 12 5 
#36 6 8 18 1 35 71 5 17 57 25 65 37 32 49 
#36 34 45 33 53 3 71 43 41 13 36 57 56 5 7 
#37 58 8 5 8 1 34 39 44 24 19 24 34 55 11 
#38 21 38 12 1 22 1 55 61 57 63 57 34 12 5 
#16 58 38 18 11 1 34 4 29 57 9 24 34 14 25 
#37 32 54 33 7 24 29 24 29 57 23 24 12 44 21 
#36 26 37 5 11 41 71 55 26 13 25 47 37 32 7 
#15 9 41 6 3 11 71 61 44 24 21 57 20 12 7 
#54 7 28 5 5 22 34 6 44 15 36 24 34 57 47 
#38 26 8 12 11 24 1 55 12 13 63 5 7 12 7 
#22 58 8 28 53 1 34 61 6 24 23 24 7 55 3 
#29 21 54 12 34 24 29 10 44 57 38 24 34 44 49 
#79 26 41 11 11 11 34 21 26 15 33 29 56 57 15 
#15 2 22 12 53 11 1 61 17 4 21 24 7 7 15 
#54 14 4 5 5 22 9 6 36 15 25 34 34 14 47 
5 6 21 9 35 53 
22 41 20 45 19 33 
24 11 12 13 48 52 
2 57 39 17 46 8 
50 29 51 18 56 10 
44 55 28 16 7 27 
#Base: 914
#Max: 579
#633479
#Turn 5
#24 5 54 11 53 22 71 0 29 4 14 24 37 57 5 
#37 32 54 33 18 1 71 55 29 57 23 24 37 7 5 
#37 32 6 31 53 28 29 4 44 19 9 26 34 44 5 
#4 17 6 31 53 28 4 55 41 25 9 26 7 5 5 
#54 7 6 5 53 28 4 6 44 15 36 24 7 57 47 
#37 26 54 33 7 41 29 55 41 13 38 37 12 32 7 
#79 17 6 12 53 24 1 39 41 57 63 37 34 32 5 
#38 6 8 18 53 35 71 4 12 57 63 5 34 32 49 
#36 6 41 33 8 35 71 5 44 57 36 65 20 12 15 
#36 58 54 33 8 3 29 43 44 24 58 57 6 12 15 
#4 9 8 6 11 11 13 5 61 57 31 24 34 19 25 
#79 21 8 12 11 7 1 5 61 57 63 65 19 19 47 
#79 6 8 18 53 24 1 45 26 57 9 65 56 2 5 
#79 6 38 12 53 35 1 55 61 57 9 57 56 2 5 
#15 21 41 6 1 22 1 55 44 57 63 57 20 12 5 
#79 26 15 49 11 3 5 21 29 15 58 57 56 23 5 
#79 21 54 11 11 35 1 5 44 15 33 29 19 57 15 
#79 21 54 18 11 28 1 5 17 4 25 65 37 2 49 
#79 34 45 62 8 28 71 39 41 13 36 47 56 12 7 
#79 21 45 33 53 3 29 45 41 24 25 57 37 5 15 
#37 32 54 33 7 24 29 24 29 9 23 24 7 14 57 
#36 14 4 5 8 24 1 24 26 9 63 34 37 32 7 
#36 26 37 49 53 28 71 55 26 13 25 47 37 32 7 
#36 21 37 49 53 28 71 10 44 13 58 47 34 44 49 
#4 21 54 12 55 24 40 5 61 15 38 5 34 57 49 
#22 58 8 28 8 1 1 61 6 24 23 29 7 55 3 
#22 1 8 12 53 11 1 21 6 24 63 24 7 57 3 
#79 1 54 62 11 1 7 24 36 15 9 25 7 14 21 
#79 58 8 33 18 22 7 24 44 24 9 25 51 7 21 
#29 1 54 12 34 22 29 21 44 15 15 57 56 34 15 
#36 7 54 5 7 22 34 55 29 13 31 24 37 57 5 
#79 5 54 11 1 22 34 55 29 4 19 24 37 32 5 
#38 32 8 33 53 1 29 4 12 57 63 24 34 12 5 
#79 17 8 18 53 28 1 5 41 19 9 65 37 32 49 
#37 17 6 33 8 28 4 55 44 25 36 57 7 12 5 
#54 21 54 33 5 3 29 43 44 24 58 57 6 57 47 
#37 26 54 33 53 41 29 61 44 13 38 24 34 7 7 
#79 17 6 12 1 31 1 5 61 57 19 57 37 19 5 
#38 58 8 12 53 24 1 5 12 57 63 5 34 12 5 
#36 6 8 18 1 35 1 5 17 9 9 65 56 32 5 
#38 58 38 33 1 22 1 55 44 57 36 57 20 12 15 
#15 21 41 33 3 11 29 61 22 24 58 57 6 12 7 
#15 9 28 49 53 3 5 61 44 15 58 57 34 55 25 
#79 26 41 11 11 11 34 21 26 15 33 29 19 57 15 
#79 6 8 18 11 35 1 5 26 57 63 65 19 2 5 
#79 6 37 18 53 35 71 39 41 4 9 47 37 12 57 
#36 34 38 12 1 3 71 55 61 57 63 57 34 5 5 
#79 9 41 33 3 11 29 45 44 24 25 57 37 12 15 
#36 32 54 33 7 24 29 24 29 19 58 24 6 23 21 
#79 14 41 11 8 24 34 24 26 9 33 34 56 14 57 
#36 21 54 18 11 35 1 55 44 13 25 65 37 2 7 
#79 58 37 49 53 28 71 39 22 13 58 47 37 12 57 
#29 21 54 33 53 24 29 43 44 13 36 57 34 44 7 
#4 21 11 33 11 7 40 5 44 15 25 24 37 19 15 
#37 21 8 12 7 1 1 24 29 11 23 24 51 44 21 
#79 58 8 28 8 1 1 24 36 24 63 34 7 55 3 
#36 1 37 12 8 41 1 21 26 15 63 24 7 57 15 
#36 26 37 62 53 1 71 24 22 11 9 47 51 14 7 
#79 21 54 12 18 24 29 10 44 57 38 24 19 44 15 
#29 21 11 58 55 24 38 21 61 15 15 57 56 34 25 
5 14 15 1 24 17 
16 44 57 35 58 47 
49 33 11 46 45 9 
7 22 13 51 23 19 
37 40 59 18 6 8 
28 36 52 42 12 55 
#Base: 914
#Max: 660
#722101
#Turn 6
#37 21 54 6 1 41 1 55 41 13 38 37 20 32 7 
#79 21 15 49 11 3 5 55 29 57 63 57 20 23 5 
#37 32 15 33 18 1 71 55 29 57 58 57 56 23 5 
#4 32 54 33 18 1 40 55 61 57 23 24 37 57 49 
#79 21 54 12 11 28 40 5 61 15 38 65 37 2 49 
#79 6 54 18 11 35 1 5 26 57 63 65 19 2 15 
#79 6 8 62 11 1 71 5 26 57 9 65 19 2 5 
#36 26 37 62 5 1 29 24 22 24 58 57 51 57 47 
#79 21 54 33 18 24 29 10 44 24 38 24 6 57 47 
#79 21 41 12 18 11 29 45 44 57 25 24 37 12 15 
#79 14 41 11 53 24 1 24 26 19 33 65 56 32 57 
#79 21 8 18 11 7 1 5 61 57 9 65 37 19 47 
#79 21 8 12 11 3 1 5 61 57 63 65 19 5 47 
#79 34 37 12 53 35 71 39 61 4 9 47 37 5 57 
#36 6 54 33 53 3 71 43 44 4 58 57 6 12 57 
#38 26 37 49 53 28 71 55 12 57 63 5 34 32 49 
#36 6 38 49 53 28 1 55 26 13 9 47 37 32 5 
#79 58 38 49 53 28 71 55 61 57 58 57 56 12 57 
#79 21 37 49 53 28 71 39 22 13 58 47 37 12 57 
#36 21 45 49 53 3 29 10 41 24 58 57 34 44 49 
#79 58 6 33 1 31 1 5 44 57 19 57 37 12 15 
#38 21 38 58 55 22 1 21 44 57 36 57 56 34 15 
#79 34 11 58 8 24 71 21 61 13 36 57 56 34 7 
#79 17 6 62 53 24 1 39 41 13 63 47 34 32 7 
#79 17 6 12 53 35 1 5 44 57 36 65 34 12 5 
#79 26 54 33 53 41 7 24 44 24 38 25 51 7 7 
#29 21 54 33 53 24 29 43 44 13 38 24 34 44 7 
#29 21 28 49 53 24 5 43 44 13 58 57 34 55 7 
#79 9 8 18 53 3 1 61 26 15 9 57 34 2 5 
#79 6 8 28 53 1 1 24 26 57 63 34 56 55 5 
#79 21 54 33 11 41 29 5 41 13 33 37 12 32 15 
#79 6 8 6 1 35 1 5 26 57 63 65 19 12 5 
#79 26 15 49 11 1 71 24 29 15 9 47 56 14 5 
#54 32 54 33 18 1 29 55 44 57 58 57 6 57 5 
#79 21 54 12 18 24 40 5 44 57 38 24 34 57 15 
#79 9 41 18 11 11 29 45 17 24 25 65 37 12 15 
#79 14 41 11 11 24 1 5 26 9 33 29 19 57 15 
#79 17 8 18 11 35 1 5 41 19 9 65 19 32 49 
#79 21 8 62 11 7 71 24 22 57 63 65 51 19 7 
#54 21 38 12 5 3 29 55 61 24 58 57 34 5 5 
#79 21 54 12 18 24 29 10 41 4 9 24 19 12 57 
#79 58 54 33 8 3 29 43 44 24 25 57 6 12 15 
#79 6 8 11 8 35 71 24 12 9 33 34 56 32 57 
#79 17 37 18 53 28 1 5 41 19 25 47 37 32 49 
#79 6 8 12 11 35 1 55 61 57 9 65 56 19 47 
#79 58 38 49 1 3 71 39 22 57 58 47 34 5 57 
#79 6 37 49 53 28 71 39 41 4 9 47 37 12 49 
#79 21 54 33 53 3 29 45 44 24 58 57 6 12 15 
#79 17 8 12 1 35 71 5 61 57 19 5 37 19 5 
#36 58 38 49 1 22 1 55 44 13 25 47 20 32 7 
#29 6 38 12 55 35 38 21 61 15 15 57 56 2 25 
#79 58 45 62 53 28 71 39 22 13 58 47 37 12 7 
#79 17 6 12 53 24 1 10 41 57 58 47 34 32 49 
#36 21 41 33 8 35 29 45 44 24 25 65 20 12 15 
#79 58 6 12 1 22 1 24 44 57 19 57 51 7 21 
#37 58 54 33 53 41 29 61 44 13 38 57 34 12 15 
#29 21 11 58 53 24 29 43 44 15 15 57 34 34 7 
#15 9 28 62 53 28 71 39 41 13 58 47 34 55 25 
#79 17 8 12 53 24 1 39 41 57 63 37 56 2 5 
#79 58 8 28 8 1 1 24 44 57 36 65 20 55 3 
5 12 34 47 52 8 
41 27 23 13 19 59 
1 7 22 15 38 4 
2 57 18 17 45 55 
25 10 14 51 46 21 
42 29 3 33 44 58 
#Base: 914
#Max: 789
#863239
#Turn 7
#79 6 8 18 11 35 1 5 26 57 63 65 19 5 47 
#79 21 54 12 11 3 40 5 61 57 63 24 34 57 15 
#79 21 54 12 18 3 29 5 44 24 38 24 6 12 15 
#79 17 6 12 53 24 29 10 44 24 58 47 34 32 15 
#79 21 6 33 18 24 29 10 41 24 58 47 34 57 49 
#29 21 54 33 53 3 29 43 44 24 25 57 34 12 15 
#79 21 28 49 53 24 5 43 44 13 63 47 34 32 7 
#79 34 6 12 53 24 71 39 61 4 9 47 34 32 7 
#36 21 45 12 53 3 29 10 41 4 58 57 37 44 49 
#79 21 8 49 53 1 1 10 44 24 36 65 34 55 3 
#36 21 37 49 11 1 29 55 22 24 58 57 51 57 5 
#36 26 11 62 5 24 29 21 61 24 36 57 56 34 47 
#79 34 37 58 53 24 71 55 61 13 63 57 56 32 7 
#38 26 37 49 53 28 71 55 22 57 63 65 51 32 49 
#79 21 8 12 11 7 40 24 61 15 63 65 51 2 7 
#15 9 28 62 53 1 71 55 29 57 58 47 56 23 25 
#15 21 28 49 53 28 71 39 22 13 58 47 37 12 25 
#79 21 37 49 53 28 71 39 61 13 58 57 37 12 57 
#79 58 38 49 53 28 71 39 22 57 58 57 56 5 57 
#37 58 54 33 1 3 29 61 22 13 58 57 34 5 15 
#79 26 54 11 53 24 7 24 26 19 33 25 56 32 57 
#79 6 41 33 53 24 71 43 26 19 58 57 56 12 57 
#79 6 54 33 53 3 71 39 22 13 58 47 6 12 7 
#79 58 45 62 53 28 71 39 22 4 58 47 37 12 7 
#79 6 38 49 55 22 71 21 44 4 9 47 56 12 49 
#79 6 8 11 53 1 71 24 26 57 63 34 56 32 5 
#4 6 8 33 18 1 40 55 61 57 63 34 56 57 5 
#54 32 54 33 18 1 29 55 61 57 23 24 6 57 5 
#79 32 54 12 11 1 29 55 61 57 9 57 6 19 5 
#79 17 8 12 53 35 1 39 41 57 63 65 56 2 5 
#79 58 54 18 11 3 29 43 44 57 25 65 6 2 15 
#29 21 28 12 11 3 5 5 61 57 63 57 19 5 47 
#79 21 6 62 53 24 40 5 41 57 38 47 34 32 15 
#79 34 37 33 53 3 71 45 44 4 9 57 37 12 57 
#79 21 6 49 53 3 29 10 41 57 58 47 34 44 49 
#79 21 8 28 8 24 1 24 44 24 38 65 20 55 3 
#79 58 15 49 8 3 29 43 44 24 25 57 20 23 5 
#36 21 28 62 53 1 29 24 22 13 58 57 34 55 47 
#79 34 11 58 8 24 1 39 41 13 36 47 56 34 7 
#79 26 37 49 53 35 71 55 61 57 63 47 37 32 57 
#79 21 8 49 11 3 71 24 22 57 63 57 34 44 49 
#79 58 8 12 8 1 40 24 44 57 38 65 37 2 3 
#37 32 15 49 11 1 71 55 29 57 58 57 56 23 5 
#15 9 28 62 5 28 29 24 22 13 58 47 51 57 25 
#79 21 37 58 8 24 71 21 61 13 58 47 37 34 57 
#79 26 37 49 53 28 71 55 61 57 63 57 34 12 57 
#79 58 8 62 11 7 71 39 22 57 63 65 51 5 57 
#37 58 54 12 11 28 40 61 61 13 38 57 37 2 15 
#37 32 15 33 18 1 71 55 29 24 58 25 51 23 7 
#15 14 41 11 53 28 71 24 26 19 58 47 34 32 57 
#79 6 54 33 53 3 71 39 44 4 58 47 37 12 57 
#79 58 38 62 53 28 71 55 61 57 58 57 56 12 7 
#79 6 37 49 53 28 71 39 41 57 58 47 37 5 49 
#37 21 38 58 55 41 1 21 44 13 36 57 56 12 15 
#79 6 8 11 53 35 7 24 12 9 38 34 56 7 7 
#79 14 41 28 53 24 1 24 26 57 33 34 56 55 5 
#36 6 54 33 18 1 40 43 44 4 58 57 6 12 57 
#79 58 54 33 53 1 29 39 44 57 58 57 37 57 7 
#79 6 37 49 53 28 1 39 41 4 9 47 37 19 47 
#38 21 8 12 53 24 1 21 44 57 63 37 56 2 5 
10 30 37 24 6 11 
7 49 29 17 42 4 
47 32 46 12 13 1 
50 57 18 51 45 23 
20 33 44 39 52 15 
22 25 34 21 40 55 
#Base: 914
#Max: 759
#830416
#Turn 8
#36 58 54 18 11 3 29 55 44 24 58 57 6 57 15 
#36 21 28 18 11 3 29 43 22 13 58 65 34 55 15 
#36 21 28 62 55 22 29 24 44 4 9 57 56 55 47 
#79 21 38 49 53 24 5 43 44 13 63 47 34 32 7 
#79 26 28 62 53 24 29 43 61 13 36 47 34 32 47 
#15 34 6 12 53 24 71 39 61 4 58 47 34 32 7 
#79 17 8 11 53 35 1 39 26 19 58 65 34 32 5 
#79 17 8 12 53 35 1 39 41 13 63 57 56 2 5 
#37 21 37 49 53 1 71 55 61 57 58 57 37 12 57 
#79 32 15 49 11 24 71 55 29 24 58 47 34 23 5 
#79 58 54 62 53 24 40 61 41 57 38 47 37 2 15 
#79 21 8 62 53 24 40 39 41 57 38 47 51 32 57 
#79 34 37 62 11 7 71 39 22 13 63 57 51 5 57 
#38 34 37 49 53 28 71 55 22 57 63 57 56 32 49 
#79 26 37 49 53 28 71 5 61 57 63 65 51 57 49 
#79 6 54 33 53 3 71 39 44 4 58 47 37 12 57 
#79 58 54 33 53 1 71 39 22 57 58 57 37 5 7 
#79 58 38 49 53 28 71 39 61 57 58 57 56 5 57 
#79 26 37 62 53 28 71 55 61 57 63 57 56 12 57 
#79 58 37 62 53 28 71 39 61 4 58 57 34 12 7 
#79 26 54 11 53 3 7 24 26 4 33 25 56 12 57 
#79 34 37 58 53 3 71 45 61 4 9 57 37 34 57 
#79 21 37 58 8 24 71 55 61 57 58 47 37 32 57 
#79 26 37 49 53 35 71 39 61 57 63 47 37 5 49 
#15 9 28 62 53 28 71 55 29 57 58 47 37 23 25 
#79 6 8 33 53 1 71 39 26 13 58 47 6 12 5 
#79 6 8 11 53 3 71 24 41 57 63 34 34 44 49 
#79 21 41 49 53 3 29 43 26 57 58 47 34 44 57 
#79 21 41 49 53 3 71 43 22 19 63 57 34 44 49 
#79 14 8 49 11 24 71 24 22 57 63 57 34 44 49 
#79 21 6 12 11 24 29 55 22 4 58 47 34 32 5 
#79 14 41 18 53 28 71 24 44 57 25 65 6 32 57 
#79 17 28 12 53 1 1 24 22 13 58 65 56 2 5 
#79 6 38 49 53 28 71 39 61 4 58 47 37 12 57 
#37 21 28 49 53 1 71 55 44 13 58 57 56 23 7 
#79 26 11 62 18 24 29 10 41 24 58 47 34 34 49 
#37 34 6 12 53 28 71 61 61 13 9 47 37 32 7 
#15 21 6 62 53 24 40 5 41 57 58 47 34 32 15 
#79 58 8 12 11 35 71 39 22 57 63 65 56 2 57 
#79 21 37 58 53 24 71 39 61 13 58 57 56 32 57 
#37 32 15 49 11 28 71 55 29 57 63 57 51 32 5 
#79 21 54 33 18 3 29 10 41 24 63 24 34 57 49 
#37 6 54 33 11 28 71 61 44 4 38 57 37 12 15 
#79 21 6 62 53 1 29 39 44 57 58 57 34 57 7 
#79 58 38 62 53 28 71 39 22 57 58 65 56 5 57 
#79 58 38 58 53 24 71 55 61 13 63 57 56 32 7 
#38 26 37 49 53 28 71 55 22 57 63 57 34 12 57 
#79 21 54 62 53 28 40 5 22 4 58 24 37 12 7 
#79 6 54 33 53 24 7 24 26 19 33 47 37 32 57 
#79 34 54 33 53 1 71 45 44 57 58 57 37 12 7 
#79 21 38 58 8 28 71 39 61 13 58 47 37 34 57 
#79 58 38 49 53 28 71 55 61 57 63 47 37 32 57 
#79 6 37 49 53 28 71 55 41 57 63 47 34 12 49 
#79 58 45 62 53 28 71 55 22 4 58 47 37 12 25 
#79 6 54 11 53 3 71 39 26 19 58 25 6 12 57 
#79 34 8 11 53 3 71 24 26 4 63 57 37 12 57 
#79 21 37 58 53 24 29 21 41 13 58 47 37 44 49 
#79 26 37 33 53 35 71 43 26 19 58 57 37 32 57 
#79 21 37 49 53 3 71 24 22 57 58 47 37 5 49 
#79 9 41 62 53 24 1 55 29 57 33 34 56 55 25 
24 43 16 11 33 12 
29 58 27 39 28 4 
59 49 23 44 45 21 
8 22 14 51 17 10 
56 50 57 18 13 46 
15 38 53 52 19 31 
#Base: 914
#Max: 785
#858862
#Turn 9
#15 21 28 62 53 28 71 55 44 57 58 57 37 23 25 
#79 58 54 62 53 1 71 39 44 57 58 57 37 5 7 
#79 21 54 62 53 24 40 39 22 57 58 47 51 32 7 
#79 21 8 49 53 28 71 39 41 57 38 47 51 12 57 
#79 6 38 49 11 7 71 39 61 4 58 57 51 5 57 
#79 14 37 49 11 3 71 24 22 57 58 57 37 5 49 
#79 21 41 49 53 3 71 43 26 57 58 47 37 5 49 
#79 21 37 49 53 3 29 39 26 57 58 57 34 32 57 
#79 21 41 58 53 3 71 39 61 19 63 57 56 44 49 
#79 21 41 49 53 24 71 43 22 19 36 47 34 32 49 
#79 34 54 33 53 1 71 55 44 57 33 57 56 55 25 
#79 26 37 49 53 1 71 39 44 57 58 57 37 5 49 
#79 26 37 49 53 35 71 39 22 57 58 47 56 5 57 
#79 58 38 58 53 28 71 39 61 13 63 57 56 5 57 
#79 34 38 58 53 3 71 55 61 4 63 57 37 32 57 
#37 21 37 58 8 1 71 55 61 57 58 47 37 32 57 
#79 26 37 49 8 28 71 55 61 57 58 65 37 32 49 
#79 26 37 49 53 28 71 5 61 57 63 65 51 57 49 
#79 58 38 49 53 28 71 55 61 57 58 57 56 5 57 
#79 58 54 49 53 24 71 39 41 57 38 57 56 5 57 
#79 21 38 58 53 28 71 39 41 13 58 47 37 34 57 
#79 26 37 33 53 35 71 43 26 13 58 57 37 34 57 
#79 26 37 62 53 35 71 55 61 57 63 57 56 32 57 
#79 26 37 62 53 28 71 55 61 57 63 57 56 32 49 
#38 26 37 49 53 28 71 55 22 57 63 57 56 12 49 
#79 6 8 12 53 3 71 39 22 57 58 47 37 12 57 
#79 58 45 62 53 35 71 55 22 4 58 65 56 12 25 
#79 58 37 62 53 28 71 55 22 4 58 47 37 12 25 
#79 6 37 49 53 28 71 55 61 4 63 57 34 12 49 
#79 14 37 18 53 28 71 39 44 57 25 57 34 32 7 
#79 9 28 49 11 28 71 24 29 57 63 57 37 44 25 
#79 21 37 49 53 1 29 39 44 57 58 57 37 5 7 
#79 58 54 33 53 1 71 43 26 57 58 47 37 5 7 
#79 21 8 58 53 24 40 39 61 13 58 47 51 32 57 
#79 21 41 49 53 28 71 43 61 4 58 47 37 44 57 
#79 26 28 62 11 24 71 43 22 13 63 57 34 5 47 
#79 14 41 62 53 24 71 24 22 57 33 57 56 55 49 
#79 34 54 33 53 3 71 24 22 57 58 47 37 5 49 
#79 21 41 49 53 3 29 39 26 57 58 47 37 44 57 
#79 58 38 62 53 24 71 39 22 57 58 65 56 32 57 
#79 58 41 58 53 3 71 55 61 19 63 57 56 32 7 
#79 34 28 62 53 24 29 43 61 13 36 47 37 34 47 
#79 9 41 62 53 24 1 55 61 57 33 57 37 12 57 
#79 34 37 58 8 1 71 55 44 57 58 57 37 32 57 
#79 26 37 49 53 28 71 5 61 57 63 47 37 5 49 
#79 58 38 62 53 28 71 55 22 57 58 65 56 5 57 
#79 58 38 49 53 28 71 39 61 57 63 57 56 5 7 
#79 58 54 58 53 3 40 45 41 4 38 57 37 2 57 
#79 21 37 58 53 1 71 55 61 57 58 47 37 44 49 
#79 21 38 58 8 24 71 55 61 57 58 47 37 34 57 
#79 26 37 49 53 28 71 5 61 19 63 65 51 32 49 
#79 26 37 62 53 28 71 55 61 57 63 47 37 12 57 
#79 58 37 49 53 28 71 39 22 57 58 57 56 32 49 
#79 26 54 49 53 24 71 61 41 57 38 47 34 2 57 
#79 21 54 58 53 24 29 39 41 4 58 47 37 44 49 
#79 58 38 58 11 35 71 39 61 57 63 65 37 2 57 
#79 58 37 33 53 28 71 55 22 4 58 47 37 32 25 
#79 26 37 49 53 28 71 55 61 57 63 47 34 12 49 
#38 34 37 49 53 28 71 39 61 4 63 57 34 32 7 
#79 14 41 18 53 28 71 55 22 57 25 57 34 12 57 
2 3 50 40 12 44 
11 1 34 17 36 24 
43 26 51 45 52 14 
46 19 39 22 18 48 
21 10 55 23 13 8 
28 53 49 57 16 20 
#Base: 914
#Max: 801
#876368
#79 21 54 62 53 28 40 39 41 57 38 47 51 12 57 
#79 21 8 49 53 28 71 5 61 19 38 47 51 12 57 
#79 58 37 58 53 3 71 5 61 19 63 57 56 32 49 
#79 58 37 58 53 3 71 55 61 57 63 57 56 5 7 
#79 26 37 49 53 28 71 5 22 57 58 47 37 5 49 
#79 26 54 49 53 1 71 39 44 57 58 57 37 5 7 
#79 21 41 49 53 1 71 43 61 57 58 57 37 5 7 
#79 26 37 49 53 28 71 5 61 57 63 65 51 57 57 
#79 26 37 49 53 24 71 24 61 57 63 57 56 55 49 
#38 26 41 62 53 24 71 24 22 57 33 57 56 12 49 
#79 58 37 58 53 1 71 55 22 4 58 57 37 12 25 
#79 26 37 62 53 35 71 55 61 57 63 65 56 12 57 
#79 26 37 62 53 28 71 55 22 57 58 47 37 12 57 
#79 58 38 62 53 28 71 55 22 57 58 57 56 5 49 
#79 34 37 58 53 28 71 39 22 4 58 57 37 32 49 
#79 58 38 49 53 28 71 39 61 57 63 57 56 5 7 
#79 58 38 49 53 24 71 39 22 57 38 65 56 5 57 
#79 26 38 62 53 35 71 39 61 57 63 57 56 32 57 
#79 26 37 49 53 28 71 55 61 57 58 57 56 5 57 
#79 21 37 58 53 28 71 55 61 57 58 57 56 5 57 
#79 26 37 33 53 35 71 43 44 57 33 57 37 55 57 
#79 34 38 33 11 35 71 55 44 57 33 57 37 55 25 
#79 58 38 62 11 35 71 39 61 57 63 57 56 2 49 
#79 58 38 58 53 28 71 39 61 57 63 57 56 32 49 
#79 21 41 58 53 28 71 39 61 19 63 57 56 5 49 
#79 6 54 49 53 24 71 61 61 57 63 47 34 2 49 
#79 21 38 58 53 24 71 61 41 57 58 47 34 34 57 
#79 21 37 58 8 28 71 55 61 57 58 47 34 12 57 
#79 26 37 49 8 28 71 55 61 57 58 65 34 12 49 
#79 21 37 49 53 28 71 55 61 13 58 47 37 32 49 
#79 21 37 62 53 1 71 39 44 57 58 47 37 5 49 
#79 58 54 62 53 28 71 39 44 57 38 47 37 5 7 
#79 26 37 49 53 28 71 43 61 19 58 65 37 32 49 
#79 26 37 58 53 28 71 55 61 57 63 57 51 32 49 
#79 14 37 49 53 35 71 39 22 57 33 57 56 55 49 
#79 26 37 49 53 28 71 55 61 57 63 47 37 5 49 
#79 26 37 58 8 1 71 39 44 57 58 57 37 5 57 
#79 58 54 62 53 1 71 39 22 4 58 57 56 5 7 
#79 21 37 49 53 28 71 43 61 4 58 47 37 44 57 
#79 58 37 49 53 28 71 55 22 57 63 65 51 5 57 
#79 58 41 49 53 24 71 39 22 57 58 57 56 55 49 
#79 34 37 49 53 3 71 55 61 4 63 57 56 12 49 
#79 58 37 49 8 1 71 55 44 57 58 57 56 32 7 
#79 58 45 49 53 24 71 55 22 4 58 65 56 5 57 
#79 26 38 62 53 28 71 39 22 57 58 47 56 12 57 
#79 26 38 62 53 35 71 55 22 57 58 57 56 5 57 
#79 58 37 49 53 28 71 39 61 57 58 57 56 5 57 
#79 21 38 58 53 3 71 55 61 57 58 47 37 32 49 
#79 58 38 33 53 35 71 43 26 13 63 57 37 5 57 
#79 34 54 49 53 24 71 39 41 57 38 57 56 55 25 
#79 58 38 62 11 24 71 39 22 57 63 65 37 2 57 
#79 26 37 62 53 35 71 55 61 57 63 57 56 32 57 
#79 58 38 49 53 28 71 39 61 13 58 57 56 5 57 
#79 21 37 58 53 3 71 39 61 19 63 57 37 44 49 
#79 26 37 49 53 28 71 55 26 13 58 57 34 12 49 
#79 34 54 49 53 24 71 55 44 57 38 57 56 55 57 
#79 58 38 58 8 35 71 55 61 57 58 47 37 2 57 
#79 26 37 49 53 28 71 55 61 57 63 57 34 12 49 
#79 26 37 58 53 28 71 39 61 13 58 65 37 32 57 
#79 21 41 58 53 3 71 39 61 19 63 57 37 44 49 
#Base: 914
#Max: 801
#876368
