#[0] 3, 3
#[1] 4, 3
#[2] 3, 4
#[3] 3, 2
#[4] 2, 3
#[5] 2, 4
#[6] 1, 3
#[7] 2, 2
#[8] 3, 1
#[9] 4, 4
#[10] 5, 3
#[11] 3, 5
#[12] 4, 2
#[13] 3, 0
#[14] 5, 4
#[15] 4, 5
#[16] 5, 2
#[17] 4, 1
#[18] 0, 3
#[19] 1, 4
#[20] 2, 1
#[21] 1, 2
#[22] 2, 5
#[23] 0, 4
#[24] 5, 1
#[25] 0, 2
#[26] 5, 5
#[27] 1, 5
#[28] 2, 0
#[29] 1, 1
#[30] 4, 0
#[31] 0, 5
#[32] 1, 0
#[33] 0, 1
#[34] 5, 0
#[35] 0, 0
#Turn 0
17 10 49 56 45 34 
7 11 47 53 8 57 
12 40 55 54 38 20 
16 36 13 27 1 44 
43 28 6 48 3 4 
18 23 30 14 24 22 
#Base: 969
#Max: 361
#372549
#Turn 1
#11 17 11 17 46 15 2 50 16 17 4 32 7 16 23 
#0 17 11 16 46 15 18 14 15 15 28 32 14 18 23 
#29 22 8 25 8 48 28 14 25 15 11 6 1 25 6 
#9 5 39 25 47 23 47 15 21 13 51 4 55 36 6 
#9 9 41 19 47 1 22 36 19 23 1 4 17 36 11 
#20 3 14 1 29 25 20 41 25 9 2 7 22 20 46 
#1 14 43 12 45 25 23 41 12 10 2 7 56 15 46 
#2 3 7 38 11 20 23 21 12 14 8 36 2 3 20 
#2 9 25 15 11 20 23 50 12 14 8 36 17 68 20 
#6 17 25 12 55 16 26 14 16 13 19 57 31 19 18 
#24 48 18 6 16 3 1 1 37 31 27 1 7 17 11 
#20 13 3 1 2 3 16 14 37 54 27 32 50 9 61 
#6 19 3 17 2 28 16 5 9 27 18 5 32 21 16 
#6 71 72 27 30 12 6 5 16 27 4 20 4 21 16 
#8 71 20 27 13 17 21 22 10 24 23 18 4 29 9 
#34 9 11 8 8 33 11 31 4 33 24 41 29 14 27 
#6 0 5 9 25 72 8 31 20 33 19 14 4 31 68 
#8 34 5 9 33 72 15 18 25 20 76 14 11 1 14 
#8 34 4 31 3 20 71 18 11 25 76 40 11 1 0 
#17 34 4 6 15 51 10 10 11 22 1 40 12 8 0 
#51 4 27 24 56 15 20 16 42 8 0 5 15 12 2 
#51 4 13 24 8 15 4 24 25 8 20 13 12 24 4 
#16 23 1 29 8 31 4 61 25 4 11 5 12 14 5 
#25 23 1 18 61 1 4 11 20 2 9 26 0 5 51 
#14 5 36 2 61 53 44 3 20 2 9 1 0 5 16 
#39 12 28 2 12 45 21 1 38 49 26 0 18 9 39 
#39 6 27 35 12 24 21 1 6 49 26 5 18 1 39 
#6 14 16 35 11 20 46 17 47 59 4 8 19 1 30 
#9 41 13 54 6 16 11 54 47 19 31 8 19 1 22 
#14 1 7 16 8 21 48 27 13 44 31 16 15 35 40 
#11 3 21 30 23 5 60 44 18 9 28 37 22 20 33 
#1 17 11 17 29 25 18 41 15 10 2 32 32 15 46 
#53 3 1 12 41 12 28 21 12 15 8 13 1 3 12 
#29 5 8 38 11 3 37 5 12 14 51 36 2 25 6 
#9 9 39 19 37 12 47 50 3 23 1 4 17 36 15 
#46 17 41 40 55 16 22 14 16 26 19 27 31 26 5 
#38 48 21 6 30 5 39 22 18 9 47 16 22 17 11 
#1 9 44 30 29 3 1 9 25 10 2 32 50 8 18 
#20 3 3 1 45 28 16 21 12 54 18 5 32 9 61 
#2 19 72 38 11 12 6 5 25 14 14 36 2 21 16 
#6 9 9 27 37 6 26 15 16 13 36 20 17 10 15 
#8 12 42 12 55 17 16 22 10 11 23 27 31 31 18 
#34 48 18 14 8 5 39 62 4 31 47 41 7 3 27 
#6 9 44 8 16 3 8 9 37 33 27 32 4 14 68 
#20 13 3 9 2 28 8 14 25 54 18 5 32 9 61 
#6 19 6 31 3 12 15 18 25 27 4 19 24 1 14 
#8 71 4 21 15 6 13 10 11 24 1 40 12 8 17 
#17 12 20 6 42 51 21 22 10 11 1 18 42 8 11 
#15 9 9 14 56 29 20 62 42 20 8 5 29 3 2 
#6 0 11 8 25 15 38 31 20 8 0 14 6 17 68 
#8 0 5 29 33 72 4 61 25 24 19 5 12 24 10 
#17 34 1 18 3 20 4 5 69 4 11 26 54 1 14 
#25 34 36 22 15 15 71 11 11 2 9 40 0 5 51 
#14 21 19 6 32 53 44 3 11 22 1 29 22 4 16 
#29 15 28 34 14 29 13 26 2 5 47 5 11 9 2 
#39 4 27 24 12 24 21 1 55 8 0 0 6 16 4 
#6 0 16 29 11 20 4 17 6 59 31 5 12 1 10 
#10 23 1 18 18 1 4 5 69 4 4 26 19 1 22 
#25 41 7 22 6 9 21 27 13 2 31 1 47 26 51 
#14 1 19 9 32 21 6 3 7 44 54 9 22 35 16 
26 41 20 27 9 23 
29 49 44 3 39 34 
58 30 52 42 50 25 
51 11 13 18 16 28 
36 24 48 17 6 35 
57 14 8 38 43 46 
#Base: 969
#Max: 401
#413829
#Turn 2
#8 12 27 35 55 24 16 22 6 11 26 5 18 1 18 
#51 12 42 12 56 15 20 22 10 11 0 27 15 31 18 
#51 14 16 24 11 20 20 16 47 8 0 8 15 1 30 
#6 17 25 12 11 20 46 17 16 13 19 57 31 19 30 
#25 17 25 12 61 1 26 14 20 13 19 26 0 5 18 
#6 0 7 16 8 21 48 31 20 8 0 14 6 17 68 
#6 13 11 9 25 15 38 14 20 54 0 14 32 9 68 
#20 5 3 9 47 28 8 14 21 13 51 5 32 36 61 
#2 5 72 38 11 23 6 15 25 14 14 36 2 21 6 
#9 19 72 38 11 12 47 50 25 23 14 36 17 21 16 
#25 41 21 30 6 5 60 27 13 2 31 37 47 20 51 
#11 34 21 22 23 5 60 11 18 2 9 37 0 5 33 
#34 34 36 22 15 15 71 62 11 31 9 40 7 5 27 
#8 0 18 14 8 72 39 62 4 24 47 41 12 24 10 
#8 0 28 2 33 72 21 61 25 49 19 0 12 24 10 
#17 13 1 1 3 3 4 5 69 4 11 32 54 1 14 
#6 71 3 27 2 12 16 5 37 54 4 20 50 21 16 
#6 34 72 31 30 20 6 18 16 27 76 40 4 21 16 
#6 34 5 31 3 72 8 31 20 33 19 14 11 31 68 
#9 0 13 9 6 72 8 54 20 19 31 14 19 31 22 
#14 48 21 2 61 5 39 3 18 2 47 16 0 17 11 
#15 9 36 14 56 29 44 3 20 2 8 5 29 3 2 
#8 9 9 14 33 29 20 62 25 20 76 14 11 3 2 
#8 14 5 9 33 72 15 41 25 20 2 14 56 1 14 
#46 17 43 40 45 25 23 14 16 10 2 7 56 26 46 
#10 71 1 27 13 17 4 5 10 24 23 26 4 1 9 
#8 9 20 27 11 20 21 22 10 14 23 36 17 68 9 
#2 3 25 1 45 28 23 21 12 14 8 5 17 68 61 
#6 9 3 1 16 3 8 9 37 33 27 32 4 9 68 
#6 9 4 21 16 3 13 10 37 24 27 32 4 14 68 
#39 6 27 35 8 24 48 27 6 49 31 16 15 1 40 
#8 12 42 12 25 15 38 22 20 8 0 14 6 31 18 
#51 4 3 9 56 15 8 14 42 8 0 5 15 12 2 
#6 14 16 35 47 20 47 15 47 59 4 8 19 36 30 
#2 19 72 12 55 16 26 14 16 13 19 36 2 21 18 
#25 23 39 18 61 12 4 50 3 2 9 4 17 36 15 
#14 41 7 22 6 9 48 27 13 44 31 1 15 35 40 
#11 3 21 30 23 15 60 44 18 9 28 14 22 20 33 
#25 34 36 22 15 15 71 11 25 2 18 5 32 5 61 
#9 48 18 14 8 5 47 62 4 31 51 41 7 36 6 
#2 0 5 38 33 12 4 61 25 14 14 5 2 24 10 
#9 9 39 19 37 12 47 50 38 23 26 4 17 36 15 
#17 34 7 22 6 9 21 5 69 2 31 1 47 26 51 
#20 3 3 30 2 3 60 44 18 54 27 37 22 20 33 
#25 34 36 22 15 12 71 11 11 2 4 20 4 21 16 
#34 34 4 31 3 20 71 18 4 25 76 41 11 1 0 
#8 0 5 29 33 72 8 61 20 24 19 5 4 31 68 
#39 41 13 2 12 16 11 54 47 19 31 8 18 9 22 
#17 48 1 18 3 20 4 22 69 9 47 16 22 1 14 
#20 13 36 2 61 53 16 14 20 2 27 32 0 5 61 
#15 71 9 27 56 29 6 5 42 27 8 20 29 21 16 
#8 34 5 9 33 20 71 18 25 25 76 40 11 1 0 
#1 14 5 12 25 72 23 31 20 33 19 14 4 31 68 
#9 41 13 54 55 16 11 54 16 26 31 27 19 1 5 
#10 48 21 6 30 1 4 22 18 9 47 16 22 17 22 
#14 71 36 2 61 17 21 3 10 2 23 1 4 29 9 
#15 9 9 15 56 29 23 62 42 20 8 5 17 68 2 
#20 3 3 1 45 28 15 18 25 54 18 14 11 9 14 
#6 14 43 12 16 3 8 41 12 10 27 7 4 14 46 
#8 17 41 40 15 6 22 14 11 24 19 27 31 8 5 
1 20 55 16 23 41 
30 6 42 18 33 7 
19 27 56 13 12 53 
10 14 51 46 45 39 
48 50 38 17 52 22 
35 43 24 9 49 34 
#Base: 969
#Max: 419
#432405
#Turn 3
#14 48 21 2 61 15 39 22 18 11 47 16 0 31 11 
#14 48 36 2 61 17 21 3 18 2 23 1 0 29 11 
#14 71 3 27 61 17 21 5 37 54 23 20 4 29 16 
#8 71 3 27 2 72 15 5 37 20 4 14 50 1 16 
#9 14 39 19 33 12 15 41 25 23 2 4 56 1 14 
#39 6 11 35 8 15 38 27 20 49 0 14 32 1 68 
#6 34 11 22 6 9 38 5 69 2 31 14 47 9 68 
#6 34 5 31 6 72 8 31 20 33 19 14 47 31 68 
#6 14 16 35 47 20 8 15 20 59 4 8 11 31 30 
#6 14 3 9 47 20 47 14 21 13 51 8 19 36 30 
#2 0 13 1 6 28 23 54 20 14 8 5 19 31 61 
#15 3 9 1 56 28 23 21 12 20 8 5 17 68 61 
#15 9 9 15 8 72 23 62 4 24 47 41 17 24 10 
#8 34 36 22 8 15 71 62 4 31 9 40 7 5 10 
#34 41 36 54 55 15 11 62 16 26 31 27 7 5 5 
#25 41 28 2 6 5 21 27 25 49 31 0 12 20 51 
#8 0 5 9 33 72 21 18 25 25 76 0 11 1 0 
#8 0 5 29 33 20 8 18 25 24 76 5 4 1 0 
#34 34 5 31 33 72 8 61 20 25 19 41 4 1 0 
#34 34 18 14 3 20 71 18 4 25 76 41 11 36 6 
#15 71 1 27 3 20 6 5 69 27 8 20 22 21 14 
#25 34 36 22 15 29 71 5 25 27 18 20 29 5 16 
#25 34 72 22 15 20 6 18 25 27 76 40 32 5 61 
#1 34 5 31 25 72 6 18 20 33 19 14 4 31 68 
#1 14 9 14 25 72 20 31 20 33 76 14 4 31 2 
#25 3 39 30 61 3 60 50 3 2 9 4 22 20 33 
#46 3 43 40 2 25 60 44 18 54 2 37 56 26 46 
#9 17 43 40 11 12 47 50 16 23 2 7 17 21 46 
#9 19 36 38 11 53 16 14 25 23 27 32 0 21 16 
#20 19 72 2 55 16 26 14 16 13 27 32 2 21 18 
#39 6 42 35 8 24 20 22 10 49 31 16 15 1 18 
#6 13 21 9 25 15 38 14 20 2 0 14 32 9 11 
#17 34 36 2 61 9 21 3 10 2 31 1 47 26 9 
#6 71 3 27 3 12 16 5 37 54 19 20 11 31 16 
#8 14 16 35 33 20 15 41 47 59 4 14 56 1 14 
#20 5 3 19 47 28 8 14 21 23 26 5 32 36 15 
#39 6 13 35 6 24 48 27 20 19 31 14 19 1 22 
#2 3 25 9 25 28 23 21 12 14 0 5 17 9 68 
#17 34 9 22 6 29 23 5 69 20 31 1 17 26 2 
#8 34 18 31 8 72 39 62 4 24 47 14 11 24 10 
#6 14 36 22 47 15 71 62 11 59 4 40 19 5 27 
#20 5 3 9 55 16 11 14 16 26 31 5 32 1 61 
#9 41 13 9 6 5 8 27 20 19 31 14 19 20 51 
#8 0 25 2 45 72 21 61 12 49 8 5 17 24 10 
#15 34 5 15 56 29 23 18 25 25 8 40 11 68 0 
#8 0 18 14 33 72 39 62 4 24 47 41 4 31 10 
#34 34 4 22 15 20 71 62 4 31 9 40 11 5 0 
#9 41 13 54 8 16 11 62 4 26 51 27 19 1 5 
#17 48 21 18 3 5 60 27 13 2 31 16 22 20 51 
#8 71 28 27 33 29 6 61 42 49 19 0 12 21 16 
#25 34 5 22 15 15 71 18 25 25 76 40 11 5 61 
#8 0 72 29 30 72 8 61 16 24 76 5 4 21 16 
#1 34 4 12 3 20 71 31 20 25 76 14 4 31 0 
#9 48 9 14 8 29 20 62 25 31 51 14 11 3 6 
#25 23 1 18 3 12 4 50 69 2 9 4 17 36 15 
#20 3 3 27 2 3 6 5 42 54 8 37 22 21 33 
#25 34 36 40 45 25 71 11 16 2 2 7 32 5 61 
#9 19 72 38 30 20 6 18 25 23 14 36 17 21 16 
#1 13 5 2 61 72 16 14 20 2 19 14 4 31 61 
#8 9 72 12 33 16 20 62 16 20 19 14 2 3 2 
0 33 25 23 13 47 
29 20 58 7 43 34 
44 12 45 40 19 46 
3 49 50 51 26 2 
5 52 14 22 56 6 
59 16 18 39 24 11 
#Base: 969
#Max: 502
#518060
#Turn 4
#14 71 21 27 3 12 16 22 18 11 47 16 0 31 11 
#6 3 3 27 61 12 60 50 37 2 19 20 11 31 33 
#1 3 5 30 25 72 60 18 20 33 9 14 4 31 68 
#8 34 5 22 8 72 71 62 20 33 19 14 4 31 10 
#9 41 13 22 8 15 11 62 4 31 51 27 19 1 5 
#15 71 72 27 3 16 26 14 69 27 27 32 22 21 18 
#15 71 1 2 3 20 6 14 69 27 8 14 22 31 61 
#6 34 5 2 6 72 8 31 20 33 19 14 4 31 61 
#8 0 25 31 6 72 21 31 12 33 8 14 47 24 10 
#8 14 25 2 45 72 21 61 12 59 8 14 17 1 14 
#15 9 9 15 8 72 23 62 25 24 8 41 11 68 10 
#8 0 9 14 33 72 23 62 4 24 47 41 17 24 10 
#6 0 36 22 33 72 39 62 11 24 4 40 4 5 27 
#6 34 18 14 3 15 71 62 11 25 76 40 19 36 27 
#34 34 4 14 15 20 71 18 4 31 76 41 11 36 0 
#8 71 3 27 2 29 15 61 42 20 4 14 12 21 16 
#25 71 28 27 33 15 6 61 25 25 76 40 12 21 61 
#25 0 5 29 15 15 8 61 25 24 76 5 11 5 16 
#46 3 72 29 30 25 60 44 18 24 76 5 4 21 46 
#46 3 3 40 2 17 21 44 37 54 2 37 56 26 16 
#1 6 11 12 8 20 71 27 20 49 76 14 32 31 68 
#34 34 4 54 3 20 11 31 16 25 76 14 4 5 0 
#34 34 36 54 55 15 6 62 16 26 76 40 7 5 5 
#25 34 72 22 45 20 6 11 25 27 2 40 32 5 61 
#25 34 36 22 45 9 71 5 69 2 2 7 32 9 68 
#8 9 5 12 33 72 21 62 16 25 76 0 11 3 2 
#34 0 5 31 33 72 8 61 25 25 19 41 4 1 0 
#8 34 5 31 8 72 39 62 20 25 47 41 4 1 0 
#8 14 18 14 8 72 39 31 4 33 47 14 11 31 2 
#1 3 9 14 56 28 20 21 20 33 76 14 17 68 61 
#20 48 72 2 55 15 26 14 16 13 47 16 2 31 18 
#6 71 1 27 3 20 16 5 37 27 8 20 22 31 16 
#1 3 39 2 61 3 16 50 3 2 19 14 22 31 61 
#1 34 5 31 25 72 6 18 20 33 19 14 4 31 68 
#8 34 25 22 45 15 71 62 4 31 8 5 7 5 10 
#9 14 16 54 8 16 11 41 4 59 4 14 56 1 14 
#15 19 72 15 56 29 23 14 16 25 8 32 2 21 0 
#15 71 1 27 3 72 6 5 69 27 8 41 22 21 10 
#1 13 18 2 33 72 16 14 20 2 19 14 4 31 10 
#6 34 36 22 6 72 8 62 20 59 4 14 19 5 27 
#8 34 25 14 45 72 71 61 4 49 8 5 17 24 10 
#8 14 16 35 33 20 71 41 4 59 4 40 56 1 0 
#8 71 5 27 56 29 15 18 25 20 8 14 11 1 0 
#8 71 28 15 33 29 23 62 4 24 47 0 12 24 10 
#25 0 18 14 33 15 39 18 25 25 76 40 4 31 10 
#6 0 36 29 47 72 71 61 16 59 76 40 4 5 16 
#46 3 43 14 3 20 60 18 18 25 76 37 11 26 6 
#34 71 3 27 61 20 21 5 37 54 9 20 4 29 0 
#8 71 11 27 2 72 15 27 20 49 0 14 50 1 16 
#1 71 4 12 3 20 6 31 42 49 19 0 12 31 16 
#25 34 5 22 15 15 11 62 16 25 31 27 11 5 5 
#25 0 72 22 30 72 6 18 16 24 76 5 32 5 16 
#46 34 36 40 45 25 60 11 16 2 2 7 56 26 61 
#14 71 11 27 6 9 21 5 69 54 23 14 4 29 68 
#8 9 11 12 33 15 20 27 16 20 0 14 32 3 68 
#1 0 4 9 33 20 71 31 25 25 76 0 11 31 0 
#34 34 5 31 55 15 11 62 16 26 31 27 4 1 5 
#25 34 18 31 15 72 39 18 4 27 76 14 32 5 10 
#1 14 9 40 25 25 20 11 20 33 76 7 4 5 61 
#6 3 11 22 56 9 38 5 69 2 8 14 17 9 68 
55 43 39 2 25 30 
19 12 23 13 10 6 
9 48 24 20 40 27 
37 29 22 45 18 53 
11 57 52 16 5 14 
33 46 41 51 3 47 
#Base: 969
#Max: 538
#555212
#Turn 5
#1 71 4 15 33 29 71 31 4 24 47 0 12 24 10 
#8 34 36 22 33 29 8 62 20 24 47 14 12 24 27 
#1 34 5 30 25 72 60 18 20 33 9 14 4 5 27 
#8 9 5 30 25 72 60 62 16 33 76 14 4 31 68 
#20 48 5 2 33 72 21 62 16 25 76 16 11 3 18 
#6 3 36 22 2 72 39 62 11 54 4 40 4 5 27 
#6 34 36 22 45 72 39 62 25 24 2 40 32 5 61 
#25 34 72 22 3 20 71 62 25 25 76 40 32 5 61 
#15 34 9 14 3 15 23 62 25 24 8 40 19 36 10 
#15 9 1 2 3 20 23 14 25 27 8 14 22 68 10 
#8 71 11 2 45 72 21 27 12 59 0 14 50 1 16 
#8 34 36 22 45 72 71 5 20 2 0 14 50 9 16 
#25 34 11 12 45 9 71 27 69 49 76 7 32 31 68 
#8 34 11 14 45 20 71 27 4 49 8 5 32 31 10 
#8 34 25 31 45 72 39 61 20 25 47 5 4 24 10 
#1 3 9 14 56 72 6 21 20 27 76 41 17 21 61 
#34 3 9 14 55 15 20 21 16 26 76 14 7 68 5 
#34 0 36 54 47 15 6 61 16 26 76 40 7 5 16 
#46 0 36 29 47 72 71 44 18 24 76 5 4 21 16 
#46 3 72 27 6 9 21 44 18 54 76 14 4 29 46 
#8 0 18 14 15 72 39 62 4 24 76 41 32 5 10 
#46 34 18 40 45 72 39 18 16 27 2 14 32 5 10 
#46 34 28 27 33 25 60 61 25 2 2 40 12 21 61 
#25 71 28 27 3 16 6 14 25 27 76 32 22 21 61 
#15 71 72 27 3 16 26 18 69 31 76 41 11 36 0 
#1 3 5 31 25 20 6 18 20 25 19 37 11 26 6 
#8 14 43 14 33 20 60 18 18 59 76 37 56 1 6 
#25 14 16 22 33 20 71 18 16 24 4 5 32 1 16 
#25 0 72 22 8 72 6 18 16 24 76 5 32 31 10 
#8 34 5 27 8 20 71 5 37 54 19 20 4 31 10 
#1 0 3 9 33 17 21 31 25 25 76 0 56 31 0 
#8 71 36 22 33 29 23 62 11 24 4 40 4 24 10 
#6 34 72 22 6 20 8 11 25 27 4 40 32 5 61 
#1 3 18 30 3 72 71 62 11 33 9 14 19 31 27 
#15 9 9 12 8 72 21 62 16 24 76 41 11 68 2 
#15 71 72 2 55 20 26 14 69 27 47 14 22 31 18 
#46 14 3 2 2 72 21 44 37 59 2 37 56 26 14 
#8 0 11 27 33 72 15 62 11 49 4 40 50 5 27 
#25 34 72 22 45 20 6 11 69 2 2 7 32 5 61 
#1 6 11 14 8 15 71 62 20 25 76 14 32 31 68 
#15 34 9 14 45 72 71 62 4 24 8 5 11 24 10 
#8 71 1 2 3 72 39 14 20 27 8 41 22 1 61 
#8 71 25 2 3 72 6 61 12 59 8 14 17 21 10 
#1 3 9 27 56 72 20 21 20 33 76 14 17 68 16 
#34 34 36 54 55 9 6 62 69 2 2 40 32 5 5 
#1 0 11 29 8 20 71 27 20 59 76 14 32 5 68 
#46 3 25 29 45 25 71 44 4 24 76 5 4 21 46 
#14 71 11 27 6 9 21 5 69 54 47 14 4 1 68 
#8 71 9 27 3 72 6 5 69 27 47 41 17 24 10 
#25 3 9 14 15 72 20 21 20 33 76 14 17 68 61 
#46 34 36 54 55 25 6 62 16 2 2 40 56 5 61 
#25 71 28 27 33 15 71 61 16 25 76 40 4 21 61 
#46 71 72 27 30 16 26 14 18 24 76 5 22 21 46 
#14 71 11 14 6 9 21 18 4 31 23 41 4 36 0 
#8 34 5 31 33 72 6 62 20 33 19 14 4 24 10 
#25 34 43 31 3 20 60 18 18 25 76 37 32 26 10 
#46 14 36 35 45 25 60 41 4 2 4 40 56 26 0 
#25 71 72 22 33 15 6 61 25 24 76 5 32 21 16 
#15 71 5 22 8 72 71 62 69 27 19 14 4 31 10 
#34 34 3 14 15 20 21 5 37 31 76 20 4 29 0 
40 38 23 45 22 10 
14 20 48 18 26 17 
36 15 57 24 58 44 
39 52 3 7 12 6 
28 43 49 51 35 34 
55 47 46 50 19 4 
#Base: 969
#Max: 574
#592363
#Turn 6
#15 34 72 14 45 72 6 11 4 24 8 5 11 24 61 
#25 34 72 22 45 20 6 14 69 27 2 32 32 5 61 
#1 0 28 29 3 20 71 27 20 27 76 14 32 5 68 
#1 0 28 27 33 25 60 61 25 59 2 40 12 5 61 
#8 71 28 27 45 25 60 27 25 59 0 40 50 1 61 
#8 0 25 14 45 72 39 62 20 24 76 41 32 5 10 
#8 0 18 14 3 72 39 5 69 27 76 41 32 5 10 
#8 71 36 29 3 72 6 44 69 27 47 5 4 21 10 
#8 0 43 29 33 20 60 18 18 59 76 37 56 21 16 
#34 14 36 14 33 20 60 18 16 59 76 40 56 5 16 
#46 14 9 2 2 72 21 21 37 59 76 41 56 21 14 
#1 3 72 14 33 15 6 21 25 24 76 41 17 21 61 
#25 71 72 22 33 16 6 18 25 24 76 5 11 36 0 
#15 71 72 27 8 72 26 62 69 31 19 14 4 36 10 
#15 34 5 22 55 72 6 62 69 2 2 40 4 31 5 
#46 71 11 27 30 15 26 14 18 24 76 14 32 31 46 
#8 9 72 30 30 72 60 14 16 33 76 5 4 21 68 
#25 9 72 22 3 20 71 62 25 33 76 14 32 5 61 
#25 34 11 12 45 9 71 62 69 25 76 40 32 5 68 
#25 34 36 12 45 9 39 62 69 49 2 7 32 31 61 
#25 0 72 22 8 72 6 18 20 24 76 14 32 68 10 
#25 3 9 14 15 72 20 21 20 33 76 14 17 68 61 
#25 3 9 27 15 15 71 21 20 33 76 40 4 68 61 
#25 71 72 27 55 15 71 14 16 27 47 14 22 31 18 
#15 71 72 12 8 20 21 62 16 24 47 14 11 31 2 
#14 71 43 31 3 9 21 18 18 25 76 37 32 26 10 
#14 3 25 27 45 25 21 44 69 24 47 14 4 21 46 
#46 3 25 29 45 25 6 62 4 2 2 40 56 5 61 
#46 34 72 27 6 25 21 44 18 2 2 14 4 5 46 
#20 48 5 2 33 72 21 44 16 54 76 14 11 3 46 
#8 34 25 14 45 72 71 61 4 24 8 5 4 24 10 
#8 0 18 22 15 20 6 62 69 24 2 7 32 5 61 
#25 71 9 27 3 72 6 5 69 27 47 32 22 24 10 
#46 0 11 29 47 20 71 27 18 24 76 14 4 5 16 
#8 14 28 14 33 25 60 61 18 59 76 40 12 21 6 
#34 71 36 2 45 72 6 27 16 59 76 40 7 5 16 
#46 14 25 31 2 72 21 61 20 25 2 37 4 26 14 
#8 3 18 14 15 72 39 21 4 27 76 41 32 21 10 
#25 71 72 27 33 15 6 5 69 24 76 5 32 24 10 
#15 71 36 29 47 72 71 18 69 31 76 5 4 21 0 
#15 14 5 14 33 20 60 18 18 27 76 14 4 31 10 
#34 0 36 54 47 15 6 62 16 2 76 40 7 5 16 
#46 14 3 14 8 72 21 62 37 59 2 14 56 26 68 
#46 71 9 27 56 16 26 21 20 24 76 5 17 21 46 
#8 9 5 30 25 72 6 61 25 24 76 5 32 21 16 
#15 71 72 27 3 16 26 62 25 25 76 40 11 5 61 
#15 71 5 12 45 9 71 62 69 27 19 7 4 31 10 
#34 34 36 54 55 9 6 62 69 24 2 40 32 5 61 
#1 0 72 14 8 15 71 62 16 24 76 14 32 31 68 
#1 71 72 27 30 16 26 14 20 33 76 5 22 68 16 
#8 9 5 14 15 72 60 21 20 33 76 14 4 68 68 
#25 71 72 27 33 15 71 62 25 25 76 40 4 5 61 
#15 71 72 12 45 9 26 14 69 49 76 7 32 31 18 
#6 9 36 12 45 72 39 62 25 24 2 41 32 5 61 
#25 0 72 22 8 20 6 18 18 25 76 5 32 31 10 
#14 71 9 27 6 72 20 5 69 33 76 14 4 1 68 
#25 3 25 14 45 72 71 44 4 24 76 5 17 21 61 
#46 34 36 54 33 25 6 61 16 25 2 40 4 21 61 
#46 71 72 2 6 20 21 14 18 54 47 14 4 31 18 
#15 9 5 2 8 72 21 62 16 24 76 41 11 3 2 
32 15 5 38 9 53 
7 43 22 17 19 29 
46 10 16 13 45 8 
56 48 52 51 39 55 
34 49 47 18 35 42 
1 20 50 4 23 21 
#Base: 969
#Max: 612
#631579
#Turn 7
#46 71 9 27 30 15 26 14 69 24 76 14 32 31 10 
#8 71 25 27 45 15 39 62 20 24 76 41 32 31 46 
#8 71 25 14 33 72 6 5 20 24 76 5 32 5 10 
#34 14 72 14 33 20 60 5 69 59 76 5 56 24 16 
#34 9 36 12 45 72 60 62 16 24 76 41 32 5 16 
#46 71 36 29 56 16 26 21 20 27 76 5 17 21 46 
#46 3 9 27 15 16 71 21 20 33 76 5 4 68 46 
#25 3 9 27 15 15 71 62 25 33 76 40 32 68 61 
#25 34 36 22 3 9 71 62 69 33 76 14 32 5 61 
#20 34 36 12 33 72 39 44 69 54 2 7 11 3 61 
#15 14 5 12 45 9 21 21 37 59 76 41 4 21 10 
#46 9 9 2 30 72 60 21 16 33 76 41 56 21 68 
#8 71 72 30 8 72 26 14 69 31 76 14 4 21 68 
#15 71 72 27 8 72 26 62 25 31 76 14 4 36 61 
#8 0 43 29 3 16 26 62 18 59 76 37 56 21 61 
#1 3 72 14 45 72 71 62 16 24 76 14 17 31 61 
#1 0 72 12 8 9 71 62 16 24 76 14 32 31 18 
#15 71 72 12 33 15 71 14 25 49 76 7 32 31 18 
#25 71 36 29 47 72 71 62 69 25 76 40 4 5 61 
#14 71 9 29 47 72 71 5 69 31 76 5 4 1 0 
#1 14 28 14 33 16 26 14 18 59 76 5 22 21 16 
#34 71 36 27 55 16 26 14 69 24 2 40 22 5 61 
#25 34 36 12 55 9 71 62 69 25 76 40 32 5 61 
#25 71 11 12 45 72 6 62 69 59 76 40 32 5 16 
#34 14 3 14 8 72 21 62 16 59 2 40 56 5 68 
#25 0 72 22 45 72 6 18 20 24 2 14 32 68 61 
#8 0 5 22 15 72 60 21 20 24 76 14 32 68 68 
#8 9 5 14 45 25 60 27 25 59 76 14 50 1 68 
#25 71 28 27 45 15 71 14 25 27 0 14 50 31 18 
#25 71 72 27 55 15 71 14 20 33 76 14 22 68 18 
#25 71 36 27 3 72 6 44 69 27 47 32 22 21 10 
#46 71 11 27 30 15 26 14 18 24 76 5 32 21 46 
#8 0 25 14 15 72 39 62 20 24 76 40 32 68 10 
#25 9 72 27 3 20 6 5 25 24 76 5 32 24 10 
#25 34 36 14 45 20 39 18 69 59 76 40 32 5 61 
#6 48 36 12 33 72 39 44 25 54 76 14 32 3 46 
#15 71 5 12 3 9 6 44 69 27 19 7 4 21 10 
#46 71 9 27 56 16 26 21 20 24 76 41 17 21 14 
#25 3 72 27 30 15 60 21 16 33 76 40 4 68 68 
#15 71 72 22 3 72 71 62 25 33 19 14 4 36 10 
#15 71 72 12 45 9 26 62 69 49 76 40 32 31 61 
#20 0 5 29 33 20 21 18 18 59 76 14 56 21 46 
#25 3 25 14 45 72 71 44 69 24 76 7 17 21 10 
#46 0 72 2 8 15 21 21 37 24 76 41 56 21 14 
#15 71 72 30 30 72 26 14 69 49 76 7 4 31 68 
#15 71 72 27 33 15 26 62 25 31 19 40 4 5 61 
#15 71 72 27 47 16 26 18 25 31 76 40 11 21 0 
#14 71 43 27 33 72 60 18 18 33 76 14 56 1 68 
#8 14 28 14 33 25 71 44 18 24 76 40 17 21 61 
#1 71 72 14 30 16 71 62 20 24 76 5 22 68 16 
#15 71 72 54 45 9 6 14 69 24 2 40 32 31 18 
#25 34 72 27 45 9 71 62 69 25 76 40 32 5 68 
#34 71 36 2 45 72 6 18 69 59 76 40 4 21 16 
#14 71 3 27 6 72 20 5 37 33 2 14 56 26 68 
#25 14 72 14 45 20 6 61 18 27 2 40 12 5 6 
#25 71 72 22 8 72 6 14 20 24 76 5 32 68 16 
#34 9 36 14 55 9 60 21 20 24 2 40 4 68 68 
#8 71 28 12 45 9 60 27 25 59 76 40 50 1 61 
#25 71 36 2 55 15 6 14 16 59 47 40 22 31 16 
#25 3 9 14 15 72 21 21 20 59 76 14 17 68 61 
59 50 35 3 4 32 
5 26 17 47 8 19 
14 1 13 22 23 55 
57 29 44 18 51 49 
30 38 52 40 12 7 
45 39 11 15 34 42 
#Base: 969
#Max: 693
#715170
#Turn 8
#25 3 9 54 15 9 6 14 20 24 2 14 17 68 61 
#15 48 36 54 45 9 39 44 69 24 76 14 32 3 46 
#6 14 72 14 33 20 60 44 69 59 76 5 32 3 46 
#34 14 36 14 33 20 60 5 16 59 76 41 56 24 16 
#34 9 36 14 15 72 39 62 20 24 76 40 32 5 10 
#46 0 36 29 56 72 26 21 20 27 76 5 32 68 46 
#15 71 72 12 15 15 71 21 25 49 76 7 32 68 68 
#14 71 43 12 33 15 60 14 18 33 76 7 32 1 18 
#25 34 43 22 3 72 60 18 18 33 76 14 56 5 61 
#14 34 9 22 47 9 71 62 69 31 76 5 4 5 0 
#8 71 25 29 45 16 26 62 18 59 76 37 56 31 46 
#15 71 25 27 45 15 39 62 20 31 76 41 32 36 46 
#25 71 72 12 55 9 26 62 25 31 76 14 32 5 61 
#25 71 36 12 45 72 6 62 69 59 76 40 32 5 16 
#25 71 72 22 8 72 6 14 69 59 76 5 32 68 16 
#8 71 28 27 55 15 60 27 25 33 76 14 22 1 18 
#25 71 72 27 55 72 26 14 20 49 76 7 22 31 68 
#15 71 72 30 47 72 71 62 69 49 76 40 4 31 68 
#25 71 36 27 45 9 71 62 69 25 76 40 32 5 68 
#25 71 72 27 30 9 71 62 69 24 76 5 32 5 68 
#25 3 36 27 3 72 60 21 69 33 76 32 4 21 68 
#34 3 72 27 30 15 60 18 69 59 76 40 4 68 68 
#15 71 36 12 45 72 26 18 69 49 76 40 32 21 16 
#8 71 72 12 45 72 26 62 69 49 76 40 32 21 68 
#25 3 72 30 8 72 26 14 69 33 76 40 4 68 61 
#15 71 72 22 3 15 71 62 25 31 19 40 4 36 61 
#46 71 72 22 3 72 60 62 16 33 76 14 4 21 68 
#46 9 72 2 30 72 71 62 16 24 76 41 56 21 68 
#1 34 72 14 45 72 71 62 69 59 76 14 17 31 61 
#25 34 36 14 45 72 39 18 69 59 76 7 17 21 61 
#25 3 36 14 56 72 21 21 20 27 76 5 17 21 46 
#8 71 5 54 45 9 6 21 69 24 2 40 32 31 68 
#15 48 72 12 33 72 39 14 25 49 76 7 32 31 46 
#14 14 43 14 33 20 60 5 69 59 76 5 56 24 16 
#34 9 36 22 3 72 71 62 69 24 76 14 32 5 16 
#8 71 9 29 15 72 39 62 20 24 76 40 4 1 10 
#8 71 36 29 3 16 26 62 18 59 76 37 56 21 61 
#8 71 25 22 45 15 39 21 20 24 76 14 32 68 68 
#15 71 72 12 8 72 26 62 25 31 76 7 4 36 61 
#25 34 36 12 55 9 71 18 18 25 76 14 56 1 61 
#25 34 11 22 3 9 71 62 69 33 76 14 32 5 16 
#25 71 72 22 8 72 6 14 20 24 76 5 32 68 0 
#8 0 28 29 45 9 60 62 25 59 76 37 50 21 61 
#8 71 25 27 45 15 39 14 20 24 76 41 32 68 46 
#15 71 72 30 30 72 26 62 69 49 76 7 4 31 61 
#25 34 36 12 55 9 71 62 69 25 76 40 4 5 61 
#25 34 72 12 45 9 71 62 69 59 76 40 32 5 68 
#1 71 72 22 30 72 71 62 20 24 76 5 22 68 16 
#8 71 36 27 3 9 60 44 69 59 47 32 50 1 61 
#25 71 72 27 30 15 71 14 20 33 76 14 22 68 68 
#15 71 72 30 45 72 26 18 69 59 76 40 4 31 68 
#15 71 36 29 45 9 71 62 69 49 76 40 32 31 61 
#8 71 72 27 8 72 71 14 69 25 76 14 32 5 68 
#1 3 72 14 15 16 71 62 20 33 76 5 32 68 61 
#15 71 72 27 33 15 26 62 69 27 19 40 4 5 10 
#25 3 72 22 3 72 60 62 16 33 76 14 4 36 68 
#34 71 9 2 45 72 6 18 16 33 76 40 56 21 68 
#15 71 72 12 45 9 71 62 16 24 76 14 17 31 61 
#25 34 72 14 8 20 26 14 69 59 76 40 4 5 61 
#25 3 9 27 15 72 71 62 25 24 76 7 32 68 10 
1 55 11 14 29 42 
56 12 22 44 10 38 
48 24 27 50 46 57 
47 18 51 17 28 26 
32 6 16 23 19 13 
5 45 49 21 52 36 
#Base: 969
#Max: 777
#801858
#Turn 9
#15 3 36 54 3 9 39 44 16 24 76 14 32 36 68 
#25 3 72 27 45 72 39 62 16 33 76 14 4 36 68 
#25 71 25 22 45 15 6 14 20 31 76 41 32 36 46 
#25 34 72 14 45 72 39 18 69 59 76 5 17 21 61 
#8 34 28 29 45 72 39 18 25 59 76 37 50 21 61 
#25 71 72 12 45 9 26 62 25 33 76 14 32 5 61 
#25 71 36 12 45 9 26 18 69 49 76 14 32 5 61 
#15 71 72 30 45 72 26 62 69 49 76 7 4 21 16 
#8 71 72 29 30 16 26 62 69 59 76 7 56 31 46 
#15 71 25 12 8 16 26 62 18 59 76 7 56 36 46 
#8 3 72 30 8 72 60 14 69 33 76 32 4 68 61 
#25 3 72 30 30 72 26 14 16 24 76 40 56 21 61 
#46 9 72 30 45 72 71 18 69 59 76 40 4 31 68 
#25 34 72 12 45 9 71 62 69 59 76 40 32 5 68 
#25 71 72 12 45 9 71 62 16 24 76 40 17 5 61 
#25 71 36 27 30 72 71 62 69 24 76 5 22 5 16 
#25 71 36 29 45 9 71 62 69 25 76 40 32 31 68 
#15 71 36 30 47 72 71 62 69 49 76 40 32 31 61 
#15 34 72 14 45 72 71 62 69 59 76 40 17 31 61 
#1 71 72 22 3 72 60 62 69 33 76 14 4 31 61 
#15 48 72 12 33 72 39 14 25 49 76 7 32 68 68 
#25 71 72 12 15 72 26 14 25 49 76 7 22 31 68 
#8 71 72 12 55 72 26 14 20 49 76 7 32 21 68 
#8 71 72 27 30 72 71 62 69 24 76 5 32 5 68 
#25 71 36 27 45 72 71 62 69 59 76 5 32 5 16 
#25 0 36 29 56 9 71 62 20 25 76 5 4 5 46 
#25 71 36 12 55 9 71 14 69 25 76 40 4 5 61 
#25 3 72 27 30 15 71 18 69 59 76 14 22 68 68 
#34 71 72 27 30 72 71 14 69 59 76 40 4 5 68 
#8 71 72 27 3 72 26 14 69 59 76 14 32 21 68 
#15 71 9 2 45 72 39 44 16 24 76 14 32 3 46 
#25 3 72 22 3 72 26 62 25 33 76 14 32 36 68 
#15 71 25 12 45 15 26 18 20 31 76 41 32 36 46 
#15 71 72 22 8 72 26 62 69 59 76 5 4 68 16 
#8 71 36 14 45 16 39 18 69 59 76 7 17 31 61 
#8 71 72 12 8 9 26 62 25 59 76 37 4 21 61 
#34 71 9 2 3 9 60 18 16 33 47 40 50 1 68 
#25 3 72 30 55 9 26 62 25 33 76 40 4 5 61 
#46 71 36 12 45 72 71 18 69 49 76 40 32 21 68 
#15 71 72 30 30 72 26 18 69 49 76 7 4 31 61 
#8 34 72 12 45 16 26 62 18 59 76 37 32 31 68 
#15 71 72 12 45 9 26 62 16 31 76 7 4 31 61 
#8 71 72 22 30 72 60 62 69 59 47 32 50 1 61 
#25 71 72 27 45 9 71 62 69 33 76 40 32 68 61 
#46 9 36 29 45 72 71 62 16 24 76 41 32 31 61 
#15 71 72 30 47 72 71 62 69 59 76 40 4 31 68 
#25 34 72 14 45 9 71 62 69 59 76 40 32 5 61 
#15 71 72 22 45 9 71 62 16 24 76 14 17 21 68 
#1 71 72 12 30 72 39 14 20 49 76 7 32 31 16 
#25 71 36 12 45 9 71 62 25 25 76 40 32 68 68 
#25 71 72 29 55 9 71 62 69 49 76 7 22 31 68 
#15 71 72 12 47 72 71 62 69 49 76 40 32 31 68 
#1 34 72 27 30 9 71 62 69 59 76 5 32 5 61 
#46 71 36 22 45 72 6 62 69 59 76 14 4 5 16 
#46 48 36 29 56 72 39 21 20 49 76 7 32 31 46 
#25 34 72 12 55 15 71 21 69 25 76 7 32 5 68 
#25 71 72 27 30 15 71 14 20 49 76 7 22 68 68 
#34 3 72 12 45 15 26 18 69 59 76 40 4 21 68 
#25 71 72 27 30 72 71 14 69 25 76 5 32 5 68 
#25 71 36 12 3 72 6 62 18 59 76 40 32 5 16 
22 47 3 58 33 40 
14 4 27 50 56 29 
54 19 42 18 38 20 
46 12 43 51 17 23 
15 8 13 45 28 24 
52 7 44 16 49 39 
#Base: 969
#Max: 787
#812178
#15 71 72 12 55 72 26 14 20 49 76 7 17 21 68 
#25 71 72 22 45 72 71 62 69 59 76 5 17 21 61 
#25 71 72 14 30 72 71 18 69 25 76 5 32 5 68 
#15 71 72 22 8 72 26 14 69 59 76 5 4 68 16 
#15 71 72 12 8 16 26 62 18 59 76 37 32 31 16 
#25 34 28 12 45 9 39 62 16 59 76 40 17 5 61 
#25 3 72 27 45 15 71 18 69 59 76 14 22 68 68 
#25 3 72 29 55 15 71 18 69 59 76 14 22 31 68 
#25 71 72 27 55 15 71 14 69 49 76 7 22 68 68 
#25 71 72 27 30 72 71 14 69 49 76 14 32 68 68 
#46 71 36 29 56 72 60 21 69 49 76 7 4 31 46 
#8 71 72 22 3 72 60 62 69 33 47 32 50 31 61 
#8 71 72 22 30 72 71 62 69 59 47 32 17 31 61 
#15 71 36 14 45 72 71 62 69 49 76 40 32 21 61 
#46 48 36 12 33 72 71 18 25 49 76 40 32 21 68 
#25 9 72 30 45 9 71 18 69 59 76 40 4 31 68 
#25 71 72 30 45 9 71 18 69 59 76 40 4 31 68 
#25 71 72 12 47 9 71 62 69 49 76 40 32 31 61 
#15 71 36 30 47 72 71 62 69 49 76 40 32 31 61 
#8 71 72 30 30 72 71 62 69 24 76 40 32 5 68 
#25 71 36 27 30 16 71 62 69 24 76 7 56 5 46 
#8 34 72 29 45 16 26 62 69 59 76 40 32 5 68 
#15 34 72 30 47 9 71 62 69 59 76 40 4 5 68 
#15 71 72 30 47 72 71 14 69 59 76 40 4 31 68 
#34 71 36 27 45 72 71 14 69 59 76 5 32 5 68 
#1 71 72 30 45 72 71 62 69 49 76 5 4 5 61 
#46 9 72 29 45 72 71 62 69 24 76 7 32 21 16 
#25 9 36 29 45 9 71 62 69 24 76 41 32 31 68 
#25 71 36 29 45 9 71 62 69 25 76 40 32 68 68 
#15 71 36 30 30 9 26 62 69 25 76 7 32 68 68 
#25 71 72 12 45 9 71 62 20 49 76 7 32 5 61 
#8 34 72 22 45 9 71 18 16 24 76 37 50 21 68 
#25 34 72 27 45 15 71 18 69 59 76 14 22 21 68 
#25 71 72 27 30 9 71 62 69 25 76 5 22 5 68 
#15 71 72 27 8 15 26 14 69 59 76 5 22 68 16 
#8 34 72 12 3 16 26 62 69 59 76 37 32 21 68 
#46 48 72 12 56 9 71 62 16 49 76 40 17 31 46 
#8 71 28 29 45 72 60 18 69 59 76 14 50 21 61 
#25 71 72 27 30 72 60 62 69 59 76 14 50 68 61 
#15 71 72 29 55 72 71 62 69 49 76 40 22 31 61 
#46 71 72 27 45 72 71 18 69 49 76 40 22 68 68 
#15 48 72 27 3 72 26 14 25 59 76 14 32 21 68 
#25 48 36 14 45 72 71 62 69 59 76 7 32 5 61 
#46 71 72 22 45 72 60 62 69 33 76 40 4 31 68 
#8 71 72 22 30 72 71 62 69 59 76 32 50 1 61 
#15 71 72 14 47 72 71 62 69 49 76 40 32 31 61 
#46 71 36 12 45 72 71 18 69 49 76 40 32 21 68 
#8 48 72 27 30 72 71 14 25 24 76 7 32 5 68 
#25 34 36 14 45 72 71 62 69 59 76 40 22 5 16 
#46 9 72 29 45 16 71 62 69 59 76 7 4 31 68 
#25 71 72 27 45 9 71 62 69 33 76 40 32 5 61 
#15 71 72 30 47 72 71 62 69 59 76 40 4 31 68 
#15 71 72 27 30 72 71 62 69 49 76 40 4 5 68 
#25 71 36 27 45 72 71 62 69 24 76 5 32 5 68 
#25 34 36 27 30 9 71 62 69 24 76 5 32 5 16 
#15 71 72 30 45 16 26 62 69 59 76 7 56 21 16 
#46 34 72 12 45 9 71 62 16 24 76 40 32 5 68 
#25 71 36 30 47 72 71 62 69 25 76 40 32 31 68 
#25 71 72 27 30 72 71 14 25 25 76 40 32 5 68 
#15 71 72 27 30 72 71 62 69 59 76 7 4 5 16 
#Base: 969
#Max: 816
#842105
