#[0] 3, 3
#[1] 4, 3
#[2] 3, 4
#[3] 3, 2
#[4] 2, 3
#[5] 2, 4
#[6] 1, 3
#[7] 2, 2
#[8] 3, 1
#[9] 4, 4
#[10] 5, 3
#[11] 3, 5
#[12] 4, 2
#[13] 3, 0
#[14] 5, 4
#[15] 4, 5
#[16] 5, 2
#[17] 4, 1
#[18] 0, 3
#[19] 1, 4
#[20] 2, 1
#[21] 1, 2
#[22] 2, 5
#[23] 0, 4
#[24] 5, 1
#[25] 0, 2
#[26] 5, 5
#[27] 1, 5
#[28] 2, 0
#[29] 1, 1
#[30] 4, 0
#[31] 0, 5
#[32] 1, 0
#[33] 0, 1
#[34] 5, 0
#[35] 0, 0
#Turn 0
52 25 12 26 23 18 
6 19 11 27 42 15 
22 37 3 31 17 57 
2 44 58 20 8 55 
0 53 10 35 1 5 
34 32 43 30 51 41 
#Base: 883
#Max: 363
#411099
#Turn 1
#16 14 44 41 20 21 28 12 13 45 25 29 49 21 28 
#16 39 44 36 5 21 8 12 3 7 15 5 15 31 16 
#39 39 11 36 5 16 8 11 3 38 15 4 17 5 16 
#3 31 32 5 48 37 41 11 55 38 24 14 43 9 24 
#3 13 1 5 48 26 19 1 1 27 44 14 17 9 0 
#21 31 33 7 16 19 3 32 15 30 16 35 14 24 9 
#34 22 20 19 16 0 3 33 3 41 45 49 14 44 7 
#48 8 10 41 12 19 16 33 3 12 45 39 12 25 5 
#23 13 5 16 12 6 11 34 12 22 3 6 64 25 5 
#45 34 5 16 42 38 11 34 31 22 15 23 23 8 23 
#18 40 26 51 36 20 34 18 16 16 16 12 4 9 23 
#32 1 26 51 13 40 12 18 16 20 7 27 38 9 42 
#50 16 26 24 13 34 18 11 4 1 18 26 28 3 1 
#20 61 7 24 13 10 51 12 4 1 18 1 28 3 4 
#33 31 2 7 20 10 29 8 4 16 5 1 47 26 4 
#13 12 18 35 3 53 53 38 29 22 52 2 15 14 38 
#8 10 2 9 17 53 6 38 5 22 25 61 17 14 3 
#3 10 21 31 17 36 6 19 8 0 3 61 10 7 3 
#3 10 21 19 70 13 17 10 26 15 29 9 24 6 46 
#27 39 6 19 9 30 71 10 26 15 29 9 24 6 0 
#6 10 20 28 27 8 41 9 38 26 16 35 11 40 9 
#11 17 36 7 12 16 10 9 38 6 26 4 3 2 33 
#11 17 8 50 12 16 10 23 56 8 26 38 3 2 7 
#4 29 8 50 0 10 13 43 27 18 1 38 59 2 26 
#22 29 12 5 38 43 18 29 1 17 17 18 59 8 23 
#50 13 16 51 24 21 26 2 23 24 8 21 39 2 22 
#50 9 41 19 5 22 45 2 38 30 8 18 39 40 28 
#17 9 41 19 11 22 3 27 38 16 31 18 32 20 29 
#34 12 20 18 11 26 6 17 24 16 55 17 34 20 29 
#34 21 12 18 8 0 31 17 13 1 55 17 3 36 35 
#21 31 33 41 20 19 28 15 15 32 25 29 16 20 28 
#16 1 44 29 16 21 3 12 25 41 16 5 14 7 7 
#48 8 11 19 5 0 8 33 3 7 15 14 32 44 12 
#7 13 23 41 12 37 41 16 12 38 24 4 64 25 5 
#3 31 32 5 48 6 11 34 31 22 50 14 23 8 0 
#31 13 1 23 34 26 19 1 39 27 44 23 6 13 9 
#18 31 25 49 36 20 34 9 11 16 38 12 16 20 9 
#34 22 26 51 15 29 3 18 16 20 36 27 22 9 7 
#48 8 26 1 16 34 18 33 3 20 7 14 12 44 42 
#20 61 7 41 12 19 16 16 4 6 3 39 28 25 1 
#45 3 2 16 37 6 60 34 31 16 50 1 47 26 7 
#16 31 2 33 20 38 15 2 11 51 15 8 6 12 13 
#18 40 25 49 36 20 24 28 29 28 16 12 4 28 38 
#7 37 2 2 22 40 12 38 1 20 8 2 22 9 12 
#8 16 55 1 17 36 18 11 5 20 25 61 10 7 3 
#20 10 21 24 70 13 17 19 8 1 3 7 24 3 1 
#33 22 4 7 9 10 71 8 26 15 29 1 24 6 4 
#16 31 17 33 15 10 29 10 7 10 2 8 34 33 13 
#6 12 18 35 3 27 41 28 27 36 5 35 14 5 38 
#7 10 2 2 27 28 53 38 38 22 8 2 17 14 3 
#8 17 36 50 17 36 6 17 56 6 25 4 10 2 3 
#3 64 8 50 70 13 17 19 27 8 3 7 24 2 46 
#4 23 4 19 4 43 71 43 26 15 29 15 59 8 26 
#22 18 12 3 38 10 18 29 35 17 61 18 25 62 23 
#6 9 31 28 18 8 26 6 23 36 5 35 33 45 21 
#11 10 16 7 5 28 45 9 28 26 8 49 39 8 17 
#5 9 36 50 12 22 3 44 38 30 26 4 9 2 33 
#17 56 8 50 0 26 6 23 27 16 1 38 10 2 29 
#34 29 25 18 16 43 13 17 1 18 17 17 59 8 26 
#22 21 12 3 38 10 11 29 24 17 1 18 7 36 35 
55 10 7 24 56 45 
29 38 25 33 11 34 
13 50 26 53 3 58 
44 23 15 51 40 0 
22 46 6 52 19 42 
36 39 57 18 16 9 
#Base: 883
#Max: 415
#469989
#Turn 2
#11 10 26 51 36 20 34 18 16 26 16 12 39 8 23 
#18 8 26 41 12 19 34 18 3 12 16 39 4 9 5 
#48 29 10 5 38 19 16 29 3 17 17 18 12 8 23 
#22 9 12 5 38 22 3 44 1 17 17 18 9 8 23 
#5 9 36 24 12 13 17 44 38 1 3 4 9 2 1 
#48 8 26 18 16 34 18 17 13 20 7 17 3 44 42 
#50 8 26 1 24 34 18 33 23 24 7 14 12 44 22 
#50 13 23 51 12 21 41 16 12 24 24 4 64 25 22 
#32 1 23 41 12 37 12 18 16 20 7 4 64 9 42 
#3 31 26 5 48 6 11 18 31 20 50 27 38 9 42 
#20 17 36 50 13 36 6 12 56 6 18 4 10 2 3 
#8 17 36 19 17 36 6 17 38 6 25 4 10 40 3 
#50 9 41 19 5 10 18 29 35 30 61 18 39 62 28 
#22 31 12 3 38 10 41 11 35 38 61 18 25 9 23 
#34 29 32 5 48 37 13 17 55 18 17 17 59 8 24 
#4 16 55 1 17 10 18 43 5 18 1 61 10 2 3 
#13 12 18 50 0 10 53 38 29 18 1 2 15 14 38 
#3 12 8 50 70 13 17 38 29 8 3 7 24 14 38 
#3 64 8 16 37 13 60 19 27 16 3 1 47 26 46 
#16 3 44 41 20 6 60 34 13 16 50 29 47 21 28 
#11 22 4 50 9 16 71 8 56 8 26 38 24 6 4 
#33 22 4 19 9 0 3 33 3 41 45 1 14 6 4 
#4 22 20 19 4 43 3 43 3 41 45 15 14 8 26 
#4 39 4 19 4 43 71 43 26 15 29 15 24 6 0 
#27 39 6 49 9 30 24 10 26 15 29 9 24 6 38 
#18 61 25 41 36 20 34 16 11 6 3 39 28 20 1 
#17 61 8 41 0 19 6 16 27 6 1 38 28 2 1 
#17 10 8 50 70 26 17 10 26 15 1 38 24 2 29 
#3 10 21 19 17 53 17 38 5 15 29 9 24 6 46 
#45 34 2 9 42 38 6 38 5 22 25 61 17 8 3 
#11 10 16 18 8 0 31 17 28 1 8 49 39 8 35 
#48 40 26 1 16 34 34 33 16 20 16 14 12 9 23 
#48 13 16 41 12 19 16 33 3 12 45 21 12 2 5 
#22 13 12 5 12 43 41 29 12 17 17 4 64 8 23 
#5 9 26 51 12 22 12 18 16 20 26 27 38 9 42 
#20 10 32 5 48 6 17 34 8 1 50 14 24 3 1 
#34 21 12 24 13 0 51 12 4 1 18 1 3 36 35 
#8 17 26 50 16 36 6 17 56 6 25 4 10 44 42 
#50 9 41 51 24 22 26 2 23 30 8 18 39 2 28 
#7 18 23 41 12 10 41 16 35 38 24 4 25 62 5 
#32 31 26 51 13 40 41 11 55 38 7 14 38 9 24 
#34 31 32 18 16 6 11 34 31 18 17 17 59 8 0 
#20 61 7 24 13 36 18 12 5 20 18 61 28 7 4 
#4 29 8 50 0 36 13 17 27 18 25 38 10 2 3 
#50 12 41 19 5 22 53 2 38 30 52 18 39 40 38 
#22 64 12 50 38 10 17 29 35 8 3 18 24 2 46 
#45 3 32 5 37 6 41 34 55 16 50 14 43 9 24 
#34 29 44 41 16 43 13 12 13 18 25 17 49 21 26 
#11 16 8 1 17 16 10 11 56 20 25 61 10 7 3 
#33 29 8 50 9 10 13 43 26 15 29 38 59 6 4 
#34 12 20 19 16 0 53 38 29 22 52 2 14 14 7 
#3 64 8 19 4 13 71 19 27 8 3 15 59 8 26 
#27 3 2 16 37 30 60 10 26 15 50 9 47 26 0 
#18 14 44 41 36 21 24 28 13 45 25 29 49 28 28 
#18 17 8 50 36 16 34 23 11 16 26 38 16 20 7 
#20 61 4 41 9 10 16 8 4 6 29 39 24 6 4 
#17 56 8 50 0 0 3 33 3 16 45 49 14 2 29 
#3 23 4 19 4 43 17 10 26 15 29 15 24 6 26 
#27 39 6 9 17 30 6 38 5 22 29 9 17 14 0 
#45 34 5 16 36 20 24 28 29 28 16 23 4 28 38 
48 59 25 56 38 16 
41 15 42 46 37 9 
33 13 40 19 20 39 
17 14 18 12 51 23 
50 29 53 44 7 49 
10 47 27 45 52 8 
#Base: 883
#Max: 459
#519819
#Turn 3
#11 16 8 1 36 20 24 11 29 28 16 61 4 28 38 
#45 61 5 41 36 20 34 28 11 6 3 39 28 28 38 
#18 56 8 41 36 20 3 16 3 6 3 49 14 20 1 
#17 9 41 51 0 22 3 33 3 16 8 18 39 2 28 
#50 12 41 51 24 10 26 38 29 30 1 2 15 2 28 
#4 16 32 1 17 6 18 43 31 18 1 61 59 8 0 
#4 16 7 24 17 10 18 12 5 18 18 61 28 7 3 
#20 61 32 24 37 6 18 12 5 16 50 14 43 7 4 
#8 3 32 50 16 6 6 34 56 6 50 14 10 44 24 
#8 17 26 50 48 36 11 18 31 6 25 27 38 44 42 
#22 31 12 5 38 43 41 29 12 38 61 18 25 9 23 
#22 31 26 51 13 10 41 11 35 38 7 18 38 9 23 
#32 31 44 51 13 40 41 34 55 16 7 14 38 9 28 
#16 3 4 41 9 6 71 34 13 16 50 38 47 21 28 
#7 22 23 41 12 10 41 16 56 8 26 4 25 6 5 
#3 29 8 5 48 37 13 38 29 8 17 17 59 8 24 
#3 29 32 16 37 37 60 19 27 18 3 1 47 26 24 
#50 64 41 19 5 10 18 19 35 30 3 1 39 26 46 
#50 9 41 19 4 10 71 29 35 8 3 15 39 8 26 
#4 64 4 19 4 43 71 19 26 8 3 15 24 8 26 
#45 12 2 9 16 0 53 38 29 22 52 2 14 14 3 
#18 34 44 9 36 21 24 28 13 22 25 61 49 8 3 
#18 14 41 19 36 21 24 28 13 30 52 29 39 40 28 
#50 12 41 19 5 22 41 2 38 30 52 18 39 40 38 
#33 29 23 50 9 10 41 16 26 24 29 4 59 6 22 
#20 29 44 41 13 43 13 12 13 18 18 4 49 2 26 
#17 10 44 41 70 43 13 10 26 18 1 38 24 2 26 
#22 64 12 50 70 26 17 29 26 8 1 38 24 2 29 
#27 3 12 16 38 30 60 10 35 8 50 9 47 2 0 
#32 1 2 41 37 30 12 18 16 20 50 9 47 9 0 
#34 31 8 1 16 16 10 34 31 20 25 17 59 8 0 
#4 34 5 16 17 10 18 28 29 18 1 61 4 28 38 
#20 61 7 24 13 36 34 12 5 20 18 39 28 7 4 
#45 3 8 5 37 6 3 33 55 16 50 14 14 2 24 
#8 17 26 51 24 22 26 2 56 30 8 4 10 2 42 
#13 31 26 5 48 10 53 38 31 20 50 27 38 9 38 
#34 13 12 18 12 6 11 34 12 18 17 17 64 8 23 
#22 16 55 1 17 10 18 43 35 18 1 61 10 2 23 
#20 61 26 24 13 40 18 11 55 38 7 14 38 9 24 
#16 3 44 41 20 6 60 34 13 16 50 29 47 21 24 
#8 22 26 50 9 36 71 17 56 6 26 4 10 44 4 
#3 31 26 41 48 6 11 16 35 20 24 27 38 62 42 
#3 12 12 50 12 13 41 38 29 8 17 7 64 8 23 
#34 29 12 5 48 10 41 17 35 38 61 18 59 8 23 
#32 31 8 16 13 40 60 11 27 16 7 1 38 9 46 
#16 9 44 19 5 10 60 34 35 16 61 18 39 21 28 
#11 22 8 50 9 13 71 8 27 8 26 15 24 6 4 
#4 39 4 41 12 10 71 16 35 38 24 15 24 6 5 
#3 12 20 19 70 0 17 38 29 22 3 7 14 14 38 
#45 29 32 9 48 38 13 17 5 18 25 17 17 8 3 
#18 64 44 41 37 21 60 19 13 16 3 1 47 28 28 
#50 12 41 19 5 10 18 2 38 30 52 18 39 62 28 
#50 64 23 19 12 21 71 19 27 8 3 4 64 25 22 
#4 39 8 19 4 10 71 43 26 15 29 38 24 6 4 
#34 17 20 19 13 36 53 38 56 22 18 2 14 2 7 
#45 29 44 41 16 43 13 12 13 22 25 17 49 21 26 
#17 14 44 41 70 21 17 10 26 45 1 38 49 2 29 
#50 64 12 19 38 22 17 2 38 8 52 18 24 40 46 
#50 13 23 51 12 30 41 16 12 24 50 4 64 26 22 
#32 29 23 41 9 10 12 43 26 20 29 38 64 9 4 
7 24 59 26 10 47 
53 28 9 58 18 22 
55 19 40 56 43 38 
17 51 27 52 50 13 
16 1 39 57 12 45 
5 21 35 23 41 8 
#Base: 883
#Max: 453
#513024
#Turn 4
#20 61 32 24 37 10 18 12 26 16 29 4 43 6 4 
#32 29 23 50 9 10 12 16 26 20 29 38 64 9 22 
#17 29 23 41 70 43 12 10 26 20 1 38 64 9 26 
#22 31 44 5 70 43 13 29 26 38 61 18 25 9 23 
#4 39 12 41 38 10 71 16 35 38 61 15 24 9 5 
#4 3 8 16 38 10 71 10 35 15 50 38 24 6 0 
#8 17 12 50 48 36 11 10 31 6 50 9 38 2 42 
#8 13 23 50 48 30 41 18 31 6 50 4 38 26 22 
#50 9 23 19 12 10 41 16 12 24 50 4 64 8 26 
#50 14 41 19 36 21 71 28 35 8 3 15 39 40 28 
#4 29 4 41 4 43 71 19 13 8 3 15 24 21 26 
#4 22 4 50 4 36 71 17 56 8 26 4 24 8 26 
#8 22 44 41 70 36 71 10 56 45 26 4 49 44 29 
#17 14 44 5 48 10 17 10 26 45 1 38 59 8 23 
#20 61 26 5 13 10 41 17 55 38 7 14 38 9 23 
#50 64 41 19 5 10 18 19 35 30 52 18 39 26 28 
#50 64 12 19 70 26 18 29 26 8 1 18 39 2 28 
#22 64 12 50 12 26 71 29 27 8 1 38 24 2 22 
#18 64 44 19 37 21 60 19 27 8 3 4 64 25 22 
#18 64 4 41 9 21 60 19 13 16 3 38 47 28 28 
#3 29 5 16 36 20 34 19 27 6 3 39 47 28 38 
#16 3 5 41 36 20 34 34 11 16 50 29 28 21 38 
#16 64 12 41 38 22 17 2 38 8 52 29 24 21 46 
#50 64 12 19 13 22 17 34 55 16 52 14 38 40 28 
#16 31 44 51 13 10 60 34 35 16 7 14 38 9 28 
#4 34 32 9 17 6 24 28 31 18 25 61 49 8 0 
#18 31 44 5 36 21 53 38 31 22 50 61 49 8 3 
#13 12 26 5 48 22 41 38 38 20 50 18 38 40 38 
#3 31 26 19 5 6 41 2 35 30 52 18 38 62 38 
#8 31 26 41 16 6 6 16 56 20 50 14 10 62 24 
#4 39 8 24 37 10 18 12 5 15 29 38 24 7 4 
#27 29 23 50 38 10 60 16 26 24 29 9 59 6 0 
#32 17 26 41 9 36 12 43 26 20 25 38 64 44 4 
#17 13 44 51 12 30 41 16 12 18 50 38 24 2 26 
#22 31 12 19 4 43 71 29 35 38 3 18 25 9 26 
#4 39 41 41 12 10 71 28 35 38 24 15 39 6 28 
#45 39 8 19 16 43 71 12 26 22 25 38 49 6 4 
#27 3 4 19 4 43 60 10 26 8 3 15 24 2 26 
#8 22 26 50 9 36 11 17 31 6 25 27 38 44 42 
#17 13 44 41 12 30 41 10 12 45 50 4 49 2 29 
#50 9 41 19 4 10 41 17 35 8 3 15 39 8 26 
#18 61 26 24 36 40 24 28 55 38 7 29 39 40 24 
#45 64 44 41 5 43 13 12 13 30 3 1 39 21 26 
#4 12 41 19 4 10 18 2 26 30 52 18 24 8 28 
#22 64 26 50 9 36 71 29 56 8 1 38 24 44 29 
#17 64 23 19 12 21 17 10 27 45 3 4 49 2 29 
#34 29 44 41 37 10 60 19 35 38 3 1 59 8 28 
#20 3 26 24 9 6 71 11 13 38 7 14 38 9 24 
#50 29 41 16 37 37 60 19 27 30 3 1 47 26 24 
#45 61 5 41 5 20 18 2 38 6 52 18 39 28 38 
#22 64 44 41 70 26 60 34 26 16 1 29 47 2 29 
#50 64 23 19 12 21 71 2 27 8 3 18 64 40 46 
#18 31 44 41 37 40 41 19 55 16 7 1 38 28 28 
#16 9 4 19 9 6 60 34 35 16 50 18 47 21 28 
#3 29 32 1 17 6 60 19 31 18 1 61 47 26 24 
#18 61 5 41 36 21 34 28 11 6 25 39 49 8 38 
#16 31 26 41 48 6 53 34 13 20 50 29 47 21 24 
#50 64 41 19 5 22 17 2 38 8 52 18 24 40 38 
#32 31 44 51 13 6 11 34 35 16 7 27 38 62 28 
#8 9 32 19 5 10 6 34 35 16 61 18 10 21 28 
29 39 19 56 58 28 
11 42 22 41 36 27 
31 35 3 26 23 49 
15 18 51 12 44 2 
55 48 57 50 46 17 
24 52 16 9 4 32 
#Base: 883
#Max: 555
#628539
#Turn 5
#17 13 44 41 16 6 6 16 56 45 50 4 49 2 24 
#17 13 44 41 9 30 60 10 13 16 50 38 49 28 29 
#16 64 26 41 48 6 60 34 13 16 50 38 47 28 24 
#32 31 44 41 13 6 11 34 35 16 50 27 47 62 28 
#3 31 44 51 5 6 41 2 35 30 7 18 38 62 38 
#45 64 44 50 4 43 71 12 13 8 3 4 24 8 26 
#16 64 12 41 38 22 13 2 13 8 52 1 39 21 46 
#16 61 12 41 38 40 17 28 38 8 7 29 24 40 46 
#18 61 26 19 36 43 71 28 26 22 7 29 49 40 24 
#45 39 26 5 16 22 71 12 26 20 50 38 49 6 4 
#27 39 41 50 12 10 71 28 26 38 29 9 39 6 28 
#22 31 44 41 70 43 13 29 26 38 61 18 39 6 28 
#18 31 44 5 36 21 53 29 26 38 50 18 49 9 3 
#18 64 12 5 13 21 53 38 31 16 52 61 49 8 28 
#45 61 12 19 13 20 18 2 55 16 52 18 39 28 38 
#18 64 41 19 5 10 18 19 35 8 52 4 64 25 28 
#18 64 23 19 12 21 71 2 27 8 3 4 64 40 22 
#8 64 44 19 70 36 71 10 56 8 3 18 49 44 46 
#8 22 44 41 70 36 71 10 56 45 1 38 49 44 29 
#22 64 23 50 9 36 71 10 26 20 1 38 24 44 26 
#50 29 41 41 36 21 34 19 11 30 25 39 49 8 24 
#50 29 41 16 5 37 17 2 27 30 52 18 24 40 38 
#22 64 41 19 5 22 17 2 26 8 1 18 24 2 38 
#22 29 44 41 70 10 60 34 26 16 3 29 47 2 28 
#34 29 12 41 12 10 60 19 27 38 1 1 24 2 28 
#16 31 44 51 37 10 60 19 55 16 7 14 38 28 28 
#18 64 12 41 37 40 18 19 55 8 1 1 39 28 28 
#50 64 41 19 36 21 18 29 35 8 1 18 39 40 28 
#50 14 12 19 36 21 71 16 35 38 3 15 39 40 28 
#32 17 26 41 38 10 12 16 35 38 25 38 24 44 5 
#4 31 26 50 4 6 6 16 56 20 50 4 10 8 26 
#17 13 44 41 5 30 41 12 13 30 50 1 39 21 26 
#16 64 4 41 38 22 17 2 13 16 52 38 24 28 28 
#16 61 26 41 48 40 53 34 13 20 50 29 39 40 24 
#45 31 44 19 13 43 11 34 35 16 7 38 49 62 28 
#13 31 26 5 48 6 41 38 35 30 52 18 38 62 38 
#4 29 4 50 38 10 71 17 26 24 29 9 59 6 0 
#45 64 41 41 12 10 13 28 13 38 3 1 39 6 28 
#22 64 44 41 38 43 17 2 26 8 61 18 25 21 23 
#18 61 26 5 36 21 53 28 55 22 7 29 49 8 24 
#45 39 12 19 16 43 71 12 26 16 52 38 49 6 4 
#13 61 5 41 5 22 18 2 38 20 52 18 39 40 38 
#27 64 41 50 5 10 60 19 35 30 52 9 59 26 28 
#4 39 41 19 37 10 71 28 35 38 3 4 39 6 28 
#22 64 44 5 70 21 13 2 26 8 61 18 25 40 46 
#18 31 44 41 36 36 71 38 31 45 50 61 49 44 29 
#22 64 26 19 13 22 17 29 56 8 1 38 24 40 29 
#45 29 23 41 70 43 12 2 26 6 52 38 64 9 26 
#50 61 5 19 36 10 18 28 35 30 52 39 49 8 38 
#18 29 44 16 37 21 60 19 27 30 3 1 47 26 24 
#50 64 23 19 12 21 17 2 27 8 52 18 64 40 38 
#8 22 44 41 70 26 71 10 56 45 26 29 47 2 29 
#22 29 44 41 9 10 71 19 35 8 1 38 59 8 29 
#22 29 23 41 70 43 71 10 27 20 1 38 24 9 26 
#18 31 5 41 13 10 60 28 35 16 25 14 49 8 38 
#50 31 44 16 37 37 60 19 27 16 7 1 47 28 24 
#50 64 41 19 70 26 17 29 38 8 52 18 24 2 38 
#50 64 41 19 70 21 71 28 26 16 3 15 39 2 28 
#34 39 44 41 37 10 71 19 35 38 3 1 59 9 5 
#22 17 26 41 9 26 71 43 27 20 1 38 24 2 22 
16 14 38 58 40 1 
27 9 3 33 50 25 
39 53 2 42 57 34 
13 56 51 45 18 8 
52 23 44 17 11 48 
55 5 35 47 19 10 
#Base: 883
#Max: 624
#706682
#Turn 6
#18 61 12 19 12 21 18 2 27 8 52 4 64 28 22 
#22 61 44 41 13 20 17 2 26 16 52 18 39 21 23 
#22 64 44 41 37 10 71 2 26 38 61 18 25 21 5 
#34 39 12 41 37 10 71 19 26 16 52 38 59 6 4 
#17 13 44 19 9 43 71 12 13 16 50 38 49 28 29 
#50 64 41 19 16 21 18 12 35 20 50 18 49 6 28 
#32 39 44 41 16 22 71 34 35 16 50 38 49 62 4 
#32 61 44 41 13 40 53 34 13 20 50 27 47 40 28 
#16 64 26 41 48 40 17 34 27 20 50 29 39 40 38 
#16 31 23 51 37 10 17 2 55 8 7 14 64 28 28 
#22 61 23 5 36 21 53 10 55 20 7 29 49 8 24 
#22 29 23 41 48 6 71 34 27 16 1 38 47 9 26 
#16 64 26 50 5 10 60 19 13 30 52 38 59 26 28 
#27 64 41 50 70 10 60 19 26 30 3 9 59 2 28 
#45 31 41 19 13 21 11 34 26 16 3 38 49 2 28 
#18 64 12 19 13 26 53 29 31 16 52 18 49 8 38 
#50 22 44 19 70 26 71 29 38 8 52 18 47 2 29 
#8 31 44 41 70 26 71 38 31 45 50 61 47 44 29 
#18 22 44 41 36 36 71 10 56 45 50 38 49 44 29 
#18 61 26 41 70 43 71 10 56 22 1 38 49 44 24 
#22 29 44 41 70 10 71 34 35 16 3 29 47 8 28 
#22 29 44 5 70 21 13 2 26 8 3 29 47 40 28 
#8 64 44 19 70 21 13 2 56 8 61 18 49 44 46 
#8 31 44 41 70 36 13 29 26 8 3 18 49 6 46 
#50 61 5 19 70 43 13 29 35 38 61 39 49 6 28 
#50 64 44 16 37 37 60 12 27 16 7 4 24 28 26 
#13 31 26 50 48 43 41 12 13 30 52 18 38 62 26 
#45 29 23 5 48 6 41 2 35 6 52 38 38 9 26 
#22 29 23 41 70 43 71 10 26 6 1 38 64 9 26 
#22 64 23 50 9 10 71 10 26 38 1 9 39 44 26 
#18 64 23 19 12 21 71 29 27 8 1 4 64 40 22 
#45 39 12 5 13 22 18 2 26 20 50 18 39 6 4 
#32 31 44 41 38 6 17 34 26 16 61 27 47 62 28 
#16 39 26 41 37 10 71 19 35 38 50 29 59 9 24 
#50 64 23 19 12 21 71 2 26 8 52 38 49 6 4 
#17 13 44 51 9 30 60 10 13 16 7 14 49 28 28 
#50 61 41 5 36 21 53 28 55 8 7 29 49 40 28 
#22 29 26 41 16 43 71 10 26 20 1 38 49 6 26 
#16 31 26 41 13 6 60 34 13 16 50 38 47 28 24 
#27 61 41 41 48 10 53 34 35 20 50 9 39 26 28 
#50 64 41 19 70 21 71 2 27 16 3 15 39 2 38 
#16 31 44 51 37 10 11 34 55 16 7 38 49 62 28 
#18 64 12 5 36 21 53 28 55 16 7 61 49 8 24 
#50 29 23 41 70 26 17 10 27 8 1 38 24 2 26 
#8 64 44 41 70 6 71 34 13 45 26 38 47 28 29 
#27 64 44 50 36 10 60 38 35 45 50 9 59 26 28 
#50 64 41 19 70 21 71 10 56 16 3 15 49 44 28 
#18 61 44 19 36 43 71 34 35 16 7 29 49 40 24 
#22 29 12 5 13 21 53 38 31 8 52 61 49 8 29 
#22 64 44 41 70 26 17 29 26 8 3 29 24 2 28 
#22 22 44 5 70 21 13 10 56 45 26 29 47 40 46 
#18 31 44 41 70 36 71 38 56 8 50 61 49 44 46 
#22 22 44 41 70 36 13 10 56 38 1 38 39 6 29 
#18 61 26 19 36 10 18 28 26 30 52 29 49 8 24 
#22 29 44 41 9 37 71 19 27 8 1 1 47 28 24 
#22 64 44 41 70 43 71 34 26 8 3 29 24 8 26 
#22 64 44 5 48 6 41 38 35 8 52 18 25 40 46 
#8 64 44 41 70 43 12 10 26 8 52 38 64 9 26 
#22 31 23 41 9 43 71 29 26 38 61 38 24 44 26 
#27 61 41 50 36 10 18 28 35 30 29 39 39 6 38 
34 52 2 8 33 59 
3 56 12 44 39 20 
26 40 24 45 46 32 
55 6 18 51 19 57 
41 36 7 17 22 13 
42 28 58 16 47 50 
#Base: 883
#Max: 663
#750849
#Turn 7
#50 22 44 41 12 36 71 2 56 8 1 38 49 6 29 
#22 22 44 41 70 10 71 10 26 38 61 38 25 6 5 
#22 64 44 41 48 40 71 34 26 38 61 29 25 21 5 
#16 64 26 41 37 40 71 34 27 20 50 29 39 9 38 
#16 39 26 50 37 10 18 28 35 30 50 39 59 9 24 
#34 64 44 5 48 6 71 19 26 8 52 38 25 6 4 
#22 64 44 50 48 6 60 38 35 30 52 38 59 40 28 
#8 64 44 50 70 10 71 34 13 30 26 38 59 28 29 
#27 61 41 41 48 6 53 34 35 45 26 9 47 26 29 
#22 29 41 41 70 10 71 34 35 16 3 9 47 8 28 
#13 31 26 50 48 43 41 2 13 30 3 18 38 62 38 
#50 64 5 19 70 43 13 2 27 16 61 15 49 6 28 
#27 64 44 50 70 43 13 38 35 38 50 39 59 26 28 
#50 64 41 19 36 21 71 38 35 16 50 15 59 26 28 
#32 31 41 41 70 6 71 34 26 16 3 27 49 44 28 
#32 39 44 41 16 22 71 34 26 16 50 38 49 8 26 
#18 39 44 41 16 36 71 10 56 16 50 38 49 44 29 
#18 22 44 41 70 36 71 38 56 8 50 38 49 44 46 
#18 61 44 41 70 36 71 38 56 8 50 61 49 44 46 
#18 61 44 41 70 43 12 10 56 8 52 38 64 44 26 
#50 31 41 5 37 10 11 28 55 8 7 38 49 40 28 
#50 61 41 5 13 40 53 28 55 8 7 27 49 40 28 
#8 31 44 41 70 40 53 34 13 20 50 61 47 44 28 
#8 31 44 19 70 21 13 38 56 45 50 18 47 44 46 
#8 64 44 19 70 10 60 19 56 8 61 18 49 2 28 
#18 29 12 5 36 43 53 28 55 16 7 38 64 9 26 
#22 29 23 41 70 43 71 29 26 6 61 38 64 44 26 
#50 31 23 19 70 43 71 29 38 8 52 38 47 44 29 
#50 61 44 19 70 43 71 29 35 8 7 29 47 2 29 
#18 61 44 19 36 21 71 34 56 16 26 29 47 40 24 
#50 39 12 19 12 21 71 2 26 16 52 38 49 6 4 
#22 22 44 41 48 6 13 10 35 8 52 18 39 40 46 
#16 64 26 50 5 10 60 19 26 38 52 18 59 21 5 
#8 64 44 41 70 6 17 34 27 20 26 38 39 28 38 
#16 61 41 41 37 10 53 34 35 38 50 29 59 9 28 
#27 29 44 41 70 10 71 28 35 16 3 29 39 6 38 
#13 31 26 41 37 10 71 19 13 30 52 18 59 62 4 
#22 64 44 5 48 6 41 2 35 8 3 15 25 40 46 
#50 64 5 19 70 10 60 19 35 30 61 39 49 6 28 
#27 64 44 50 36 10 71 34 13 45 26 9 47 26 28 
#27 64 41 19 48 21 71 34 56 20 3 15 49 26 28 
#22 29 44 41 38 10 17 34 26 16 3 29 47 62 28 
#13 31 44 41 48 43 71 12 13 30 52 29 24 8 26 
#32 64 44 19 70 21 71 34 27 16 50 38 49 2 4 
#18 22 5 41 36 43 71 10 56 38 50 38 49 6 28 
#18 31 44 50 70 36 60 38 56 45 50 9 49 26 28 
#18 64 41 41 70 43 71 10 56 16 1 38 49 44 28 
#32 31 44 41 38 43 17 10 26 8 52 27 64 62 26 
#22 64 44 41 37 43 11 34 26 8 7 38 24 8 26 
#50 39 44 5 16 21 71 34 55 8 50 29 49 62 28 
#18 61 44 41 13 36 53 10 13 20 50 27 49 40 28 
#8 31 44 41 70 26 71 38 31 8 50 61 47 44 29 
#8 64 44 41 70 43 13 2 56 22 61 38 49 44 46 
#27 64 41 50 70 10 12 10 26 30 52 38 64 9 26 
#16 64 44 5 36 10 11 28 55 16 7 38 49 62 24 
#22 29 23 5 70 21 71 10 26 6 7 38 64 40 26 
#32 31 23 41 9 40 71 29 26 38 50 38 47 44 28 
#8 31 44 41 70 26 71 29 38 45 52 61 47 44 29 
#18 64 44 19 36 21 13 34 35 8 61 18 49 44 46 
#27 64 44 5 70 10 13 19 26 30 26 29 47 40 28 
15 44 3 38 29 14 
47 40 23 45 28 24 
39 43 51 6 52 56 
7 46 12 18 17 27 
8 16 22 57 26 13 
58 34 49 19 2 53 
#Base: 883
#Max: 693
#784824
#Turn 8
#18 22 5 41 16 43 71 10 56 38 50 38 49 6 26 
#16 64 26 41 37 43 71 34 56 20 50 38 49 9 28 
#16 64 26 41 70 40 60 19 27 20 61 39 39 9 28 
#18 64 44 19 70 10 71 34 35 30 61 39 49 6 28 
#32 61 41 19 70 6 71 34 56 16 3 29 49 44 24 
#32 64 41 41 48 43 71 10 56 20 52 15 49 62 26 
#27 64 44 19 48 21 13 34 56 20 50 15 49 44 28 
#18 31 44 19 70 21 13 38 56 45 50 18 47 26 46 
#18 61 44 19 70 43 71 29 35 8 50 29 49 2 29 
#50 61 44 19 70 43 60 29 35 8 7 18 47 2 29 
#32 64 44 19 36 10 71 34 13 45 50 38 49 26 28 
#32 31 44 41 70 26 71 34 31 8 50 38 47 44 4 
#8 64 44 41 70 6 60 38 35 30 50 61 59 40 29 
#22 64 44 50 48 43 13 2 56 30 61 38 59 44 28 
#8 64 44 41 70 40 71 29 26 22 50 38 49 44 46 
#18 64 41 50 70 43 71 10 13 30 26 38 49 28 28 
#18 64 44 41 70 43 13 10 56 16 50 39 59 26 28 
#18 64 44 50 70 36 13 38 56 38 50 39 49 26 28 
#18 22 44 41 70 36 71 38 56 8 50 61 49 44 46 
#50 22 44 41 70 36 71 38 56 8 50 38 49 44 46 
#18 39 41 41 48 36 71 34 56 45 50 9 49 26 29 
#18 31 44 41 16 40 71 10 13 20 50 38 47 44 29 
#8 31 44 41 70 40 71 34 38 45 50 61 47 44 29 
#22 31 23 41 70 26 71 29 38 45 61 38 64 44 29 
#22 29 23 41 36 43 71 29 35 16 50 38 59 44 26 
#18 64 44 41 36 10 53 34 35 8 61 29 49 9 28 
#16 39 44 5 16 10 53 34 35 38 50 29 59 9 28 
#18 39 44 41 16 43 12 34 55 8 52 29 49 44 26 
#22 61 44 41 48 40 12 34 26 8 52 38 64 44 5 
#27 64 41 50 70 40 12 34 26 30 61 38 25 21 5 
#32 31 44 41 38 22 17 34 26 8 50 27 64 8 26 
#18 64 41 19 36 43 71 10 56 20 50 15 49 6 28 
#16 31 26 41 70 21 13 34 27 20 50 18 47 44 46 
#18 31 44 50 70 10 60 19 35 30 61 9 49 6 28 
#50 61 44 19 70 21 71 29 35 16 26 29 47 40 29 
#8 31 44 19 70 10 60 19 56 16 3 18 49 2 28 
#27 31 44 50 38 10 17 10 13 45 26 27 47 26 26 
#32 64 41 19 48 21 71 34 56 16 50 15 49 2 4 
#8 31 44 41 70 21 71 38 31 45 50 18 47 44 46 
#22 31 44 50 70 6 60 38 35 30 50 38 49 26 28 
#50 61 44 19 70 43 71 29 56 22 7 29 47 2 29 
#8 64 44 41 70 10 60 29 56 8 61 18 47 44 28 
#8 64 44 50 70 10 71 34 13 30 26 9 47 28 29 
#18 64 44 19 70 21 71 34 27 16 50 38 49 44 4 
#27 64 44 41 70 43 13 38 35 8 50 61 47 44 28 
#22 61 44 50 70 36 60 38 56 8 50 61 59 40 28 
#18 22 44 41 70 36 71 38 56 22 50 38 49 44 46 
#32 31 23 41 70 40 71 29 26 8 50 38 47 44 29 
#8 64 44 50 48 10 53 34 35 30 26 9 59 26 29 
#18 64 44 41 16 36 71 10 56 16 50 38 49 44 28 
#27 31 44 41 70 43 53 38 35 20 50 61 59 44 28 
#8 31 44 41 70 36 71 38 56 8 52 61 47 44 29 
#18 29 23 41 70 36 71 38 56 6 50 38 49 44 26 
#50 64 41 19 36 21 71 38 38 8 50 38 47 44 28 
#18 64 44 19 48 6 53 34 35 8 26 18 47 26 29 
#16 61 44 41 37 36 53 34 56 16 50 29 59 44 28 
#50 39 44 5 16 21 53 34 13 20 50 61 49 62 28 
#18 61 44 41 70 26 71 29 38 45 52 38 64 44 29 
#22 29 23 41 70 40 71 29 26 6 61 29 25 21 5 
#50 64 41 50 36 21 71 10 35 30 50 38 59 26 26 
2 24 40 52 1 11 
43 39 41 50 53 15 
3 20 14 22 46 34 
44 51 18 45 19 5 
16 13 17 57 12 38 
10 49 55 23 59 47 
#Base: 883
#Max: 683
#773499
#Turn 9
#22 64 23 41 36 43 60 29 27 20 50 38 39 44 26 
#22 61 44 41 36 43 71 29 35 16 7 29 47 44 26 
#18 61 44 19 70 36 71 38 56 22 50 29 49 2 29 
#18 64 26 41 70 43 71 38 56 6 50 38 49 44 28 
#32 31 44 41 37 43 71 34 56 8 50 38 49 9 28 
#22 31 44 50 70 6 71 34 35 30 50 38 49 26 4 
#8 64 44 50 70 6 60 38 35 30 61 38 47 44 28 
#27 64 44 41 70 43 60 29 56 8 61 18 59 44 28 
#27 64 41 19 70 21 53 38 35 20 50 61 59 44 28 
#18 64 41 19 36 21 71 10 38 30 26 38 47 44 28 
#18 39 44 19 70 10 71 34 56 30 61 9 49 6 28 
#18 39 41 41 48 36 71 29 56 45 50 38 49 26 29 
#8 64 44 41 70 40 71 29 38 45 50 38 49 44 46 
#8 31 44 41 70 36 71 34 38 45 50 61 49 44 46 
#50 61 44 41 70 36 71 29 35 22 50 38 47 44 46 
#8 64 44 41 70 36 13 38 56 8 50 61 47 44 28 
#8 31 44 41 70 36 71 38 56 8 52 61 49 44 29 
#18 22 44 41 70 36 71 38 56 8 50 61 59 44 28 
#50 61 44 50 70 36 60 38 56 8 50 61 49 44 28 
#32 22 44 41 48 36 71 10 56 8 52 15 49 62 26 
#18 64 44 41 70 43 13 2 56 30 61 38 59 44 28 
#18 64 44 50 48 43 13 2 56 38 50 38 59 26 28 
#18 61 44 41 70 36 71 38 56 38 52 39 64 26 29 
#18 64 44 41 70 26 71 29 38 30 52 38 64 44 29 
#8 31 44 41 70 21 71 38 31 45 50 61 59 40 46 
#18 64 44 41 36 36 71 10 56 16 50 38 49 44 28 
#16 64 44 41 37 36 53 34 56 16 50 38 59 44 28 
#16 31 44 41 37 36 53 34 38 45 61 38 64 44 28 
#50 64 41 41 70 26 71 10 38 45 61 38 59 44 29 
#32 64 41 41 36 40 71 29 35 30 50 38 47 26 29 
#16 64 26 41 70 21 60 19 27 20 61 39 49 9 4 
#22 31 23 50 70 43 60 38 35 16 50 38 59 26 26 
#50 64 44 41 70 10 71 29 56 8 7 29 47 44 29 
#18 29 23 41 70 43 53 38 35 6 50 61 59 44 28 
#16 64 26 41 36 43 71 38 56 8 50 38 49 44 28 
#18 64 41 50 70 26 71 34 31 8 50 38 47 44 4 
#18 64 44 19 70 21 71 34 27 30 61 39 49 6 28 
#22 31 41 41 70 6 60 38 56 30 50 9 49 26 28 
#8 64 44 41 70 40 60 29 56 22 61 18 47 44 28 
#27 31 44 41 70 40 71 34 38 20 50 61 59 44 28 
#18 22 41 41 36 36 71 38 38 8 50 38 49 44 28 
#18 61 41 19 70 43 71 29 35 16 26 38 49 28 28 
#27 64 44 19 70 43 71 38 35 30 50 61 47 6 28 
#8 39 44 41 70 36 71 34 56 8 50 9 49 26 29 
#18 22 44 41 70 36 71 38 56 8 50 38 49 44 46 
#8 61 44 41 70 36 71 38 38 45 50 61 47 44 28 
#18 22 44 41 70 36 71 38 56 8 50 38 49 44 46 
#32 64 41 19 70 43 71 29 35 20 52 15 47 40 29 
#18 64 44 41 70 43 13 38 56 8 50 39 47 44 28 
#8 31 44 41 48 36 71 2 56 8 52 38 47 44 29 
#18 64 44 41 70 36 71 38 56 8 50 61 49 44 28 
#18 61 44 41 70 26 71 29 38 45 52 61 59 44 29 
#50 22 44 41 70 36 71 38 35 30 50 61 59 44 29 
#32 31 44 41 48 43 71 38 31 45 52 15 49 62 46 
#32 64 44 19 70 43 13 10 56 45 50 38 49 26 28 
#18 64 44 41 16 43 71 10 56 16 50 38 49 44 28 
#16 61 44 50 70 36 53 38 56 16 50 29 49 44 28 
#22 61 44 41 70 26 71 29 38 45 52 38 64 44 29 
#50 64 41 50 36 21 71 10 35 30 50 61 59 26 26 
#8 31 44 41 70 21 71 38 26 45 50 18 47 44 29 
48 20 58 3 38 34 
47 27 44 45 16 26 
6 8 12 22 52 46 
24 57 28 18 14 39 
29 56 23 51 50 7 
15 42 17 13 53 11 
#Base: 883
#Max: 705
#798414
#18 64 44 41 70 43 13 2 56 8 50 38 47 44 28 
#50 64 41 41 70 21 13 2 35 30 61 38 59 26 26 
#18 64 41 50 70 43 71 38 56 30 50 61 59 26 28 
#8 64 26 41 70 43 71 38 56 22 61 18 49 44 28 
#16 64 44 41 70 43 60 29 56 22 50 38 47 44 28 
#32 31 44 19 70 43 53 34 38 20 52 15 47 40 28 
#18 22 44 41 70 36 71 34 56 8 61 38 49 44 28 
#8 22 44 41 70 36 71 38 38 45 50 38 47 44 28 
#8 61 44 41 70 36 71 38 38 8 52 61 49 44 29 
#8 31 44 41 37 36 71 34 56 16 52 61 59 44 29 
#27 64 44 19 70 21 53 38 35 30 61 38 59 44 28 
#27 64 44 41 70 21 53 29 38 45 50 38 49 44 28 
#18 61 44 41 70 40 71 29 56 38 50 39 64 44 29 
#50 61 44 41 70 36 71 38 35 38 52 61 59 44 29 
#50 22 44 41 70 36 71 38 56 8 50 61 49 44 46 
#8 61 44 41 70 26 71 38 38 45 52 61 64 44 29 
#22 61 41 41 70 26 71 10 38 45 52 38 59 44 29 
#50 64 41 50 70 26 71 10 56 8 50 38 49 44 29 
#50 61 44 50 70 36 71 29 35 22 50 61 49 44 28 
#50 61 44 41 70 36 71 29 38 20 50 38 47 44 46 
#16 64 44 41 36 36 53 38 35 16 50 29 47 44 29 
#18 64 44 50 70 26 71 29 56 16 52 38 64 44 29 
#18 64 44 41 70 26 71 29 38 30 52 61 64 44 29 
#18 64 44 41 70 26 71 38 38 8 50 61 59 44 29 
#18 64 44 41 70 43 60 38 56 8 61 18 59 44 28 
#8 64 44 41 70 36 13 38 35 8 50 61 47 44 28 
#18 22 44 19 70 36 71 38 56 8 50 61 59 44 28 
#8 22 44 41 70 36 71 38 56 8 50 61 49 44 46 
#32 31 44 41 48 36 71 34 31 45 50 61 49 62 46 
#18 39 44 41 48 36 71 38 31 45 52 15 49 62 29 
#32 64 44 41 70 43 71 29 56 8 50 39 47 44 28 
#16 64 44 41 70 43 13 34 38 30 61 38 59 44 28 
#50 22 41 50 36 36 71 10 56 8 50 38 59 44 46 
#18 61 26 41 70 43 71 38 38 6 50 38 49 44 28 
#8 64 44 41 70 40 71 29 56 22 61 61 49 44 29 
#16 64 44 41 36 36 53 34 56 8 50 38 49 44 28 
#8 64 41 19 70 6 71 38 35 30 61 38 47 44 28 
#27 31 44 41 37 21 53 38 38 45 50 61 59 44 28 
#8 64 44 41 70 40 71 29 38 8 50 38 49 44 46 
#18 61 44 41 70 36 71 38 38 38 52 61 64 44 29 
#50 31 44 41 70 36 71 38 35 8 50 61 59 44 29 
#18 22 44 41 37 36 53 34 56 16 50 38 59 44 28 
#8 64 44 41 70 21 71 38 35 30 50 38 59 40 46 
#22 61 41 19 70 26 71 38 35 20 52 38 64 44 29 
#8 64 41 41 70 40 71 10 38 45 61 38 59 44 29 
#50 61 44 41 70 36 60 38 56 8 52 39 64 44 29 
#50 22 44 41 70 36 71 29 35 30 50 61 47 44 46 
#18 31 44 41 70 40 71 34 56 8 50 61 49 44 46 
#32 64 41 41 36 21 71 38 31 30 50 38 47 40 46 
#16 61 44 50 70 36 53 29 38 45 50 38 49 44 28 
#50 64 41 41 70 26 71 29 38 30 52 38 59 44 29 
#50 61 44 41 70 26 60 38 38 8 52 61 49 44 29 
#18 61 44 41 70 36 71 29 56 8 50 38 49 44 46 
#27 31 44 41 70 43 71 29 56 8 50 61 59 44 28 
#8 64 41 41 70 36 71 29 35 30 50 38 47 44 28 
#16 64 44 19 70 43 53 38 35 16 50 61 47 44 28 
#18 64 44 41 70 36 71 38 56 8 50 38 64 44 28 
#8 61 44 41 70 26 71 34 38 45 52 61 59 44 29 
#18 31 44 41 70 43 71 38 31 45 50 61 49 62 46 
#27 64 41 41 70 43 60 29 56 45 50 38 49 44 29 
#Base: 883
#Max: 729
#825595
