#[0] 3, 3
#[1] 4, 3
#[2] 3, 4
#[3] 3, 2
#[4] 2, 3
#[5] 2, 4
#[6] 1, 3
#[7] 2, 2
#[8] 3, 1
#[9] 4, 4
#[10] 5, 3
#[11] 3, 5
#[12] 4, 2
#[13] 3, 0
#[14] 5, 4
#[15] 4, 5
#[16] 5, 2
#[17] 4, 1
#[18] 0, 3
#[19] 1, 4
#[20] 2, 1
#[21] 1, 2
#[22] 2, 5
#[23] 0, 4
#[24] 5, 1
#[25] 0, 2
#[26] 5, 5
#[27] 1, 5
#[28] 2, 0
#[29] 1, 1
#[30] 4, 0
#[31] 0, 5
#[32] 1, 0
#[33] 0, 1
#[34] 5, 0
#[35] 0, 0
#Turn 0
39 56 1 23 50 53 
9 2 3 12 34 25 
28 59 45 54 58 43 
0 19 36 22 18 40 
42 57 33 49 6 13 
7 10 30 16 48 20 
#Base: 974
#Max: 345
#354209
#Turn 1
#10 2 31 19 16 40 8 20 24 6 20 20 5 39 37 
#10 46 48 16 12 40 8 1 18 6 20 14 41 34 27 
#32 46 15 37 53 18 4 1 21 51 4 12 41 3 3 
#52 34 12 5 53 18 50 15 32 38 2 12 21 3 1 
#29 17 16 5 34 20 2 16 16 38 30 20 11 3 1 
#23 38 2 8 19 28 33 12 15 13 32 46 39 35 16 
#51 26 2 8 7 15 40 12 16 13 17 42 42 35 4 
#0 22 15 5 7 5 40 4 16 6 11 42 63 7 37 
#0 22 15 5 20 25 15 44 25 35 11 49 22 25 8 
#18 12 31 18 20 27 7 22 58 17 4 38 10 11 8 
#38 1 33 57 12 10 5 23 6 28 56 31 1 24 15 
#19 26 3 7 35 8 38 4 15 1 19 2 1 41 5 
#3 4 5 6 30 43 65 9 1 1 19 47 18 1 65 
#9 5 5 6 30 43 4 70 18 22 9 40 24 24 2 
#28 15 22 10 28 21 14 17 18 19 24 46 24 5 27 
#40 32 12 11 9 14 4 1 2 16 14 18 10 9 30 
#24 32 3 11 20 14 24 1 9 40 25 18 10 11 8 
#24 1 3 17 4 31 8 16 9 40 10 13 11 25 8 
#14 7 12 17 82 27 8 16 19 74 10 1 10 25 8 
#42 7 12 1 7 15 22 31 19 17 23 1 34 26 8 
#17 1 1 17 22 12 21 32 25 16 7 0 44 21 14 
#52 17 1 10 22 9 21 51 11 11 1 0 29 21 14 
#52 12 29 10 14 1 11 51 72 11 5 14 21 12 8 
#31 28 4 17 13 1 10 22 72 11 2 11 18 66 11 
#31 2 18 3 3 35 27 22 41 6 2 14 12 1 59 
#25 21 23 31 21 9 6 32 28 27 1 27 18 15 2 
#25 21 9 56 27 7 27 27 28 40 35 27 18 15 46 
#15 12 28 56 9 50 27 10 16 11 63 30 16 17 24 
#15 12 28 28 1 23 13 21 14 11 9 30 10 2 32 
#18 34 16 28 44 2 8 21 34 4 25 6 7 19 32 
#23 2 9 19 16 53 15 20 24 28 32 20 39 46 43 
#8 38 2 8 6 40 8 12 18 13 9 36 5 35 37 
#51 26 3 3 7 15 4 2 21 15 4 42 41 7 26 
#0 34 15 37 53 18 31 4 25 7 35 12 63 3 3 
#21 12 12 3 22 15 50 16 32 35 2 12 8 11 1 
#18 12 16 16 34 27 2 22 16 17 26 20 10 28 2 
#23 5 19 6 19 28 15 5 41 28 56 46 39 46 15 
#8 26 2 8 35 8 33 12 15 13 9 36 42 35 4 
#51 26 3 7 31 15 40 4 16 1 17 42 30 41 65 
#0 22 15 6 0 5 7 4 1 22 9 47 63 1 37 
#28 5 1 3 20 25 4 44 18 19 14 3 22 24 1 
#18 15 11 11 28 34 7 22 9 21 24 38 7 5 2 
#38 8 12 1 9 10 4 23 13 29 19 34 23 6 15 
#40 32 27 57 20 14 5 1 6 4 14 8 10 24 5 
#3 4 3 7 4 26 38 4 9 1 25 20 11 41 65 
#6 1 5 17 82 27 8 9 1 11 10 13 10 1 2 
#14 7 1 6 9 21 4 31 19 74 7 40 24 26 1 
#42 15 22 11 1 34 36 17 2 17 24 2 47 5 27 
#27 8 12 17 1 12 4 22 13 5 19 53 44 9 34 
#40 32 27 11 22 51 24 1 2 16 14 18 29 21 5 
#24 15 29 12 14 9 71 7 9 40 25 20 11 5 8 
#6 1 22 17 44 1 11 16 72 11 5 13 10 25 11 
#31 7 4 6 13 18 22 31 19 1 7 1 34 66 8 
#42 14 22 22 3 27 36 3 15 6 0 2 47 1 34 
#27 1 23 31 1 8 9 32 11 5 30 53 44 46 34 
#17 57 51 48 22 9 6 27 27 17 1 27 29 21 14 
#3 2 9 10 14 7 27 12 11 40 0 48 21 5 8 
#6 12 34 9 11 1 11 18 72 11 63 30 3 2 11 
#18 65 16 28 13 23 10 21 41 22 9 7 10 66 27 
#24 34 49 22 3 2 27 7 2 4 0 14 7 8 59 
49 21 44 30 1 8 
9 5 51 57 54 59 
52 50 27 23 22 7 
13 36 58 18 38 2 
24 45 55 12 33 26 
47 6 46 3 10 39 
#Base: 974
#Max: 408
#418891
#Turn 2
#40 32 27 10 22 9 21 51 2 11 14 0 29 21 14 
#3 4 3 7 4 26 38 4 11 1 1 20 29 41 65 
#23 2 3 7 16 53 15 4 9 28 25 20 11 46 65 
#10 46 9 16 16 53 15 20 24 6 32 20 39 46 43 
#10 46 15 16 20 25 8 1 25 6 11 49 22 34 8 
#18 38 2 18 20 27 7 22 58 17 32 38 39 35 16 
#6 1 22 8 19 28 33 16 72 11 32 13 39 25 11 
#6 1 22 17 11 1 11 16 72 11 5 30 3 25 11 
#27 1 34 31 1 1 9 18 11 11 63 53 3 46 11 
#27 1 49 31 1 8 9 32 2 5 30 14 7 46 34 
#31 15 29 6 14 18 22 7 19 40 25 1 34 66 8 
#15 15 28 56 9 9 27 10 9 40 63 30 16 17 8 
#15 28 4 56 13 1 27 10 16 11 63 11 16 66 24 
#52 28 4 17 14 1 11 51 72 11 5 11 21 12 11 
#0 22 29 5 7 5 40 51 16 11 5 14 21 7 37 
#23 5 5 6 30 28 4 70 18 22 9 40 39 24 2 
#18 5 19 6 19 28 15 5 41 28 56 7 10 66 15 
#14 7 12 28 13 27 10 16 41 74 9 7 10 25 8 
#51 7 3 7 31 15 40 4 16 1 17 42 10 41 8 
#51 26 3 37 31 18 4 4 16 1 17 42 41 3 65 
#31 2 5 17 3 35 27 9 41 11 10 13 10 1 59 
#17 57 5 17 22 27 8 9 27 11 10 27 10 21 14 
#3 4 5 48 22 43 65 27 27 1 19 27 29 1 14 
#0 34 15 37 53 43 65 9 1 1 19 47 63 1 65 
#25 21 9 37 27 7 27 4 28 7 35 27 63 15 46 
#42 15 2 8 7 15 36 17 16 13 17 2 47 5 4 
#51 26 1 8 7 21 4 12 16 74 17 42 24 35 4 
#14 34 1 5 9 21 4 31 32 74 7 12 24 3 1 
#38 34 33 5 53 10 50 15 32 38 2 31 1 3 1 
#0 22 33 6 12 10 7 4 1 22 9 31 63 24 15 
#18 32 31 18 20 51 24 22 2 16 14 18 10 21 5 
#52 17 2 10 22 9 21 51 15 11 32 0 29 35 14 
#3 1 22 7 44 1 38 4 9 11 5 13 10 41 11 
#23 12 34 9 16 1 15 20 72 11 32 20 3 2 43 
#27 46 48 16 1 40 9 1 18 6 30 53 44 34 34 
#24 34 49 5 3 25 15 44 2 4 11 14 7 8 8 
#31 12 4 6 20 27 7 22 58 17 4 1 34 66 8 
#23 38 29 12 14 28 33 12 15 13 25 20 39 35 16 
#15 12 22 17 9 1 11 16 72 11 63 13 10 17 11 
#31 28 4 9 11 1 11 18 72 11 63 30 18 66 11 
#52 1 23 10 1 8 9 51 72 11 30 14 21 12 34 
#0 22 49 22 3 2 40 4 16 6 0 42 7 8 37 
#31 5 4 6 30 18 22 31 19 22 9 40 34 24 8 
#23 15 29 12 14 9 71 7 41 40 25 46 39 5 15 
#15 12 16 28 13 50 10 10 16 22 9 7 16 66 27 
#31 28 4 17 13 1 10 16 19 11 2 11 18 25 11 
#52 12 3 7 31 15 40 51 16 1 17 14 30 12 8 
#0 22 15 37 53 5 4 4 21 6 11 12 63 7 3 
#31 5 18 3 30 35 27 70 41 6 9 40 12 1 59 
#23 5 5 17 19 28 8 9 1 11 10 13 10 46 15 
#18 65 51 48 22 9 10 27 41 22 9 7 29 21 14 
#3 4 12 6 82 43 8 9 1 74 10 47 10 1 8 
#51 34 3 37 31 18 40 4 25 7 17 12 63 3 65 
#32 21 15 37 53 18 27 27 21 51 35 12 18 15 3 
#31 15 22 3 3 35 36 17 2 17 2 2 12 5 59 
#6 26 5 17 7 15 8 9 1 11 10 42 10 35 4 
#14 57 51 6 22 9 4 27 27 17 7 27 29 21 14 
#3 34 12 5 30 18 50 9 1 1 19 12 21 1 1 
#0 1 15 37 53 10 31 4 25 28 56 31 1 24 3 
#25 21 9 6 0 5 7 4 28 40 9 47 18 1 37 
1 47 5 2 6 27 
44 17 22 43 11 53 
58 36 40 48 12 28 
3 34 52 23 39 19 
10 24 13 51 50 38 
56 15 16 26 8 33 
#Base: 974
#Max: 453
#465092
#Turn 3
#3 22 15 7 53 5 4 4 21 6 1 20 63 41 3 
#0 38 2 37 20 27 7 4 58 6 32 12 63 35 16 
#18 38 3 7 20 53 15 22 9 28 32 20 11 35 16 
#23 2 22 7 16 28 15 4 9 11 25 13 11 46 65 
#14 34 1 8 9 28 33 16 72 11 7 13 39 3 1 
#14 12 16 28 13 27 10 16 16 74 9 7 10 66 27 
#3 4 5 48 13 27 65 16 41 74 9 27 10 25 14 
#23 4 5 48 22 43 65 27 27 40 19 46 29 5 14 
#15 15 29 12 9 9 27 7 41 40 63 30 16 17 8 
#15 15 28 37 53 18 27 10 21 40 63 30 16 15 3 
#31 1 15 37 20 27 31 22 58 28 4 1 34 24 3 
#31 1 23 10 20 27 7 22 72 11 30 14 34 12 8 
#52 1 23 10 30 35 9 70 41 11 30 14 21 1 34 
#31 5 18 3 30 35 27 70 16 6 63 40 12 66 59 
#38 34 33 5 13 10 27 15 16 38 2 31 16 66 1 
#27 46 9 16 1 40 15 20 24 6 32 53 39 46 43 
#27 46 48 37 1 18 40 1 25 6 30 53 63 34 34 
#51 34 15 37 31 18 65 4 1 1 17 12 63 3 65 
#0 28 15 37 11 43 65 9 72 11 63 47 18 66 11 
#51 28 3 9 31 18 11 18 16 1 63 30 18 66 11 
#25 21 29 6 27 7 27 7 19 40 25 27 34 15 8 
#52 28 9 17 14 1 11 4 28 11 35 27 21 12 11 
#3 4 4 17 82 1 11 51 1 11 5 11 10 1 11 
#3 65 51 48 22 9 8 27 1 74 9 47 29 1 8 
#15 12 51 48 9 9 11 16 41 11 63 7 10 21 14 
#14 57 51 6 30 28 4 27 27 17 7 27 29 21 2 
#18 5 19 6 30 28 15 70 18 28 56 7 39 66 2 
#18 5 1 6 19 21 4 12 41 28 56 42 10 66 4 
#27 26 34 8 7 1 4 18 11 74 63 42 24 35 4 
#27 1 34 31 16 1 15 18 11 11 32 53 3 46 43 
#3 4 16 28 4 50 10 4 16 22 1 20 16 66 27 
#0 7 12 28 53 27 4 4 41 74 11 7 10 25 3 
#18 4 2 48 20 27 65 27 58 17 19 27 29 35 16 
#23 2 3 12 16 53 71 4 9 40 25 20 11 46 65 
#6 1 22 56 19 9 27 10 9 40 32 13 16 25 8 
#14 21 15 5 9 18 4 31 21 74 35 12 18 15 1 
#0 1 15 28 13 10 31 4 25 28 56 7 16 24 27 
#14 12 4 6 13 27 7 16 41 17 9 7 10 66 8 
#52 1 23 10 22 43 9 51 72 11 30 14 29 1 14 
#31 5 29 12 14 9 71 7 41 6 9 46 39 5 59 
#15 28 4 56 9 9 27 10 16 40 63 30 16 17 24 
#38 21 15 37 53 18 50 15 32 38 35 31 1 15 3 
#10 46 15 16 16 53 31 20 25 6 32 20 39 46 43 
#27 46 48 6 20 40 7 1 18 6 30 1 44 34 8 
#52 34 3 10 31 8 9 51 25 11 30 14 21 3 34 
#31 34 15 3 30 35 27 70 41 1 9 40 63 1 65 
#15 28 4 9 13 1 11 18 72 11 63 11 18 66 11 
#38 26 3 5 53 18 4 4 32 38 2 42 1 3 1 
#31 15 9 6 14 53 22 7 24 40 32 20 39 46 43 
#25 46 48 16 27 40 9 4 28 7 35 53 44 34 34 
#52 34 4 17 31 1 40 51 25 11 17 11 21 12 65 
#0 4 15 37 53 43 65 9 1 74 10 47 63 1 8 
#31 65 51 48 11 1 10 18 72 22 9 7 29 21 14 
#51 12 22 37 31 18 11 16 16 11 17 42 41 3 11 
#14 15 29 6 14 9 4 7 19 17 25 27 29 66 8 
#23 21 9 37 27 7 4 4 28 22 35 27 63 15 2 
#52 28 19 17 19 28 11 5 72 11 56 7 10 66 11 
#51 26 12 8 82 43 8 12 1 74 10 47 10 35 8 
#18 65 51 31 22 9 10 27 11 11 9 7 3 21 11 
#15 12 22 9 9 1 15 20 72 11 63 13 10 2 11 
59 24 42 7 15 31 
40 48 50 23 32 41 
9 19 56 45 17 12 
46 16 57 18 51 26 
27 38 6 13 33 28 
14 5 49 52 39 1 
#Base: 974
#Max: 496
#509240
#Turn 4
#15 12 51 9 9 1 15 16 41 11 63 7 10 2 11 
#10 12 15 16 16 53 31 20 25 11 32 20 39 21 43 
#23 4 5 48 22 43 65 27 27 40 19 46 39 46 43 
#23 4 5 48 1 40 65 20 27 6 19 46 29 5 14 
#27 46 12 28 1 27 15 4 41 6 11 53 39 46 43 
#15 28 4 56 9 53 22 7 24 40 63 20 16 17 24 
#52 34 4 17 14 53 22 51 25 11 32 20 39 12 43 
#52 65 4 17 31 1 40 27 25 11 17 11 29 12 8 
#18 65 51 48 22 9 65 27 58 74 9 47 29 1 16 
#18 21 2 48 20 18 65 15 58 17 19 27 29 15 16 
#51 28 28 37 53 18 27 10 16 1 63 30 16 15 3 
#51 28 19 9 31 18 11 18 72 1 63 7 10 66 11 
#52 34 19 17 30 35 27 5 72 1 56 40 63 1 65 
#51 34 15 37 30 18 65 70 1 1 9 12 63 3 65 
#52 34 15 10 30 18 9 70 41 11 17 12 21 3 65 
#27 46 4 9 1 18 11 18 25 11 30 53 63 66 11 
#27 26 48 37 1 43 8 12 25 74 30 53 10 34 34 
#0 28 15 37 82 43 8 9 72 74 63 47 10 35 8 
#0 28 15 37 11 43 65 9 1 11 10 47 63 1 11 
#18 4 19 6 53 43 65 9 1 74 10 47 39 1 8 
#52 5 1 6 19 43 9 51 72 28 30 14 29 66 4 
#52 1 23 48 13 43 9 16 41 11 9 27 29 25 14 
#3 4 18 3 13 27 65 70 16 6 63 27 12 25 59 
#31 2 18 12 30 53 71 70 16 6 63 20 12 66 65 
#27 2 34 12 16 1 71 4 11 74 63 20 24 46 65 
#38 12 16 28 13 10 10 15 16 74 2 31 16 66 1 
#14 46 48 16 13 27 9 4 16 7 35 53 10 34 27 
#25 65 51 16 27 1 10 18 72 22 35 7 44 34 14 
#31 65 29 48 11 1 10 7 72 6 9 7 39 5 14 
#31 5 29 37 14 9 7 4 41 6 9 12 63 35 59 
#15 12 4 56 9 9 15 10 72 40 63 30 16 2 11 
#15 15 9 48 14 9 11 16 24 40 32 7 39 21 14 
#52 34 4 16 31 1 31 20 25 11 32 11 21 12 65 
#23 65 5 48 22 9 65 27 1 40 19 47 29 5 14 
#18 4 9 48 20 27 15 27 24 6 19 53 29 35 43 
#38 21 12 28 53 18 4 4 32 74 11 7 1 25 3 
#15 15 4 56 9 9 27 10 16 40 63 30 16 17 3 
#51 28 3 9 14 18 22 18 16 1 63 30 18 66 11 
#52 34 19 17 31 28 40 51 72 11 56 7 10 12 11 
#31 65 51 48 22 35 27 27 1 74 9 40 63 1 8 
#18 4 2 48 20 27 65 4 1 17 17 27 63 35 65 
#52 1 23 10 30 18 50 70 32 11 35 14 1 1 3 
#15 28 28 37 13 1 27 10 21 11 63 11 18 66 3 
#51 46 3 37 1 18 11 1 25 1 30 53 18 34 11 
#52 28 19 17 82 28 11 12 72 11 56 47 10 35 11 
#31 28 15 3 11 43 27 70 41 1 9 47 18 1 65 
#0 4 15 37 53 18 65 9 1 74 17 47 63 3 8 
#18 5 23 10 30 28 15 70 41 28 30 7 39 1 34 
#18 5 4 6 19 1 11 12 72 28 63 11 10 66 11 
#27 46 23 10 22 43 9 51 72 6 30 53 29 1 34 
#51 26 12 48 13 43 8 16 41 74 10 27 10 35 14 
#0 5 15 37 11 35 65 70 72 6 63 40 18 66 11 
#23 2 15 37 53 43 65 4 1 40 10 20 63 46 8 
#27 5 19 6 30 28 4 70 11 28 56 42 24 66 2 
#18 34 33 5 13 10 27 15 16 28 56 42 16 66 1 
#52 1 23 28 13 27 10 51 16 74 9 7 10 66 14 
#3 4 5 16 13 40 9 16 28 74 35 27 44 25 14 
#31 65 51 48 30 35 27 70 16 22 9 7 29 66 59 
#31 5 3 12 16 9 71 4 9 40 9 46 11 5 59 
#0 38 34 8 20 27 4 4 58 6 63 42 63 35 4 
18 48 45 52 59 6 
28 15 40 39 27 50 
14 19 24 8 12 53 
22 13 57 17 51 2 
30 38 20 23 44 16 
5 55 11 46 49 33 
#Base: 974
#Max: 565
#580082
#Turn 5
#0 5 4 6 19 1 65 12 1 11 10 11 10 1 11 
#31 5 4 6 11 43 11 70 41 28 9 47 18 1 11 
#31 28 15 3 53 43 27 70 41 40 9 20 63 1 65 
#23 2 15 8 53 43 4 4 1 40 10 42 63 46 4 
#0 34 4 8 14 27 22 4 58 11 63 20 63 12 4 
#31 65 4 9 1 18 11 18 72 6 9 7 39 5 11 
#18 4 4 9 20 27 65 4 1 11 17 27 63 35 11 
#18 65 2 48 22 35 27 4 1 17 9 40 63 1 65 
#31 65 51 48 27 35 10 18 72 22 9 40 44 34 8 
#25 26 12 16 13 1 8 16 41 22 10 7 44 34 14 
#52 4 19 6 30 43 9 70 41 74 10 12 21 3 8 
#27 2 19 6 53 43 65 4 1 74 63 47 39 1 8 
#27 2 51 48 16 9 71 4 11 74 63 47 29 1 65 
#52 34 51 17 30 35 65 27 72 74 9 47 29 1 65 
#27 5 19 6 30 28 27 5 72 1 56 42 63 66 2 
#3 34 15 37 13 27 65 70 16 6 9 27 63 25 59 
#51 34 51 37 30 35 27 70 16 22 9 12 63 3 65 
#31 65 15 37 82 35 27 9 72 22 9 47 10 66 8 
#0 5 15 37 82 43 8 9 72 74 63 47 18 35 8 
#0 4 5 37 11 35 65 27 27 6 19 46 39 66 11 
#52 34 19 56 9 9 40 51 72 40 56 30 16 2 11 
#52 34 19 17 31 28 9 51 72 28 56 14 29 12 4 
#52 5 1 6 30 53 9 70 16 28 63 14 12 66 65 
#31 2 18 12 30 53 11 12 16 6 63 47 12 35 11 
#52 28 19 17 1 28 11 12 25 74 56 53 10 34 34 
#15 1 4 56 9 53 10 51 16 40 9 7 10 17 14 
#51 1 19 9 13 18 11 51 16 1 9 7 10 66 14 
#0 28 19 9 53 18 11 9 1 1 63 7 63 66 8 
#0 4 23 10 53 18 65 9 1 74 30 47 63 1 8 
#27 46 23 10 22 43 65 51 72 40 30 53 29 1 14 
#0 65 29 48 11 1 10 7 1 6 10 7 39 5 14 
#18 46 4 9 19 1 11 12 25 11 63 11 10 66 11 
#31 28 2 3 11 43 65 70 1 1 9 27 63 35 65 
#23 65 51 37 53 35 65 4 1 74 10 40 63 1 8 
#25 65 51 8 27 27 4 18 72 6 63 7 44 34 4 
#51 34 12 48 14 53 8 16 41 11 10 27 10 35 14 
#31 34 15 48 30 1 9 70 72 11 17 12 21 3 65 
#27 4 4 9 1 18 65 9 25 11 30 53 63 66 8 
#18 4 2 48 20 27 65 4 1 74 17 20 24 35 65 
#18 65 51 48 22 9 65 27 1 74 9 40 29 1 8 
#52 34 51 17 30 35 27 18 72 22 35 40 44 1 65 
#27 5 12 48 30 43 8 70 11 28 10 27 10 35 2 
#52 34 15 10 30 18 9 70 41 6 17 12 21 3 65 
#18 4 15 37 53 18 65 9 1 74 10 47 39 3 8 
#27 65 51 12 16 35 71 4 16 22 63 7 24 46 65 
#0 28 51 37 22 43 65 27 72 74 63 47 29 1 16 
#0 5 19 17 30 35 27 70 72 1 56 40 18 66 65 
#27 5 5 6 22 43 65 27 27 28 19 42 39 46 2 
#3 12 18 56 13 9 65 10 72 40 63 30 12 25 11 
#51 34 19 37 30 18 65 70 72 11 9 7 10 3 65 
#52 5 51 6 19 43 9 70 16 28 30 14 29 66 4 
#31 2 15 37 82 43 8 70 16 6 63 20 10 66 8 
#52 5 19 37 82 28 65 70 72 11 56 40 10 66 11 
#27 4 48 37 22 43 8 12 27 40 19 53 10 46 34 
#15 28 4 56 9 53 22 10 24 40 63 30 16 17 24 
#52 34 23 17 13 27 40 51 16 11 9 7 10 66 11 
#51 28 1 9 19 43 11 18 72 1 30 14 10 66 4 
#31 4 18 12 30 53 65 70 1 6 17 20 12 3 65 
#27 46 19 10 22 28 11 51 72 6 56 47 10 35 34 
#27 26 5 37 22 9 65 27 1 74 19 47 10 5 34 
10 57 36 11 34 21 
7 38 15 12 39 28 
50 32 46 33 17 14 
29 44 18 52 45 22 
24 20 16 13 49 2 
43 58 8 40 51 48 
#Base: 974
#Max: 624
#640657
#Turn 6
#31 4 18 6 30 53 65 70 41 6 10 20 21 3 65 
#31 34 15 12 30 1 65 70 1 11 17 12 21 3 65 
#27 34 15 6 30 1 9 4 72 74 17 12 39 3 65 
#25 65 19 8 27 27 65 4 72 74 63 7 39 34 4 
#25 34 51 17 31 28 4 51 72 6 56 14 29 12 4 
#18 4 2 48 20 35 65 4 1 17 9 40 63 35 65 
#18 34 15 37 13 27 65 70 1 6 9 27 24 35 65 
#27 34 51 48 13 9 65 70 16 6 63 47 29 25 65 
#27 2 51 48 16 9 71 27 11 74 63 40 29 1 65 
#18 4 51 48 22 18 65 9 1 74 9 47 29 1 8 
#52 28 51 6 19 43 65 70 16 28 30 27 63 35 65 
#0 28 2 3 11 43 27 70 72 1 9 40 63 66 65 
#23 5 19 37 30 35 27 70 72 74 56 40 63 66 65 
#23 65 51 37 82 35 65 4 1 22 9 47 10 1 8 
#31 65 15 6 82 28 27 9 72 22 56 42 63 66 2 
#27 46 51 10 16 35 65 51 16 40 63 7 24 1 65 
#0 65 51 37 16 35 71 9 72 22 63 47 18 35 8 
#52 5 15 37 82 43 65 9 72 11 63 47 18 66 11 
#0 5 19 37 22 28 65 70 72 11 56 47 10 66 16 
#0 5 51 37 22 43 65 27 16 74 63 14 12 1 65 
#52 28 19 56 1 9 40 51 72 40 56 30 10 34 34 
#51 34 19 37 9 35 40 51 16 40 56 30 16 2 11 
#52 34 51 37 30 35 27 70 16 74 9 12 63 1 65 
#52 34 51 17 30 35 65 27 72 74 9 7 29 3 65 
#51 34 15 3 53 43 27 70 72 11 9 7 10 1 65 
#18 46 15 37 53 28 65 51 1 74 10 47 39 35 8 
#27 46 51 10 22 35 10 51 72 6 9 40 44 35 8 
#52 34 51 17 30 35 27 18 72 22 9 40 44 34 8 
#52 2 51 37 82 43 8 18 16 6 63 20 44 1 8 
#31 2 15 37 13 43 8 10 72 6 63 20 12 66 11 
#18 4 19 48 22 43 27 70 1 17 10 40 63 3 65 
#18 4 2 12 30 53 65 4 1 74 17 20 24 3 65 
#3 34 15 48 13 27 9 70 72 6 17 12 63 25 65 
#27 2 19 6 53 43 65 4 11 74 63 47 29 1 8 
#25 65 51 48 27 9 4 18 1 74 63 40 29 1 4 
#0 34 19 17 53 18 65 51 1 74 56 47 63 12 4 
#52 65 51 6 22 35 27 70 16 28 30 14 29 1 4 
#31 4 2 48 20 27 65 70 1 74 9 20 24 35 65 
#3 34 15 37 30 35 65 70 72 6 56 40 18 25 65 
#27 2 51 37 53 9 65 4 11 74 63 40 63 1 65 
#31 65 15 48 22 9 65 27 72 74 9 47 29 1 8 
#0 4 23 10 53 18 27 9 72 74 56 47 63 66 8 
#52 46 51 6 19 43 9 70 16 40 30 14 29 1 14 
#31 28 51 3 11 35 71 4 1 22 9 7 63 46 65 
#0 5 19 37 30 43 27 9 72 74 56 47 18 35 8 
#52 65 51 37 53 28 65 70 72 74 56 40 10 66 11 
#31 28 51 37 22 43 27 27 72 74 63 47 29 1 16 
#52 5 19 6 30 53 9 70 16 1 63 14 12 66 65 
#27 28 23 17 22 28 65 51 72 40 30 53 29 1 14 
#52 34 19 56 9 35 40 51 72 40 56 30 16 46 65 
#51 5 51 37 82 43 8 9 16 74 63 47 18 3 65 
#52 34 51 17 82 28 65 27 72 74 9 40 29 66 11 
#0 34 19 37 30 43 65 27 72 11 9 7 29 1 65 
#52 5 15 3 53 43 27 70 41 40 63 20 12 1 65 
#52 28 15 17 53 28 11 12 25 74 10 53 39 34 34 
#52 46 19 10 9 28 40 51 72 40 56 47 16 2 11 
#31 65 51 37 27 35 10 18 72 22 9 12 44 3 8 
#52 34 51 17 30 35 65 27 72 22 35 40 44 1 65 
#31 34 15 37 82 43 65 70 72 11 63 7 10 3 8 
#31 28 15 56 53 43 65 70 72 40 9 20 12 1 65 
48 32 25 41 11 47 
55 19 18 50 3 53 
15 8 39 49 14 40 
58 10 17 45 51 57 
37 16 23 12 59 7 
24 35 46 22 38 20 
#Base: 974
#Max: 750
#770021
#Turn 7
#27 34 15 48 22 28 9 51 72 6 17 12 29 25 14 
#18 46 15 37 53 28 9 70 1 6 17 12 63 25 8 
#0 4 23 37 53 18 65 51 72 74 10 47 39 35 8 
#0 4 23 10 53 18 27 70 72 1 56 40 63 66 65 
#52 5 2 3 30 43 9 70 16 1 63 14 63 66 65 
#0 5 19 10 22 28 65 51 16 40 63 14 16 1 11 
#0 5 19 37 22 28 65 70 16 74 63 14 10 1 65 
#0 5 19 37 82 43 65 9 72 74 56 47 18 3 65 
#51 5 51 37 82 43 8 4 72 74 63 7 18 34 65 
#25 5 15 3 53 27 27 4 72 74 63 7 39 34 65 
#27 46 51 48 16 35 65 51 16 40 63 7 29 1 65 
#27 2 51 37 53 9 65 27 11 74 63 40 29 1 65 
#27 2 51 37 53 35 40 4 72 74 63 40 63 46 65 
#52 65 15 56 9 35 40 51 72 40 56 30 63 66 65 
#31 65 15 6 22 9 27 27 72 74 56 42 63 66 8 
#31 34 15 37 82 43 65 70 16 11 63 27 63 35 8 
#52 5 15 37 82 43 65 9 16 28 63 47 18 66 11 
#52 65 51 37 82 28 65 9 72 74 63 40 18 66 11 
#52 65 51 17 53 28 65 70 72 74 56 40 29 66 11 
#52 34 51 17 82 28 65 27 72 22 9 40 44 66 11 
#31 65 2 37 20 35 65 70 1 74 63 20 18 35 8 
#0 34 51 37 30 35 71 9 72 22 9 7 29 35 65 
#52 34 19 37 30 35 65 27 72 74 9 40 29 3 65 
#31 28 15 56 30 35 65 70 72 40 56 40 63 66 65 
#27 28 51 48 53 9 65 70 16 40 9 47 12 1 65 
#51 34 19 3 53 18 65 51 72 74 9 7 63 12 65 
#31 28 19 17 53 18 65 51 1 74 63 47 63 1 4 
#31 28 51 37 22 35 27 70 72 74 63 47 63 1 65 
#3 34 51 37 30 35 65 70 72 74 56 12 63 25 65 
#3 28 19 56 1 35 65 51 72 40 56 40 18 25 34 
#52 28 19 10 22 28 40 51 72 40 56 47 29 1 14 
#0 34 51 37 22 43 9 27 72 74 17 14 12 25 65 
#18 46 19 37 22 28 65 51 72 11 10 47 39 66 8 
#51 5 23 37 53 43 27 9 72 74 63 47 18 3 8 
#25 65 19 3 11 43 27 4 72 1 9 7 63 66 65 
#52 5 15 3 53 53 27 70 16 40 63 14 12 1 65 
#52 46 19 10 9 35 40 51 72 40 56 7 16 2 11 
#27 5 51 48 22 43 65 27 16 74 63 14 12 1 65 
#27 2 51 37 22 28 65 4 11 74 63 47 63 1 16 
#51 34 51 37 9 35 8 9 72 40 56 30 16 46 65 
#25 65 15 6 82 28 27 4 72 74 56 7 39 66 2 
#31 5 15 3 22 43 65 70 41 40 63 47 12 1 8 
#27 34 15 10 82 35 65 51 72 40 63 7 24 1 65 
#52 28 51 6 19 43 71 27 16 74 63 40 63 35 65 
#27 5 15 37 53 9 65 4 11 74 63 47 63 66 11 
#52 34 19 56 9 28 40 51 72 74 56 30 16 66 65 
#52 34 51 6 82 28 27 27 72 22 9 40 29 66 11 
#31 65 15 48 22 9 65 27 72 22 9 40 44 1 65 
#31 4 15 37 20 43 65 70 72 11 9 20 24 3 65 
#0 65 51 6 16 35 71 9 16 22 30 47 63 35 65 
#52 5 15 37 82 35 65 9 72 11 63 47 29 3 65 
#23 65 19 37 30 35 65 70 72 74 56 40 63 66 65 
#31 34 15 56 53 43 65 70 72 40 9 40 12 1 65 
#27 34 51 17 13 35 65 70 16 6 63 47 44 25 65 
#31 34 2 3 53 27 65 70 72 11 9 20 24 35 65 
#0 34 19 37 16 35 65 51 72 74 63 47 63 12 4 
#31 28 51 17 30 35 65 27 72 74 63 7 29 1 65 
#52 34 19 37 30 35 27 70 16 74 9 12 63 1 65 
#31 34 15 56 30 43 65 70 72 6 9 20 12 25 65 
#52 28 51 48 1 9 40 70 16 6 63 47 29 25 34 
24 57 16 42 3 58 
20 46 14 27 56 44 
10 22 12 13 28 40 
52 45 23 51 17 19 
39 55 7 18 43 15 
26 53 50 8 25 11 
#Base: 974
#Max: 780
#800821
#Turn 8
#52 28 19 48 53 35 65 70 16 40 9 12 63 1 65 
#52 34 19 37 30 43 27 9 16 28 63 47 63 66 65 
#52 5 15 37 82 43 65 9 72 40 63 47 24 1 65 
#0 4 15 10 53 18 27 51 72 1 63 7 63 66 65 
#0 34 15 56 53 18 27 70 72 6 56 40 63 25 65 
#31 65 51 6 82 35 65 27 1 22 9 20 29 35 11 
#31 65 15 6 82 9 27 27 72 22 9 42 63 66 11 
#31 65 15 6 22 35 27 70 72 74 56 47 63 66 8 
#31 28 51 17 22 35 27 70 72 74 63 7 29 1 65 
#31 5 15 37 53 9 65 27 11 74 63 47 29 1 65 
#52 34 51 48 30 35 65 51 16 40 63 40 29 3 65 
#27 34 51 37 30 35 40 27 72 74 63 40 29 46 65 
#27 65 15 56 9 35 40 51 72 40 63 30 63 46 65 
#3 65 51 37 30 35 40 70 72 74 56 30 63 66 65 
#3 34 51 37 82 35 65 4 72 74 56 7 39 25 65 
#31 34 15 56 53 28 65 70 72 74 9 30 12 66 65 
#52 28 15 56 30 35 40 70 72 74 56 40 16 66 65 
#31 28 19 56 30 35 65 70 72 74 56 40 63 66 65 
#52 65 51 37 30 35 65 9 72 74 63 40 18 66 65 
#52 65 51 17 82 28 65 9 72 74 63 40 18 66 11 
#0 34 19 37 9 35 8 9 72 74 63 30 63 46 4 
#0 34 19 37 82 43 65 51 72 74 56 47 18 12 65 
#52 5 19 37 53 43 65 9 72 74 56 40 18 66 65 
#52 28 51 17 19 28 65 27 16 74 56 40 63 35 65 
#52 28 15 6 19 43 71 70 16 74 63 27 63 35 8 
#27 28 19 17 13 18 65 70 16 6 63 47 44 25 65 
#52 34 51 37 13 35 65 70 72 11 63 47 44 3 65 
#51 5 15 37 82 35 8 9 72 11 63 47 18 34 65 
#51 34 51 37 82 18 8 51 72 74 9 7 18 34 65 
#27 34 19 3 53 18 65 27 72 74 9 40 29 12 65 
#31 28 2 48 20 35 65 70 1 40 9 20 18 35 65 
#52 34 19 37 30 28 27 27 16 22 9 12 63 1 11 
#31 65 15 6 22 9 27 27 72 28 63 47 63 66 11 
#27 34 15 10 22 35 27 70 72 74 63 7 24 1 65 
#31 28 51 10 53 18 65 27 72 1 63 7 63 66 65 
#31 5 15 37 30 43 65 4 11 74 63 20 12 25 65 
#31 46 51 37 16 35 65 51 1 74 63 7 29 35 8 
#52 34 19 6 30 35 65 27 72 74 9 40 29 3 11 
#31 2 51 6 53 9 27 27 72 74 63 40 63 46 8 
#52 65 51 56 22 35 27 70 72 40 63 47 63 66 65 
#3 34 51 37 30 35 65 27 72 74 63 7 29 1 65 
#25 5 15 37 82 9 27 4 72 74 63 7 63 66 2 
#31 46 15 56 16 35 65 51 16 40 63 40 12 1 65 
#52 34 19 37 9 35 65 27 72 74 56 40 29 66 65 
#31 2 51 56 30 35 40 4 72 40 56 40 63 66 65 
#23 65 19 37 9 35 40 51 72 74 56 40 63 66 65 
#52 34 51 37 30 35 65 9 72 74 63 12 63 25 11 
#25 34 51 17 82 28 65 4 72 22 56 7 39 66 2 
#51 34 51 56 9 35 8 9 72 40 56 30 12 1 65 
#0 34 19 56 16 28 65 51 72 74 56 47 63 66 4 
#0 28 15 56 82 35 65 70 72 74 56 40 63 66 65 
#52 65 51 17 30 28 65 70 72 74 56 40 29 66 11 
#52 65 51 37 19 28 71 9 72 74 63 40 63 35 65 
#31 34 15 37 82 28 65 27 72 11 9 27 44 35 11 
#51 34 19 37 53 18 65 9 72 74 56 47 16 1 65 
#27 34 51 17 16 35 65 70 16 6 63 47 44 25 4 
#0 5 19 37 82 43 65 9 72 11 63 47 18 3 65 
#51 5 51 17 82 43 8 4 72 74 56 40 18 66 11 
#51 34 19 6 53 18 65 27 72 74 63 40 63 35 65 
#31 2 51 37 53 9 65 70 16 74 63 40 29 1 8 
0 8 2 7 46 57 
40 4 14 51 49 54 
28 44 45 52 18 23 
12 16 13 39 17 43 
1 26 15 50 19 22 
24 10 11 58 21 34 
#Base: 974
#Max: 794
#815195
#Turn 9
#31 28 51 48 22 35 65 70 72 74 63 12 29 1 65 
#52 28 15 17 22 43 27 9 72 74 63 47 24 1 65 
#52 5 15 6 82 35 65 70 72 74 63 47 24 1 65 
#52 34 15 37 22 35 65 70 72 74 56 12 63 25 8 
#51 5 51 17 30 43 65 4 72 74 63 40 18 25 11 
#0 34 51 37 30 18 27 70 72 74 56 7 29 1 65 
#3 34 51 37 53 18 27 70 72 74 56 40 63 25 65 
#3 34 51 37 30 28 65 4 72 74 56 40 29 25 65 
#0 65 19 17 30 28 65 70 72 74 56 47 63 66 4 
#51 34 19 56 53 28 65 9 72 74 56 47 16 1 4 
#51 2 51 37 30 18 40 51 72 40 9 40 18 34 65 
#23 2 19 37 9 35 40 51 72 74 56 40 63 66 65 
#23 65 19 37 9 28 40 51 72 74 56 40 63 66 65 
#52 65 51 37 30 28 71 9 72 74 63 40 18 66 65 
#52 28 51 17 19 28 65 9 72 74 56 40 18 66 65 
#52 28 15 56 9 35 40 70 72 40 63 40 16 46 65 
#52 28 15 37 30 35 40 70 72 74 56 40 63 66 65 
#52 65 51 56 30 35 27 70 72 40 56 30 63 66 65 
#52 28 19 56 30 35 27 70 72 40 56 40 63 66 65 
#31 28 19 37 30 35 65 27 72 74 56 40 29 66 65 
#52 34 19 37 13 35 65 70 72 28 63 47 44 3 65 
#52 34 15 56 13 28 65 70 72 74 9 47 12 3 65 
#0 34 15 56 82 35 65 70 72 74 9 30 12 66 65 
#52 65 51 56 82 28 65 9 72 74 63 40 63 66 11 
#52 65 19 17 53 28 65 9 72 74 63 40 18 66 65 
#52 34 15 48 30 43 65 70 16 74 63 27 63 35 65 
#52 34 51 48 30 35 40 27 16 74 63 40 29 3 65 
#51 34 51 6 53 18 40 27 72 74 63 40 63 46 65 
#51 34 19 37 53 43 65 51 72 74 56 47 18 12 65 
#31 28 19 10 82 18 65 51 72 1 63 47 18 66 65 
#52 34 51 48 30 35 65 70 16 40 63 12 29 1 65 
#0 28 51 17 53 35 27 70 72 6 56 40 63 25 65 
#3 5 51 37 82 43 65 9 72 40 56 7 39 1 65 
#52 65 15 17 30 28 65 70 72 74 56 40 29 66 11 
#0 34 51 56 16 35 65 9 72 74 56 12 63 25 11 
#51 34 51 17 82 18 8 9 72 74 56 40 16 66 11 
#51 34 51 37 82 35 65 27 72 74 63 7 29 34 65 
#31 2 15 56 30 35 27 70 72 6 56 40 63 66 65 
#3 34 19 37 82 35 40 51 72 74 56 7 63 25 65 
#52 65 51 37 30 28 65 70 72 74 63 40 63 66 65 
#52 34 19 56 16 28 65 51 72 74 63 47 63 66 65 
#51 28 51 37 53 18 65 9 16 74 56 40 16 35 65 
#51 65 15 37 82 18 8 51 72 74 63 30 63 46 65 
#52 28 15 56 30 35 40 4 72 40 56 40 16 66 65 
#3 65 19 37 30 35 40 70 72 74 56 30 63 66 65 
#52 65 51 56 22 28 27 70 72 74 63 47 63 35 65 
#52 28 19 37 30 35 65 9 72 74 56 40 18 66 65 
#52 28 51 17 19 28 65 27 72 74 56 40 63 35 65 
#27 34 19 37 9 43 27 51 16 40 63 30 63 46 65 
#52 34 15 37 30 35 40 70 72 11 56 40 16 66 65 
#3 65 51 56 53 35 40 70 72 74 56 30 12 66 65 
#52 28 51 56 82 35 65 70 72 74 56 47 63 66 65 
#52 65 51 17 82 28 65 70 72 74 63 40 63 66 11 
#52 34 19 37 9 43 65 9 72 74 56 40 18 66 65 
#52 28 19 6 19 43 71 70 16 74 63 47 63 66 65 
#52 34 51 37 13 35 65 51 16 40 63 47 44 3 65 
#31 34 51 56 53 35 65 70 72 74 9 40 12 66 65 
#51 28 15 6 53 35 65 70 72 74 56 40 63 35 65 
#0 65 19 37 82 28 65 51 72 74 56 47 18 66 11 
#31 28 19 37 53 43 65 27 72 1 63 7 63 66 65 
15 38 19 25 33 8 
53 14 54 40 24 46 
22 28 16 23 17 47 
18 50 45 51 52 56 
0 27 57 39 13 44 
2 6 12 42 36 58 
#Base: 974
#Max: 882
#905544
#3 28 15 37 82 35 40 70 72 74 63 40 16 46 65 
#31 28 19 37 82 35 65 51 72 74 56 40 63 25 65 
#52 28 19 37 30 35 65 70 16 74 63 40 63 35 65 
#52 34 15 48 30 43 65 70 72 74 63 40 29 66 65 
#52 65 19 17 30 28 65 70 72 74 56 47 29 66 4 
#52 28 19 37 19 43 65 9 72 74 56 40 18 66 65 
#52 28 51 17 19 43 65 70 72 74 63 47 63 66 65 
#52 28 19 56 19 28 71 70 16 74 63 47 63 66 65 
#52 34 19 17 16 28 65 9 72 74 63 47 18 66 65 
#52 65 19 17 30 28 65 9 72 74 56 40 18 66 65 
#51 34 15 37 53 43 65 70 72 74 9 30 18 12 65 
#51 28 19 37 30 35 40 70 72 74 56 40 63 66 65 
#52 28 51 56 82 35 40 70 72 74 63 40 63 66 65 
#52 65 51 56 30 28 27 70 72 74 56 40 63 66 11 
#52 28 51 56 30 28 27 27 72 40 56 40 63 66 65 
#3 28 19 56 30 35 40 70 72 40 56 40 63 66 65 
#52 65 51 56 53 35 40 70 72 74 63 30 12 35 65 
#52 65 51 56 82 35 27 70 72 74 63 47 63 66 65 
#52 28 51 56 82 35 65 70 72 74 56 40 63 66 65 
#31 34 51 56 82 35 65 70 72 74 9 40 12 66 11 
#51 34 51 48 22 18 65 70 72 74 63 12 63 1 65 
#51 28 51 6 53 18 40 27 72 74 63 40 63 35 65 
#52 65 15 37 30 35 65 70 72 74 63 40 63 66 65 
#52 65 51 37 30 28 71 70 72 74 63 40 63 66 65 
#3 65 19 37 30 28 40 9 72 74 56 40 18 66 65 
#3 34 51 37 82 35 27 70 72 74 63 47 63 1 65 
#23 65 51 37 9 18 27 51 72 74 56 40 63 25 65 
#51 65 19 37 9 18 40 51 72 74 63 30 63 66 65 
#51 65 51 37 82 18 8 27 72 74 63 7 29 34 65 
#0 34 19 37 82 35 65 27 72 74 63 47 29 34 65 
#52 34 15 56 9 35 40 70 72 74 63 40 16 66 65 
#3 28 51 37 19 35 40 9 72 74 56 7 18 66 65 
#52 28 19 37 30 43 71 27 72 74 63 47 29 66 65 
#52 34 15 48 30 28 65 70 16 74 63 47 63 35 65 
#52 65 15 17 30 28 65 70 72 74 63 40 18 66 11 
#0 65 19 17 30 28 65 70 72 74 56 40 63 66 65 
#0 34 19 37 82 43 65 9 72 74 9 40 12 66 65 
#52 28 51 37 19 28 65 9 72 74 56 47 18 12 65 
#52 28 19 37 30 35 40 70 16 74 63 47 63 66 65 
#52 65 19 56 82 28 65 9 72 74 63 47 63 66 11 
#52 65 51 17 53 35 65 70 72 40 56 40 18 66 65 
#52 28 19 37 19 35 65 9 72 74 56 40 63 35 65 
#0 34 15 56 82 35 65 70 72 74 9 40 63 66 65 
#51 34 19 37 53 35 40 51 72 74 56 30 18 12 65 
#52 28 15 56 30 35 27 70 72 74 56 40 63 66 65 
#52 28 51 56 82 28 65 70 72 74 56 47 63 66 65 
#52 65 51 17 82 35 27 70 72 40 63 40 63 66 11 
#31 34 51 17 19 35 65 27 72 74 9 40 63 35 65 
#52 28 19 48 30 35 27 70 72 40 63 40 29 1 65 
#3 65 51 6 53 35 40 27 72 74 63 40 63 46 65 
#52 65 15 6 22 28 65 70 72 74 63 40 63 35 65 
#52 28 51 37 30 28 65 70 72 74 63 40 63 66 65 
#52 65 51 37 30 28 65 70 72 74 63 40 18 66 65 
#3 34 19 56 53 35 65 70 72 74 56 40 12 66 65 
#31 28 15 48 22 35 65 70 72 74 63 12 29 1 65 
#51 34 51 37 53 18 40 27 72 74 63 40 63 25 65 
#51 65 19 37 9 28 40 70 72 74 56 40 63 66 65 
#52 65 15 37 30 28 8 70 72 74 63 30 63 46 65 
#51 34 51 37 82 28 65 9 72 74 63 40 29 34 65 
#3 65 19 37 82 28 40 70 72 74 56 30 18 66 65 
#Base: 974
#Max: 888
#911704
