#[0] 3, 3
#[1] 4, 3
#[2] 3, 4
#[3] 3, 2
#[4] 2, 3
#[5] 2, 4
#[6] 1, 3
#[7] 2, 2
#[8] 3, 1
#[9] 4, 4
#[10] 5, 3
#[11] 3, 5
#[12] 4, 2
#[13] 3, 0
#[14] 5, 4
#[15] 4, 5
#[16] 5, 2
#[17] 4, 1
#[18] 0, 3
#[19] 1, 4
#[20] 2, 1
#[21] 1, 2
#[22] 2, 5
#[23] 0, 4
#[24] 5, 1
#[25] 0, 2
#[26] 5, 5
#[27] 1, 5
#[28] 2, 0
#[29] 1, 1
#[30] 4, 0
#[31] 0, 5
#[32] 1, 0
#[33] 0, 1
#[34] 5, 0
#[35] 0, 0
#Turn 0
36 42 44 15 6 48 
57 59 55 12 56 41 
38 43 3 58 50 24 
40 51 14 46 5 11 
52 10 4 25 31 47 
26 32 2 0 22 8 
#Base: 903
#Max: 348
#385382
#Turn 1
#9 26 3 49 3 36 14 37 9 35 16 26 20 12 21 
#22 26 6 3 3 11 2 37 21 20 5 23 15 4 7 
#18 12 50 9 23 23 7 12 21 58 31 23 6 8 7 
#18 45 26 29 26 1 7 1 33 20 46 12 6 35 8 
#28 4 26 29 11 1 16 1 22 3 46 2 51 21 12 
#39 12 35 32 7 12 4 32 39 26 21 4 31 50 14 
#33 10 23 32 5 3 22 8 44 26 8 40 14 21 48 
#33 3 3 3 2 10 36 34 44 7 18 40 10 21 9 
#6 3 26 39 2 10 36 51 23 9 8 32 10 58 1 
#8 13 49 39 12 18 42 51 23 13 9 6 10 31 1 
#10 15 1 23 13 57 2 37 2 32 3 23 28 31 4 
#10 18 31 11 10 44 14 30 2 32 21 4 5 8 4 
#12 18 31 65 10 6 0 30 4 18 10 3 15 56 4 
#1 26 40 23 21 16 26 11 20 15 46 3 4 11 13 
#19 24 65 20 21 16 26 49 20 15 31 32 4 3 13 
#30 12 11 9 9 23 38 18 23 9 16 19 7 7 23 
#13 58 16 6 9 17 38 18 21 10 16 19 2 20 1 
#70 58 18 6 3 41 28 7 21 4 7 55 2 20 2 
#70 20 23 37 3 41 28 46 11 4 8 10 12 1 2 
#3 16 32 19 29 1 17 46 6 54 23 7 38 9 26 
#21 25 5 38 49 11 17 6 8 1 19 6 47 46 9 
#6 21 22 38 23 55 17 2 16 1 49 2 26 8 9 
#14 42 0 57 12 9 7 1 25 18 6 2 5 8 25 
#24 42 0 31 24 1 3 35 10 6 32 20 9 17 25 
#24 20 5 15 13 8 21 35 10 1 32 20 66 17 21 
#29 3 44 8 32 8 4 37 35 44 25 19 4 27 37 
#11 12 44 25 15 8 21 21 35 7 38 19 53 20 5 
#11 18 19 14 15 14 48 13 43 17 18 52 16 17 5 
#24 18 22 53 48 14 15 9 17 15 18 6 16 17 9 
#47 14 50 18 23 27 29 47 3 19 7 20 5 18 31 
#39 22 3 49 7 36 14 32 9 35 16 26 20 12 14 
#9 4 24 7 3 40 4 26 25 20 5 51 2 4 19 
#33 12 23 3 5 33 22 25 44 7 8 40 14 21 48 
#18 45 3 9 23 23 7 12 9 9 18 12 10 58 8 
#8 4 26 29 26 1 13 51 22 20 46 9 2 31 1 
#15 20 49 45 11 43 16 20 30 3 9 37 9 21 20 
#9 15 35 47 22 12 10 26 11 13 21 4 11 31 14 
#39 4 35 32 0 44 14 26 2 32 21 10 21 50 19 
#56 18 31 11 5 6 0 30 21 18 8 4 14 56 48 
#12 3 40 65 15 10 36 34 9 9 10 32 15 10 9 
#8 26 26 39 21 18 40 51 20 15 46 2 4 11 13 
#19 20 29 41 11 20 42 20 54 21 31 6 10 3 4 
#32 15 11 9 16 57 2 49 11 9 3 49 28 7 44 
#10 65 31 3 13 44 38 18 2 30 16 23 21 1 1 
#56 18 9 11 2 17 0 30 21 10 7 55 2 20 4 
#70 20 40 65 15 45 28 7 11 23 8 3 15 10 16 
#1 26 23 19 20 16 17 11 15 68 46 2 12 9 13 
#19 24 32 2 29 1 18 38 54 54 31 32 38 26 16 
#32 17 5 9 16 11 50 49 9 9 13 6 7 7 24 
#30 25 11 16 9 55 38 18 23 1 19 6 7 1 1 
#14 21 9 6 2 9 7 2 21 10 49 55 5 8 39 
#70 42 0 37 12 1 3 7 11 4 8 1 14 36 25 
#24 24 23 19 20 8 17 46 15 1 2 20 66 17 12 
#3 20 9 5 29 9 33 45 6 54 23 7 59 29 21 
#29 17 5 19 19 11 4 41 39 28 18 6 4 46 37 
#24 12 44 38 49 8 17 21 35 7 13 6 26 20 9 
#11 21 19 57 23 9 48 13 25 18 38 52 5 15 5 
#1 42 0 31 4 14 3 1 17 7 18 6 9 17 25 
#47 24 5 0 24 8 15 35 3 1 32 20 66 17 53 
#1 20 50 5 13 6 29 45 7 13 13 17 5 18 21 
55 44 20 9 35 26 
6 21 5 53 37 41 
2 25 56 18 42 40 
8 38 47 45 58 12 
32 52 43 17 14 29 
27 19 46 51 39 24 
#Base: 903
#Max: 414
#458472
#Turn 2
#24 18 9 11 49 17 17 21 21 10 13 55 26 20 9 
#56 25 9 11 2 11 0 6 8 10 7 55 47 20 4 
#8 13 49 39 12 18 42 51 23 1 9 6 47 46 1 
#8 13 49 39 11 43 16 51 23 13 9 37 9 31 1 
#11 20 44 45 11 8 21 21 35 7 38 37 53 21 5 
#6 21 22 38 5 55 17 8 16 1 49 40 26 8 9 
#6 21 22 38 23 12 17 32 39 1 21 2 31 8 14 
#39 12 9 5 7 12 33 32 39 26 23 4 31 50 14 
#39 4 9 5 0 9 33 45 6 32 23 10 59 29 19 
#39 20 35 41 0 20 42 20 2 32 21 6 21 3 19 
#18 12 44 9 23 8 4 37 21 58 31 23 4 8 7 
#11 21 19 57 32 8 4 37 25 44 25 52 4 27 37 
#70 21 23 57 3 41 48 46 25 4 8 52 12 1 5 
#32 20 23 37 3 41 2 49 11 4 8 49 28 1 2 
#8 26 11 39 21 57 2 49 20 15 3 2 28 7 44 
#56 18 31 39 2 10 0 51 21 18 8 32 14 56 48 
#19 24 32 11 29 1 18 38 21 54 8 4 38 26 48 
#70 20 32 65 29 1 18 38 11 23 8 3 15 26 16 
#70 24 5 65 15 45 28 7 3 1 32 3 66 10 53 
#47 18 5 0 24 6 0 30 3 1 10 20 15 17 53 
#33 12 23 19 20 33 17 46 44 1 8 40 66 21 12 
#10 24 23 19 20 44 17 46 2 1 2 20 66 17 1 
#10 58 31 6 13 41 28 7 21 30 16 55 2 20 2 
#19 58 18 20 21 16 26 7 20 15 7 55 2 3 13 
#19 14 65 20 23 27 29 47 3 19 7 32 5 18 31 
#3 16 32 19 29 14 17 46 43 17 18 52 38 17 5 
#3 26 23 19 29 16 17 11 6 68 23 2 38 9 13 
#70 26 0 37 20 1 17 11 11 4 8 2 14 9 13 
#70 3 40 65 12 10 3 7 11 4 8 1 14 10 9 
#24 3 40 65 13 8 21 34 10 9 10 32 66 17 9 
#33 10 23 38 49 3 22 8 44 26 8 40 26 20 9 
#56 21 9 11 23 55 0 30 16 1 7 55 26 20 4 
#39 25 35 32 49 12 4 32 8 1 19 6 31 50 9 
#8 13 49 39 12 9 33 45 23 54 9 6 59 31 1 
#15 20 35 45 11 43 14 20 2 32 21 37 9 50 19 
#11 20 44 25 15 20 42 21 54 7 31 19 53 3 5 
#18 12 50 32 23 3 22 8 21 58 8 23 14 8 48 
#29 21 22 8 32 55 4 37 16 44 25 2 4 27 37 
#39 21 35 57 7 9 4 13 25 26 38 4 31 15 5 
#3 20 23 37 3 9 28 45 11 54 8 7 12 1 2 
#32 15 11 32 16 44 14 26 2 32 21 49 21 7 19 
#8 26 26 39 11 18 40 51 54 15 46 2 4 11 4 
#18 12 26 9 23 23 7 51 23 58 8 23 10 8 1 
#29 3 31 8 32 6 0 37 21 18 25 19 14 27 48 
#11 24 19 57 29 9 48 38 25 18 31 32 38 15 16 
#70 20 23 37 15 41 28 46 11 4 8 10 12 1 16 
#47 24 5 0 16 57 2 49 3 9 3 20 28 17 44 
#12 26 31 39 21 18 40 30 4 18 10 3 15 56 4 
#33 3 23 39 2 33 36 51 44 7 8 32 14 21 48 
#24 24 31 19 5 8 17 30 21 18 2 4 14 17 12 
#19 24 32 3 29 1 38 38 54 30 16 32 21 26 16 
#70 58 18 6 15 45 28 7 21 23 7 55 15 10 16 
#19 24 5 20 21 16 26 35 3 15 32 32 66 17 13 
#12 18 31 18 23 6 0 30 4 18 10 20 5 56 4 
#11 12 23 3 15 14 22 25 44 7 8 40 16 17 5 
#3 24 23 19 29 8 17 46 15 54 23 20 66 17 12 
#1 65 23 19 13 16 38 11 15 68 46 23 21 1 13 
#70 58 0 6 3 41 28 7 21 4 8 55 14 36 25 
#12 3 65 20 15 10 26 49 20 15 10 32 4 3 13 
#47 20 5 18 13 8 29 35 3 1 32 20 66 17 21 
8 25 16 41 24 34 
32 21 4 17 35 14 
3 46 33 15 56 22 
48 29 51 18 57 2 
37 31 55 12 20 45 
50 36 44 11 28 59 
#Base: 903
#Max: 427
#472868
#Turn 3
#39 16 32 19 29 14 17 45 6 17 23 52 59 17 19 
#3 16 32 19 29 14 18 46 21 17 18 52 38 26 5 
#19 26 26 11 11 18 40 51 21 54 46 2 4 26 48 
#8 14 26 39 23 18 29 47 3 19 7 2 4 11 4 
#19 14 35 20 11 43 29 47 2 32 21 37 9 50 31 
#39 24 35 32 20 44 17 46 8 1 19 20 31 50 1 
#10 20 23 45 20 8 21 46 35 1 2 20 53 17 5 
#70 20 32 65 11 1 21 38 11 23 38 3 15 26 16 
#11 20 32 25 29 1 42 21 54 7 8 19 15 3 5 
#11 26 11 25 21 20 2 49 20 15 31 2 53 3 44 
#47 13 49 0 16 57 16 51 23 9 9 37 28 17 1 
#8 24 49 0 16 57 33 45 3 54 3 20 59 17 44 
#8 18 49 39 12 10 33 51 23 18 9 6 59 56 48 
#1 65 23 19 2 16 0 51 15 18 8 32 21 56 13 
#10 65 31 6 13 16 28 7 15 68 46 23 21 1 2 
#33 3 40 65 13 8 36 34 10 9 10 32 14 21 48 
#24 58 40 6 13 8 28 7 10 23 7 55 66 10 9 
#70 58 5 65 15 45 28 7 21 1 32 3 66 10 53 
#70 24 0 65 3 45 28 7 21 4 32 55 14 36 53 
#8 58 49 6 12 18 42 51 23 1 9 6 14 46 25 
#29 21 9 11 23 55 0 30 16 1 7 2 26 20 37 
#3 21 23 11 29 8 17 46 15 1 23 20 26 20 4 
#3 21 23 19 3 41 48 46 15 4 8 20 12 1 5 
#33 21 23 57 3 33 48 46 25 1 8 52 12 1 5 
#33 12 23 19 20 41 17 46 11 1 8 10 66 21 12 
#19 24 32 3 29 3 38 8 54 58 16 23 21 8 16 
#18 12 50 57 29 3 48 8 25 58 31 23 14 15 16 
#11 21 19 57 32 9 48 37 25 44 25 32 4 15 37 
#70 21 40 65 12 10 3 7 25 44 8 1 4 27 37 
#70 3 40 18 13 10 3 7 3 4 32 1 14 10 9 
#39 4 35 5 0 9 33 45 6 32 19 6 31 29 19 
#3 16 32 19 20 14 17 46 43 1 2 52 66 17 5 
#19 20 44 45 11 1 21 21 21 54 38 4 38 26 5 
#70 26 26 65 29 18 18 51 54 15 8 3 4 26 4 
#19 20 44 25 23 27 29 21 3 7 31 32 53 3 31 
#15 20 11 45 11 43 2 49 2 15 21 2 9 50 44 
#8 25 35 32 11 12 16 51 8 1 9 6 9 31 1 
#47 24 5 19 16 57 17 49 3 9 3 20 28 17 44 
#11 20 49 39 12 8 33 21 23 54 9 6 59 21 1 
#70 18 31 39 29 1 0 38 11 18 8 3 14 26 16 
#11 20 23 25 15 20 42 11 15 7 31 23 53 1 13 
#10 58 31 6 13 57 2 7 20 15 16 55 2 20 2 
#33 13 49 39 11 33 36 51 44 7 9 37 9 21 1 
#47 24 5 65 16 8 2 49 10 9 10 20 28 17 44 
#70 58 18 39 15 9 28 45 21 54 9 55 15 10 1 
#70 24 31 39 15 10 28 51 3 18 8 3 14 56 53 
#70 58 0 6 3 16 28 11 21 68 46 55 14 36 13 
#10 58 31 6 12 18 42 51 23 1 9 55 47 20 1 
#33 3 23 39 32 55 4 37 16 44 8 32 4 27 37 
#24 21 40 65 13 55 21 30 10 9 10 55 66 20 4 
#3 24 23 6 29 8 28 46 21 54 23 55 66 17 12 
#70 21 23 57 15 41 48 46 3 4 8 52 66 10 5 
#70 58 23 6 3 33 28 46 44 4 8 40 66 21 25 
#8 13 23 39 15 41 42 46 11 4 9 6 12 46 16 
#19 21 22 3 32 55 38 37 54 30 16 2 21 26 16 
#18 12 50 32 23 55 22 30 21 58 7 55 26 20 4 
#3 24 23 57 29 9 48 46 15 18 23 32 38 17 16 
#70 21 23 57 3 8 4 37 25 44 25 52 12 27 37 
#33 12 40 65 20 33 3 46 11 4 8 1 14 10 9 
#47 20 5 37 13 41 28 35 11 1 32 10 12 17 21 
4 56 31 16 19 43 
48 38 27 49 14 42 
15 2 33 18 44 23 
50 57 46 17 52 12 
13 26 55 51 11 7 
54 10 47 45 28 0 
#Base: 903
#Max: 479
#530454
#Turn 4
#3 24 35 57 29 43 48 46 2 18 23 37 9 50 16 
#3 16 32 57 20 14 48 46 43 1 23 32 66 17 16 
#24 16 40 19 20 14 28 46 10 1 7 55 66 17 9 
#24 58 40 6 12 18 28 7 10 1 7 55 66 46 25 
#8 58 5 65 16 8 2 51 23 9 10 20 28 46 44 
#11 3 23 39 12 55 33 37 23 54 9 6 59 27 37 
#11 20 19 57 32 8 48 21 23 44 25 32 59 21 37 
#24 21 40 57 32 55 21 30 25 9 25 32 4 15 37 
#24 21 40 6 13 16 21 30 15 68 10 55 66 1 4 
#10 65 31 6 11 33 28 51 15 7 9 37 9 21 2 
#33 3 26 11 13 8 40 34 21 9 10 2 4 26 48 
#19 26 26 65 11 18 40 51 21 15 8 3 4 26 4 
#70 24 26 65 29 18 18 51 54 4 8 3 4 26 53 
#70 24 0 39 15 45 28 7 21 4 32 55 14 10 1 
#33 58 23 57 3 9 28 45 21 54 8 55 15 1 5 
#70 24 23 6 29 8 4 37 21 54 25 52 12 17 12 
#70 21 23 57 3 16 28 37 25 44 46 52 14 27 37 
#70 58 0 6 15 45 28 7 21 1 46 3 66 36 13 
#70 58 5 6 15 33 28 46 44 1 8 3 66 21 53 
#70 18 23 6 12 10 28 51 44 4 9 40 59 21 48 
#18 65 50 19 2 16 0 51 25 18 31 32 21 15 13 
#18 12 50 57 23 55 48 30 21 58 7 55 14 15 4 
#70 21 50 32 15 55 22 30 3 58 8 55 26 20 5 
#70 24 23 0 16 41 48 45 3 54 8 52 66 17 44 
#70 24 32 0 11 57 33 45 11 23 38 20 15 17 16 
#19 21 49 0 16 57 38 51 54 9 9 37 28 17 1 
#47 13 49 0 16 18 42 51 23 9 9 37 47 17 1 
#70 24 31 6 12 10 42 51 23 18 9 3 47 20 1 
#70 24 40 39 12 10 28 51 3 18 8 3 14 56 53 
#70 16 40 65 12 10 17 45 25 17 8 1 4 17 37 
#33 14 35 20 11 55 4 37 2 44 21 32 4 27 37 
#3 24 23 39 12 8 33 46 15 18 9 6 38 17 1 
#3 16 19 19 20 14 48 46 25 44 25 52 66 17 5 
#24 21 40 65 13 55 21 30 10 23 10 55 66 10 9 
#8 65 31 6 13 16 28 7 23 68 46 6 14 1 25 
#33 13 49 39 11 8 2 51 10 7 9 20 9 17 1 
#33 3 40 39 13 55 4 34 16 44 10 32 14 27 37 
#11 20 49 39 12 18 33 51 21 54 46 6 59 21 1 
#70 26 26 65 29 9 48 37 25 44 8 32 4 15 37 
#70 24 40 65 13 45 28 7 10 4 32 55 14 20 53 
#10 65 31 39 15 16 28 45 21 68 9 55 15 10 1 
#33 13 23 57 3 33 48 46 25 1 8 52 12 1 1 
#3 24 23 6 13 8 36 46 10 9 10 55 14 17 12 
#70 21 26 57 3 8 40 37 25 54 25 52 4 27 37 
#70 58 26 65 3 18 28 51 54 68 8 3 4 26 13 
#70 24 0 65 3 45 28 7 21 1 32 55 14 36 53 
#70 58 23 39 3 33 28 45 21 54 9 40 15 10 25 
#33 18 49 39 3 10 48 46 25 18 9 6 12 56 5 
#1 24 23 19 29 8 0 51 21 54 23 55 21 56 13 
#18 21 50 57 3 8 4 8 25 58 25 52 14 15 37 
#18 58 50 6 3 16 22 11 21 68 46 55 14 36 4 
#70 21 5 57 15 45 28 46 21 1 8 3 66 10 5 
#8 58 23 0 3 33 28 46 44 54 8 20 66 17 25 
#8 20 32 39 12 1 33 51 11 23 38 6 59 26 48 
#1 21 23 3 2 16 0 37 54 18 8 32 21 56 16 
#47 12 49 57 29 57 48 51 23 9 31 37 28 17 1 
#18 58 31 6 12 55 42 30 21 1 7 55 47 20 4 
#70 21 23 39 15 10 48 51 3 18 8 3 66 56 53 
#70 24 49 65 16 57 3 7 25 54 3 20 4 27 37 
#39 20 32 19 29 1 21 38 6 23 38 52 59 17 16 
24 4 14 50 37 56 
32 5 40 45 28 0 
3 51 43 39 58 52 
21 16 18 44 57 12 
8 19 38 23 22 17 
25 1 33 55 46 6 
#Base: 903
#Max: 511
#565891
#Turn 5
#8 58 5 0 11 8 33 51 23 9 10 20 15 17 16 
#33 58 5 65 16 8 2 45 23 54 10 20 15 46 5 
#33 58 50 6 3 16 22 45 21 54 8 55 14 1 4 
#18 58 50 39 12 16 33 51 21 68 46 6 14 36 1 
#11 58 49 39 12 18 42 30 21 1 7 6 59 20 4 
#3 3 23 39 12 14 33 37 25 54 9 52 59 17 5 
#10 3 23 39 15 55 28 37 21 68 9 55 59 10 1 
#10 24 31 39 15 16 28 7 21 68 9 55 15 36 1 
#70 24 40 39 12 10 28 51 3 1 32 3 14 56 53 
#3 24 40 57 29 10 48 51 3 18 23 37 14 56 16 
#70 21 5 57 12 45 28 7 21 1 7 3 66 10 25 
#70 21 5 57 3 45 28 46 25 54 25 3 66 10 37 
#70 24 40 65 13 8 28 7 25 54 32 52 4 20 53 
#70 24 40 65 16 57 28 7 10 4 32 20 14 20 53 
#70 24 49 0 3 33 28 7 44 54 3 20 66 17 25 
#18 12 23 57 3 16 28 30 25 58 7 55 14 15 4 
#70 21 23 6 3 16 28 37 25 44 8 52 66 27 37 
#70 58 5 65 15 18 28 46 54 68 8 3 66 26 13 
#70 58 23 65 15 10 28 51 3 18 8 3 66 56 13 
#70 21 26 39 29 18 18 51 3 18 8 3 66 56 53 
#24 21 23 6 13 10 21 51 44 68 9 55 66 21 48 
#70 26 26 6 12 9 28 37 44 4 9 32 59 21 48 
#70 24 26 65 16 41 48 37 25 44 8 32 66 15 37 
#70 24 23 0 15 41 22 30 3 58 8 55 66 20 44 
#70 21 50 32 15 55 28 7 3 1 46 55 66 36 5 
#3 21 32 57 20 57 48 46 54 1 23 32 28 17 1 
#24 16 40 65 13 55 21 46 10 1 23 55 66 10 9 
#24 12 49 57 13 55 21 51 23 9 31 37 28 10 1 
#70 12 23 57 29 57 48 51 23 54 31 40 28 17 25 
#11 20 19 57 32 8 48 21 23 54 9 40 59 10 37 
#3 16 19 19 11 14 33 45 25 44 38 52 15 17 5 
#8 3 23 65 12 55 2 37 23 9 9 6 59 46 37 
#10 58 23 39 3 9 28 45 21 54 8 55 15 1 5 
#70 24 0 65 3 16 28 7 21 68 32 55 14 36 53 
#70 24 49 39 12 18 28 51 3 54 46 6 59 21 53 
#3 58 31 6 12 55 48 46 2 18 23 37 47 50 16 
#24 16 19 19 12 18 48 7 25 44 7 55 66 17 5 
#70 21 5 57 15 45 33 37 23 54 9 3 59 27 37 
#70 65 26 39 15 8 28 37 21 68 25 55 15 10 37 
#70 24 40 65 3 45 28 7 21 1 32 55 14 36 53 
#70 24 40 39 12 57 28 51 3 18 3 3 14 27 53 
#8 24 23 0 3 33 28 46 44 18 23 20 66 17 16 
#24 12 50 57 12 55 28 7 10 1 7 55 66 15 25 
#70 21 23 57 3 45 28 37 25 1 46 3 14 10 5 
#70 21 5 6 3 8 40 46 44 1 8 3 4 21 37 
#70 58 40 65 13 45 28 51 10 68 8 3 14 26 13 
#70 24 23 65 16 10 48 51 25 18 8 3 66 56 37 
#8 58 23 65 29 18 18 46 44 54 8 20 66 26 25 
#18 12 40 6 23 55 21 30 21 68 10 55 14 15 4 
#70 21 23 57 12 10 28 51 44 44 46 40 59 27 37 
#70 58 5 65 15 9 48 46 44 1 8 32 4 21 37 
#70 58 23 65 3 18 48 51 54 68 8 52 66 17 13 
#70 21 50 32 15 10 22 30 3 58 8 3 26 56 5 
#70 24 0 65 15 18 18 51 21 1 8 3 4 26 53 
#24 21 49 6 13 57 21 30 15 9 9 55 66 17 1 
#3 16 23 6 20 14 48 46 43 1 9 40 59 17 48 
#70 21 26 65 13 55 48 30 25 23 10 32 66 10 37 
#47 24 49 57 29 57 48 51 3 9 31 52 28 17 44 
#70 21 23 32 15 33 28 30 3 54 9 55 15 10 5 
#70 58 0 6 15 45 48 21 23 44 25 32 66 21 37 
29 42 13 12 20 8 
6 40 19 46 37 16 
14 23 45 22 34 50 
59 56 28 51 49 38 
35 47 33 17 57 11 
25 3 39 18 24 26 
#Base: 903
#Max: 614
#679956
#Turn 6
#24 12 50 57 32 8 28 21 23 54 9 40 59 15 37 
#70 12 40 57 16 57 28 7 10 4 32 20 14 20 25 
#70 24 40 65 13 8 28 7 25 4 32 20 14 20 53 
#70 21 40 6 13 10 28 7 25 68 9 52 66 21 48 
#24 24 40 39 13 10 21 51 3 1 9 55 14 56 53 
#70 24 40 39 12 55 28 51 21 18 9 55 14 27 53 
#70 21 40 39 12 18 28 51 3 18 3 3 14 56 53 
#70 24 26 39 29 10 18 51 25 18 8 3 66 56 37 
#70 21 23 57 15 10 33 37 25 54 9 3 66 27 37 
#70 21 5 57 15 45 28 37 25 54 9 52 59 27 37 
#70 24 23 0 3 33 28 7 3 54 8 55 66 20 25 
#70 58 23 0 13 45 22 30 3 58 8 3 66 26 44 
#70 58 26 65 16 45 28 37 10 44 8 32 14 26 37 
#70 24 26 39 16 41 28 51 25 54 8 6 59 15 53 
#70 24 49 65 12 18 28 51 44 54 8 32 59 21 37 
#70 21 0 6 13 55 48 30 23 23 10 32 66 21 37 
#70 21 23 65 29 55 48 51 25 54 10 32 66 10 25 
#70 58 23 65 3 18 48 51 54 68 8 52 28 17 13 
#70 58 23 65 12 18 48 51 44 44 46 40 59 27 37 
#70 65 23 39 12 10 28 51 44 68 46 55 59 27 37 
#8 58 31 6 29 55 48 46 44 54 23 20 66 26 16 
#8 24 23 65 3 16 18 46 44 54 32 55 66 36 53 
#70 58 0 65 15 18 28 7 54 68 8 3 14 26 13 
#47 24 5 57 15 57 48 51 54 9 31 52 66 26 13 
#70 24 5 57 3 57 48 46 3 9 31 52 66 17 37 
#3 21 50 39 12 16 48 46 54 1 23 32 14 17 1 
#18 24 40 39 3 16 33 51 21 1 32 55 14 36 1 
#70 58 23 65 15 10 28 7 3 1 32 55 66 36 13 
#70 58 23 65 15 55 28 51 3 18 46 55 66 36 13 
#24 21 50 32 13 55 21 7 10 1 23 55 66 36 5 
#10 3 23 57 15 8 48 37 23 68 9 55 59 10 37 
#70 24 40 57 12 57 28 51 3 1 3 55 66 27 53 
#70 21 40 65 29 57 18 7 3 18 8 3 66 20 53 
#70 24 40 65 16 10 48 7 25 54 8 3 4 20 53 
#24 21 5 57 13 45 21 51 23 54 9 55 66 21 48 
#70 21 40 39 12 16 28 37 25 1 8 52 66 27 53 
#70 24 23 0 3 55 28 37 21 54 9 20 59 17 1 
#70 24 40 39 15 41 28 30 3 58 8 3 66 27 44 
#70 58 26 65 29 45 28 51 10 68 8 3 66 56 13 
#70 24 23 65 16 10 48 37 25 44 8 3 66 15 37 
#70 24 5 57 12 45 33 51 3 54 46 3 59 21 37 
#70 21 23 6 3 16 48 37 44 44 8 32 4 27 37 
#70 24 0 0 15 45 28 21 44 54 3 20 66 17 37 
#70 21 23 65 13 55 22 30 3 58 10 55 66 20 44 
#70 58 23 65 13 45 48 51 10 68 31 40 28 26 25 
#70 58 26 65 3 18 48 51 25 44 8 32 66 15 37 
#70 24 23 57 12 10 28 51 44 44 46 40 59 27 37 
#70 58 26 39 15 8 28 37 44 68 8 32 15 10 37 
#70 58 0 6 15 55 48 21 23 18 25 32 47 50 16 
#8 58 26 65 29 18 18 46 44 54 10 20 66 10 25 
#70 12 0 65 29 16 48 51 23 54 32 40 28 17 53 
#70 58 5 65 15 18 48 51 54 68 8 3 66 17 13 
#70 21 23 57 12 57 48 51 44 44 46 52 28 27 37 
#70 21 5 57 15 45 28 46 25 54 25 55 15 10 37 
#3 58 31 57 20 55 48 46 54 18 23 32 28 17 16 
#8 58 23 65 29 16 18 46 21 54 8 6 66 36 25 
#70 24 40 65 3 45 28 7 21 1 32 55 14 36 53 
#70 58 23 65 15 10 28 46 54 18 8 3 66 26 13 
#70 21 49 57 15 57 28 51 3 9 31 55 66 36 5 
#70 21 5 57 3 45 28 46 10 1 25 55 66 10 37 
49 59 12 50 13 32 
39 56 20 17 9 53 
27 40 51 52 44 57 
58 16 28 18 38 31 
37 24 43 19 45 23 
3 34 21 14 46 5 
#Base: 903
#Max: 642
#710963
#Turn 7
#8 21 26 57 29 45 28 46 10 54 25 55 66 10 37 
#70 58 5 57 16 45 28 37 10 1 8 55 66 26 37 
#70 58 26 65 16 45 48 37 23 44 32 32 14 17 53 
#70 24 26 65 16 16 48 51 25 54 32 6 59 17 53 
#70 21 40 65 16 57 18 51 3 54 8 3 59 20 53 
#70 24 23 65 16 10 28 37 21 1 32 3 14 15 37 
#8 24 31 65 3 55 48 46 44 1 23 55 14 36 16 
#70 58 31 65 3 18 48 51 54 68 8 52 66 26 13 
#70 21 5 57 15 18 48 51 54 68 8 52 59 17 13 
#70 21 5 57 15 45 28 46 25 54 25 55 59 27 37 
#70 24 5 57 15 45 33 51 3 54 46 3 59 36 37 
#70 24 5 57 12 18 33 51 54 54 46 3 66 17 13 
#70 21 5 57 15 18 48 51 44 44 46 3 28 17 37 
#70 58 23 57 13 45 48 51 44 44 46 52 28 26 37 
#70 58 23 65 15 10 48 46 54 68 31 40 28 26 13 
#70 21 49 65 15 55 48 51 3 54 10 32 66 36 25 
#70 58 23 65 15 55 48 51 3 18 10 32 66 10 25 
#70 58 23 65 12 55 28 51 3 18 46 55 66 27 37 
#70 58 23 65 12 45 28 51 10 68 46 40 66 27 37 
#70 24 26 65 29 57 28 51 10 1 3 55 66 27 13 
#70 24 5 39 15 41 48 46 3 9 8 3 66 27 37 
#70 24 23 57 3 55 48 30 3 9 10 52 66 17 44 
#70 65 23 65 12 55 22 51 3 58 10 55 59 20 44 
#70 58 23 39 3 18 28 51 44 44 8 55 66 27 37 
#70 58 5 65 15 18 48 51 54 44 8 32 66 26 13 
#70 21 40 6 13 45 21 7 23 54 9 52 66 21 48 
#24 21 23 57 13 16 21 46 44 54 9 55 66 21 53 
#70 24 23 65 12 16 28 46 44 54 32 32 59 36 37 
#70 24 23 65 12 10 28 51 44 54 8 32 59 21 37 
#70 24 23 57 12 55 28 51 44 18 46 40 14 27 37 
#8 24 23 65 16 10 48 37 44 54 8 20 66 15 37 
#70 21 40 65 3 45 28 7 10 1 32 55 66 36 37 
#8 58 26 6 16 55 48 46 44 54 23 32 14 26 37 
#70 12 23 65 29 18 48 51 23 68 32 52 28 17 53 
#70 24 5 57 16 45 28 37 25 54 8 52 59 27 53 
#70 21 5 65 15 57 18 7 3 18 8 3 66 20 53 
#70 24 23 65 16 10 28 37 25 1 8 3 66 15 37 
#70 24 5 57 12 45 28 7 21 54 32 3 14 36 37 
#70 58 31 6 29 55 48 51 54 68 8 20 66 17 16 
#70 58 23 65 3 57 48 51 54 68 46 52 28 27 37 
#70 21 5 57 13 45 28 37 10 54 9 52 59 26 25 
#70 21 23 57 15 45 28 46 54 18 25 55 15 26 13 
#70 21 23 65 15 10 28 7 3 9 31 55 66 36 13 
#70 24 5 57 12 55 33 51 25 54 10 3 66 21 25 
#70 58 5 65 15 55 28 51 3 18 8 55 66 17 13 
#70 58 23 65 12 57 48 51 44 44 46 52 59 27 37 
#70 58 23 65 13 45 48 51 10 68 8 40 28 56 25 
#70 24 40 57 15 57 28 46 54 1 8 55 66 26 13 
#70 21 49 39 15 41 28 51 3 9 8 55 66 36 44 
#70 21 23 65 29 57 48 51 3 54 10 32 66 17 37 
#70 21 23 65 13 55 22 51 3 18 10 55 66 36 13 
#70 58 23 39 12 10 28 51 44 44 46 55 59 27 37 
#70 58 26 65 3 45 48 51 10 44 8 32 66 15 37 
#70 24 40 57 15 57 28 51 3 9 3 55 66 27 13 
#70 21 40 6 15 41 28 30 3 68 9 52 66 27 44 
#24 24 5 57 13 45 21 46 3 9 31 55 66 17 37 
#70 21 23 65 13 55 18 46 3 58 32 55 66 20 53 
#70 24 23 39 12 18 28 51 44 54 46 55 59 21 37 
#70 24 26 57 12 10 28 51 44 44 46 32 59 15 37 
#47 24 5 39 15 57 28 51 21 18 9 52 66 26 13 
11 28 34 2 8 29 
48 10 9 17 27 58 
4 23 46 13 22 47 
33 15 7 45 18 51 
44 57 14 39 56 52 
19 3 24 38 49 16 
#Base: 903
#Max: 693
#767442
#Turn 8
#70 24 23 57 12 18 28 51 44 54 46 32 66 17 13 
#70 24 5 65 16 10 28 37 44 54 8 32 59 27 37 
#70 58 26 57 16 45 48 37 25 54 32 52 59 27 53 
#70 21 5 65 15 45 48 51 54 44 32 32 14 17 53 
#70 24 5 57 15 18 48 51 44 18 46 40 59 27 37 
#70 24 49 39 15 45 28 51 3 9 46 55 66 36 37 
#70 24 5 57 15 45 28 51 3 54 46 55 59 27 37 
#70 58 5 65 15 55 28 51 3 54 46 55 66 27 37 
#70 24 23 65 12 55 28 46 44 18 32 32 66 36 37 
#70 24 26 57 12 10 28 51 44 44 32 32 59 36 37 
#70 21 40 65 3 57 18 51 44 44 8 3 66 20 37 
#70 58 23 65 13 45 48 51 44 68 8 55 28 56 37 
#70 58 23 57 13 45 48 51 10 68 8 40 28 56 25 
#70 65 23 65 12 55 22 51 44 58 46 52 59 20 37 
#70 65 23 65 12 57 22 46 54 1 10 55 66 26 44 
#70 21 49 65 15 55 48 51 23 54 32 52 66 36 25 
#70 58 31 65 15 55 48 51 54 68 10 52 66 36 25 
#70 58 23 65 3 57 48 51 54 68 46 52 59 26 13 
#70 58 23 65 12 45 28 51 44 68 46 52 66 27 37 
#70 58 23 65 12 45 28 51 44 68 46 55 59 27 37 
#70 24 5 65 15 55 28 51 3 54 8 55 59 21 13 
#70 24 23 39 15 18 28 51 54 54 31 55 59 26 37 
#70 58 23 65 3 10 48 46 54 68 31 52 28 27 37 
#70 21 23 65 13 55 18 46 3 68 46 52 66 27 53 
#70 58 23 65 13 55 18 46 10 44 32 55 66 15 37 
#70 24 26 65 16 16 28 51 25 54 3 6 66 27 13 
#70 24 5 65 16 18 48 51 54 44 32 32 66 17 13 
#70 58 5 6 29 18 48 51 54 68 8 20 66 17 13 
#70 21 31 65 29 55 48 51 3 68 10 20 66 17 16 
#70 58 23 65 15 55 48 51 3 18 10 32 66 10 25 
#70 21 5 39 15 18 28 51 54 54 8 3 66 36 13 
#70 24 5 57 12 10 28 51 44 54 8 3 59 21 37 
#70 24 5 57 15 45 28 46 25 54 25 52 59 27 53 
#70 58 26 65 12 55 48 37 23 44 32 32 66 17 37 
#70 24 5 65 12 18 28 46 54 68 8 52 59 17 13 
#70 24 23 57 12 10 28 51 44 18 46 40 14 27 37 
#70 21 40 65 16 57 28 51 3 54 8 55 59 20 44 
#70 24 5 57 15 18 28 51 44 54 8 55 59 36 37 
#70 21 5 65 15 45 28 51 25 54 8 55 59 56 25 
#70 58 23 57 12 55 48 51 3 44 46 52 28 26 37 
#70 65 23 65 12 16 22 46 3 58 10 55 59 20 37 
#70 24 40 57 12 10 28 46 44 44 8 32 66 26 13 
#70 12 23 65 29 57 48 51 3 54 8 3 59 17 53 
#70 58 23 39 3 18 48 51 44 44 10 32 66 27 37 
#70 58 23 65 13 18 48 51 54 68 8 40 28 26 25 
#70 58 23 57 12 57 48 51 44 44 46 52 28 27 37 
#70 58 23 65 12 45 28 51 10 68 46 40 66 20 44 
#70 24 23 39 15 10 28 46 54 44 8 55 59 26 37 
#70 58 23 65 15 18 28 51 3 18 32 52 28 17 13 
#70 21 49 39 15 55 28 51 3 54 46 55 66 36 25 
#70 58 23 65 3 18 48 51 54 68 31 52 66 26 13 
#70 58 23 65 12 57 48 51 44 44 46 52 28 27 37 
#70 58 23 65 13 45 28 51 10 68 46 40 66 20 37 
#70 58 23 65 12 45 28 51 44 44 8 55 66 15 37 
#70 24 26 65 29 55 28 51 10 18 8 55 66 27 13 
#70 24 26 39 16 18 28 51 25 54 46 55 59 17 37 
#70 58 23 65 15 10 48 46 54 44 31 32 66 26 13 
#70 58 23 6 29 55 48 51 54 68 8 52 66 17 16 
#70 21 23 65 29 57 48 51 3 58 10 55 66 17 37 
#70 58 23 65 15 45 48 51 3 18 10 32 66 10 25 
28 5 12 22 24 38 
6 32 39 51 14 36 
8 49 15 13 11 58 
7 2 19 16 18 50 
21 53 52 17 45 33 
43 56 57 46 23 44 
#Base: 903
#Max: 704
#779623
#Turn 9
#70 24 49 65 29 55 28 51 3 9 10 20 66 17 16 
#70 58 49 39 15 45 48 51 3 68 8 55 66 56 25 
#70 58 23 65 13 45 48 46 10 68 31 40 28 27 37 
#70 58 23 65 3 55 18 46 10 44 31 55 66 27 37 
#70 58 5 65 13 45 28 51 10 44 8 55 59 15 37 
#70 24 5 57 15 45 28 46 25 54 46 55 59 27 37 
#70 24 23 57 12 45 48 46 3 44 25 52 28 26 53 
#70 58 23 57 12 55 48 51 44 44 46 52 28 27 37 
#70 58 23 65 12 57 48 51 44 1 46 55 28 27 37 
#70 21 23 65 16 57 22 51 54 1 10 55 59 26 44 
#70 24 49 65 15 55 28 51 44 18 46 55 66 36 25 
#70 21 49 65 15 55 28 51 23 54 32 55 66 36 25 
#70 21 49 65 12 55 22 51 23 54 32 52 66 20 25 
#70 58 23 65 13 45 48 51 44 58 8 52 28 20 37 
#70 21 23 65 13 45 48 51 44 68 10 55 66 56 37 
#70 58 26 57 16 45 48 37 3 54 32 52 59 27 53 
#70 58 23 65 12 45 48 51 44 54 46 55 59 27 37 
#70 58 31 65 12 55 48 51 44 68 10 55 59 36 25 
#70 58 23 65 15 45 48 51 44 68 46 52 66 27 37 
#70 58 23 65 3 18 28 51 54 68 31 52 66 27 13 
#70 58 23 65 15 45 28 51 54 54 8 55 66 26 37 
#70 58 23 65 13 45 28 51 10 44 8 40 66 20 37 
#70 58 23 65 3 57 28 51 54 68 46 52 66 20 13 
#70 58 23 65 12 57 48 51 44 68 46 52 59 27 37 
#70 58 26 57 12 57 48 37 44 44 46 32 66 27 37 
#70 58 23 39 15 10 48 46 54 44 10 32 66 26 13 
#70 58 23 65 29 55 48 51 54 44 31 52 66 17 13 
#70 58 23 6 29 55 48 51 54 68 8 40 66 20 16 
#70 21 23 65 13 55 18 46 10 68 46 52 66 27 53 
#70 21 23 65 13 18 48 46 3 68 8 40 66 27 53 
#70 21 5 65 29 45 48 51 3 54 10 20 59 27 16 
#70 24 49 57 15 45 28 46 3 9 46 52 59 27 37 
#70 58 23 57 13 45 48 51 3 68 8 40 28 26 25 
#70 58 23 65 12 57 48 51 44 44 31 52 28 27 37 
#70 65 23 65 12 55 18 46 54 1 32 55 66 26 44 
#70 21 40 65 16 45 28 51 25 54 8 55 59 20 25 
#70 24 23 65 12 55 28 51 44 18 46 32 66 27 37 
#70 24 5 39 15 55 28 51 25 54 25 52 59 36 53 
#70 21 49 57 12 55 48 51 23 44 46 52 66 36 37 
#70 58 23 65 12 55 48 51 44 44 46 52 28 27 37 
#70 58 23 65 12 45 48 46 44 1 8 55 66 26 44 
#70 21 23 65 29 57 48 51 3 58 10 55 66 17 37 
#70 24 23 65 12 55 28 51 44 54 46 32 66 27 37 
#70 58 26 39 15 45 48 51 3 54 46 52 66 36 25 
#70 58 49 65 15 55 48 51 44 68 32 55 59 36 37 
#70 58 31 65 15 55 22 51 54 68 46 52 66 36 37 
#70 58 23 65 13 45 28 51 44 68 8 55 28 27 37 
#70 58 23 65 3 57 48 51 3 68 31 55 66 17 37 
#70 58 23 39 15 18 28 51 54 54 46 55 59 27 37 
#70 58 23 65 16 45 48 51 44 54 32 52 66 27 53 
#70 58 23 65 12 45 28 51 44 68 46 55 66 27 37 
#70 58 31 65 15 57 48 51 54 68 46 52 66 26 25 
#70 58 23 65 12 57 28 51 44 68 46 52 28 27 37 
#70 58 23 65 3 55 48 51 54 68 31 52 66 17 37 
#70 58 23 39 3 18 28 51 54 44 31 55 66 26 37 
#70 58 23 65 15 45 48 46 54 44 8 32 66 26 37 
#70 58 23 65 13 55 48 51 10 68 8 52 66 20 16 
#70 58 23 65 12 57 28 51 54 68 46 40 59 26 13 
#70 58 23 65 13 55 18 51 3 44 46 52 28 27 53 
#70 58 23 65 13 18 48 37 23 44 32 32 28 26 25 
12 19 48 7 1 34 
13 43 10 16 20 55 
15 33 50 18 49 11 
57 53 23 44 45 38 
28 39 14 51 17 24 
46 47 22 26 52 42 
#Base: 903
#Max: 742
#821705
#70 58 49 65 3 18 28 51 54 68 31 52 66 27 13 
#70 58 23 65 15 18 28 51 54 54 31 52 59 27 13 
#70 58 23 39 12 18 48 51 44 44 46 55 59 27 37 
#70 58 49 39 12 45 48 51 3 44 46 52 66 27 37 
#70 65 49 39 12 45 18 51 54 1 8 55 66 26 44 
#70 58 23 39 15 45 48 51 44 54 8 52 66 36 25 
#70 24 26 39 15 45 48 51 44 18 46 55 66 36 25 
#70 24 23 65 12 55 48 51 44 18 46 55 66 36 25 
#70 58 23 65 12 45 28 51 54 54 46 55 59 26 37 
#70 58 23 65 15 45 48 51 54 54 8 55 66 26 37 
#70 58 23 57 16 45 48 37 3 44 31 52 28 27 53 
#70 58 23 65 12 45 28 51 44 68 31 55 28 27 37 
#70 58 23 65 12 45 48 51 44 68 46 55 66 27 37 
#70 58 23 65 16 45 48 51 44 68 46 52 66 27 53 
#70 21 49 65 15 55 48 51 44 54 32 52 66 36 25 
#70 58 23 65 3 57 48 51 54 68 31 52 66 26 13 
#70 58 23 65 12 57 48 51 44 68 46 52 59 17 37 
#70 58 49 65 15 55 48 51 44 68 46 55 59 27 37 
#70 58 31 65 15 55 22 51 44 68 32 55 66 36 37 
#70 58 31 57 12 55 22 51 23 44 46 52 66 36 37 
#70 58 23 65 13 55 18 46 44 44 46 52 28 27 53 
#70 21 23 65 13 55 48 51 44 44 10 55 28 56 37 
#70 21 23 65 15 45 48 51 44 68 46 55 66 26 25 
#70 58 31 65 15 55 48 51 54 68 10 52 66 26 25 
#70 58 26 65 12 55 48 51 44 44 46 32 66 36 25 
#70 58 23 65 13 45 28 51 44 68 31 55 28 27 37 
#70 58 23 65 3 57 48 51 3 68 31 55 66 20 13 
#70 58 23 65 29 55 48 51 54 68 46 52 66 20 13 
#70 58 23 65 12 55 48 51 54 44 31 52 28 27 13 
#70 58 23 65 12 55 28 51 44 54 46 52 66 27 37 
#70 58 49 65 12 55 22 51 44 58 8 52 28 20 25 
#70 58 26 65 15 18 48 51 3 54 31 52 66 36 13 
#70 58 23 39 15 55 28 51 54 18 46 55 59 36 25 
#70 58 23 65 12 55 48 51 44 54 46 55 59 27 37 
#70 58 23 65 15 45 48 51 54 68 8 55 66 56 25 
#70 65 23 65 12 45 18 46 54 1 8 32 66 26 44 
#70 58 26 57 16 45 48 51 44 58 8 52 59 27 53 
#70 58 26 39 15 45 48 51 44 54 31 52 28 36 37 
#70 58 23 65 12 45 28 51 44 18 46 55 66 27 37 
#70 58 23 65 15 45 48 51 44 68 46 52 59 27 37 
#70 58 23 65 15 45 48 51 54 54 32 52 66 27 53 
#70 58 23 65 15 45 48 51 23 54 8 55 66 36 25 
#70 58 26 65 16 57 48 51 3 54 32 52 59 26 13 
#70 58 23 65 3 55 48 51 54 44 31 52 28 17 37 
#70 58 23 65 12 45 48 51 44 68 46 55 66 27 37 
#70 58 23 65 15 55 48 51 44 68 46 52 66 36 37 
#70 58 23 65 16 55 22 51 54 68 46 52 66 36 53 
#70 21 49 65 12 55 48 51 23 54 32 55 66 36 37 
#70 21 23 65 13 55 28 51 10 68 46 40 66 27 53 
#70 58 23 65 12 55 48 51 54 68 46 52 28 27 37 
#70 58 23 65 13 45 48 51 44 68 10 52 66 56 37 
#70 58 31 65 15 55 48 51 44 68 32 55 66 36 25 
#70 58 31 65 15 55 22 51 54 68 10 55 59 36 37 
#70 58 26 57 12 57 48 51 44 44 46 52 66 36 37 
#70 58 23 65 13 45 28 46 10 68 46 55 28 27 37 
#70 58 23 65 12 57 48 51 44 68 31 55 28 17 37 
#70 58 23 65 3 57 48 51 54 68 10 52 66 20 13 
#70 58 31 65 29 57 48 51 54 44 46 52 66 26 25 
#70 58 23 65 12 57 28 51 44 68 46 55 59 36 25 
#70 24 23 65 12 57 48 51 44 54 46 32 66 27 37 
#Base: 903
#Max: 747
#827243
