#[0] 3, 3
#[1] 4, 3
#[2] 3, 4
#[3] 3, 2
#[4] 2, 3
#[5] 2, 4
#[6] 1, 3
#[7] 2, 2
#[8] 3, 1
#[9] 4, 4
#[10] 5, 3
#[11] 3, 5
#[12] 4, 2
#[13] 3, 0
#[14] 5, 4
#[15] 4, 5
#[16] 5, 2
#[17] 4, 1
#[18] 0, 3
#[19] 1, 4
#[20] 2, 1
#[21] 1, 2
#[22] 2, 5
#[23] 0, 4
#[24] 5, 1
#[25] 0, 2
#[26] 5, 5
#[27] 1, 5
#[28] 2, 0
#[29] 1, 1
#[30] 4, 0
#[31] 0, 5
#[32] 1, 0
#[33] 0, 1
#[34] 5, 0
#[35] 0, 0
#Turn 0
48 5 41 4 50 46 
28 40 8 51 44 24 
20 45 35 37 52 25 
0 43 38 34 58 53 
23 33 15 12 56 42 
22 18 30 36 21 1 
#Base: 885
#Max: 356
#402260
#Turn 1
#31 9 39 15 1 28 24 29 24 12 26 54 1 36 11 
#39 10 39 10 44 14 14 8 31 29 47 5 13 24 18 
#1 43 3 19 58 14 37 8 5 23 12 41 46 3 18 
#11 43 24 24 58 19 11 10 13 25 12 19 10 3 13 
#5 8 45 22 2 19 10 10 13 25 12 34 5 46 25 
#42 27 34 10 25 19 37 10 37 8 14 32 31 4 37 
#44 37 34 10 19 19 7 30 37 3 14 45 10 13 37 
#44 37 10 39 19 4 7 30 36 12 18 0 27 13 42 
#8 4 46 25 39 4 1 2 8 12 4 7 27 24 60 
#4 47 32 34 43 22 7 2 29 22 16 41 1 29 25 
#5 0 10 35 22 56 20 10 5 14 33 16 57 21 6 
#5 30 1 0 37 56 25 10 26 10 33 16 26 25 42 
#10 30 1 0 7 10 14 7 23 10 30 3 26 7 12 
#1 21 31 31 7 48 14 1 0 12 25 17 49 61 12 
#1 16 31 31 23 44 9 23 0 24 25 17 44 20 4 
#28 36 9 14 4 13 10 14 23 10 11 7 49 0 34 
#8 1 1 36 9 13 3 14 12 61 26 5 52 0 34 
#8 22 14 36 9 19 1 18 12 61 27 14 12 50 1 
#9 22 14 19 7 19 28 29 14 30 6 4 29 10 15 
#32 9 5 5 27 47 14 20 29 33 21 4 64 64 28 
#36 23 13 7 21 57 7 8 19 16 7 1 21 28 3 
#29 24 35 7 23 11 36 8 17 51 7 1 0 34 64 
#37 24 12 22 53 4 21 57 18 0 6 16 0 16 7 
#14 1 47 11 12 4 21 57 18 44 15 57 29 6 13 
#42 5 47 3 7 10 23 6 16 44 0 57 17 22 46 
#41 38 34 1 23 2 3 10 26 14 7 35 22 27 19 
#33 38 18 52 1 20 38 14 26 13 4 3 13 27 37 
#15 24 10 52 9 20 15 4 23 13 23 3 2 7 33 
#58 4 8 29 38 29 14 4 34 23 8 26 21 47 13 
#58 46 8 5 4 25 33 4 23 38 24 26 37 47 13 
#31 28 15 15 29 47 24 10 24 3 19 32 31 36 14 
#38 9 39 10 1 28 12 29 30 8 47 45 13 26 11 
#1 37 10 39 19 14 7 30 31 23 18 0 46 24 42 
#11 43 46 25 58 17 37 26 5 12 2 7 10 3 13 
#8 8 45 51 29 21 17 2 13 25 22 41 50 29 25 
#28 1 11 34 2 22 10 24 13 30 16 34 5 46 42 
#26 27 26 20 22 47 20 16 16 3 19 32 57 17 6 
#38 0 10 10 25 19 12 10 5 8 33 45 31 4 15 
#44 30 1 39 19 6 7 7 36 10 18 0 10 25 42 
#16 16 46 25 7 7 1 4 23 12 30 3 27 7 12 
#8 4 31 6 18 48 9 1 0 6 25 41 50 61 25 
#4 16 32 21 8 44 7 31 13 24 24 33 44 20 4 
#26 4 2 12 4 35 20 46 36 8 24 14 49 20 6 
#8 36 9 14 28 56 10 10 5 10 33 5 18 0 15 
#9 1 1 36 9 22 3 7 12 10 33 5 12 25 42 
#9 0 35 60 7 19 14 29 23 74 30 14 29 10 12 
#9 21 31 31 23 47 28 20 0 6 25 4 64 10 0 
#42 16 1 21 27 44 14 14 29 33 24 7 44 64 4 
#36 6 13 30 18 57 32 46 23 26 24 21 49 28 5 
#8 36 35 14 21 11 36 8 17 10 7 1 52 0 37 
#37 1 12 36 23 1 3 18 25 4 6 7 0 16 64 
#9 1 10 19 7 4 21 29 14 0 7 43 29 10 7 
#9 5 47 5 12 47 28 20 6 44 6 4 17 10 15 
#42 16 3 7 7 31 23 6 16 1 0 7 8 64 46 
#41 40 34 7 18 2 3 37 19 16 7 35 21 28 19 
#29 38 52 7 21 11 36 8 17 7 4 1 1 34 37 
#37 38 12 22 23 1 29 26 25 4 50 3 0 26 33 
#14 24 10 11 53 4 15 57 23 0 23 43 21 6 13 
#11 5 47 5 12 25 14 13 34 23 15 26 26 47 13 
#42 16 32 7 4 22 23 6 23 1 0 53 37 1 2 
55 50 31 33 36 32 
7 0 6 40 11 26 
1 17 24 23 48 9 
46 21 29 19 47 2 
5 16 28 45 13 10 
56 22 57 34 53 8 
#Base: 885
#Max: 414
#467797
#Turn 2
#37 38 52 36 21 1 3 18 25 4 4 1 1 34 37 
#37 1 12 10 23 28 12 18 25 4 47 45 13 16 11 
#11 43 46 25 1 17 37 29 30 12 47 45 13 26 11 
#26 43 26 25 58 47 20 26 16 12 19 32 57 3 6 
#1 27 10 20 22 47 20 30 31 23 19 32 57 24 6 
#44 37 10 39 19 4 7 29 24 12 26 0 27 36 42 
#31 9 39 15 19 19 7 30 24 12 14 45 1 36 37 
#8 4 31 6 19 19 7 1 37 6 25 45 50 13 37 
#5 30 31 6 37 48 9 1 26 10 33 16 50 61 25 
#5 38 18 0 1 56 38 14 26 13 4 3 13 25 42 
#39 22 14 36 44 19 14 18 31 29 27 5 12 24 18 
#42 5 14 3 9 10 23 18 16 61 0 14 17 50 1 
#42 5 47 3 7 10 21 6 18 44 15 57 17 6 46 
#14 1 13 30 18 4 21 46 23 26 24 57 49 28 5 
#4 6 13 30 18 22 32 46 23 22 24 21 1 28 25 
#9 21 35 7 23 11 28 20 0 6 25 4 0 10 64 
#58 46 8 5 4 11 33 8 23 38 24 1 37 47 13 
#32 9 5 5 4 47 14 20 29 33 21 26 64 47 28 
#32 9 5 5 27 44 14 14 29 33 21 4 44 64 4 
#1 16 1 19 27 14 14 14 5 33 24 41 44 3 4 
#8 27 34 36 25 19 3 10 37 8 14 5 31 4 34 
#58 4 1 29 38 13 3 4 12 23 8 26 21 47 34 
#58 0 35 29 38 19 14 29 34 23 8 14 21 47 12 
#1 0 35 31 7 19 14 1 23 12 25 17 49 61 12 
#1 0 10 31 22 48 20 1 5 12 33 17 57 21 12 
#37 24 12 22 53 1 29 57 25 0 50 16 0 26 7 
#37 24 12 22 53 4 15 57 23 0 23 43 21 16 13 
#8 8 45 51 53 4 15 57 23 0 22 43 50 6 13 
#8 8 45 51 29 21 17 2 16 25 22 41 50 29 46 
#42 16 3 25 7 31 1 6 16 12 4 7 8 24 60 
#29 38 52 39 21 4 7 8 17 12 4 0 1 34 42 
#31 9 39 36 23 1 3 29 24 4 26 54 1 36 11 
#38 9 39 10 19 19 7 29 30 3 47 45 13 26 37 
#11 43 31 25 58 17 9 1 0 6 25 41 10 61 25 
#5 30 26 0 22 56 25 10 16 3 19 16 57 17 6 
#1 37 10 39 1 14 7 14 31 23 4 0 13 27 42 
#39 10 39 10 19 14 14 8 31 12 18 5 27 13 18 
#31 22 39 36 1 28 1 29 24 12 27 14 1 50 1 
#44 5 47 3 19 19 7 30 37 44 0 45 10 22 46 
#8 4 47 11 18 48 9 1 18 44 15 57 29 6 13 
#5 30 1 30 18 57 25 46 26 26 33 16 49 25 5 
#4 38 18 34 1 22 38 14 26 22 16 3 13 27 25 
#9 21 31 10 23 47 14 20 31 6 25 4 13 10 18 
#8 24 35 36 23 11 1 18 17 61 7 1 0 50 1 
#42 46 8 3 4 10 33 6 23 38 24 57 17 47 13 
#32 1 5 5 12 4 21 57 29 33 21 4 64 6 13 
#36 6 13 30 27 57 32 46 23 33 24 7 44 28 5 
#4 47 3 19 43 22 37 8 5 22 16 41 1 3 25 
#42 21 34 10 25 19 37 20 37 6 25 32 31 4 37 
#8 1 1 7 23 11 3 8 17 61 7 1 52 0 64 
#58 46 8 29 4 29 33 4 23 38 24 26 37 47 13 
#32 9 5 60 27 19 14 29 23 74 21 14 64 10 12 
#42 16 1 21 27 48 14 1 0 12 24 17 49 61 4 
#5 43 10 35 22 56 20 10 5 23 33 16 57 3 6 
#42 38 34 22 25 19 29 10 25 4 50 3 0 4 37 
#37 1 1 22 53 4 3 57 12 0 26 16 52 0 7 
#58 4 10 29 38 4 14 57 34 23 8 43 21 6 13 
#9 0 45 51 29 19 17 29 13 25 30 14 50 10 25 
#1 21 3 7 7 48 14 6 16 1 25 7 49 61 12 
#8 0 46 25 39 4 20 2 5 14 4 7 27 24 60 
34 23 13 18 55 21 
58 4 22 28 2 57 
32 53 17 8 33 26 
40 46 50 51 3 44 
43 12 38 27 56 16 
54 45 52 25 49 39 
#Base: 885
#Max: 419
#473446
#Turn 3
#5 30 26 31 7 56 25 1 16 3 25 16 57 17 12 
#1 1 35 30 18 4 14 46 23 12 25 17 49 61 5 
#32 9 13 5 27 4 21 14 23 33 24 4 44 64 5 
#32 1 1 22 53 4 3 14 12 0 21 4 44 0 4 
#37 4 1 22 38 13 3 57 12 0 26 16 52 47 7 
#1 21 10 20 7 47 14 6 16 23 25 32 49 24 6 
#1 0 10 29 38 19 20 29 31 23 19 14 21 24 12 
#8 0 35 51 29 19 14 29 34 25 22 14 50 29 46 
#11 8 45 25 1 17 17 29 16 12 22 45 50 29 11 
#11 43 46 25 1 17 37 29 13 12 47 45 50 10 25 
#5 43 10 10 19 56 20 29 5 23 33 16 13 26 6 
#5 43 5 5 4 47 20 10 5 23 21 16 57 47 28 
#32 30 5 6 37 48 14 20 29 10 21 16 50 61 28 
#11 30 31 25 58 48 9 1 0 10 33 16 10 61 25 
#11 43 12 22 58 4 15 1 23 0 25 41 21 16 25 
#5 30 1 30 27 57 32 46 26 33 33 16 49 25 5 
#36 46 13 30 27 29 32 4 23 38 24 26 44 28 13 
#58 9 8 29 4 29 14 4 23 74 21 26 64 47 12 
#32 9 5 60 27 47 20 26 16 74 19 14 64 3 12 
#42 46 26 3 4 47 33 26 16 38 19 32 17 47 13 
#42 24 47 36 23 11 21 18 17 61 15 57 0 6 1 
#42 5 47 3 7 19 21 30 18 44 0 45 10 22 46 
#44 8 45 3 19 4 15 57 23 0 22 43 50 6 46 
#8 4 45 51 53 4 15 57 23 23 8 43 50 6 13 
#58 4 10 29 4 11 14 8 23 23 24 43 21 6 13 
#32 38 34 22 12 19 21 10 29 4 21 4 64 6 37 
#42 1 5 21 12 48 14 57 0 33 24 17 64 6 13 
#37 16 12 22 53 1 14 57 25 12 24 17 49 26 4 
#37 24 1 7 53 1 3 57 25 61 7 1 52 26 7 
#8 4 47 7 23 11 9 8 18 44 15 1 29 0 13 
#5 21 26 7 22 56 25 10 16 1 19 16 57 17 6 
#1 0 10 31 22 47 14 1 31 23 25 17 57 61 6 
#14 1 35 29 38 4 14 46 23 26 8 14 21 47 5 
#32 9 5 51 27 21 17 14 16 25 21 41 44 29 46 
#11 1 46 25 1 4 3 57 12 12 47 16 13 26 7 
#9 4 45 29 38 19 3 29 12 23 8 14 50 47 34 
#38 21 3 7 7 48 14 6 16 1 25 45 13 61 37 
#1 27 10 20 22 56 20 10 31 23 19 32 57 3 6 
#32 9 35 5 4 47 14 29 34 33 21 14 64 47 12 
#5 30 31 6 29 48 17 1 16 25 33 41 50 61 46 
#11 43 31 25 1 17 37 1 30 12 47 41 13 26 25 
#37 0 12 22 29 4 15 57 23 0 30 43 21 10 25 
#38 9 39 10 19 57 7 29 26 3 33 16 13 26 37 
#36 6 13 35 22 57 20 10 23 33 24 7 57 3 5 
#58 9 8 29 4 47 14 20 23 33 21 26 37 47 13 
#32 30 31 6 37 48 9 1 23 10 33 16 64 61 25 
#11 43 26 25 58 17 20 1 0 12 25 41 10 61 6 
#42 24 12 3 53 10 15 57 23 0 23 43 17 47 13 
#5 24 1 30 23 11 25 46 17 26 33 1 0 25 1 
#36 5 13 30 7 57 21 6 23 33 15 57 44 6 46 
#44 46 47 3 19 29 33 4 37 44 24 45 37 22 46 
#8 9 5 60 53 4 15 57 23 74 21 43 64 6 12 
#58 4 26 29 58 47 20 26 34 23 19 32 57 6 6 
#58 46 8 5 4 10 33 6 23 38 24 1 17 47 13 
#8 24 35 22 25 19 1 18 17 61 50 1 0 4 37 
#32 1 5 3 12 10 21 6 29 33 15 57 17 6 13 
#44 16 47 21 19 48 7 1 37 44 0 17 49 22 4 
#37 8 12 22 53 4 29 57 23 0 22 16 0 6 13 
#58 4 10 7 23 4 14 57 17 61 8 43 52 0 13 
#58 4 47 5 18 11 9 8 23 38 15 1 37 47 13 
11 43 44 47 7 21 
16 36 19 45 13 4 
33 56 23 52 39 46 
38 58 50 51 17 49 
1 26 20 18 28 12 
59 31 9 22 15 27 
#Base: 885
#Max: 480
#542373
#Turn 4
#36 43 5 35 22 57 20 10 23 33 24 7 57 47 28 
#58 6 13 35 4 57 14 10 23 33 24 7 37 47 13 
#42 9 8 3 4 47 15 57 23 0 21 26 17 47 13 
#42 24 12 3 29 19 14 57 34 0 23 43 50 29 46 
#8 0 35 3 29 19 14 30 18 44 0 14 50 22 46 
#36 46 13 30 7 48 32 6 16 38 25 45 44 61 13 
#38 46 3 3 4 48 14 26 16 1 19 32 13 47 13 
#42 46 26 6 4 47 9 1 23 10 19 32 64 47 13 
#11 30 31 25 37 48 9 1 0 10 33 16 64 61 25 
#37 30 1 25 38 48 3 57 0 10 26 16 52 61 7 
#44 16 47 21 27 21 7 14 37 44 0 17 44 29 4 
#44 4 45 51 53 48 7 1 37 23 0 17 50 22 4 
#58 4 26 51 53 47 15 26 34 23 8 32 50 6 6 
#5 30 31 29 29 48 20 26 34 23 19 32 50 6 6 
#11 30 31 6 58 48 17 1 0 12 33 41 10 61 6 
#32 9 35 7 23 47 14 29 17 33 8 14 52 0 13 
#58 4 10 3 19 29 33 57 17 61 24 43 37 22 13 
#8 9 5 3 19 29 33 4 23 44 24 45 37 6 12 
#58 9 8 60 4 29 14 57 23 74 21 26 64 47 12 
#58 9 13 29 4 57 21 6 23 33 21 57 64 47 12 
#1 1 35 30 12 4 14 46 0 33 24 17 49 6 5 
#42 1 5 21 23 48 21 18 0 61 24 17 0 6 1 
#42 9 5 36 23 11 21 26 17 61 19 57 0 6 1 
#37 24 5 60 27 1 20 57 16 61 19 1 52 26 7 
#37 30 5 6 37 48 14 57 29 61 7 16 52 26 28 
#1 4 10 5 22 47 9 1 23 23 15 1 37 61 6 
#1 43 10 31 1 17 14 1 31 12 47 45 50 61 25 
#44 43 45 25 19 4 15 29 23 0 22 43 50 6 25 
#44 30 45 3 27 57 15 57 26 0 22 16 49 6 46 
#37 16 12 22 53 57 32 46 25 12 24 16 49 26 4 
#5 46 5 30 4 47 32 4 23 23 24 16 57 28 28 
#36 21 13 35 7 57 14 6 23 33 25 45 13 3 5 
#42 46 8 3 4 47 14 20 23 33 21 26 17 47 13 
#42 30 12 3 53 10 15 1 23 10 23 16 17 61 13 
#8 30 31 51 29 48 9 1 0 25 22 14 10 29 46 
#37 5 47 3 7 19 21 57 18 44 0 45 52 47 7 
#32 9 13 30 27 29 32 14 23 38 21 26 44 28 46 
#44 21 47 21 7 48 14 1 16 44 25 17 49 22 4 
#42 4 45 3 53 4 15 26 23 38 19 43 50 47 13 
#58 4 26 6 37 47 9 26 34 23 19 32 64 6 6 
#11 30 31 25 29 48 9 1 16 25 33 41 50 61 46 
#11 43 1 25 58 13 3 1 12 12 26 16 10 47 7 
#32 9 5 5 4 21 17 14 34 25 21 14 44 29 12 
#58 16 47 21 23 48 14 57 37 61 8 17 52 0 4 
#44 4 47 3 19 29 33 4 23 44 24 43 50 22 13 
#8 9 5 29 53 4 20 57 23 23 19 32 57 6 6 
#58 30 8 29 29 48 17 1 23 25 33 41 64 61 12 
#11 43 26 30 7 57 21 1 23 12 25 57 10 61 46 
#32 1 35 30 18 47 14 46 23 12 25 17 49 47 12 
#42 1 5 7 23 4 14 57 0 33 24 17 64 6 13 
#44 46 47 36 23 11 33 4 37 61 15 45 37 6 1 
#32 9 5 60 53 47 15 26 23 74 19 43 64 3 12 
#58 24 8 7 53 1 3 57 25 74 7 26 52 26 12 
#32 30 5 30 37 48 14 6 29 33 15 57 50 61 28 
#58 4 35 5 18 4 9 8 23 38 15 17 37 61 13 
#42 1 10 31 12 47 14 57 31 33 25 17 64 6 13 
#11 43 46 25 1 11 37 18 13 61 15 45 50 6 25 
#32 9 5 3 27 47 15 26 23 74 19 43 50 6 12 
#37 24 1 30 53 57 3 46 26 33 33 16 49 25 7 
#37 30 12 6 53 48 14 57 25 10 24 16 50 61 4 
48 44 3 58 8 7 
14 39 11 53 0 57 
56 35 59 52 19 38 
40 24 46 18 43 50 
26 9 12 51 28 23 
1 29 16 5 47 55 
#Base: 885
#Max: 506
#571751
#Turn 5
#44 4 35 3 18 29 14 4 23 44 25 17 50 22 12 
#42 24 12 3 19 29 14 4 23 44 24 43 50 22 13 
#37 24 1 30 29 57 3 57 34 33 33 16 49 25 7 
#37 24 1 30 37 57 3 1 26 33 33 16 49 25 7 
#11 30 31 25 37 48 9 1 0 10 19 16 64 47 25 
#11 30 31 6 37 48 17 26 34 23 19 32 64 61 6 
#58 4 45 6 53 47 7 26 34 23 0 17 64 6 4 
#44 30 5 30 37 48 7 1 37 33 15 57 50 61 28 
#36 30 5 35 37 48 20 6 29 33 24 7 50 61 28 
#36 43 5 35 22 57 20 26 23 74 24 43 50 47 12 
#37 43 46 3 7 19 37 18 18 61 0 45 52 6 25 
#37 5 47 6 7 19 21 57 18 10 0 45 52 47 4 
#37 24 12 7 53 1 3 57 25 10 24 16 50 61 4 
#58 9 8 29 4 1 3 6 25 74 7 57 52 47 12 
#42 4 45 3 4 57 21 6 23 33 19 43 64 47 13 
#37 30 5 25 29 48 9 57 16 61 33 41 50 26 46 
#37 30 5 29 37 48 14 57 29 25 7 16 52 61 12 
#58 30 8 29 29 29 14 1 23 25 33 26 64 47 12 
#58 16 47 60 23 48 14 57 23 74 8 17 64 47 4 
#44 46 47 36 23 48 33 4 37 61 8 45 52 0 1 
#1 43 1 25 1 17 3 1 31 10 47 16 52 61 25 
#37 30 1 25 53 48 3 26 0 10 26 16 50 6 6 
#32 9 5 51 53 47 15 26 34 23 19 32 50 3 6 
#44 30 45 3 53 57 15 26 23 74 19 16 64 3 12 
#37 24 45 60 27 1 15 57 16 61 22 16 52 26 7 
#37 6 13 22 53 57 14 46 25 33 24 7 49 26 13 
#58 16 12 3 53 57 33 46 17 61 24 43 37 22 4 
#58 4 10 3 19 29 32 57 17 61 24 45 37 22 13 
#11 46 26 30 7 48 32 6 23 12 25 57 44 61 13 
#42 1 10 30 7 57 14 1 23 12 25 17 10 61 46 
#32 30 31 30 58 47 14 1 0 12 33 17 49 47 6 
#44 4 26 6 19 47 9 4 23 44 24 32 50 6 13 
#42 24 12 51 29 19 14 57 34 0 0 43 50 29 46 
#32 24 5 30 37 48 14 6 26 33 33 16 50 25 28 
#11 43 5 35 22 48 9 10 23 33 33 7 57 47 28 
#42 9 5 6 4 47 9 26 23 74 19 32 64 6 13 
#11 43 31 6 1 11 17 1 13 12 33 41 10 61 6 
#58 4 26 6 7 47 21 57 34 23 19 32 52 6 7 
#37 30 12 6 53 48 14 57 37 23 0 16 50 61 4 
#58 30 5 7 53 48 3 57 29 33 15 26 50 61 28 
#36 9 5 35 22 57 20 10 23 33 24 57 64 47 28 
#42 9 45 3 53 47 15 26 23 38 19 43 50 6 13 
#11 43 46 25 1 48 37 1 13 25 15 41 50 6 46 
#37 5 5 6 37 19 21 57 29 44 0 45 52 26 7 
#37 30 8 29 29 48 17 1 25 25 33 16 64 61 12 
#58 9 8 60 53 1 14 57 23 74 7 26 64 47 12 
#58 16 47 21 4 57 14 6 37 61 21 57 64 47 4 
#44 46 47 36 53 11 33 26 37 61 15 45 37 47 1 
#11 30 10 31 1 17 9 1 16 25 33 41 50 61 25 
#37 30 1 25 38 48 14 57 0 10 7 16 52 26 7 
#58 4 26 29 53 47 17 1 34 23 8 32 50 61 6 
#32 9 5 60 53 29 14 26 23 74 19 43 64 47 12 
#58 16 47 3 27 57 15 57 26 0 8 17 49 0 46 
#44 24 47 36 27 11 20 4 37 61 15 45 52 26 1 
#1 6 13 35 4 17 14 1 31 12 24 7 50 47 25 
#37 16 12 22 38 57 32 46 0 12 24 16 52 26 7 
#58 4 26 3 53 47 15 57 17 23 24 32 50 6 6 
#32 9 5 60 53 47 32 6 23 38 25 43 64 3 12 
#44 30 45 30 7 57 21 1 23 12 22 57 10 61 46 
#37 1 10 31 27 47 14 57 31 33 25 17 52 6 13 
25 10 28 16 14 41 
6 44 53 39 52 8 
56 32 23 51 9 13 
58 15 47 18 46 7 
2 50 24 45 19 57 
17 5 38 26 40 27 
#Base: 885
#Max: 560
#632768
#Turn 6
#37 43 46 22 53 57 37 46 25 61 0 7 49 26 13 
#37 43 46 3 7 48 37 6 23 61 0 45 52 61 25 
#11 30 5 30 37 48 32 57 23 12 25 16 44 61 12 
#37 30 45 29 4 48 14 6 23 33 19 16 64 61 13 
#42 4 45 3 4 57 15 6 23 33 19 43 50 6 13 
#37 4 8 29 29 47 7 26 25 23 33 17 64 6 12 
#44 24 8 36 27 11 17 1 25 61 33 45 64 26 12 
#58 30 5 7 27 11 3 57 37 33 15 26 50 61 1 
#58 30 47 7 53 48 15 57 29 0 8 17 50 0 28 
#36 16 5 35 27 48 20 57 29 0 8 7 50 61 46 
#58 4 26 51 53 47 15 57 34 23 0 32 50 6 46 
#42 24 12 51 29 57 15 26 23 0 19 16 64 29 12 
#32 9 45 3 53 29 14 26 23 74 19 16 64 47 12 
#32 43 5 35 22 57 14 26 23 74 19 43 50 47 12 
#36 9 8 35 22 1 20 26 25 74 7 43 50 47 12 
#44 30 5 25 29 57 21 1 16 61 33 57 50 61 46 
#44 46 5 36 29 11 9 57 16 61 15 41 37 26 1 
#58 16 47 60 53 11 14 57 23 61 8 45 37 47 4 
#58 16 47 60 4 57 14 6 23 74 21 17 64 47 4 
#58 30 5 21 37 57 14 6 37 33 21 57 64 47 4 
#37 4 26 29 53 47 3 1 34 33 8 16 50 25 6 
#37 24 26 29 53 47 15 57 16 23 8 32 52 26 7 
#37 9 8 60 27 1 15 57 23 74 22 16 52 47 12 
#44 9 47 36 53 1 14 57 37 61 8 26 64 0 1 
#44 9 47 60 53 48 32 6 23 38 8 43 64 0 12 
#58 30 31 29 29 29 14 26 23 25 33 32 64 47 12 
#37 30 31 6 37 48 17 26 37 23 19 16 50 61 6 
#37 16 12 6 53 57 14 57 37 61 24 43 50 22 4 
#58 9 5 3 53 57 33 46 17 33 24 43 37 47 28 
#58 4 10 3 22 29 20 10 23 33 24 45 64 47 28 
#37 4 45 22 53 47 14 46 25 33 24 17 64 6 13 
#37 30 46 29 29 19 37 1 25 25 0 16 52 61 12 
#11 46 47 30 7 11 32 4 23 61 25 45 52 61 1 
#58 30 5 29 37 48 3 57 29 25 15 26 50 61 12 
#58 4 45 3 27 57 15 57 23 33 8 43 49 47 46 
#36 9 5 35 37 47 15 6 29 38 19 7 50 61 13 
#58 4 45 6 53 47 7 57 34 23 24 17 50 6 4 
#37 24 8 51 29 19 17 1 25 25 33 43 64 29 46 
#44 30 47 3 27 57 20 26 23 61 15 45 64 26 12 
#32 30 5 7 53 48 3 57 23 33 15 43 64 61 28 
#58 16 47 3 22 57 15 26 23 74 8 43 50 0 46 
#36 9 5 35 4 48 3 6 29 74 24 57 52 61 28 
#44 4 26 3 53 57 21 1 23 12 24 57 10 61 6 
#42 30 5 51 29 48 9 57 16 61 33 43 50 29 46 
#44 30 47 36 53 57 33 26 23 61 15 16 37 3 12 
#32 16 5 60 23 29 14 26 23 74 8 17 64 47 4 
#58 16 47 35 4 57 14 26 23 74 24 43 64 47 12 
#58 9 5 29 37 48 3 1 37 74 7 57 52 61 12 
#37 30 45 30 7 57 21 1 23 12 33 57 10 61 46 
#58 30 5 25 29 47 9 57 34 23 33 32 50 26 6 
#37 46 47 60 53 11 33 26 37 61 22 16 37 26 7 
#58 16 8 60 23 1 14 57 23 74 7 17 64 47 4 
#44 46 47 36 4 57 14 4 37 61 8 45 52 47 1 
#32 9 5 60 37 47 32 1 23 33 25 43 64 61 28 
#37 24 8 29 29 29 3 57 34 33 33 16 64 25 7 
#11 4 26 6 53 47 17 26 34 23 8 32 64 61 6 
#37 24 12 6 27 1 14 57 16 23 0 16 50 26 7 
#58 9 8 3 53 1 33 57 23 61 7 43 64 47 4 
#44 9 47 36 23 57 33 4 23 33 8 45 52 0 28 
#32 4 10 60 19 47 32 57 17 38 25 45 37 22 12 
9 49 33 24 28 25 
8 48 38 47 19 22 
12 27 34 18 0 41 
40 52 15 46 43 39 
32 13 1 17 50 53 
45 44 57 10 51 23 
#Base: 885
#Max: 549
#620339
#Turn 7
#36 30 5 25 27 47 20 57 34 0 8 7 50 26 6 
#58 30 5 29 29 47 3 57 34 23 33 26 50 26 6 
#44 9 47 60 37 48 3 6 23 25 8 26 64 0 12 
#58 9 47 60 53 48 32 46 23 33 24 43 64 47 28 
#58 9 5 3 29 57 33 46 17 25 24 43 64 47 12 
#37 30 47 7 7 48 21 1 23 0 33 17 50 61 46 
#44 30 47 3 27 57 20 1 23 61 33 45 10 26 46 
#58 9 5 29 27 57 20 26 23 74 15 45 64 26 12 
#58 30 5 21 37 57 3 1 37 74 21 57 52 47 12 
#37 9 5 21 37 1 14 6 37 74 22 57 52 47 12 
#37 16 45 3 53 57 14 57 23 74 24 43 50 47 4 
#37 16 45 6 53 57 15 57 23 61 24 43 50 22 46 
#58 16 45 3 27 57 15 57 23 33 21 17 64 47 46 
#37 43 47 22 53 57 37 46 23 61 0 17 64 47 13 
#36 43 46 35 4 48 37 46 29 61 0 7 49 26 13 
#58 16 47 3 4 57 14 4 37 74 8 43 52 0 46 
#44 30 5 36 29 57 14 4 37 61 8 45 50 61 1 
#44 16 5 25 29 57 14 1 23 61 33 43 50 61 46 
#58 16 47 51 4 57 9 26 23 61 24 43 64 47 12 
#42 30 5 7 29 48 9 57 23 33 33 43 50 61 28 
#32 46 47 35 22 11 32 26 23 74 19 43 52 47 12 
#37 43 5 35 7 48 14 26 23 74 0 45 52 47 12 
#37 43 46 3 7 11 37 6 23 61 0 45 37 47 4 
#37 16 47 60 53 11 33 57 23 61 22 45 37 47 7 
#32 9 5 60 37 47 32 1 23 33 22 43 37 61 7 
#32 16 47 60 53 29 14 26 23 74 15 17 64 47 4 
#44 9 8 3 53 1 33 26 23 61 15 16 37 3 4 
#58 9 26 3 53 47 33 57 23 61 7 43 64 47 46 
#58 4 26 51 23 1 15 57 23 23 7 17 50 47 4 
#44 9 8 60 53 1 14 57 37 74 8 17 64 0 4 
#36 30 47 7 27 48 15 57 29 0 8 17 50 0 28 
#58 30 45 25 7 47 21 57 34 12 33 32 50 26 46 
#44 30 47 29 27 57 3 57 23 61 15 26 64 26 12 
#44 9 47 29 53 48 3 6 23 74 7 57 52 61 12 
#58 9 5 21 53 57 14 6 37 33 21 43 64 47 28 
#58 9 8 29 27 1 15 57 23 25 22 16 52 47 12 
#32 9 45 7 53 48 14 57 23 0 19 17 50 47 28 
#37 16 12 6 7 57 21 1 37 61 24 57 50 61 4 
#58 30 47 3 27 57 15 57 23 33 15 45 49 26 46 
#58 16 47 60 37 57 14 1 23 74 21 57 64 47 12 
#58 30 46 21 53 57 37 6 37 33 21 7 49 47 13 
#37 9 5 60 27 1 15 6 29 74 22 16 52 47 28 
#58 16 45 3 22 29 15 26 23 74 19 43 50 47 46 
#37 46 12 36 53 57 14 4 37 61 24 45 52 47 4 
#58 30 45 3 27 57 15 57 23 61 33 43 49 47 46 
#58 16 47 35 4 57 14 6 23 74 21 17 64 47 12 
#37 30 5 22 53 57 37 46 25 61 33 43 50 26 13 
#32 9 5 35 4 48 3 57 29 74 24 43 64 61 28 
#58 46 47 30 7 11 15 26 23 74 8 45 50 0 1 
#44 46 47 35 22 57 14 26 37 61 8 43 50 47 12 
#44 43 5 25 7 57 21 6 16 61 33 57 50 61 46 
#58 16 47 60 53 57 14 57 23 61 24 43 64 47 4 
#37 46 47 51 53 48 33 26 16 61 22 16 50 26 7 
#32 9 5 7 37 48 3 1 23 33 15 43 64 61 28 
#11 16 5 60 23 29 32 26 23 74 8 17 64 61 1 
#32 43 5 35 22 57 33 26 23 61 19 43 37 47 12 
#58 9 8 3 53 48 37 6 23 61 0 43 52 47 25 
#58 16 26 51 53 47 15 57 34 61 8 32 37 47 4 
#58 46 8 60 53 1 14 26 37 61 22 17 64 26 7 
#32 9 5 36 53 1 14 57 23 61 25 43 64 0 28 
56 16 42 38 31 19 
7 45 8 23 47 17 
58 25 11 27 13 32 
33 10 44 51 39 49 
34 12 50 3 57 46 
55 20 43 18 52 40 
#Base: 885
#Max: 628
#709605
#Turn 8
#44 9 5 36 53 48 14 4 23 61 8 45 52 47 1 
#58 16 5 36 22 57 14 26 23 74 8 45 50 47 46 
#58 16 45 3 22 57 15 57 23 33 19 43 49 47 46 
#58 30 47 3 7 47 15 57 34 12 33 32 50 26 46 
#58 30 45 25 7 47 9 57 23 33 33 32 50 61 46 
#58 9 5 29 4 57 14 6 23 74 21 45 64 47 12 
#58 16 47 35 37 57 3 1 37 74 21 57 52 47 12 
#58 30 47 60 53 57 33 1 23 61 21 57 37 47 12 
#37 16 47 35 4 11 33 57 23 61 22 43 64 61 28 
#44 9 5 25 4 57 3 1 23 74 33 43 64 61 46 
#58 46 8 60 53 1 14 26 37 61 22 17 64 26 7 
#37 16 45 60 53 29 14 26 23 61 15 17 50 22 4 
#37 16 26 6 53 57 33 57 23 61 7 43 64 22 46 
#37 9 26 22 53 47 33 46 23 61 0 17 64 47 13 
#37 30 47 29 53 57 3 46 23 61 0 26 64 47 13 
#44 9 45 29 53 57 3 6 23 74 24 43 52 47 12 
#58 16 45 3 53 57 14 57 23 61 24 43 49 47 46 
#58 16 47 60 27 57 14 57 23 61 24 43 64 47 46 
#58 16 47 60 37 57 14 57 23 61 24 57 64 47 4 
#44 46 47 35 37 57 14 26 23 74 21 57 50 47 12 
#58 16 45 3 27 57 15 57 23 33 21 43 64 47 28 
#58 16 45 3 27 57 21 6 23 61 33 57 64 61 46 
#44 43 5 25 7 57 32 46 16 33 24 43 50 61 46 
#58 9 26 60 53 47 32 57 34 61 8 32 37 47 4 
#58 16 5 51 53 57 15 46 34 61 8 32 50 47 13 
#32 46 5 35 22 11 33 26 23 74 19 43 37 47 12 
#32 46 47 36 53 57 32 26 37 74 19 43 52 47 4 
#58 46 12 51 53 57 9 4 37 61 24 45 64 47 4 
#37 16 47 51 4 48 33 26 23 61 22 43 64 26 7 
#58 30 47 21 53 57 37 26 37 61 22 7 49 26 7 
#58 9 5 29 53 57 37 26 23 74 0 45 52 47 25 
#58 30 47 36 29 57 14 6 23 61 8 45 50 47 1 
#58 30 5 21 22 57 3 26 23 74 19 57 50 47 12 
#58 16 47 60 53 57 15 57 23 33 15 45 49 26 7 
#32 30 5 25 7 48 3 57 29 12 24 32 64 61 46 
#44 30 5 7 29 48 9 1 23 33 33 43 50 61 46 
#58 46 8 29 27 57 14 26 23 61 22 45 64 26 12 
#58 16 47 35 4 29 14 6 23 74 21 17 64 47 12 
#58 30 5 21 53 57 15 1 37 61 21 57 52 22 12 
#37 16 47 60 53 47 33 57 23 61 7 43 37 47 46 
#37 9 47 22 4 57 37 46 29 61 0 43 64 61 28 
#44 30 5 25 29 57 3 1 23 61 33 43 50 26 46 
#44 46 47 60 53 1 3 6 23 61 22 57 52 61 12 
#37 16 45 3 53 29 14 26 23 74 15 17 64 47 4 
#58 30 45 6 53 57 15 57 23 61 33 43 50 22 46 
#58 16 26 60 53 57 14 57 23 61 7 43 64 47 46 
#37 43 47 60 37 57 14 1 23 61 21 17 64 47 13 
#44 30 47 35 27 57 3 57 37 61 15 43 50 47 12 
#58 9 47 29 53 57 14 6 23 74 21 43 52 61 28 
#37 16 45 3 53 57 15 57 23 33 24 43 64 47 4 
#44 30 5 3 27 57 15 6 23 61 33 57 50 61 46 
#58 16 47 60 53 48 14 46 23 61 24 43 64 47 28 
#58 16 26 60 53 57 15 57 34 74 8 32 37 47 4 
#37 30 47 35 53 57 14 26 37 61 8 43 50 26 12 
#58 43 5 21 22 57 33 6 23 61 19 43 64 47 12 
#58 46 47 35 27 11 32 26 23 33 21 43 52 47 46 
#44 46 5 36 7 57 21 4 16 61 33 57 50 61 46 
#58 16 47 60 4 48 9 26 23 33 24 43 64 47 28 
#37 46 26 51 53 48 15 57 16 61 8 16 50 47 7 
#37 30 46 22 53 57 37 46 37 33 21 7 50 47 13 
22 53 8 6 40 14 
59 58 55 44 12 30 
29 42 7 39 26 24 
27 16 18 17 51 52 
20 4 48 45 19 47 
2 56 33 21 23 46 
#Base: 885
#Max: 644
#727684
#Turn 9
#44 43 5 25 53 57 32 26 16 61 24 43 50 26 46 
#37 30 47 35 4 57 14 57 37 61 8 43 50 26 28 
#37 16 47 35 4 57 33 1 37 61 21 57 64 61 28 
#37 9 47 35 4 57 37 46 29 61 0 43 64 47 12 
#37 30 47 22 53 57 3 46 23 61 0 26 64 47 28 
#37 46 46 22 53 48 37 57 37 61 21 7 50 47 7 
#37 46 26 51 27 48 32 57 23 33 21 43 50 47 46 
#58 30 45 35 27 57 32 57 23 61 21 43 52 22 46 
#58 30 26 6 53 57 15 57 23 61 7 43 64 22 46 
#37 9 26 29 53 57 33 57 23 61 0 45 52 47 25 
#58 30 47 21 53 57 3 26 37 61 22 57 52 26 12 
#44 46 47 60 53 57 33 1 23 61 21 57 37 47 12 
#37 16 47 60 53 47 33 57 23 61 7 43 37 47 12 
#32 16 47 36 53 57 33 26 23 74 19 43 52 47 4 
#32 46 5 36 53 57 32 26 34 61 19 43 52 47 4 
#58 46 45 51 53 57 9 57 37 61 24 43 64 47 46 
#58 16 47 60 53 57 14 57 23 61 24 57 64 47 4 
#58 16 47 60 37 57 14 57 23 61 24 43 64 47 4 
#58 16 47 60 27 48 14 57 23 61 24 43 64 47 46 
#58 16 26 60 53 57 15 57 34 61 24 43 64 47 28 
#58 30 45 25 27 57 9 57 23 33 21 43 64 47 28 
#58 9 47 29 53 47 9 57 23 74 33 43 50 61 28 
#58 16 47 29 53 57 14 57 23 61 21 43 52 47 28 
#58 16 26 60 37 57 14 57 23 74 7 57 64 47 12 
#44 30 47 35 37 57 14 57 37 61 21 57 50 47 12 
#44 16 5 36 22 57 15 4 23 61 33 43 50 47 46 
#44 46 5 36 7 57 21 4 16 61 15 45 50 61 46 
#58 16 45 3 27 57 15 57 23 61 15 57 64 26 7 
#58 9 45 3 27 47 32 57 34 61 8 32 64 47 46 
#37 9 26 60 37 47 14 57 23 61 21 17 37 47 13 
#37 30 46 22 53 57 37 46 37 33 21 7 50 47 13 
#37 30 47 51 53 57 14 57 16 61 8 16 50 47 12 
#37 16 47 35 4 11 32 57 23 61 21 43 52 61 28 
#58 16 47 35 37 57 3 1 37 61 33 43 50 47 46 
#37 16 26 6 53 57 33 46 23 61 0 43 64 61 46 
#37 9 47 29 53 57 3 46 23 74 0 26 64 47 13 
#58 30 46 22 53 57 37 26 37 33 22 7 49 47 13 
#37 46 26 60 53 1 15 6 23 61 22 57 50 61 12 
#58 46 47 60 27 57 33 1 23 33 21 43 52 47 12 
#37 30 47 60 53 57 33 57 23 61 7 43 50 22 46 
#37 46 47 6 53 57 32 26 37 61 7 43 52 47 46 
#58 9 5 51 53 57 15 46 23 74 0 32 50 47 13 
#58 46 12 51 53 57 9 4 37 61 24 45 49 47 7 
#44 16 45 3 53 1 14 6 23 61 22 57 52 47 12 
#58 30 47 60 53 57 33 1 23 61 24 57 64 47 4 
#37 16 47 60 53 47 14 57 23 61 24 43 37 47 46 
#32 46 47 60 53 57 14 26 37 74 24 43 52 47 4 
#58 16 26 51 53 57 15 46 34 74 8 32 50 47 13 
#58 46 12 3 27 57 15 4 37 33 24 45 64 47 28 
#58 16 45 3 53 57 9 57 23 33 33 43 50 47 46 
#58 9 47 60 37 57 14 6 23 61 21 57 64 61 28 
#58 16 47 60 27 57 14 57 23 61 24 43 64 47 46 
#44 16 47 60 37 48 14 26 23 61 21 43 64 47 28 
#58 30 26 60 53 57 15 57 37 74 15 32 50 47 4 
#58 16 45 3 27 57 15 57 23 33 19 43 49 47 28 
#44 30 5 25 7 47 21 4 23 33 33 32 50 61 46 
#58 9 47 29 53 57 14 57 23 33 21 43 49 61 7 
#58 16 26 60 53 57 14 57 23 61 7 43 64 47 46 
#44 9 26 35 53 47 32 57 34 74 21 32 37 47 4 
#37 30 47 35 37 57 3 1 23 61 15 43 64 47 13 
0 56 20 40 47 34 
10 8 52 57 50 28 
33 11 21 16 39 12 
22 45 18 15 19 24 
13 6 53 51 7 17 
38 5 23 46 44 49 
#Base: 885
#Max: 698
#788701
#44 9 5 29 53 57 32 57 16 61 21 43 49 26 46 
#58 9 47 25 53 57 9 57 23 33 21 43 49 47 28 
#37 46 45 6 53 57 9 26 37 61 21 43 52 47 46 
#58 16 47 51 53 57 15 26 34 61 7 32 50 47 46 
#37 16 26 6 53 57 33 46 34 74 8 43 64 61 46 
#58 30 26 21 53 57 3 26 23 61 7 57 64 22 46 
#58 30 26 6 37 48 15 26 23 61 21 43 64 47 28 
#58 16 47 60 53 48 14 57 23 61 7 43 64 47 28 
#58 9 47 60 53 57 14 6 23 61 7 57 64 47 28 
#58 9 45 3 27 57 32 6 23 61 21 32 64 61 46 
#58 16 47 60 37 57 33 1 23 61 21 57 37 47 46 
#44 46 47 60 53 57 9 57 23 61 21 57 50 47 28 
#58 9 47 60 53 47 9 57 23 74 33 43 50 61 28 
#58 30 47 60 53 57 14 57 23 61 7 57 50 22 46 
#37 30 47 60 53 47 33 57 23 61 7 43 37 22 12 
#58 16 47 60 53 47 14 57 23 61 24 43 37 47 46 
#37 16 47 60 53 47 14 57 23 61 24 43 64 47 46 
#58 16 45 51 27 57 9 57 23 61 24 43 64 47 46 
#58 46 45 60 53 57 9 57 34 61 24 43 64 47 46 
#44 30 47 35 53 57 14 57 37 61 24 57 50 47 28 
#32 46 47 51 27 48 33 26 23 33 21 43 50 47 46 
#37 30 26 51 27 48 32 57 37 33 21 43 50 47 46 
#58 16 26 60 27 57 15 57 23 61 24 43 64 47 4 
#58 16 45 35 27 57 32 57 23 61 24 43 52 22 46 
#58 16 45 60 27 57 32 57 23 61 24 43 64 22 46 
#37 46 47 22 27 48 33 57 23 61 21 7 52 47 7 
#37 16 26 60 53 57 14 57 37 61 21 57 50 47 7 
#32 46 26 60 53 57 14 57 37 74 24 57 52 47 12 
#58 30 47 60 53 57 33 26 23 74 24 43 64 47 4 
#58 16 45 60 53 57 33 1 23 61 33 43 50 47 4 
#44 43 5 21 53 57 3 26 37 61 22 57 52 26 46 
#58 30 47 29 53 57 14 57 23 33 21 43 64 22 7 
#58 16 45 25 37 57 9 57 23 61 21 43 64 47 28 
#37 46 47 60 53 57 14 26 37 61 7 43 64 47 46 
#58 9 26 51 53 57 14 46 23 61 21 57 50 47 28 
#37 16 26 6 53 47 33 57 23 61 0 43 64 47 46 
#58 30 47 35 53 57 3 1 37 61 33 57 50 26 12 
#58 46 47 60 53 57 15 1 23 61 21 57 64 47 12 
#44 9 47 60 37 48 9 57 23 61 33 43 64 47 28 
#58 16 26 60 53 57 14 57 23 61 24 43 64 47 4 
#37 9 47 60 37 57 14 57 23 61 7 57 50 61 46 
#58 16 45 3 27 47 33 57 23 61 8 43 64 47 12 
#58 16 47 35 53 57 14 1 23 61 33 43 52 47 46 
#37 16 47 60 53 57 14 57 23 61 24 43 37 47 12 
#58 16 47 60 53 47 9 57 23 74 33 43 64 61 46 
#58 16 47 60 53 57 14 57 23 61 24 43 64 47 46 
#58 30 47 60 53 57 15 57 23 61 7 43 50 22 46 
#44 16 47 35 53 57 14 57 37 61 7 43 50 47 12 
#58 16 47 36 53 57 14 57 23 61 19 43 52 47 28 
#37 16 47 51 53 47 14 57 23 33 21 43 37 47 46 
#58 16 26 60 53 57 14 57 23 74 15 43 50 47 46 
#58 16 47 51 53 57 14 57 37 61 24 43 64 47 46 
#58 16 26 35 27 57 32 57 34 61 24 43 52 22 28 
#44 16 47 60 37 57 14 57 23 61 21 57 64 47 12 
#32 46 47 60 53 57 33 26 23 74 21 43 52 47 4 
#37 46 46 51 27 48 32 57 37 61 21 43 50 47 46 
#58 16 26 60 53 57 15 57 37 74 7 57 64 47 4 
#32 16 47 60 53 57 14 57 23 61 24 43 64 47 46 
#58 30 45 60 53 57 33 57 23 61 21 57 64 22 46 
#58 16 45 60 53 57 14 57 23 33 33 43 64 47 46 
#Base: 885
#Max: 704
#795480
