#[0] 3, 3
#[1] 4, 3
#[2] 3, 4
#[3] 3, 2
#[4] 2, 3
#[5] 2, 4
#[6] 1, 3
#[7] 2, 2
#[8] 3, 1
#[9] 4, 4
#[10] 5, 3
#[11] 3, 5
#[12] 4, 2
#[13] 3, 0
#[14] 5, 4
#[15] 4, 5
#[16] 5, 2
#[17] 4, 1
#[18] 0, 3
#[19] 1, 4
#[20] 2, 1
#[21] 1, 2
#[22] 2, 5
#[23] 0, 4
#[24] 5, 1
#[25] 0, 2
#[26] 5, 5
#[27] 1, 5
#[28] 2, 0
#[29] 1, 1
#[30] 4, 0
#[31] 0, 5
#[32] 1, 0
#[33] 0, 1
#[34] 5, 0
#[35] 0, 0
#Turn 0
52 39 56 48 29 16 
0 46 24 3 59 9 
11 34 42 35 6 12 
47 25 10 36 58 23 
21 45 32 22 26 30 
40 19 49 5 43 28 
#Base: 909
#Max: 353
#388339
#Turn 1
#11 10 26 40 25 5 6 1 18 8 1 39 33 1 42 
#25 10 29 32 28 40 16 1 39 40 1 39 9 30 7 
#20 17 37 40 44 6 16 13 2 4 11 40 9 32 57 
#20 46 1 15 32 6 7 13 26 4 6 16 14 25 57 
#0 40 14 48 32 52 20 13 14 16 21 30 37 27 13 
#9 14 13 17 11 36 35 31 3 20 31 18 48 31 6 
#7 17 30 10 11 11 30 48 50 20 26 5 20 43 19 
#11 24 10 23 66 1 31 48 17 3 13 7 20 4 16 
#11 24 10 23 22 29 3 49 43 19 8 7 13 22 17 
#20 1 25 7 22 29 8 8 39 20 23 5 24 10 17 
#4 23 16 12 18 29 26 22 17 19 39 7 10 59 37 
#4 23 2 37 34 1 47 15 12 11 16 7 10 59 37 
#12 2 5 5 48 21 3 15 10 8 16 7 31 21 34 
#1 2 5 54 9 8 3 15 10 22 14 13 2 2 34 
#1 15 9 54 6 8 5 7 1 23 5 46 2 2 12 
#5 3 14 20 11 14 23 39 31 56 62 1 14 48 3 
#3 30 14 27 8 10 3 24 3 18 47 21 14 48 3 
#3 30 10 27 37 11 19 12 37 18 10 15 71 1 6 
#3 6 10 9 9 11 21 26 4 18 8 15 13 63 4 
#17 33 26 47 8 61 12 42 17 4 1 36 13 63 7 
#37 54 1 8 24 8 41 29 1 30 7 24 9 25 21 
#13 27 45 12 8 8 55 39 42 3 6 24 10 9 21 
#10 8 6 12 8 18 22 39 11 3 16 14 4 11 37 
#10 8 8 23 18 18 2 75 17 17 16 14 4 31 7 
#8 32 4 33 11 39 2 41 17 17 12 18 29 31 7 
#2 12 50 18 40 22 14 21 50 45 13 27 30 14 35 
#7 8 54 36 35 22 30 8 0 9 13 32 30 11 31 
#7 8 54 36 35 20 17 45 0 6 5 32 3 1 31 
#3 11 18 32 38 15 17 44 6 6 42 54 29 5 35 
#43 20 5 32 38 15 8 13 6 26 42 8 23 40 5 
#37 42 13 40 6 36 3 12 14 8 31 18 48 31 6 
#52 14 30 32 32 40 6 1 3 40 1 43 25 0 19 
#25 14 29 4 28 14 31 9 2 3 11 5 9 30 10 
#20 17 37 15 44 1 7 13 7 19 8 16 28 32 18 
#8 46 25 7 32 52 20 16 26 43 21 7 14 22 28 
#20 40 14 17 30 8 42 13 39 20 5 5 24 27 21 
#9 42 13 17 18 29 35 22 14 16 39 18 48 31 8 
#4 23 14 10 34 1 26 15 3 20 22 7 25 0 19 
#12 59 10 4 30 21 47 48 8 3 13 5 20 43 20 
#7 24 5 5 66 71 3 15 10 19 14 13 28 29 34 
#24 15 25 7 22 8 8 50 43 43 15 2 13 22 12 
#47 44 9 17 6 3 5 8 26 23 23 46 24 10 21 
#31 5 16 12 11 14 33 39 17 19 39 6 14 44 12 
#4 19 14 37 8 3 26 15 7 11 47 7 14 59 3 
#3 30 2 9 37 10 47 7 3 18 10 21 5 10 6 
#3 2 5 5 9 11 19 12 37 22 14 13 72 1 34 
#5 6 1 47 50 8 21 26 1 4 8 2 13 63 4 
#17 44 9 1 8 61 12 7 26 23 15 36 9 10 24 
#37 54 1 29 33 14 41 39 1 8 7 11 14 25 14 
#13 19 45 20 24 8 55 29 42 3 47 1 14 48 3 
#10 30 28 12 37 40 56 39 11 18 45 21 71 11 12 
#10 8 10 20 18 11 22 75 11 18 5 15 4 1 6 
#5 32 1 23 50 5 21 26 4 17 8 1 29 31 7 
#17 33 26 1 37 61 12 41 17 5 1 18 9 38 7 
#37 54 12 18 40 9 14 18 50 30 3 17 8 14 14 
#13 1 50 20 24 22 30 8 0 45 13 27 30 9 35 
#7 27 54 12 8 8 17 39 11 9 45 32 3 11 31 
#5 8 6 20 18 20 17 44 11 6 52 14 4 14 37 
#5 32 1 23 11 39 2 13 17 26 12 8 29 5 7 
#43 20 5 33 37 22 4 13 20 7 21 18 23 40 5 
3 43 51 54 6 20 
26 1 30 25 34 10 
56 21 2 49 38 48 
53 17 15 50 39 46 
36 23 31 19 28 7 
55 27 45 4 11 47 
#Base: 909
#Max: 441
#485149
#Turn 2
#20 46 1 15 8 3 26 15 26 11 47 7 14 25 3 
#4 8 14 37 8 3 22 15 11 11 47 7 4 59 6 
#37 54 12 18 40 11 22 18 11 18 3 15 8 1 14 
#37 54 30 10 40 9 30 18 50 30 26 17 20 43 19 
#37 17 1 10 11 11 30 29 50 30 26 24 20 43 21 
#25 8 29 32 35 22 16 8 0 40 13 32 9 30 7 
#25 42 29 40 28 40 16 12 39 40 1 39 48 30 7 
#37 42 13 40 6 22 3 12 50 8 31 18 48 31 35 
#2 12 50 7 32 22 20 21 50 45 21 27 30 22 35 
#8 23 25 7 18 29 26 22 26 19 39 7 14 22 28 
#7 27 54 12 8 8 55 39 11 9 45 24 10 9 31 
#20 17 37 40 44 6 16 13 2 4 6 24 9 32 21 
#13 19 45 40 44 6 16 29 2 3 11 1 9 32 57 
#13 19 10 4 24 8 47 29 42 3 47 1 20 48 3 
#37 59 1 4 33 14 41 39 8 3 13 5 20 43 14 
#3 33 26 1 37 11 12 41 17 18 10 18 9 1 7 
#5 3 14 20 11 14 19 12 37 18 10 1 71 1 6 
#10 3 28 20 11 14 56 39 31 18 62 1 71 48 12 
#10 30 28 12 37 71 56 15 11 18 14 21 28 11 12 
#5 6 1 5 50 71 3 26 10 4 8 2 28 29 34 
#9 8 8 23 18 29 35 22 17 16 39 18 4 31 7 
#10 8 30 23 18 18 6 75 17 17 16 43 4 31 7 
#17 14 26 47 8 40 12 42 3 40 1 36 25 0 19 
#3 33 18 47 38 61 12 44 6 6 42 54 29 5 35 
#3 24 18 23 66 1 17 48 6 3 13 7 20 5 16 
#7 1 54 36 35 20 17 8 0 6 5 27 30 1 31 
#3 8 54 36 9 11 17 45 37 6 14 13 3 1 34 
#3 40 5 48 32 11 20 13 37 16 14 13 37 1 34 
#0 40 14 48 32 1 47 15 12 11 21 7 10 59 13 
#4 23 2 1 34 1 12 7 26 11 16 36 9 10 24 
#7 46 54 36 32 22 30 8 0 4 6 32 14 25 31 
#25 19 29 37 28 40 16 15 7 40 1 7 14 30 3 
#10 42 13 40 6 36 22 12 14 18 5 15 4 1 6 
#2 54 50 18 40 9 14 21 50 45 13 27 30 14 35 
#7 17 30 10 11 52 30 16 50 20 26 5 20 22 28 
#4 54 16 12 18 29 41 22 17 30 39 24 10 59 21 
#7 27 54 36 8 22 17 8 0 9 45 32 30 11 31 
#25 27 29 32 28 40 16 1 39 3 1 24 10 30 21 
#37 42 13 40 44 36 3 12 2 4 11 18 9 31 57 
#13 19 45 20 24 22 55 21 50 45 47 1 14 48 3 
#8 59 25 7 32 52 20 16 26 3 21 5 14 43 28 
#4 54 16 12 33 14 41 39 1 8 39 7 10 25 37 
#7 33 26 12 37 8 12 41 11 5 1 32 9 11 7 
#13 30 45 27 8 8 55 12 42 3 10 24 10 1 6 
#5 3 37 40 11 14 16 39 2 4 11 40 9 48 3 
#13 30 45 20 24 40 56 29 42 3 47 1 14 48 12 
#12 24 5 4 66 21 3 15 10 19 14 5 20 43 34 
#5 54 1 29 50 14 21 39 1 8 8 11 13 25 14 
#9 42 13 1 37 29 12 41 17 16 1 18 48 31 8 
#3 30 8 27 18 18 19 75 37 18 10 14 71 1 7 
#5 3 14 20 32 14 23 39 3 40 62 1 25 0 3 
#10 33 26 47 37 61 56 42 17 18 1 36 71 63 7 
#3 11 5 5 38 15 17 44 10 19 14 54 28 29 35 
#5 6 10 23 66 8 21 26 17 4 8 7 13 63 4 
#13 42 50 20 24 22 35 22 0 16 13 18 48 9 35 
#10 8 8 36 18 20 2 45 17 6 16 32 3 31 31 
#3 14 30 5 32 11 6 1 3 22 14 13 25 1 19 
#0 40 26 47 8 61 20 42 17 4 21 30 37 27 13 
#4 23 2 32 34 1 47 15 6 11 16 7 29 5 35 
#11 44 10 1 8 61 31 48 26 23 13 36 9 4 24 
24 52 30 21 12 4 
50 22 14 33 19 13 
36 28 6 39 45 53 
38 18 49 51 23 35 
46 40 7 17 3 59 
34 54 10 57 8 41 
#Base: 909
#Max: 525
#577558
#Turn 3
#3 11 5 5 38 15 17 44 10 3 13 7 28 5 35 
#7 11 54 36 32 22 17 44 0 4 6 54 28 25 35 
#10 46 54 23 18 22 6 8 0 17 6 32 14 31 7 
#10 8 30 23 44 18 6 75 2 17 16 43 9 32 7 
#13 19 1 40 44 11 16 29 50 30 11 1 9 32 21 
#5 3 26 47 32 14 23 39 3 40 62 36 25 0 19 
#37 59 1 47 8 14 41 42 3 40 13 36 20 0 14 
#2 54 1 18 40 9 14 39 50 45 13 27 20 14 14 
#5 6 50 5 50 9 14 21 10 45 13 27 30 14 35 
#13 19 1 4 24 71 3 29 10 4 47 2 28 48 34 
#7 40 14 48 8 22 17 8 12 9 45 32 30 59 13 
#0 40 14 48 28 40 16 15 39 11 1 39 10 30 13 
#25 42 29 20 24 40 55 12 50 45 47 39 14 30 7 
#13 30 45 20 24 22 56 21 50 3 47 1 14 48 3 
#5 6 45 23 24 40 56 29 42 3 8 1 14 48 12 
#10 30 13 40 44 71 56 12 11 4 14 21 9 31 57 
#10 30 8 12 37 71 19 75 37 18 14 21 71 11 7 
#3 30 8 27 37 18 19 42 17 18 10 14 71 63 7 
#10 33 18 47 38 61 56 42 6 6 1 36 71 5 35 
#3 33 16 47 18 29 12 44 6 30 39 54 29 59 21 
#8 59 25 7 32 21 20 15 10 19 14 5 20 43 34 
#37 59 25 40 6 52 3 12 26 3 31 18 14 43 35 
#10 42 28 20 6 22 3 39 50 18 62 1 48 31 35 
#37 54 30 10 40 14 56 18 31 18 26 1 20 43 19 
#11 54 10 1 8 61 31 18 50 30 26 17 20 4 19 
#13 17 50 20 11 52 35 16 50 16 26 18 20 22 28 
#7 42 54 20 8 8 55 22 0 9 13 24 48 9 31 
#7 27 26 12 8 8 20 42 11 9 45 24 10 27 31 
#0 12 50 7 8 61 20 42 17 45 21 27 37 27 35 
#2 54 50 7 32 14 20 39 50 45 21 7 10 22 35 
#5 3 18 20 66 1 17 48 3 40 13 1 25 5 3 
#17 14 26 5 38 15 12 42 10 40 1 54 25 29 19 
#7 59 1 4 33 22 30 39 8 3 6 5 20 25 31 
#2 8 50 18 18 9 6 75 17 45 13 27 4 14 35 
#13 6 1 40 50 6 3 29 10 3 8 2 28 29 57 
#13 17 10 10 24 11 30 29 50 3 26 24 20 48 3 
#5 3 54 20 8 14 23 8 3 9 62 1 30 11 31 
#0 40 14 47 32 1 47 15 12 40 21 7 10 59 19 
#25 42 1 4 33 14 16 39 8 40 13 39 48 30 14 
#13 19 45 20 24 9 14 21 50 45 47 1 30 48 3 
#5 30 45 20 50 40 56 29 42 4 47 1 28 29 34 
#5 6 10 23 66 8 21 26 17 3 47 1 13 63 4 
#7 27 54 36 8 22 3 12 0 4 11 18 9 31 57 
#0 40 28 12 37 1 56 15 11 18 14 7 28 11 13 
#25 42 29 27 28 18 19 75 37 18 10 14 71 1 7 
#10 19 45 20 37 61 55 21 17 18 47 1 71 63 7 
#3 30 18 20 38 61 12 29 6 6 47 1 29 5 35 
#4 54 10 12 66 8 21 22 17 4 39 24 10 63 4 
#12 42 13 40 44 36 3 12 2 4 11 5 20 31 34 
#8 30 28 12 37 71 56 16 26 3 21 5 28 11 28 
#3 42 8 27 18 18 19 75 50 18 31 14 71 31 7 
#10 33 28 20 11 61 56 39 17 18 62 36 71 48 7 
#3 33 30 10 38 61 30 44 50 6 42 17 29 43 35 
#11 44 10 1 8 29 41 22 17 30 13 24 9 4 21 
#7 17 30 4 11 21 30 16 50 20 26 5 20 43 28 
#8 59 50 20 24 52 35 16 0 3 21 18 14 9 28 
#7 42 54 40 8 8 55 39 11 8 31 24 10 9 35 
#0 40 28 47 11 14 20 42 17 18 62 30 37 27 12 
#2 54 50 10 40 22 30 18 50 30 21 17 30 43 35 
#11 54 10 12 8 61 31 39 26 23 13 7 9 25 24 
26 14 39 21 33 3 
24 1 57 15 23 5 
37 49 52 50 44 6 
17 12 18 51 16 58 
41 29 22 45 40 28 
55 56 13 19 47 9 
#Base: 909
#Max: 517
#568757
#Turn 4
#5 6 54 20 24 8 55 22 42 9 8 1 48 48 31 
#13 6 45 20 24 9 14 29 42 3 47 1 14 48 3 
#13 59 25 20 6 9 3 21 50 3 31 18 14 43 3 
#37 59 50 18 18 52 6 75 17 45 31 18 14 14 35 
#10 8 30 18 44 18 6 75 17 45 16 27 4 32 35 
#11 11 54 1 8 61 17 44 50 30 6 17 28 25 35 
#7 40 54 36 32 14 20 44 17 4 62 30 37 25 12 
#0 40 28 40 44 14 56 12 17 4 62 21 9 31 12 
#10 54 30 40 40 14 56 12 11 18 14 1 20 43 57 
#37 54 26 10 40 14 23 18 3 40 62 36 20 43 19 
#0 40 14 12 37 71 47 16 12 40 21 7 28 59 28 
#3 30 30 10 37 71 56 16 26 6 42 5 28 43 35 
#3 42 30 10 38 18 19 75 50 18 42 17 29 43 35 
#25 42 8 27 18 18 19 75 50 18 10 14 71 1 7 
#25 42 1 47 8 18 41 42 37 40 10 14 20 1 14 
#25 30 8 27 37 18 55 42 17 45 10 39 71 63 7 
#25 33 29 20 24 40 56 12 50 6 47 36 14 30 7 
#10 33 18 20 11 61 56 39 6 18 1 36 71 5 7 
#10 30 8 12 11 71 56 75 37 18 62 36 71 48 7 
#10 54 8 12 37 71 30 18 50 18 14 17 30 11 7 
#2 6 10 23 32 8 21 26 17 45 47 7 10 22 35 
#2 54 28 20 6 22 3 39 50 18 21 1 10 31 35 
#10 42 45 20 37 22 55 39 17 18 62 1 71 63 7 
#5 19 45 20 37 61 55 29 42 18 47 1 71 29 7 
#0 12 45 7 8 40 56 29 42 45 21 27 28 29 34 
#8 42 54 40 24 52 55 39 11 8 21 18 10 9 28 
#7 42 45 40 8 8 56 39 50 8 31 1 10 48 35 
#13 33 16 20 24 22 56 21 50 30 39 1 14 59 21 
#3 54 16 47 18 8 12 44 6 4 39 24 10 63 21 
#4 54 10 4 24 71 21 29 17 4 47 2 10 63 4 
#7 54 54 20 8 61 31 22 50 30 13 24 48 9 31 
#5 6 54 36 24 22 56 44 0 4 6 54 14 48 12 
#0 19 45 20 11 14 14 21 17 18 47 1 30 27 3 
#10 30 25 40 44 71 56 12 26 3 14 18 9 31 35 
#2 54 50 18 40 14 56 75 17 45 13 27 20 43 35 
#5 8 30 47 32 18 23 75 3 40 62 36 25 0 7 
#0 54 10 47 8 61 47 15 12 40 21 7 10 4 19 
#7 11 54 36 32 22 56 44 26 3 6 5 28 11 28 
#3 33 30 47 38 61 30 42 50 6 42 30 37 27 35 
#10 42 8 27 44 18 19 75 11 18 14 21 71 31 57 
#25 42 29 27 40 14 56 18 37 18 26 14 71 1 19 
#37 3 26 47 32 14 41 39 3 40 13 36 25 0 14 
#3 40 8 27 32 18 47 42 17 18 10 14 71 59 19 
#8 42 29 20 24 71 56 12 50 45 47 5 14 11 7 
#10 33 18 10 38 61 56 44 6 6 42 17 29 5 35 
#3 42 8 27 11 18 19 75 17 18 31 36 71 48 7 
#10 30 8 12 28 71 19 75 37 18 10 14 71 1 7 
#2 54 50 10 8 22 30 42 3 40 21 36 30 0 35 
#5 6 10 27 66 18 19 26 17 18 47 14 13 63 4 
#2 42 50 20 32 40 55 12 50 45 21 7 10 30 7 
#10 33 18 47 6 61 3 39 6 6 1 1 48 31 35 
#10 19 45 20 11 61 55 39 17 18 47 36 71 48 7 
#5 30 45 20 50 40 56 29 37 18 47 21 28 29 7 
#0 12 50 7 40 22 20 18 17 45 21 17 37 27 35 
#5 59 10 23 66 52 21 16 17 3 21 18 14 63 4 
#7 54 54 40 8 8 55 39 50 45 31 7 10 22 35 
#10 30 45 20 24 22 56 21 50 3 47 1 14 48 3 
#10 33 45 20 37 29 12 21 6 18 39 54 29 63 7 
#5 30 45 20 66 8 56 29 42 4 39 1 10 29 34 
#13 12 1 4 24 61 3 42 17 45 47 27 28 27 35 
31 44 54 13 40 49 
25 6 26 3 42 33 
8 52 39 23 15 17 
43 38 51 18 34 12 
29 11 45 22 46 35 
57 58 10 55 30 9 
#Base: 909
#Max: 552
#607261
#Turn 5
#10 33 54 10 24 61 56 44 0 6 6 54 14 48 35 
#10 33 18 23 38 61 56 16 17 6 21 17 29 5 35 
#5 42 8 27 66 52 21 16 17 18 10 18 14 1 4 
#25 42 8 27 40 18 19 18 37 18 10 14 71 1 19 
#25 42 29 27 32 14 56 18 37 45 21 14 71 30 19 
#8 42 54 40 24 52 20 44 11 8 21 18 10 25 28 
#7 40 54 40 32 8 56 39 50 8 62 30 37 48 12 
#7 59 45 18 18 8 6 75 50 8 31 1 10 14 35 
#3 59 50 27 18 18 6 75 17 45 10 14 71 14 35 
#10 30 8 27 32 18 47 12 26 3 14 14 71 31 19 
#5 30 45 40 50 14 56 12 11 18 14 1 20 29 7 
#5 30 8 27 50 40 19 29 37 18 14 21 71 29 57 
#10 19 8 20 37 61 55 75 42 18 14 1 71 31 7 
#5 30 8 20 37 61 55 42 17 18 47 39 71 63 7 
#25 33 18 27 37 18 55 39 6 45 10 39 71 63 7 
#8 42 29 47 38 71 30 12 50 6 47 5 14 11 35 
#3 33 45 47 38 61 55 42 17 18 47 36 71 48 35 
#10 19 45 12 11 61 56 75 17 18 47 36 71 48 7 
#10 54 50 12 11 71 56 75 37 45 13 27 20 43 35 
#3 42 50 10 40 18 56 75 17 45 42 27 20 43 35 
#4 54 30 4 37 71 56 29 17 6 42 5 28 63 35 
#3 42 30 10 37 71 19 75 17 6 42 36 71 43 7 
#10 42 8 20 37 22 55 39 17 18 62 1 71 48 7 
#10 42 8 20 37 22 19 39 37 18 10 14 71 63 7 
#5 30 8 12 32 18 19 75 37 18 10 36 71 0 7 
#10 30 45 20 66 8 56 29 42 4 39 54 29 29 34 
#0 40 14 20 37 71 47 29 42 4 21 7 10 29 28 
#0 40 14 40 37 71 47 16 50 45 31 7 28 22 35 
#7 54 54 40 8 8 55 39 50 45 31 7 10 22 31 
#7 54 54 20 40 14 23 22 3 40 62 24 48 9 19 
#5 6 54 36 24 52 55 39 0 4 6 18 10 48 28 
#7 33 18 36 38 14 20 44 17 4 62 17 37 25 35 
#5 59 45 23 8 52 21 16 50 8 31 1 14 63 4 
#25 42 8 27 18 52 6 75 17 45 31 18 71 14 35 
#25 40 29 27 40 14 56 42 17 18 10 14 71 59 19 
#10 42 50 20 32 40 56 12 50 45 14 18 9 31 7 
#10 42 54 40 40 52 56 39 11 18 21 1 10 43 57 
#7 30 54 36 50 14 56 29 17 4 47 21 37 25 7 
#7 42 8 40 8 8 56 39 50 8 14 1 71 48 35 
#5 59 45 20 18 61 55 75 17 45 31 18 71 14 35 
#25 40 8 27 32 18 55 42 17 45 10 14 71 63 7 
#10 33 18 40 44 71 56 39 26 3 14 18 71 31 35 
#8 54 29 20 40 14 56 12 11 45 14 1 14 11 7 
#5 30 45 47 38 40 30 42 37 18 42 21 28 27 7 
#10 19 8 20 44 18 19 39 11 18 14 21 71 48 57 
#5 30 8 12 37 61 56 75 37 18 47 36 71 48 7 
#25 54 8 18 37 18 56 42 17 45 10 39 20 63 35 
#3 42 18 20 38 61 19 75 50 18 1 17 71 43 7 
#8 42 10 4 24 71 21 29 50 4 47 2 14 63 7 
#3 33 30 47 38 71 30 16 50 6 42 5 28 27 35 
#10 19 8 20 11 61 55 39 17 18 47 36 71 48 7 
#10 42 8 20 37 71 55 75 37 18 62 36 71 48 7 
#10 30 8 18 28 71 19 75 37 18 13 27 71 43 35 
#3 42 30 47 38 18 23 75 50 40 62 36 25 0 35 
#4 33 10 4 37 71 21 29 17 4 39 2 10 63 4 
#3 30 45 20 37 71 56 16 42 6 42 1 10 29 35 
#0 40 8 12 37 71 19 75 17 40 21 7 28 48 28 
#7 42 45 40 37 22 55 39 50 45 31 7 71 22 7 
#10 54 8 12 8 61 19 75 50 30 13 14 71 1 31 
#5 54 26 47 32 18 23 75 3 40 62 36 25 0 7 
49 4 27 14 40 56 
28 22 8 21 33 34 
46 36 13 18 17 25 
47 53 45 51 39 6 
0 58 57 16 19 12 
38 50 20 52 41 59 
#Base: 909
#Max: 597
#656766
#Turn 6
#3 42 30 27 32 14 56 16 50 45 21 5 71 30 35 
#0 42 29 40 32 71 56 16 37 45 21 14 71 22 19 
#25 40 18 40 37 18 55 16 6 45 10 7 28 63 7 
#25 40 18 27 37 18 55 39 17 45 10 14 71 63 7 
#0 40 8 12 37 71 19 42 17 40 21 7 71 48 28 
#7 54 8 40 37 22 55 39 17 18 62 7 71 22 31 
#3 59 8 20 37 22 6 75 17 45 10 14 71 14 7 
#3 42 30 10 18 18 19 75 17 6 10 14 71 43 7 
#3 42 30 27 37 52 19 75 17 45 42 36 71 43 7 
#25 42 8 27 18 52 56 75 17 18 31 18 71 14 19 
#10 54 8 18 40 52 56 42 17 45 21 39 20 43 35 
#5 42 8 20 40 52 56 39 17 18 21 39 71 43 57 
#10 30 50 20 37 61 55 42 37 45 47 27 20 63 7 
#10 19 50 12 11 61 56 75 37 45 47 27 20 48 7 
#10 19 45 12 66 8 56 29 42 18 39 54 71 29 7 
#3 42 18 20 38 61 19 75 50 40 1 36 25 0 7 
#3 30 30 47 38 18 23 75 50 18 62 36 25 48 35 
#5 30 8 20 37 71 55 75 37 18 47 36 71 48 7 
#5 59 8 20 37 61 55 75 17 45 62 36 71 14 7 
#7 59 54 20 32 61 55 75 50 8 31 30 37 48 12 
#10 33 54 12 24 61 19 75 0 6 6 54 14 48 31 
#10 42 8 40 37 61 19 39 50 45 31 7 71 1 7 
#7 42 45 40 37 22 55 39 17 45 31 36 71 48 35 
#3 42 45 10 40 61 55 75 17 45 47 27 20 48 35 
#3 19 50 10 40 61 56 75 42 45 14 1 20 43 7 
#10 19 8 20 8 8 55 39 50 8 47 36 71 48 35 
#10 54 8 20 37 71 56 29 17 18 42 36 28 63 7 
#10 30 30 4 37 71 56 75 37 6 42 5 28 63 35 
#10 33 8 18 28 71 56 75 26 3 14 18 71 31 35 
#5 33 18 47 44 18 56 75 26 40 14 18 25 31 7 
#7 33 30 47 38 71 30 39 50 45 31 5 10 27 31 
#10 42 8 20 32 22 56 39 37 18 62 1 71 30 19 
#3 59 14 27 18 18 6 16 50 45 31 7 71 22 35 
#3 42 18 27 37 18 19 39 6 6 42 36 71 63 7 
#25 40 8 27 32 52 6 42 17 45 10 14 71 63 35 
#0 40 29 12 40 71 19 42 17 40 21 7 28 48 19 
#7 54 54 40 37 8 56 39 17 45 31 39 10 22 35 
#10 42 8 20 37 52 56 39 11 18 62 1 10 43 7 
#3 59 50 27 37 61 6 42 17 18 47 14 71 63 7 
#3 54 50 12 11 71 19 75 17 6 13 36 20 43 7 
#25 19 8 12 11 52 6 75 17 18 31 18 71 48 7 
#25 40 29 20 66 14 56 29 42 4 10 14 29 29 34 
#3 42 18 18 37 61 19 75 17 45 1 39 71 43 35 
#3 42 30 40 38 52 56 75 11 40 62 1 25 0 35 
#5 30 8 12 37 61 56 42 37 18 47 36 71 48 7 
#10 54 50 20 37 71 55 75 37 45 62 36 71 48 35 
#10 59 45 20 18 61 55 75 17 18 47 36 71 48 35 
#7 30 54 40 66 8 56 29 50 8 39 30 37 29 34 
#3 42 18 20 24 61 19 44 50 6 1 17 71 48 7 
#3 42 30 12 8 18 19 75 50 30 13 36 71 0 31 
#7 42 8 12 37 22 56 39 37 45 31 36 71 48 7 
#3 33 8 47 38 61 55 75 17 18 62 36 71 48 35 
#3 59 50 10 18 18 55 75 17 45 31 27 20 43 35 
#7 40 54 20 32 61 56 39 50 18 14 1 37 48 12 
#7 42 8 40 8 8 56 44 50 8 6 1 71 48 35 
#10 19 8 20 8 61 19 75 17 18 13 36 71 1 31 
#4 42 30 4 37 71 55 39 17 45 42 5 28 22 35 
#10 30 8 47 28 61 19 42 37 18 13 36 71 43 35 
#10 33 50 10 40 71 56 75 26 45 42 27 71 31 35 
#5 19 8 20 32 61 23 75 42 40 14 36 71 31 7 
30 10 26 44 52 53 
34 5 14 17 1 9 
59 28 23 18 19 47 
42 22 51 45 46 12 
57 11 38 58 8 13 
3 24 43 27 16 50 
#Base: 909
#Max: 706
#776678
#Turn 7
#7 54 30 18 38 52 56 39 50 45 31 39 10 43 31 
#10 54 8 20 37 71 56 42 17 18 42 39 20 43 35 
#5 30 8 20 37 61 56 42 17 18 47 36 28 48 7 
#3 59 50 12 18 18 56 42 17 45 31 27 71 43 7 
#3 59 54 10 32 18 55 39 50 18 31 27 37 43 35 
#7 40 8 27 32 22 55 39 17 45 10 14 71 63 31 
#7 19 8 12 66 22 55 29 17 18 62 54 71 22 31 
#5 30 8 12 37 8 56 29 37 18 47 54 71 48 7 
#5 30 29 40 37 71 56 75 37 18 21 14 71 22 7 
#25 42 8 40 32 52 56 16 37 18 31 18 71 22 19 
#10 33 8 18 32 61 56 75 42 3 14 18 71 31 35 
#3 33 8 18 28 61 55 75 17 45 47 27 71 48 35 
#5 42 8 20 40 61 55 75 17 45 47 36 20 14 35 
#7 59 8 20 37 61 55 75 17 45 31 30 37 48 7 
#7 30 54 20 32 61 55 29 50 8 39 30 37 48 12 
#3 42 45 40 37 22 55 75 17 45 1 36 71 48 35 
#7 33 8 40 37 22 55 39 17 45 62 36 71 48 35 
#3 54 8 20 37 61 55 75 37 45 62 36 71 48 35 
#10 59 45 20 18 71 55 75 17 45 62 36 71 48 35 
#10 59 45 20 37 61 55 75 37 18 47 36 71 63 35 
#5 30 8 20 40 61 19 42 37 18 21 36 71 43 35 
#3 59 8 20 37 61 56 42 17 18 21 14 71 63 57 
#3 59 50 10 37 61 6 42 26 18 47 14 71 63 35 
#3 33 30 27 40 52 19 75 26 45 42 36 71 31 35 
#10 19 30 12 11 52 56 75 17 45 42 36 20 43 7 
#25 19 50 27 40 61 56 75 17 45 14 1 71 63 7 
#3 42 30 10 38 52 56 75 42 45 62 1 20 43 7 
#10 30 30 40 38 71 56 75 37 6 62 5 28 63 35 
#3 30 30 4 37 18 23 75 37 6 42 5 25 48 35 
#7 30 30 12 38 18 56 75 50 45 62 36 25 48 7 
#7 40 8 27 38 71 30 39 50 45 10 14 10 63 35 
#10 54 8 40 40 52 56 42 17 18 21 39 20 43 31 
#10 54 8 12 66 71 56 29 42 18 39 54 71 63 7 
#5 30 8 20 37 61 56 42 37 18 47 36 71 48 7 
#0 42 50 40 32 18 56 75 17 45 21 27 71 22 35 
#7 42 8 27 18 52 56 75 17 18 14 1 71 14 12 
#25 19 8 27 32 52 23 42 42 45 10 14 71 63 7 
#7 33 8 40 37 71 56 39 26 3 14 7 71 22 35 
#10 19 45 10 66 61 55 75 17 45 39 27 20 29 7 
#5 30 8 20 37 61 55 75 37 18 62 36 71 48 7 
#7 59 29 20 32 71 56 75 37 45 31 30 37 48 19 
#25 42 54 27 66 8 56 29 17 8 31 18 71 14 19 
#5 19 8 18 32 61 23 75 17 45 14 39 71 31 7 
#7 42 45 18 37 71 56 39 17 45 14 18 71 31 35 
#3 33 45 47 38 61 55 75 17 18 62 36 20 48 35 
#10 59 8 20 37 71 55 75 17 45 62 36 71 48 35 
#10 59 54 20 32 61 55 75 50 18 47 30 71 48 12 
#10 30 54 40 66 61 55 29 37 8 47 30 20 63 34 
#3 30 8 47 37 61 19 75 37 18 13 36 71 43 35 
#7 42 8 20 37 52 55 39 17 18 31 39 71 48 35 
#3 59 50 27 38 61 55 75 17 18 62 14 71 48 7 
#10 33 50 10 37 71 56 75 26 45 62 27 71 48 35 
#3 42 30 27 18 52 55 75 17 45 47 36 71 48 35 
#10 19 50 20 37 61 56 75 37 45 47 27 20 63 7 
#25 40 8 27 37 61 19 39 37 45 10 14 71 63 7 
#3 42 50 10 40 52 56 75 42 45 14 39 20 43 57 
#3 59 50 27 38 61 56 75 11 18 47 1 71 0 35 
#10 33 30 4 37 71 56 75 37 45 42 5 71 63 35 
#3 42 30 47 38 52 23 75 17 45 42 36 71 48 35 
#10 19 50 12 37 22 56 39 37 45 31 27 20 48 7 
33 26 16 15 21 48 
0 29 56 57 11 43 
13 53 50 17 46 23 
27 32 45 18 51 40 
8 39 44 19 58 47 
38 34 25 52 55 22 
#Base: 909
#Max: 669
#735974
#Turn 8
#3 42 8 10 37 61 56 42 42 18 62 1 71 43 7 
#3 33 30 40 38 52 56 39 17 45 62 36 20 43 7 
#3 33 45 40 37 22 55 39 17 45 62 36 71 48 35 
#3 59 8 40 37 22 55 42 17 45 1 14 71 63 35 
#3 59 8 20 37 61 19 42 17 18 21 14 71 63 35 
#7 30 30 18 38 52 56 75 50 45 62 39 10 48 7 
#7 30 50 12 38 18 56 75 11 45 62 36 71 0 7 
#3 33 30 4 38 71 56 75 37 18 42 5 71 0 35 
#10 33 30 18 37 71 55 75 17 45 42 27 71 63 35 
#3 33 8 18 28 71 56 75 17 45 47 27 71 48 35 
#7 19 8 20 37 61 56 75 17 45 47 30 37 48 7 
#10 59 50 20 37 61 55 75 37 18 47 14 71 48 7 
#3 54 50 27 37 61 55 75 37 45 62 36 71 48 7 
#3 54 54 20 32 61 55 75 50 45 47 36 71 48 12 
#3 59 30 20 32 61 19 75 50 18 47 36 71 48 12 
#10 30 30 12 66 71 56 75 42 6 62 5 71 63 35 
#10 54 8 12 37 71 55 29 17 45 39 36 71 48 7 
#10 59 45 20 37 71 55 75 17 45 62 36 71 48 35 
#10 59 50 20 18 71 55 75 17 45 62 36 71 48 35 
#10 33 50 20 32 71 56 75 37 45 62 30 37 48 19 
#5 30 8 20 37 61 56 75 37 18 21 14 71 48 7 
#3 30 45 47 38 61 55 75 17 18 62 36 20 48 7 
#3 59 45 47 37 61 55 75 17 18 62 36 71 63 35 
#10 59 45 20 37 61 55 75 37 45 47 36 71 48 35 
#10 30 30 40 66 61 55 29 37 45 47 30 71 48 35 
#0 42 45 10 66 18 55 75 17 45 39 27 71 29 35 
#25 42 50 40 32 61 56 75 17 45 14 1 71 22 35 
#25 42 30 27 18 61 55 75 17 45 14 36 71 63 7 
#3 42 30 10 18 52 55 75 42 45 14 39 20 43 35 
#3 42 50 10 37 52 6 42 26 18 14 14 20 43 35 
#5 30 8 20 38 52 56 42 37 18 47 36 71 43 31 
#3 30 30 10 38 52 56 75 42 45 62 36 20 43 7 
#3 59 8 40 38 61 55 75 11 45 47 1 71 48 35 
#3 33 30 40 37 22 55 75 17 45 42 5 71 48 35 
#3 33 8 18 37 61 55 75 17 18 47 14 71 63 35 
#7 30 45 47 37 61 19 75 37 45 14 36 71 31 35 
#7 59 30 20 38 52 55 75 50 45 31 30 10 43 7 
#7 30 30 12 38 61 56 75 37 45 62 36 25 63 7 
#3 59 50 27 38 61 56 75 17 18 47 14 71 0 35 
#3 33 8 4 37 71 56 75 37 45 42 36 71 63 35 
#10 33 8 18 32 61 55 75 50 18 47 27 71 48 35 
#7 33 45 27 37 71 56 75 17 45 42 36 71 31 35 
#10 59 8 20 38 71 55 75 17 45 62 5 37 48 7 
#10 19 50 12 37 71 56 29 42 45 39 54 20 63 7 
#10 59 50 20 38 71 55 75 17 18 62 36 71 48 7 
#10 54 45 20 18 71 55 75 37 45 62 36 71 48 35 
#10 33 54 20 32 61 55 75 26 18 62 30 71 48 35 
#3 33 30 20 40 71 56 75 37 45 42 36 71 31 35 
#10 30 29 40 37 71 56 75 37 18 21 14 28 63 7 
#5 30 8 12 66 71 55 75 42 18 39 54 71 63 7 
#10 59 8 20 37 71 55 75 17 45 62 36 20 48 35 
#10 59 45 20 37 71 55 75 37 18 62 36 71 48 35 
#10 33 30 10 37 71 56 75 26 45 62 27 71 48 35 
#7 30 54 20 32 71 55 29 37 8 47 30 37 48 34 
#10 19 45 40 37 71 56 75 17 45 21 27 71 22 7 
#5 30 8 20 32 18 56 75 37 45 21 36 71 48 7 
#25 33 50 27 40 61 55 75 17 18 14 36 20 63 7 
#3 42 45 20 18 61 55 75 17 18 47 36 71 48 35 
#3 42 50 47 38 52 23 75 17 45 14 39 71 43 35 
#10 59 50 10 37 61 55 42 37 18 47 14 20 63 35 
54 38 40 39 57 14 
25 37 32 12 11 26 
27 50 13 51 18 58 
8 44 23 17 45 15 
9 49 46 22 52 19 
5 35 47 24 41 2 
#Base: 909
#Max: 686
#754675
#Turn 9
#10 59 50 40 37 61 56 75 17 18 47 27 71 22 35 
#3 59 50 18 32 61 56 75 50 18 47 27 71 48 35 
#10 33 8 4 32 71 56 75 37 45 42 36 71 48 35 
#3 42 45 4 37 71 56 75 37 18 42 36 71 48 35 
#3 42 30 20 18 61 19 75 17 18 47 36 71 48 12 
#7 30 30 12 38 61 55 75 17 45 62 27 25 63 35 
#7 30 30 40 38 61 55 75 37 45 47 1 25 63 7 
#3 54 8 27 37 61 55 75 11 45 62 1 71 48 35 
#3 54 50 20 37 61 55 75 37 18 62 36 71 48 7 
#10 42 50 40 37 61 55 75 37 18 14 14 71 22 35 
#25 59 30 20 18 61 55 75 17 45 62 36 71 48 35 
#10 54 54 20 32 61 55 75 50 45 47 36 20 48 12 
#3 54 54 20 37 61 55 75 50 18 47 36 71 48 35 
#10 59 50 20 18 71 55 75 37 45 62 36 71 48 35 
#3 42 50 20 38 52 23 75 17 45 62 39 71 48 35 
#10 59 50 18 37 71 55 75 17 18 62 27 71 48 35 
#10 59 45 20 37 71 55 75 37 45 47 36 71 48 35 
#10 59 45 20 37 71 55 75 37 45 47 36 71 48 35 
#10 54 45 20 18 71 55 75 17 45 62 36 71 48 35 
#10 30 45 20 18 71 56 75 37 45 62 5 71 48 35 
#5 30 8 18 66 71 56 75 42 18 47 27 71 63 35 
#5 30 8 20 32 61 55 75 26 18 62 30 71 63 7 
#10 59 45 47 37 61 55 75 26 18 62 36 71 48 35 
#3 59 30 10 37 71 55 75 26 45 62 27 71 63 35 
#10 33 30 20 37 71 56 75 37 45 62 27 71 48 35 
#7 30 30 47 37 52 19 75 37 45 62 36 10 48 7 
#7 30 30 47 37 71 19 75 37 45 14 36 71 31 35 
#3 33 30 40 40 61 55 29 37 45 42 30 71 48 35 
#7 33 45 27 37 71 55 75 37 45 42 30 71 31 35 
#3 33 45 40 37 71 55 75 17 45 62 36 71 31 35 
#10 19 45 10 66 18 56 75 17 45 21 27 71 29 7 
#7 30 30 27 38 61 56 75 37 18 62 14 71 63 35 
#10 33 8 18 38 61 55 75 50 45 47 27 71 48 35 
#3 33 50 27 37 71 55 75 37 45 42 36 71 63 7 
#3 59 45 20 37 61 55 75 17 18 47 14 71 48 7 
#3 59 30 40 32 61 56 75 50 45 14 1 71 22 35 
#0 42 45 10 18 18 55 75 17 45 39 27 71 63 35 
#7 30 8 20 37 61 56 75 17 45 62 36 25 63 35 
#3 54 8 40 32 61 55 75 11 45 47 36 71 48 12 
#3 54 50 20 37 61 55 75 37 18 62 36 71 48 7 
#10 59 50 20 18 71 55 75 37 45 47 36 71 48 7 
#3 42 50 47 38 52 23 75 17 45 14 39 71 22 35 
#10 42 30 27 37 61 55 75 17 45 14 36 71 63 35 
#10 59 50 20 38 71 55 75 17 18 62 36 71 48 35 
#3 54 54 20 32 61 55 75 50 45 47 36 71 48 35 
#10 59 45 20 37 71 55 75 37 45 62 36 71 48 35 
#10 59 45 20 18 71 55 75 37 45 62 36 71 48 35 
#10 30 30 47 38 52 23 75 17 6 14 39 71 43 35 
#10 33 30 18 28 71 56 75 17 45 47 27 71 63 35 
#10 59 8 20 38 71 55 75 17 18 39 54 71 63 7 
#10 59 45 20 32 61 55 75 37 18 47 36 71 48 35 
#3 59 45 20 37 61 55 75 17 45 62 36 71 63 35 
#10 54 30 20 18 71 56 75 37 45 62 27 71 48 35 
#10 30 30 12 66 71 56 75 37 6 62 5 71 48 19 
#7 33 30 18 28 71 56 75 17 45 62 39 71 48 35 
#5 30 45 12 66 61 19 75 37 45 39 36 71 31 7 
#3 33 54 20 32 61 55 75 37 45 62 30 71 31 35 
#3 30 30 40 37 61 55 75 17 45 47 36 71 48 35 
#10 33 30 27 37 71 56 75 17 45 62 36 71 48 35 
#3 33 45 20 37 71 56 39 37 45 62 36 71 48 35 
32 31 54 15 56 20 
19 0 28 44 1 39 
8 33 51 22 46 40 
24 43 13 45 17 18 
48 50 10 16 12 58 
11 59 29 23 52 57 
#Base: 909
#Max: 706
#776678
#7 33 8 18 38 61 56 75 50 18 62 27 71 63 35 
#7 30 30 27 38 71 56 75 37 18 62 39 71 63 35 
#10 33 30 18 37 71 56 75 17 18 62 39 71 48 35 
#3 33 54 18 37 61 55 75 17 45 62 30 71 48 35 
#3 30 54 20 32 71 56 75 37 45 62 27 71 31 35 
#10 30 50 40 37 61 56 75 17 45 47 5 71 48 35 
#10 59 45 27 37 71 56 75 37 45 42 27 71 31 35 
#7 54 54 20 32 71 55 75 37 45 42 30 71 31 35 
#3 54 50 20 32 61 55 75 50 18 47 27 71 48 35 
#3 54 50 18 37 61 56 75 37 18 62 27 71 48 35 
#3 33 50 27 37 61 55 75 37 18 62 36 71 48 7 
#3 33 50 27 37 61 55 75 37 45 42 36 71 63 35 
#3 59 45 47 37 61 55 75 17 18 62 36 71 63 35 
#10 59 45 20 18 61 55 75 26 45 62 36 71 48 35 
#10 59 45 20 18 71 55 75 37 45 62 36 71 48 7 
#10 59 30 20 38 71 55 75 17 45 62 36 71 48 35 
#10 59 50 20 18 71 55 75 17 45 62 36 71 48 35 
#10 59 45 20 18 71 55 75 37 45 62 36 71 48 35 
#10 59 45 20 37 71 55 75 37 45 47 36 71 48 35 
#10 59 45 20 18 71 55 75 17 45 47 36 71 48 35 
#10 33 30 18 28 71 55 75 17 45 47 27 71 48 35 
#25 59 45 20 32 61 55 75 37 18 47 36 71 48 35 
#25 59 45 20 37 61 55 75 37 45 62 36 71 48 35 
#10 54 45 20 37 71 55 75 50 45 47 36 71 48 35 
#10 33 30 27 37 61 55 75 50 45 62 36 71 48 35 
#3 33 54 20 32 61 55 39 50 45 62 36 71 48 35 
#3 33 45 20 37 71 56 75 37 45 62 36 71 48 35 
#3 59 45 10 37 71 55 75 17 45 62 27 71 31 35 
#3 59 30 20 37 71 56 75 37 45 62 27 71 63 35 
#10 30 30 20 18 61 56 75 17 45 62 36 71 48 35 
#10 33 45 20 18 71 56 75 37 45 47 5 71 48 35 
#7 30 50 27 37 61 56 75 37 18 47 14 71 22 35 
#7 33 30 18 37 71 55 75 37 45 62 30 71 48 35 
#10 59 54 20 32 71 55 75 17 45 47 27 71 48 35 
#3 59 50 18 32 61 55 75 50 45 47 30 71 31 35 
#3 54 8 20 37 71 55 75 42 18 62 27 71 63 7 
#10 54 45 20 18 71 56 75 37 18 62 36 71 48 7 
#10 33 50 27 37 61 56 75 17 45 42 36 71 22 35 
#7 33 45 27 37 61 55 75 37 45 62 30 71 31 35 
#3 59 54 47 32 61 55 75 26 18 62 36 71 48 35 
#3 59 50 20 18 61 56 75 50 18 47 27 71 48 35 
#3 54 50 20 37 61 55 75 37 45 62 36 71 48 7 
#3 54 50 20 37 61 56 75 37 45 62 36 71 48 35 
#3 59 50 27 37 71 55 75 37 18 42 36 71 63 35 
#10 59 45 20 18 71 55 75 17 45 62 36 71 48 35 
#10 59 45 47 37 71 55 75 37 45 62 36 71 48 35 
#10 59 45 20 37 71 55 75 37 45 62 36 71 48 35 
#10 54 45 20 18 71 55 75 17 45 47 36 71 48 7 
#10 33 30 20 37 71 56 75 37 45 62 27 71 48 35 
#10 59 50 20 38 61 55 75 37 18 62 36 71 48 35 
#25 59 30 20 18 71 55 75 37 45 62 36 71 48 35 
#10 59 45 20 37 71 55 75 37 45 47 36 71 48 35 
#3 59 45 20 37 71 55 75 37 45 47 36 71 48 35 
#10 54 30 20 37 71 55 75 17 45 62 36 71 48 35 
#10 33 54 20 28 61 56 75 50 45 47 27 71 48 12 
#3 33 45 20 32 61 56 75 37 18 62 36 71 48 35 
#3 33 30 20 18 61 55 75 17 45 62 36 71 31 35 
#10 59 45 10 37 71 55 75 37 45 47 36 71 48 35 
#10 54 54 20 37 61 55 75 50 45 47 36 71 48 35 
#3 30 30 27 37 61 55 75 17 45 47 36 71 48 35 
#Base: 909
#Max: 733
#806381
