#[0] 3, 3
#[1] 4, 3
#[2] 3, 4
#[3] 3, 2
#[4] 2, 3
#[5] 2, 4
#[6] 1, 3
#[7] 2, 2
#[8] 3, 1
#[9] 4, 4
#[10] 5, 3
#[11] 3, 5
#[12] 4, 2
#[13] 3, 0
#[14] 5, 4
#[15] 4, 5
#[16] 5, 2
#[17] 4, 1
#[18] 0, 3
#[19] 1, 4
#[20] 2, 1
#[21] 1, 2
#[22] 2, 5
#[23] 0, 4
#[24] 5, 1
#[25] 0, 2
#[26] 5, 5
#[27] 1, 5
#[28] 2, 0
#[29] 1, 1
#[30] 4, 0
#[31] 0, 5
#[32] 1, 0
#[33] 0, 1
#[34] 5, 0
#[35] 0, 0
#Turn 0
26 37 15 8 7 14 
22 10 47 38 33 40 
23 24 57 59 12 28 
11 3 18 48 43 1 
53 16 6 31 54 45 
5 55 25 42 13 29 
#Base: 921
#Max: 347
#376764
#Turn 1
#22 16 43 28 23 12 45 3 47 8 43 44 28 21 3 
#9 8 4 28 5 10 45 17 14 8 23 44 7 38 3 
#9 27 3 16 27 17 33 17 14 16 48 0 7 46 21 
#6 27 27 36 27 17 33 5 10 21 52 0 27 20 21 
#9 14 23 36 3 15 9 5 27 27 31 17 32 20 21 
#9 24 8 9 16 41 26 20 44 18 7 14 26 8 32 
#50 36 32 11 18 13 18 0 7 15 0 11 26 33 11 
#50 1 17 11 11 56 18 1 70 22 25 11 15 40 19 
#18 1 6 26 20 4 18 1 19 51 25 37 28 2 40 
#5 11 6 33 12 34 37 3 19 8 10 0 28 18 40 
#0 34 2 52 19 44 18 7 2 26 1 27 11 23 3 
#8 34 29 11 15 10 2 6 25 26 67 31 11 32 21 
#51 22 37 35 15 4 2 63 25 9 67 31 16 33 7 
#51 11 57 20 58 4 11 63 1 11 13 29 16 6 10 
#7 11 57 20 58 7 20 3 19 11 13 26 15 18 39 
#40 11 39 1 4 3 13 7 10 1 54 42 15 43 2 
#5 11 11 14 21 18 67 6 36 8 7 42 16 43 2 
#11 5 11 5 21 27 67 14 36 6 7 21 57 26 18 
#3 8 2 5 65 27 9 14 2 6 22 16 8 11 18 
#35 13 2 9 57 4 10 4 17 62 22 37 25 13 4 
#23 57 9 34 10 6 45 33 18 2 2 5 47 5 34 
#12 16 9 4 24 6 7 10 6 48 2 5 24 5 29 
#9 72 29 4 22 29 7 37 6 48 24 10 8 21 10 
#9 33 20 1 22 9 8 49 22 16 4 1 6 21 2 
#17 33 20 1 4 14 25 10 22 57 4 26 6 20 2 
#28 30 20 27 1 40 16 17 19 3 14 17 5 8 46 
#36 6 29 27 12 25 10 24 39 15 21 12 5 8 16 
#57 20 29 2 12 18 4 12 39 15 1 12 15 48 1 
#57 6 18 11 5 18 4 23 25 11 36 41 14 48 5 
#13 0 38 11 15 25 3 23 1 31 36 41 14 63 5 
#9 16 8 9 23 12 47 20 17 18 43 0 27 47 35 
#8 8 4 47 33 12 26 17 47 15 23 44 8 21 17 
#50 7 17 11 5 56 38 26 7 16 48 11 15 38 11 
#18 1 25 33 27 15 18 20 10 16 25 24 27 2 19 
#17 14 27 36 53 15 37 5 19 21 10 37 6 18 40 
#5 30 6 47 12 34 37 24 9 27 11 0 17 24 57 
#0 24 2 9 33 41 9 20 48 18 7 14 11 8 32 
#8 36 29 47 19 13 18 0 44 26 0 2 26 33 3 
#50 22 37 11 11 10 18 26 7 16 67 11 4 32 21 
#18 4 5 35 16 4 18 63 5 22 25 13 16 2 7 
#17 11 6 20 58 35 37 3 19 11 10 37 28 6 40 
#24 30 5 33 12 34 20 24 29 26 11 0 17 10 39 
#0 34 2 1 29 44 15 7 25 37 36 2 15 23 20 
#8 11 29 14 19 2 13 19 34 1 16 42 16 7 2 
#8 22 11 11 15 10 67 6 25 8 7 21 14 18 47 
#51 8 7 5 16 27 18 63 2 9 3 16 16 26 18 
#3 0 57 20 58 2 11 3 17 62 22 37 8 6 14 
#35 11 12 51 8 4 10 2 65 26 42 14 28 18 39 
#40 34 10 1 12 11 15 7 18 7 54 23 47 19 34 
#8 11 9 14 10 2 13 61 41 2 16 42 16 5 2 
#5 16 29 4 24 18 7 10 6 48 24 10 14 18 13 
#11 8 7 11 22 27 8 37 0 6 16 16 28 21 18 
#1 0 2 9 16 63 15 4 17 62 22 37 8 19 14 
#35 13 35 3 18 14 10 10 65 57 19 26 53 20 2 
#23 4 20 34 12 11 27 11 52 3 24 17 47 46 34 
#28 57 9 27 1 6 45 17 41 2 2 5 24 5 29 
#36 20 29 2 12 25 7 10 39 48 24 10 15 63 13 
#9 18 18 11 22 18 8 37 0 31 16 1 28 48 1 
#1 6 20 1 16 63 25 23 22 31 36 7 6 19 5 
#17 3 35 21 15 14 19 10 1 57 19 26 53 23 8 
37 58 59 29 15 30 
31 34 28 22 11 55 
45 35 17 46 47 40 
56 32 53 12 7 19 
27 14 0 13 38 16 
49 48 54 52 20 44 
#Base: 921
#Max: 417
#452769
#Turn 2
#1 36 20 47 16 13 18 23 44 26 0 2 6 19 5 
#1 6 20 1 16 14 19 10 22 31 36 7 53 19 8 
#17 3 38 21 15 25 19 23 1 57 36 26 53 63 5 
#13 0 38 11 15 3 3 23 1 31 36 41 14 43 2 
#40 16 39 1 4 3 47 7 17 18 54 42 15 43 2 
#17 14 27 47 53 15 26 17 47 21 10 37 8 21 17 
#57 14 27 11 53 15 4 5 19 21 36 41 6 18 40 
#9 72 18 11 5 29 7 37 6 48 36 41 14 21 10 
#9 34 29 11 15 10 7 6 25 48 24 10 11 32 10 
#28 57 29 11 1 10 45 6 25 26 67 31 11 32 29 
#51 8 7 5 16 34 18 63 9 27 3 0 16 24 18 
#5 5 6 47 21 34 37 24 36 27 11 21 17 26 18 
#3 0 11 5 58 27 11 14 17 6 22 21 57 6 14 
#35 0 57 51 58 2 10 3 65 26 42 14 28 6 39 
#35 11 12 20 8 4 10 2 65 11 42 37 28 6 40 
#36 7 17 2 5 25 7 26 7 16 24 10 15 63 13 
#50 7 17 3 5 56 38 10 7 16 48 11 53 20 11 
#35 13 37 35 15 4 10 10 65 9 19 26 16 33 7 
#50 1 37 35 15 4 2 1 70 9 25 11 16 33 19 
#50 1 2 9 57 4 18 4 17 62 22 11 15 40 4 
#57 11 57 20 12 18 20 3 19 15 13 12 15 48 1 
#7 11 57 20 23 12 45 3 47 11 43 44 28 18 39 
#22 11 43 28 58 12 11 3 1 8 13 29 16 21 3 
#51 22 57 11 58 4 11 63 7 16 67 11 16 32 10 
#5 22 37 11 21 18 67 6 7 16 67 42 4 43 21 
#8 11 9 1 10 2 13 61 18 2 16 23 47 5 2 
#40 4 10 34 12 11 27 7 18 7 24 17 47 19 34 
#1 0 2 34 16 11 27 4 52 62 22 17 8 19 14 
#23 57 9 9 10 63 15 33 17 62 22 37 8 19 34 
#23 57 9 11 15 10 45 33 25 8 2 21 14 5 47 
#8 8 4 47 33 12 26 0 44 15 23 44 26 21 17 
#17 6 27 1 16 63 25 5 22 21 36 7 6 18 40 
#17 6 18 21 5 18 4 10 1 11 19 41 14 48 8 
#13 72 38 4 22 29 7 37 1 31 24 41 8 63 10 
#40 11 29 11 15 10 2 6 10 26 67 31 15 32 2 
#9 57 8 27 23 6 47 20 17 18 2 5 24 47 35 
#8 8 7 47 16 27 26 63 47 9 3 16 16 26 18 
#17 30 27 47 53 15 37 5 19 21 11 0 17 24 40 
#57 5 11 5 5 27 4 14 25 6 7 21 57 26 5 
#9 72 29 20 58 29 7 37 17 48 24 10 8 21 10 
#8 34 12 11 8 4 10 6 65 26 67 31 11 18 21 
#17 57 9 27 1 35 45 17 19 2 2 37 28 5 40 
#51 8 7 2 12 25 18 63 2 9 3 10 16 63 18 
#5 7 6 11 5 34 38 26 9 16 48 0 15 38 57 
#11 13 35 3 21 14 67 14 65 57 7 26 57 20 2 
#3 0 37 35 15 4 11 3 25 62 67 31 16 6 14 
#35 1 17 11 11 56 18 2 70 22 42 14 28 18 39 
#17 13 6 20 58 4 10 3 19 62 22 37 28 13 4 
#57 20 29 2 12 25 4 12 39 48 1 10 15 63 1 
#7 11 17 20 58 56 38 26 19 11 13 11 15 38 11 
#22 13 43 28 23 12 45 10 47 57 19 26 28 20 3 
#51 22 57 35 58 4 2 63 1 9 13 29 16 33 10 
#50 1 17 11 11 56 18 26 7 16 25 11 4 40 19 
#5 13 11 14 57 4 67 4 36 8 7 37 25 43 4 
#57 20 9 2 12 2 4 12 39 2 1 42 15 48 1 
#7 34 57 1 12 7 20 7 19 7 13 26 47 18 39 
#22 16 43 34 23 12 27 11 52 8 24 17 47 46 3 
#1 0 2 9 58 63 15 63 17 62 22 37 8 19 14 
#50 22 37 34 11 6 45 26 18 16 2 5 4 5 34 
#5 11 11 14 21 10 67 6 25 8 7 21 16 18 2 
17 20 56 40 6 5 
41 47 18 28 42 49 
36 19 24 51 33 50 
7 39 57 23 44 46 
35 16 21 13 2 45 
37 4 48 9 53 14 
#Base: 921
#Max: 436
#473398
#Turn 3
#35 11 57 20 12 4 20 3 65 9 19 12 15 48 1 
#22 11 43 34 23 18 27 3 52 15 24 17 15 46 3 
#22 34 12 34 8 12 27 6 52 8 24 17 47 18 3 
#57 14 27 11 8 15 4 6 19 26 36 31 11 18 21 
#17 14 27 47 53 15 4 5 19 21 36 41 8 18 17 
#17 13 9 20 1 4 10 3 19 62 2 37 28 13 4 
#17 1 6 20 58 4 2 1 70 9 25 37 16 33 4 
#23 1 9 35 10 63 15 33 70 9 25 37 16 33 34 
#51 57 7 9 12 63 15 33 17 62 22 10 8 19 18 
#7 8 7 20 58 56 38 63 2 9 13 10 16 63 11 
#8 8 2 9 16 27 18 4 17 62 22 11 15 40 18 
#5 22 2 9 57 18 67 4 7 16 67 42 4 43 4 
#51 22 57 35 58 18 67 63 1 9 67 29 4 33 21 
#13 72 38 4 22 4 2 37 1 31 13 29 8 33 10 
#22 72 38 4 23 12 7 37 1 31 24 41 8 20 10 
#9 72 29 20 5 29 7 37 17 48 36 10 8 21 10 
#9 72 2 20 58 29 15 63 17 62 22 10 8 19 14 
#51 0 2 9 58 63 15 63 17 62 22 11 16 19 14 
#11 22 35 11 58 4 67 14 65 16 67 26 16 20 2 
#11 13 17 3 21 14 18 14 70 22 42 14 28 20 2 
#50 57 17 27 5 56 47 20 17 18 48 11 53 47 35 
#7 7 57 3 5 12 38 10 47 16 48 11 53 20 39 
#35 0 57 20 58 12 45 3 47 26 42 44 28 18 39 
#35 0 38 21 15 25 19 3 65 57 42 14 53 6 5 
#3 3 38 35 15 25 11 3 25 57 67 26 53 63 5 
#17 16 27 1 4 3 37 7 17 18 11 42 15 24 40 
#40 16 29 2 4 3 4 7 39 48 54 42 15 43 1 
#57 57 29 2 12 25 45 12 39 48 67 10 11 63 1 
#5 13 11 14 57 4 67 6 25 8 7 37 11 32 29 
#5 11 11 20 8 4 10 4 36 11 7 37 25 6 4 
#35 13 9 35 1 4 10 17 65 2 2 37 28 5 7 
#17 13 6 20 58 4 20 3 19 62 13 37 28 13 1 
#22 16 37 34 23 12 2 1 70 9 25 17 47 33 3 
#8 57 9 9 10 63 10 6 17 62 67 37 8 18 21 
#51 14 7 11 53 15 18 5 2 9 3 41 16 63 18 
#17 11 17 47 53 15 26 26 19 21 13 11 15 21 17 
#17 57 7 47 16 27 45 63 47 9 2 16 16 5 40 
#17 13 6 20 58 4 18 4 19 62 22 11 28 13 4 
#50 1 37 11 15 4 2 1 7 9 25 11 16 33 21 
#51 57 57 9 10 4 15 63 1 62 22 29 8 33 10 
#51 8 38 2 22 25 7 37 1 9 24 41 16 63 18 
#7 13 17 20 23 12 38 10 47 11 13 11 28 20 3 
#9 8 18 47 16 29 7 37 47 48 3 16 16 21 10 
#50 72 29 9 57 4 18 37 17 48 22 11 15 21 10 
#5 0 2 9 58 63 15 63 7 62 22 42 8 19 21 
#51 22 57 35 58 4 2 63 7 9 13 29 16 33 10 
#11 72 38 3 21 14 67 14 1 57 7 41 57 20 10 
#35 1 17 11 23 56 45 2 47 57 42 26 28 20 39 
#9 72 8 27 5 6 7 37 6 48 2 5 24 47 35 
#9 72 29 20 58 29 7 37 17 16 24 11 53 21 11 
#7 0 57 20 23 63 45 63 47 62 22 37 28 19 39 
#51 0 57 51 58 4 10 3 7 16 42 14 28 32 39 
#17 3 35 21 15 14 67 14 65 57 7 26 57 20 5 
#3 0 17 11 15 56 11 3 70 22 42 14 28 18 14 
#17 30 8 47 23 15 47 5 19 18 11 0 17 47 35 
#40 16 39 1 4 3 47 10 7 18 48 11 53 43 11 
#7 20 57 2 12 25 45 12 47 11 43 10 28 63 39 
#28 0 29 51 1 10 10 3 65 26 67 31 28 6 39 
#17 3 11 14 57 25 67 4 36 57 7 37 25 43 5 
#3 0 37 35 15 4 11 3 65 11 67 37 16 6 40 
32 26 49 58 56 15 
40 21 57 17 47 23 
59 51 39 46 18 36 
33 16 20 12 27 22 
48 45 44 50 24 43 
55 8 9 52 11 7 
#Base: 921
#Max: 535
#580890
#Turn 4
#40 16 29 34 4 3 4 1 70 9 54 42 47 33 3 
#9 72 29 20 4 29 4 7 17 16 54 11 53 21 1 
#9 72 11 14 58 25 7 37 17 57 7 37 53 21 5 
#17 20 11 14 12 25 45 4 47 57 43 37 25 63 5 
#7 72 57 2 5 25 7 12 47 11 36 10 8 21 10 
#51 8 38 2 22 12 7 37 47 16 24 41 53 20 39 
#28 7 57 51 1 10 10 3 65 16 67 11 53 6 39 
#28 0 2 9 58 63 10 63 17 26 67 11 28 6 39 
#35 0 17 11 58 56 15 63 17 57 22 26 16 19 39 
#35 1 38 11 23 25 19 3 65 57 42 14 28 20 39 
#51 0 57 51 15 4 10 3 65 16 67 37 16 6 39 
#51 0 57 51 10 4 10 3 1 16 42 14 28 32 10 
#51 72 57 9 10 4 67 63 1 62 22 29 8 20 10 
#11 72 35 11 21 14 67 14 65 57 7 41 16 20 10 
#17 57 7 47 16 4 67 63 65 9 67 16 16 5 40 
#9 57 2 20 58 63 15 6 17 62 67 10 8 19 21 
#9 57 2 20 5 56 15 63 17 18 22 10 53 47 35 
#50 22 17 35 58 18 47 63 1 18 48 11 53 47 21 
#51 57 29 2 58 25 67 63 1 9 67 29 11 63 21 
#35 0 29 2 12 12 45 3 39 48 67 10 28 63 39 
#9 22 57 27 58 6 7 37 7 9 2 5 24 47 10 
#5 0 2 9 58 4 2 63 7 9 13 29 8 19 10 
#7 0 2 9 23 63 15 63 7 62 22 42 28 19 21 
#7 3 38 35 15 25 11 3 25 57 22 37 28 19 39 
#50 72 29 9 57 25 18 3 25 57 22 11 53 63 5 
#51 16 39 1 4 63 15 10 17 18 48 11 53 43 11 
#51 57 7 9 58 56 15 63 17 62 13 10 8 19 11 
#7 8 7 20 58 14 38 14 2 9 7 26 57 20 5 
#5 22 35 9 57 18 67 14 7 57 7 42 4 20 4 
#23 1 9 9 57 63 67 33 70 9 25 42 16 33 34 
#22 16 37 34 23 25 7 37 1 9 24 41 16 33 3 
#40 7 29 2 4 12 38 10 47 16 54 11 15 43 39 
#28 72 29 51 58 29 10 3 17 16 24 11 53 21 11 
#51 0 2 9 57 25 67 63 36 57 7 37 25 43 14 
#35 20 57 2 23 56 45 2 47 57 42 10 28 20 39 
#9 72 29 20 15 25 7 3 65 57 36 10 8 6 10 
#51 8 38 35 22 4 11 37 65 11 24 37 16 6 18 
#51 7 57 3 5 4 10 10 7 16 48 14 28 20 39 
#51 0 29 51 10 4 15 63 1 62 67 31 8 6 39 
#11 0 2 9 58 63 15 63 17 62 7 41 57 19 10 
#11 22 35 11 58 56 67 2 47 57 42 26 16 20 2 
#17 57 7 47 15 25 45 63 65 57 2 14 16 6 5 
#8 0 9 35 15 4 11 3 17 62 67 37 8 18 21 
#9 72 57 20 58 29 15 63 7 16 22 14 8 19 39 
#50 57 57 27 10 4 47 20 17 18 48 29 53 33 10 
#51 22 38 35 21 14 67 14 1 9 67 29 4 20 10 
#11 22 35 11 12 25 45 14 39 16 67 26 11 20 2 
#35 57 57 20 58 12 45 63 47 26 2 44 16 18 40 
#9 57 8 9 5 6 7 37 17 62 2 37 24 47 21 
#51 22 57 35 58 4 15 63 17 62 22 10 8 19 10 
#50 0 2 9 5 63 47 63 17 18 22 42 53 19 21 
#51 0 57 35 23 63 45 63 1 9 22 37 4 19 21 
#3 57 38 2 12 25 11 3 25 48 67 26 53 63 5 
#50 0 57 9 57 12 45 3 47 26 22 44 28 21 39 
#9 72 8 27 4 3 47 37 6 48 2 11 24 43 11 
#51 22 7 35 12 63 2 63 7 62 22 29 8 33 10 
#5 8 2 9 58 63 15 63 7 9 22 42 16 63 21 
#17 0 57 21 15 63 45 14 47 62 7 37 57 19 39 
#3 22 38 35 57 18 11 4 25 16 67 26 53 43 4 
#23 1 9 9 10 63 18 33 70 48 22 11 15 33 10 
3 32 53 52 44 56 
16 19 51 29 49 2 
8 6 57 24 33 43 
38 17 47 18 12 40 
55 34 39 14 13 15 
58 7 41 26 10 50 
#Base: 921
#Max: 553
#600434
#Turn 5
#28 20 11 14 58 25 10 3 47 16 43 37 25 63 5 
#28 0 29 51 58 12 45 3 47 16 22 44 53 21 39 
#50 0 38 2 57 12 11 3 47 48 22 26 28 63 39 
#3 57 38 2 10 4 47 20 25 48 67 29 53 63 10 
#50 57 2 9 58 4 47 63 17 18 22 29 53 63 21 
#9 0 29 20 12 56 45 3 39 18 67 10 28 47 35 
#35 0 57 2 12 12 45 3 1 9 22 37 28 19 39 
#51 0 9 35 23 63 67 63 70 9 25 42 16 19 21 
#51 1 57 35 58 63 15 63 70 62 25 42 8 33 34 
#9 72 57 35 58 4 15 37 17 57 7 37 53 19 10 
#35 0 57 51 1 10 15 63 17 16 22 11 53 6 39 
#17 7 57 21 15 63 45 3 65 62 7 37 53 19 39 
#17 0 29 9 15 25 45 3 47 57 7 37 53 19 5 
#51 0 29 9 57 25 67 3 36 57 7 37 53 43 14 
#9 72 57 9 57 29 15 63 7 57 22 37 8 19 39 
#50 0 29 51 10 4 47 63 1 18 67 11 8 47 39 
#35 22 57 20 58 18 45 63 47 26 2 11 53 47 21 
#35 57 29 2 58 25 45 63 1 26 67 44 11 18 40 
#51 72 57 9 58 4 67 63 1 62 22 29 11 63 21 
#51 72 35 11 58 4 67 2 47 57 42 26 16 20 2 
#51 20 57 35 12 56 2 2 7 57 22 29 8 33 10 
#11 20 2 9 58 56 45 63 17 62 7 41 57 20 39 
#17 0 7 9 58 63 15 63 65 9 67 41 57 19 10 
#11 72 35 11 16 14 67 14 65 57 7 41 16 5 10 
#9 72 35 20 21 14 15 6 17 62 7 10 16 19 10 
#3 22 38 35 57 18 10 4 17 26 67 11 53 6 4 
#28 57 7 9 58 25 45 63 17 26 2 11 28 6 39 
#17 57 7 9 15 56 45 63 65 57 13 10 8 6 11 
#51 57 7 9 58 4 10 63 17 62 13 37 16 6 11 
#51 0 2 9 15 4 10 63 17 18 22 37 16 19 39 
#9 20 2 14 12 25 45 63 47 57 43 37 25 47 35 
#28 0 29 51 12 12 45 3 39 48 24 11 28 21 11 
#51 0 57 9 23 12 45 63 47 9 22 37 28 21 39 
#3 1 38 9 57 25 11 3 25 9 25 42 53 33 5 
#50 57 57 35 10 4 15 63 17 62 48 10 8 19 10 
#5 8 11 14 58 63 15 63 7 9 22 42 16 21 5 
#9 57 2 20 5 56 15 63 17 18 22 26 53 47 35 
#35 7 57 51 1 12 45 3 39 16 67 11 28 63 39 
#17 0 57 21 15 63 45 14 1 9 22 37 57 19 21 
#23 72 9 9 57 63 67 33 25 9 22 42 53 63 34 
#51 0 2 9 57 4 15 63 36 62 22 37 25 43 10 
#9 72 11 20 58 29 7 63 7 16 7 14 53 21 39 
#35 0 17 51 10 4 15 63 1 57 67 26 8 19 39 
#28 22 57 51 58 18 10 3 1 16 67 11 53 6 21 
#35 0 57 21 15 12 45 14 47 62 2 37 16 19 40 
#51 57 29 9 58 25 18 63 1 57 22 11 53 63 5 
#51 72 57 9 10 25 67 63 1 62 7 37 8 43 14 
#9 22 57 20 58 29 67 63 7 57 42 26 8 19 2 
#51 22 7 51 10 63 15 63 7 62 22 29 8 33 10 
#35 22 57 35 23 56 45 63 47 57 48 10 28 47 21 
#35 57 57 9 58 12 45 63 17 26 2 41 16 19 10 
#17 57 7 2 16 4 67 63 1 9 67 16 11 63 40 
#51 72 57 11 21 4 67 14 65 62 22 41 16 20 10 
#11 57 2 11 58 63 67 6 17 57 42 26 8 20 2 
#3 22 38 35 57 18 11 63 25 16 22 29 8 33 4 
#35 20 57 9 58 63 45 2 17 57 67 11 28 6 39 
#11 0 2 47 15 25 45 63 65 57 7 41 57 6 5 
#17 57 7 47 58 4 15 63 65 62 13 16 8 5 40 
#51 72 35 11 15 4 67 3 65 16 7 41 16 6 10 
#50 57 2 20 5 63 47 63 17 62 22 42 8 19 21 
58 48 34 57 51 30 
27 15 13 45 47 56 
23 9 22 46 52 3 
11 19 49 18 39 17 
50 59 4 8 7 16 
1 37 14 55 21 53 
#Base: 921
#Max: 617
#669924
#Turn 6
#51 22 7 11 10 63 67 3 7 16 7 41 8 6 10 
#51 57 57 35 10 4 15 63 7 62 22 29 8 33 10 
#50 57 57 47 58 4 15 63 17 62 13 16 8 5 40 
#17 57 7 2 16 4 67 63 65 9 13 16 11 5 40 
#17 20 2 2 16 4 45 63 1 9 67 37 25 47 40 
#17 0 7 9 15 4 47 63 1 18 13 10 8 47 39 
#51 0 29 51 57 4 67 63 1 18 67 11 53 47 39 
#51 57 29 9 57 25 67 3 1 57 22 11 53 43 5 
#9 57 29 9 58 29 18 63 7 57 42 11 8 63 5 
#9 0 2 20 15 25 67 63 7 57 42 26 57 19 2 
#9 72 35 11 16 14 15 37 17 57 7 41 16 5 10 
#9 72 7 35 58 4 15 37 65 9 7 37 53 19 10 
#17 72 57 9 58 25 67 63 1 62 67 41 57 19 14 
#51 72 57 11 10 4 67 63 1 62 7 41 8 43 14 
#51 72 57 2 21 4 67 20 25 62 67 29 16 63 10 
#17 7 57 21 58 63 45 3 65 57 7 37 16 20 39 
#35 22 57 11 23 4 67 2 47 57 48 10 16 20 21 
#51 72 57 35 23 56 67 63 47 62 22 10 11 63 21 
#51 72 9 9 57 4 67 63 25 9 22 29 53 63 21 
#23 72 29 2 57 63 45 33 25 26 67 44 53 63 34 
#50 57 57 9 58 63 47 63 17 26 22 42 16 19 21 
#50 57 2 20 5 4 47 63 17 62 22 29 53 63 21 
#51 57 2 9 58 4 15 63 17 62 25 42 8 63 34 
#51 1 9 35 58 63 67 63 70 9 25 42 8 33 34 
#35 22 57 35 23 18 45 63 47 9 2 11 16 47 21 
#28 0 29 51 1 12 45 3 47 16 22 11 53 63 39 
#9 72 57 51 1 29 45 63 39 16 22 11 8 63 39 
#35 20 57 9 57 29 15 63 7 57 67 11 8 19 39 
#35 20 57 9 58 63 45 2 17 57 67 41 28 6 39 
#11 57 2 11 58 56 45 63 17 57 42 26 57 20 39 
#51 72 7 11 15 56 45 3 65 16 7 10 8 6 11 
#51 22 7 51 10 63 47 63 7 62 67 29 8 33 10 
#50 0 29 9 57 4 67 3 17 57 7 10 53 43 14 
#51 57 29 9 58 25 18 63 65 62 13 16 53 63 40 
#9 57 57 20 16 4 67 63 1 9 42 16 11 63 40 
#11 0 2 47 15 25 45 63 65 57 7 37 57 6 5 
#17 72 35 9 15 56 67 14 65 57 7 10 16 6 11 
#9 72 57 35 58 4 47 37 17 57 7 37 53 19 39 
#17 0 29 9 58 25 67 63 65 57 67 37 53 19 10 
#51 57 57 9 10 25 18 63 1 62 22 11 8 43 14 
#51 22 57 20 21 29 67 14 7 57 22 26 8 20 2 
#11 0 2 47 15 4 47 63 25 57 67 41 57 6 5 
#17 72 57 11 16 14 67 3 65 57 7 37 16 19 39 
#9 72 57 11 58 4 15 37 17 57 42 26 16 19 2 
#35 0 7 35 23 63 15 63 47 57 67 41 57 19 21 
#51 72 57 9 10 4 67 63 1 62 22 37 8 43 21 
#51 72 9 9 57 4 67 14 25 62 22 42 16 20 34 
#3 57 29 2 58 25 47 63 1 26 67 44 11 63 40 
#17 7 57 21 58 12 45 3 17 62 7 41 16 19 10 
#50 72 2 11 5 4 67 63 47 62 22 42 8 19 2 
#50 57 57 35 58 56 45 63 47 18 22 10 53 63 21 
#51 72 57 9 58 4 15 63 70 62 22 29 8 33 21 
#23 72 9 9 57 63 67 33 25 9 22 42 16 19 21 
#35 57 29 2 58 18 45 63 1 26 2 44 11 47 40 
#28 0 29 9 58 12 45 63 17 26 22 44 16 21 10 
#50 7 57 20 5 63 47 3 17 16 22 42 28 19 21 
#9 72 57 9 58 4 15 63 17 57 22 37 8 63 39 
#51 20 57 35 58 63 45 63 70 57 67 42 28 6 39 
#11 0 2 35 58 63 45 63 17 9 7 42 16 20 21 
#35 57 2 20 58 18 45 6 17 57 2 26 53 47 2 
36 52 2 28 21 27 
34 49 13 38 56 46 
42 31 51 19 33 26 
20 14 50 57 12 18 
7 37 29 17 23 47 
53 22 45 6 44 15 
#Base: 921
#Max: 701
#761129
#Turn 7
#17 72 35 9 57 63 67 14 65 9 22 10 16 6 11 
#23 57 57 9 58 63 15 33 17 62 13 42 16 5 21 
#50 57 57 9 58 4 15 63 17 62 13 41 28 5 39 
#35 20 2 9 58 4 47 2 17 57 67 29 28 6 21 
#50 20 2 20 57 4 47 63 7 57 22 29 53 19 21 
#9 72 57 20 16 4 67 63 1 9 22 42 11 19 2 
#51 72 57 11 5 4 67 63 1 62 7 41 8 19 2 
#51 72 29 9 58 25 67 63 65 57 67 37 8 19 10 
#9 72 57 9 58 4 67 63 17 57 67 37 8 19 10 
#51 72 57 9 58 4 67 63 25 62 22 37 16 63 34 
#51 72 7 51 16 63 67 3 7 57 67 29 8 19 10 
#51 72 7 51 10 4 47 63 7 62 67 29 8 33 21 
#51 72 57 9 58 4 15 63 70 26 67 29 8 63 21 
#51 72 29 2 58 63 18 33 25 26 13 44 53 63 40 
#9 72 29 9 58 29 18 63 39 16 13 16 53 63 40 
#51 72 57 2 58 63 47 63 25 62 67 42 16 63 21 
#50 57 57 35 58 4 67 20 25 62 22 29 16 63 10 
#51 57 57 35 58 56 45 63 47 18 22 42 28 63 21 
#51 20 57 35 58 25 45 63 1 57 67 41 57 6 39 
#51 72 9 9 57 25 67 63 25 9 22 29 57 63 14 
#51 72 57 35 58 4 47 37 1 57 7 37 53 19 39 
#9 57 2 35 58 4 45 37 17 57 42 26 57 20 39 
#11 72 2 11 58 56 67 63 17 62 42 10 11 63 21 
#51 72 57 35 23 63 67 63 47 9 22 10 8 63 34 
#3 57 29 35 58 63 67 63 1 26 25 42 8 33 40 
#51 57 29 9 58 18 45 63 1 26 25 42 11 63 40 
#51 57 57 9 10 4 67 63 1 62 25 42 8 43 34 
#51 72 57 51 10 4 67 63 1 62 22 37 8 43 39 
#35 0 29 35 23 4 67 63 47 57 67 11 57 47 39 
#35 7 57 21 23 63 15 63 47 57 67 41 57 20 39 
#9 57 57 20 15 56 67 63 65 57 7 16 11 63 11 
#23 72 2 9 57 4 67 33 25 9 22 42 8 19 21 
#50 57 57 47 10 4 67 63 1 62 13 41 8 43 14 
#17 0 57 9 58 63 67 2 17 57 67 37 28 6 10 
#50 57 2 9 5 4 15 63 17 62 22 29 53 63 21 
#35 72 9 9 57 4 15 14 7 57 67 42 8 19 34 
#9 72 57 11 16 14 67 3 65 9 7 16 16 63 39 
#50 22 2 11 10 63 47 63 7 62 22 29 8 33 2 
#51 72 57 9 58 4 67 63 1 62 7 41 8 33 21 
#17 72 29 9 57 25 45 33 25 26 67 37 53 19 34 
#9 57 57 9 58 4 15 63 65 57 22 16 8 63 40 
#51 72 9 51 1 4 67 14 25 62 22 11 8 20 34 
#17 57 57 9 16 63 47 63 17 57 7 37 16 19 21 
#51 72 7 51 21 4 47 63 7 62 67 29 16 63 10 
#50 57 57 9 58 4 15 63 70 18 22 10 53 33 21 
#23 20 29 2 58 63 45 33 70 26 67 42 28 63 34 
#51 72 29 9 58 25 67 63 65 62 67 41 57 19 40 
#51 72 57 51 57 29 67 63 39 16 22 11 53 63 39 
#51 57 29 9 58 63 67 63 17 57 22 11 16 19 5 
#9 72 57 2 58 4 67 20 17 57 7 29 16 63 10 
#11 57 57 35 58 56 45 63 47 57 42 26 53 20 39 
#51 72 57 35 23 56 45 63 47 62 67 42 28 6 21 
#51 72 57 35 58 63 67 63 70 62 67 41 57 19 34 
#3 72 29 9 58 25 47 63 1 26 22 29 11 63 40 
#35 57 29 9 58 25 67 63 1 57 22 44 53 47 40 
#9 57 57 9 58 4 47 63 17 62 7 37 53 63 34 
#51 72 57 11 10 56 67 63 1 62 22 37 8 43 21 
#51 0 29 51 23 4 67 63 47 18 67 10 53 47 21 
#51 1 7 35 58 63 15 63 47 57 25 42 57 19 21 
#17 7 29 21 58 25 47 63 65 57 7 44 11 20 40 
26 32 16 28 20 40 
48 57 43 17 30 8 
58 55 9 51 50 22 
54 7 47 52 15 18 
24 13 29 46 23 27 
44 19 56 12 45 38 
#Base: 921
#Max: 816
#885993
#Turn 8
#51 57 57 47 10 4 67 63 1 62 13 41 8 43 14 
#50 57 57 35 10 4 67 20 1 62 13 41 16 43 10 
#50 0 57 35 23 4 67 20 25 57 22 11 16 47 10 
#51 72 57 35 58 4 47 37 1 57 67 11 53 19 39 
#9 57 57 35 58 4 47 37 1 57 7 16 53 19 40 
#51 0 29 51 58 4 67 63 17 18 67 11 16 47 21 
#51 72 7 51 21 4 67 63 47 18 67 29 16 63 10 
#51 72 57 35 58 56 45 63 7 18 22 29 16 63 10 
#9 57 57 35 15 56 45 63 65 18 7 16 11 63 21 
#9 57 57 20 58 56 67 63 17 57 7 16 11 19 10 
#9 57 7 9 58 63 15 63 47 62 7 42 53 19 21 
#51 57 57 9 58 4 67 63 17 62 7 37 53 63 34 
#51 72 57 9 58 4 45 63 47 62 67 42 28 63 34 
#11 57 57 35 23 56 45 63 47 57 67 26 28 6 21 
#11 57 57 35 58 56 67 63 17 62 42 10 11 20 21 
#51 57 29 9 58 25 67 63 1 57 22 37 8 47 10 
#51 72 57 9 57 25 67 63 65 57 22 37 53 19 10 
#51 72 57 35 57 29 67 63 70 16 22 41 57 63 34 
#51 72 57 2 58 63 47 63 70 62 67 41 16 63 34 
#51 72 57 35 58 63 47 63 1 57 67 42 16 6 39 
#3 57 29 2 58 63 67 63 1 26 25 44 53 63 40 
#51 7 57 2 58 63 15 33 25 26 13 44 57 20 40 
#35 72 57 9 23 25 15 63 47 62 67 41 57 20 40 
#51 72 57 9 58 25 67 63 65 62 67 41 57 63 40 
#51 72 57 51 23 4 67 63 1 9 22 37 8 63 39 
#51 57 57 9 58 4 15 63 70 9 22 10 57 33 14 
#51 72 9 11 57 25 67 63 1 62 22 29 8 43 21 
#51 72 57 11 10 56 15 63 1 62 67 37 8 63 21 
#23 20 29 2 58 4 45 63 70 26 67 29 28 63 21 
#23 72 57 9 58 4 45 33 70 26 7 41 28 63 21 
#51 57 57 9 58 63 67 63 1 62 22 42 8 43 34 
#51 0 57 51 10 4 67 63 1 62 13 10 53 43 14 
#50 72 7 51 58 4 67 20 7 62 67 29 16 63 10 
#51 0 57 35 23 4 45 63 47 18 67 42 28 47 39 
#51 72 57 35 58 56 67 37 1 57 7 16 53 63 11 
#9 72 57 9 58 4 67 63 65 57 67 16 8 19 10 
#51 57 7 35 58 63 15 63 17 57 25 42 57 19 21 
#51 0 29 9 58 4 67 63 47 18 67 10 53 63 34 
#51 72 7 51 58 4 47 63 25 62 22 29 16 63 34 
#51 72 57 35 23 56 45 63 47 62 67 42 28 63 21 
#9 57 57 20 58 56 45 63 65 57 42 26 53 63 39 
#9 72 57 9 58 56 67 63 17 57 42 10 11 19 10 
#35 1 29 35 58 25 67 63 47 57 22 44 57 19 40 
#9 72 29 9 58 4 67 63 65 62 67 37 8 63 34 
#51 72 57 51 58 29 67 63 39 62 22 37 53 63 39 
#51 72 57 35 58 63 67 63 70 62 67 42 28 19 34 
#11 57 57 2 58 63 47 63 25 57 42 42 53 63 21 
#11 72 57 35 58 56 67 63 1 62 67 41 57 63 39 
#3 57 29 9 58 63 67 63 1 26 22 42 8 47 40 
#51 72 29 9 58 25 67 33 65 26 13 44 8 19 10 
#35 72 57 51 23 29 67 63 47 57 22 11 53 20 39 
#51 72 29 35 58 63 67 63 70 62 67 41 57 19 40 
#51 72 57 2 58 63 47 63 25 9 67 10 16 63 21 
#51 72 57 35 58 25 45 63 1 57 67 41 8 43 39 
#50 57 57 35 58 63 67 63 1 18 25 42 53 33 21 
#51 72 29 2 57 63 18 63 25 26 13 29 57 63 14 
#51 72 57 21 23 63 67 63 47 62 22 37 8 20 21 
#51 72 29 9 58 4 67 63 70 62 67 41 8 19 40 
#23 72 57 35 58 63 67 33 70 9 22 10 8 63 34 
#51 72 57 51 58 4 67 63 1 62 7 41 8 43 21 
6 36 3 34 52 20 
27 13 56 17 11 38 
7 30 39 44 47 22 
46 40 18 23 45 16 
42 54 53 51 12 43 
14 58 50 19 57 59 
#Base: 921
#Max: 797
#865364
#Turn 9
#51 72 7 51 21 63 67 63 47 18 67 29 16 63 21 
#51 57 57 35 58 4 15 63 17 57 67 42 57 19 39 
#51 72 57 35 58 56 47 37 1 57 7 16 53 63 11 
#51 72 57 2 58 56 47 37 25 9 7 10 53 63 21 
#3 57 57 2 58 63 47 63 1 26 67 10 53 63 21 
#11 57 57 35 10 56 15 63 1 57 67 37 8 6 21 
#51 72 57 21 23 56 45 63 47 57 22 26 8 6 21 
#51 72 57 35 23 63 67 63 70 16 22 37 57 63 34 
#51 72 57 35 57 4 67 63 70 62 22 41 53 63 34 
#51 57 7 51 58 4 47 63 17 62 22 29 53 63 34 
#51 57 57 35 58 63 45 63 7 62 22 42 8 43 34 
#51 72 57 35 58 63 45 63 1 62 22 42 8 43 34 
#51 72 57 51 58 56 67 63 39 62 67 42 28 63 21 
#51 72 57 35 58 29 67 63 39 62 67 41 57 63 39 
#11 72 57 9 58 56 15 63 1 62 67 41 57 20 40 
#9 57 57 2 58 63 45 63 25 57 42 26 53 63 21 
#51 72 57 2 58 56 45 63 65 62 42 41 53 63 39 
#51 72 57 9 58 63 67 63 70 62 67 41 16 63 40 
#51 72 57 35 58 25 67 63 65 62 67 42 28 19 40 
#51 72 57 9 57 63 67 63 65 62 67 37 53 19 10 
#35 1 29 35 58 25 67 63 1 57 25 44 53 19 21 
#51 72 57 35 58 63 45 63 1 57 67 41 53 33 39 
#51 72 57 35 58 63 67 63 1 57 67 41 8 19 39 
#51 72 29 35 58 4 45 63 70 62 67 42 28 19 40 
#51 72 57 9 58 4 45 63 65 62 67 37 8 63 34 
#11 57 57 35 58 63 67 63 70 9 22 10 11 63 34 
#35 72 57 35 23 29 67 33 70 9 22 11 8 63 34 
#35 72 57 35 23 29 47 63 47 57 67 11 16 20 39 
#51 72 57 35 58 63 67 63 1 62 67 41 8 6 39 
#51 72 57 51 58 4 67 63 70 62 67 41 8 19 40 
#51 72 57 11 21 56 67 63 47 62 67 29 8 63 21 
#11 57 57 35 23 63 45 63 17 57 67 26 28 19 21 
#51 72 57 35 58 63 67 63 1 57 67 37 53 19 39 
#51 72 57 35 57 56 67 37 70 57 7 16 57 63 11 
#51 57 57 2 58 4 67 63 17 62 7 10 53 63 21 
#3 72 29 2 58 4 47 63 25 62 25 29 53 63 34 
#51 72 57 11 58 56 15 63 1 62 22 29 16 63 10 
#51 57 57 9 58 63 45 63 1 57 22 42 8 43 21 
#51 72 57 21 23 63 45 63 47 62 67 42 28 20 21 
#51 72 57 51 58 29 67 63 70 62 22 37 57 63 34 
#11 72 57 9 58 4 67 63 1 62 67 41 57 63 34 
#51 72 57 51 58 25 47 63 25 62 22 41 57 20 40 
#11 72 57 2 58 56 47 63 7 18 22 42 53 63 10 
#51 57 57 20 58 63 45 63 1 57 42 42 8 63 34 
#51 72 57 2 58 56 47 63 47 62 67 41 28 63 34 
#51 72 57 9 58 29 67 63 65 62 22 41 53 63 40 
#51 72 57 35 58 56 67 63 70 62 67 41 57 19 39 
#51 72 57 9 23 25 67 63 65 57 67 41 53 19 10 
#35 57 57 35 58 63 67 63 47 57 42 44 53 19 21 
#50 57 57 35 58 63 67 63 65 18 25 26 53 63 39 
#51 72 57 2 58 63 47 63 70 62 67 41 16 43 34 
#51 72 57 35 58 25 67 63 70 62 67 41 57 19 40 
#51 72 57 35 58 4 45 63 70 62 67 42 28 19 34 
#51 72 57 9 57 25 67 63 65 57 67 37 8 63 10 
#11 57 57 35 58 25 67 63 17 57 42 10 57 19 40 
#50 72 57 35 58 63 67 33 1 18 22 42 53 63 21 
#35 72 57 51 58 25 67 63 1 57 67 41 53 43 39 
#51 72 57 35 58 63 47 63 1 62 67 42 57 19 39 
#51 72 57 9 58 4 45 63 47 62 67 42 28 19 40 
#9 72 57 51 58 4 67 63 65 62 67 37 8 43 21 
0 58 30 56 53 47 
59 23 33 16 48 38 
24 29 18 17 51 52 
50 45 39 46 12 44 
28 57 49 13 8 21 
43 41 7 19 32 22 
#Base: 921
#Max: 814
#883822
#51 72 57 9 21 4 67 63 47 18 67 42 28 19 21 
#51 72 57 11 21 56 67 63 47 62 67 42 8 63 40 
#51 72 57 51 58 56 67 63 47 57 67 41 53 43 39 
#51 72 57 51 58 25 67 63 65 57 67 41 8 63 39 
#51 72 57 9 57 25 67 63 65 57 67 41 53 19 10 
#51 72 57 35 58 4 45 63 65 62 67 37 8 19 40 
#51 72 57 35 57 4 45 63 70 62 7 42 57 63 11 
#51 72 57 2 57 56 45 37 70 57 7 16 53 63 39 
#35 57 57 2 58 63 45 63 65 62 42 41 53 19 21 
#51 57 57 21 58 63 45 63 47 57 67 42 53 20 21 
#51 72 57 51 58 4 45 63 70 62 67 41 8 63 34 
#51 72 57 35 58 4 67 63 65 62 67 41 28 19 40 
#51 72 57 35 58 25 67 63 65 62 67 41 16 63 40 
#51 72 57 35 58 63 67 63 70 62 67 41 16 19 40 
#51 72 57 35 58 25 67 63 70 62 67 42 57 19 34 
#51 72 57 9 58 63 67 63 65 62 67 41 16 43 34 
#51 72 57 51 58 29 67 63 70 62 22 41 53 63 34 
#51 72 57 35 58 29 67 63 70 62 67 41 57 63 34 
#51 72 57 51 58 56 67 63 70 62 67 41 28 63 39 
#51 72 57 51 58 56 47 63 39 62 67 42 28 63 21 
#51 72 57 35 58 63 67 63 1 62 67 41 8 6 39 
#50 72 57 35 58 63 47 63 65 18 25 26 57 63 39 
#51 72 57 35 58 63 67 63 39 18 67 26 53 63 39 
#51 72 57 35 58 29 67 63 39 62 22 41 53 63 34 
#51 72 57 35 58 4 45 63 1 57 67 41 53 63 39 
#51 57 57 20 58 25 45 63 1 57 22 41 57 20 34 
#51 72 57 51 58 25 47 63 25 62 22 41 57 63 40 
#51 72 57 9 23 63 67 63 70 16 22 37 57 63 10 
#51 72 57 9 58 63 67 63 65 62 67 37 53 19 39 
#51 72 57 35 58 63 67 63 1 57 67 41 8 19 39 
#9 72 57 51 58 4 67 63 47 62 67 29 16 63 21 
#51 72 29 9 58 4 45 63 70 62 67 42 28 19 40 
#51 72 57 35 21 56 67 63 47 57 7 29 57 63 21 
#35 72 57 51 58 56 45 63 1 57 42 41 53 63 39 
#35 57 57 35 57 25 67 63 65 57 67 44 53 19 10 
#51 72 57 9 23 25 45 63 65 62 67 41 28 20 21 
#51 72 57 51 58 4 45 63 65 62 67 37 8 63 34 
#51 72 57 51 58 4 45 63 70 62 67 42 8 19 40 
#51 72 57 35 58 25 67 63 65 57 67 42 28 63 40 
#51 72 57 9 58 63 67 63 65 62 42 41 16 63 39 
#35 57 57 35 58 63 67 63 47 57 42 41 57 19 40 
#51 72 57 35 58 63 45 63 70 62 67 42 28 19 34 
#51 72 57 9 58 4 45 63 70 62 67 37 8 43 34 
#51 72 57 51 58 29 67 63 65 62 22 41 53 19 40 
#51 72 57 35 58 29 67 63 70 62 22 37 57 19 40 
#51 72 57 35 58 63 67 63 70 62 67 41 16 19 40 
#51 72 57 35 58 25 67 63 39 62 67 42 28 63 21 
#51 72 57 2 58 56 45 63 70 62 67 41 28 19 34 
#51 72 57 35 58 63 67 63 1 62 67 41 16 43 39 
#51 72 57 35 58 63 47 63 65 62 22 42 53 19 40 
#51 72 57 35 58 63 67 63 65 18 22 37 57 63 34 
#51 72 57 35 58 29 67 63 39 62 67 41 57 19 39 
#51 72 57 51 58 4 67 63 39 62 67 41 28 63 21 
#51 72 57 2 58 63 47 63 1 57 67 41 28 33 39 
#51 57 57 35 58 63 67 63 1 62 42 42 8 6 39 
#51 72 57 35 58 63 47 63 1 62 22 41 57 20 39 
#51 57 57 35 58 63 67 63 70 18 22 37 57 63 39 
#51 72 57 9 58 63 67 63 39 62 67 41 57 19 10 
#51 72 57 35 57 4 67 63 1 57 22 41 53 63 39 
#51 72 57 35 58 63 45 63 1 57 67 41 53 33 39 
#Base: 921
#Max: 845
#917481
