#[0] 3, 3
#[1] 4, 3
#[2] 3, 4
#[3] 3, 2
#[4] 2, 3
#[5] 2, 4
#[6] 1, 3
#[7] 2, 2
#[8] 3, 1
#[9] 4, 4
#[10] 5, 3
#[11] 3, 5
#[12] 4, 2
#[13] 3, 0
#[14] 5, 4
#[15] 4, 5
#[16] 5, 2
#[17] 4, 1
#[18] 0, 3
#[19] 1, 4
#[20] 2, 1
#[21] 1, 2
#[22] 2, 5
#[23] 0, 4
#[24] 5, 1
#[25] 0, 2
#[26] 5, 5
#[27] 1, 5
#[28] 2, 0
#[29] 1, 1
#[30] 4, 0
#[31] 0, 5
#[32] 1, 0
#[33] 0, 1
#[34] 5, 0
#[35] 0, 0
#Turn 0
29 48 16 0 15 12 
17 8 18 55 5 59 
34 56 20 39 54 57 
36 3 25 4 50 26 
53 11 35 44 1 49 
40 58 24 14 28 21 
#Base: 930
#Max: 347
#373118
#Turn 1
#14 5 8 10 40 37 17 11 12 38 8 18 45 40 16 
#14 5 23 9 6 37 0 58 12 29 5 31 26 40 3 
#23 53 10 9 13 12 0 58 17 15 5 2 2 0 38 
#4 30 16 4 13 12 18 41 7 27 29 3 17 27 15 
#57 30 16 27 29 22 8 46 7 27 14 3 46 48 5 
#19 59 21 17 34 3 10 8 8 55 25 26 5 33 21 
#31 18 13 46 34 18 10 19 6 24 32 26 16 57 2 
#2 18 34 29 6 18 35 12 4 32 3 10 3 57 2 
#2 19 34 7 13 46 4 12 47 32 3 8 3 61 8 
#29 1 13 12 13 8 4 36 47 2 26 19 53 20 8 
#26 6 18 28 26 17 1 25 14 9 44 54 38 11 16 
#0 13 39 21 4 9 63 3 11 35 44 54 41 8 8 
#8 35 11 21 21 11 3 3 22 7 56 4 33 8 1 
#6 35 11 34 23 11 3 56 13 7 56 15 19 1 18 
#6 0 25 21 23 9 31 14 39 6 6 11 19 1 18 
#20 13 51 20 12 10 5 1 57 24 24 21 62 7 24 
#0 14 20 18 4 10 38 16 41 1 25 12 62 67 4 
#11 13 14 35 45 4 5 13 0 25 25 38 1 67 17 
#11 13 5 17 4 40 5 13 22 25 15 38 4 7 73 
#21 18 10 3 4 52 32 13 12 56 11 27 11 7 13 
#26 4 18 6 24 53 20 18 4 32 7 19 13 53 5 
#3 43 18 2 10 62 1 21 55 32 7 21 17 53 13 
#23 43 4 7 10 32 13 1 32 26 2 21 8 8 75 
#2 8 10 6 48 32 13 1 5 3 21 27 8 8 5 
#13 7 10 6 48 3 5 51 8 24 21 27 7 21 9 
#23 7 10 38 33 15 3 25 20 24 60 24 29 20 3 
#7 34 58 62 15 16 1 1 22 22 24 24 29 38 11 
#39 5 38 62 9 15 1 29 14 0 24 9 29 16 14 
#18 8 36 64 28 17 29 40 14 23 17 15 0 2 14 
#11 8 36 27 10 17 10 40 55 23 54 27 24 2 24 
#32 13 8 10 40 29 6 20 6 25 25 23 5 28 16 
#14 17 13 10 43 3 10 8 8 55 25 26 3 31 21 
#31 18 10 9 6 18 35 19 6 41 32 2 16 3 38 
#4 19 34 9 13 46 21 12 46 32 5 8 3 0 29 
#45 30 16 4 3 28 4 3 47 27 29 19 17 11 2 
#25 1 36 12 29 2 8 37 47 2 0 29 46 20 21 
#32 4 25 17 0 17 6 20 14 9 25 15 5 48 16 
#0 6 13 29 34 9 10 25 11 35 25 26 3 31 8 
#8 13 39 21 6 18 63 3 22 24 14 5 16 8 2 
#2 19 34 34 11 46 3 56 13 32 3 8 18 20 1 
#6 0 20 35 13 28 4 30 39 6 6 15 19 11 8 
#29 1 36 12 18 6 13 14 47 2 59 11 15 37 7 
#0 4 25 28 12 17 48 1 14 24 24 21 2 48 16 
#20 13 18 29 4 10 38 14 11 1 44 12 62 25 8 
#8 13 39 35 21 2 2 3 22 21 25 5 33 8 39 
#6 13 11 17 11 11 5 56 22 7 15 4 18 20 19 
#5 22 20 35 23 9 65 30 18 6 6 15 19 7 18 
#41 0 25 21 38 6 31 5 21 56 59 11 9 37 7 
#0 4 16 15 12 5 35 1 4 21 9 21 13 44 29 
#20 20 18 18 13 10 38 20 55 1 33 4 62 53 4 
#3 14 20 35 45 62 2 16 0 21 1 9 1 67 17 
#11 13 14 17 76 32 13 13 5 25 2 38 4 10 19 
#5 22 5 3 48 52 32 51 8 5 11 27 11 21 5 
#13 7 37 7 38 3 5 18 10 56 41 25 9 1 13 
#26 4 16 15 33 53 35 25 4 24 60 0 29 20 29 
#27 34 58 6 15 15 20 20 55 32 7 4 14 53 3 
#3 29 4 2 5 16 1 29 22 0 24 21 29 16 11 
#17 24 38 64 9 32 13 29 5 3 17 4 8 35 75 
#18 8 36 6 48 52 20 51 55 23 17 15 7 2 5 
#13 7 37 7 10 13 10 18 10 24 41 25 24 19 9 
19 20 43 5 6 10 
35 39 52 58 8 2 
25 13 55 49 11 28 
54 47 50 57 16 26 
1 18 22 21 15 51 
46 41 17 4 29 27 
#Base: 930
#Max: 385
#413978
#Turn 2
#21 18 10 3 4 53 32 18 12 56 11 19 13 7 13 
#20 4 18 29 24 53 20 14 11 1 7 19 62 53 5 
#19 59 21 17 34 10 38 8 8 55 44 26 62 25 21 
#19 59 13 17 34 18 10 19 8 24 32 26 16 57 2 
#26 6 13 46 26 17 10 19 6 9 32 54 38 11 2 
#2 1 34 12 29 46 3 37 47 32 3 29 46 20 1 
#2 22 5 3 48 52 32 51 13 32 11 8 18 21 1 
#18 8 5 3 48 52 20 51 8 5 17 15 11 2 5 
#2 8 36 7 48 46 4 51 47 23 17 15 3 2 8 
#23 53 10 7 13 46 4 12 17 32 3 8 3 61 8 
#6 7 10 38 23 11 3 25 13 7 60 15 19 20 18 
#6 35 11 6 23 15 20 20 13 32 56 15 19 53 18 
#20 34 58 18 13 10 38 20 55 32 7 4 62 53 3 
#20 13 18 21 4 10 38 3 55 1 33 4 41 8 8 
#18 8 36 21 28 17 63 3 11 23 17 15 0 8 14 
#41 4 16 21 38 6 35 25 21 56 59 0 9 20 7 
#41 0 25 35 45 6 2 5 0 21 59 11 1 37 17 
#17 24 20 35 45 32 2 29 0 21 17 4 8 67 17 
#17 14 38 18 4 10 13 16 5 3 25 4 62 35 4 
#0 14 58 62 15 16 1 16 41 22 24 12 62 67 11 
#14 5 5 9 6 40 5 13 12 29 15 38 26 7 3 
#23 13 5 7 4 40 13 13 32 26 2 21 8 8 75 
#23 43 4 7 10 62 1 21 32 32 7 21 17 8 75 
#3 13 18 20 12 62 5 1 55 24 7 21 17 53 24 
#20 13 51 17 76 10 5 13 5 24 2 21 4 7 19 
#5 22 20 35 23 9 13 30 47 2 59 11 19 37 7 
#29 1 36 35 45 6 13 13 47 2 59 38 1 67 7 
#57 13 14 35 29 4 5 13 0 25 25 3 1 67 5 
#11 8 36 27 29 22 10 46 7 23 54 27 24 2 5 
#11 5 38 27 10 17 10 29 14 23 54 27 24 16 14 
#25 18 36 3 29 52 32 13 47 56 0 27 11 20 21 
#26 4 18 6 24 53 20 18 13 32 7 19 18 20 5 
#5 22 18 29 4 10 38 14 11 1 44 12 62 21 5 
#19 59 21 6 34 3 10 8 8 55 25 15 7 2 5 
#31 19 34 7 13 18 10 19 47 24 32 8 16 57 2 
#23 6 10 28 26 12 1 58 17 9 5 2 38 0 16 
#25 1 10 38 29 2 3 37 20 2 60 24 29 20 21 
#6 19 34 34 23 11 3 56 13 32 56 15 19 1 18 
#27 22 58 3 15 15 20 20 55 32 11 4 14 21 3 
#20 20 18 6 48 52 38 20 55 23 17 4 7 2 4 
#0 19 39 7 4 46 63 3 11 35 44 8 41 8 8 
#23 53 10 9 28 17 29 58 17 23 5 2 0 2 38 
#26 7 16 15 33 53 35 25 4 24 60 0 29 20 3 
#41 35 11 21 23 11 31 56 13 7 59 11 9 37 18 
#3 14 20 35 45 62 2 16 0 32 1 4 1 53 3 
#20 24 38 18 13 10 38 20 55 1 17 4 8 53 4 
#0 13 39 18 4 9 63 16 41 35 25 54 41 8 4 
#18 8 58 64 28 17 1 40 22 22 17 24 0 38 11 
#14 5 16 9 6 53 35 58 12 29 5 31 26 20 29 
#11 13 25 21 38 40 5 5 21 25 59 38 4 37 73 
#3 43 20 35 45 32 13 16 0 21 2 9 8 8 17 
#17 43 18 64 9 62 1 29 5 3 17 21 8 53 75 
#0 14 20 18 4 10 5 16 57 1 25 12 62 67 4 
#7 13 58 17 15 16 1 1 22 22 2 38 29 10 11 
#5 22 23 35 6 37 65 30 12 29 6 31 26 40 3 
#11 1 36 12 4 6 13 14 22 25 15 38 4 7 7 
#11 13 4 35 10 4 13 1 32 26 25 38 8 67 75 
#3 30 18 27 10 22 1 46 7 32 7 21 17 48 13 
#11 13 36 27 12 10 5 1 57 24 24 27 24 2 24 
#39 13 38 62 76 15 1 13 5 25 2 9 29 10 19 
41 6 39 54 17 21 
16 9 24 56 27 5 
48 44 22 2 49 42 
30 59 26 51 12 47 
37 1 43 19 52 15 
25 3 23 46 40 8 
#Base: 930
#Max: 447
#480645
#Turn 3
#23 53 5 9 48 17 29 58 17 32 11 2 18 21 38 
#20 20 5 6 48 52 32 20 13 23 11 4 7 2 4 
#5 22 18 6 6 37 38 30 55 23 6 31 26 2 4 
#5 24 20 35 6 32 2 29 12 29 6 31 8 67 17 
#17 24 20 7 45 40 13 29 32 21 17 4 8 8 75 
#23 0 25 7 13 46 4 12 0 21 3 11 1 37 17 
#20 53 10 7 13 10 5 13 5 32 2 21 4 61 8 
#11 13 51 17 10 10 5 13 32 24 2 38 4 67 19 
#57 13 4 35 29 4 5 1 0 26 25 38 8 67 5 
#2 13 14 12 29 4 5 37 47 32 25 29 46 67 1 
#14 14 20 35 6 53 35 58 0 29 1 31 26 20 29 
#3 14 20 7 45 62 1 21 32 32 7 4 1 53 75 
#23 43 4 7 34 10 1 8 32 32 44 21 62 25 21 
#19 59 25 17 34 40 5 8 8 55 59 38 62 37 21 
#11 13 16 15 33 40 35 5 21 25 59 0 29 37 73 
#39 13 38 62 76 52 32 13 47 25 0 9 11 20 19 
#29 1 36 62 45 6 13 13 5 2 2 9 1 10 7 
#17 43 36 64 45 62 13 29 5 2 59 21 1 53 7 
#20 34 18 64 13 10 1 29 5 3 17 21 62 53 75 
#20 8 58 18 28 17 1 40 22 32 7 4 0 53 3 
#6 4 18 34 24 53 20 56 11 32 7 15 19 53 18 
#41 4 11 21 23 11 31 14 13 7 7 19 9 37 18 
#41 14 11 62 23 16 31 16 41 22 24 12 62 67 11 
#0 14 20 18 4 16 1 16 41 1 25 12 62 67 11 
#41 14 16 21 4 10 35 16 57 1 25 12 9 67 7 
#19 59 20 35 23 9 13 30 47 24 32 11 16 37 2 
#3 13 18 17 12 18 5 1 55 24 7 21 17 57 2 
#3 13 39 18 12 62 5 1 55 24 7 54 17 53 24 
#0 13 39 7 4 9 63 3 41 35 44 8 41 8 4 
#2 19 39 7 4 46 63 51 47 23 44 15 41 2 8 
#41 0 25 35 28 17 29 5 0 21 5 11 1 2 17 
#2 22 10 3 48 46 32 51 17 32 11 8 3 61 8 
#20 13 51 6 76 10 38 13 5 24 17 4 7 7 19 
#11 13 23 35 10 4 13 1 12 29 25 31 8 67 75 
#57 13 14 35 45 32 2 29 0 25 17 3 1 67 5 
#23 1 5 7 29 46 3 13 32 32 3 29 46 8 1 
#14 0 16 35 6 53 35 58 12 29 5 11 1 20 29 
#3 14 10 7 45 46 4 16 17 32 3 8 3 61 8 
#20 43 4 7 10 62 5 13 32 32 2 21 4 7 19 
#11 13 21 17 10 4 38 8 32 26 44 26 62 25 21 
#57 13 25 21 29 4 5 5 0 25 59 3 4 67 5 
#26 1 16 15 29 46 3 25 47 24 3 29 46 20 1 
#14 5 16 9 29 52 32 13 12 29 5 31 26 20 29 
#3 14 38 62 76 62 1 16 0 25 1 9 29 10 3 
#23 43 4 35 10 6 1 21 32 2 59 21 17 8 7 
#17 59 21 17 34 10 38 8 8 3 44 26 62 53 21 
#20 34 58 21 13 10 5 20 55 32 59 38 62 53 3 
#26 8 58 64 33 17 35 25 4 24 60 0 0 38 11 
#6 18 34 3 29 52 3 56 47 56 56 27 11 1 18 
#20 4 38 29 76 15 20 14 11 1 7 9 62 10 5 
#41 1 36 35 23 11 13 13 47 2 59 11 1 37 7 
#0 14 58 62 9 16 1 29 41 22 24 21 62 53 75 
#0 14 58 18 13 10 38 20 57 32 25 4 62 67 4 
#41 4 16 21 38 6 1 40 22 56 59 0 9 38 11 
#5 22 34 34 23 11 13 56 13 2 59 15 19 37 7 
#20 4 18 17 34 18 20 14 8 1 32 19 16 57 2 
#41 13 18 20 23 62 31 56 55 7 59 21 17 53 24 
#0 14 58 62 15 16 63 16 41 22 25 54 41 8 4 
#0 19 39 7 4 10 63 16 57 35 44 8 41 8 4 
#2 8 36 7 38 46 35 25 21 23 59 0 9 20 8 
32 23 31 33 49 10 
12 8 34 15 58 4 
20 40 57 13 18 53 
47 52 17 51 56 48 
24 27 43 46 22 45 
28 9 14 11 29 0 
#Base: 930
#Max: 500
#537634
#Turn 4
#0 14 51 18 4 16 1 16 5 24 25 4 7 67 11 
#0 22 20 18 4 46 1 16 41 1 11 12 3 67 8 
#2 13 23 35 10 46 13 51 12 29 25 8 8 61 75 
#20 13 23 35 76 15 20 1 12 1 25 9 62 67 75 
#14 4 20 29 6 53 20 14 0 1 1 9 62 10 29 
#57 13 4 35 34 10 5 1 0 26 44 21 8 25 21 
#57 13 4 35 29 32 5 29 0 25 17 38 1 67 5 
#39 13 38 35 76 52 2 13 47 25 17 9 1 20 19 
#39 19 38 7 76 10 32 13 57 35 44 8 11 8 4 
#0 24 20 7 4 10 63 29 57 21 44 4 8 8 75 
#57 13 18 21 29 4 20 56 11 25 59 15 4 53 18 
#57 14 58 21 15 16 63 5 41 25 59 3 41 67 4 
#0 59 25 17 34 16 5 8 41 22 59 38 41 37 21 
#19 59 18 64 13 10 1 8 5 55 59 38 62 53 21 
#20 34 16 64 13 6 1 29 22 56 59 21 9 53 75 
#26 14 58 18 13 10 38 20 4 24 60 0 62 67 4 
#0 14 58 18 45 10 38 29 57 32 25 4 1 53 4 
#17 14 36 64 9 62 13 29 41 2 24 21 62 53 7 
#0 14 58 62 23 62 1 56 41 7 59 21 17 53 24 
#6 18 18 20 23 62 31 56 55 7 56 27 17 1 24 
#41 14 16 21 12 62 5 16 57 24 25 12 17 67 7 
#3 13 39 62 76 62 1 16 55 25 1 54 17 10 3 
#20 34 38 62 13 62 5 16 0 32 59 38 29 10 3 
#20 34 11 62 23 16 31 16 41 22 59 12 62 67 11 
#41 59 21 62 34 10 31 8 41 3 24 26 62 53 11 
#0 13 14 7 4 4 63 3 47 32 44 8 46 8 4 
#11 13 16 12 29 4 5 37 21 25 59 0 29 37 73 
#11 13 20 7 45 62 35 5 32 32 59 0 29 37 73 
#2 19 39 7 4 62 1 51 47 23 44 4 1 53 75 
#23 19 39 9 48 46 29 58 47 23 11 2 18 2 8 
#23 13 4 6 76 10 38 8 5 24 44 21 7 7 19 
#57 14 20 18 4 4 5 1 0 1 25 38 8 67 11 
#57 13 10 3 48 46 32 29 0 25 11 8 1 67 5 
#11 13 38 35 10 4 13 13 47 25 25 31 8 67 19 
#0 4 39 29 4 15 63 16 11 1 7 9 41 10 5 
#14 24 20 35 6 53 13 29 0 29 1 31 8 20 75 
#23 43 18 7 24 10 20 56 11 32 7 21 19 25 18 
#57 13 25 35 29 4 5 1 0 25 25 38 8 67 5 
#0 14 58 35 15 16 63 29 41 22 17 3 41 8 5 
#19 13 38 17 76 40 32 8 47 25 0 9 62 20 21 
#20 34 39 7 13 10 63 29 57 3 44 21 41 53 75 
#41 4 20 7 45 40 1 40 22 21 17 4 9 8 75 
#26 8 18 34 33 53 20 56 11 24 60 15 19 38 11 
#57 13 58 21 29 4 38 20 57 25 25 4 4 67 4 
#0 14 58 64 45 62 63 29 5 2 25 54 41 8 7 
#19 14 58 62 34 40 1 8 41 22 59 38 62 37 75 
#20 34 18 64 23 62 1 29 5 3 59 21 62 53 24 
#41 18 34 21 29 52 1 40 47 56 56 27 11 1 11 
#26 14 16 21 4 10 35 16 4 1 60 12 0 38 7 
#0 14 39 18 12 62 38 1 57 32 25 54 62 53 24 
#3 43 36 62 76 62 1 29 0 25 1 21 29 53 3 
#0 14 58 62 9 16 5 20 41 32 24 38 62 53 75 
#41 14 18 62 23 16 31 56 55 22 59 21 17 53 24 
#17 59 34 3 29 10 3 56 8 56 44 27 62 53 18 
#41 13 16 21 4 10 35 3 57 1 25 12 41 8 4 
#3 13 39 12 12 62 5 1 47 32 25 54 46 67 1 
#11 14 38 15 33 62 1 5 0 25 59 0 29 10 3 
#20 34 58 21 45 10 5 20 55 32 59 4 1 53 75 
#41 19 39 62 4 16 31 16 47 22 24 15 62 67 8 
#17 53 5 9 48 10 38 8 17 32 44 2 18 21 38 
10 12 39 24 15 8 
7 19 17 44 27 22 
2 58 13 57 11 55 
50 3 40 45 18 21 
9 28 46 51 14 53 
20 43 23 49 52 47 
#Base: 930
#Max: 570
#612903
#Turn 5
#0 13 18 21 29 16 5 8 11 22 59 38 4 53 21 
#19 59 38 17 76 40 32 8 47 22 59 38 41 37 21 
#41 13 21 17 34 40 31 8 41 25 24 9 62 20 11 
#26 14 58 18 34 10 31 8 4 3 60 0 62 67 11 
#26 19 38 7 13 10 32 13 57 35 60 8 11 67 4 
#39 13 18 20 76 62 2 56 47 7 17 9 1 1 24 
#6 18 36 20 23 62 13 29 41 2 24 21 62 53 24 
#0 14 58 64 9 62 13 29 41 2 25 21 41 53 7 
#0 13 58 7 45 62 35 29 5 32 25 54 29 37 73 
#11 13 20 7 13 62 5 16 0 32 59 0 29 10 3 
#2 13 23 62 10 46 31 51 47 29 25 15 8 67 8 
#41 59 39 62 4 16 1 16 47 22 24 15 62 53 21 
#19 34 18 64 45 10 5 8 5 55 59 4 62 53 75 
#20 14 58 21 15 10 5 20 41 32 59 4 1 67 4 
#57 14 39 12 12 16 5 1 47 25 25 54 41 67 1 
#20 13 36 35 76 62 20 1 12 1 1 9 62 67 3 
#20 13 39 7 76 15 20 1 12 1 25 21 62 53 75 
#20 14 58 7 13 40 63 29 57 22 44 38 41 53 75 
#0 14 58 62 34 62 1 8 41 22 59 38 62 37 75 
#0 14 39 62 76 62 1 56 41 7 59 54 17 53 3 
#2 19 39 7 4 62 1 51 57 23 44 4 8 53 75 
#2 34 18 7 4 62 1 29 47 3 44 4 62 53 75 
#20 14 58 62 9 62 1 29 41 32 59 21 62 53 24 
#20 14 58 62 9 6 1 29 41 32 59 21 9 53 75 
#17 34 34 3 29 6 1 56 22 56 59 21 9 53 18 
#41 14 58 21 12 62 38 20 57 24 25 4 17 67 7 
#57 13 58 21 23 16 38 16 57 25 59 12 62 67 4 
#20 34 39 18 23 16 38 1 57 22 59 54 62 53 24 
#41 14 18 62 12 62 31 56 57 32 59 54 62 53 24 
#41 18 34 62 23 52 1 40 55 56 59 27 17 1 11 
#39 13 38 35 76 4 20 56 11 25 59 9 4 20 18 
#6 18 25 20 23 16 5 8 41 22 59 27 41 37 24 
#19 13 36 17 9 62 13 8 47 2 0 9 62 53 7 
#0 14 21 62 34 10 31 8 5 3 25 54 41 8 11 
#26 13 58 18 13 10 35 20 32 24 60 0 29 67 73 
#20 19 38 7 13 10 5 16 0 35 44 8 29 8 4 
#39 13 38 35 10 52 13 51 47 25 25 8 8 20 75 
#41 18 18 62 4 62 31 16 47 22 24 27 17 1 8 
#19 59 18 64 13 10 13 29 5 2 59 38 62 53 21 
#0 34 58 64 45 10 63 20 55 2 59 4 1 8 7 
#57 14 20 21 45 16 35 5 41 32 59 0 41 67 4 
#20 13 38 62 12 62 5 16 47 32 25 38 46 67 3 
#2 43 23 62 10 46 1 29 12 25 25 21 29 61 75 
#41 13 39 62 76 16 31 16 12 22 24 15 62 67 75 
#19 34 18 64 13 10 1 29 57 55 44 21 41 53 75 
#19 14 58 21 45 40 1 20 55 22 59 38 62 53 75 
#0 14 58 62 15 62 1 5 41 25 59 3 17 67 4 
#3 13 39 12 12 62 5 16 55 32 25 54 17 67 3 
#0 24 20 7 76 62 63 29 57 21 44 21 29 53 75 
#2 19 23 7 4 15 1 1 47 23 44 9 62 67 75 
#20 34 39 7 13 10 63 29 5 3 44 21 62 53 24 
#19 14 58 62 9 40 1 8 41 32 24 38 62 37 75 
#0 34 58 62 23 62 1 29 41 7 59 21 9 53 24 
#3 13 34 3 29 10 1 56 8 25 1 54 17 53 3 
#0 14 20 21 12 10 63 29 57 24 25 4 8 67 7 
#2 13 39 21 4 4 1 20 57 25 44 4 4 53 75 
#20 34 18 62 23 62 1 16 5 22 59 21 62 67 24 
#0 14 58 62 12 62 38 20 57 32 25 54 62 53 24 
#20 34 16 62 13 16 31 56 22 56 59 21 9 53 75 
#17 18 34 3 29 10 3 56 8 56 44 27 62 53 18 
36 40 11 27 41 15 
25 39 21 57 29 38 
16 52 17 45 19 20 
26 22 43 28 18 44 
42 56 1 48 12 8 
7 34 23 58 51 46 
#Base: 930
#Max: 637
#684946
#Turn 6
#57 13 20 21 45 16 13 51 41 32 25 0 41 20 4 
#41 59 39 62 45 16 1 16 41 32 59 15 41 53 4 
#20 34 39 18 23 16 1 1 47 22 59 15 62 53 21 
#20 34 38 62 12 62 5 1 47 32 59 54 46 67 3 
#20 13 36 35 12 62 5 1 12 32 1 38 62 67 3 
#41 34 58 64 45 62 63 20 55 24 59 4 17 8 7 
#0 34 58 64 45 10 1 29 55 3 59 4 62 53 7 
#0 34 58 7 4 62 1 29 47 32 25 4 62 53 24 
#0 14 58 62 23 62 1 20 57 32 25 54 17 1 11 
#41 59 18 62 23 10 13 40 5 56 59 27 62 1 21 
#0 13 39 62 76 62 1 29 12 7 25 21 62 53 75 
#0 14 58 7 23 62 1 29 57 22 59 21 41 53 24 
#20 14 58 21 45 40 63 29 57 22 59 38 41 53 75 
#19 14 58 62 45 62 1 56 41 7 59 54 17 53 75 
#2 14 39 62 4 62 1 56 41 7 59 54 17 53 3 
#57 13 58 21 23 62 1 29 41 25 59 21 62 53 4 
#41 13 39 62 76 16 1 29 12 22 24 21 62 53 24 
#41 14 18 62 76 16 31 16 12 22 24 54 62 53 75 
#0 14 58 62 12 62 31 8 57 22 59 38 62 37 75 
#0 34 18 62 13 62 1 8 41 22 59 38 62 37 75 
#2 43 18 62 10 62 1 16 12 25 59 21 29 61 75 
#19 59 18 62 76 40 32 16 47 22 59 38 41 37 24 
#19 59 20 17 76 62 63 29 47 22 44 38 29 53 75 
#19 34 20 64 76 62 63 8 5 21 59 4 29 53 75 
#19 13 58 64 45 62 35 29 5 32 59 54 29 53 73 
#26 13 58 18 9 10 13 20 32 2 25 0 29 53 7 
#26 14 58 62 9 10 35 20 41 32 60 21 29 53 73 
#20 34 16 62 9 16 1 56 41 56 59 21 9 53 75 
#20 14 58 62 9 40 31 8 22 32 59 21 62 37 75 
#19 14 58 62 15 40 1 8 41 32 24 3 62 67 75 
#41 14 58 21 10 62 38 51 47 24 25 8 17 20 75 
#57 14 20 21 45 16 63 20 41 2 59 4 1 67 7 
#41 59 39 7 4 62 1 16 47 22 24 4 62 53 75 
#0 14 58 62 12 62 38 20 57 32 25 54 62 53 24 
#41 18 34 62 12 52 5 40 47 56 59 38 46 1 3 
#19 59 18 64 76 10 13 29 5 1 1 9 62 53 3 
#41 14 58 7 12 15 38 1 57 24 25 21 17 67 75 
#0 34 58 64 45 62 1 29 41 2 59 4 1 53 7 
#20 34 18 7 13 62 1 29 47 3 44 38 41 53 75 
#0 14 58 21 45 62 1 20 55 32 59 38 62 53 75 
#41 14 34 62 76 62 1 40 55 56 59 27 17 53 3 
#2 19 18 7 4 10 1 29 57 23 44 38 62 53 75 
#57 13 58 7 76 15 20 1 12 25 25 12 62 67 75 
#0 34 58 62 9 62 1 29 41 7 59 21 62 53 24 
#41 14 39 7 13 16 31 29 57 22 24 38 41 53 75 
#19 14 58 21 45 40 1 56 55 32 59 38 62 53 75 
#0 14 39 62 34 62 1 8 41 7 59 54 62 53 75 
#19 34 39 7 13 10 1 51 57 23 44 21 41 53 75 
#57 13 58 21 10 46 38 29 57 25 25 12 62 61 75 
#20 34 58 62 9 62 1 16 41 22 59 21 62 67 24 
#19 59 39 17 76 16 32 8 12 22 24 15 41 37 75 
#0 14 18 62 76 62 63 29 57 32 44 21 62 53 24 
#19 14 18 64 45 10 5 8 5 22 59 4 62 37 75 
#0 13 18 7 13 62 35 29 57 55 25 54 41 53 75 
#2 43 58 64 9 62 13 29 41 25 25 21 29 61 7 
#20 34 58 62 23 62 35 20 5 22 59 21 29 67 73 
#19 59 58 17 9 6 32 8 47 22 59 21 41 37 21 
#20 24 16 62 76 62 31 29 22 56 59 21 9 53 75 
#19 34 58 62 45 10 5 8 5 32 59 4 62 37 75 
#0 13 58 7 15 62 35 5 5 32 59 54 17 67 4 
6 34 29 10 19 15 
1 32 42 57 49 26 
43 3 23 51 12 28 
48 18 24 22 45 46 
58 5 55 13 40 21 
20 53 33 39 17 27 
#Base: 930
#Max: 653
#702151
#Turn 7
#0 18 34 62 45 52 1 40 55 3 59 38 46 1 7 
#19 14 34 62 15 52 5 40 47 32 24 3 62 67 75 
#19 14 58 62 76 40 1 8 41 32 25 21 62 67 75 
#0 13 39 62 13 62 1 29 41 22 25 21 62 37 75 
#0 13 58 62 13 62 1 29 41 25 59 21 62 53 4 
#41 59 39 7 45 62 1 16 41 22 24 15 41 53 4 
#57 59 58 7 76 15 1 1 47 25 24 4 62 67 75 
#20 13 58 7 76 15 20 29 22 25 59 12 62 67 75 
#20 34 58 62 76 62 31 16 41 22 59 21 62 67 75 
#20 34 58 62 9 62 1 20 41 32 59 21 29 53 24 
#0 34 38 62 12 62 1 1 47 7 59 21 46 67 3 
#19 34 38 64 12 62 63 8 47 21 59 54 29 53 75 
#0 34 20 62 76 62 63 29 5 21 44 21 62 53 75 
#20 14 18 21 45 40 63 29 57 22 44 21 41 53 75 
#20 14 58 21 45 40 31 29 22 22 59 38 41 53 75 
#57 14 58 21 12 62 38 8 57 22 25 38 62 37 75 
#19 13 58 62 45 62 31 29 5 22 59 54 29 53 73 
#19 59 58 64 76 62 35 29 47 22 59 38 29 53 75 
#19 14 58 17 76 40 1 29 55 32 59 38 29 53 75 
#0 14 58 62 34 40 1 56 41 32 59 38 62 53 75 
#19 34 58 64 45 10 5 8 5 24 59 4 62 37 75 
#20 34 58 62 45 62 63 20 55 24 59 21 17 8 73 
#20 14 58 62 23 62 35 56 41 7 59 54 17 67 73 
#19 14 34 62 76 62 1 40 55 56 59 54 17 53 3 
#19 14 18 62 76 40 32 16 47 56 59 38 41 37 24 
#0 13 18 62 10 62 35 16 57 25 59 21 29 61 75 
#0 13 18 62 12 62 38 20 57 32 25 54 62 53 75 
#0 14 58 21 45 62 38 20 57 32 25 38 62 53 24 
#41 14 58 21 45 62 31 16 55 32 59 38 62 53 75 
#41 34 18 62 9 16 1 16 41 56 59 21 9 53 75 
#0 59 58 62 45 16 1 16 55 3 59 15 62 53 7 
#41 18 34 7 12 52 1 16 47 22 24 38 62 53 3 
#19 13 58 62 15 40 1 1 12 25 24 3 62 67 75 
#20 13 39 62 76 62 31 29 12 56 25 21 9 53 75 
#20 34 58 62 13 62 1 8 41 22 59 38 62 67 24 
#57 14 58 62 23 10 35 29 41 32 60 21 29 53 73 
#0 59 39 62 9 62 1 29 41 7 59 21 41 53 24 
#20 59 38 7 4 62 5 1 47 22 59 4 46 53 3 
#57 34 20 7 76 62 20 8 12 25 25 4 29 67 75 
#20 14 16 62 76 62 31 29 22 56 59 21 62 53 75 
#20 34 58 21 9 40 1 29 57 22 59 21 62 67 75 
#20 14 58 62 9 10 35 20 22 32 59 21 62 37 73 
#57 34 58 62 9 46 1 29 41 25 59 12 62 61 75 
#20 34 38 62 12 62 5 8 57 22 59 54 62 37 3 
#19 13 20 64 76 62 35 8 5 21 59 4 29 53 73 
#19 14 20 17 76 62 63 29 57 32 44 21 29 53 75 
#19 14 58 21 45 40 63 56 57 22 59 38 41 53 75 
#20 14 58 62 34 62 1 8 22 32 59 54 62 37 75 
#57 13 58 21 10 10 5 29 5 32 59 12 62 61 75 
#0 14 58 62 45 62 31 8 57 22 59 38 62 37 7 
#20 34 58 64 23 62 35 29 5 22 59 54 29 67 73 
#19 59 20 17 76 62 1 56 47 7 59 38 17 53 75 
#19 14 34 62 76 40 1 40 55 56 59 38 62 53 75 
#19 59 18 62 76 62 1 16 47 22 59 38 41 37 24 
#2 34 58 62 45 62 5 8 5 25 59 4 62 37 75 
#41 13 18 7 13 62 63 20 55 55 59 4 41 53 75 
#0 34 58 62 12 62 35 20 5 22 25 54 29 53 73 
#19 14 58 62 45 62 1 20 41 32 59 54 17 53 75 
#41 14 34 62 76 16 1 16 12 22 24 54 62 53 75 
#19 34 18 62 9 16 32 16 47 56 59 38 41 37 75 
54 49 33 2 26 58 
7 34 18 22 47 53 
40 6 11 28 46 35 
51 12 39 17 52 19 
24 45 21 8 42 16 
14 15 23 50 57 55 
#Base: 930
#Max: 725
#779570
#Turn 8
#0 34 58 62 45 62 31 8 5 22 59 38 62 37 7 
#20 14 58 62 76 62 31 8 12 56 25 38 9 53 7 
#20 13 39 62 76 62 1 29 12 56 25 21 62 67 75 
#0 13 18 62 76 62 38 8 41 32 25 21 62 53 75 
#0 13 18 62 76 16 1 16 12 32 24 54 62 53 75 
#20 34 58 62 13 15 20 8 22 22 59 38 62 67 75 
#19 34 58 62 76 40 1 29 55 32 59 38 62 53 24 
#19 14 58 17 23 62 1 29 41 7 59 54 17 53 73 
#20 14 58 62 34 62 1 56 41 32 59 54 62 67 73 
#20 14 18 62 76 62 1 8 22 32 59 38 41 37 75 
#20 59 58 21 9 40 1 1 57 25 59 21 62 67 75 
#57 34 38 64 76 15 1 8 47 25 59 54 29 53 75 
#19 14 58 64 45 62 31 16 47 21 59 38 29 53 75 
#19 14 58 21 45 62 31 16 57 32 59 38 62 53 75 
#19 14 58 21 45 40 35 56 57 32 60 21 41 53 73 
#0 59 20 17 76 62 63 29 47 21 44 38 62 53 75 
#20 14 20 62 76 62 63 29 5 21 59 21 62 53 75 
#19 14 58 62 76 62 31 29 22 22 59 21 62 53 75 
#19 59 34 62 76 40 35 29 55 22 59 38 62 53 75 
#0 14 34 62 34 40 1 40 55 32 59 38 62 53 75 
#19 14 18 17 76 62 63 16 57 56 44 21 29 37 24 
#20 14 58 62 45 62 63 20 57 24 59 21 17 53 73 
#20 34 58 62 45 62 63 16 55 24 59 21 62 67 75 
#57 34 58 62 9 62 1 29 41 25 59 21 62 61 75 
#57 34 58 62 45 46 31 29 41 22 59 12 62 53 75 
#57 14 58 21 12 40 38 29 57 22 25 38 62 37 75 
#19 14 34 21 76 62 38 40 57 22 25 38 17 37 75 
#20 34 34 62 76 62 35 29 55 22 59 54 29 53 73 
#19 14 58 62 45 62 35 29 41 22 59 54 29 67 75 
#19 13 18 62 13 62 1 20 55 55 59 4 17 53 75 
#2 13 58 7 76 15 20 8 5 25 59 12 62 67 75 
#0 14 58 62 13 62 1 8 57 22 59 38 62 37 24 
#20 14 58 17 76 40 31 29 55 32 25 38 29 53 75 
#20 14 58 62 23 40 35 8 41 32 59 21 17 67 73 
#20 13 58 62 34 62 38 20 57 32 59 54 62 53 75 
#41 14 34 62 76 62 1 16 47 22 24 54 62 37 75 
#20 13 58 21 9 40 20 29 22 25 59 12 62 67 75 
#57 59 58 62 76 15 1 8 47 25 59 38 62 67 75 
#19 34 38 17 12 62 63 29 55 32 59 54 29 53 75 
#20 14 58 21 23 62 31 56 55 7 59 54 62 53 75 
#19 14 58 21 34 62 63 8 22 22 59 54 41 37 75 
#19 59 18 62 23 62 35 29 41 22 60 38 29 53 24 
#19 59 20 17 76 62 1 29 57 22 59 38 17 67 75 
#57 34 58 7 76 62 1 29 5 25 44 4 62 67 75 
#20 34 16 62 12 62 31 8 47 21 59 54 29 53 75 
#41 14 58 21 45 62 35 16 55 32 59 38 62 53 75 
#19 14 58 62 45 40 63 56 55 22 59 38 41 53 75 
#0 14 58 62 23 10 35 29 41 32 60 21 62 53 73 
#19 59 18 17 76 40 32 56 47 56 59 38 17 37 75 
#19 34 20 17 76 62 63 29 57 32 44 21 62 53 75 
#20 34 58 62 76 62 63 29 22 56 59 21 17 53 73 
#20 34 58 64 76 62 31 29 41 22 59 21 62 53 75 
#57 34 34 62 76 46 1 29 41 56 59 12 62 53 75 
#19 14 58 62 34 40 1 29 5 22 59 38 29 53 73 
#19 14 58 21 45 40 32 29 47 56 59 38 41 53 75 
#19 14 58 17 76 62 38 8 57 32 25 38 29 37 75 
#20 14 58 62 45 62 1 40 55 56 59 21 17 53 73 
#20 34 58 64 23 62 35 16 5 22 59 54 62 67 75 
#57 34 58 62 45 62 1 29 41 32 59 54 17 61 75 
#19 13 58 62 13 62 31 20 5 55 59 4 41 53 73 
19 42 56 57 6 14 
2 54 48 34 39 38 
12 21 52 50 46 16 
15 27 51 22 37 24 
35 23 28 18 8 17 
43 13 49 58 45 11 
#Base: 930
#Max: 723
#777419
#Turn 9
#19 14 34 17 76 40 1 40 55 22 59 38 17 53 75 
#19 14 58 62 76 62 1 40 57 56 59 21 17 67 75 
#20 14 58 64 23 62 1 40 5 22 59 21 17 53 73 
#19 34 58 64 23 40 1 29 55 22 59 54 62 67 75 
#19 34 58 21 76 40 35 29 55 32 60 38 62 53 73 
#20 13 58 21 45 62 32 29 47 56 59 21 41 53 75 
#19 59 18 17 76 40 32 29 47 56 59 38 17 53 75 
#20 59 18 17 34 62 32 56 47 56 59 38 62 53 75 
#20 13 58 62 34 62 38 20 55 7 59 54 62 53 75 
#19 34 58 17 23 62 31 29 55 32 59 54 62 53 75 
#20 14 58 62 45 62 31 20 57 24 59 21 17 53 75 
#20 14 34 62 45 46 63 20 41 24 59 12 17 53 73 
#20 34 58 62 76 62 1 29 22 56 59 12 62 53 73 
#19 14 58 62 45 62 63 56 22 56 59 21 41 53 73 
#20 14 58 62 45 40 63 29 55 22 59 21 62 53 75 
#0 34 20 17 76 62 35 29 55 21 59 54 62 53 75 
#20 34 58 62 76 62 31 29 41 22 59 54 62 53 73 
#20 34 58 62 76 62 63 16 41 22 59 21 62 67 75 
#57 34 58 62 45 15 1 16 55 24 59 21 62 67 75 
#57 34 58 62 45 15 1 29 41 25 59 12 62 67 75 
#57 34 58 62 9 62 1 16 47 22 24 54 62 61 75 
#57 34 58 62 9 62 35 29 41 25 59 54 62 61 75 
#19 59 34 62 45 62 35 29 41 22 59 54 62 67 75 
#19 59 58 62 76 40 35 56 55 32 59 38 62 53 73 
#19 14 58 62 34 62 31 56 22 22 59 54 62 67 73 
#19 34 58 7 76 62 31 16 5 32 59 4 62 53 75 
#19 34 58 17 45 62 63 16 57 32 44 38 62 53 75 
#57 34 20 62 45 62 63 29 57 32 44 21 62 61 75 
#57 34 58 21 45 62 1 16 41 32 59 54 17 53 75 
#41 14 38 64 45 62 35 8 55 25 59 38 62 53 75 
#0 14 34 62 34 62 1 40 12 56 59 21 62 53 75 
#19 14 20 17 45 40 32 29 57 22 59 38 17 67 75 
#19 14 58 17 45 62 1 56 47 56 59 38 17 37 73 
#20 13 58 62 23 62 38 20 57 22 59 54 62 53 75 
#20 14 58 21 23 40 1 29 55 7 59 38 62 53 24 
#19 14 38 21 12 40 35 29 57 32 60 54 29 53 73 
#19 14 39 62 76 62 31 29 12 21 59 38 62 67 75 
#20 14 58 62 45 62 32 29 47 56 59 38 41 53 73 
#57 59 18 17 76 40 32 56 47 56 59 12 62 37 75 
#20 34 58 62 34 62 63 29 22 56 59 21 17 53 73 
#19 14 58 62 45 62 31 56 55 22 59 38 62 53 75 
#20 14 20 17 12 62 63 29 5 21 59 21 29 53 75 
#19 59 58 17 45 62 63 16 47 21 59 38 62 53 75 
#20 14 34 62 76 62 63 20 55 22 59 54 29 53 73 
#20 34 58 62 76 62 1 29 41 22 59 21 62 53 75 
#20 34 58 62 45 62 63 29 22 56 59 21 17 67 75 
#57 59 58 62 76 40 1 8 55 22 59 38 62 67 75 
#57 34 58 62 76 62 31 29 41 22 59 21 62 53 75 
#41 59 34 17 76 62 1 29 47 22 24 54 62 53 75 
#57 34 58 62 76 62 1 29 41 25 59 21 62 53 75 
#19 14 58 64 76 62 35 29 41 22 59 21 29 53 75 
#20 34 34 62 45 62 63 29 55 24 59 21 62 67 75 
#57 14 58 62 34 62 1 56 47 32 59 54 62 67 73 
#19 14 58 62 45 46 31 29 41 22 59 12 62 53 75 
#57 34 58 62 76 62 1 29 5 22 24 54 62 67 75 
#19 14 58 62 9 62 31 29 57 25 59 21 62 53 75 
#19 14 20 17 45 62 63 29 41 22 44 54 29 53 75 
#19 59 58 62 76 62 1 29 55 32 59 38 17 61 75 
#20 14 58 62 45 62 1 56 41 32 59 38 62 53 75 
#57 14 58 62 76 62 1 29 47 22 59 21 62 53 75 
36 44 33 57 14 12 
9 1 4 27 7 54 
58 45 46 52 22 59 
38 21 17 23 16 49 
8 37 13 47 51 43 
39 26 42 40 24 29 
#Base: 930
#Max: 777
#835484
#19 34 39 62 76 62 31 29 41 21 59 21 62 53 75 
#20 34 58 62 23 62 1 29 41 22 59 54 62 53 75 
#19 13 58 62 76 62 1 29 57 32 59 54 17 61 75 
#19 14 58 62 45 62 63 29 55 22 59 21 62 61 75 
#20 34 58 62 45 62 63 29 22 56 59 12 62 53 75 
#19 34 58 17 23 62 1 40 55 32 59 21 17 67 75 
#19 14 58 21 76 62 1 40 55 32 59 21 17 67 73 
#57 34 58 62 76 62 35 29 55 32 60 38 62 61 73 
#20 34 18 17 45 62 32 29 57 32 59 38 62 61 75 
#57 34 58 17 34 62 1 29 5 56 59 38 62 53 75 
#20 34 58 62 45 62 63 56 41 56 59 38 62 53 75 
#20 59 58 62 76 40 1 29 22 22 59 21 17 67 75 
#57 59 58 62 34 62 1 8 47 22 59 54 62 67 73 
#19 14 58 62 45 62 35 29 41 22 59 54 62 67 73 
#57 14 58 62 45 62 1 29 47 22 59 21 62 53 75 
#57 34 18 62 76 62 35 56 47 56 59 54 62 37 75 
#20 34 58 62 76 62 63 29 41 25 59 54 62 67 75 
#20 59 58 62 76 62 63 56 55 22 59 38 62 53 75 
#19 34 58 62 76 62 31 56 55 32 59 54 62 53 73 
#57 34 58 62 76 62 1 29 41 22 59 21 62 53 75 
#20 13 58 62 34 62 32 29 55 56 59 54 62 53 73 
#20 14 58 62 45 62 32 29 47 56 59 21 41 53 73 
#57 34 58 62 45 62 31 29 22 56 59 21 41 53 75 
#20 34 34 62 76 62 63 29 41 24 59 21 62 67 75 
#20 14 34 62 45 62 63 29 55 22 59 54 29 53 73 
#20 34 58 17 34 62 63 29 22 32 59 38 17 53 75 
#19 34 58 17 45 62 63 16 57 21 44 38 62 53 75 
#19 59 58 17 45 62 31 16 55 21 59 38 62 53 75 
#19 14 58 62 34 62 31 56 22 22 59 54 62 67 75 
#41 14 38 62 45 62 31 8 55 22 59 54 62 53 73 
#19 14 58 17 76 62 31 29 12 32 59 54 62 67 75 
#20 34 58 62 76 62 1 29 41 22 59 21 17 67 75 
#20 13 58 62 76 40 38 20 55 22 59 54 62 53 73 
#19 34 58 62 76 62 63 29 57 32 44 38 17 61 75 
#20 14 58 17 45 62 63 29 47 22 59 21 62 53 75 
#20 34 58 62 76 62 1 29 5 22 59 54 62 53 75 
#19 14 58 62 23 62 31 56 55 32 59 54 62 53 75 
#19 14 58 62 76 62 63 29 22 56 59 21 17 67 75 
#57 34 58 62 76 40 1 8 55 32 59 38 62 67 73 
#57 34 58 62 34 62 1 56 57 32 44 54 62 67 75 
#19 59 18 62 45 62 32 29 47 22 59 38 62 53 75 
#57 14 58 62 76 62 1 29 47 22 24 21 62 53 75 
#57 59 18 62 76 62 32 56 47 56 59 38 62 37 75 
#57 34 58 62 9 62 63 29 41 25 59 54 62 61 75 
#20 34 58 62 76 62 1 16 41 22 59 38 62 67 75 
#19 59 58 62 76 40 1 56 55 32 59 54 62 53 73 
#19 59 34 62 76 62 31 29 41 22 59 54 62 67 73 
#57 14 58 62 76 62 1 29 47 22 59 21 62 53 75 
#20 13 58 62 76 40 32 56 55 7 59 12 62 37 75 
#20 34 58 62 9 62 32 29 41 25 59 54 41 53 75 
#19 14 58 62 45 62 63 16 22 56 59 21 62 67 73 
#57 34 58 62 76 62 31 29 55 32 59 38 62 53 75 
#20 34 34 62 45 62 31 29 41 24 59 21 62 53 75 
#20 14 34 62 76 62 1 29 55 22 59 54 62 53 73 
#20 34 58 62 34 62 63 29 55 56 59 21 17 53 75 
#20 14 58 17 45 62 32 16 47 56 44 38 41 53 73 
#19 59 58 17 45 62 63 16 22 21 59 38 62 53 75 
#57 14 58 62 45 62 31 56 41 22 59 21 62 53 75 
#19 34 58 62 34 62 63 29 55 22 59 54 62 67 75 
#41 14 34 62 45 62 35 8 55 25 59 54 62 53 75 
#Base: 930
#Max: 820
#881720
