#[0] 3, 3
#[1] 4, 3
#[2] 3, 4
#[3] 3, 2
#[4] 2, 3
#[5] 2, 4
#[6] 1, 3
#[7] 2, 2
#[8] 3, 1
#[9] 4, 4
#[10] 5, 3
#[11] 3, 5
#[12] 4, 2
#[13] 3, 0
#[14] 5, 4
#[15] 4, 5
#[16] 5, 2
#[17] 4, 1
#[18] 0, 3
#[19] 1, 4
#[20] 2, 1
#[21] 1, 2
#[22] 2, 5
#[23] 0, 4
#[24] 5, 1
#[25] 0, 2
#[26] 5, 5
#[27] 1, 5
#[28] 2, 0
#[29] 1, 1
#[30] 4, 0
#[31] 0, 5
#[32] 1, 0
#[33] 0, 1
#[34] 5, 0
#[35] 0, 0
#Turn 0
41 48 11 55 57 39 
26 27 52 36 54 53 
43 4 21 56 16 37 
31 34 29 15 10 46 
8 35 3 23 9 51 
49 17 38 32 0 50 
#Base: 875
#Max: 354
#404571
#Turn 1
#18 4 45 4 11 39 0 34 41 10 26 11 24 27 31 
#43 48 17 18 11 22 41 34 19 8 53 5 10 29 31 
#43 3 17 9 4 34 11 2 17 3 53 4 10 25 19 
#10 19 47 18 4 23 33 2 10 26 10 4 43 5 19 
#7 35 5 40 16 16 33 2 10 26 10 1 19 21 19 
#38 7 33 16 26 44 38 6 1 14 1 23 18 8 21 
#38 21 33 8 32 13 3 2 1 30 1 8 14 17 17 
#6 21 5 8 3 13 51 2 3 30 32 18 14 17 17 
#6 1 31 15 3 11 51 56 29 45 24 22 38 4 7 
#25 17 23 30 7 0 26 50 29 52 24 8 20 35 6 
#39 28 29 14 19 21 6 44 16 13 30 27 20 32 15 
#9 16 45 20 19 21 22 17 9 40 53 10 18 32 15 
#13 66 45 0 24 9 22 17 45 4 17 14 18 26 9 
#11 66 9 17 24 9 5 17 8 18 21 14 16 10 6 
#35 9 44 17 54 8 5 30 57 37 21 16 19 9 6 
#3 58 33 25 19 6 17 14 1 5 16 25 24 25 31 
#9 58 33 60 19 1 8 6 10 5 18 24 27 5 31 
#11 18 21 23 1 1 27 20 30 1 14 14 5 30 75 
#11 18 3 29 6 10 27 64 30 1 14 14 20 20 75 
#1 14 3 29 50 0 24 64 11 31 36 15 20 20 11 
#39 15 26 8 20 1 51 28 9 1 17 40 14 33 27 
#18 30 11 7 2 1 16 12 6 39 23 25 36 40 27 
#18 21 17 7 19 28 16 41 69 4 15 25 23 40 50 
#5 5 24 58 19 19 6 41 69 6 36 9 48 21 22 
#16 5 19 1 10 24 26 43 12 6 30 9 12 13 7 
#37 11 13 3 27 31 18 30 16 23 5 28 7 15 3 
#37 26 47 5 9 14 18 28 37 23 19 34 11 49 19 
#3 26 14 17 3 45 57 28 5 19 23 12 20 10 17 
#3 6 45 8 3 14 57 24 2 12 16 9 20 10 17 
#38 6 39 38 29 14 31 29 8 12 8 14 20 7 19 
#18 10 33 4 33 44 9 39 41 10 26 23 11 27 21 
#1 48 2 30 11 22 38 9 28 29 1 27 24 8 8 
#43 21 37 9 28 13 3 2 19 8 32 47 10 17 19 
#10 13 5 18 3 11 37 29 3 3 11 4 20 25 7 
#25 1 39 47 16 0 33 2 29 52 10 22 40 4 19 
#7 35 23 40 15 16 26 21 6 23 38 8 19 35 39 
#11 10 33 14 19 44 9 21 16 13 44 27 20 0 42 
#3 28 15 30 32 51 6 9 1 40 1 10 6 32 8 
#9 16 45 8 45 25 3 2 45 4 8 8 18 17 17 
#6 13 16 15 24 11 51 56 8 45 17 18 16 25 7 
#11 1 31 17 23 1 5 30 29 37 24 16 38 9 6 
#35 30 23 30 7 12 20 50 6 35 31 45 19 35 42 
#39 48 29 14 19 4 17 21 16 13 30 25 20 0 42 
#3 58 33 20 19 21 6 6 1 40 53 10 6 32 31 
#9 16 9 0 1 1 8 17 45 4 18 15 18 30 25 
#11 66 21 31 6 10 45 17 30 1 14 14 16 19 75 
#11 9 3 29 5 1 5 64 57 49 22 15 20 9 28 
#35 30 7 28 11 0 24 23 12 31 31 17 19 16 11 
#3 15 25 8 15 8 51 14 9 13 16 40 57 10 39 
#20 58 33 20 19 6 4 15 56 5 49 28 24 33 27 
#9 21 9 60 2 1 8 12 10 54 18 25 27 30 50 
#5 6 21 18 19 28 9 41 30 4 14 12 5 13 75 
#1 5 24 29 14 19 2 0 11 6 22 9 20 20 7 
#39 3 7 28 10 0 24 11 12 50 36 38 37 16 27 
#56 11 11 3 15 25 51 28 9 23 17 40 24 15 39 
#20 8 47 29 36 14 18 3 56 6 16 28 7 49 27 
#18 21 14 17 9 24 11 12 37 15 19 60 11 21 50 
#5 13 17 12 3 28 57 24 5 4 15 12 23 13 17 
#38 5 24 8 14 14 6 0 32 12 36 9 48 21 54 
#16 14 19 38 29 24 26 43 8 50 30 14 6 10 27 
36 27 58 17 56 0 
42 20 26 14 34 11 
59 48 50 49 46 39 
43 41 22 45 18 55 
30 16 51 23 1 19 
35 9 54 8 12 53 
#Base: 875
#Max: 420
#480000
#Turn 2
#3 10 14 14 19 44 9 21 16 19 23 12 20 0 42 
#38 5 24 17 14 45 6 0 32 12 36 9 20 10 54 
#38 5 24 8 14 14 27 20 32 12 14 14 5 30 54 
#11 21 14 23 1 1 11 20 30 1 14 14 5 21 50 
#18 21 45 17 9 39 0 34 37 10 19 60 24 27 31 
#39 15 26 8 19 4 51 21 9 1 30 40 20 0 27 
#39 15 47 5 20 14 51 28 37 1 17 40 14 49 27 
#35 26 44 5 9 8 5 30 57 37 19 16 19 49 6 
#35 1 44 17 16 0 5 2 29 37 10 22 19 4 19 
#9 16 45 47 16 21 33 17 9 52 10 22 18 32 15 
#3 14 25 8 29 24 26 43 8 13 30 40 6 10 27 
#9 21 25 60 2 1 8 12 9 54 18 40 57 30 39 
#9 21 9 60 2 1 8 12 56 54 18 25 24 30 50 
#11 58 3 29 5 6 4 64 56 5 49 15 24 9 27 
#11 9 3 15 5 11 51 56 8 49 22 15 20 25 7 
#35 58 23 20 7 12 6 6 6 40 53 10 19 32 42 
#35 21 17 7 7 28 16 50 6 4 15 25 23 40 50 
#11 66 17 7 6 10 16 17 69 1 14 25 16 19 75 
#11 66 21 31 6 10 27 17 30 1 14 14 16 20 75 
#20 18 3 29 6 10 27 3 30 1 14 28 20 20 27 
#18 10 33 4 33 1 8 6 10 10 18 24 27 5 31 
#9 58 33 18 19 1 9 6 30 5 18 24 27 13 31 
#5 6 21 18 19 28 6 41 30 6 36 9 5 21 22 
#5 48 24 58 11 22 41 41 69 6 36 9 48 21 22 
#43 14 17 18 50 0 24 34 19 8 53 5 10 20 11 
#7 35 23 30 7 16 26 21 6 52 38 8 19 35 39 
#56 17 23 3 15 25 26 50 29 52 24 8 20 35 6 
#6 1 31 15 15 25 51 56 9 45 17 22 24 4 7 
#13 1 31 15 3 11 22 56 29 45 24 14 18 4 7 
#13 3 45 28 10 9 24 17 12 4 36 14 18 16 27 
#11 10 33 14 19 4 17 21 16 13 30 27 20 0 42 
#39 26 26 8 3 45 51 28 9 19 23 12 20 33 27 
#37 26 47 5 14 14 18 28 37 12 36 34 48 21 54 
#11 18 21 17 54 1 5 20 57 37 14 16 5 9 75 
#18 1 39 17 16 24 11 2 29 15 19 22 40 21 19 
#9 16 45 4 11 39 22 34 9 40 26 11 24 27 31 
#16 14 19 38 29 4 26 43 8 13 30 14 20 10 27 
#39 15 25 8 20 8 51 28 9 1 17 40 14 10 27 
#37 26 9 5 2 1 8 28 10 23 18 25 27 49 19 
#20 58 33 17 19 8 5 30 56 37 21 28 19 33 27 
#11 9 39 47 5 0 5 2 29 49 22 15 20 9 28 
#6 13 45 15 19 21 51 56 9 40 53 18 18 25 7 
#16 14 19 38 29 21 26 6 8 40 53 10 6 32 31 
#35 30 23 30 15 8 20 14 6 35 16 40 57 10 39 
#9 21 17 60 19 28 8 41 69 4 15 25 23 30 50 
#11 58 33 20 19 6 45 15 30 1 14 14 24 33 75 
#11 9 3 29 6 1 5 64 57 1 14 15 20 9 75 
#20 13 47 29 36 11 18 3 8 45 17 18 16 49 27 
#18 10 33 4 19 21 9 39 1 10 53 23 6 32 31 
#35 30 23 60 19 1 8 6 10 5 31 45 19 5 42 
#18 6 17 18 19 28 16 41 30 4 14 12 23 40 75 
#11 66 21 58 19 19 6 41 69 1 36 9 16 21 75 
#43 18 3 18 6 10 41 64 19 1 14 5 10 29 31 
#20 8 47 29 50 14 18 64 56 31 16 15 7 49 27 
#18 10 23 40 33 44 26 21 6 10 38 8 19 27 39 
#25 17 33 60 19 1 26 6 29 52 18 24 27 5 6 
#56 11 21 3 19 28 9 41 30 4 17 12 5 15 75 
#6 5 31 58 19 11 51 56 69 6 36 9 48 4 22 
#13 48 45 18 24 22 41 17 19 4 53 5 18 26 9 
#1 14 7 29 50 0 24 64 11 31 36 38 37 16 27 
16 14 43 39 7 47 
31 52 15 46 50 55 
27 26 45 53 44 4 
56 33 17 51 23 11 
9 6 12 57 13 32 
25 49 59 18 41 58 
#Base: 875
#Max: 468
#534857
#Turn 3
#11 21 3 15 5 11 16 50 6 49 22 15 23 40 50 
#11 9 3 30 5 8 51 56 8 35 22 40 57 25 39 
#35 58 33 17 15 8 5 30 6 37 16 40 57 10 27 
#20 58 33 5 19 8 5 30 56 37 21 16 19 33 6 
#20 13 44 29 9 8 18 30 57 37 17 16 16 49 6 
#43 26 26 8 3 45 41 64 9 19 23 5 10 29 31 
#35 58 23 18 7 12 41 64 19 40 14 5 19 29 31 
#11 9 23 20 6 1 6 64 6 40 14 10 19 9 42 
#18 9 3 18 6 28 16 64 30 1 14 12 23 40 75 
#25 6 33 60 19 28 16 6 30 4 14 24 27 40 6 
#56 17 23 15 15 25 26 50 9 45 17 8 24 35 6 
#56 17 33 3 15 6 45 15 30 1 14 8 24 35 6 
#11 8 47 29 19 14 45 15 30 1 16 14 24 33 27 
#20 21 17 60 50 14 8 64 69 4 16 15 7 30 27 
#9 21 45 60 9 28 8 41 69 4 19 60 23 27 50 
#11 11 21 3 54 28 5 41 57 37 14 16 5 9 75 
#11 66 17 17 54 1 16 20 57 37 14 16 16 19 75 
#11 66 17 7 6 19 16 17 69 1 36 9 16 19 75 
#11 48 24 58 19 19 41 41 69 1 36 9 48 21 22 
#5 21 25 58 11 1 41 41 9 6 18 9 48 21 22 
#39 15 45 5 20 14 51 17 37 52 17 40 18 49 15 
#9 21 47 5 2 1 51 12 56 54 17 40 14 30 50 
#6 21 31 58 2 1 51 56 56 54 18 25 48 4 22 
#11 5 31 29 19 11 51 56 56 6 49 9 48 4 22 
#11 58 3 5 5 6 4 64 37 12 49 15 24 9 54 
#7 30 23 30 7 1 26 21 6 52 38 8 19 5 42 
#35 30 23 60 50 0 8 6 10 5 31 38 37 5 42 
#11 66 21 31 6 10 27 64 11 31 36 14 16 16 75 
#6 13 45 15 6 21 27 17 9 1 14 14 18 25 7 
#13 48 45 18 19 22 41 56 19 40 53 18 18 25 7 
#35 26 17 7 3 45 16 50 9 4 15 12 23 40 27 
#43 18 3 18 5 10 41 64 19 49 22 15 20 25 7 
#35 30 23 30 7 12 20 14 6 40 53 40 57 32 42 
#11 58 33 29 19 8 5 30 57 37 14 28 19 33 27 
#18 26 17 5 19 8 5 41 57 37 14 16 23 49 6 
#20 13 47 60 36 11 18 6 8 45 17 18 27 49 27 
#39 1 31 8 15 45 51 28 9 19 17 12 24 33 7 
#56 17 23 18 15 10 26 50 19 1 14 5 20 35 31 
#35 58 33 20 7 12 45 15 6 40 14 14 24 33 42 
#11 8 3 29 50 14 18 64 56 1 16 15 7 9 27 
#9 6 17 18 19 28 8 41 69 4 14 25 23 40 75 
#18 17 33 60 19 1 26 6 37 52 19 24 27 5 6 
#6 11 21 15 15 28 51 56 30 45 17 22 5 4 7 
#11 17 23 17 54 25 26 50 57 52 14 8 5 9 6 
#11 66 33 20 19 6 45 17 30 1 14 25 24 19 75 
#11 8 47 29 19 14 6 64 69 1 36 9 7 49 27 
#9 21 17 60 11 28 41 41 69 4 36 9 48 21 50 
#9 21 25 60 9 1 0 12 37 10 19 40 57 27 39 
#9 16 21 47 16 28 9 17 30 52 10 12 5 32 15 
#39 18 21 5 20 1 51 28 57 1 17 40 5 9 75 
#11 66 9 7 2 1 16 12 69 1 18 25 16 19 50 
#6 5 21 58 19 19 51 41 69 1 36 9 16 21 22 
#11 48 3 58 11 6 4 64 69 5 36 15 24 9 22 
#9 21 47 60 14 14 18 12 9 54 18 34 48 30 54 
#7 35 23 30 16 16 33 17 9 52 10 8 18 32 39 
#35 15 47 5 20 14 8 28 37 1 17 45 19 49 42 
#1 14 7 60 2 1 24 12 11 31 36 38 37 16 27 
#6 66 21 31 19 11 27 17 69 6 36 9 16 4 22 
#11 13 3 15 5 6 51 56 56 5 53 15 24 9 7 
#37 26 45 18 24 14 41 17 37 12 53 5 18 21 9 
58 5 57 29 1 33 
47 43 20 17 32 50 
26 24 13 46 18 6 
49 52 27 14 22 40 
2 51 15 16 53 21 
38 8 23 45 44 35 
#Base: 875
#Max: 473
#540571
#Turn 4
#43 26 26 15 5 6 51 56 56 19 23 15 10 29 31 
#6 26 26 31 3 11 27 64 69 6 36 5 16 4 31 
#6 48 21 31 19 11 41 17 19 6 53 9 16 4 22 
#13 9 45 18 5 8 41 56 8 35 22 40 18 25 39 
#11 58 3 30 5 8 5 56 8 37 14 28 57 33 27 
#11 21 25 17 9 1 26 50 37 10 14 40 5 27 6 
#39 15 45 17 54 25 26 17 57 52 14 8 5 49 6 
#11 66 17 7 20 14 51 17 37 52 17 9 18 49 15 
#11 66 23 30 7 19 20 14 69 40 53 40 57 19 75 
#11 30 9 30 2 1 16 12 6 1 18 40 16 32 50 
#35 58 23 60 50 6 4 6 37 5 31 15 37 5 54 
#11 58 3 60 5 14 4 64 69 4 16 15 24 30 54 
#20 21 17 60 50 28 8 64 69 4 16 15 48 30 27 
#11 48 24 60 11 28 41 41 69 4 36 9 48 21 22 
#35 48 23 18 19 12 41 64 19 40 14 9 19 29 31 
#11 18 3 58 20 1 4 64 57 5 17 40 5 9 22 
#11 66 3 31 6 6 4 64 69 5 36 15 24 9 22 
#9 21 45 31 6 28 27 64 11 4 36 14 23 16 50 
#6 21 31 60 9 1 51 56 69 54 19 60 23 27 50 
#6 21 17 58 2 1 51 41 56 54 14 25 23 4 75 
#35 58 21 58 19 8 51 30 69 37 36 40 16 21 27 
#11 11 21 58 54 19 51 41 57 1 36 9 5 9 75 
#11 66 21 3 54 1 16 20 57 37 14 16 16 9 75 
#11 21 47 60 14 1 18 12 9 37 14 34 48 19 54 
#9 21 47 60 2 14 51 12 56 54 17 40 14 30 50 
#18 58 3 20 6 28 16 64 30 40 14 12 23 33 75 
#18 5 3 29 19 11 16 56 56 1 49 12 48 40 75 
#11 5 31 29 19 11 51 56 56 1 36 9 7 4 22 
#11 8 33 29 19 14 6 17 69 1 14 25 24 19 27 
#11 66 33 20 36 11 18 17 8 1 17 25 24 49 27 
#9 21 25 15 5 1 51 56 56 10 19 15 57 27 7 
#11 17 26 17 3 25 26 64 9 19 23 5 10 9 6 
#6 15 21 5 19 11 27 17 37 52 17 40 18 49 22 
#11 66 17 7 19 19 16 56 69 40 53 18 16 19 7 
#11 30 3 30 7 8 20 56 8 40 22 40 57 32 39 
#11 58 33 29 19 8 5 30 69 37 18 28 16 33 27 
#9 30 25 60 9 0 8 12 37 10 19 38 37 27 42 
#11 58 3 5 54 25 4 64 57 12 14 8 5 9 54 
#39 15 45 60 50 14 51 64 37 4 16 15 7 30 27 
#11 21 17 60 6 19 16 17 69 4 36 9 48 19 75 
#11 30 24 30 7 12 41 41 69 1 53 9 48 21 42 
#35 58 9 7 2 1 16 12 69 1 14 25 19 29 31 
#39 30 21 60 50 0 51 28 10 5 17 40 5 9 75 
#11 58 3 5 5 6 4 64 69 12 49 15 24 9 22 
#11 21 21 60 6 14 8 64 11 4 16 15 16 30 75 
#9 21 17 60 11 28 41 41 69 4 36 60 23 21 50 
#6 21 31 58 19 1 41 56 69 54 18 9 48 4 22 
#35 58 23 18 7 12 8 64 69 40 14 25 19 40 31 
#35 58 33 5 20 1 51 28 6 37 16 40 5 10 27 
#6 5 3 58 19 6 4 64 69 5 36 15 24 9 22 
#11 66 21 3 6 10 27 41 11 37 14 16 5 16 75 
#9 21 17 60 54 28 8 20 69 37 14 16 23 19 50 
#6 21 31 60 2 14 51 12 9 54 18 34 48 4 54 
#9 21 47 5 19 1 8 12 56 54 14 40 14 40 50 
#35 58 33 20 15 8 45 15 6 37 16 40 57 33 42 
#18 5 21 58 6 28 51 64 30 1 36 9 23 40 22 
#11 5 31 3 54 11 5 41 57 6 49 16 5 4 22 
#11 66 47 29 54 14 6 64 69 1 36 16 16 49 75 
#9 21 33 20 19 6 45 12 30 1 18 25 48 19 54 
#9 13 47 5 2 1 51 12 56 45 17 18 27 30 50 
49 53 52 25 54 35 
7 44 40 19 33 16 
55 51 12 21 45 10 
13 11 20 57 18 38 
43 22 26 8 46 47 
23 37 39 24 42 6 
#Base: 875
#Max: 553
#632000
#Turn 5
#9 21 3 58 19 6 8 64 56 54 36 15 24 40 22 
#9 21 47 60 19 14 8 12 9 54 18 40 48 40 50 
#18 21 31 60 6 28 16 64 30 54 18 34 23 33 54 
#18 58 33 20 15 8 45 64 6 37 14 12 23 33 42 
#11 58 33 20 15 8 45 30 6 37 18 28 16 33 42 
#11 21 17 60 20 14 8 64 11 52 17 9 16 49 15 
#11 21 21 60 7 14 41 64 11 4 53 9 16 21 42 
#11 30 17 30 2 1 51 41 56 1 14 9 23 21 42 
#11 66 17 58 19 1 51 56 56 40 53 25 16 4 7 
#11 66 17 7 19 19 4 64 69 5 36 18 24 9 22 
#9 5 21 58 54 28 8 20 30 1 36 16 23 19 22 
#9 21 17 60 50 28 8 20 69 37 14 16 23 30 27 
#20 21 17 60 54 28 51 41 69 4 36 15 48 9 75 
#9 21 17 58 54 19 41 41 69 1 36 9 5 9 50 
#9 58 23 60 11 28 4 41 69 5 36 60 23 5 50 
#11 48 3 60 5 14 41 41 69 4 36 9 24 21 22 
#35 58 21 58 19 14 51 64 69 4 16 40 16 30 54 
#11 58 21 58 54 14 51 30 69 1 36 16 16 21 27 
#6 21 31 29 9 1 6 64 69 1 36 16 23 27 50 
#6 15 31 60 9 1 51 56 37 4 16 15 7 27 50 
#11 58 21 3 54 6 16 20 69 37 14 16 24 9 22 
#11 66 21 29 54 1 16 56 57 37 49 16 48 40 75 
#18 5 3 29 7 11 16 14 56 40 49 12 48 19 75 
#6 66 31 30 19 1 20 56 69 54 18 9 57 4 75 
#6 58 23 18 19 12 41 56 69 40 14 25 19 40 31 
#11 58 47 5 14 1 18 64 9 12 14 8 5 9 54 
#11 58 3 5 6 19 4 64 69 4 36 9 5 19 54 
#9 21 17 60 6 14 51 12 56 4 17 40 48 30 50 
#39 21 47 60 2 0 51 12 10 5 17 40 5 30 50 
#39 30 21 60 50 0 26 17 10 5 14 8 5 49 75 
#6 5 17 7 20 14 51 64 69 52 17 15 24 9 22 
#9 21 21 60 6 1 8 12 11 54 16 15 16 30 50 
#6 21 24 30 2 12 51 41 9 1 53 34 48 21 54 
#6 21 17 58 2 1 16 41 56 54 14 12 23 4 75 
#35 66 17 7 19 8 45 15 6 37 16 40 16 33 7 
#11 58 3 31 6 6 4 30 69 37 36 28 16 9 22 
#11 5 21 58 20 14 51 17 30 52 36 9 23 49 15 
#9 21 21 60 54 28 8 64 69 4 16 16 16 19 50 
#20 30 24 30 50 28 8 41 69 4 53 15 48 21 27 
#11 21 21 58 54 19 51 41 57 1 36 9 5 4 75 
#11 21 17 60 19 28 41 56 69 40 53 18 16 19 50 
#35 66 3 31 6 6 4 64 69 5 31 15 24 9 54 
#11 5 21 60 11 28 51 64 30 1 36 9 23 40 22 
#9 58 17 60 54 28 8 64 69 37 14 15 23 19 54 
#20 21 21 58 19 8 51 64 69 37 16 40 16 30 27 
#11 11 47 58 54 19 51 41 69 1 36 16 5 9 75 
#9 21 17 60 11 1 51 56 69 54 36 60 23 21 50 
#35 58 45 60 50 14 4 64 37 4 31 15 7 5 27 
#11 48 24 5 5 28 41 64 69 12 36 15 24 9 22 
#11 66 3 60 54 14 16 64 69 4 14 15 24 30 75 
#18 5 21 58 19 11 51 56 69 37 49 40 48 21 75 
#11 66 47 29 7 19 6 64 69 40 53 16 16 19 75 
#6 21 31 60 9 1 41 56 69 54 18 9 23 27 22 
#35 58 45 18 7 14 51 64 37 40 14 25 19 30 31 
#11 21 47 5 14 1 4 12 69 37 49 15 48 9 22 
#11 66 21 3 54 1 16 64 57 37 14 16 16 9 75 
#18 21 17 29 19 11 16 56 69 1 49 9 48 40 75 
#9 66 23 60 2 19 20 12 69 40 17 40 14 30 50 
#6 21 21 58 19 0 51 28 69 54 17 40 48 4 75 
#35 15 23 18 7 12 26 17 69 40 14 25 5 49 31 
22 29 41 17 53 27 
33 1 37 16 57 13 
38 2 46 12 23 47 
8 43 49 21 51 40 
0 44 14 50 58 56 
15 24 39 45 55 52 
#Base: 875
#Max: 578
#660571
#Turn 6
#39 5 21 29 50 11 26 17 56 5 49 8 5 49 75 
#35 30 3 60 6 0 26 64 69 5 31 8 24 49 54 
#35 58 3 31 54 6 51 30 69 5 31 15 16 21 54 
#35 58 45 58 54 14 51 30 37 40 36 16 19 30 27 
#35 21 17 18 6 14 51 12 37 40 17 40 48 30 50 
#6 21 47 58 2 1 8 12 56 54 14 12 48 40 75 
#9 21 21 60 19 28 8 12 9 4 16 40 16 19 50 
#35 21 21 58 54 28 51 64 69 4 16 40 16 30 50 
#35 66 21 60 19 19 51 64 69 4 16 40 14 30 54 
#9 21 23 58 2 19 20 41 69 1 17 40 5 9 50 
#18 30 24 30 50 28 8 41 69 54 18 15 48 33 54 
#18 21 31 60 6 1 51 64 30 54 18 34 23 33 54 
#9 21 17 60 54 1 51 56 69 4 36 15 48 9 75 
#20 66 17 60 54 1 51 41 69 4 18 15 48 9 75 
#35 58 31 30 19 1 20 64 37 4 31 9 7 5 75 
#9 58 17 60 54 1 51 64 56 40 14 15 16 19 7 
#9 66 17 60 54 28 8 64 69 4 14 15 24 30 54 
#11 66 3 60 54 1 16 56 69 4 14 16 24 40 75 
#11 66 21 29 7 19 16 56 69 40 49 16 16 19 75 
#11 66 47 60 19 19 41 64 69 40 53 18 16 19 50 
#9 21 3 58 19 6 51 64 69 54 16 15 24 40 22 
#20 21 21 60 11 8 51 64 69 5 16 40 23 30 27 
#9 5 21 60 11 11 4 56 69 37 36 60 48 21 75 
#18 21 21 58 19 11 51 28 69 54 17 40 48 4 75 
#6 21 17 29 19 11 51 56 69 1 49 40 48 40 75 
#6 48 23 18 5 12 41 41 69 40 14 25 24 21 22 
#11 21 23 18 54 19 51 56 69 1 14 9 19 4 75 
#11 21 21 58 54 19 51 41 69 1 36 9 5 4 75 
#11 11 47 58 54 19 51 41 69 1 36 16 16 9 75 
#11 21 31 3 54 1 16 64 69 54 14 16 16 27 75 
#18 21 3 58 2 1 16 14 56 54 14 12 48 4 75 
#39 21 47 60 50 14 26 17 10 54 14 8 48 40 75 
#35 66 21 60 6 6 4 64 69 4 16 15 24 19 54 
#35 58 21 58 54 14 51 30 69 4 36 40 16 30 27 
#9 66 45 60 2 19 20 64 37 40 17 25 19 30 31 
#9 21 17 58 54 14 51 41 56 4 36 40 5 9 50 
#20 21 24 30 2 1 16 41 69 54 14 15 23 4 75 
#9 21 31 60 6 28 8 64 9 54 18 34 23 40 54 
#9 21 17 60 11 28 8 64 69 4 36 60 23 19 50 
#35 21 21 58 19 28 51 64 69 4 36 40 48 30 54 
#6 66 23 60 2 1 20 12 69 54 18 40 57 4 75 
#35 21 17 58 54 14 41 64 37 1 31 15 7 9 50 
#20 30 24 30 19 1 8 56 69 4 53 25 16 21 27 
#9 58 17 60 6 28 16 64 69 54 14 15 23 33 54 
#11 66 17 60 11 1 51 64 69 4 14 60 23 30 75 
#11 66 17 29 54 1 16 56 69 4 49 16 48 9 75 
#11 66 47 29 19 1 6 64 69 54 18 16 16 4 75 
#11 58 45 60 50 14 41 64 69 40 53 15 7 5 27 
#11 21 3 58 19 1 51 56 56 54 53 25 16 40 7 
#9 58 17 58 54 8 51 64 69 37 14 40 16 30 54 
#11 66 3 60 54 14 4 64 69 5 14 15 23 5 50 
#11 66 21 58 54 11 16 56 69 37 49 16 48 40 75 
#11 21 21 58 7 0 51 64 69 40 17 40 48 4 75 
#11 21 17 29 19 11 16 56 69 1 49 9 48 19 50 
#11 48 3 58 5 14 8 64 69 4 36 9 24 40 22 
#6 21 23 18 19 8 51 56 69 37 14 25 16 40 31 
#11 58 21 60 54 28 51 41 57 5 36 9 23 4 50 
#11 11 47 58 54 19 51 56 69 37 36 16 5 9 75 
#11 66 21 58 54 1 16 64 69 54 14 16 16 9 75 
#18 21 31 60 9 11 41 56 69 54 49 9 23 40 75 
50 29 46 17 43 11 
15 10 16 59 23 18 
56 33 39 58 13 28 
12 57 49 51 44 7 
27 24 52 19 47 22 
38 3 40 8 45 31 
#Base: 875
#Max: 627
#716571
#Turn 7
#11 66 3 60 54 1 16 64 69 54 14 16 23 5 50 
#11 66 31 29 19 1 16 64 69 54 18 16 16 4 75 
#11 66 47 60 54 1 6 64 69 4 18 16 24 4 75 
#11 58 3 60 6 1 16 64 69 4 14 15 23 40 54 
#9 58 17 60 6 1 51 64 69 54 18 15 23 33 54 
#18 58 17 30 54 1 51 41 69 40 14 15 48 33 7 
#9 30 17 60 54 28 8 41 69 54 18 15 48 33 54 
#18 21 17 60 9 28 8 56 69 4 14 15 23 40 54 
#18 21 31 60 9 11 41 56 69 54 17 40 23 40 75 
#11 66 21 58 7 19 16 56 69 54 49 40 48 4 75 
#11 58 21 58 54 28 51 30 57 4 36 40 16 30 50 
#35 58 21 58 54 14 51 64 69 4 36 40 48 30 27 
#11 21 21 58 54 1 16 64 69 4 14 16 48 9 75 
#11 66 21 60 54 1 16 64 69 54 18 16 16 9 75 
#11 66 47 58 54 19 51 41 69 1 36 16 48 9 75 
#9 11 47 60 54 1 51 56 69 37 36 16 5 9 75 
#9 11 17 58 54 8 51 64 69 37 36 40 5 9 75 
#9 58 21 58 54 8 16 64 69 37 14 40 16 30 75 
#11 66 17 60 11 11 16 56 69 37 14 60 48 40 75 
#11 66 17 60 11 28 51 64 69 4 14 60 16 30 50 
#6 21 21 58 54 19 51 41 69 1 36 9 5 40 75 
#11 21 21 58 19 0 51 56 69 1 17 40 48 4 75 
#11 21 21 58 19 0 41 64 69 40 53 40 48 4 50 
#11 58 47 60 50 14 41 64 69 40 53 15 16 5 50 
#11 5 45 60 50 14 41 64 69 37 36 15 7 5 27 
#35 58 17 58 11 28 8 30 69 40 36 16 23 30 27 
#6 58 23 58 54 1 20 12 37 54 36 16 19 4 75 
#6 66 23 60 19 1 51 12 69 4 18 40 57 30 54 
#35 66 17 60 54 1 16 64 69 4 16 40 14 30 75 
#11 21 17 60 54 14 16 56 10 4 49 16 48 9 75 
#9 66 17 60 54 14 4 64 56 5 14 15 16 5 7 
#11 30 24 3 54 28 8 41 69 54 14 16 16 27 54 
#9 66 47 29 54 1 8 64 69 54 18 15 24 4 75 
#11 66 3 60 9 1 16 56 69 54 14 9 24 40 75 
#9 21 17 60 19 28 51 64 69 54 17 15 48 4 54 
#11 21 31 60 7 19 16 56 69 54 18 34 23 33 54 
#11 58 17 60 54 28 51 41 57 5 14 9 23 19 50 
#35 30 21 58 50 14 51 41 69 54 18 40 48 33 54 
#35 66 17 58 54 28 8 64 69 4 36 40 24 30 54 
#18 66 21 60 54 11 41 64 69 54 14 16 23 9 75 
#18 21 21 58 19 11 51 41 69 54 18 15 48 9 75 
#11 66 47 29 54 19 51 41 69 1 36 16 16 19 75 
#9 21 17 60 54 1 51 41 69 5 36 15 48 4 75 
#35 11 21 58 54 14 51 30 69 37 36 16 5 30 75 
#35 58 17 58 54 8 51 64 69 4 36 40 16 30 54 
#11 66 21 58 54 1 16 56 69 37 49 16 48 9 75 
#20 66 17 60 54 1 51 64 69 4 18 60 48 30 75 
#11 11 47 58 54 28 51 41 69 1 16 16 16 9 75 
#11 21 17 58 54 1 51 41 69 4 36 9 48 9 75 
#6 11 47 58 54 11 51 56 69 37 49 16 5 9 75 
#11 21 21 58 7 8 51 64 69 37 14 40 16 30 75 
#11 66 21 58 54 19 16 56 69 40 53 18 16 19 50 
#11 66 17 60 50 14 51 64 69 40 53 15 7 5 75 
#35 5 21 58 11 11 51 56 69 4 36 60 48 21 75 
#11 21 17 60 11 19 8 64 69 1 36 60 23 19 50 
#6 58 45 58 19 14 51 30 69 40 36 16 48 40 27 
#6 21 23 60 7 0 51 12 69 40 17 40 57 4 75 
#35 66 21 60 19 19 51 64 69 4 53 18 14 19 54 
#11 58 17 29 50 14 41 56 69 40 49 16 7 9 27 
#9 5 21 60 50 11 4 56 10 54 14 60 48 40 75 
59 40 15 49 55 6 
34 2 41 9 13 43 
4 19 18 11 39 16 
28 45 37 46 52 38 
10 8 17 14 23 53 
50 32 51 44 57 22 
#Base: 875
#Max: 637
#728000
#Turn 8
#9 5 21 58 50 11 51 56 10 54 14 60 48 40 75 
#18 21 21 58 54 11 51 41 69 54 18 16 5 9 75 
#6 11 47 58 54 11 51 56 69 37 36 16 5 9 75 
#6 58 45 58 19 11 51 56 69 40 49 16 48 9 75 
#6 58 45 60 54 28 51 41 69 54 18 16 48 33 27 
#9 66 47 60 19 28 6 64 69 54 18 15 48 4 54 
#11 66 47 29 54 19 6 41 69 4 36 16 16 19 75 
#11 66 21 58 54 19 16 41 69 1 36 40 48 4 75 
#11 66 21 60 7 1 16 56 69 54 18 16 16 9 75 
#11 11 21 60 54 1 16 64 69 37 18 16 16 30 75 
#9 66 17 60 6 28 51 64 69 54 14 60 16 30 54 
#11 66 17 60 11 28 16 64 69 37 14 60 16 30 75 
#35 58 21 60 54 14 51 56 69 37 14 60 48 30 27 
#18 66 21 60 54 11 51 64 69 54 36 16 48 9 27 
#18 11 17 58 54 11 41 64 69 37 14 40 5 9 75 
#11 66 17 60 54 1 16 64 69 37 16 16 48 9 75 
#11 30 21 58 54 1 16 41 69 37 49 16 48 9 75 
#35 66 21 58 54 14 51 41 69 4 18 40 48 30 75 
#20 66 17 60 50 14 51 64 69 4 53 15 7 30 75 
#11 66 17 60 54 28 8 64 69 40 36 15 7 5 54 
#11 21 21 58 9 11 51 30 69 4 36 40 16 40 75 
#9 58 31 60 54 11 16 64 69 37 17 40 23 30 75 
#9 58 47 58 54 8 51 41 69 1 14 40 48 30 75 
#11 66 47 60 54 14 41 41 69 40 53 16 16 9 50 
#35 5 47 58 50 11 41 56 69 4 36 15 48 21 75 
#9 66 47 58 54 8 51 64 69 54 18 40 16 30 75 
#11 66 21 29 54 1 16 56 69 40 18 18 24 19 50 
#11 66 17 58 54 19 51 64 69 40 36 40 16 30 50 
#35 66 17 60 19 19 51 64 69 4 36 18 14 30 54 
#35 66 21 60 19 0 41 64 69 4 53 18 14 19 50 
#9 5 17 60 50 11 51 56 10 54 14 15 48 40 54 
#11 21 47 60 19 1 6 64 69 4 18 16 24 9 75 
#9 66 47 29 54 1 51 41 69 37 36 16 16 9 75 
#11 66 21 58 54 11 16 56 69 37 49 40 48 9 75 
#11 66 45 60 19 14 51 64 69 54 36 16 48 40 27 
#9 11 17 58 54 14 51 30 69 54 36 15 5 33 75 
#9 21 17 60 6 28 51 64 69 54 18 15 48 4 54 
#11 66 17 60 54 28 6 64 69 4 18 16 16 4 50 
#11 66 47 29 54 11 16 56 69 1 14 16 48 19 75 
#11 66 21 58 54 14 51 56 69 54 49 40 48 30 75 
#11 66 21 60 54 11 16 64 69 54 18 16 16 9 75 
#35 11 17 58 54 14 51 64 69 37 36 16 5 9 75 
#35 66 17 60 6 1 51 64 69 4 18 40 14 30 75 
#11 66 21 60 11 28 16 64 69 4 49 16 16 9 50 
#35 66 17 58 11 11 51 41 69 54 18 60 48 33 54 
#35 58 17 60 54 1 51 64 69 4 36 60 48 30 27 
#18 66 21 60 54 11 41 64 69 40 14 16 7 5 75 
#35 66 17 58 54 28 51 64 69 4 36 40 5 30 75 
#11 58 17 60 54 28 16 64 57 4 16 40 14 30 75 
#11 66 31 58 9 11 41 56 69 54 17 16 48 9 75 
#35 58 21 58 54 14 16 41 69 37 14 40 16 33 54 
#11 66 47 60 54 1 51 64 69 1 18 16 48 30 75 
#11 58 47 60 50 14 51 64 69 40 53 15 16 5 50 
#35 66 17 58 11 28 8 64 69 4 36 40 48 30 54 
#11 58 21 58 54 8 51 30 57 4 14 40 16 30 75 
#9 66 31 60 9 1 8 56 69 54 18 40 23 40 75 
#9 58 21 58 54 8 16 56 69 37 14 40 16 30 75 
#11 66 17 58 54 19 51 41 69 4 36 16 48 9 54 
#35 58 21 60 50 19 41 64 69 4 53 18 16 19 54 
#11 21 21 58 11 11 51 64 69 4 36 40 48 21 50 
28 7 0 21 24 15 
55 40 11 27 23 5 
46 58 34 44 17 49 
13 33 47 39 12 3 
50 18 4 25 45 22 
32 53 10 51 52 56 
#Base: 875
#Max: 696
#795429
#Turn 9
#35 66 17 60 54 19 16 41 69 4 36 18 14 30 75 
#9 66 21 58 54 11 16 41 69 54 36 40 48 4 75 
#9 58 31 58 50 11 51 64 10 37 14 60 48 30 75 
#35 58 47 60 50 11 41 64 69 37 36 40 23 30 75 
#11 66 47 60 50 1 16 64 69 4 36 16 48 21 75 
#9 66 31 60 9 11 16 64 69 54 18 16 23 9 75 
#11 66 21 60 11 11 16 64 69 54 18 60 16 9 75 
#11 66 17 58 54 28 16 64 69 40 36 40 16 30 50 
#11 66 47 60 54 19 51 64 69 40 53 16 16 9 50 
#11 66 47 60 54 28 41 41 69 54 53 16 48 4 50 
#35 58 21 60 50 19 41 64 69 4 14 18 7 19 54 
#11 66 21 60 19 14 41 64 69 54 36 18 48 40 54 
#35 66 45 58 11 11 51 64 69 54 18 16 48 40 54 
#35 66 21 58 54 14 51 41 69 54 18 40 48 33 54 
#35 66 21 58 54 11 51 41 69 4 18 16 48 30 75 
#11 66 21 60 54 11 51 56 69 37 36 16 48 9 27 
#35 66 17 58 54 28 16 64 69 4 49 40 48 30 75 
#11 66 21 58 54 28 51 56 69 4 49 40 48 30 75 
#11 58 21 60 54 14 51 56 69 37 49 40 48 30 27 
#6 58 21 60 19 11 51 56 69 37 49 16 48 30 27 
#35 66 17 60 50 14 51 41 69 4 53 40 16 30 54 
#6 58 17 60 54 14 51 41 69 4 53 16 7 30 27 
#6 66 45 58 54 8 51 64 69 54 18 16 16 30 75 
#9 58 47 58 54 8 51 64 69 4 36 40 48 30 27 
#9 58 47 58 54 8 51 41 69 1 36 60 48 30 75 
#9 66 47 58 11 1 8 41 69 4 36 40 16 9 54 
#9 66 17 58 6 28 8 64 69 4 14 40 16 30 54 
#9 66 17 60 6 1 51 64 69 1 18 60 48 30 75 
#11 58 47 60 54 14 51 64 69 1 18 15 48 30 75 
#11 58 47 60 50 14 51 64 69 40 14 40 16 5 75 
#35 66 17 60 9 19 8 56 69 54 36 40 14 40 75 
#11 66 21 60 54 11 16 41 69 54 18 40 16 9 75 
#9 5 17 60 50 28 16 56 69 37 14 60 16 40 75 
#11 66 31 58 54 19 16 64 69 40 17 40 16 30 50 
#35 5 47 58 50 14 41 56 69 40 36 15 16 9 50 
#9 66 17 60 19 28 16 64 69 37 18 16 48 9 54 
#18 66 21 60 9 11 41 56 69 54 18 16 7 40 75 
#11 66 21 60 50 11 16 64 69 4 53 18 16 19 75 
#11 66 45 60 11 14 16 64 69 54 14 60 16 30 75 
#35 66 17 58 54 19 51 41 69 54 18 60 48 33 54 
#11 66 47 60 54 14 41 41 69 40 53 16 48 9 75 
#9 66 31 58 9 11 41 56 69 54 18 16 48 4 54 
#18 66 21 60 54 11 41 64 69 40 14 16 7 9 75 
#35 58 21 58 54 19 41 56 69 4 53 40 16 9 54 
#35 66 17 58 54 14 51 64 69 4 36 40 48 40 75 
#11 66 17 58 54 14 51 56 69 54 18 40 48 33 75 
#35 58 21 60 54 14 51 56 69 4 14 40 48 30 27 
#11 66 45 58 19 11 41 56 69 40 49 16 48 9 75 
#35 66 21 58 54 11 51 64 69 54 36 40 16 9 54 
#20 66 17 58 50 14 16 56 69 4 53 15 48 30 75 
#6 66 45 58 54 28 51 64 69 4 36 16 48 30 75 
#11 66 21 58 54 14 51 64 69 54 18 40 48 30 75 
#35 58 21 60 54 1 51 64 69 37 14 60 48 30 27 
#9 58 45 58 19 11 51 56 69 40 14 40 48 9 75 
#9 66 47 58 54 14 16 41 69 37 14 40 16 9 75 
#35 66 17 58 11 14 51 64 69 4 53 40 48 30 54 
#9 66 17 60 54 28 51 41 69 54 18 16 16 33 54 
#9 66 47 58 54 1 51 64 69 54 18 16 16 30 75 
#11 58 47 60 50 1 51 64 69 40 53 60 48 30 27 
#9 58 21 58 54 8 16 56 69 37 14 40 16 30 75 
43 14 2 22 29 1 
30 53 55 13 11 23 
7 57 17 58 45 47 
48 16 44 39 51 9 
38 8 12 3 50 18 
56 28 52 40 24 20 
#Base: 875
#Max: 677
#773714
#35 58 21 58 54 11 51 41 69 4 18 40 48 9 75 
#9 66 21 58 54 11 51 41 69 37 14 16 48 30 75 
#9 58 45 58 54 8 51 64 10 37 18 60 48 30 75 
#11 58 47 58 50 8 51 64 69 54 18 40 16 30 75 
#9 58 47 60 50 14 51 64 69 40 36 40 16 5 75 
#35 58 45 58 9 19 51 56 69 54 36 40 48 40 75 
#35 66 45 58 11 14 51 64 69 4 14 40 48 30 54 
#35 66 21 58 54 14 51 41 69 4 53 40 48 33 54 
#11 66 21 58 54 14 41 64 69 54 18 18 48 40 54 
#9 66 47 58 19 8 41 64 69 54 36 18 48 40 54 
#11 66 17 58 54 1 16 64 69 40 36 40 16 30 50 
#9 66 47 58 54 1 51 64 69 4 18 16 48 30 75 
#11 66 21 60 54 1 51 56 69 40 49 60 48 30 27 
#11 58 17 60 54 14 51 56 69 40 18 60 48 30 75 
#11 66 45 58 19 11 41 56 69 54 18 40 48 33 75 
#35 66 21 58 54 28 51 64 69 54 49 40 48 30 75 
#35 66 17 58 54 28 51 64 69 4 49 40 48 30 75 
#35 66 17 58 54 14 51 41 69 54 18 40 48 33 54 
#35 66 17 58 54 19 51 64 69 54 18 40 48 33 54 
#11 66 21 60 54 14 41 64 69 54 53 40 48 4 75 
#11 66 45 60 54 19 51 64 69 54 14 60 16 9 50 
#35 66 45 58 11 19 51 64 69 54 18 16 16 40 54 
#35 58 47 58 50 11 41 64 69 37 36 16 48 30 75 
#6 66 47 58 50 11 41 64 69 4 36 40 48 30 75 
#6 66 45 58 54 28 51 64 69 37 36 16 48 30 75 
#11 58 17 60 54 14 51 41 69 1 18 15 48 33 54 
#11 58 47 60 54 14 51 64 69 1 14 60 48 30 75 
#35 66 21 60 54 1 41 41 69 40 14 16 48 9 27 
#9 66 47 60 54 8 51 41 69 40 53 16 48 9 75 
#35 66 47 58 54 14 51 41 69 1 53 60 48 30 75 
#35 66 17 58 9 19 8 56 69 4 53 40 14 9 54 
#35 58 45 58 54 11 51 41 69 4 14 40 48 30 75 
#9 66 31 58 11 14 51 64 69 37 14 60 48 30 54 
#35 66 45 58 54 8 51 64 69 54 18 16 48 33 75 
#11 58 21 60 50 14 41 64 69 40 14 40 16 40 75 
#9 58 47 58 54 8 51 64 69 54 36 40 48 4 27 
#11 66 17 60 9 28 16 56 69 40 36 40 14 40 75 
#9 58 47 58 19 11 51 64 69 54 18 40 16 9 75 
#35 66 17 58 11 28 51 56 69 4 49 40 48 30 54 
#11 66 21 60 50 1 51 64 69 40 53 40 48 30 54 
#11 66 21 60 54 14 41 64 69 54 18 18 48 40 54 
#11 58 45 58 54 11 41 64 69 4 36 40 48 30 27 
#35 66 21 58 54 28 16 64 69 54 36 40 16 30 50 
#35 66 17 58 54 28 16 64 69 4 18 40 48 30 75 
#35 66 21 58 54 28 51 56 69 4 36 40 48 30 75 
#35 66 47 58 50 1 51 64 69 40 53 60 48 33 27 
#11 66 21 58 54 14 51 56 69 54 18 40 48 30 75 
#11 66 47 60 54 11 41 41 69 54 49 16 48 9 75 
#11 66 21 58 11 11 51 64 69 54 14 60 16 9 54 
#11 66 47 60 54 28 16 64 69 4 53 16 48 30 75 
#35 66 45 58 11 14 51 64 69 54 36 40 48 40 54 
#35 58 17 60 50 11 41 41 69 37 18 60 48 33 75 
#6 66 21 58 54 14 51 64 69 54 18 40 48 30 75 
#11 58 21 60 54 28 51 56 69 37 49 40 48 4 27 
#11 66 45 60 54 14 51 64 69 54 18 60 16 33 75 
#11 58 47 60 54 19 51 64 69 1 18 15 48 30 75 
#35 66 45 60 11 11 51 64 69 37 14 16 48 40 27 
#35 66 47 60 50 14 41 64 69 37 36 40 48 30 75 
#6 58 47 58 54 28 51 41 69 4 36 16 48 30 75 
#35 58 17 60 54 14 51 56 69 4 49 40 16 30 27 
#Base: 875
#Max: 742
#848000
