#[0] 3, 3
#[1] 4, 3
#[2] 3, 4
#[3] 3, 2
#[4] 2, 3
#[5] 2, 4
#[6] 1, 3
#[7] 2, 2
#[8] 3, 1
#[9] 4, 4
#[10] 5, 3
#[11] 3, 5
#[12] 4, 2
#[13] 3, 0
#[14] 5, 4
#[15] 4, 5
#[16] 5, 2
#[17] 4, 1
#[18] 0, 3
#[19] 1, 4
#[20] 2, 1
#[21] 1, 2
#[22] 2, 5
#[23] 0, 4
#[24] 5, 1
#[25] 0, 2
#[26] 5, 5
#[27] 1, 5
#[28] 2, 0
#[29] 1, 1
#[30] 4, 0
#[31] 0, 5
#[32] 1, 0
#[33] 0, 1
#[34] 5, 0
#[35] 0, 0
#Turn 0
32 54 7 43 22 55 
31 39 6 15 34 16 
45 9 17 27 24 10 
19 4 48 23 25 42 
50 59 36 11 40 37 
2 30 51 46 58 38 
#Base: 909
#Max: 358
#393839
#Turn 1
#2 4 25 8 47 27 32 8 8 19 9 26 43 10 0 
#2 7 5 8 6 28 3 8 25 8 11 1 18 8 19 
#6 7 16 12 6 30 3 34 4 8 12 35 18 55 19 
#1 43 9 17 52 29 22 11 4 15 12 35 15 16 35 
#11 3 9 30 52 16 10 59 10 39 18 15 15 7 22 
#12 17 19 15 20 17 2 20 17 16 34 47 8 21 47 
#28 1 20 15 10 48 1 38 12 16 43 13 0 25 45 
#2 23 20 13 4 66 8 9 16 40 43 13 0 25 11 
#49 47 16 20 7 66 3 31 16 19 2 13 11 2 13 
#49 20 14 20 7 5 3 22 13 12 12 50 20 2 13 
#28 16 27 31 1 12 14 2 37 3 17 27 36 26 27 
#28 2 23 31 6 53 17 2 29 63 17 62 17 19 11 
#8 2 23 14 21 32 4 34 11 63 45 29 4 19 39 
#8 2 11 4 21 32 4 1 11 48 45 29 4 0 39 
#24 16 38 1 8 6 14 51 25 34 2 2 16 18 5 
#7 14 56 19 20 50 13 17 56 2 18 3 24 8 3 
#7 62 56 19 3 3 2 17 56 2 9 8 24 36 3 
#21 62 12 20 2 8 6 9 19 11 54 8 21 2 13 
#68 15 10 31 15 13 2 9 19 13 39 7 41 2 13 
#27 19 10 8 33 7 12 0 22 65 39 1 11 10 14 
#20 26 51 46 0 29 15 28 8 27 21 2 4 47 4 
#4 6 2 45 0 59 15 18 12 7 17 10 10 23 4 
#1 11 66 45 14 23 11 44 12 44 19 10 28 3 20 
#1 11 66 56 14 3 8 44 3 15 19 7 1 7 20 
#11 2 23 18 1 3 8 45 3 55 4 25 22 36 18 
#24 16 3 5 10 19 22 15 12 17 1 33 8 38 12 
#24 23 10 5 28 19 41 26 17 46 1 24 2 47 5 
#23 35 15 5 28 23 66 9 2 46 14 15 28 23 26 
#4 12 15 17 6 23 66 9 41 7 14 15 24 23 26 
#2 12 7 17 6 30 22 46 28 17 10 15 24 20 22 
#46 17 25 11 20 27 12 20 17 19 9 26 1 10 8 
#2 1 6 15 47 28 32 38 8 27 45 1 32 8 47 
#28 7 5 13 28 48 1 34 25 8 11 13 18 25 19 
#6 43 16 12 0 66 8 8 16 15 12 35 11 34 11 
#1 47 7 17 7 24 15 31 1 19 2 37 17 7 13 
#11 20 30 57 27 16 10 59 13 39 28 15 20 6 22 
#46 17 27 4 1 1 12 39 17 44 51 29 8 15 8 
#12 2 0 31 6 12 2 38 7 36 17 47 16 21 47 
#6 11 23 13 24 48 1 2 17 24 43 18 0 25 11 
#2 2 16 5 4 66 8 8 11 40 35 29 11 34 39 
#49 47 4 20 8 24 14 1 1 19 2 45 17 0 13 
#28 0 14 57 23 5 31 51 18 51 12 2 20 18 5 
#16 16 27 9 1 50 8 39 34 12 18 27 36 55 0 
#7 2 0 31 6 12 2 17 56 2 17 4 24 26 27 
#6 11 0 20 24 53 6 2 18 63 14 18 2 36 24 
#8 2 11 10 49 32 4 34 11 48 45 7 21 2 39 
#24 16 4 4 15 13 14 0 2 34 2 45 7 3 65 
#27 19 35 8 33 7 31 16 18 51 30 2 11 10 5 
#26 26 24 9 20 50 13 28 34 12 21 9 4 47 34 
#7 6 56 1 3 29 15 37 56 2 9 2 10 23 3 
#21 62 0 20 2 59 11 17 18 9 11 10 2 3 24 
#21 11 66 10 49 23 17 44 0 44 23 11 1 7 20 
#68 48 23 31 15 13 0 45 2 13 4 1 41 26 14 
#11 19 14 8 43 25 12 20 22 55 18 10 11 10 18 
#20 6 24 37 41 15 22 28 12 27 52 33 8 47 6 
#4 6 28 5 0 29 31 33 17 33 17 2 10 23 4 
#21 23 2 45 28 59 11 18 2 7 4 10 28 47 20 
#4 35 15 30 6 23 66 44 18 7 14 15 26 23 26 
#1 12 23 56 1 3 20 44 41 15 10 2 30 20 6 
#2 2 21 52 43 25 8 46 28 55 18 25 22 33 18 
58 6 33 56 7 48 
46 17 45 35 31 36 
49 18 8 51 22 50 
57 23 59 11 16 12 
28 44 39 52 41 42 
19 4 54 27 15 20 
#Base: 909
#Max: 398
#437844
#Turn 2
#28 1 23 56 10 3 20 38 41 16 43 13 30 20 45 
#28 43 20 12 0 48 8 8 12 15 43 13 0 25 11 
#21 43 16 12 0 59 8 18 2 7 12 35 28 34 20 
#21 23 20 45 28 66 8 9 16 7 4 13 0 25 20 
#26 23 20 9 4 66 8 9 16 12 21 13 0 47 34 
#24 62 4 20 2 13 14 9 2 11 2 45 7 3 13 
#8 62 11 10 2 32 4 34 19 11 45 8 21 2 13 
#11 20 11 10 27 32 4 34 13 48 45 7 21 2 39 
#2 1 6 57 47 16 32 38 13 27 45 15 32 6 47 
#46 1 6 4 1 1 32 38 17 44 45 29 32 8 47 
#68 15 10 31 3 13 15 37 19 2 39 7 41 23 13 
#68 15 10 20 15 66 2 31 16 13 39 13 41 2 13 
#49 11 16 10 49 66 3 31 16 44 23 13 11 7 13 
#1 11 66 10 49 23 11 44 0 44 19 10 28 7 20 
#21 11 0 45 14 59 11 17 18 44 11 10 28 3 24 
#4 35 66 56 6 23 66 44 18 7 19 15 26 7 20 
#1 2 66 52 43 25 8 44 3 15 19 25 1 7 18 
#28 2 23 52 43 53 8 46 28 55 17 25 17 33 18 
#28 62 56 19 3 53 17 2 29 63 9 8 17 36 3 
#7 62 56 14 21 32 2 17 56 2 9 29 24 19 39 
#4 12 15 20 24 53 6 9 18 7 14 15 24 36 26 
#6 2 0 20 24 53 6 8 18 63 14 18 11 36 24 
#2 48 23 31 15 66 8 8 11 40 35 1 41 26 14 
#28 48 23 57 23 13 31 51 2 13 4 2 41 26 5 
#28 16 14 57 1 5 8 39 18 12 12 27 20 18 5 
#27 19 9 8 33 7 10 0 10 65 18 1 15 7 14 
#11 6 24 30 52 15 22 59 10 39 52 15 8 47 6 
#20 35 15 5 41 15 22 9 12 27 14 15 8 23 26 
#23 35 56 5 20 50 13 17 2 2 18 15 28 8 26 
#20 26 56 19 0 29 13 17 8 2 18 3 24 47 4 
#1 12 23 4 1 3 14 44 2 15 2 45 7 3 6 
#21 1 20 15 2 48 6 38 19 16 43 8 0 25 45 
#6 43 16 12 0 32 4 8 11 48 12 7 11 2 11 
#11 23 2 57 28 59 11 59 2 39 4 15 28 47 22 
#2 23 20 13 47 28 8 38 16 40 43 1 0 25 47 
#26 17 27 4 1 50 13 39 34 12 51 9 8 15 34 
#7 6 4 1 3 13 14 37 56 34 2 45 10 23 3 
#21 62 10 20 15 8 2 9 19 11 39 7 21 2 13 
#8 2 16 10 7 32 4 34 11 48 45 13 11 2 39 
#11 11 66 10 27 23 17 59 0 39 28 11 1 7 20 
#1 11 66 45 47 28 11 44 12 44 19 1 28 3 20 
#46 17 27 4 1 1 11 17 17 44 11 10 8 15 8 
#4 6 15 1 6 23 15 37 56 7 14 15 10 23 3 
#1 11 66 56 15 3 8 44 3 13 39 7 41 2 20 
#49 2 16 20 43 66 8 31 16 55 2 25 22 33 13 
#21 2 23 10 49 23 17 44 29 44 17 62 17 19 11 
#1 62 56 19 3 3 2 17 12 44 9 8 28 3 3 
#21 2 0 14 2 32 11 34 18 9 45 10 4 19 39 
#4 35 15 17 6 23 66 9 41 7 14 15 24 23 26 
#6 11 0 20 14 3 8 2 18 63 14 7 1 7 20 
#2 2 16 52 43 66 8 8 28 55 18 25 11 33 18 
#28 48 23 31 6 53 17 45 2 63 4 1 41 26 11 
#28 0 56 19 3 3 2 17 18 2 9 8 24 36 5 
#16 16 23 14 21 32 4 34 34 63 45 29 36 19 39 
#4 19 10 17 33 23 66 9 22 65 14 15 11 10 26 
#6 11 9 30 52 16 10 2 18 63 14 18 15 7 22 
#20 2 16 5 4 66 22 8 11 40 35 29 11 47 39 
#68 48 15 31 28 13 0 45 2 13 4 15 28 26 14 
#28 0 56 19 20 50 31 17 56 51 12 2 24 18 3 
#16 16 27 9 1 50 8 28 8 12 21 2 36 55 4 
3 48 0 45 56 35 
4 46 23 50 54 10 
34 13 11 51 44 57 
8 19 17 18 33 58 
21 16 43 15 26 12 
14 39 22 40 53 9 
#Base: 909
#Max: 448
#492849
#Turn 3
#21 35 20 45 28 23 8 9 16 7 4 13 24 23 20 
#4 1 23 56 10 23 66 9 41 16 43 13 30 20 45 
#21 2 23 56 49 3 20 38 29 16 17 62 30 19 11 
#20 2 23 10 4 23 17 8 11 44 17 29 11 19 39 
#26 2 27 5 1 66 22 39 34 12 35 29 11 15 34 
#1 62 56 9 3 66 8 17 16 44 21 8 0 47 3 
#28 62 56 19 23 13 31 17 12 44 9 8 28 3 5 
#2 2 23 57 43 66 8 8 2 55 18 2 41 33 18 
#2 19 16 17 43 23 8 8 28 55 14 15 11 33 18 
#68 15 10 31 33 13 15 37 19 65 14 7 11 23 26 
#1 23 66 10 47 28 11 44 0 40 43 10 28 25 47 
#68 11 66 20 15 23 11 31 16 13 19 13 41 7 13 
#28 15 10 20 6 53 2 45 16 13 39 1 41 26 13 
#49 2 16 31 43 66 17 45 16 63 2 1 22 33 13 
#49 48 16 31 43 66 8 45 16 13 2 15 28 26 13 
#7 62 56 57 21 32 32 38 56 2 9 29 24 19 47 
#7 2 56 14 21 32 8 17 28 2 17 29 17 33 18 
#28 62 23 19 3 53 8 46 28 55 17 8 17 33 3 
#28 23 2 19 28 53 11 2 2 39 4 15 28 36 3 
#28 0 2 57 28 50 31 17 2 51 12 15 28 18 3 
#6 2 0 20 43 25 6 8 3 15 19 25 1 36 24 
#1 2 66 52 43 25 8 44 3 15 39 7 1 7 20 
#4 35 66 56 15 23 8 44 3 13 19 15 41 2 20 
#11 35 66 30 52 23 66 44 18 7 52 15 26 7 6 
#11 11 24 10 52 15 3 59 10 44 52 13 8 47 13 
#11 11 66 10 14 59 17 59 0 44 11 10 1 3 24 
#2 48 66 31 27 23 8 8 0 40 28 1 1 7 14 
#1 48 23 31 15 66 8 44 11 44 19 1 41 26 20 
#1 11 66 14 21 28 4 44 34 44 19 29 28 3 20 
#16 16 6 4 1 1 4 38 17 44 45 29 36 19 47 
#21 23 20 45 4 66 8 9 16 7 21 13 0 47 20 
#4 62 56 19 3 23 2 9 12 7 14 8 24 23 26 
#28 48 23 56 23 13 20 38 2 16 43 2 41 26 5 
#21 2 23 52 49 23 8 8 29 44 17 25 17 33 18 
#20 2 16 17 4 23 22 8 11 40 14 29 11 10 39 
#68 17 27 4 3 13 13 37 34 2 51 9 8 23 13 
#2 23 20 9 47 66 8 38 16 12 21 1 0 47 47 
#1 62 66 19 3 23 2 44 12 44 19 8 28 7 20 
#28 15 23 20 23 66 31 31 16 13 39 2 41 26 13 
#28 2 23 52 6 66 17 8 2 63 4 1 41 26 18 
#4 2 10 20 43 66 66 31 22 65 2 15 11 33 26 
#68 48 15 31 28 13 15 45 2 2 4 7 28 26 14 
#2 23 6 57 47 16 32 38 16 40 45 1 32 25 47 
#1 11 66 10 49 32 11 44 56 2 19 10 28 19 20 
#68 2 23 52 43 53 8 46 28 13 17 25 41 2 13 
#28 62 23 31 3 53 17 2 29 63 4 8 41 36 11 
#11 23 16 57 28 66 11 31 2 55 4 25 28 33 13 
#68 48 15 31 20 13 0 17 56 51 4 15 28 26 3 
#6 1 6 57 47 16 32 38 18 27 45 15 32 36 24 
#1 2 56 14 43 32 2 17 56 2 19 25 24 7 18 
#1 11 23 56 15 3 8 44 3 13 39 25 41 2 20 
#28 62 56 19 6 53 17 44 29 7 9 15 17 36 20 
#11 6 24 30 28 15 22 59 10 39 52 15 8 47 6 
#49 0 56 10 20 50 31 17 56 44 23 2 11 18 3 
#6 11 0 45 24 53 6 8 18 63 11 10 28 3 24 
#1 2 66 52 27 25 8 59 3 39 19 11 1 7 20 
#1 48 66 56 15 66 8 44 11 13 39 1 41 26 14 
#4 35 66 45 6 28 66 44 18 7 19 1 26 7 20 
#11 6 23 30 52 32 4 34 34 39 45 29 36 19 6 
#46 11 6 10 1 1 3 38 16 44 23 29 11 8 13 
28 32 2 53 9 48 
21 36 25 45 39 55 
11 27 5 44 13 43 
51 10 40 15 23 47 
22 17 14 56 7 42 
52 37 1 57 46 24 
#Base: 909
#Max: 491
#540154
#Turn 4
#1 11 66 56 21 28 20 44 34 16 19 29 28 26 5 
#28 2 23 56 49 13 20 38 29 16 17 2 41 26 11 
#49 0 23 56 20 50 31 38 56 16 17 62 11 18 3 
#49 0 56 10 33 50 31 37 19 44 14 2 11 18 3 
#6 1 6 31 47 16 32 38 18 27 45 15 11 36 26 
#2 2 66 9 47 66 8 38 3 15 39 7 1 47 20 
#11 11 20 10 14 66 17 59 0 12 21 10 1 3 47 
#28 11 23 10 14 53 17 2 0 63 11 10 1 3 24 
#28 62 23 31 6 53 17 2 29 63 4 8 41 26 18 
#1 2 66 52 27 66 8 59 2 39 4 11 1 26 20 
#1 48 66 20 15 23 11 44 11 44 19 1 41 7 13 
#1 62 23 31 15 66 8 17 16 44 21 1 41 47 3 
#68 62 23 9 43 66 8 46 16 44 21 8 41 2 13 
#49 2 16 52 43 66 17 45 16 63 17 25 22 2 13 
#1 11 66 10 49 32 11 45 56 2 2 10 22 33 13 
#1 23 66 19 6 28 17 44 29 40 9 15 28 36 47 
#1 2 66 10 43 28 11 44 0 40 2 10 11 25 47 
#7 2 10 20 43 32 66 38 22 65 2 29 24 33 47 
#11 35 66 57 52 32 32 38 56 2 9 15 24 7 47 
#68 48 66 31 52 13 66 17 56 7 52 15 26 26 3 
#4 35 66 19 3 53 8 44 28 13 17 8 41 2 20 
#49 62 23 19 3 53 8 46 28 55 2 8 17 26 13 
#49 48 66 56 15 66 8 45 16 13 2 1 28 26 14 
#2 48 66 57 15 66 8 44 11 13 39 1 41 26 18 
#2 2 23 57 43 16 32 8 2 55 45 2 41 33 47 
#11 6 24 30 3 15 22 59 10 39 19 8 8 47 20 
#4 1 66 19 10 23 66 9 12 44 43 8 28 20 20 
#4 1 66 56 6 23 66 9 18 7 19 1 30 20 45 
#11 23 16 45 28 66 11 44 18 7 4 25 28 33 13 
#11 11 24 10 28 15 3 59 10 44 52 13 28 33 13 
#1 11 66 52 21 28 8 44 3 44 19 7 1 3 20 
#2 48 23 9 47 13 8 38 16 12 21 2 0 47 5 
#11 11 66 10 49 3 17 38 29 16 11 62 1 19 11 
#49 62 23 31 3 53 17 2 29 63 4 8 41 36 3 
#28 2 23 52 6 13 17 37 2 63 14 1 41 26 18 
#1 1 66 52 47 16 8 38 3 39 19 15 1 36 24 
#1 11 66 52 15 23 8 44 16 13 39 7 1 7 13 
#1 23 23 31 47 66 8 38 11 44 19 1 41 47 47 
#1 11 66 10 14 66 17 59 16 44 21 8 1 3 3 
#28 2 23 52 43 53 8 46 29 13 4 25 41 2 13 
#28 2 23 52 43 66 17 45 16 63 4 1 22 33 13 
#1 2 66 52 49 25 11 44 56 39 19 11 1 19 20 
#28 62 66 20 6 53 11 44 16 13 19 13 17 7 20 
#1 23 66 10 15 28 11 44 0 40 19 10 41 26 20 
#1 62 56 9 43 66 8 17 16 65 21 8 0 33 26 
#68 62 23 52 21 53 8 46 56 13 17 29 24 2 13 
#49 35 66 31 43 23 17 45 18 7 2 15 26 7 13 
#1 48 15 10 20 13 11 44 56 51 4 15 28 26 20 
#4 62 66 19 15 53 17 44 29 13 19 15 17 36 20 
#28 62 23 19 3 53 11 44 28 40 43 8 17 25 3 
#4 48 10 20 43 66 66 31 22 65 2 15 28 26 26 
#7 62 56 57 15 32 8 44 11 13 39 29 41 26 47 
#2 2 66 57 43 66 8 8 2 7 52 15 41 33 18 
#2 23 6 31 47 13 0 38 56 51 45 1 32 26 47 
#11 6 66 30 15 23 8 59 3 13 19 15 8 2 6 
#28 62 66 19 3 53 8 46 28 55 19 8 28 33 20 
#49 48 23 31 10 23 8 9 16 16 43 13 30 26 13 
#1 35 66 56 6 28 8 44 18 7 19 1 41 7 14 
#2 2 23 57 28 66 11 31 2 55 18 25 28 33 13 
#2 23 24 57 52 16 32 59 16 44 52 13 32 25 13 
14 15 8 9 24 49 
26 42 21 22 41 27 
58 48 55 50 23 53 
33 51 18 19 12 13 
38 40 2 45 44 17 
0 5 37 52 59 11 
#Base: 909
#Max: 546
#600660
#Turn 5
#1 11 66 10 6 28 17 45 56 40 2 10 22 36 47 
#1 62 66 19 6 53 17 44 29 63 9 15 41 26 47 
#1 62 23 31 6 66 8 2 29 39 4 11 41 26 18 
#2 2 23 57 43 66 8 59 2 39 4 11 1 26 20 
#2 62 23 57 3 16 32 44 2 55 45 2 41 25 3 
#28 62 66 19 6 53 11 9 16 13 19 8 17 7 20 
#28 62 66 19 6 53 11 46 28 55 19 13 17 26 20 
#49 48 66 56 15 53 8 46 16 13 2 1 17 26 14 
#49 48 66 52 49 66 11 45 16 39 2 11 28 26 14 
#1 1 66 56 6 25 11 9 18 39 19 1 30 20 20 
#2 2 23 57 28 53 11 44 2 13 19 15 28 36 13 
#4 62 66 19 15 53 8 44 29 55 19 15 17 33 20 
#28 62 66 19 3 53 8 31 22 55 19 8 28 26 20 
#4 48 10 20 15 66 8 44 22 65 39 1 28 26 18 
#2 23 6 31 47 13 0 44 56 13 45 1 32 26 47 
#7 62 23 31 3 53 8 2 29 13 39 29 41 36 47 
#11 35 66 57 15 32 32 38 56 13 9 29 41 26 47 
#11 48 66 57 52 32 66 17 56 7 9 15 24 7 47 
#68 62 66 9 52 66 66 17 16 44 52 15 41 26 13 
#68 2 23 9 43 66 17 45 16 63 17 8 22 2 13 
#28 2 23 52 14 66 17 59 16 44 4 8 1 3 13 
#28 2 23 56 20 66 17 45 16 16 4 1 11 33 3 
#49 62 23 52 21 50 8 46 56 13 17 62 11 2 13 
#1 62 56 9 43 53 8 46 16 65 21 8 0 2 13 
#7 2 10 20 43 32 66 38 22 65 21 8 24 33 47 
#2 2 66 56 47 28 8 38 3 15 19 29 28 26 5 
#1 23 23 9 47 66 8 38 11 15 39 1 41 47 47 
#1 23 66 31 47 66 8 38 2 44 19 1 41 33 47 
#2 23 66 57 52 16 32 59 16 7 52 13 32 33 18 
#1 23 24 57 15 66 8 59 16 44 21 13 41 25 13 
#4 11 66 19 49 23 66 45 56 44 43 8 28 20 20 
#1 23 66 20 6 53 17 44 16 40 19 15 17 36 20 
#28 62 23 31 3 53 8 2 28 63 4 8 17 26 13 
#49 48 66 52 27 66 8 59 2 13 2 11 28 26 14 
#2 2 23 52 49 16 11 8 56 39 19 2 41 19 47 
#28 1 23 19 3 23 11 9 18 40 43 8 30 25 45 
#2 1 23 57 10 66 11 9 2 44 43 8 28 20 20 
#28 62 66 19 6 53 11 44 16 13 19 15 17 36 20 
#49 62 23 19 3 53 8 46 28 55 2 8 28 26 13 
#4 48 66 20 15 66 66 45 16 65 2 1 28 26 14 
#2 2 66 57 15 66 11 44 56 13 19 1 41 26 18 
#4 1 6 31 47 23 0 9 18 7 19 1 32 26 47 
#2 2 23 57 3 53 11 31 2 63 4 8 28 33 3 
#4 62 56 57 15 53 8 44 11 13 39 15 41 36 20 
#28 35 66 19 3 53 8 38 56 2 9 15 24 33 47 
#68 48 66 31 43 13 66 17 56 65 2 15 26 26 3 
#2 48 23 57 15 66 8 44 16 13 21 1 41 26 13 
#49 2 6 52 47 13 0 45 16 63 17 1 32 26 13 
#1 11 66 10 14 53 17 59 16 44 4 8 1 3 3 
#28 2 56 57 43 32 8 44 11 13 4 1 41 33 13 
#49 35 66 57 52 32 32 38 56 2 9 62 11 18 47 
#68 62 23 52 21 13 8 17 56 7 52 29 26 2 3 
#68 62 23 9 43 66 8 17 16 44 21 8 41 2 13 
#7 2 10 20 43 32 66 45 16 63 17 25 22 33 47 
#1 11 66 56 21 28 20 59 16 44 21 8 28 26 3 
#2 2 66 9 43 66 17 45 3 63 39 7 22 33 13 
#49 0 23 56 20 66 31 38 56 16 19 62 41 18 47 
#2 2 23 57 21 66 8 8 2 13 52 15 24 2 13 
#2 23 56 9 52 16 8 17 16 65 21 8 32 25 13 
#7 2 23 31 15 32 66 17 16 44 2 29 41 47 3 
54 37 19 55 53 13 
26 29 12 39 11 24 
4 51 1 17 8 7 
27 30 56 18 50 16 
38 52 28 45 22 40 
15 23 6 33 43 44 
#Base: 909
#Max: 613
#674367
#Turn 6
#28 62 66 56 6 53 20 59 16 44 19 15 17 26 3 
#68 62 23 19 43 66 17 44 16 13 19 15 22 2 13 
#68 2 23 9 43 66 17 45 16 63 39 8 22 33 13 
#2 2 66 20 43 66 66 45 16 63 17 7 22 33 13 
#4 2 10 20 15 66 66 44 16 65 17 1 28 33 47 
#1 23 23 9 47 66 8 38 16 44 21 1 41 25 47 
#28 62 66 19 3 66 8 59 16 44 21 13 28 26 13 
#4 62 66 19 15 66 8 31 16 65 2 8 28 26 20 
#4 62 66 20 15 53 8 45 29 65 2 15 17 33 20 
#7 2 10 19 15 32 66 38 29 65 19 8 24 33 20 
#2 62 23 52 3 16 32 17 2 55 45 2 41 2 3 
#68 62 23 19 6 13 8 17 56 7 52 29 41 2 3 
#1 48 66 19 52 53 66 17 29 63 9 15 41 26 47 
#49 48 66 57 52 32 11 45 56 7 2 11 28 7 47 
#49 48 66 56 49 66 8 45 16 13 2 11 17 26 14 
#4 23 66 31 47 23 8 38 56 44 43 1 28 20 47 
#4 0 66 56 49 23 66 38 56 16 19 62 28 18 47 
#68 0 66 9 20 66 31 38 56 44 19 62 41 26 13 
#49 62 66 9 52 66 66 38 16 44 52 62 41 26 47 
#49 35 66 57 52 32 32 38 56 2 9 29 41 18 47 
#68 62 23 9 43 53 8 46 28 44 2 8 41 2 13 
#68 23 66 57 43 16 8 59 16 7 21 8 41 33 18 
#68 23 66 31 52 16 32 59 16 7 2 13 32 26 3 
#68 62 23 52 43 50 8 17 56 13 17 15 26 2 13 
#49 2 23 52 21 50 11 46 56 13 17 62 11 26 13 
#7 62 56 31 43 53 8 46 16 65 21 8 0 36 47 
#28 62 56 19 43 53 11 46 16 55 21 8 0 26 13 
#28 62 66 19 27 66 11 59 2 13 2 11 17 26 14 
#49 62 56 57 15 53 8 44 2 13 39 11 41 36 20 
#28 35 66 19 3 53 8 44 11 2 9 15 24 36 20 
#1 11 23 9 47 28 20 38 16 44 21 8 28 47 47 
#1 62 24 19 15 66 11 59 16 13 21 15 17 36 20 
#28 62 66 9 3 53 17 45 22 55 17 8 22 26 20 
#2 48 66 20 43 66 17 45 16 65 39 7 22 26 13 
#7 2 66 19 15 32 66 44 16 63 17 15 22 33 47 
#4 48 10 20 15 32 66 44 22 65 21 8 24 33 47 
#2 23 23 9 3 66 32 38 2 55 45 2 41 47 47 
#68 23 24 57 15 13 8 17 56 7 21 13 41 25 3 
#1 62 66 19 6 53 8 44 29 55 9 15 28 26 20 
#4 48 66 57 52 32 66 17 56 65 9 15 24 26 47 
#4 48 66 52 49 66 8 45 16 39 2 15 28 33 14 
#49 48 10 56 43 53 66 46 22 65 21 1 24 33 47 
#1 23 66 57 3 66 32 44 2 44 45 1 41 25 47 
#68 62 23 52 21 23 66 45 56 44 52 8 28 2 20 
#1 62 66 19 6 66 17 38 56 63 19 15 41 18 47 
#68 62 66 57 52 32 66 17 56 7 9 15 24 7 13 
#49 48 66 57 52 32 32 45 56 2 2 62 28 26 14 
#11 35 66 57 15 53 32 38 16 13 9 1 17 26 47 
#49 23 23 19 3 53 8 38 28 55 19 1 28 26 13 
#68 62 23 9 49 23 66 45 16 44 43 8 41 2 13 
#49 0 66 56 20 66 31 38 16 16 52 62 32 33 47 
#68 48 66 9 43 13 66 17 56 65 52 15 41 26 3 
#49 35 66 52 21 32 32 46 56 2 17 62 11 2 13 
#2 2 66 57 15 32 32 38 56 13 19 1 41 26 18 
#49 62 23 19 3 53 8 46 28 13 39 8 41 26 13 
#68 62 56 9 43 66 8 46 16 65 21 8 41 2 13 
#2 23 66 57 52 16 32 46 28 55 19 13 17 33 20 
#49 48 66 52 43 13 66 59 56 65 2 11 28 26 14 
#49 62 23 57 21 50 8 44 11 13 39 62 11 2 13 
#2 35 66 19 3 53 8 44 56 2 19 15 41 33 18 
20 34 40 25 14 23 
58 2 33 43 28 6 
15 52 46 50 41 3 
44 45 39 18 51 12 
56 42 19 57 17 13 
8 0 49 16 55 21 
#Base: 909
#Max: 696
#765677
#Turn 7
#7 62 66 19 15 53 8 46 28 44 2 15 41 2 13 
#4 2 66 52 15 66 8 45 16 63 17 15 28 33 14 
#4 48 56 31 49 53 8 46 16 39 2 8 28 36 14 
#49 48 56 56 49 53 8 45 16 65 2 8 0 36 47 
#49 48 66 56 43 50 8 17 56 13 2 15 26 2 13 
#68 62 23 9 43 66 17 44 11 13 39 8 22 2 13 
#68 2 23 20 43 66 17 45 16 65 39 7 22 33 13 
#68 62 66 52 21 23 66 45 56 65 52 7 28 26 13 
#68 62 23 57 21 23 8 44 56 44 39 8 28 2 20 
#28 62 66 57 3 53 8 59 2 13 21 11 28 36 20 
#4 35 66 31 47 23 8 38 56 2 43 62 11 20 47 
#49 48 66 57 21 32 32 46 56 2 2 62 11 2 14 
#49 48 66 56 52 66 31 38 16 2 52 62 32 26 14 
#49 0 10 56 43 66 66 38 16 16 52 1 24 33 47 
#49 48 10 56 43 66 66 46 16 63 17 1 22 33 47 
#68 62 66 19 52 66 17 38 56 7 19 15 24 18 13 
#68 48 66 57 52 32 66 17 56 65 9 15 24 26 13 
#49 48 66 9 52 66 66 17 16 65 9 62 24 26 47 
#68 48 66 9 52 66 66 17 56 65 52 15 41 26 47 
#68 48 66 19 43 53 66 17 56 65 9 15 41 26 47 
#1 23 66 57 52 16 32 44 2 55 45 1 41 25 20 
#1 23 66 57 3 32 32 44 2 2 9 1 41 18 47 
#49 48 66 57 52 13 32 38 56 2 2 11 28 26 14 
#49 48 66 52 20 66 31 59 56 44 19 62 41 26 14 
#68 0 66 9 52 66 31 45 56 7 2 11 28 7 13 
#28 62 66 56 15 53 8 59 16 65 2 15 17 33 3 
#68 62 23 9 49 23 66 59 16 44 19 15 17 2 13 
#68 62 66 56 49 23 66 38 56 44 43 62 41 18 13 
#68 62 56 9 43 66 8 38 16 65 19 62 41 18 47 
#68 23 66 57 43 66 8 59 16 65 21 8 41 33 18 
#68 62 23 57 43 53 8 44 28 44 39 8 41 2 13 
#7 2 66 19 15 66 17 44 16 63 17 8 22 33 13 
#4 48 66 52 43 66 17 45 16 39 2 15 28 26 14 
#68 62 23 52 21 53 66 46 56 65 21 8 0 2 47 
#49 62 56 56 15 66 8 45 16 13 2 11 41 36 14 
#68 62 23 19 43 50 8 17 56 13 21 13 26 2 13 
#4 62 66 57 21 50 8 44 56 13 43 1 11 20 13 
#68 2 66 9 43 66 17 46 56 63 39 8 11 33 13 
#49 48 66 57 52 66 17 45 56 65 2 7 28 26 13 
#68 62 66 56 20 23 66 45 16 44 52 62 28 33 47 
#49 62 56 56 15 53 66 46 2 65 21 1 24 36 47 
#2 2 66 20 3 66 66 59 16 44 17 13 22 33 13 
#1 23 66 19 47 66 8 38 56 44 43 1 41 18 47 
#49 35 66 52 52 32 66 17 56 7 9 62 11 2 13 
#49 48 66 57 52 32 66 17 56 65 2 62 24 26 14 
#49 62 66 9 20 66 66 38 16 16 52 62 32 26 47 
#49 48 10 9 43 53 66 17 22 65 52 15 24 33 3 
#1 48 66 19 43 53 66 17 29 63 9 7 22 33 47 
#1 62 66 19 6 16 32 38 28 55 19 15 17 33 20 
#68 23 66 57 52 32 66 17 2 7 45 1 24 25 13 
#4 35 66 57 52 32 66 38 56 2 9 29 41 26 47 
#49 62 66 52 43 66 66 59 16 65 52 62 28 26 47 
#68 0 66 9 20 66 31 38 56 65 19 62 41 26 13 
#49 48 66 57 52 53 66 45 56 7 9 11 41 26 47 
#2 23 66 20 52 16 32 46 28 55 2 13 17 33 20 
#28 62 66 57 3 53 20 44 2 44 45 15 17 26 3 
#49 62 66 9 49 32 32 45 56 44 9 29 41 18 47 
#4 48 66 52 49 13 66 59 56 16 19 62 28 18 47 
#68 0 56 9 20 66 31 46 56 44 19 8 41 26 13 
#68 48 66 57 43 32 11 45 16 7 2 8 28 7 18 
49 25 15 29 37 46 
11 13 56 19 52 30 
47 14 44 7 23 50 
12 53 39 51 18 28 
42 33 16 27 45 40 
58 3 38 17 57 43 
#Base: 909
#Max: 759
#834983
#Turn 8
#68 62 66 56 52 53 66 17 2 65 45 1 24 25 13 
#28 62 66 19 15 66 8 38 16 7 19 15 17 18 13 
#68 23 66 57 52 66 17 38 16 7 19 8 41 18 18 
#68 2 66 9 43 66 17 46 56 65 39 8 11 33 13 
#68 48 10 9 43 66 66 17 56 63 39 15 11 33 13 
#49 0 10 56 43 32 66 46 56 16 52 62 11 2 14 
#49 0 10 56 49 66 66 45 16 16 9 29 24 18 47 
#68 48 66 9 49 32 66 17 56 65 9 15 41 18 47 
#68 0 66 19 20 53 66 17 56 65 19 62 41 26 47 
#68 0 66 57 43 66 8 44 28 65 19 8 41 2 13 
#49 48 66 19 43 53 66 17 16 63 17 1 22 33 47 
#49 48 10 57 52 66 66 46 16 63 2 62 24 33 47 
#49 48 66 57 52 32 66 45 56 65 52 7 28 26 14 
#68 62 66 52 21 23 66 59 56 65 52 7 41 26 13 
#4 35 66 52 52 32 31 59 56 2 19 62 41 26 47 
#49 48 66 56 52 66 31 38 16 2 52 62 41 26 14 
#68 62 66 57 20 53 66 45 16 7 52 62 41 26 47 
#49 62 66 56 43 23 66 59 16 44 52 62 28 26 47 
#49 62 66 52 52 66 66 59 56 65 52 15 28 26 47 
#68 62 66 9 52 66 66 17 16 65 19 15 41 26 47 
#1 62 23 52 47 66 66 38 56 44 43 1 0 2 47 
#68 48 23 52 52 32 66 46 56 65 21 15 24 26 13 
#68 62 66 57 49 32 66 17 56 44 43 62 41 18 13 
#68 62 66 56 20 23 66 38 56 44 43 62 32 26 13 
#49 62 56 9 15 53 66 46 2 65 21 1 24 26 47 
#68 48 56 9 49 66 31 46 16 44 19 8 41 36 47 
#49 48 66 57 52 53 17 45 16 65 2 7 0 36 47 
#49 48 66 57 52 66 17 45 56 65 9 7 24 26 47 
#4 48 66 52 49 13 66 59 16 65 19 62 28 26 47 
#4 48 66 52 52 13 66 17 56 7 9 62 11 18 47 
#68 23 66 57 52 32 66 17 2 7 2 1 11 2 13 
#28 62 66 56 43 66 8 59 16 65 52 1 24 33 47 
#49 62 66 19 52 32 17 38 56 44 9 29 41 18 13 
#68 48 66 57 43 53 8 59 16 65 21 15 41 26 47 
#68 0 66 9 43 66 31 38 56 63 39 8 11 33 13 
#49 62 10 9 43 53 66 17 22 65 39 8 41 2 13 
#1 48 66 19 21 53 66 17 56 63 9 7 22 33 47 
#49 0 10 56 43 66 66 46 16 16 52 1 22 33 47 
#49 62 66 9 49 32 66 45 56 65 9 62 41 26 14 
#68 48 66 52 21 53 66 17 56 65 9 15 41 26 13 
#49 48 66 52 20 66 31 59 56 44 19 62 41 26 13 
#4 35 23 57 43 53 8 44 56 2 39 8 41 26 13 
#1 48 66 19 43 66 31 17 16 63 9 62 32 26 14 
#49 48 10 56 43 66 66 45 56 63 9 1 22 26 47 
#49 48 66 57 52 23 66 17 16 65 2 62 24 33 47 
#68 62 66 52 43 23 66 45 16 65 52 7 28 26 13 
#68 48 66 52 20 66 66 59 56 65 52 62 41 26 14 
#4 62 56 9 52 66 8 38 56 65 9 29 41 26 47 
#49 48 66 56 47 66 31 38 16 44 52 62 41 26 14 
#68 48 23 52 21 53 66 45 56 7 9 11 0 26 47 
#68 62 66 56 52 32 66 17 16 65 9 62 24 33 13 
#68 62 66 52 43 23 66 59 56 65 43 62 41 18 47 
#68 48 66 9 20 66 66 17 56 65 52 62 32 26 47 
#49 62 56 56 15 53 66 38 16 65 19 62 24 36 47 
#68 23 66 9 20 66 31 38 56 44 43 1 41 26 13 
#49 48 23 52 21 53 66 45 16 65 2 8 0 36 47 
#68 48 66 57 52 66 17 45 56 65 2 7 24 26 13 
#49 48 66 9 49 66 66 17 56 65 43 62 41 26 13 
#4 62 66 9 49 13 66 38 56 16 19 62 32 26 47 
#49 35 56 52 15 32 66 17 2 7 9 1 11 2 13 
58 14 15 27 8 7 
25 21 44 16 33 0 
56 45 13 17 22 31 
40 57 52 51 46 12 
43 19 48 18 23 50 
47 28 11 53 38 39 
#Base: 909
#Max: 771
#848185
#Turn 9
#4 35 66 9 49 13 66 59 56 16 19 62 32 26 47 
#49 35 66 52 52 32 31 59 16 2 52 62 41 26 14 
#49 48 66 56 52 66 17 38 56 2 52 7 41 26 47 
#68 0 66 57 52 53 66 17 56 65 9 62 41 26 47 
#68 48 66 19 49 53 66 17 56 65 9 15 41 26 47 
#68 48 56 9 49 32 31 46 16 65 21 15 24 36 13 
#49 48 66 57 52 32 66 46 56 65 2 15 24 26 47 
#49 48 66 57 20 53 66 45 16 7 52 62 41 33 47 
#68 48 66 57 43 53 8 59 16 65 21 62 41 26 47 
#68 48 66 57 52 53 66 17 2 65 45 15 24 25 13 
#68 48 66 57 52 66 17 45 16 65 52 7 24 26 13 
#68 62 66 52 21 23 66 59 56 65 52 7 41 26 13 
#49 62 66 56 21 23 66 59 16 65 52 62 41 26 13 
#68 62 66 56 49 23 66 17 16 44 52 62 41 18 47 
#28 62 66 57 49 66 8 59 16 65 52 62 41 18 47 
#49 48 66 9 49 66 31 17 56 65 19 62 41 26 13 
#68 48 66 9 49 66 66 17 56 65 52 62 32 26 13 
#68 62 66 52 20 23 66 17 56 65 43 62 41 26 47 
#68 62 66 52 43 66 66 59 56 65 43 62 41 18 14 
#49 48 66 57 20 66 66 59 56 65 52 62 41 26 14 
#49 48 10 9 43 66 66 45 56 63 19 1 22 26 47 
#68 62 66 9 47 66 31 17 16 65 19 62 41 26 14 
#49 48 66 56 47 66 66 59 16 44 52 62 28 26 14 
#68 62 66 52 52 66 66 38 56 65 52 15 32 26 47 
#68 62 66 56 52 32 66 17 16 44 43 62 32 33 13 
#4 62 56 52 52 13 8 59 16 65 19 29 28 26 47 
#49 48 66 52 52 66 66 59 16 65 19 62 24 33 47 
#49 48 10 57 15 66 66 38 16 65 2 62 24 33 47 
#49 62 66 56 15 53 66 45 16 65 9 62 41 36 47 
#68 62 66 52 49 32 66 17 56 65 9 62 41 26 13 
#68 62 66 9 49 66 31 38 56 16 19 8 41 26 47 
#4 48 66 52 52 32 31 59 56 65 19 62 24 26 47 
#49 48 66 57 52 66 66 17 16 2 52 62 41 33 14 
#68 48 66 57 20 53 17 45 16 65 9 7 41 26 47 
#68 0 66 57 43 53 66 59 16 65 19 62 41 26 47 
#68 62 66 56 49 53 66 17 56 65 45 15 24 18 47 
#68 48 66 57 49 66 31 46 16 65 2 8 41 36 13 
#68 62 23 52 52 23 66 45 56 65 52 7 24 26 13 
#68 48 66 52 52 23 66 59 16 65 52 62 41 33 47 
#49 62 66 57 43 53 66 45 16 44 52 62 28 26 47 
#68 48 66 57 43 32 66 59 56 65 43 15 41 26 13 
#28 62 66 56 52 53 66 17 16 65 52 1 24 33 13 
#49 48 66 57 52 66 17 59 56 44 19 7 24 26 13 
#68 62 66 9 43 66 66 45 56 65 52 7 41 26 13 
#68 62 66 9 21 66 66 59 56 65 52 62 32 26 47 
#68 62 66 52 43 23 66 59 16 65 43 62 41 26 47 
#68 62 66 52 49 66 66 59 56 44 43 62 41 18 14 
#28 48 66 56 52 32 66 59 16 65 52 1 24 33 47 
#49 48 66 52 20 66 31 45 56 63 9 62 41 26 47 
#68 48 66 9 52 66 66 17 16 65 19 15 41 26 47 
#49 48 66 56 47 66 31 38 16 44 52 62 41 26 47 
#49 62 66 52 52 66 66 59 56 65 43 62 28 26 47 
#68 48 66 56 20 66 66 59 56 44 43 62 32 26 14 
#68 48 66 56 52 32 66 45 16 65 9 7 28 33 13 
#49 62 56 9 52 66 8 38 56 63 9 1 22 26 47 
#4 48 66 52 49 13 66 59 16 65 19 15 41 26 47 
#49 48 66 56 52 66 31 38 16 44 2 62 41 33 14 
#49 62 66 52 52 53 66 59 16 65 52 15 24 36 47 
#49 62 66 56 49 32 66 38 56 65 9 62 41 26 13 
#68 48 66 52 21 53 66 17 56 65 9 15 41 33 13 
47 4 34 16 29 24 
6 3 28 19 58 12 
11 13 45 44 38 48 
35 52 23 51 46 57 
7 14 17 18 26 40 
31 8 50 39 22 43 
#Base: 909
#Max: 799
#878988
#68 48 66 56 49 32 66 17 56 65 9 15 24 33 47 
#68 0 66 19 49 53 66 59 56 65 9 62 41 26 47 
#68 0 66 57 43 66 66 59 16 65 19 62 32 26 47 
#68 48 66 9 49 66 66 17 56 65 52 62 32 26 13 
#68 62 66 52 49 32 66 17 56 65 9 62 32 26 13 
#49 0 66 57 52 53 66 17 56 65 9 62 24 26 47 
#49 0 66 56 52 53 66 45 56 65 9 62 41 26 47 
#49 62 66 56 20 66 66 59 16 65 9 62 41 36 14 
#49 48 66 57 49 66 66 38 56 65 52 62 41 26 14 
#49 62 66 56 49 23 66 59 16 65 52 62 41 26 13 
#68 62 66 52 49 23 66 59 16 65 52 62 41 18 47 
#68 62 66 56 43 23 66 17 16 65 52 62 41 18 47 
#68 62 66 52 21 66 66 59 56 65 52 62 41 26 47 
#68 48 66 52 21 23 66 59 16 65 52 62 41 26 47 
#68 48 66 52 20 23 66 59 56 65 9 62 41 33 47 
#68 48 66 56 49 66 66 59 56 44 45 62 32 18 47 
#68 48 66 56 52 66 66 38 56 44 52 62 32 26 14 
#68 62 66 52 52 66 66 59 56 65 52 15 32 26 47 
#68 62 66 52 52 66 66 59 56 65 43 62 28 26 14 
#68 62 66 52 49 53 66 59 16 65 52 15 24 36 47 
#49 62 66 57 49 53 66 45 16 7 52 62 41 33 47 
#28 62 66 57 49 23 66 17 16 65 43 62 41 18 47 
#68 62 66 52 20 23 66 59 56 65 43 62 41 18 47 
#49 62 66 52 52 66 66 59 56 65 43 62 24 33 14 
#49 48 66 52 52 66 66 59 56 65 19 15 24 26 13 
#68 48 66 52 43 53 31 59 16 65 21 62 24 26 47 
#49 48 66 56 47 66 31 59 16 44 52 62 41 26 47 
#49 48 66 57 47 66 66 38 16 44 52 62 28 26 47 
#49 62 66 57 43 53 66 45 16 44 52 62 28 26 47 
#49 48 66 9 47 66 66 59 16 44 52 7 41 26 13 
#49 48 66 56 52 32 66 46 56 65 2 15 24 33 47 
#68 48 66 57 49 53 66 17 56 65 9 62 41 26 47 
#49 62 66 56 15 53 66 59 16 65 9 62 41 36 47 
#68 48 66 9 49 66 66 17 56 65 52 62 32 26 13 
#49 62 66 56 49 32 66 17 56 65 9 62 41 26 13 
#68 62 66 56 52 32 66 17 16 65 52 62 32 33 13 
#49 62 66 52 52 23 66 46 56 65 52 7 24 26 47 
#68 62 66 56 52 23 66 17 56 44 52 62 41 26 47 
#49 62 66 52 43 23 66 59 16 65 43 62 41 36 47 
#49 48 66 9 21 66 66 59 56 65 52 62 32 26 14 
#68 62 66 52 52 32 66 59 56 65 52 62 41 33 13 
#49 62 66 52 21 23 31 59 16 63 52 62 41 26 13 
#68 62 66 52 21 53 66 59 56 65 45 7 41 18 13 
#68 48 66 56 49 23 66 17 16 44 43 62 41 26 47 
#68 62 66 52 43 23 66 38 16 65 43 62 32 26 47 
#49 62 66 9 21 66 66 59 56 65 52 62 28 26 47 
#68 48 66 52 52 66 66 59 56 44 43 62 41 18 14 
#49 48 66 52 52 66 31 45 16 63 52 62 24 36 47 
#68 62 66 56 20 53 66 45 16 7 45 15 41 33 47 
#28 48 66 57 49 66 8 59 16 65 43 62 32 26 14 
#68 62 66 52 52 23 66 17 56 65 43 15 41 26 47 
#68 62 66 52 43 66 66 59 56 65 43 62 28 26 14 
#49 48 66 52 49 66 66 59 16 44 43 62 41 18 47 
#49 62 66 57 52 32 66 59 56 65 43 15 24 36 13 
#49 48 66 52 52 32 31 59 16 7 52 62 24 26 47 
#68 48 66 57 43 66 8 59 16 65 21 62 41 18 47 
#68 62 66 52 47 23 31 38 16 65 43 62 41 26 47 
#68 62 66 57 43 66 66 59 16 65 43 62 41 18 14 
#49 48 66 56 47 66 66 59 16 65 52 62 24 33 14 
#68 62 66 9 43 32 66 45 56 65 43 15 41 26 13 
#Base: 909
#Max: 809
#889989
