#[0] 3, 3
#[1] 4, 3
#[2] 3, 4
#[3] 3, 2
#[4] 2, 3
#[5] 2, 4
#[6] 1, 3
#[7] 2, 2
#[8] 3, 1
#[9] 4, 4
#[10] 5, 3
#[11] 3, 5
#[12] 4, 2
#[13] 3, 0
#[14] 5, 4
#[15] 4, 5
#[16] 5, 2
#[17] 4, 1
#[18] 0, 3
#[19] 1, 4
#[20] 2, 1
#[21] 1, 2
#[22] 2, 5
#[23] 0, 4
#[24] 5, 1
#[25] 0, 2
#[26] 5, 5
#[27] 1, 5
#[28] 2, 0
#[29] 1, 1
#[30] 4, 0
#[31] 0, 5
#[32] 1, 0
#[33] 0, 1
#[34] 5, 0
#[35] 0, 0
#Turn 0
36 53 54 2 42 58 
27 55 9 59 37 10 
46 11 17 30 20 34 
32 15 19 43 49 41 
35 38 52 22 7 47 
5 3 6 28 48 24 
#Base: 939
#Max: 360
#383387
#Turn 1
#7 31 13 40 21 22 7 21 1 36 32 42 49 8 16 
#29 23 13 35 6 60 2 21 12 36 38 3 34 2 16 
#21 36 60 35 15 60 17 10 12 1 24 3 5 2 30 
#21 14 60 13 15 35 17 10 29 1 9 9 22 7 20 
#4 42 16 10 14 10 47 37 29 22 9 62 22 7 16 
#21 24 24 46 22 0 15 1 15 16 46 22 2 32 1 
#1 40 12 33 22 0 63 3 22 6 46 22 5 32 13 
#1 24 20 8 22 33 3 3 24 8 15 17 5 0 27 
#22 30 14 2 22 51 3 20 42 8 16 70 29 23 18 
#36 29 14 2 37 51 32 26 2 19 20 7 56 14 13 
#12 19 24 2 45 39 8 18 0 1 6 14 31 46 41 
#6 18 24 60 16 25 5 18 32 12 6 15 31 7 12 
#6 18 27 56 16 10 5 4 6 18 23 15 61 7 12 
#11 19 47 11 22 10 21 32 56 18 9 7 37 2 1 
#21 45 2 14 10 7 34 32 47 22 9 30 4 0 16 
#3 64 27 24 18 3 17 26 14 38 52 10 11 3 20 
#3 10 1 13 2 3 46 3 31 11 14 4 9 5 4 
#16 3 1 1 2 9 3 4 31 53 14 28 9 36 4 
#18 7 23 1 15 9 9 13 8 17 4 20 8 36 23 
#5 4 19 68 60 21 9 13 1 3 7 40 8 19 50 
#22 28 7 10 20 43 9 17 34 23 37 8 23 44 10 
#22 11 7 10 20 13 53 3 34 7 3 16 21 5 1 
#12 11 7 18 24 13 53 7 19 18 3 50 10 5 3 
#24 56 6 19 24 4 56 7 12 0 7 50 68 14 19 
#24 56 7 18 28 2 56 12 61 5 8 43 3 13 15 
#7 2 22 30 16 36 27 15 6 10 50 8 12 12 16 
#7 8 50 39 6 12 40 9 6 19 3 38 19 1 16 
#17 3 9 7 3 23 2 45 56 22 5 23 2 48 0 
#37 3 39 11 25 23 2 16 56 63 5 3 40 55 0 
#37 5 2 11 18 18 22 16 48 33 22 3 16 22 0 
#38 24 16 14 18 10 7 41 15 16 32 21 49 11 41 
#21 44 9 46 6 22 17 1 9 36 38 22 29 8 13 
#29 24 12 35 13 60 63 2 12 34 24 3 34 22 20 
#21 36 60 30 22 20 17 20 24 1 16 70 5 9 30 
#4 14 16 2 20 35 32 37 29 12 9 7 22 23 20 
#36 29 16 16 37 10 25 26 10 5 20 7 36 5 16 
#6 27 0 7 42 39 6 28 0 16 19 14 2 11 1 
#12 19 24 46 22 0 8 18 32 6 6 14 29 32 8 
#1 18 27 56 13 16 63 3 6 12 15 15 61 22 27 
#22 30 31 4 22 10 3 20 56 8 14 70 3 2 1 
#9 19 47 2 20 51 32 5 42 19 9 7 5 0 16 
#36 29 16 16 37 17 25 14 47 5 23 30 4 14 6 
#3 27 0 24 18 19 17 36 21 1 19 10 11 3 12 
#3 19 6 60 45 21 46 18 32 12 52 14 13 7 20 
#62 18 27 56 2 25 3 1 31 53 14 28 9 5 4 
#16 7 23 1 58 9 20 4 56 17 4 1 37 36 72 
#18 8 19 11 15 39 9 32 8 22 9 40 8 0 16 
#21 45 2 14 10 21 34 14 47 2 5 30 8 6 50 
#19 64 27 24 18 43 6 17 21 23 8 8 11 5 10 
#3 10 7 10 20 3 9 26 14 7 52 16 21 57 20 
#9 11 1 18 2 26 53 46 42 53 14 28 10 5 1 
#16 7 6 1 3 9 18 7 17 17 4 20 68 28 72 
#18 56 15 68 15 39 56 3 12 5 7 40 8 14 23 
#30 25 7 9 28 21 16 14 61 4 8 43 3 13 50 
#19 11 22 30 13 36 37 17 52 23 37 8 12 12 26 
#7 2 7 10 20 12 27 9 6 7 50 16 21 1 16 
#9 11 7 18 14 47 53 46 6 35 3 2 2 5 1 
#12 3 5 7 24 23 3 7 56 0 5 23 68 28 0 
#37 56 39 11 25 4 56 3 4 5 7 3 21 14 6 
#30 30 7 20 18 18 35 12 48 33 8 23 16 13 0 
49 10 47 50 1 56 
54 30 9 33 6 27 
48 53 24 19 38 58 
39 51 28 45 52 8 
13 15 43 23 32 57 
40 12 4 44 2 0 
#Base: 939
#Max: 387
#412141
#Turn 2
#12 19 24 10 20 3 8 26 14 1 6 14 21 46 20 
#12 45 24 2 45 39 8 14 47 2 6 30 8 6 50 
#21 45 2 14 2 21 53 14 42 2 14 30 8 5 50 
#9 11 1 18 6 60 2 46 12 36 38 28 34 2 16 
#29 11 7 35 6 60 53 21 12 35 3 2 2 5 16 
#19 11 16 30 13 10 7 41 52 23 32 8 12 11 26 
#38 24 14 2 37 51 32 41 15 19 32 7 56 11 13 
#21 29 14 30 22 51 32 26 2 19 20 7 5 14 30 
#21 36 12 33 22 20 63 20 22 1 46 22 5 32 13 
#1 3 12 7 22 23 63 3 56 6 5 23 5 48 0 
#19 25 27 9 28 43 6 17 61 23 8 43 3 13 50 
#24 56 7 18 28 21 56 14 61 5 8 43 3 13 15 
#5 56 19 18 60 2 9 13 1 5 7 43 3 19 50 
#5 4 27 56 60 16 63 13 6 12 15 40 8 22 50 
#37 56 39 11 25 16 63 3 4 12 7 3 61 22 27 
#22 7 31 4 22 9 3 7 17 17 4 70 68 28 72 
#16 3 6 11 3 9 18 16 56 63 5 20 40 28 72 
#37 3 23 11 58 23 20 16 56 63 5 3 37 55 72 
#16 7 23 1 58 39 20 4 12 5 4 40 37 36 23 
#18 30 14 2 22 39 56 20 42 8 7 70 8 14 18 
#3 19 47 11 22 3 21 32 14 18 52 10 11 2 20 
#3 64 27 24 18 3 17 26 14 12 52 14 11 7 20 
#3 56 6 19 45 4 46 18 32 0 52 14 13 14 19 
#24 56 12 19 13 60 56 7 12 34 24 50 68 22 19 
#29 3 12 35 24 23 63 2 56 0 24 3 68 22 0 
#6 18 47 56 20 10 32 4 6 19 9 7 5 7 16 
#6 42 27 10 16 10 5 37 6 22 9 15 22 7 16 
#4 18 27 56 14 10 47 1 29 22 14 28 9 5 4 
#21 36 27 35 15 25 3 10 12 1 14 3 5 5 4 
#7 31 13 35 21 22 7 10 12 1 32 42 49 8 30 
#19 11 22 30 20 3 9 17 14 23 37 8 12 57 20 
#38 24 24 2 45 10 7 41 15 1 32 14 49 11 41 
#21 29 14 14 37 21 34 26 2 19 20 30 8 6 13 
#9 11 60 18 22 26 17 20 42 53 16 28 10 9 1 
#29 23 12 35 22 0 63 21 12 36 38 22 34 2 13 
#9 11 9 18 14 47 2 46 56 22 5 23 2 48 1 
#19 64 27 30 13 43 37 17 21 23 37 8 12 12 10 
#38 25 7 14 28 10 7 41 15 4 32 43 49 11 50 
#36 29 7 2 28 51 32 26 61 19 20 7 56 14 15 
#21 4 60 30 22 21 9 20 1 1 16 70 5 9 30 
#1 40 27 56 22 16 63 3 22 6 46 22 61 32 27 
#37 56 39 7 25 23 56 45 4 5 7 23 21 14 6 
#19 30 31 4 18 10 3 17 21 8 8 8 11 5 10 
#30 25 7 9 3 21 16 14 61 4 4 43 3 28 72 
#37 56 7 11 25 2 2 12 56 63 8 3 40 13 15 
#5 4 19 1 60 9 20 13 1 3 4 1 8 19 72 
#1 56 27 68 15 39 63 3 6 12 7 40 61 14 23 
#22 56 14 11 22 51 56 20 42 8 7 70 29 23 18 
#11 30 47 4 22 10 21 32 56 18 9 70 3 2 1 
#3 7 27 24 18 3 17 26 14 17 52 10 68 28 20 
#3 19 39 60 45 23 2 16 32 12 5 14 13 7 0 
#24 7 6 19 58 4 20 4 12 0 7 50 68 14 19 
#18 56 12 35 15 39 63 3 12 34 24 3 8 14 23 
#22 30 14 2 24 51 3 20 42 0 16 70 29 28 0 
#11 19 47 11 22 51 21 32 56 18 9 7 5 0 16 
#6 64 27 24 16 3 17 26 6 38 52 10 61 7 12 
#4 19 16 60 45 10 47 18 29 22 9 62 13 7 16 
#24 18 6 56 2 25 3 1 12 53 14 28 68 5 19 
#29 24 12 35 13 60 63 10 12 34 24 3 5 22 20 
#12 31 5 40 24 23 7 7 56 0 32 23 68 28 0 
49 9 10 57 58 36 
8 22 51 13 59 52 
12 53 16 47 40 41 
43 24 15 17 23 44 
37 48 38 46 14 56 
1 6 19 55 11 39 
#Base: 939
#Max: 482
#513312
#Turn 3
#1 7 12 7 18 3 17 3 14 6 52 10 68 28 20 
#1 25 27 7 28 43 63 3 56 6 8 23 5 48 50 
#24 25 6 9 28 25 6 17 61 23 8 43 68 5 50 
#24 24 12 56 2 60 63 10 12 53 14 28 5 5 19 
#29 64 12 35 13 43 63 10 12 23 24 3 5 12 10 
#21 36 12 19 45 4 63 18 22 0 46 14 13 14 19 
#24 7 6 19 58 4 20 4 12 0 7 14 13 14 19 
#24 4 6 19 60 16 20 13 6 12 15 40 8 22 19 
#5 4 27 56 60 23 63 7 6 0 15 23 68 22 50 
#18 56 12 35 24 23 63 7 12 34 32 23 68 14 0 
#5 30 19 2 24 2 3 20 1 0 16 70 29 28 50 
#22 30 6 2 3 9 3 20 42 0 5 20 40 28 0 
#22 56 6 11 22 51 56 16 42 8 5 20 40 28 18 
#1 56 27 11 22 51 63 20 22 6 7 22 29 32 18 
#37 40 39 7 25 16 63 3 4 5 7 22 21 32 6 
#30 3 12 35 3 21 16 2 56 0 4 43 68 22 72 
#29 3 12 4 24 9 63 2 17 0 4 3 68 22 0 
#22 7 31 11 58 9 20 7 56 17 4 70 37 55 72 
#24 3 12 11 13 60 20 16 56 63 24 50 68 22 19 
#24 56 7 11 13 60 56 12 12 63 8 50 40 22 15 
#38 25 47 4 22 10 21 32 56 4 9 43 49 2 50 
#36 29 7 4 28 10 32 26 61 18 20 70 3 14 1 
#1 29 27 2 15 39 63 26 6 12 7 40 56 14 15 
#37 56 27 11 25 39 63 3 4 12 7 3 61 22 23 
#4 19 16 11 45 10 63 3 4 12 9 62 61 7 16 
#38 45 24 2 45 51 32 14 15 2 6 7 8 6 13 
#38 30 14 2 37 51 56 20 42 19 7 7 56 14 13 
#6 30 27 24 16 39 17 26 42 38 52 10 61 7 12 
#24 56 27 24 16 3 17 14 6 38 52 10 61 13 12 
#21 56 60 18 22 21 56 20 61 1 16 43 3 9 15 
#3 7 12 33 22 3 63 26 22 1 46 10 5 28 13 
#3 56 12 7 45 4 63 18 32 0 5 23 13 14 0 
#24 7 27 19 28 43 6 4 61 23 8 43 68 13 50 
#24 18 27 56 2 25 3 13 6 53 15 28 68 22 50 
#12 24 5 40 13 60 63 7 56 0 24 3 68 28 20 
#19 64 27 35 13 43 63 17 21 34 24 3 12 12 10 
#5 56 19 33 60 20 63 20 22 1 46 43 5 32 13 
#3 30 6 2 24 51 46 18 42 0 16 14 13 28 19 
#24 7 6 11 3 9 18 4 56 0 7 50 68 28 72 
#5 56 14 11 60 51 56 13 6 8 15 40 8 23 50 
#1 31 27 56 22 16 7 3 56 0 32 22 61 32 27 
#18 56 12 35 15 39 56 3 12 34 24 23 21 14 23 
#30 56 19 18 60 21 9 14 61 4 7 43 3 28 72 
#29 30 12 2 24 51 3 2 56 0 16 3 29 28 0 
#22 7 31 4 3 9 18 7 17 17 5 20 68 28 72 
#22 3 14 11 22 51 20 20 56 8 7 70 37 23 18 
#1 40 27 56 22 60 56 7 12 6 24 50 61 22 19 
#37 56 7 7 25 23 2 45 56 5 8 23 21 14 6 
#38 25 7 14 3 10 16 14 61 4 32 43 49 11 72 
#11 30 47 35 22 10 63 2 56 0 9 70 3 2 0 
#22 7 31 2 28 9 32 26 61 19 20 70 68 28 72 
#37 56 23 11 58 39 63 3 6 12 7 3 61 14 72 
#37 56 12 11 25 60 56 7 4 34 24 50 68 22 27 
#37 19 16 60 45 10 47 18 56 22 9 3 40 13 16 
#12 25 24 2 45 39 7 41 15 4 6 30 8 11 50 
#38 24 14 4 22 10 21 32 15 19 9 70 56 2 1 
#18 29 14 2 28 39 56 20 42 8 20 7 8 14 15 
#1 64 27 68 16 39 63 26 6 12 7 10 61 7 23 
#37 56 7 11 25 16 63 14 4 5 7 3 3 13 27 
#4 4 60 60 22 10 9 20 1 1 9 70 13 9 30 
13 12 20 49 23 45 
59 24 3 42 48 40 
26 33 8 18 57 1 
38 46 52 50 51 15 
35 9 36 17 19 39 
27 2 32 34 29 53 
#Base: 939
#Max: 495
#527157
#Turn 4
#22 56 6 11 22 51 56 20 42 8 5 22 40 32 18 
#38 56 47 4 22 51 21 16 42 8 5 20 40 28 50 
#11 30 47 35 22 10 21 32 56 4 9 70 3 2 50 
#11 30 27 11 22 39 63 2 4 0 7 3 3 2 0 
#22 3 14 11 25 39 63 20 4 12 7 3 37 23 18 
#4 4 16 60 22 10 63 20 4 12 9 62 13 7 30 
#24 24 16 11 2 10 63 10 12 12 14 28 5 5 19 
#30 56 12 56 2 60 63 14 12 4 14 43 5 5 19 
#30 56 7 18 60 10 16 14 61 4 32 43 3 11 72 
#1 31 7 56 3 16 7 14 56 4 32 43 49 32 72 
#24 30 14 56 37 51 56 20 6 19 15 7 68 22 50 
#5 18 27 56 2 23 63 7 6 53 15 23 68 22 50 
#5 4 27 11 60 23 20 16 56 63 24 50 68 22 19 
#24 64 12 11 13 60 63 26 56 12 24 50 61 22 19 
#1 25 27 68 28 39 63 26 56 6 8 10 5 48 23 
#24 7 27 11 22 9 18 4 56 6 7 50 68 22 72 
#37 56 12 56 22 60 56 7 4 6 24 50 61 22 27 
#37 56 12 11 28 60 56 26 4 19 24 70 68 28 72 
#37 7 23 11 28 39 63 3 61 12 20 3 68 28 72 
#37 3 23 35 3 21 63 2 56 0 7 43 61 22 72 
#18 56 12 35 24 23 63 17 12 34 24 3 12 12 0 
#18 56 19 35 60 20 63 20 12 34 46 43 5 32 0 
#5 56 31 33 60 20 20 20 56 1 46 43 37 55 13 
#24 56 31 11 13 60 20 12 12 17 4 50 37 22 72 
#24 56 7 11 13 51 56 12 6 63 8 50 8 22 15 
#6 30 27 9 28 39 17 26 42 38 8 43 68 7 50 
#24 25 6 9 28 43 6 4 61 23 8 43 68 13 50 
#24 24 5 40 28 43 63 7 61 0 8 3 68 13 50 
#21 56 60 40 22 21 56 7 61 1 24 3 3 9 20 
#21 19 60 60 22 21 47 20 61 22 9 43 40 9 15 
#4 4 27 11 22 51 63 20 1 1 9 22 29 9 30 
#4 56 16 11 45 10 56 3 42 8 9 20 61 7 16 
#24 25 47 4 22 10 63 10 56 4 9 43 5 5 50 
#11 30 47 18 22 21 9 2 61 4 7 70 3 28 0 
#37 56 7 11 25 10 63 14 61 12 7 3 61 22 23 
#1 31 27 56 22 51 7 20 56 8 7 70 61 32 27 
#38 4 60 60 22 10 9 20 42 1 9 7 56 9 30 
#24 18 27 56 45 10 3 13 6 53 9 62 61 7 16 
#24 24 12 56 2 60 63 10 12 0 14 23 5 22 50 
#24 3 19 11 60 21 9 14 61 63 7 43 3 28 72 
#38 64 7 68 3 10 63 26 6 4 7 10 61 11 23 
#1 31 27 56 28 16 63 3 56 0 32 23 5 48 27 
#38 30 14 11 3 9 56 4 56 0 7 7 68 14 13 
#1 18 27 56 2 25 56 7 12 6 24 50 68 22 19 
#5 4 27 11 60 23 56 7 6 0 24 23 68 22 27 
#22 7 31 11 28 60 20 26 61 63 20 70 68 22 72 
#1 64 23 68 16 39 63 26 6 12 7 3 61 14 72 
#1 3 12 7 28 43 63 2 56 6 4 43 5 48 72 
#19 7 6 35 3 43 63 17 21 34 7 50 68 28 10 
#1 56 12 35 22 60 63 7 12 34 32 23 68 14 19 
#37 56 19 11 60 20 56 20 4 1 24 50 68 32 13 
#22 7 31 11 58 9 32 26 56 19 4 70 68 55 72 
#24 56 7 11 13 60 63 3 12 63 8 3 61 22 72 
#5 3 12 35 60 21 16 13 56 0 4 43 68 22 72 
#19 64 27 24 16 43 63 26 42 38 52 10 12 7 12 
#18 56 6 9 28 23 6 17 12 34 8 23 68 5 0 
#24 7 27 19 28 20 6 4 61 23 46 43 68 32 13 
#22 24 5 11 58 60 63 7 56 0 24 70 68 55 20 
#24 56 7 11 13 60 56 20 61 1 16 43 40 22 15 
#37 19 16 60 45 10 56 18 56 8 9 40 8 23 50 
7 37 58 27 40 15 
34 23 21 13 8 59 
14 11 18 52 46 29 
12 16 51 45 57 22 
54 10 50 17 35 39 
1 47 49 19 53 9 
#Base: 939
#Max: 581
#618743
#Turn 5
#30 18 27 56 2 60 3 13 6 4 9 43 5 7 16 
#24 18 7 56 13 10 56 20 61 1 9 43 61 22 16 
#24 24 7 11 28 43 63 7 61 1 16 3 68 22 50 
#24 24 7 40 28 10 63 7 61 0 8 3 68 13 23 
#38 7 7 11 3 9 63 4 56 4 7 10 68 11 72 
#37 56 31 11 25 10 20 12 12 12 4 3 61 22 23 
#24 56 31 35 13 60 63 12 12 34 4 50 5 32 0 
#18 64 12 35 60 60 63 20 56 12 46 43 61 32 19 
#30 56 7 18 13 10 63 26 61 4 32 43 3 22 72 
#37 56 16 60 60 10 56 14 56 8 32 40 8 11 72 
#1 18 27 68 28 39 63 7 56 53 15 10 5 48 50 
#5 18 23 11 28 39 63 7 6 53 20 23 68 22 50 
#24 7 23 11 28 39 63 3 61 12 8 3 61 28 72 
#24 56 23 68 16 60 63 3 6 12 8 3 61 22 72 
#21 19 23 68 16 39 63 26 6 12 9 3 61 14 15 
#5 56 12 56 22 60 20 16 4 6 24 50 61 22 19 
#22 7 31 56 22 60 56 26 56 6 24 50 61 55 27 
#22 7 31 11 28 9 32 26 61 19 4 70 68 55 72 
#22 7 5 11 58 60 63 26 56 63 24 70 68 55 20 
#22 56 31 11 58 20 63 7 56 0 46 43 68 55 13 
#24 30 14 56 16 51 56 20 6 38 52 10 12 7 12 
#37 56 14 56 60 51 56 20 6 1 15 50 68 22 50 
#37 56 19 11 28 60 56 26 4 1 24 50 68 28 72 
#37 31 12 56 22 60 7 26 4 8 24 70 61 32 72 
#24 31 27 56 60 21 7 14 61 63 7 43 61 32 27 
#1 56 12 7 22 51 21 16 56 6 5 43 5 48 50 
#1 3 12 7 22 60 63 7 56 34 4 23 5 14 19 
#1 3 12 35 3 60 63 7 56 0 32 23 61 14 19 
#37 3 23 35 3 21 63 13 56 0 4 43 61 22 72 
#1 31 12 56 60 16 7 14 56 4 4 43 68 22 72 
#30 56 7 11 25 10 63 14 12 12 7 43 5 22 23 
#24 56 31 56 13 60 20 13 12 17 9 62 61 7 72 
#24 56 19 11 60 60 56 20 61 1 16 43 5 32 15 
#24 64 5 11 28 43 63 26 61 12 24 50 61 22 19 
#30 64 7 18 3 10 16 26 61 4 32 10 61 11 72 
#24 7 27 60 45 10 18 4 56 8 9 40 68 23 72 
#1 56 7 68 25 39 63 26 56 12 7 3 5 22 23 
#5 56 31 11 2 23 63 12 12 53 4 23 68 22 50 
#37 56 19 35 28 39 63 20 61 12 46 43 68 28 0 
#24 56 12 11 13 60 63 26 56 12 8 3 61 22 19 
#30 64 23 68 60 39 63 14 61 12 32 43 3 11 72 
#21 19 16 60 22 21 47 20 56 22 9 40 40 23 15 
#1 4 27 68 60 39 63 16 56 63 8 50 68 22 23 
#37 56 27 56 22 23 63 7 6 6 24 23 68 22 27 
#22 7 31 11 28 9 63 3 61 12 4 3 68 55 72 
#22 7 7 11 28 60 63 26 61 63 20 70 61 22 72 
#1 24 23 11 58 39 63 26 6 12 7 70 68 55 20 
#21 56 31 33 60 20 20 20 61 1 9 43 40 55 15 
#5 4 27 24 60 43 20 26 56 63 52 50 68 7 12 
#37 30 12 56 22 60 56 20 6 6 24 7 68 22 27 
#37 56 19 11 58 9 56 26 56 19 24 70 68 55 72 
#37 7 12 11 28 60 56 26 61 19 24 70 68 28 72 
#1 31 5 11 22 60 63 20 56 8 24 70 68 55 27 
#24 3 31 11 60 21 20 20 56 1 7 43 37 28 72 
#38 64 27 4 16 51 21 26 42 8 52 20 12 28 50 
#1 3 14 7 37 51 56 2 56 6 4 43 68 48 50 
#37 56 19 35 22 20 63 7 12 34 32 23 68 14 19 
#37 3 12 11 28 60 56 26 4 0 24 43 61 22 72 
#5 3 27 35 22 51 16 13 56 0 7 70 61 22 27 
#24 31 19 56 3 16 7 14 56 4 32 43 49 28 72 
59 43 35 24 10 47 
12 57 46 42 48 28 
55 33 21 7 51 29 
52 19 40 50 45 9 
8 31 38 18 22 13 
39 44 17 16 23 32 
#Base: 939
#Max: 636
#677316
#Turn 6
#37 31 19 56 22 16 63 14 56 6 32 23 49 28 27 
#24 7 27 60 45 23 63 4 6 8 9 23 68 23 72 
#24 31 27 56 60 21 18 4 56 8 7 43 61 32 27 
#1 31 27 68 60 21 7 14 56 63 7 10 5 48 27 
#1 56 31 33 28 39 63 7 61 53 15 10 40 48 50 
#37 3 12 11 28 60 63 3 4 12 24 43 61 22 72 
#1 24 23 11 28 39 63 26 6 12 24 70 68 22 20 
#1 4 27 11 60 39 63 16 56 63 7 70 68 55 23 
#1 4 27 24 60 43 20 16 56 63 52 50 68 22 23 
#5 4 23 35 60 43 63 26 56 0 4 50 61 22 72 
#24 64 5 7 28 43 56 2 61 12 24 50 68 48 50 
#37 56 5 56 60 43 63 26 6 1 15 50 68 22 19 
#37 64 12 56 60 51 63 20 6 12 15 50 61 32 50 
#37 64 12 35 60 60 56 20 56 19 46 70 68 32 19 
#1 31 12 56 28 60 56 14 61 19 4 70 68 28 72 
#22 56 5 11 58 20 63 7 56 0 46 70 68 55 27 
#30 64 31 11 58 20 63 7 56 12 32 43 68 55 13 
#30 64 19 11 60 9 56 26 56 12 32 70 3 55 72 
#22 7 7 11 58 9 63 26 56 63 20 70 61 22 72 
#22 56 16 60 60 60 63 26 56 63 20 70 8 11 72 
#24 56 7 18 13 10 63 13 12 4 32 43 3 22 72 
#24 56 19 35 13 60 20 20 12 17 9 43 61 28 0 
#37 7 5 35 58 39 63 20 56 12 24 70 68 55 0 
#22 7 5 11 58 60 63 26 56 1 24 70 68 28 72 
#24 56 19 11 16 60 63 26 4 1 8 50 61 28 72 
#24 56 12 11 28 9 63 26 61 12 8 3 68 22 19 
#22 7 31 11 28 9 63 26 61 19 4 70 68 55 72 
#22 7 31 11 22 60 56 26 56 6 4 70 68 55 27 
#22 7 31 56 22 60 7 26 56 6 24 50 61 55 72 
#37 31 19 11 22 60 56 20 4 1 24 70 61 32 72 
#24 31 23 56 28 16 63 14 56 4 8 43 61 28 72 
#37 3 12 11 22 23 56 7 4 0 24 43 61 22 27 
#24 7 23 60 58 10 63 26 56 12 9 40 68 55 20 
#1 4 27 68 60 39 7 14 56 63 7 50 68 32 23 
#5 18 27 68 60 39 20 26 56 63 52 50 68 48 50 
#37 56 31 35 3 21 63 20 61 0 9 43 61 22 15 
#24 3 23 7 37 51 56 3 61 6 8 43 61 28 72 
#37 3 12 11 28 60 63 26 61 12 24 50 61 22 19 
#37 56 14 56 60 51 56 26 6 12 7 50 68 22 50 
#18 4 27 68 60 60 63 16 56 12 8 43 68 32 19 
#37 7 12 11 60 60 20 26 56 63 52 70 68 28 12 
#37 31 12 56 3 16 63 13 56 0 4 43 68 22 72 
#1 31 14 7 37 60 63 20 56 8 24 70 68 55 50 
#22 56 5 11 28 43 63 26 56 0 46 43 61 22 19 
#37 64 23 68 60 39 63 14 6 1 32 50 3 22 72 
#37 56 12 35 60 9 56 20 56 19 46 70 68 32 19 
#22 7 12 11 28 60 56 26 61 19 24 70 68 28 72 
#37 31 16 60 60 10 56 14 56 8 32 43 68 11 72 
#1 56 7 11 13 10 63 26 56 4 24 70 3 22 27 
#24 56 31 11 13 60 20 7 56 0 9 62 68 7 72 
#30 64 23 35 28 39 63 20 61 12 32 43 3 28 0 
#37 56 5 11 58 60 56 26 56 19 24 70 68 55 72 
#37 7 7 11 28 60 56 26 4 63 20 70 61 28 72 
#37 56 23 68 16 60 56 3 56 8 8 3 8 11 72 
#24 56 12 11 13 10 63 26 56 12 32 3 3 22 19 
#24 56 31 11 28 60 20 13 61 12 9 3 61 55 72 
#22 56 19 35 28 39 63 26 61 12 46 43 68 28 0 
#22 7 5 11 22 60 56 26 56 6 24 50 61 55 20 
#37 31 19 11 22 60 7 26 4 1 24 70 68 32 72 
#24 56 23 68 60 60 63 20 6 1 8 3 61 32 72 
30 4 10 44 39 8 
27 11 26 45 52 56 
33 16 40 14 23 22 
59 12 34 51 13 7 
32 38 15 19 17 42 
29 28 46 18 47 9 
#Base: 939
#Max: 673
#716720
#Turn 7
#24 56 31 56 28 39 63 7 56 4 15 10 61 28 50 
#1 64 5 33 28 39 63 7 61 12 15 50 68 48 50 
#24 64 23 68 60 39 63 14 6 12 24 50 68 22 72 
#37 4 23 68 60 60 63 16 56 1 32 43 68 32 72 
#1 4 27 24 60 60 63 16 56 63 8 50 68 32 23 
#22 56 5 11 60 60 63 26 56 1 4 50 68 22 19 
#22 7 5 11 60 9 63 26 61 1 15 70 68 55 19 
#37 56 12 11 28 9 63 20 61 19 46 70 68 32 72 
#37 7 7 11 28 60 56 20 4 63 46 70 61 32 72 
#22 7 19 35 28 39 63 26 61 63 46 43 68 28 0 
#30 64 31 11 60 20 7 14 56 12 7 50 68 32 13 
#37 64 12 11 60 20 63 26 56 12 32 70 68 55 13 
#1 7 12 11 28 60 20 14 61 19 52 70 68 28 12 
#1 7 5 56 58 60 56 26 61 1 24 70 68 28 72 
#22 7 5 35 58 39 63 20 56 1 24 70 68 28 0 
#24 64 12 56 60 51 63 20 6 12 8 3 61 32 72 
#5 64 27 68 60 51 20 20 56 63 52 50 61 48 50 
#5 18 5 11 58 60 56 26 56 63 52 50 68 48 72 
#37 64 5 11 58 60 56 26 56 19 24 70 68 55 19 
#37 64 12 35 60 60 56 16 56 63 46 70 68 32 23 
#37 56 23 56 60 10 56 26 6 12 9 50 68 22 20 
#22 56 5 11 58 51 56 26 56 0 7 70 68 22 50 
#22 56 5 11 60 20 63 7 56 63 20 70 68 11 72 
#22 56 19 11 60 9 56 26 56 63 32 70 8 55 72 
#1 31 14 11 37 9 56 26 56 8 24 70 68 55 72 
#37 7 19 11 22 60 7 20 4 1 24 50 61 32 72 
#22 7 31 56 28 60 7 26 56 19 24 70 68 55 72 
#22 7 12 11 28 9 63 26 61 63 20 70 68 28 72 
#22 7 7 11 60 10 63 26 56 63 32 70 68 22 72 
#5 31 23 35 60 10 56 26 56 0 4 43 61 22 72 
#24 31 31 56 28 16 63 14 56 6 8 70 68 55 27 
#37 56 31 33 60 43 63 26 6 53 15 10 68 22 50 
#22 7 5 11 28 43 63 2 61 12 24 70 68 48 50 
#37 56 23 35 60 39 56 20 6 1 46 50 3 32 72 
#18 4 27 68 28 60 56 26 4 63 8 70 68 32 19 
#22 4 27 35 28 43 63 26 56 12 46 43 68 28 23 
#1 4 31 68 60 39 7 26 56 63 4 50 68 32 27 
#37 64 31 56 58 43 63 26 56 1 15 43 68 55 13 
#22 7 12 11 28 60 63 26 56 63 4 70 68 28 72 
#37 56 12 56 60 9 56 14 61 19 4 70 68 28 72 
#37 7 7 11 58 60 63 26 4 1 20 70 68 28 72 
#37 7 5 35 28 39 63 26 56 12 46 43 68 28 0 
#24 56 23 68 60 60 63 14 6 1 8 3 68 32 72 
#30 64 12 56 60 51 63 20 6 12 15 50 61 32 50 
#37 7 12 68 60 60 20 26 56 63 52 50 68 48 50 
#37 31 5 56 58 60 56 26 61 19 24 70 68 55 72 
#37 7 5 11 60 60 56 26 56 1 46 70 68 28 72 
#1 4 27 35 60 39 63 16 56 63 24 70 68 55 0 
#24 56 23 68 58 60 63 20 56 12 8 40 61 55 20 
#37 56 14 56 60 51 63 26 6 12 15 50 61 32 50 
#5 18 27 68 60 39 63 7 56 0 52 50 68 48 27 
#22 56 16 11 58 60 63 26 56 63 24 70 68 11 72 
#37 64 12 11 60 60 56 20 56 12 46 70 68 55 19 
#1 31 14 7 37 39 63 20 56 63 7 70 68 55 50 
#24 7 19 11 58 60 56 20 4 12 9 40 61 55 20 
#37 7 31 56 60 60 7 26 56 12 7 50 61 22 50 
#22 7 5 11 28 60 56 26 56 19 46 70 68 55 72 
#22 7 16 60 58 9 63 26 56 63 20 70 61 11 72 
#30 64 16 11 60 10 56 26 56 8 32 43 3 55 72 
#1 31 23 35 60 43 63 26 56 0 4 50 61 22 72 
34 21 47 7 28 31 
27 8 11 52 56 49 
43 26 3 44 17 38 
23 18 51 45 16 48 
42 13 57 19 39 46 
4 50 2 37 22 53 
#Base: 939
#Max: 698
#743344
#Turn 8
#22 56 5 68 28 51 56 26 4 0 7 70 68 32 50 
#1 4 27 11 60 39 56 16 56 63 7 70 68 22 0 
#37 56 12 35 28 9 63 20 56 63 46 70 68 55 72 
#22 56 12 11 60 9 63 20 61 63 32 70 68 22 72 
#22 7 7 11 60 10 63 26 56 53 15 10 68 22 72 
#37 7 12 11 28 60 63 26 4 63 20 70 68 28 72 
#37 7 7 11 60 60 63 20 4 12 46 70 61 55 13 
#37 64 12 11 60 60 56 20 56 12 32 70 68 55 13 
#22 7 12 11 60 60 56 26 56 12 46 70 68 55 72 
#37 7 5 56 28 51 63 26 56 12 46 70 68 55 50 
#22 7 31 56 60 51 63 26 56 12 15 50 68 32 50 
#37 7 31 56 60 60 7 26 56 1 24 70 68 32 72 
#37 4 12 68 60 60 63 16 56 63 52 50 68 48 50 
#37 7 5 68 60 60 56 26 56 63 52 50 68 48 72 
#22 18 12 11 28 60 56 26 56 63 4 50 68 28 72 
#22 56 19 11 60 9 56 26 56 19 24 70 8 55 72 
#37 56 5 11 58 60 56 26 56 63 24 70 68 11 72 
#22 31 16 56 58 60 56 26 61 63 24 70 68 55 72 
#37 64 5 68 58 60 20 26 56 63 24 50 61 55 50 
#24 64 23 68 60 51 20 20 56 63 8 50 61 55 50 
#24 7 23 56 58 60 56 14 61 1 8 70 68 32 72 
#1 7 16 56 58 60 63 26 56 1 20 70 61 11 72 
#37 7 16 35 60 9 63 26 56 63 20 70 68 32 23 
#37 56 12 56 60 60 56 16 56 19 46 70 68 32 72 
#37 56 12 11 60 60 56 14 56 19 4 70 68 28 72 
#1 18 27 68 60 39 63 16 56 63 52 50 68 32 27 
#5 18 27 68 60 39 63 14 6 0 52 50 68 48 27 
#24 64 31 68 60 39 63 26 56 1 24 43 68 55 72 
#22 56 31 11 58 43 63 7 56 63 15 43 68 55 72 
#22 31 14 7 37 20 63 7 56 63 7 70 68 55 72 
#18 7 12 11 28 60 63 26 4 63 20 70 68 28 19 
#22 56 7 11 58 51 56 26 56 0 7 70 68 32 72 
#37 64 12 35 60 39 63 16 56 12 32 70 68 55 13 
#37 64 12 11 28 60 56 20 61 12 46 70 68 32 19 
#22 7 5 11 60 60 56 26 56 63 46 70 68 22 72 
#37 56 31 33 60 51 63 26 6 53 15 10 61 32 50 
#22 64 12 56 60 9 63 26 6 63 15 70 68 28 50 
#22 7 7 11 28 60 7 20 56 19 46 70 61 55 72 
#37 64 23 68 60 60 63 16 56 12 32 43 68 32 72 
#37 64 12 11 60 60 20 26 56 63 46 50 68 48 19 
#22 7 5 11 58 60 56 26 56 19 46 70 68 48 72 
#37 7 12 56 60 51 63 26 56 12 15 70 61 28 50 
#30 56 19 56 60 9 63 20 56 63 15 50 8 55 50 
#37 64 31 11 28 60 7 26 56 19 24 70 68 55 72 
#22 56 16 68 58 60 63 26 56 1 32 43 68 32 72 
#37 31 12 68 58 60 56 26 56 19 24 70 68 55 50 
#5 64 5 68 60 60 20 26 56 63 52 50 68 48 72 
#22 56 12 11 58 60 63 26 56 63 4 40 68 28 72 
#24 56 19 11 60 9 56 26 6 63 32 70 8 32 72 
#1 64 5 56 58 60 56 26 56 1 24 70 68 55 72 
#22 7 16 60 58 60 63 26 56 63 20 70 68 11 72 
#37 64 5 35 60 60 56 16 56 19 46 70 68 55 72 
#37 56 12 68 60 9 56 14 56 63 52 70 61 48 50 
#37 56 5 11 60 60 56 26 56 12 8 40 61 28 20 
#24 56 23 24 60 60 63 16 6 63 8 3 68 32 72 
#1 18 27 68 60 39 56 26 56 1 24 70 68 48 27 
#22 64 23 60 58 9 63 26 56 12 20 70 61 22 72 
#37 64 12 35 60 43 56 26 56 1 46 70 68 55 23 
#22 56 12 56 60 20 56 7 56 63 20 70 68 11 72 
#1 7 14 11 60 39 63 20 56 63 46 70 68 28 72 
42 59 56 57 25 40 
24 43 3 12 58 32 
9 34 38 23 52 39 
44 18 46 17 51 45 
7 28 16 13 27 49 
36 47 50 2 19 8 
#Base: 939
#Max: 738
#785942
#Turn 9
#30 56 14 11 60 39 63 20 56 63 15 70 8 28 72 
#1 64 14 60 60 9 63 20 56 63 46 70 68 22 72 
#22 64 23 60 58 9 56 26 56 12 20 70 61 22 23 
#1 64 27 68 60 39 56 16 56 63 52 50 68 32 23 
#1 18 27 11 60 39 63 16 56 63 52 50 68 48 72 
#37 56 12 11 28 60 56 14 56 19 24 70 68 28 72 
#37 56 31 11 60 60 63 20 61 63 32 70 68 55 72 
#22 4 12 68 60 9 63 16 61 63 32 70 68 22 72 
#37 56 12 68 60 20 56 7 56 63 20 50 68 11 50 
#37 56 12 35 60 39 63 7 56 12 20 70 68 55 13 
#37 7 5 56 28 51 56 26 56 63 46 70 68 22 50 
#22 7 23 11 60 60 63 16 56 63 46 70 68 22 72 
#37 56 12 68 60 60 56 16 56 12 46 43 68 32 72 
#37 56 12 68 60 60 56 16 56 63 52 70 68 32 50 
#37 56 12 11 60 60 56 26 56 63 52 50 61 48 19 
#37 64 5 68 58 60 20 26 56 63 24 43 61 32 72 
#5 64 5 68 58 60 20 26 56 63 52 50 61 55 72 
#22 64 5 56 60 60 20 26 61 63 24 50 68 48 72 
#22 31 16 56 58 60 56 26 61 63 46 70 68 55 72 
#37 64 12 35 60 60 56 16 56 19 24 70 68 55 50 
#37 64 31 11 58 43 56 20 56 63 15 70 68 55 13 
#22 56 5 11 58 43 56 26 56 63 24 70 68 11 72 
#37 56 5 11 58 60 56 26 56 63 24 70 68 11 72 
#37 7 31 68 60 39 56 26 56 63 52 43 68 55 72 
#1 64 5 56 58 60 56 26 56 1 24 70 68 55 72 
#22 64 12 11 58 60 63 26 56 63 4 70 68 28 50 
#22 7 12 11 58 60 63 26 56 63 4 70 68 11 72 
#22 7 12 60 58 60 63 26 56 63 46 70 68 55 72 
#24 64 12 68 60 9 20 20 56 63 46 50 61 55 72 
#24 7 23 11 60 60 56 26 56 63 46 50 68 55 72 
#30 56 19 56 60 60 63 20 56 19 4 50 8 28 72 
#1 7 31 11 60 60 63 26 56 19 24 70 68 55 72 
#22 64 12 11 58 9 63 26 56 12 20 70 68 22 72 
#37 64 12 35 60 60 56 16 56 63 46 50 68 55 23 
#1 18 12 68 60 20 56 7 56 63 52 50 68 11 27 
#37 7 12 35 60 60 63 16 56 19 46 70 68 48 72 
#37 7 5 56 28 60 56 26 56 12 4 70 68 55 50 
#37 64 31 11 60 60 56 26 56 63 46 70 68 22 72 
#37 64 12 11 60 9 63 20 56 12 32 43 68 22 72 
#37 56 12 56 60 60 63 16 56 63 52 50 68 32 50 
#37 56 12 56 60 20 56 14 56 63 52 70 61 48 50 
#37 64 12 11 60 60 20 16 56 63 46 70 68 55 19 
#22 7 5 56 28 51 63 26 56 1 46 43 68 55 50 
#22 7 5 68 60 60 20 26 56 63 24 50 61 55 50 
#37 64 23 68 60 60 63 26 56 63 52 43 68 48 72 
#22 31 16 56 60 60 56 26 56 63 46 70 68 32 72 
#37 56 12 68 60 60 56 16 56 63 46 70 68 55 50 
#37 31 12 11 58 60 56 26 56 63 46 50 68 48 50 
#37 64 12 11 58 60 56 20 56 1 32 43 68 55 13 
#22 56 5 68 58 43 20 26 56 63 15 50 68 55 50 
#5 64 5 68 60 60 20 26 56 63 52 70 68 11 72 
#37 7 5 68 60 60 56 26 61 63 52 50 68 48 72 
#24 64 5 35 60 39 56 16 56 1 24 43 68 55 72 
#1 31 12 56 58 60 56 26 56 19 24 70 68 55 50 
#37 64 12 11 60 60 63 26 56 63 15 70 68 55 13 
#22 56 31 11 58 43 63 7 56 63 15 40 68 28 72 
#37 56 16 60 58 60 56 26 56 63 24 70 68 11 72 
#37 7 5 68 60 60 63 26 56 63 46 50 68 55 72 
#24 64 31 68 60 39 63 26 56 1 24 43 68 55 50 
#22 7 5 11 60 60 56 26 56 12 46 70 68 55 72 
24 41 3 15 29 20 
49 22 28 45 50 58 
54 19 23 13 37 47 
40 39 6 44 18 57 
35 12 51 46 27 33 
11 1 17 56 16 14 
#Base: 939
#Max: 803
#855165
#37 64 5 56 58 60 20 26 56 63 24 70 68 55 19 
#1 64 27 68 60 39 20 16 56 63 46 50 68 55 23 
#37 64 27 68 60 60 56 16 56 63 24 50 61 32 23 
#37 64 5 11 60 60 56 26 56 63 46 50 61 32 72 
#37 7 23 11 60 43 56 26 56 63 46 70 68 55 72 
#37 56 5 68 58 43 56 26 56 63 24 50 68 11 50 
#37 56 5 68 58 9 20 20 56 63 46 50 68 11 72 
#24 64 12 68 60 9 56 26 56 63 46 70 68 32 72 
#22 31 16 68 60 60 20 26 56 63 52 70 68 32 72 
#24 64 31 68 60 39 20 26 56 1 52 43 68 11 50 
#37 64 12 35 60 60 63 26 56 63 15 70 68 55 50 
#37 64 12 35 60 60 56 16 56 63 24 70 68 55 50 
#37 56 31 68 60 60 56 26 56 63 52 43 68 55 50 
#37 56 31 11 60 60 56 26 56 63 46 70 68 32 72 
#37 64 12 11 58 60 56 26 56 63 46 50 68 22 72 
#37 56 12 56 60 20 63 16 56 63 52 70 61 48 50 
#37 56 12 11 60 60 63 16 61 63 32 50 68 55 50 
#37 56 23 11 60 60 63 26 56 63 32 43 68 55 72 
#37 31 23 68 58 60 56 26 56 63 52 43 68 55 72 
#37 7 16 68 58 60 63 26 61 63 46 70 68 55 72 
#37 7 12 35 60 60 56 16 56 12 46 70 68 32 72 
#37 7 12 68 60 60 56 26 56 12 52 50 68 48 72 
#37 56 5 68 60 60 56 16 61 63 52 70 68 48 72 
#22 56 12 68 58 60 56 16 56 63 46 70 68 55 72 
#37 7 12 60 58 60 56 16 56 63 46 70 68 55 72 
#1 7 14 60 60 60 63 20 56 63 46 70 68 22 72 
#22 64 5 56 60 9 63 20 61 63 46 70 68 22 72 
#37 56 16 60 60 60 20 26 61 63 24 70 68 48 72 
#37 64 16 68 58 60 20 26 56 63 52 50 68 11 72 
#37 64 12 68 58 60 56 26 56 63 52 50 61 48 19 
#22 56 5 68 58 60 56 26 56 1 15 50 68 55 72 
#37 56 5 11 60 60 56 26 56 63 24 70 68 11 72 
#24 64 27 68 60 39 56 20 56 63 52 50 61 32 72 
#22 31 5 56 58 60 20 26 56 63 46 43 61 32 72 
#5 7 23 11 60 60 56 26 56 63 46 50 68 11 72 
#37 64 31 11 60 39 56 26 56 63 24 43 68 55 50 
#22 56 12 68 58 43 20 26 56 63 15 70 68 55 50 
#37 64 5 35 58 60 56 16 56 19 24 70 68 55 50 
#37 7 31 68 60 9 56 20 56 63 46 50 68 55 72 
#37 31 16 56 60 60 56 16 56 63 52 70 68 32 72 
#37 64 31 68 60 60 20 26 56 63 46 70 68 11 72 
#37 31 31 68 58 39 63 26 56 63 24 43 68 55 50 
#37 64 12 11 60 20 63 14 56 63 52 70 68 55 50 
#37 56 12 56 60 60 56 16 56 19 24 70 68 55 50 
#37 56 31 11 60 39 56 26 61 63 52 43 68 55 72 
#37 56 23 68 60 60 63 26 56 63 52 43 68 32 72 
#22 64 31 56 58 60 56 26 56 63 46 70 68 22 72 
#37 7 5 11 60 60 63 26 56 63 46 50 68 48 72 
#37 7 12 56 60 20 56 14 56 63 52 70 61 48 50 
#37 56 12 56 60 60 56 16 56 12 46 43 68 32 50 
#37 56 31 11 60 60 56 20 61 63 52 70 68 48 72 
#37 64 12 68 60 60 56 26 56 63 52 70 68 55 72 
#22 7 12 60 58 60 56 26 56 63 46 70 68 55 72 
#37 7 12 68 60 60 63 16 56 63 46 50 68 55 72 
#22 7 12 11 60 60 63 16 56 19 46 70 68 22 72 
#37 56 12 68 60 60 63 16 56 63 46 70 68 22 72 
#22 64 5 56 60 60 56 26 61 63 52 50 68 48 72 
#37 56 16 68 58 60 56 16 56 63 24 70 68 55 72 
#22 7 5 68 58 60 63 26 56 63 46 50 68 55 72 
#37 56 12 35 60 60 56 16 56 63 52 50 61 48 19 
#Base: 939
#Max: 819
#872204
