#[0] 3, 3
#[1] 4, 3
#[2] 3, 4
#[3] 3, 2
#[4] 2, 3
#[5] 2, 4
#[6] 1, 3
#[7] 2, 2
#[8] 3, 1
#[9] 4, 4
#[10] 5, 3
#[11] 3, 5
#[12] 4, 2
#[13] 3, 0
#[14] 5, 4
#[15] 4, 5
#[16] 5, 2
#[17] 4, 1
#[18] 0, 3
#[19] 1, 4
#[20] 2, 1
#[21] 1, 2
#[22] 2, 5
#[23] 0, 4
#[24] 5, 1
#[25] 0, 2
#[26] 5, 5
#[27] 1, 5
#[28] 2, 0
#[29] 1, 1
#[30] 4, 0
#[31] 0, 5
#[32] 1, 0
#[33] 0, 1
#[34] 5, 0
#[35] 0, 0
#Turn 0
41 18 36 57 2 53 
29 5 33 1 15 31 
8 3 56 32 50 39 
58 51 28 44 20 49 
6 4 9 0 54 42 
37 27 38 16 11 55 
#Base: 924
#Max: 361
#390693
#Turn 1
#14 22 19 37 7 26 2 50 8 22 17 27 39 1 2 
#18 17 14 37 23 26 50 7 8 47 11 15 22 5 30 
#50 4 41 2 24 55 50 12 14 17 12 16 22 3 36 
#53 10 41 2 25 12 38 24 14 24 16 11 11 42 13 
#15 16 25 21 25 20 38 44 5 14 6 27 36 31 26 
#6 29 14 3 34 40 7 41 46 6 48 20 6 22 6 
#13 24 50 10 35 23 41 9 11 4 10 11 26 3 16 
#44 24 14 10 35 23 41 2 18 4 10 9 0 3 16 
#44 5 4 1 16 43 61 2 22 27 11 9 35 7 10 
#13 54 4 13 16 33 49 45 22 38 13 8 35 6 10 
#14 15 29 35 51 48 40 0 19 5 1 13 3 10 16 
#14 11 63 20 51 29 36 0 33 5 1 47 3 2 3 
#22 9 63 13 5 29 10 12 33 11 6 16 65 12 3 
#10 24 12 4 6 18 20 11 33 11 2 68 32 5 6 
#10 24 40 4 47 7 16 16 13 7 11 68 19 21 18 
#18 47 5 10 11 2 25 30 14 5 42 14 34 54 41 
#12 1 14 39 11 12 25 68 13 66 37 14 7 17 19 
#62 21 0 39 8 1 3 30 13 21 37 23 9 7 13 
#50 2 0 11 61 11 3 30 16 58 4 15 8 12 9 
#50 2 7 11 61 9 30 7 12 27 32 43 23 12 9 
#29 14 13 5 49 21 0 12 18 24 24 26 15 45 37 
#18 25 13 2 15 9 13 29 30 24 0 21 19 20 7 
#10 12 2 6 22 9 29 29 30 29 59 21 19 15 7 
#17 18 28 6 22 11 15 3 31 12 55 19 3 15 23 
#17 45 28 69 13 11 41 3 18 23 18 15 3 29 8 
#23 27 18 3 9 4 48 6 6 20 12 2 49 32 52 
#2 5 18 13 9 1 61 41 6 20 13 3 21 38 12 
#2 5 17 13 34 4 61 11 8 24 11 63 20 22 7 
#12 3 17 13 26 12 39 1 16 39 11 63 24 22 7 
#12 6 10 6 26 12 13 1 16 51 13 6 24 18 24 
#19 22 14 48 39 29 6 50 1 9 17 27 6 1 2 
#18 17 24 3 34 16 7 7 11 6 48 15 39 22 6 
#13 24 14 19 35 10 41 12 37 4 11 16 22 3 36 
#44 10 41 2 33 43 61 24 18 17 11 9 0 42 6 
#13 54 4 29 25 5 49 13 5 27 13 11 36 31 13 
#18 19 2 13 47 33 9 44 13 14 6 27 10 49 26 
#19 15 14 31 1 48 6 7 46 17 1 3 7 10 16 
#6 47 29 20 34 4 7 41 40 6 48 20 3 2 6 
#13 24 50 10 35 23 41 9 37 4 10 11 25 3 3 
#44 9 14 1 33 12 35 2 33 11 6 16 65 7 10 
#10 24 12 4 16 5 20 16 22 13 13 68 35 21 10 
#18 35 4 13 47 33 16 1 13 7 28 36 19 7 32 
#1 47 31 35 1 2 0 30 14 17 42 13 7 54 22 
#18 25 29 20 11 12 25 0 4 5 1 14 3 2 41 
#12 11 63 13 5 29 12 12 13 21 2 47 25 12 19 
#62 9 0 11 3 12 3 30 16 58 6 15 65 5 13 
#10 24 7 11 61 18 20 16 35 7 32 43 32 21 26 
#1 1 40 41 47 7 30 1 13 7 11 36 23 37 63 
#1 14 5 10 49 2 0 25 18 14 24 8 15 45 22 
#8 25 13 31 11 21 25 6 12 24 0 49 56 2 41 
#18 12 14 28 15 1 12 29 30 21 59 23 19 20 19 
#62 21 2 6 3 23 15 30 16 12 55 12 9 7 18 
#17 2 7 11 13 11 3 12 17 23 18 43 3 29 23 
#1 1 14 41 8 3 41 39 18 4 33 15 23 14 63 
#23 14 4 3 9 28 0 25 18 6 24 26 15 45 18 
#15 27 18 2 9 4 13 41 6 20 0 49 21 24 52 
#18 5 25 28 15 9 61 29 35 29 13 21 30 20 7 
#1 3 2 13 22 4 39 11 31 39 55 12 4 15 7 
#12 6 28 69 26 11 19 1 17 53 14 19 3 18 23 
#12 45 10 10 2 33 41 39 18 51 25 15 5 25 8 
13 10 37 8 59 35 
17 3 49 2 42 28 
56 51 18 11 12 25 
14 24 33 16 47 9 
44 39 19 45 58 53 
40 5 46 27 15 34 
#Base: 924
#Max: 363
#392857
#Turn 2
#10 15 12 35 51 48 40 0 19 5 2 13 3 10 6 
#6 15 29 35 51 4 40 41 40 5 48 13 3 10 16 
#44 47 4 20 34 4 7 41 40 27 48 20 35 2 6 
#44 45 4 1 16 43 61 39 22 27 25 9 5 25 8 
#12 19 2 10 47 33 9 44 18 14 25 15 5 25 26 
#53 21 41 39 8 12 38 30 13 21 37 11 9 42 13 
#8 25 41 31 25 12 38 24 12 24 16 11 56 2 13 
#8 25 41 31 24 55 50 6 14 17 12 49 22 3 36 
#50 47 31 35 24 55 0 30 14 17 42 16 7 54 22 
#12 47 17 13 1 12 0 30 16 39 42 63 7 54 7 
#62 5 25 28 3 9 61 29 35 29 13 21 30 7 18 
#50 2 0 6 3 11 3 30 16 58 55 15 8 12 9 
#14 11 63 20 61 29 36 0 33 58 1 47 8 12 9 
#22 9 63 13 5 29 10 12 33 5 6 47 65 12 3 
#23 27 18 13 9 29 10 12 6 20 12 16 49 12 3 
#10 45 28 4 13 7 41 16 13 7 11 15 3 21 8 
#44 45 28 2 13 11 61 3 18 17 18 9 3 29 8 
#12 10 41 39 33 43 25 24 13 66 11 14 0 42 6 
#1 1 40 39 47 12 25 68 13 7 11 14 23 17 19 
#13 1 40 13 47 7 49 1 13 7 11 36 23 6 63 
#44 9 14 13 33 29 12 2 33 21 2 16 65 12 19 
#50 2 14 1 33 12 35 7 12 27 6 43 65 7 9 
#50 2 7 11 3 12 30 30 12 27 6 43 23 12 13 
#62 6 0 11 26 11 19 30 17 53 6 19 65 5 13 
#1 1 28 69 26 11 41 39 17 53 14 19 3 14 63 
#10 24 12 3 16 40 20 41 46 13 48 68 6 22 10 
#6 29 7 11 34 18 7 41 35 6 48 43 32 22 26 
#10 24 17 11 34 4 61 16 8 24 32 63 32 21 26 
#18 5 17 13 11 2 25 30 8 24 42 63 20 22 7 
#13 54 5 10 11 2 25 13 5 27 42 11 34 31 13 
#62 24 12 4 8 1 20 30 33 21 37 68 32 5 13 
#53 10 29 2 51 48 40 24 14 5 16 13 11 42 13 
#6 47 29 20 34 21 7 41 12 24 0 49 3 2 41 
#44 4 4 2 16 43 50 2 14 27 12 9 35 3 10 
#1 47 31 10 2 2 0 30 18 51 25 13 7 54 8 
#18 3 2 13 47 12 9 44 13 39 6 27 24 22 26 
#18 5 25 28 8 1 3 29 13 29 37 21 9 7 7 
#53 21 2 2 25 23 15 30 16 24 16 12 11 42 18 
#50 2 13 11 61 21 3 30 16 58 4 49 56 12 9 
#50 4 41 20 51 55 36 0 14 5 1 16 22 3 36 
#22 9 31 13 5 29 0 30 33 11 42 16 65 54 22 
#23 3 18 13 26 12 39 6 6 39 11 2 49 22 7 
#10 24 25 4 47 7 61 16 13 29 13 68 30 21 7 
#17 45 28 6 13 11 41 30 16 12 18 15 3 7 18 
#44 2 41 2 61 43 3 24 18 58 11 9 8 12 9 
#14 1 14 39 51 12 25 0 13 66 37 47 7 2 3 
#22 1 40 13 5 7 30 12 13 7 11 16 23 37 63 
#23 27 18 13 16 33 49 45 22 20 12 8 35 32 10 
#12 11 40 4 47 7 12 16 13 7 2 68 25 21 19 
#17 45 14 69 33 12 35 3 33 23 18 15 3 7 8 
#50 10 7 11 61 43 30 24 18 27 32 43 0 42 6 
#62 1 0 11 11 12 3 30 16 66 6 14 7 17 19 
#12 1 40 69 47 7 19 1 17 7 14 36 3 37 23 
#13 1 14 13 16 3 49 45 22 4 13 8 23 14 10 
#12 11 12 4 5 5 12 16 22 13 2 68 25 21 19 
#44 9 14 1 33 12 35 2 46 6 6 20 65 22 10 
#10 24 7 11 61 18 20 7 12 7 32 43 23 12 26 
#2 9 0 11 34 12 61 11 16 24 11 15 20 5 13 
#12 6 5 10 26 11 25 1 14 53 14 14 34 54 41 
#1 54 4 29 25 5 49 13 18 4 13 15 23 14 63 
34 48 18 3 19 51 
11 49 31 30 39 5 
55 52 23 42 50 2 
17 25 8 24 38 13 
1 7 40 12 9 45 
32 59 10 44 27 21 
#Base: 924
#Max: 444
#480519
#Turn 3
#1 11 31 10 2 7 0 30 13 7 2 13 25 21 8 
#1 11 40 4 47 12 12 16 13 7 11 68 25 17 19 
#44 45 40 39 16 12 61 39 13 7 25 14 5 17 19 
#13 45 4 13 47 7 61 1 13 27 11 36 23 25 63 
#13 1 0 11 47 7 49 1 16 66 11 36 7 6 19 
#50 2 14 6 3 12 3 30 16 58 18 15 3 12 9 
#17 45 14 69 51 12 40 24 33 5 18 15 3 42 8 
#62 24 12 4 8 48 20 24 14 21 37 13 32 42 13 
#62 24 41 20 51 1 36 0 33 5 37 16 32 5 36 
#50 21 41 39 51 55 38 30 13 21 37 16 9 42 36 
#12 1 40 69 33 12 35 2 17 6 6 20 3 22 23 
#62 1 40 69 26 7 19 30 17 53 14 36 3 37 23 
#62 6 25 11 26 11 61 16 13 29 13 68 30 5 13 
#10 10 25 11 47 43 30 24 18 29 13 43 30 21 7 
#50 10 7 20 61 4 7 41 40 27 48 43 35 42 6 
#10 10 41 3 16 40 20 41 13 66 11 68 6 42 10 
#50 24 12 35 16 55 20 30 46 17 42 68 7 54 22 
#1 1 28 35 24 55 41 30 14 53 14 19 3 14 63 
#1 2 13 69 26 11 41 30 17 53 4 19 56 14 9 
#22 9 63 11 5 29 10 12 16 5 4 49 56 12 3 
#8 15 29 31 51 55 50 41 14 17 48 49 22 10 36 
#22 9 31 13 5 55 50 6 14 11 42 16 22 54 36 
#14 9 63 13 5 29 0 30 33 11 42 16 8 54 22 
#14 11 63 20 1 12 36 30 33 58 1 63 8 12 7 
#14 1 17 39 1 12 25 0 16 66 37 63 7 2 7 
#1 54 29 20 25 5 49 13 18 4 13 49 23 14 41 
#62 54 25 29 25 5 61 29 18 4 13 15 23 7 63 
#44 2 41 2 61 9 3 24 18 58 11 21 30 7 9 
#44 24 41 2 34 43 3 16 18 24 32 63 32 12 26 
#10 24 17 1 33 12 35 7 8 24 6 63 32 21 9 
#50 47 0 6 2 2 3 30 16 58 25 13 8 54 8 
#12 45 14 4 47 12 12 16 33 7 2 15 25 7 19 
#1 10 40 2 51 48 40 24 14 5 16 14 23 42 13 
#62 24 12 1 16 1 61 30 33 27 25 68 32 5 13 
#50 1 41 13 47 55 49 0 13 5 11 16 22 6 63 
#53 21 41 11 11 12 3 30 13 66 6 14 9 17 13 
#50 2 14 6 3 12 3 2 16 6 6 20 65 22 9 
#17 1 14 69 47 12 19 3 33 7 14 15 3 37 8 
#53 6 29 2 51 11 19 24 14 5 6 19 11 42 13 
#10 24 25 4 8 7 20 16 13 21 13 68 30 21 7 
#50 4 7 11 61 55 36 24 14 27 1 43 22 42 6 
#53 47 4 39 8 12 38 30 13 21 48 11 35 2 13 
#44 10 41 1 33 12 25 2 46 66 11 20 65 42 6 
#10 1 40 69 16 7 19 1 46 7 48 36 6 37 10 
#62 47 0 11 24 55 0 30 17 53 42 19 7 54 22 
#10 24 28 4 26 7 41 39 17 53 14 68 3 14 7 
#50 10 13 11 61 21 3 24 18 27 32 43 0 42 9 
#44 9 4 13 34 29 10 41 40 5 6 20 35 2 6 
#6 15 41 39 33 4 25 24 13 66 11 13 3 42 16 
#10 25 12 31 16 40 50 41 14 17 12 68 6 3 10 
#50 9 31 35 5 55 0 30 33 11 42 16 65 54 22 
#14 11 63 69 61 29 36 0 33 58 14 47 8 14 63 
#50 2 17 13 61 21 0 30 16 39 4 63 7 12 9 
#22 1 14 13 51 12 10 0 13 5 6 47 65 12 3 
#6 15 29 35 34 4 7 41 40 24 48 13 3 2 41 
#1 54 4 29 25 55 50 13 18 4 12 15 23 14 36 
#22 5 25 13 3 29 0 30 35 29 42 16 65 54 22 
#44 11 63 20 61 43 3 24 33 58 1 9 8 12 9 
#10 24 17 13 1 4 61 16 16 24 32 63 7 54 7 
#50 1 14 39 51 12 25 7 12 27 6 47 7 2 3 
24 46 52 3 56 49 
30 45 8 11 6 2 
21 18 42 26 9 28 
34 20 44 51 50 57 
27 17 15 16 33 40 
41 43 23 14 12 58 
#Base: 924
#Max: 520
#562771
#Turn 4
#14 1 17 39 61 21 3 24 18 66 32 43 0 2 9 
#50 10 13 11 61 21 0 30 16 39 32 43 7 12 9 
#50 2 17 13 61 21 0 1 16 39 4 63 23 25 63 
#22 45 4 13 3 29 0 1 35 29 11 36 65 54 63 
#22 5 12 13 16 40 0 30 35 29 42 16 65 54 22 
#50 24 0 6 26 7 3 30 16 58 14 13 3 54 8 
#10 24 28 4 51 1 36 0 33 5 14 68 32 5 7 
#62 1 41 69 26 1 36 30 17 53 37 36 32 37 36 
#17 45 40 69 26 7 19 30 33 53 18 36 3 37 8 
#44 45 40 69 16 12 40 39 33 5 18 14 3 42 19 
#1 9 31 69 5 55 50 30 14 11 42 19 56 54 9 
#44 2 13 69 33 11 25 30 46 53 4 20 56 42 9 
#62 54 25 1 25 12 61 29 18 66 11 15 23 42 6 
#62 21 41 39 51 55 61 29 13 21 13 15 23 42 36 
#50 21 41 2 34 55 38 30 18 24 32 16 9 42 36 
#8 15 41 13 51 55 49 0 14 17 11 16 22 6 63 
#8 15 29 31 24 55 50 41 17 53 48 19 7 54 22 
#62 11 63 69 61 29 0 30 17 53 14 19 7 54 63 
#14 11 31 69 5 55 36 0 33 11 42 47 8 14 63 
#44 11 63 35 5 55 3 24 33 11 1 9 8 12 22 
#1 1 41 2 24 55 3 30 14 58 11 19 3 7 9 
#10 1 41 3 24 40 41 41 13 53 11 68 6 42 10 
#50 10 12 3 16 55 20 41 46 66 42 68 7 54 22 
#62 24 12 1 16 1 20 30 46 27 25 68 7 54 13 
#62 24 12 11 16 55 36 30 33 27 1 68 32 5 6 
#10 47 4 39 8 12 38 30 13 7 48 36 35 37 13 
#14 1 63 69 1 7 19 1 33 58 48 36 6 37 7 
#50 11 63 20 61 12 36 30 33 27 48 63 8 42 7 
#62 6 7 11 61 4 7 16 40 27 13 68 35 42 6 
#62 24 25 13 26 11 61 16 16 24 13 63 7 5 7 
#14 47 0 39 1 2 3 30 16 66 25 63 7 54 7 
#10 10 28 4 61 21 41 39 18 27 14 68 0 42 9 
#62 24 17 13 51 1 0 0 16 5 37 16 32 12 9 
#13 1 40 69 47 7 61 1 17 53 14 36 23 25 23 
#22 45 14 13 3 12 0 30 35 5 18 15 65 42 8 
#10 45 12 31 16 40 50 41 13 17 25 68 6 3 19 
#50 9 0 6 2 55 50 30 14 11 42 16 8 54 8 
#10 24 13 4 26 11 41 30 17 53 4 68 56 14 9 
#62 24 41 1 33 1 25 0 33 66 11 16 65 42 6 
#62 54 40 29 25 7 19 29 17 53 13 15 23 37 23 
#17 45 14 39 51 55 40 30 33 21 37 15 9 42 8 
#44 45 41 2 34 43 3 16 18 24 32 63 5 12 19 
#50 9 41 13 47 55 50 0 13 11 42 16 22 6 63 
#1 2 13 69 26 11 41 41 14 53 48 49 22 10 36 
#62 10 41 11 33 12 25 30 46 53 42 19 65 54 22 
#62 11 25 29 61 29 61 29 18 4 13 15 23 14 63 
#50 21 31 39 51 55 0 30 33 11 42 16 65 54 36 
#44 24 63 20 61 43 3 16 18 24 1 9 8 12 26 
#44 1 41 13 61 55 49 0 13 5 11 21 30 7 63 
#1 15 29 31 24 55 50 30 14 17 48 49 3 10 63 
#62 47 0 3 16 55 0 41 17 66 42 68 7 54 22 
#14 24 63 69 61 29 20 0 46 17 14 68 7 14 22 
#50 9 31 35 16 1 61 30 33 27 25 16 65 5 13 
#44 11 7 11 61 55 3 24 33 58 1 43 8 42 9 
#53 47 41 2 61 12 38 24 13 58 48 21 35 2 9 
#1 1 28 69 24 55 41 30 14 7 14 36 3 14 63 
#14 10 41 20 1 40 20 30 13 58 1 63 8 12 10 
#50 10 12 20 16 55 20 41 40 27 48 68 35 42 6 
#62 6 12 1 16 11 61 16 13 27 25 68 30 5 13 
#10 24 17 11 61 4 61 16 14 27 1 43 22 54 7 
39 40 3 42 49 9 
23 55 43 7 26 53 
24 33 51 44 27 48 
45 13 46 17 22 54 
8 16 12 50 10 18 
30 28 38 57 11 2 
#Base: 924
#Max: 552
#597403
#Turn 5
#62 54 14 39 25 7 40 30 17 53 13 15 23 37 8 
#17 45 4 13 51 55 40 30 35 21 37 36 9 54 63 
#50 45 41 13 47 55 0 0 35 11 11 36 65 6 63 
#1 9 29 31 24 55 50 0 13 11 42 16 3 6 63 
#44 45 29 69 24 12 50 30 14 5 18 14 3 42 63 
#1 1 12 69 24 55 20 30 46 27 14 68 7 54 13 
#1 1 28 69 26 11 41 30 14 53 14 49 22 10 63 
#1 2 41 69 26 11 36 41 14 53 37 36 22 37 36 
#62 1 41 69 1 1 19 30 17 53 48 36 6 37 7 
#44 1 7 69 1 7 3 24 33 58 1 43 6 42 9 
#62 1 40 11 47 7 36 1 33 27 1 68 23 5 6 
#13 1 40 69 47 7 20 0 17 17 14 36 7 25 22 
#62 10 63 11 61 29 25 30 46 53 14 19 65 14 22 
#62 10 63 20 61 12 36 30 33 27 42 63 8 42 7 
#44 1 63 13 61 12 49 30 33 27 11 63 8 7 7 
#62 11 25 39 61 29 61 29 18 21 13 15 23 42 36 
#50 21 31 39 51 55 0 30 33 11 13 15 23 42 36 
#62 21 31 69 51 55 0 30 17 11 42 19 7 54 36 
#62 10 12 69 16 29 20 41 17 66 42 68 7 54 22 
#53 47 12 2 61 55 20 41 46 66 48 21 35 54 9 
#8 15 40 31 24 7 50 41 17 53 18 19 3 37 8 
#8 54 25 1 25 55 50 29 17 66 48 15 23 42 22 
#62 47 25 1 25 12 0 29 18 66 42 15 7 42 22 
#62 47 0 69 5 55 0 41 17 11 42 19 56 54 9 
#1 11 31 69 5 55 50 30 33 11 42 47 56 14 63 
#62 6 0 11 61 2 7 16 16 66 25 68 7 42 7 
#62 24 41 11 61 1 25 16 33 27 11 16 35 42 6 
#62 24 12 1 33 55 20 41 40 66 11 68 35 42 6 
#44 2 12 20 16 11 25 30 46 27 4 68 35 42 9 
#50 2 13 13 61 11 25 1 46 53 4 63 56 42 9 
#62 54 12 29 16 1 19 30 17 27 13 15 7 37 13 
#17 45 14 69 51 55 41 30 33 7 37 36 3 42 63 
#22 2 13 69 3 11 41 1 14 53 11 36 22 54 63 
#62 1 41 69 47 55 50 0 13 11 37 16 32 6 36 
#14 15 63 69 24 55 19 1 14 58 48 36 3 37 63 
#44 11 40 11 16 55 3 39 33 5 1 14 8 42 19 
#62 24 12 1 16 1 20 30 33 27 25 68 7 54 6 
#13 1 40 69 24 7 61 30 17 7 14 36 23 25 63 
#14 2 63 69 61 11 20 0 46 17 14 68 22 14 22 
#62 10 41 11 33 1 25 30 17 53 42 36 65 54 36 
#50 1 63 20 1 12 36 1 33 27 48 63 6 37 7 
#44 11 7 11 61 55 49 24 33 58 1 21 30 42 9 
#62 24 12 29 16 29 36 30 33 4 1 68 32 5 6 
#62 1 41 69 47 7 61 29 13 21 13 36 23 42 23 
#50 21 31 39 61 29 20 30 46 11 14 68 65 54 22 
#62 10 63 11 61 29 25 30 17 53 14 19 65 54 63 
#50 10 63 3 61 55 36 30 46 27 42 68 7 42 7 
#53 47 41 2 61 12 49 24 13 58 11 21 30 2 63 
#62 11 25 29 61 29 61 30 33 53 18 15 23 14 8 
#62 15 29 31 51 55 61 29 13 21 48 19 23 42 36 
#62 54 25 39 51 55 61 29 18 66 11 16 65 42 6 
#62 11 63 3 16 29 0 30 17 66 42 68 7 54 22 
#1 9 12 69 5 55 50 41 46 66 42 19 56 54 9 
#53 11 31 2 61 12 38 0 13 58 48 47 8 2 9 
#14 45 40 69 1 2 3 30 16 53 25 36 3 37 7 
#62 6 29 31 24 55 50 16 17 27 48 68 7 54 6 
#62 54 25 1 33 1 25 29 18 66 11 15 23 42 6 
#62 10 12 3 16 55 20 41 40 66 48 68 35 42 22 
#1 2 13 69 5 55 50 30 46 53 42 20 56 42 9 
#50 11 17 69 5 55 36 1 16 39 42 63 23 25 63 
8 48 33 58 47 5 
4 21 55 18 17 38 
29 39 57 46 44 2 
27 34 52 50 19 59 
15 49 12 45 31 23 
41 1 13 24 51 43 
#Base: 924
#Max: 600
#649351
#Turn 6
#62 1 41 69 61 29 19 30 17 53 18 15 23 37 7 
#62 1 41 29 61 29 61 30 13 53 37 15 23 6 36 
#62 1 41 69 47 55 50 30 13 53 37 16 32 42 9 
#53 47 41 2 5 55 49 30 46 58 11 21 56 42 9 
#1 1 41 69 24 12 49 30 46 27 11 21 7 2 63 
#44 54 29 69 25 55 50 29 14 66 48 14 23 42 22 
#8 54 29 31 24 55 50 29 17 66 48 68 7 54 6 
#62 10 12 69 16 29 20 41 17 66 48 68 7 54 6 
#62 10 31 69 51 55 20 30 17 66 42 68 7 54 36 
#62 2 63 69 51 55 20 0 17 17 42 68 7 14 22 
#50 2 41 13 33 11 25 30 17 53 4 63 56 54 36 
#62 10 12 11 33 1 25 30 17 66 42 36 35 42 22 
#62 10 63 3 16 55 36 30 46 66 48 68 35 42 7 
#50 21 63 3 61 55 20 30 46 27 14 68 65 54 7 
#50 45 31 39 61 55 20 0 35 11 11 36 65 6 63 
#62 15 63 69 33 55 19 41 14 58 48 68 35 37 6 
#14 15 63 69 24 55 19 41 46 58 42 19 3 37 9 
#1 9 12 69 5 55 50 29 46 66 42 16 65 42 9 
#62 54 25 39 61 55 20 41 18 66 48 16 35 42 6 
#50 47 17 2 61 55 20 41 16 66 42 63 23 54 9 
#62 11 29 39 61 55 61 29 18 21 13 19 23 42 36 
#62 10 29 31 61 29 61 29 13 21 14 19 23 42 22 
#62 10 63 11 61 29 25 30 46 53 14 19 65 14 63 
#17 45 63 11 51 29 25 30 17 7 14 19 65 42 63 
#62 47 14 69 5 55 41 41 17 7 37 36 3 42 63 
#44 45 7 11 61 55 49 30 35 58 37 21 30 42 63 
#62 10 4 20 51 12 36 30 35 21 37 36 8 54 7 
#62 10 31 69 61 12 50 30 33 11 42 63 8 42 63 
#1 11 31 3 16 55 50 30 17 11 42 68 7 54 63 
#62 1 41 69 47 7 0 30 13 21 13 68 7 42 23 
#62 1 29 69 1 1 50 30 14 5 18 14 6 37 7 
#8 54 25 1 61 29 61 29 17 53 18 15 23 42 8 
#62 1 29 31 24 55 50 0 17 27 37 68 7 6 6 
#62 10 13 69 16 29 20 30 17 53 42 20 7 42 22 
#62 21 31 69 51 12 49 30 17 58 42 19 7 54 63 
#1 1 63 69 24 55 20 30 46 27 14 68 7 54 22 
#44 45 29 13 24 12 25 30 46 53 18 63 56 42 9 
#8 10 25 11 25 1 25 29 17 66 42 36 23 42 36 
#62 6 12 31 24 55 50 16 17 27 48 68 7 54 22 
#62 10 12 69 61 55 36 30 46 27 42 68 7 54 22 
#50 21 31 39 51 55 0 30 46 11 42 19 65 54 22 
#50 45 63 69 61 55 20 0 46 11 11 68 65 6 63 
#62 24 12 13 33 11 20 1 46 66 4 63 35 42 6 
#62 10 41 11 33 55 25 30 14 53 42 36 3 37 36 
#1 10 12 69 16 55 50 41 40 66 42 19 56 54 9 
#50 10 25 39 61 55 61 30 46 27 11 16 7 42 7 
#53 21 12 2 61 29 20 41 46 66 14 21 35 54 22 
#50 11 17 13 5 55 0 1 16 39 11 63 23 25 63 
#62 24 25 39 33 55 20 29 18 66 11 15 35 42 36 
#14 15 29 69 51 55 19 29 13 58 48 19 3 42 63 
#62 10 63 69 5 29 25 30 46 66 14 19 65 54 22 
#62 10 25 39 51 29 61 30 17 53 14 16 65 42 63 
#17 47 12 69 51 55 20 30 46 66 48 21 3 54 63 
#62 11 0 69 5 55 36 1 16 39 42 19 56 54 63 
#62 11 25 39 61 29 49 29 18 58 13 21 30 42 9 
#62 15 29 31 51 55 40 29 13 21 37 19 9 54 36 
#62 10 63 11 61 12 25 30 46 27 42 63 8 42 7 
#1 10 31 11 5 29 50 30 17 11 42 19 56 14 63 
#17 11 63 69 51 29 41 30 33 7 37 36 3 54 22 
#62 1 41 69 47 7 0 29 13 21 42 36 56 42 9 
1 58 49 6 17 20 
38 16 7 13 53 3 
35 24 27 39 12 14 
51 50 52 41 8 25 
56 44 5 15 34 22 
23 9 2 18 19 40 
#Base: 924
#Max: 633
#685065
#Turn 7
#17 1 63 69 61 29 41 30 13 7 37 36 3 6 36 
#14 15 63 69 51 55 41 30 13 7 37 36 3 54 63 
#14 15 29 31 24 55 50 29 13 58 48 19 3 42 6 
#1 9 12 31 24 55 50 29 17 66 42 68 7 42 6 
#62 9 29 69 61 55 61 29 46 21 42 16 65 42 9 
#62 15 63 69 24 55 19 16 17 27 42 68 7 54 22 
#14 15 63 69 24 29 20 41 46 66 42 68 3 54 6 
#50 21 63 69 16 29 20 41 17 27 14 68 7 54 7 
#62 11 0 69 61 55 36 1 16 27 14 68 56 54 7 
#62 47 41 69 5 55 36 1 46 58 11 19 56 54 9 
#62 47 14 69 24 55 20 41 17 27 37 68 3 54 63 
#62 47 14 69 5 12 50 41 17 11 37 63 8 42 63 
#62 10 12 69 61 12 36 30 33 27 42 63 8 54 22 
#62 10 12 69 61 55 36 30 46 27 48 68 7 54 7 
#62 45 31 3 61 55 20 30 46 11 11 68 65 42 63 
#62 10 63 39 5 29 25 30 46 53 14 16 65 42 22 
#62 47 12 69 51 55 25 30 46 66 14 19 3 54 22 
#50 45 63 69 61 55 20 0 46 66 11 21 65 6 63 
#50 10 63 69 61 55 20 30 46 66 11 68 7 6 63 
#44 10 31 69 51 55 20 30 35 58 42 21 30 42 36 
#1 10 63 11 61 12 50 30 46 27 42 19 56 42 7 
#44 10 12 69 16 55 50 29 40 66 42 19 23 54 9 
#44 54 29 69 25 55 50 29 14 58 48 68 35 42 22 
#62 21 31 69 33 12 19 30 14 58 48 68 7 54 63 
#62 10 31 11 61 12 25 30 46 53 14 19 7 14 63 
#62 2 63 69 51 55 25 30 17 7 42 19 65 14 63 
#62 2 63 69 47 55 50 30 13 17 42 68 32 14 9 
#62 54 25 69 47 55 20 41 13 53 37 16 35 42 9 
#62 54 17 2 61 55 20 41 16 66 42 16 35 42 6 
#50 21 17 39 51 55 20 41 16 66 42 19 65 54 22 
#62 1 12 29 24 55 50 30 17 27 48 68 7 6 36 
#17 15 63 69 24 55 41 41 46 7 37 19 3 54 22 
#62 10 12 69 51 29 20 29 17 66 48 19 3 42 63 
#50 54 29 3 24 55 20 29 17 27 14 68 65 54 7 
#1 9 12 69 5 55 50 29 46 66 42 19 65 54 63 
#62 47 29 39 61 55 61 29 46 58 13 21 23 42 36 
#1 1 12 69 24 55 50 30 46 27 48 68 7 54 22 
#62 47 63 69 5 55 41 41 46 7 37 36 3 42 9 
#62 10 12 69 16 29 20 41 17 11 48 63 8 42 63 
#50 10 63 3 61 55 36 30 46 27 42 68 7 54 22 
#62 10 0 3 5 55 36 1 16 66 48 68 56 42 63 
#53 45 41 39 5 55 49 0 35 58 11 21 56 42 63 
#62 10 25 39 51 29 20 30 17 53 14 16 7 42 63 
#62 10 14 69 5 29 41 41 17 7 37 36 65 42 63 
#17 47 31 69 51 55 20 30 46 11 42 63 8 54 63 
#50 10 12 69 61 55 20 0 46 11 11 68 7 6 22 
#62 10 31 69 51 55 36 30 17 66 48 68 35 42 7 
#44 45 31 11 61 55 49 30 35 58 37 21 30 6 63 
#62 10 63 11 61 29 61 30 17 27 14 63 8 42 63 
#62 10 12 69 16 55 25 30 40 66 14 19 65 54 9 
#17 54 12 69 25 55 20 29 46 66 48 14 23 54 63 
#50 45 63 69 61 55 20 41 46 58 48 68 65 37 63 
#62 21 31 69 51 12 20 30 17 58 42 19 7 54 63 
#44 45 7 11 61 55 25 30 46 53 37 19 65 14 63 
#62 45 63 11 61 12 25 30 17 7 14 19 65 42 63 
#1 2 63 69 16 55 50 0 40 17 42 19 7 54 22 
#44 1 41 69 47 55 50 29 13 66 37 16 23 42 22 
#62 15 25 39 61 55 20 41 14 66 48 16 35 42 6 
#50 21 17 2 61 55 20 41 16 66 42 19 23 54 63 
#50 21 31 11 61 55 25 30 46 53 42 19 65 14 63 
58 8 37 9 29 1 
56 5 27 14 39 48 
19 41 35 46 4 53 
25 44 22 51 18 34 
52 16 50 17 10 59 
49 47 26 13 23 6 
#Base: 924
#Max: 789
#853896
#Turn 8
#62 11 0 69 61 55 36 41 16 66 14 19 23 54 63 
#62 47 63 69 5 55 36 1 16 27 37 36 3 54 7 
#62 47 63 69 5 55 36 41 46 58 11 36 3 42 9 
#62 21 41 39 5 55 36 1 46 66 42 19 65 54 9 
#50 15 63 39 51 55 20 30 16 66 42 19 65 54 63 
#62 15 41 69 47 55 50 16 17 27 37 16 23 54 22 
#62 54 25 69 47 55 19 16 13 27 42 16 35 54 9 
#62 45 31 69 61 55 20 41 13 53 37 68 35 42 63 
#62 45 63 3 61 55 20 30 46 27 11 68 7 54 63 
#62 10 63 3 61 55 61 30 46 27 14 63 7 42 22 
#53 45 41 69 51 55 49 0 35 58 11 21 56 42 63 
#62 45 41 39 5 55 61 29 35 58 11 21 56 42 63 
#62 47 29 39 61 55 36 30 17 66 13 21 35 42 36 
#62 10 31 69 51 55 61 29 46 21 42 16 65 42 7 
#44 45 7 11 61 55 61 30 46 53 42 19 65 42 63 
#17 2 63 69 51 55 25 30 17 11 42 19 8 54 63 
#44 47 31 69 25 55 20 29 46 11 48 63 8 54 22 
#44 45 63 69 25 55 50 41 14 58 48 68 35 37 22 
#50 10 63 69 61 55 20 41 46 58 48 68 65 6 63 
#50 10 12 69 61 55 50 30 46 66 11 19 65 54 63 
#62 47 31 69 51 12 25 30 17 58 42 19 3 54 63 
#62 54 12 69 51 55 25 30 46 66 14 14 23 54 63 
#17 54 12 69 61 55 20 29 46 66 11 14 65 6 63 
#50 47 14 69 24 55 20 41 46 66 37 68 65 6 63 
#50 47 31 11 61 55 25 30 46 27 42 19 3 14 63 
#62 45 12 69 61 55 49 30 35 66 37 21 30 6 63 
#44 2 31 69 47 55 49 30 13 17 37 68 32 14 63 
#62 2 12 69 47 55 50 30 46 17 42 68 32 14 9 
#62 10 31 69 61 55 19 30 46 27 48 68 7 54 63 
#14 15 31 69 33 12 19 41 46 66 48 68 3 54 6 
#44 21 17 69 47 55 50 41 16 66 37 16 23 42 63 
#62 15 63 69 24 55 19 16 17 27 42 68 7 54 7 
#62 54 63 69 5 55 20 41 13 53 37 36 35 42 9 
#62 45 41 69 5 55 36 30 46 58 11 68 65 42 63 
#50 10 17 3 61 55 36 41 16 27 42 19 7 54 22 
#62 10 63 69 61 55 61 30 13 7 14 36 8 54 63 
#44 10 41 69 47 55 50 29 13 66 42 16 23 42 22 
#53 45 63 69 24 55 19 0 35 27 11 21 56 54 63 
#62 47 25 39 61 55 20 29 46 53 13 21 23 42 9 
#62 45 31 69 61 55 20 30 17 66 48 68 35 42 63 
#62 9 29 3 61 55 61 29 46 21 42 16 65 42 22 
#62 10 7 11 61 29 25 30 17 27 37 63 8 14 63 
#44 10 31 69 51 55 20 30 35 7 42 21 65 14 36 
#17 47 31 39 5 55 20 0 46 11 42 21 8 42 63 
#62 54 29 39 61 55 50 29 46 58 48 68 35 42 22 
#50 45 63 69 51 55 20 41 46 58 48 68 35 37 7 
#62 10 29 69 61 55 20 29 46 21 42 16 7 6 9 
#44 9 7 69 5 55 25 30 46 53 37 19 65 54 63 
#62 21 63 69 51 12 25 30 17 7 42 19 7 54 63 
#17 47 12 69 51 55 20 30 46 11 14 19 8 54 22 
#44 54 29 69 25 55 50 29 14 66 48 68 35 42 22 
#50 45 63 69 61 55 20 0 46 58 48 21 65 37 63 
#50 10 63 69 61 55 20 41 46 66 37 68 7 54 63 
#1 9 31 69 61 55 25 30 46 53 42 19 65 14 63 
#62 21 12 69 51 12 25 30 40 58 42 19 7 54 9 
#44 45 12 11 51 55 25 30 46 66 14 19 3 6 63 
#17 54 63 69 25 55 20 29 13 66 48 68 23 14 9 
#62 10 63 69 61 55 20 0 46 66 11 68 65 6 7 
#62 47 31 69 33 55 19 41 14 27 37 68 3 54 63 
#50 21 63 11 24 29 25 41 46 66 42 68 65 14 63 
56 53 35 59 13 20 
2 12 8 7 58 32 
0 11 45 44 33 57 
10 17 51 18 52 50 
22 21 28 39 23 14 
47 30 25 19 4 37 
#Base: 924
#Max: 723
#782468
#Turn 9
#1 9 63 69 61 55 25 29 46 66 42 68 65 14 9 
#1 10 31 69 61 55 61 30 13 7 42 36 65 14 63 
#62 10 63 69 24 55 25 30 46 66 14 68 8 14 63 
#62 10 63 11 51 55 25 29 46 21 42 68 65 14 63 
#62 10 31 69 51 12 25 29 17 58 42 16 3 42 63 
#62 47 29 39 5 55 36 30 17 58 13 21 35 42 36 
#62 45 29 3 61 55 36 30 17 66 11 68 35 42 36 
#62 45 63 3 61 55 20 30 46 53 11 68 7 42 63 
#62 47 31 69 33 55 19 41 13 27 37 68 35 54 63 
#62 47 31 69 33 55 20 41 14 53 37 36 35 42 63 
#62 11 0 39 61 55 61 41 16 66 14 21 56 54 63 
#50 45 41 69 51 55 20 41 35 58 48 68 35 42 7 
#50 45 29 39 51 55 50 41 46 58 48 68 35 42 7 
#62 54 29 69 61 55 50 29 46 58 48 68 35 42 63 
#62 10 63 69 61 55 36 0 46 66 11 68 65 42 63 
#53 45 41 69 51 55 49 0 14 58 11 68 56 42 63 
#44 45 63 69 61 55 50 41 14 58 48 68 35 37 63 
#50 45 63 69 61 55 20 0 46 58 48 68 65 37 63 
#50 10 63 69 61 55 20 41 46 66 37 68 65 6 63 
#50 54 63 69 61 55 20 41 14 66 37 68 7 42 22 
#62 54 12 69 51 55 20 30 46 66 14 14 65 54 63 
#62 54 31 69 61 55 19 30 46 27 14 14 23 54 63 
#62 10 31 69 61 55 19 30 17 66 48 68 7 42 63 
#50 47 31 69 61 55 20 30 17 66 48 68 35 6 63 
#44 47 14 69 61 55 61 30 46 53 37 68 65 6 63 
#44 9 7 69 5 55 50 41 46 66 37 16 23 54 63 
#44 45 17 69 47 55 49 30 16 66 37 21 30 42 63 
#50 10 12 69 61 55 49 30 35 66 37 21 30 54 63 
#50 15 63 39 61 55 50 30 16 66 42 19 65 54 63 
#50 45 63 69 51 55 20 30 16 27 11 21 65 54 63 
#17 47 63 69 5 55 20 29 46 58 48 36 23 42 9 
#1 9 31 69 61 55 36 30 17 53 13 21 65 42 36 
#62 45 63 3 61 55 61 30 13 27 11 36 7 54 63 
#50 21 31 69 24 55 25 41 46 53 42 68 65 14 63 
#62 47 31 69 51 55 61 41 46 27 37 68 65 42 7 
#62 54 63 69 51 55 20 30 17 53 37 36 3 54 63 
#62 11 0 69 5 55 36 41 16 58 14 19 23 54 9 
#62 47 29 39 5 55 61 29 35 58 13 21 56 42 36 
#50 45 63 3 61 55 20 41 46 27 48 68 7 37 7 
#62 45 31 39 61 55 50 29 46 58 37 68 35 42 63 
#62 47 41 69 33 55 19 30 46 27 11 68 65 54 63 
#62 54 63 69 61 55 20 0 46 66 11 36 35 42 9 
#62 45 0 69 61 55 49 0 35 66 14 21 56 42 63 
#44 45 63 39 25 55 50 41 35 58 11 68 56 42 22 
#50 45 63 69 61 55 20 0 46 58 48 21 35 37 7 
#50 10 63 69 61 55 20 29 46 58 48 68 35 42 22 
#50 10 41 69 61 55 36 30 46 66 11 68 7 42 63 
#44 10 63 69 61 55 50 0 46 66 11 68 35 6 7 
#17 54 12 69 51 55 20 0 46 66 11 14 56 6 63 
#44 45 63 69 25 55 25 30 14 66 48 14 35 37 63 
#62 10 63 69 61 55 20 30 46 58 48 21 65 54 63 
#62 45 31 69 61 55 20 41 17 58 48 68 35 6 63 
#50 47 63 69 61 55 20 41 46 66 37 68 65 54 63 
#44 45 29 11 25 55 61 29 46 66 48 19 35 42 63 
#17 9 7 69 5 55 25 29 46 66 37 14 65 54 63 
#44 21 17 69 51 55 25 30 16 66 14 16 23 42 63 
#62 45 12 69 61 55 49 30 35 66 48 21 30 6 63 
#62 45 31 69 61 55 50 30 17 66 11 19 65 54 63 
#50 47 14 39 24 55 20 30 46 66 42 68 65 6 63 
#53 45 63 11 61 55 19 0 35 53 42 21 56 42 63 
21 58 56 11 43 26 
49 22 23 24 19 9 
27 15 18 39 50 35 
45 34 17 52 16 40 
29 33 28 13 14 20 
53 8 12 57 51 46 
#Base: 924
#Max: 805
#871212
#62 54 31 69 24 55 19 30 46 27 14 14 65 6 63 
#62 45 14 39 61 55 49 30 35 66 42 68 65 6 63 
#62 45 41 69 61 55 20 30 35 66 48 68 35 42 63 
#50 45 63 69 25 55 20 41 35 58 48 68 35 42 7 
#44 45 63 39 25 55 49 41 35 58 37 68 56 42 22 
#62 10 31 69 25 55 25 30 14 66 48 68 7 37 63 
#62 10 31 69 61 55 20 30 17 66 48 68 7 6 63 
#50 47 31 69 61 55 61 30 46 66 37 68 65 6 63 
#44 54 14 69 61 55 61 30 46 66 37 68 7 42 22 
#50 54 31 69 61 55 20 41 14 66 37 68 35 42 63 
#50 45 41 69 51 55 49 0 35 58 37 21 56 42 63 
#53 45 41 69 61 55 20 41 14 58 37 68 56 6 63 
#62 10 31 39 61 55 50 41 46 58 37 68 35 42 63 
#62 45 63 69 61 55 50 29 46 58 37 21 35 54 63 
#62 54 63 69 51 55 20 30 17 53 37 21 3 54 63 
#62 10 63 69 51 55 61 29 46 27 48 68 65 42 22 
#62 45 31 69 51 55 20 0 46 58 37 68 65 37 63 
#50 47 63 69 61 55 20 0 46 66 37 68 65 54 63 
#50 47 63 69 61 55 20 41 14 66 48 68 35 37 63 
#44 45 63 69 33 55 50 41 14 27 11 68 65 37 63 
#50 45 31 69 51 55 25 41 46 53 11 68 65 54 63 
#50 21 31 39 24 55 50 30 16 53 42 19 65 54 63 
#62 15 29 69 61 55 50 30 16 58 48 19 35 42 63 
#62 54 63 69 61 55 50 0 46 66 11 68 35 42 63 
#62 54 12 69 61 55 36 0 46 66 14 68 65 42 63 
#62 47 31 69 33 55 61 41 13 66 48 68 35 42 63 
#50 45 29 39 51 55 50 41 46 58 48 68 35 42 7 
#50 45 29 69 61 55 50 41 46 66 48 19 35 54 7 
#62 45 31 69 61 55 20 41 17 58 11 19 35 6 63 
#50 45 41 69 61 55 36 30 17 66 11 68 7 6 63 
#44 45 31 69 61 55 25 30 46 27 14 14 23 54 63 
#62 47 31 39 24 55 20 30 46 66 42 68 65 6 63 
#50 45 31 69 61 55 49 30 35 66 48 21 35 6 63 
#50 47 14 69 61 55 20 30 46 53 37 68 65 42 7 
#50 54 63 39 61 55 20 41 14 58 11 68 7 42 22 
#62 45 31 69 47 55 49 41 14 66 37 21 35 42 63 
#44 10 63 69 61 55 25 30 35 66 48 21 30 54 63 
#62 10 31 69 51 55 19 30 14 66 48 68 56 42 63 
#50 10 63 69 61 55 20 41 46 66 37 68 65 6 63 
#62 47 31 39 61 55 50 29 46 58 37 68 65 42 63 
#50 10 63 69 61 55 20 30 46 66 48 68 65 42 22 
#62 54 31 69 33 55 20 30 14 53 37 36 35 54 63 
#50 10 12 69 61 55 49 30 35 58 48 68 30 42 63 
#62 45 31 69 51 55 61 41 46 27 37 68 65 42 63 
#50 10 63 69 61 55 20 41 46 66 37 68 65 37 63 
#50 47 63 39 61 55 50 29 46 58 37 68 35 42 63 
#44 10 63 69 61 55 50 41 46 58 48 68 65 37 63 
#62 47 63 69 51 55 20 30 46 53 11 36 3 54 63 
#50 45 63 69 51 55 20 29 46 58 11 68 35 54 22 
#62 21 31 69 51 55 61 41 46 53 42 68 65 14 7 
#50 45 63 39 61 55 20 0 46 66 42 19 65 54 63 
#50 54 29 69 61 55 50 29 46 58 37 68 35 42 63 
#44 10 63 69 61 55 36 0 14 58 11 68 65 37 63 
#62 54 12 69 51 55 19 30 46 66 14 14 65 54 63 
#44 45 63 11 25 55 20 29 46 27 48 19 35 54 63 
#50 47 31 69 24 55 25 41 13 27 42 68 65 54 63 
#50 45 29 39 61 55 50 41 16 66 42 68 35 42 7 
#62 45 29 69 61 55 50 29 46 58 11 68 65 42 63 
#62 45 63 69 61 55 20 41 46 58 48 68 65 42 63 
#50 10 41 69 51 55 36 30 46 66 14 14 7 42 63 
#Base: 924
#Max: 806
#872294
