#[0] 3, 3
#[1] 4, 3
#[2] 3, 4
#[3] 3, 2
#[4] 2, 3
#[5] 2, 4
#[6] 1, 3
#[7] 2, 2
#[8] 3, 1
#[9] 4, 4
#[10] 5, 3
#[11] 3, 5
#[12] 4, 2
#[13] 3, 0
#[14] 5, 4
#[15] 4, 5
#[16] 5, 2
#[17] 4, 1
#[18] 0, 3
#[19] 1, 4
#[20] 2, 1
#[21] 1, 2
#[22] 2, 5
#[23] 0, 4
#[24] 5, 1
#[25] 0, 2
#[26] 5, 5
#[27] 1, 5
#[28] 2, 0
#[29] 1, 1
#[30] 4, 0
#[31] 0, 5
#[32] 1, 0
#[33] 0, 1
#[34] 5, 0
#[35] 0, 0
#Turn 0
8 49 13 34 5 3 
1 58 47 27 46 17 
21 9 39 45 44 23 
29 22 10 18 32 30 
19 53 31 12 50 0 
40 54 59 35 2 4 
#Base: 875
#Max: 353
#403429
#Turn 1
#9 37 4 8 40 21 11 43 16 17 14 8 39 47 12 
#24 23 4 8 2 13 16 7 45 13 14 8 54 7 26 
#24 23 13 36 2 11 16 22 45 12 6 30 54 7 26 
#12 24 10 21 22 15 7 35 4 12 35 16 35 24 2 
#14 42 6 33 52 53 3 35 2 40 35 16 10 9 2 
#50 26 9 11 1 47 11 38 31 1 26 1 27 23 12 
#7 9 55 15 14 50 38 38 27 32 35 32 43 3 12 
#7 29 6 20 23 17 4 14 24 19 39 25 43 64 1 
#7 16 6 10 15 38 4 12 24 10 53 46 10 3 6 
#14 38 5 15 34 6 5 38 24 22 53 46 18 3 16 
#41 25 8 34 48 8 7 12 35 1 23 8 7 5 28 
#5 16 8 34 48 22 41 12 7 1 1 9 61 34 1 
#13 16 9 29 39 2 41 24 30 2 1 65 61 34 23 
#13 1 2 20 39 23 13 18 63 17 31 5 3 24 8 
#11 28 39 14 24 2 37 23 63 11 29 46 3 51 8 
#6 44 6 3 10 2 12 11 19 12 5 19 49 17 55 
#14 27 17 14 20 7 12 35 44 12 5 19 49 13 23 
#10 63 18 14 6 10 54 4 25 13 5 19 13 1 23 
#10 14 22 24 4 3 2 4 25 10 5 2 24 1 53 
#26 14 32 24 4 6 2 61 4 15 26 4 46 18 53 
#0 50 46 7 34 17 31 12 0 54 25 24 4 6 14 
#9 4 35 16 12 17 27 12 55 33 22 18 20 6 13 
#25 26 20 16 12 49 14 16 55 3 22 18 24 18 5 
#25 26 20 17 4 3 5 16 23 19 29 70 24 18 35 
#17 21 6 0 4 35 24 64 23 11 12 13 22 30 11 
#24 26 10 7 27 52 23 22 22 55 12 4 10 33 0 
#24 8 0 7 18 23 23 29 45 31 11 13 24 5 33 
#46 39 27 5 19 23 53 13 4 16 22 13 24 50 54 
#15 39 27 5 19 56 21 9 9 4 22 13 35 44 54 
#15 7 6 16 15 56 46 44 17 11 8 18 35 44 28 
#9 5 3 47 1 47 11 16 16 36 33 4 27 39 9 
#14 37 10 8 47 13 1 16 16 17 35 32 39 23 12 
#24 29 35 36 2 11 16 14 45 32 8 12 54 7 4 
#7 24 13 10 1 17 55 22 4 19 39 30 35 31 1 
#20 38 10 21 22 38 19 35 2 10 53 46 10 24 6 
#14 27 6 33 34 6 5 38 37 40 11 3 39 9 16 
#50 26 9 48 40 8 11 16 35 23 23 1 7 39 13 
#1 9 10 15 14 50 13 12 27 1 35 8 12 50 12 
#5 29 55 36 3 23 41 24 11 32 8 9 43 3 1 
#13 8 2 29 39 2 13 18 24 10 39 25 37 24 1 
#14 38 39 22 18 23 37 4 24 10 53 5 10 3 8 
#18 27 10 15 34 2 5 23 13 22 33 3 18 51 16 
#21 9 26 48 40 2 54 12 19 23 35 7 43 5 32 
#6 27 6 34 48 10 42 12 44 1 5 19 49 17 55 
#5 16 17 14 20 8 41 35 1 2 38 9 61 13 23 
#10 63 2 29 6 10 13 18 25 10 5 25 13 1 23 
#6 1 22 24 18 23 2 61 4 10 26 5 24 23 53 
#11 28 10 1 24 2 37 23 15 15 6 4 46 18 16 
#21 44 46 3 34 2 31 27 11 15 25 7 15 1 23 
#6 27 21 25 29 17 12 12 0 12 54 19 49 6 55 
#9 66 17 16 20 8 15 35 1 3 22 18 14 11 13 
#10 26 20 31 6 10 54 4 25 4 5 25 13 18 0 
#17 14 22 24 4 3 5 61 4 19 12 2 24 11 35 
#17 1 32 1 21 6 45 12 15 15 32 19 40 18 11 
#0 26 46 6 34 11 35 27 22 55 25 4 8 14 0 
#24 50 10 7 18 52 23 29 0 33 12 5 10 6 12 
#46 8 0 33 12 23 34 34 55 3 11 18 20 11 33 
#25 39 20 17 6 3 14 9 4 4 29 70 24 18 54 
#15 14 17 0 15 56 5 0 9 19 38 13 35 30 35 
#25 21 6 33 15 15 24 12 17 11 32 19 0 40 5 
33 13 44 46 25 15 
24 0 9 28 38 5 
2 56 4 6 57 17 
20 19 43 12 27 49 
30 34 11 14 42 23 
22 32 36 29 7 54 
#Base: 875
#Max: 410
#468571
#Turn 2
#13 24 13 10 1 23 55 22 63 19 39 30 35 24 1 
#5 16 17 14 39 23 41 18 63 2 38 9 61 24 8 
#5 1 17 24 20 8 2 35 4 2 38 9 61 13 23 
#6 26 10 7 27 23 23 61 22 10 12 5 24 33 0 
#24 44 10 3 27 52 12 22 19 55 12 19 10 33 0 
#17 37 6 8 40 21 11 43 23 17 12 13 39 30 11 
#14 37 5 15 34 21 11 43 16 22 14 46 18 3 16 
#15 39 5 5 34 56 21 9 9 22 22 46 35 44 16 
#5 39 27 36 3 56 41 9 9 4 8 9 35 44 1 
#50 29 55 11 3 47 41 38 11 32 26 1 27 3 12 
#24 23 0 33 12 11 34 34 55 3 6 30 20 11 33 
#14 42 6 33 12 23 34 35 55 40 35 16 10 11 33 
#14 9 6 33 14 53 3 38 2 32 35 32 10 3 12 
#25 39 20 15 14 3 14 9 4 4 29 70 24 3 12 
#10 39 18 17 6 10 14 9 4 13 5 19 24 18 23 
#0 50 32 7 4 17 2 61 4 54 25 4 46 6 14 
#26 27 6 34 48 6 2 61 4 15 26 19 46 18 53 
#6 27 9 34 39 10 41 12 30 1 5 65 49 34 23 
#46 16 27 29 39 23 53 24 4 2 22 65 61 34 23 
#6 27 21 5 19 17 53 13 0 16 22 13 49 6 54 
#20 38 3 47 22 47 19 16 2 36 53 4 10 24 6 
#5 38 8 34 48 22 19 12 2 1 53 9 10 34 6 
#11 28 8 14 48 2 41 23 63 11 1 9 61 51 8 
#21 9 39 48 24 2 54 23 63 11 35 46 3 51 32 
#21 26 20 48 40 3 54 12 19 19 29 7 24 18 32 
#25 29 20 16 2 11 14 14 45 3 22 12 54 18 4 
#50 26 9 48 40 11 11 16 45 23 8 12 54 7 4 
#15 26 9 48 40 8 46 16 35 11 23 1 7 44 13 
#15 7 6 16 15 17 46 44 17 19 8 18 43 64 1 
#7 26 6 6 23 17 35 27 24 55 25 25 43 14 1 
#17 24 13 0 1 17 55 64 4 11 39 13 35 31 11 
#9 37 2 20 40 23 11 43 16 17 14 8 3 47 8 
#5 38 17 14 34 6 41 38 1 2 53 9 18 3 23 
#6 1 22 24 19 56 2 9 4 10 26 5 35 44 53 
#5 29 55 36 3 52 23 22 22 55 8 4 43 33 1 
#6 26 9 3 1 2 12 38 19 1 26 1 49 17 55 
#17 23 13 36 2 11 24 64 45 11 12 30 54 30 11 
#46 37 4 33 40 21 34 43 55 17 11 18 39 11 33 
#14 42 5 33 52 53 5 38 2 22 53 16 18 9 16 
#7 39 55 15 19 56 21 38 9 4 22 13 35 44 54 
#25 39 20 36 6 3 14 9 11 4 8 70 24 18 1 
#10 63 9 11 1 47 54 4 25 1 5 1 27 23 12 
#24 50 13 7 2 11 31 12 45 54 25 30 54 7 14 
#26 14 32 24 4 23 34 34 55 15 11 18 20 18 33 
#6 42 6 33 52 10 42 12 2 40 5 16 10 9 55 
#13 16 55 29 14 50 38 24 30 2 1 32 61 3 23 
#25 39 20 17 19 23 14 13 4 16 22 13 24 18 54 
#10 27 21 14 6 10 12 4 25 13 5 19 13 6 23 
#0 50 3 7 34 17 31 16 16 54 25 24 4 39 14 
#20 14 10 24 4 38 19 35 4 10 26 4 46 18 6 
#5 27 6 34 48 22 42 12 7 1 1 9 49 17 1 
#13 16 39 14 24 2 37 23 63 11 29 65 3 34 23 
#46 39 26 48 19 23 54 13 19 16 35 7 24 5 32 
#25 26 20 25 29 17 5 16 0 12 29 19 49 6 55 
#9 26 3 47 12 47 14 16 16 36 33 18 24 39 5 
#24 38 35 36 2 38 19 35 2 10 53 46 10 24 4 
#50 16 9 34 48 8 11 16 35 1 23 1 61 34 1 
#15 28 39 14 24 56 46 23 63 11 29 18 3 51 8 
#21 9 26 20 40 2 4 12 19 19 35 25 43 5 1 
#0 26 46 17 34 11 35 16 23 55 29 70 24 18 0 
48 24 7 0 44 33 
4 20 26 51 56 28 
41 52 34 39 59 30 
36 37 22 18 57 1 
8 42 17 23 16 38 
19 11 15 45 9 55 
#Base: 875
#Max: 468
#534857
#Turn 3
#21 26 20 7 40 3 54 12 16 54 29 7 4 18 32 
#15 39 20 5 34 3 21 12 19 22 29 7 24 18 16 
#13 24 13 5 1 23 21 22 9 22 22 46 35 44 16 
#6 42 13 33 1 10 42 12 63 40 5 30 35 9 1 
#6 42 6 33 52 10 42 9 4 40 26 5 10 44 55 
#20 38 3 47 22 47 19 16 19 55 53 4 10 24 6 
#50 26 3 48 22 11 19 16 2 23 53 4 10 7 6 
#13 16 9 14 24 2 11 16 63 11 8 12 54 7 4 
#13 16 9 14 48 8 37 16 35 11 23 1 3 34 1 
#50 16 6 34 48 17 46 44 35 1 8 18 61 64 1 
#46 63 26 11 1 23 54 13 25 16 5 1 24 5 12 
#5 29 55 36 3 52 23 13 19 55 35 4 43 5 32 
#7 39 55 36 3 52 21 22 22 4 8 4 43 33 54 
#0 26 55 17 34 11 21 38 23 55 22 13 24 44 0 
#17 26 13 0 34 17 35 64 4 11 29 13 24 18 11 
#17 37 4 36 2 11 24 43 55 17 12 30 54 30 11 
#11 28 8 14 48 21 41 43 55 17 1 9 39 51 8 
#46 28 27 14 48 23 41 24 63 2 1 9 61 34 23 
#15 28 27 29 39 56 53 23 63 2 29 18 3 34 23 
#5 28 39 14 24 56 46 23 63 11 29 18 61 51 8 
#24 39 27 7 2 56 41 9 9 4 25 30 35 7 1 
#24 50 9 34 39 10 41 12 45 1 25 65 49 34 23 
#21 27 9 34 24 2 41 23 30 11 5 46 3 34 32 
#21 27 39 34 48 2 54 23 63 11 26 46 3 51 53 
#14 27 6 33 48 6 2 38 2 15 53 19 18 18 53 
#14 42 21 33 12 17 53 35 55 40 35 13 10 6 33 
#0 42 32 7 4 17 2 61 55 40 35 4 46 6 14 
#0 50 32 7 14 17 2 61 30 2 25 4 61 6 14 
#13 29 55 11 3 47 41 38 11 32 26 1 27 3 23 
#24 38 35 11 3 47 19 35 2 32 26 1 27 24 12 
#24 50 3 3 27 17 12 22 16 54 25 24 4 33 14 
#21 38 3 47 22 47 19 12 2 19 29 7 10 18 6 
#15 39 5 5 34 56 11 9 9 22 22 12 35 44 16 
#13 24 39 10 24 23 37 22 63 19 29 30 3 24 1 
#6 42 9 34 48 10 42 16 2 1 5 1 10 34 1 
#6 1 22 24 19 17 2 44 4 10 26 5 43 64 53 
#24 63 10 11 1 47 54 22 25 55 12 19 27 33 0 
#20 38 26 47 22 23 19 16 2 36 35 7 10 5 6 
#5 29 9 36 40 11 11 16 45 55 8 4 54 7 1 
#7 39 55 15 19 56 21 23 9 11 29 65 3 44 54 
#0 16 46 17 34 11 11 16 35 55 23 1 24 18 1 
#15 24 13 0 1 17 46 44 4 19 39 18 35 64 1 
#10 63 9 36 2 47 24 64 45 11 5 1 27 23 12 
#46 37 4 33 40 23 54 43 19 17 11 7 24 11 32 
#5 29 55 36 48 52 41 22 22 55 8 4 43 51 1 
#7 39 27 15 19 23 21 24 9 4 22 65 61 44 23 
#0 26 46 17 24 56 46 23 23 55 29 18 3 18 0 
#17 24 17 0 1 17 55 64 63 11 38 13 35 31 8 
#17 23 27 36 3 11 24 64 9 4 12 30 54 44 11 
#46 50 4 33 40 11 31 43 55 17 25 30 39 7 14 
#6 28 9 14 39 2 41 12 63 11 1 9 61 51 8 
#21 16 27 29 24 2 53 24 4 11 22 46 3 51 32 
#15 28 39 34 48 6 2 61 63 15 29 19 46 18 8 
#14 42 17 33 39 53 41 18 63 22 38 16 61 9 16 
#6 39 21 36 3 56 53 13 0 16 8 9 49 44 54 
#24 42 6 33 12 23 34 12 55 54 35 16 54 11 14 
#0 50 9 34 4 17 2 12 30 1 25 65 46 34 14 
#13 9 55 48 24 50 38 23 30 2 1 32 61 3 32 
#50 27 6 34 48 47 41 61 11 15 26 19 46 3 12 
#24 42 35 36 2 53 19 35 2 22 53 16 10 24 4 
59 56 25 55 16 27 
15 13 50 21 12 5 
48 45 17 53 39 26 
47 58 9 23 44 18 
43 11 54 19 52 36 
35 4 42 57 49 46 
#Base: 875
#Max: 501
#572571
#Turn 4
#24 50 9 34 4 53 2 12 30 1 53 16 46 24 4 
#0 42 21 34 4 17 2 35 55 40 25 13 46 34 14 
#14 42 6 33 12 17 34 12 55 54 35 13 54 6 14 
#11 42 6 33 48 23 34 12 55 17 35 9 54 11 8 
#0 28 8 7 14 17 41 43 55 17 25 4 61 6 14 
#0 37 4 36 2 11 24 38 55 55 22 30 54 30 11 
#6 28 55 14 34 2 41 38 23 11 1 13 61 44 0 
#24 50 9 34 39 10 41 12 63 1 25 65 49 51 23 
#7 39 55 34 3 52 41 22 45 1 25 65 49 34 23 
#7 38 3 47 22 47 21 22 22 55 53 4 10 33 54 
#17 39 27 15 3 11 24 24 9 4 22 30 54 44 23 
#7 28 27 14 48 23 21 24 9 2 1 65 61 34 23 
#46 28 17 33 48 53 41 24 63 22 38 16 61 9 23 
#14 42 17 15 19 53 21 23 63 11 38 16 61 44 54 
#7 39 32 7 19 56 21 23 9 11 29 4 3 6 54 
#50 24 17 34 1 17 55 64 11 15 26 13 35 31 12 
#50 16 6 34 48 17 46 44 11 1 26 19 46 3 1 
#50 27 39 34 48 2 54 23 63 1 8 18 3 64 53 
#21 29 39 36 48 2 41 22 22 11 8 4 43 51 1 
#15 29 55 36 39 56 53 22 63 55 29 4 3 51 23 
#5 29 55 36 40 52 23 43 19 17 11 7 43 11 32 
#5 29 21 36 3 56 53 13 0 55 8 4 49 44 54 
#5 39 21 36 24 56 53 23 0 16 29 9 49 44 54 
#5 28 39 14 24 6 2 61 63 11 29 18 46 51 8 
#24 63 39 11 48 47 54 22 63 15 12 19 27 18 0 
#6 42 6 33 19 10 42 44 4 10 26 5 43 44 55 
#6 42 9 36 2 47 24 64 45 11 26 5 10 44 55 
#10 63 55 48 2 50 24 23 45 11 5 32 27 3 32 
#46 9 4 33 24 11 38 43 30 2 1 32 39 7 32 
#0 26 4 17 40 11 31 23 55 17 25 18 3 7 0 
#17 37 4 36 2 11 19 35 55 22 12 30 54 24 11 
#0 26 9 34 4 17 2 12 23 55 22 13 46 44 0 
#14 42 9 14 39 2 41 12 63 11 35 13 10 6 33 
#24 42 9 34 12 23 34 12 55 1 35 65 49 11 14 
#11 39 55 36 3 21 21 43 55 17 1 9 39 51 8 
#20 38 3 47 22 47 2 16 19 55 53 4 61 6 14 
#17 23 4 36 2 11 24 43 9 17 12 30 54 30 11 
#0 39 55 17 19 23 21 38 9 4 22 13 61 44 23 
#6 28 9 14 48 23 41 24 63 2 1 9 61 34 8 
#24 42 9 33 39 53 41 18 63 22 25 16 61 9 23 
#7 39 55 15 3 56 21 23 22 4 8 4 43 44 54 
#20 38 3 47 4 47 19 61 55 55 35 4 10 24 6 
#17 24 27 0 1 17 55 64 9 4 38 30 54 44 8 
#50 27 27 15 19 23 21 61 11 15 26 65 61 3 12 
#50 28 6 34 48 17 46 24 35 2 8 18 61 64 23 
#14 27 39 34 39 53 54 18 63 11 38 16 3 51 53 
#7 29 55 36 19 52 21 22 9 55 8 4 43 44 54 
#0 28 27 29 39 17 2 23 63 40 35 4 3 34 23 
#46 24 17 0 1 17 55 64 19 11 11 13 35 31 8 
#50 27 6 36 48 47 23 13 19 55 35 4 46 3 12 
#50 39 6 34 3 56 53 13 35 1 8 18 49 44 1 
#21 28 39 34 24 56 54 23 63 11 26 18 61 51 53 
#15 29 39 36 48 6 2 61 22 55 8 19 43 51 8 
#15 63 27 11 39 47 54 23 63 2 29 19 3 33 0 
#46 1 22 33 19 17 2 43 19 17 26 5 43 64 32 
#5 29 55 36 3 52 42 9 19 40 26 4 43 5 32 
#10 63 9 36 3 56 53 13 45 16 5 1 27 23 12 
#13 28 39 14 24 56 38 23 63 11 1 18 61 3 32 
#15 28 39 34 40 6 2 43 63 17 29 19 39 7 8 
#24 63 10 11 1 47 54 22 23 55 29 19 27 18 0 
2 15 33 26 35 59 
20 40 57 8 27 42 
34 9 13 12 7 50 
22 24 45 51 17 46 
5 43 21 19 44 52 
11 23 41 39 53 49 
#Base: 875
#Max: 562
#642286
#Turn 5
#50 24 17 34 1 17 34 64 55 54 26 13 35 31 14 
#24 24 9 34 12 17 34 12 55 15 26 13 35 31 12 
#24 42 9 34 2 47 34 12 45 11 35 5 49 11 55 
#20 38 9 36 2 47 2 64 45 55 53 5 10 6 55 
#20 38 10 47 1 47 54 22 19 55 29 4 61 18 14 
#5 39 55 15 3 52 21 23 19 4 11 7 43 11 32 
#7 28 39 15 3 56 38 23 22 4 1 4 43 3 54 
#13 28 39 14 3 56 41 22 45 1 25 65 61 3 32 
#7 39 55 34 3 52 24 23 45 1 5 32 27 34 32 
#17 24 27 48 2 17 24 64 9 11 5 30 54 44 8 
#11 38 3 47 22 21 21 43 55 17 1 9 39 51 54 
#14 42 3 47 19 47 21 23 63 55 38 16 61 44 54 
#14 28 17 33 48 53 21 24 63 11 38 16 61 44 23 
#24 28 9 34 39 53 41 24 63 1 38 65 61 9 23 
#50 39 6 34 3 56 53 13 35 1 8 65 49 51 23 
#5 39 39 11 48 47 53 22 0 16 12 19 49 44 54 
#24 27 39 11 39 53 54 22 63 11 12 16 27 51 53 
#14 27 39 34 39 56 54 23 63 11 26 16 61 51 53 
#50 27 39 34 24 56 54 23 63 1 8 18 61 64 53 
#7 29 55 34 48 52 54 23 9 1 8 18 43 44 54 
#0 27 27 36 2 11 24 38 11 15 22 65 54 3 12 
#5 27 27 36 19 56 21 13 11 15 8 4 61 44 54 
#5 29 21 36 39 56 53 22 63 55 29 4 3 44 54 
#15 28 55 34 48 56 53 24 35 2 8 18 61 51 23 
#50 28 6 36 48 6 46 61 22 55 8 19 43 51 8 
#5 28 39 14 48 6 2 61 63 2 1 18 46 34 23 
#20 38 39 47 24 6 2 61 55 11 29 4 46 24 8 
#24 42 9 47 39 53 41 18 63 55 25 16 61 9 6 
#15 63 9 11 39 47 54 18 63 2 29 16 3 33 23 
#50 63 6 36 39 47 23 13 63 2 29 4 46 3 0 
#14 29 6 33 12 17 23 12 19 17 11 7 43 6 32 
#50 24 55 34 1 17 55 23 22 4 26 4 35 44 12 
#13 42 39 14 12 56 34 23 55 11 1 65 49 3 32 
#6 39 55 36 2 52 41 22 45 1 26 65 10 44 55 
#10 63 55 48 22 50 2 23 45 55 5 4 27 3 32 
#24 63 27 0 1 17 55 64 23 55 29 19 27 18 8 
#5 29 55 36 3 52 23 43 55 17 1 7 43 11 32 
#7 38 3 47 3 56 21 23 22 4 53 4 43 44 54 
#13 28 39 15 19 53 38 23 63 11 38 18 61 44 54 
#46 39 55 34 3 53 41 22 63 22 25 65 49 34 23 
#10 50 9 48 2 50 24 12 45 1 25 32 27 3 23 
#17 39 6 0 1 17 53 64 9 4 8 18 54 44 8 
#5 39 55 36 3 56 21 23 0 16 29 9 49 44 8 
#7 38 3 11 22 47 21 22 63 15 12 19 10 18 0 
#14 42 39 34 19 53 21 23 63 11 38 16 61 44 53 
#21 28 39 34 24 56 54 24 63 11 38 18 61 51 53 
#24 27 9 34 48 2 54 12 63 1 25 65 3 51 23 
#50 39 6 36 19 52 53 13 35 1 8 18 43 44 1 
#0 39 21 36 24 11 24 23 0 16 29 9 49 30 54 
#50 63 39 15 19 23 21 22 63 15 26 19 27 18 12 
#14 27 39 36 39 53 53 18 63 55 38 16 3 51 54 
#21 28 39 36 39 56 54 22 63 55 29 18 61 51 53 
#50 27 39 34 48 2 46 24 63 1 8 18 3 64 23 
#7 29 55 36 48 6 2 22 22 55 8 19 43 51 8 
#7 37 4 14 2 23 24 24 9 2 22 65 61 30 23 
#5 28 39 15 24 6 2 61 63 11 26 18 46 3 12 
#20 38 21 47 3 47 53 61 0 55 8 4 49 44 54 
#15 42 9 36 39 56 41 18 63 22 25 4 3 9 23 
#50 63 27 11 48 17 54 24 35 2 8 19 3 33 23 
#15 29 39 36 48 47 23 61 19 55 8 4 46 3 12 
47 37 0 19 46 4 
28 59 52 11 12 15 
29 3 56 17 50 34 
23 22 45 51 39 33 
35 24 27 18 44 14 
10 7 16 13 38 32 
#Base: 875
#Max: 625
#714286
#Turn 6
#50 38 6 47 19 52 53 13 35 4 8 4 43 44 1 
#50 38 3 34 1 17 21 23 22 54 53 4 35 44 54 
#50 29 17 34 48 52 54 64 55 1 26 18 43 44 14 
#7 27 55 34 48 52 54 23 63 1 25 65 43 51 23 
#20 27 9 47 48 47 54 12 63 55 25 65 61 18 14 
#15 29 39 36 39 47 54 18 19 2 8 16 46 33 23 
#50 29 39 34 48 2 23 24 63 55 8 18 46 3 23 
#50 27 3 34 19 47 21 23 63 55 38 16 61 64 54 
#14 28 17 33 48 47 21 23 63 11 38 16 61 44 54 
#14 28 17 33 48 53 21 22 0 16 12 16 49 44 23 
#20 63 6 36 39 47 23 13 45 2 53 4 46 6 55 
#20 38 21 36 2 47 53 64 0 55 8 5 10 6 54 
#14 27 21 34 3 47 54 23 0 55 26 16 49 44 54 
#14 27 39 34 39 56 54 23 63 55 38 16 3 51 54 
#14 27 39 36 22 53 53 18 63 55 38 16 3 51 32 
#15 29 21 36 39 56 53 22 63 55 29 4 3 44 54 
#5 28 21 34 24 56 54 22 63 11 29 4 3 51 54 
#21 28 39 36 24 56 54 22 63 11 29 18 61 51 53 
#46 28 55 36 39 56 41 22 63 22 25 18 49 34 53 
#46 39 55 36 3 52 41 22 63 1 25 65 49 44 23 
#24 63 27 36 1 6 55 64 22 55 29 19 43 18 8 
#50 28 9 36 48 6 41 61 22 55 25 16 43 51 6 
#50 27 39 34 24 53 41 18 63 1 25 18 61 9 6 
#50 42 39 34 24 56 21 23 63 11 8 16 61 64 53 
#50 42 6 34 3 53 53 13 35 1 38 65 49 44 53 
#13 28 39 14 3 21 41 22 55 17 25 65 39 51 54 
#13 27 39 14 3 53 41 22 63 1 12 16 27 3 53 
#24 28 39 11 39 53 41 24 63 11 12 16 27 9 53 
#13 28 39 34 39 53 41 24 63 11 38 18 61 9 23 
#13 28 39 14 12 53 34 23 63 11 38 65 49 3 32 
#15 39 9 11 39 47 53 18 63 2 8 16 43 33 1 
#15 38 3 47 48 56 23 23 22 4 53 4 43 3 54 
#50 24 17 34 48 2 34 64 55 1 26 18 35 64 23 
#7 29 3 47 19 52 21 23 9 55 38 16 61 44 54 
#14 28 9 33 48 2 21 12 63 1 25 16 61 51 23 
#20 39 10 11 1 47 54 22 0 55 29 4 49 44 14 
#50 63 9 11 39 47 23 13 63 2 29 16 46 3 0 
#15 29 39 36 48 47 23 61 45 55 53 5 10 3 12 
#50 38 21 34 48 2 46 61 63 55 8 4 49 44 54 
#14 27 3 47 19 47 21 23 63 55 38 16 61 44 53 
#14 27 17 33 39 53 53 24 63 11 38 16 61 44 54 
#5 39 39 11 22 47 53 22 45 55 5 4 27 3 32 
#15 63 6 36 39 47 53 24 63 2 8 18 61 51 23 
#20 38 21 36 39 47 2 64 63 55 53 5 10 44 55 
#20 28 39 47 3 56 53 24 0 55 8 18 61 44 54 
#21 28 39 34 39 56 54 23 63 11 29 18 61 51 53 
#14 27 39 34 3 53 41 22 63 22 38 16 49 34 23 
#6 39 55 36 22 52 2 23 45 1 26 4 27 44 32 
#15 28 55 0 1 56 55 64 23 2 8 18 27 18 8 
#5 29 21 36 39 6 53 61 22 55 8 4 43 51 54 
#21 42 9 34 39 56 54 18 63 55 25 18 61 9 6 
#21 28 39 36 24 56 54 22 63 1 8 18 61 64 53 
#14 39 39 34 19 53 21 22 63 11 25 65 49 34 53 
#6 39 6 36 2 56 53 13 45 1 26 65 49 51 23 
#11 63 27 0 1 17 55 43 23 17 1 19 39 51 8 
#13 28 6 14 48 56 46 22 22 55 25 19 43 51 32 
#24 27 9 47 39 53 41 22 63 11 25 16 27 9 6 
#50 28 9 34 39 53 54 24 63 1 38 65 61 64 53 
#13 42 39 34 19 53 38 23 63 11 38 16 61 44 53 
#50 39 6 34 3 56 34 23 35 11 8 65 49 3 32 
22 29 32 39 50 25 
33 28 44 4 15 49 
53 42 19 45 18 14 
24 23 3 57 7 17 
37 52 51 38 13 40 
20 8 58 43 2 21 
#Base: 875
#Max: 636
#726857
#Turn 7
#50 28 39 14 12 53 41 18 63 1 38 65 61 3 32 
#13 28 17 34 12 2 34 23 55 1 26 65 49 64 23 
#50 24 3 34 19 47 34 64 55 1 26 18 61 44 23 
#14 42 3 34 19 47 21 23 63 55 25 16 61 9 53 
#21 42 9 14 39 21 54 22 55 17 25 18 39 9 54 
#7 28 39 47 19 53 21 24 63 55 38 16 61 44 23 
#13 28 39 47 39 53 41 24 0 55 38 18 61 9 23 
#20 27 39 47 48 56 53 12 63 55 8 18 61 18 54 
#20 27 9 47 48 47 53 12 63 55 25 4 3 18 54 
#5 29 21 36 39 6 53 22 63 55 8 4 43 44 54 
#15 39 6 36 39 47 53 24 45 2 8 18 61 51 23 
#15 63 6 36 3 47 53 24 63 1 8 18 49 44 23 
#46 28 39 36 39 52 54 23 63 11 25 18 49 51 53 
#21 28 55 36 39 56 54 23 63 11 29 18 61 34 53 
#14 27 39 36 39 56 41 22 63 55 25 16 3 51 53 
#50 42 39 34 3 56 21 23 35 1 38 16 61 44 53 
#7 27 39 34 24 56 21 23 63 11 8 65 61 64 23 
#50 27 9 34 48 52 54 24 63 1 38 65 43 51 23 
#50 28 3 34 19 53 54 23 63 55 38 16 61 64 54 
#50 27 3 34 24 56 21 22 63 11 38 16 61 51 54 
#15 39 39 34 19 53 23 61 45 55 53 65 49 3 12 
#21 28 39 36 19 53 21 22 63 1 25 65 61 64 53 
#21 28 21 34 24 2 54 61 63 55 8 18 49 64 54 
#50 27 39 34 48 2 46 61 63 55 8 16 3 44 54 
#14 27 17 33 39 53 54 23 63 11 38 16 61 44 54 
#14 63 27 33 48 47 21 64 22 11 38 16 43 44 8 
#14 42 39 34 48 53 38 23 63 11 38 16 61 44 54 
#13 42 21 34 19 47 38 64 63 55 53 5 61 44 55 
#50 29 17 36 39 47 54 64 63 55 26 18 43 44 55 
#50 28 17 34 48 52 41 64 55 55 25 16 43 44 6 
#7 29 39 34 24 53 21 18 63 1 38 16 61 9 6 
#13 28 39 14 39 53 34 23 63 11 38 65 61 9 32 
#20 24 17 34 48 56 34 24 0 55 26 18 61 44 23 
#20 27 3 47 48 47 54 12 63 55 25 65 61 18 53 
#15 29 21 36 39 56 54 22 63 55 29 18 3 44 54 
#5 28 21 36 3 21 41 61 22 55 25 65 43 51 54 
#7 39 6 47 2 52 53 13 45 1 38 65 49 51 23 
#15 28 39 36 39 47 41 24 63 11 38 18 61 51 23 
#46 39 39 47 3 56 41 24 0 55 8 65 49 44 54 
#21 28 39 47 39 56 54 23 63 11 29 65 61 51 14 
#46 29 55 36 39 56 41 22 63 22 29 4 3 44 53 
#14 29 21 36 22 53 53 61 63 55 38 16 43 51 32 
#6 42 6 34 2 53 53 13 35 1 26 65 49 44 23 
#15 63 39 36 39 47 21 24 63 2 8 16 61 51 23 
#46 39 55 34 48 52 41 23 63 1 25 65 49 51 23 
#50 28 39 34 39 53 54 23 63 11 38 18 61 51 53 
#46 27 55 34 19 47 41 22 63 22 25 18 61 34 54 
#21 28 39 36 24 53 53 18 63 55 29 16 3 51 32 
#50 29 6 36 3 53 53 61 35 1 38 65 49 44 53 
#14 39 39 34 19 53 21 22 63 11 8 16 49 34 53 
#21 28 55 36 48 56 54 23 63 1 8 18 61 64 53 
#50 28 9 34 39 2 46 61 63 1 8 65 61 64 54 
#14 27 3 34 39 47 21 23 63 55 38 16 3 51 54 
#21 27 17 33 39 56 54 24 63 11 38 18 61 44 53 
#15 63 39 36 1 47 55 64 45 55 53 19 43 3 12 
#14 28 17 34 48 47 21 22 63 11 25 65 49 44 53 
#21 42 39 36 19 56 38 22 63 1 8 18 61 64 53 
#20 38 21 36 48 47 2 61 63 55 53 4 10 44 54 
#50 27 39 34 48 56 54 64 55 1 26 16 3 44 14 
#50 28 9 36 39 53 53 61 22 55 38 16 43 51 6 
35 58 23 26 59 55 
34 40 46 39 20 56 
24 57 51 45 33 22 
7 50 44 28 27 41 
14 21 12 18 17 38 
5 54 29 48 13 53 
#Base: 875
#Max: 640
#731429
#Turn 8
#50 27 21 34 3 21 41 61 55 55 26 65 43 51 54 
#50 27 39 34 48 2 46 64 63 1 26 16 3 44 54 
#14 42 39 34 48 2 38 23 63 55 38 16 3 44 54 
#50 28 39 34 39 53 53 23 63 11 38 16 43 51 6 
#50 28 9 34 48 47 53 61 63 55 25 65 49 51 53 
#15 29 55 36 39 56 41 22 63 55 29 4 3 44 53 
#46 29 55 36 19 47 41 22 63 22 25 4 61 44 53 
#46 28 55 47 19 56 54 22 63 22 29 65 61 34 54 
#21 28 39 34 19 53 54 23 63 55 29 65 49 51 14 
#15 39 39 34 19 53 38 22 63 1 53 65 61 3 12 
#14 38 21 36 39 53 2 23 63 11 38 4 61 44 54 
#50 28 21 36 39 2 46 61 63 1 53 4 61 64 54 
#50 28 9 34 39 2 46 23 63 11 38 18 61 51 53 
#20 27 39 34 39 47 54 23 63 55 38 65 61 51 53 
#20 27 3 47 24 47 54 61 63 55 8 18 49 64 54 
#21 27 39 36 48 56 54 12 63 55 8 18 61 64 53 
#46 39 55 34 48 52 41 23 63 1 25 18 49 51 53 
#50 39 55 36 39 52 54 23 63 1 25 65 43 44 23 
#50 29 21 36 19 47 54 64 63 55 53 5 43 44 55 
#14 42 21 36 22 53 38 61 63 55 38 5 43 44 55 
#14 28 39 36 39 53 21 22 63 1 25 16 61 64 53 
#46 28 39 36 19 52 54 23 63 1 25 65 49 51 53 
#46 28 3 34 39 52 54 23 63 11 25 16 49 51 54 
#50 27 3 34 48 52 54 23 63 55 38 16 61 51 23 
#50 27 9 47 48 56 41 24 0 55 38 65 43 51 23 
#15 63 39 36 19 47 55 64 63 55 53 19 43 3 23 
#50 28 17 34 1 47 55 64 55 55 53 16 43 44 12 
#50 28 17 36 48 53 53 64 35 1 25 65 43 44 6 
#21 28 6 36 39 56 54 61 35 11 29 18 49 44 53 
#21 28 55 33 39 56 54 24 63 11 38 18 61 34 53 
#5 29 21 36 3 21 41 22 63 55 25 65 3 44 54 
#50 29 39 36 48 56 54 64 63 1 29 4 3 44 14 
#46 27 55 34 48 2 41 61 63 55 25 18 3 34 54 
#21 42 39 47 39 56 38 23 63 11 38 16 61 51 14 
#15 28 39 34 19 53 23 61 22 55 38 16 43 3 12 
#21 28 17 36 48 56 21 22 63 11 25 65 61 64 53 
#15 27 17 36 39 53 54 22 63 11 29 18 3 44 54 
#20 38 55 36 39 47 41 61 63 55 53 4 10 44 53 
#50 28 55 34 19 2 41 61 63 22 8 65 61 34 54 
#21 28 39 34 39 53 54 23 63 11 29 65 61 51 14 
#15 27 39 34 48 47 54 61 63 55 53 65 49 3 12 
#21 28 39 34 24 2 54 61 63 55 8 18 49 64 54 
#20 27 39 33 39 56 54 12 63 55 38 16 61 18 54 
#20 28 21 36 48 47 2 61 63 55 8 18 10 64 54 
#50 39 9 34 48 52 46 61 63 1 25 65 61 64 23 
#50 28 39 36 39 47 54 64 63 55 26 18 43 51 53 
#20 27 21 34 19 47 38 12 63 55 53 65 61 18 55 
#21 29 21 34 22 53 53 61 63 55 8 18 43 51 54 
#20 27 39 36 39 56 53 22 63 55 8 16 61 18 54 
#21 28 39 36 19 53 21 22 63 1 25 65 61 64 53 
#46 39 55 36 39 52 54 23 63 1 25 18 49 51 53 
#50 28 3 34 39 47 54 64 63 55 26 18 43 44 55 
#13 27 9 34 19 47 54 64 63 55 38 65 61 51 55 
#14 39 39 36 22 56 53 24 63 55 8 16 49 51 32 
#14 27 39 36 39 53 21 24 63 55 38 16 3 44 23 
#21 63 39 36 1 53 55 22 45 55 25 19 61 64 53 
#50 28 17 34 48 52 41 64 55 55 25 18 43 51 53 
#50 28 6 36 3 53 54 23 63 1 38 65 61 64 53 
#50 27 9 34 39 56 54 23 63 11 38 65 43 51 53 
#21 27 17 33 3 56 54 24 63 55 8 65 49 44 54 
41 24 35 23 8 39 
11 47 25 18 57 46 
29 16 56 7 44 38 
17 40 52 4 45 58 
42 50 15 13 51 0 
26 14 21 37 55 19 
#Base: 875
#Max: 691
#789714
#Turn 9
#50 28 9 34 24 2 41 61 63 55 38 65 43 51 54 
#50 27 9 47 48 56 41 24 0 11 25 65 61 51 23 
#50 28 17 36 48 56 54 23 63 11 38 16 61 64 23 
#21 28 39 34 19 52 54 23 63 55 29 65 61 51 14 
#21 28 39 34 39 53 54 23 63 55 29 65 49 51 14 
#21 28 21 36 39 2 46 61 63 55 8 18 43 64 54 
#15 29 39 36 22 53 55 64 63 55 53 19 43 51 54 
#50 29 21 36 19 47 55 64 63 55 53 5 43 44 23 
#50 29 21 36 3 47 54 64 63 1 38 5 43 44 55 
#20 28 21 36 19 53 38 23 63 1 53 65 61 64 55 
#46 39 55 33 39 56 54 24 63 1 25 18 61 51 53 
#46 28 55 34 48 52 41 64 55 55 25 18 43 51 53 
#50 28 17 34 48 52 54 22 55 55 25 65 61 34 54 
#46 39 9 47 48 56 46 61 63 22 25 65 61 64 54 
#50 28 9 34 48 52 46 61 63 1 8 65 61 34 54 
#15 39 55 34 39 52 54 23 63 55 25 65 49 44 23 
#13 27 9 34 19 47 54 64 63 55 38 65 49 51 55 
#13 27 9 34 19 47 53 64 63 55 38 65 61 51 55 
#50 28 39 36 48 47 53 61 63 55 26 65 43 51 53 
#50 27 9 36 39 47 54 64 63 55 26 18 43 51 53 
#46 39 55 36 39 52 54 12 63 55 38 16 49 51 54 
#46 27 39 36 48 52 54 12 63 55 25 18 61 64 53 
#21 27 39 36 39 56 54 23 63 55 8 65 61 64 53 
#20 27 3 34 39 47 54 64 63 55 26 18 43 44 55 
#50 28 3 34 39 21 41 64 55 55 26 65 43 44 55 
#20 28 3 47 24 47 55 64 55 55 53 16 43 64 54 
#46 27 3 36 24 52 54 61 63 1 8 18 49 64 53 
#46 28 39 36 39 52 41 61 63 1 53 4 49 44 53 
#21 38 55 36 39 47 55 22 63 55 25 4 10 64 53 
#14 42 39 36 22 53 55 22 45 55 25 5 61 64 53 
#21 28 39 34 39 2 46 61 63 1 53 18 61 64 54 
#50 27 9 34 22 56 41 61 63 55 8 18 43 51 54 
#21 28 17 36 19 47 55 64 63 11 53 19 43 64 53 
#50 29 3 34 19 47 54 64 63 55 53 16 61 51 55 
#50 28 39 36 19 53 54 23 63 1 29 65 49 64 53 
#21 27 39 34 19 53 38 23 63 11 53 65 61 18 55 
#21 28 21 36 39 2 54 61 63 11 38 18 61 34 54 
#46 29 55 34 48 52 41 23 63 55 25 18 49 51 53 
#50 28 39 36 19 47 55 64 55 55 53 19 43 51 53 
#50 28 21 47 19 56 54 64 63 22 53 65 43 34 54 
#50 28 9 34 48 52 46 23 63 1 25 65 61 64 53 
#20 28 21 34 19 2 38 12 63 55 53 65 61 34 54 
#21 28 55 36 39 52 54 23 63 11 25 18 61 34 23 
#46 39 39 34 48 52 54 61 63 1 25 65 49 3 12 
#50 27 17 34 48 47 54 64 63 55 25 65 43 51 53 
#50 28 9 47 48 47 53 22 63 55 29 65 49 34 54 
#50 39 39 36 48 47 54 61 63 55 26 18 61 51 53 
#50 27 55 34 39 56 54 61 63 22 8 65 61 34 53 
#20 27 55 36 39 56 54 12 63 55 38 16 61 18 54 
#46 39 55 34 39 52 54 61 63 55 53 18 49 3 53 
#21 27 9 36 19 56 54 12 63 55 8 18 61 51 55 
#50 27 9 34 39 47 53 23 63 55 38 65 61 51 53 
#50 28 39 34 39 47 54 64 63 55 26 18 43 44 53 
#50 27 21 34 39 56 41 23 55 11 38 65 43 51 53 
#20 27 39 34 39 47 54 64 63 55 38 16 43 44 54 
#46 39 55 36 39 47 54 23 63 55 8 18 49 51 54 
#46 27 39 36 48 56 54 23 63 55 8 65 49 64 53 
#20 38 39 34 39 47 54 61 63 55 38 65 61 44 53 
#50 63 39 34 39 53 54 22 45 55 26 19 43 44 53 
#50 42 21 34 22 53 38 61 55 55 38 5 43 51 55 
0 10 55 6 54 4 
34 25 37 47 17 19 
59 33 39 44 56 58 
20 11 13 18 46 51 
24 21 52 57 38 12 
40 16 45 49 22 15 
#Base: 875
#Max: 718
#820571
#46 39 55 34 24 56 54 24 63 55 38 18 61 51 53 
#46 39 55 33 39 47 54 24 63 55 25 18 49 51 53 
#15 39 39 36 39 47 54 64 63 55 53 19 43 51 54 
#15 27 39 34 22 53 55 64 63 55 53 19 43 51 54 
#20 27 39 34 39 47 54 23 63 55 38 65 43 44 54 
#50 28 3 36 19 53 55 23 63 55 29 16 49 64 54 
#20 29 55 34 24 47 55 64 63 55 25 16 49 51 54 
#46 27 55 34 48 52 54 23 63 55 8 18 49 34 53 
#13 27 9 34 39 47 53 64 63 22 8 65 61 51 55 
#13 27 9 34 19 47 54 64 63 55 26 18 43 51 55 
#50 29 3 34 22 53 54 61 63 55 53 16 61 51 55 
#50 29 21 34 19 47 54 64 63 55 53 16 61 34 55 
#50 28 21 34 19 47 54 64 63 22 25 65 43 34 54 
#50 27 39 34 48 56 54 64 63 55 8 65 49 64 53 
#50 27 39 36 39 56 54 22 63 55 26 65 49 64 53 
#46 28 55 36 48 52 54 12 63 55 38 18 49 51 54 
#46 28 9 47 48 56 46 64 55 55 25 65 43 64 54 
#50 28 9 47 48 56 46 61 63 55 26 65 61 51 53 
#50 39 39 36 48 47 54 61 63 55 26 18 61 51 53 
#50 39 39 36 39 47 54 61 63 55 38 18 61 51 53 
#50 28 3 36 39 52 41 12 55 55 26 65 61 44 53 
#46 27 39 34 39 47 54 64 63 55 25 18 61 44 53 
#20 28 39 34 39 47 54 61 63 55 38 65 61 44 53 
#50 28 39 36 19 47 55 64 55 55 38 19 43 51 53 
#50 28 39 36 48 47 55 64 55 55 53 65 61 34 53 
#13 27 9 34 48 47 54 64 63 1 38 65 49 64 55 
#13 28 9 47 48 47 54 22 63 55 29 65 49 51 54 
#50 39 9 34 39 52 54 61 63 55 53 18 49 3 53 
#46 27 55 34 39 52 54 23 63 55 8 18 61 3 53 
#21 27 55 36 39 56 54 23 63 55 8 65 61 44 23 
#50 28 39 36 24 53 54 61 63 55 29 65 49 51 53 
#46 39 3 47 24 56 55 24 55 55 25 16 61 51 53 
#46 39 55 36 39 47 41 23 63 55 25 18 49 51 53 
#50 27 39 34 22 56 54 64 63 22 8 19 61 34 54 
#20 27 39 34 39 47 53 64 63 55 38 16 43 51 55 
#50 28 39 34 39 53 54 23 63 55 26 18 43 51 14 
#50 42 21 34 19 53 54 61 55 55 29 65 49 51 55 
#20 29 3 34 24 47 55 64 63 55 53 16 61 64 54 
#46 29 55 34 48 56 54 64 63 55 25 65 43 34 54 
#50 27 17 34 48 56 54 64 63 22 25 65 61 51 53 
#13 27 39 36 48 47 54 23 63 55 8 65 49 51 55 
#50 27 9 34 39 53 54 22 45 55 26 19 43 51 53 
#46 39 21 36 22 52 54 12 63 55 38 16 43 51 54 
#46 29 3 34 19 47 54 64 55 55 25 16 61 51 55 
#46 28 9 47 19 56 46 61 63 22 25 65 61 34 54 
#50 28 39 34 48 47 54 61 63 55 26 65 43 51 53 
#50 27 39 36 48 47 54 23 63 55 26 65 61 64 53 
#50 27 9 34 39 47 53 22 63 55 26 65 43 44 53 
#46 28 3 36 39 52 41 12 63 55 26 65 43 51 55 
#46 28 55 36 48 52 41 12 55 55 25 18 43 64 53 
#50 28 39 47 39 47 46 61 63 22 26 18 61 44 53 
#20 38 39 36 48 47 54 61 63 55 38 65 61 51 53 
#50 28 39 36 48 47 55 64 55 55 53 19 61 51 53 
#50 28 17 34 48 52 53 23 55 55 38 65 61 34 54 
#50 28 3 34 39 21 41 23 63 1 26 65 61 64 55 
#46 27 9 36 48 52 54 64 63 55 25 18 61 64 55 
#50 28 9 47 48 47 54 22 63 55 29 65 43 34 54 
#46 38 55 34 39 52 54 61 63 55 53 18 49 44 53 
#21 28 39 36 39 56 54 23 63 55 53 65 61 51 53 
#50 39 55 34 48 52 54 22 63 55 25 65 49 34 23 
#Base: 875
#Max: 743
#849143
