#[0] 3, 3
#[1] 4, 3
#[2] 3, 4
#[3] 3, 2
#[4] 2, 3
#[5] 2, 4
#[6] 1, 3
#[7] 2, 2
#[8] 3, 1
#[9] 4, 4
#[10] 5, 3
#[11] 3, 5
#[12] 4, 2
#[13] 3, 0
#[14] 5, 4
#[15] 4, 5
#[16] 5, 2
#[17] 4, 1
#[18] 0, 3
#[19] 1, 4
#[20] 2, 1
#[21] 1, 2
#[22] 2, 5
#[23] 0, 4
#[24] 5, 1
#[25] 0, 2
#[26] 5, 5
#[27] 1, 5
#[28] 2, 0
#[29] 1, 1
#[30] 4, 0
#[31] 0, 5
#[32] 1, 0
#[33] 0, 1
#[34] 5, 0
#[35] 0, 0
#Turn 0
21 12 52 27 40 17 
39 14 57 9 49 4 
25 23 16 43 29 53 
47 45 8 3 50 46 
0 54 13 20 15 55 
6 7 24 58 10 37 
#Base: 953
#Max: 357
#374607
#Turn 1
#41 32 34 16 5 19 4 30 27 1 6 1 30 16 23 
#33 3 34 16 30 11 4 15 27 1 23 28 39 21 7 
#15 58 12 9 30 11 1 15 59 15 23 3 39 20 34 
#15 8 7 9 18 3 36 2 6 13 38 3 58 20 11 
#31 36 31 23 18 23 13 33 24 7 2 3 58 12 18 
#14 23 19 11 22 14 1 32 21 13 26 46 42 13 6 
#14 9 29 14 31 14 21 15 21 22 4 54 6 30 14 
#42 9 29 29 45 15 1 15 16 8 4 18 5 55 3 
#13 27 25 30 13 15 21 52 16 8 10 31 38 64 9 
#7 29 4 30 40 50 42 9 12 4 34 31 27 19 25 
#24 12 5 12 2 0 23 35 48 0 13 15 29 13 3 
#24 44 5 10 4 11 18 23 34 0 5 6 29 1 10 
#3 29 23 10 9 27 28 7 28 17 41 6 7 8 3 
#16 7 11 18 9 27 28 7 28 12 2 7 26 8 22 
#35 19 36 2 32 52 12 2 13 12 2 4 20 30 22 
#15 11 22 55 13 5 21 63 34 4 21 36 15 10 38 
#15 11 0 55 19 12 14 29 6 10 6 4 17 10 2 
#58 21 24 38 25 12 60 20 6 13 8 4 27 27 7 
#78 9 8 72 25 7 39 17 24 26 20 14 8 3 7 
#6 14 5 18 10 12 39 18 24 2 26 16 8 7 22 
#23 34 51 2 12 4 43 39 28 4 8 9 16 15 9 
#23 65 51 6 53 25 4 2 16 5 8 9 29 15 8 
#1 65 11 10 37 25 2 2 11 8 16 7 20 8 12 
#1 1 44 10 54 5 18 2 11 1 74 4 20 12 12 
#36 1 15 19 54 52 18 14 20 1 6 6 0 29 18 
#27 6 16 13 39 37 2 43 6 5 21 9 35 24 39 
#13 6 16 26 39 6 7 20 24 24 21 9 44 11 18 
#13 33 19 2 9 35 25 20 24 52 1 17 44 14 11 
#4 33 25 39 61 35 25 44 19 1 22 5 29 14 11 
#4 33 21 39 61 45 19 0 5 15 22 5 6 47 32 
#10 45 21 15 22 19 14 32 45 23 22 1 7 16 15 
#41 23 34 11 31 26 21 28 27 1 17 54 42 19 6 
#33 9 13 21 45 11 1 15 59 22 23 28 39 21 14 
#49 58 25 29 13 15 36 2 16 13 38 0 5 64 34 
#13 22 7 30 40 16 6 2 38 34 10 3 38 25 9 
#45 36 27 3 24 50 42 9 12 4 34 16 45 12 18 
#46 12 21 20 22 47 23 32 48 13 26 15 4 22 6 
#14 44 19 12 32 0 18 23 34 4 5 57 42 13 6 
#3 9 29 14 4 23 1 36 19 22 4 18 6 55 10 
#49 27 11 9 9 27 21 8 28 8 25 0 5 8 3 
#16 22 4 18 20 29 50 12 3 15 10 7 26 19 9 
#7 18 36 3 33 52 12 9 12 4 8 4 20 6 25 
#46 12 22 11 2 5 23 63 48 4 13 14 15 22 36 
#15 44 0 12 32 5 14 29 12 15 5 57 17 13 2 
#58 21 23 10 4 12 60 20 19 10 41 6 27 1 6 
#78 9 24 38 9 7 8 17 28 42 25 14 7 3 7 
#16 19 8 18 20 19 50 12 65 26 2 12 26 6 22 
#6 23 5 2 32 52 58 27 7 36 8 16 1 30 3 
#4 38 22 2 12 44 21 4 28 4 26 31 33 6 9 
#15 11 0 55 53 5 4 29 12 17 57 9 16 15 2 
#58 21 8 23 5 12 60 20 16 10 6 4 27 27 6 
#78 39 24 10 15 5 8 2 5 8 8 4 20 3 12 
#13 1 8 55 54 12 39 37 20 26 6 10 8 12 22 
#7 23 5 19 38 52 58 14 3 53 26 16 1 7 18 
#4 38 29 13 12 44 43 43 6 12 20 31 33 15 9 
#51 34 16 6 39 7 4 39 11 17 8 9 35 24 18 
#22 65 11 26 37 6 24 20 16 5 20 7 44 19 62 
#1 33 19 2 15 5 25 2 12 8 74 4 20 14 12 
#36 33 25 39 54 13 18 0 20 1 22 5 0 14 32 
#5 35 21 7 1 45 11 31 5 53 2 6 34 47 33 
27 58 37 59 32 7 
4 54 52 15 31 57 
36 47 53 23 21 50 
28 29 45 18 56 17 
24 51 42 33 8 35 
55 46 44 2 49 9 
#Base: 953
#Max: 397
#416579
#Turn 2
#36 33 19 2 54 13 25 20 24 52 22 17 0 14 11 
#14 33 19 12 32 0 18 0 20 4 5 5 0 14 6 
#14 44 19 12 1 0 11 31 5 53 2 57 42 47 6 
#5 9 21 21 45 45 1 31 5 22 23 28 39 21 14 
#42 9 29 29 45 11 1 15 59 8 4 28 5 55 14 
#31 38 29 13 12 23 43 33 24 12 2 3 58 12 9 
#13 38 8 13 54 44 43 43 20 26 20 10 33 12 22 
#13 1 22 55 54 12 21 37 20 26 6 36 8 10 38 
#15 11 34 55 13 5 21 28 34 1 17 54 42 19 6 
#41 33 19 2 31 5 21 2 27 1 74 4 20 19 12 
#46 12 21 20 32 52 58 27 7 36 26 16 1 22 3 
#7 23 5 2 32 52 58 14 3 53 26 16 1 30 3 
#1 23 44 10 54 52 18 2 11 1 26 16 1 7 12 
#1 1 44 6 54 25 18 2 16 5 8 9 29 15 12 
#23 21 51 6 53 12 60 20 16 10 8 4 29 27 8 
#4 33 25 39 61 35 19 0 19 1 22 5 6 14 32 
#78 33 21 39 61 7 8 17 5 42 22 5 7 47 32 
#78 9 24 38 25 7 39 17 24 26 25 14 8 3 7 
#22 65 8 26 25 6 24 20 24 26 20 7 8 3 62 
#58 65 11 26 37 6 24 20 6 13 8 7 27 19 7 
#36 1 15 19 54 5 8 14 20 8 6 6 0 3 18 
#46 12 22 11 15 5 8 63 48 8 13 4 20 3 12 
#46 12 22 11 13 5 23 63 48 13 13 14 15 22 34 
#13 27 25 30 13 15 36 2 16 13 38 0 5 64 9 
#45 36 27 3 24 50 21 52 16 4 10 16 38 64 18 
#16 34 16 18 20 7 50 39 65 26 2 9 26 24 22 
#58 19 23 18 20 19 50 20 65 26 41 6 27 6 6 
#15 58 12 9 30 11 60 20 59 10 23 3 39 20 6 
#15 11 0 55 30 5 4 15 12 15 23 3 16 20 34 
#15 11 0 30 53 50 42 9 12 4 57 9 16 15 25 
#13 33 19 23 9 35 25 20 24 52 2 17 58 14 11 
#36 33 29 39 54 13 43 43 6 1 20 5 0 15 9 
#13 44 8 12 54 12 39 37 34 26 5 10 8 13 6 
#5 35 22 55 13 45 21 31 34 4 21 36 34 47 38 
#41 23 13 21 31 26 21 28 27 22 17 28 39 19 6 
#42 9 29 29 15 15 1 2 16 8 4 18 20 14 3 
#46 36 21 23 22 23 23 33 24 7 26 3 4 12 6 
#6 38 29 13 12 52 58 27 7 12 8 16 33 15 3 
#7 1 8 19 54 52 39 14 3 53 6 10 8 7 18 
#1 1 22 10 13 5 18 63 11 4 21 4 15 10 12 
#41 23 51 6 31 25 4 2 16 1 8 54 29 19 6 
#1 21 19 2 15 12 60 20 12 8 74 4 20 14 6 
#46 33 21 39 22 35 23 32 19 13 26 5 29 14 11 
#4 23 21 39 61 52 58 27 7 36 8 16 6 47 32 
#7 9 24 19 38 52 58 14 3 42 25 14 1 7 18 
#1 9 8 72 25 7 39 2 11 1 74 14 20 3 7 
#23 65 11 26 53 25 4 20 16 5 8 9 29 19 62 
#58 21 24 23 5 12 60 20 16 10 8 4 27 27 7 
#4 1 15 19 61 35 25 14 20 1 22 6 0 29 11 
#78 39 24 39 15 5 19 2 5 8 22 5 20 47 12 
#46 9 22 11 2 5 23 17 48 42 25 14 15 22 36 
#49 9 25 72 13 7 39 2 16 26 20 0 5 64 34 
#13 65 11 26 13 15 21 52 16 8 10 31 44 64 9 
#45 21 27 38 25 12 42 9 6 4 34 16 45 27 7 
#51 1 16 6 54 7 18 39 20 1 6 9 0 24 18 
#78 39 24 18 20 5 8 2 65 8 8 4 26 6 22 
#58 21 23 11 2 5 60 20 48 10 13 6 27 22 6 
#15 58 12 9 13 15 36 15 16 13 38 3 39 64 34 
#13 27 25 55 53 15 4 52 12 17 10 31 38 64 9 
#7 36 4 30 40 50 42 9 12 4 34 16 45 12 18 
30 59 56 18 11 31 
44 22 6 55 29 9 
7 25 45 52 24 41 
57 26 58 16 51 33 
8 10 49 43 46 17 
38 14 4 27 2 19 
#Base: 953
#Max: 441
#462749
#Turn 3
#13 36 19 30 40 50 25 9 12 52 34 17 58 14 11 
#7 36 4 11 2 50 60 9 12 10 13 6 27 12 18 
#58 21 8 11 25 5 24 20 48 26 20 6 27 22 62 
#22 23 8 2 25 6 24 20 24 53 26 16 1 3 3 
#36 23 29 2 54 13 58 43 6 1 20 16 0 15 9 
#7 12 22 11 38 5 23 14 3 13 25 14 1 22 18 
#46 12 8 13 13 5 43 63 48 13 20 10 33 12 22 
#13 38 8 13 20 44 8 2 65 8 8 4 26 12 22 
#15 11 24 30 53 50 42 9 65 8 57 9 26 6 22 
#15 11 19 30 31 50 42 9 12 1 57 4 16 19 12 
#16 34 16 55 54 7 21 37 20 26 6 9 26 10 22 
#1 9 16 18 25 7 50 2 11 26 2 14 20 24 7 
#1 9 11 72 13 15 21 2 11 8 10 31 44 64 7 
#45 36 27 3 24 50 21 52 16 8 10 16 38 64 18 
#1 36 27 3 24 12 60 20 16 8 74 16 38 14 6 
#15 58 23 9 20 19 50 15 65 13 41 3 39 64 34 
#58 19 25 18 53 15 50 20 65 17 10 6 27 64 6 
#13 27 25 55 61 15 8 17 5 17 22 5 7 47 32 
#49 9 25 72 61 7 39 2 16 26 20 0 5 47 34 
#49 9 25 55 13 45 39 31 34 26 21 36 34 64 38 
#46 12 21 55 32 5 58 28 34 1 26 16 1 22 6 
#46 12 24 20 32 52 58 2 7 36 22 5 1 22 12 
#4 23 24 39 15 52 58 2 5 36 8 5 6 47 32 
#4 65 21 39 61 52 58 27 16 5 8 16 6 47 32 
#78 65 24 38 25 7 4 20 24 26 8 9 8 3 62 
#23 1 8 6 54 52 39 14 16 53 8 4 29 27 8 
#42 21 29 6 53 11 1 15 59 8 8 28 29 27 14 
#42 9 12 29 30 11 60 20 59 8 4 28 5 55 14 
#14 44 12 9 30 11 60 20 59 53 2 57 42 20 6 
#14 65 11 26 1 0 11 31 6 13 8 57 27 19 6 
#7 33 19 23 9 35 25 20 24 42 25 14 1 7 18 
#7 12 4 30 40 50 23 63 48 13 34 16 15 12 18 
#58 21 8 11 54 44 43 43 48 10 13 10 33 22 22 
#22 39 24 26 20 6 24 2 24 8 8 7 26 3 62 
#7 11 0 30 32 50 58 9 3 4 26 16 1 15 25 
#41 33 29 39 54 5 21 2 27 1 74 4 0 19 12 
#7 9 22 55 54 52 21 37 20 26 6 14 1 7 38 
#16 34 22 11 13 5 23 63 65 26 13 14 26 22 34 
#13 38 8 13 54 7 39 2 11 1 20 10 20 3 7 
#78 65 11 26 20 15 8 52 16 8 8 31 26 6 22 
#45 11 0 3 24 50 21 9 12 4 57 9 38 15 18 
#41 21 19 2 15 5 21 20 12 8 74 4 20 19 6 
#13 1 22 9 54 15 21 37 16 13 6 3 39 64 38 
#16 19 16 18 20 19 50 20 65 26 2 9 26 6 22 
#1 27 8 72 53 15 39 2 12 17 10 31 38 64 9 
#13 33 21 39 13 7 8 52 16 42 22 31 7 64 32 
#45 9 25 3 13 7 39 2 16 4 10 16 5 64 18 
#5 21 19 2 15 45 21 31 34 8 74 36 20 14 6 
#15 58 34 55 13 5 36 15 16 13 38 3 42 19 34 
#46 12 23 20 32 19 50 27 7 26 41 6 27 6 6 
#78 39 24 39 53 5 19 52 12 8 10 5 20 47 9 
#78 23 21 39 61 52 8 17 7 36 22 16 7 47 32 
#23 9 11 26 53 7 39 2 16 5 20 9 5 19 34 
#5 9 24 38 25 45 21 17 34 26 25 14 34 3 7 
#7 11 34 19 54 52 39 14 34 1 17 10 42 7 6 
#23 12 21 20 32 12 58 27 16 10 8 4 1 22 3 
#42 9 29 29 15 11 19 2 5 8 22 28 5 47 12 
#4 23 21 9 30 52 60 20 7 36 23 16 6 20 6 
#14 44 11 26 53 25 4 31 5 53 2 9 29 47 62 
#78 9 11 26 37 6 24 17 6 13 25 14 8 19 7 
26 21 36 14 31 17 
25 42 37 28 45 20 
47 48 50 16 24 12 
32 18 19 51 15 39 
6 0 58 23 44 27 
54 2 35 8 13 22 
#Base: 953
#Max: 519
#544596
#Turn 4
#42 21 29 20 53 52 1 15 59 36 8 5 29 27 12 
#7 12 24 20 32 52 58 37 7 26 22 5 1 22 38 
#1 36 22 55 54 52 21 37 20 26 6 14 1 14 38 
#7 36 4 30 24 12 60 63 16 13 74 16 38 12 18 
#7 27 4 30 61 50 23 17 48 17 34 16 7 47 18 
#13 1 22 9 54 15 39 37 16 13 6 4 29 27 38 
#16 34 22 11 54 15 21 37 65 13 13 14 26 64 34 
#16 44 12 9 30 5 23 20 65 26 2 57 42 22 34 
#13 33 12 9 13 7 8 20 16 53 2 57 42 64 32 
#13 33 21 55 13 5 8 28 34 1 26 16 7 64 32 
#15 58 19 55 13 5 36 15 16 13 74 3 42 19 6 
#15 58 24 39 53 5 36 52 12 13 38 3 42 19 9 
#58 19 24 18 53 5 19 52 12 8 10 5 20 64 9 
#58 65 25 18 53 15 4 20 24 17 8 6 27 3 6 
#78 65 24 72 13 15 4 20 11 8 8 9 8 64 7 
#49 21 8 11 54 7 43 2 16 26 13 0 5 22 22 
#49 9 25 55 61 7 39 2 34 26 20 36 34 47 34 
#49 23 25 39 13 45 8 31 7 26 21 16 7 47 32 
#15 58 21 9 61 52 8 15 65 36 41 16 39 47 32 
#78 65 11 26 20 19 50 15 65 8 8 31 26 64 34 
#46 36 19 30 13 50 25 63 48 13 34 17 58 14 22 
#13 36 19 26 40 50 25 31 5 52 2 9 29 47 62 
#4 65 11 39 53 25 58 27 16 5 8 16 6 47 62 
#4 27 21 39 61 15 58 2 12 5 10 16 6 47 9 
#1 27 8 29 53 11 60 20 12 17 10 31 38 55 14 
#58 11 8 19 54 5 39 14 48 1 20 6 27 7 6 
#58 21 29 11 25 5 24 20 48 26 20 6 0 19 12 
#41 11 24 30 53 50 21 2 27 8 74 9 0 19 12 
#15 36 24 30 53 50 42 9 65 8 57 16 38 64 18 
#4 36 24 3 15 50 58 52 5 36 10 5 6 64 32 
#42 21 8 6 54 11 39 14 59 8 8 28 29 27 14 
#46 1 24 9 54 52 58 37 7 36 22 5 1 22 38 
#7 34 22 55 13 5 23 63 20 26 13 14 26 7 34 
#1 36 27 9 24 12 60 20 16 8 2 57 42 20 6 
#13 33 4 39 13 50 23 52 16 42 22 31 15 64 18 
#13 12 21 55 32 15 58 28 5 1 22 16 1 22 6 
#5 21 8 2 54 45 39 14 34 53 8 36 29 14 8 
#15 58 22 55 54 15 36 37 16 13 38 3 39 64 38 
#78 34 24 11 53 5 23 63 12 8 10 14 20 47 9 
#58 19 25 9 53 11 50 20 65 17 2 6 27 20 6 
#78 33 24 39 25 7 4 20 24 26 22 31 8 3 32 
#46 9 21 72 13 5 58 2 11 1 26 31 44 22 6 
#5 21 19 2 15 44 43 31 34 10 13 36 33 14 22 
#49 58 34 72 61 7 36 2 16 26 38 3 5 47 34 
#49 9 24 39 53 45 39 52 12 26 21 36 20 64 38 
#78 19 25 39 53 52 8 20 7 17 10 16 7 64 6 
#78 58 23 9 20 19 4 15 65 13 8 9 39 3 34 
#78 65 11 26 13 15 8 52 16 8 8 31 26 6 7 
#58 12 8 13 13 44 43 63 48 10 20 10 33 12 22 
#13 36 25 30 40 7 25 2 16 26 34 0 5 14 34 
#14 9 11 55 53 45 39 31 5 53 2 9 29 64 38 
#78 65 21 39 61 52 8 17 7 5 8 16 6 47 32 
#1 58 23 72 53 15 50 2 12 13 10 3 38 64 34 
#78 9 12 29 20 15 8 20 59 8 8 31 26 6 14 
#46 11 8 19 13 52 43 63 34 13 20 10 42 12 22 
#58 36 8 11 40 5 24 9 48 52 34 6 58 14 62 
#41 44 29 26 54 25 4 2 5 53 2 4 29 19 62 
#15 65 24 30 61 50 42 9 16 5 57 9 26 6 32 
#45 36 8 3 53 15 39 2 12 17 10 16 38 64 18 
#42 23 24 29 30 52 60 20 59 36 8 28 5 47 32 
54 0 10 38 31 27 
7 48 6 37 46 11 
47 21 52 51 44 29 
20 14 43 19 18 22 
39 3 50 28 55 45 
41 34 57 59 16 56 
#Base: 953
#Max: 527
#552991
#Turn 5
#46 11 8 20 13 52 1 63 34 36 8 10 29 12 12 
#42 21 19 55 53 5 36 15 59 13 74 5 29 27 6 
#78 58 19 55 53 5 36 15 16 8 74 3 20 19 6 
#46 1 24 11 53 5 23 63 7 36 10 14 20 22 38 
#46 11 24 30 54 52 58 2 7 36 74 9 0 19 38 
#58 12 8 9 13 5 43 20 65 10 2 10 33 22 22 
#58 12 22 13 54 44 21 37 48 13 20 14 33 12 34 
#15 34 22 55 54 15 21 37 16 13 38 14 26 64 38 
#15 58 23 9 54 15 36 15 65 13 38 9 39 3 34 
#78 58 24 9 53 5 4 52 65 13 8 3 39 3 9 
#78 36 19 26 13 15 8 31 16 8 8 9 29 47 62 
#1 36 23 72 53 15 25 2 5 13 10 3 29 47 62 
#1 65 21 72 53 15 50 17 7 5 10 3 38 64 32 
#78 65 21 39 53 52 39 17 7 5 21 36 20 47 38 
#4 9 24 3 53 45 39 52 12 36 21 36 20 64 32 
#78 65 19 72 13 50 25 20 11 8 8 9 58 64 22 
#78 65 34 72 13 7 4 20 11 26 8 3 5 64 7 
#78 58 34 72 20 19 36 2 16 26 38 3 5 64 34 
#15 58 11 26 20 19 50 15 65 36 41 31 39 64 34 
#4 58 21 39 61 52 8 27 65 36 41 16 6 47 62 
#58 19 25 9 24 12 60 20 16 17 74 16 27 20 18 
#14 36 11 55 24 45 39 63 5 13 2 9 29 12 38 
#15 36 11 30 53 45 39 31 65 8 2 9 29 64 38 
#15 36 24 30 40 5 24 9 48 8 34 16 58 64 18 
#78 36 25 11 40 52 24 9 7 52 34 16 7 64 62 
#46 9 21 39 13 50 58 2 11 1 22 31 15 64 6 
#15 65 4 39 61 50 42 52 16 5 57 9 26 6 18 
#42 65 24 30 61 50 60 9 16 36 57 9 5 47 32 
#42 9 25 29 61 52 60 20 59 36 8 36 34 47 32 
#41 9 25 26 61 25 4 2 34 26 20 4 34 47 62 
#46 11 8 9 30 5 23 20 65 13 20 10 42 12 34 
#58 12 8 20 13 44 43 15 48 10 20 10 29 27 22 
#15 58 22 55 54 15 36 37 65 13 13 3 42 19 34 
#15 58 24 55 53 5 36 63 16 13 10 14 39 64 38 
#78 58 24 9 54 19 58 37 65 36 22 9 39 3 38 
#41 58 24 30 53 5 21 52 12 8 38 9 42 19 12 
#16 44 11 26 13 15 8 20 16 8 2 31 26 6 7 
#58 12 8 13 13 44 25 31 48 52 2 9 33 12 22 
#16 34 22 11 53 15 50 2 65 13 13 3 38 64 34 
#15 58 22 39 54 52 8 17 7 13 38 16 6 64 32 
#78 9 24 9 53 45 4 52 65 13 21 9 39 3 34 
#4 58 24 39 15 5 36 52 5 36 38 3 42 64 9 
#46 36 11 30 13 15 25 63 48 13 34 17 58 6 7 
#13 36 24 72 13 50 4 20 5 52 8 9 29 47 7 
#49 58 34 72 53 15 50 2 16 26 10 3 5 47 34 
#78 65 11 39 20 52 50 15 7 5 8 16 6 64 34 
#49 58 21 39 61 52 39 52 12 36 41 16 20 47 38 
#4 65 24 3 15 25 58 27 16 5 10 16 6 64 62 
#46 19 19 9 53 50 50 20 65 17 2 17 58 20 22 
#7 36 4 72 13 15 60 20 16 13 8 9 38 64 7 
#49 9 34 55 61 45 39 2 5 53 38 3 29 47 34 
#78 36 11 26 53 19 42 15 65 8 8 31 38 64 34 
#58 36 8 9 40 5 8 15 48 52 41 16 39 14 32 
#4 19 25 39 53 25 58 27 16 17 10 16 6 47 6 
#46 9 21 72 13 5 50 20 65 1 2 6 44 22 6 
#13 36 4 39 13 12 23 63 16 13 22 16 15 12 18 
#15 65 24 30 53 45 39 31 5 53 57 9 26 6 38 
#15 23 24 30 30 50 60 9 59 8 8 16 38 47 32 
#58 36 25 55 40 5 39 2 34 26 20 36 34 47 62 
#41 19 25 39 54 52 4 20 7 17 10 4 7 19 62 
8 57 22 56 32 7 
41 14 26 51 40 48 
38 4 17 27 13 16 
45 24 19 34 46 33 
39 12 2 15 28 58 
47 9 44 18 50 1 
#Base: 953
#Max: 581
#609654
#Turn 6
#15 58 23 9 30 15 36 9 59 13 38 16 38 47 32 
#15 23 11 30 53 45 60 9 65 8 8 9 29 64 38 
#15 36 24 30 53 45 39 31 5 53 57 9 26 6 38 
#15 65 22 30 54 15 36 37 5 13 57 9 26 6 38 
#15 58 22 55 54 15 36 37 16 13 13 14 42 64 34 
#4 58 24 39 53 5 36 52 12 36 21 36 42 64 9 
#15 9 24 39 61 45 39 52 16 36 21 9 26 6 18 
#15 36 11 26 53 19 42 15 65 8 57 31 38 6 34 
#78 36 11 9 53 45 42 15 65 13 21 31 39 64 34 
#46 9 19 9 53 45 4 20 65 17 21 17 39 3 22 
#16 11 22 11 53 15 50 2 7 36 13 3 38 64 38 
#78 58 24 30 20 19 58 2 7 26 38 9 5 64 38 
#78 58 24 72 61 19 60 9 16 36 38 3 5 64 34 
#42 65 24 30 61 52 39 17 7 36 21 36 20 47 38 
#78 65 21 72 13 7 4 20 11 5 8 36 20 47 7 
#78 65 11 39 40 52 24 9 7 5 8 16 7 64 34 
#78 36 21 39 40 52 24 27 65 52 34 16 6 47 62 
#78 58 24 39 54 52 58 37 65 36 41 9 39 3 62 
#78 58 24 39 61 52 58 52 12 36 41 16 20 3 38 
#49 58 21 39 53 5 39 52 12 13 41 16 39 64 38 
#1 58 21 72 54 52 8 17 7 13 38 3 6 64 32 
#78 58 19 72 53 5 36 17 16 5 74 3 20 19 32 
#78 58 19 55 53 50 25 15 16 8 74 3 20 64 22 
#42 65 25 72 61 52 25 20 11 36 8 36 58 47 32 
#58 9 25 29 61 52 39 2 34 26 8 36 34 47 62 
#78 65 24 3 15 5 58 27 65 5 8 16 39 3 9 
#49 58 34 72 53 5 50 52 65 26 10 3 5 3 34 
#15 58 34 72 20 15 50 2 65 36 41 3 39 47 34 
#49 9 34 26 61 19 50 15 65 36 41 3 39 64 34 
#49 21 34 55 53 45 39 2 59 53 38 3 29 27 34 
#15 58 24 9 15 15 36 15 65 36 38 3 39 64 34 
#4 9 24 3 53 50 60 52 59 36 8 16 38 64 32 
#15 65 4 30 53 50 42 52 65 5 57 9 29 64 38 
#78 65 24 26 53 45 39 15 5 8 8 31 38 6 38 
#15 9 22 55 54 15 36 52 65 13 21 9 42 3 34 
#15 19 22 55 53 50 21 20 65 17 2 17 26 20 38 
#4 58 24 11 53 5 50 2 65 36 13 3 42 64 34 
#4 9 24 30 54 52 58 2 12 36 21 9 20 64 38 
#15 58 4 72 61 19 42 52 16 5 57 9 5 64 18 
#42 36 24 30 61 50 42 9 65 36 8 9 38 64 34 
#78 9 21 39 53 45 39 52 65 13 21 36 39 47 34 
#46 19 19 9 13 50 4 20 11 17 2 17 58 20 22 
#78 34 11 39 53 52 50 2 65 13 13 3 6 64 34 
#78 36 25 30 40 52 24 9 7 52 34 16 0 19 62 
#4 58 34 39 61 52 8 2 16 36 41 16 6 64 34 
#78 58 24 9 54 50 58 9 65 36 57 9 5 47 38 
#78 65 21 39 53 52 39 17 7 36 21 36 20 47 38 
#15 65 34 72 53 7 4 63 11 13 8 14 5 64 7 
#78 65 11 39 20 52 50 17 7 13 8 16 6 64 32 
#78 65 25 72 53 52 50 17 7 52 34 16 38 64 62 
#78 58 21 39 61 52 8 27 65 8 41 16 6 19 6 
#78 58 24 9 13 50 58 37 65 36 22 9 39 3 38 
#42 9 25 39 61 52 60 52 12 36 8 36 34 47 38 
#15 58 25 55 53 5 36 2 16 13 20 14 34 47 38 
#15 58 22 3 15 52 58 17 7 5 10 16 6 64 32 
#78 58 21 72 53 15 4 17 65 13 10 3 39 64 9 
#78 58 34 72 53 15 36 15 16 8 10 3 20 19 6 
#78 58 11 26 13 50 50 15 65 8 41 31 58 64 34 
#49 9 34 29 61 52 60 20 59 53 38 36 29 47 34 
#42 36 19 55 53 5 39 2 59 26 74 36 29 47 6 
33 43 19 42 59 48 
11 24 27 58 26 38 
13 52 18 12 16 21 
8 32 57 49 45 22 
31 28 46 17 23 51 
5 29 39 40 55 50 
#Base: 953
#Max: 685
#718783
#Turn 7
#78 36 24 30 53 45 24 15 7 8 34 31 38 6 38 
#78 36 21 39 53 5 39 9 7 52 34 16 39 19 62 
#49 58 11 39 53 52 50 2 65 13 13 16 6 64 38 
#78 36 11 39 53 52 50 2 65 26 13 36 6 64 34 
#42 65 11 39 20 52 39 17 7 13 74 36 29 64 6 
#78 58 24 30 61 52 58 2 7 26 8 9 34 64 38 
#15 58 34 72 20 52 39 2 34 36 8 36 39 47 62 
#15 9 34 72 20 52 50 20 59 53 38 3 29 47 34 
#49 58 34 29 53 52 50 20 65 26 38 3 29 47 34 
#15 58 4 72 53 19 50 52 16 5 10 3 5 3 18 
#42 65 24 39 61 52 60 52 12 36 21 36 20 47 38 
#78 9 25 39 61 52 60 52 12 36 8 36 20 47 38 
#78 58 24 72 61 52 58 9 12 36 41 3 5 3 38 
#78 36 21 39 40 19 24 9 16 52 34 3 6 47 34 
#78 58 19 72 40 5 36 27 16 52 74 3 20 47 62 
#78 36 11 9 53 45 42 52 65 13 57 31 29 64 34 
#78 58 11 30 53 50 50 52 65 5 41 9 29 64 34 
#78 65 11 26 53 50 50 17 65 8 41 16 38 64 34 
#78 58 24 72 54 50 58 9 65 52 34 16 5 64 38 
#78 58 19 55 54 50 58 15 16 36 57 3 20 64 38 
#4 9 24 26 61 50 60 15 65 36 41 16 39 64 32 
#49 9 21 39 61 19 39 17 7 36 21 3 39 64 34 
#78 58 21 39 53 52 58 37 7 36 41 36 20 3 38 
#42 65 25 39 61 52 58 37 11 36 41 36 58 47 32 
#78 65 25 9 61 52 58 37 11 36 8 36 39 3 32 
#4 58 34 55 53 45 36 52 59 36 38 3 29 27 34 
#49 36 34 30 61 45 39 2 65 53 8 9 29 64 34 
#42 36 24 39 53 50 42 52 65 36 21 9 38 47 34 
#78 9 21 72 53 15 39 52 65 13 10 36 39 64 34 
#78 58 21 72 61 52 4 17 65 8 41 3 39 64 9 
#78 65 24 30 53 45 58 15 5 8 38 31 38 64 38 
#78 36 25 29 61 52 39 9 7 52 8 16 0 47 62 
#49 58 21 72 20 5 39 52 12 13 41 3 39 64 34 
#78 34 34 29 61 52 50 20 65 13 38 36 6 64 34 
#42 58 34 55 53 5 39 52 59 26 10 3 5 3 34 
#78 58 4 39 61 52 50 17 16 13 57 16 5 64 32 
#78 58 24 30 20 52 39 17 7 36 21 9 20 47 38 
#42 9 25 29 61 52 60 52 12 26 8 36 34 47 38 
#15 58 24 72 61 15 58 52 65 36 41 16 39 47 34 
#49 9 34 29 61 52 60 9 16 53 38 3 5 47 34 
#78 58 34 72 40 5 50 27 65 52 34 16 6 47 62 
#78 58 4 72 53 19 42 52 16 5 74 3 20 64 18 
#78 65 24 30 61 52 42 15 65 36 21 31 20 47 38 
#42 65 4 30 61 52 60 52 12 36 8 9 29 47 38 
#78 58 11 39 13 52 50 52 65 36 41 31 58 3 38 
#78 65 25 72 61 52 50 17 16 52 38 3 5 64 62 
#78 58 21 39 40 52 58 9 65 52 34 16 5 47 62 
#78 58 19 55 53 5 36 15 16 5 74 3 20 19 22 
#78 9 11 9 53 45 60 15 65 36 21 31 38 64 32 
#49 65 4 30 61 19 42 15 65 36 41 3 29 64 38 
#78 58 21 39 13 50 39 15 65 8 21 36 58 47 34 
#78 58 25 39 53 52 50 37 7 36 41 9 39 64 62 
#42 65 25 72 54 52 25 20 65 36 57 36 5 47 32 
#78 58 24 9 13 50 58 15 16 8 74 3 39 3 22 
#4 9 24 39 53 5 60 52 59 36 21 36 38 64 9 
#49 21 34 55 61 45 39 2 65 36 41 3 29 27 34 
#78 65 24 30 61 52 39 9 65 36 21 36 38 64 34 
#78 58 24 39 54 45 39 37 65 13 21 9 39 47 62 
#78 58 25 72 53 52 25 17 65 13 10 3 39 64 9 
#78 58 21 39 13 50 8 27 65 36 22 16 6 3 38 
5 49 8 29 30 48 
12 3 41 16 28 22 
11 10 23 51 46 58 
42 52 56 18 40 44 
35 33 19 45 38 14 
25 50 17 57 15 27 
#Base: 953
#Max: 677
#710388
#Turn 8
#49 58 24 30 61 19 58 2 7 36 8 9 34 64 38 
#49 58 34 30 53 19 50 15 65 36 41 3 29 64 38 
#78 58 21 72 53 52 4 20 65 8 38 3 39 47 9 
#78 65 21 72 61 45 58 17 5 8 41 31 38 64 9 
#78 65 11 9 53 45 58 15 5 36 21 31 38 64 32 
#78 58 11 72 53 52 58 9 65 36 41 36 6 64 34 
#78 58 4 39 53 19 50 2 16 26 13 3 6 64 18 
#78 58 4 72 53 19 42 52 16 5 74 3 20 64 34 
#78 58 21 72 53 50 50 52 65 13 41 36 39 64 34 
#78 9 21 72 53 52 58 37 65 36 10 36 39 64 38 
#42 65 24 39 61 52 60 52 12 36 8 36 20 47 38 
#42 65 24 39 61 52 60 37 12 36 41 36 20 47 32 
#42 58 25 39 53 52 50 37 7 36 41 36 39 47 62 
#78 58 21 39 53 52 58 37 7 52 34 16 5 64 62 
#78 58 25 39 40 52 25 9 65 52 34 16 5 47 62 
#42 65 25 72 54 52 25 15 65 36 57 36 20 47 32 
#42 65 25 30 61 52 25 9 65 36 57 36 38 47 32 
#78 65 24 30 54 50 39 9 65 36 34 16 5 64 34 
#78 58 34 72 40 5 58 9 65 52 34 16 6 47 38 
#78 58 34 39 13 52 50 52 65 52 41 31 6 3 62 
#78 34 4 29 61 52 50 17 16 13 57 36 5 64 32 
#78 58 19 29 54 50 58 20 16 13 57 36 6 64 38 
#78 58 25 72 54 50 58 15 16 52 38 3 5 64 62 
#78 58 25 72 61 52 50 52 16 36 41 3 39 47 62 
#15 58 19 72 40 5 58 27 16 36 74 16 39 47 62 
#78 58 21 39 53 50 39 52 65 8 38 3 58 27 34 
#78 65 21 39 53 50 50 17 65 8 41 16 38 47 34 
#78 65 24 26 53 45 50 37 65 8 21 16 38 47 62 
#78 58 11 39 53 45 39 52 65 13 21 9 39 64 34 
#42 36 24 9 53 45 42 52 65 13 57 31 29 64 34 
#78 58 24 72 61 52 58 2 12 26 41 9 5 3 38 
#49 65 11 39 61 19 50 2 65 36 41 3 29 64 34 
#49 58 34 29 53 52 50 52 16 26 38 3 20 64 34 
#78 58 11 30 53 50 50 17 65 5 41 3 39 64 9 
#78 9 21 30 53 15 39 15 65 8 10 31 39 64 38 
#78 9 21 39 53 52 58 37 65 36 21 36 20 3 32 
#78 58 25 72 61 52 60 52 12 36 41 3 5 3 38 
#42 65 11 39 53 52 60 2 12 26 13 36 20 64 38 
#78 65 4 39 53 19 58 52 16 36 74 3 58 47 32 
#78 58 11 39 53 52 50 37 65 36 41 9 39 64 34 
#78 58 21 39 53 15 39 9 65 13 10 16 39 64 34 
#78 58 21 72 53 52 58 17 7 13 10 36 39 3 9 
#78 9 25 39 61 52 60 52 12 36 8 31 20 47 38 
#42 65 24 72 61 52 60 20 12 36 21 36 20 47 38 
#42 65 25 39 61 52 58 37 65 36 41 36 58 47 34 
#78 58 25 39 54 50 50 9 65 36 34 16 39 64 38 
#78 58 34 39 40 52 50 9 65 52 34 16 6 47 62 
#78 58 25 39 53 52 50 52 65 13 10 3 58 3 9 
#78 65 24 30 61 52 50 15 16 36 21 16 5 64 38 
#42 34 25 72 61 52 50 20 65 36 38 36 6 64 34 
#78 58 19 55 54 50 58 9 65 36 21 36 38 64 34 
#78 58 24 72 61 52 50 17 65 52 34 3 5 64 62 
#78 58 34 72 61 5 58 52 65 36 41 16 6 47 62 
#78 58 19 72 40 52 50 27 16 36 74 3 20 47 38 
#4 58 4 55 53 52 36 52 16 13 38 16 29 27 34 
#78 34 34 39 61 50 39 20 65 8 38 36 58 47 34 
#78 58 11 26 54 50 50 15 65 36 41 16 20 64 38 
#78 65 25 72 61 45 50 17 16 13 38 9 39 47 62 
#15 58 11 9 61 45 42 52 65 36 57 16 39 64 34 
#78 58 24 39 53 5 42 52 65 36 74 3 20 47 62 
36 11 26 49 25 43 
58 18 53 5 27 16 
3 38 9 52 50 12 
46 39 23 8 44 22 
14 13 15 51 59 57 
17 56 19 45 55 28 
#Base: 953
#Max: 726
#761805
#Turn 9
#42 65 24 72 61 52 60 37 12 36 41 3 20 3 38 
#42 65 24 39 61 50 50 37 12 8 41 16 38 47 34 
#42 65 25 39 53 52 50 20 65 36 41 36 38 64 34 
#78 34 25 39 53 52 50 52 65 36 38 36 6 27 34 
#78 65 24 72 61 50 39 20 12 36 21 3 58 47 34 
#15 58 11 9 40 45 42 52 65 36 57 16 6 64 34 
#78 58 34 72 40 5 58 9 16 36 74 16 20 47 38 
#78 58 19 72 40 52 50 9 16 36 41 3 20 47 38 
#78 65 11 26 53 45 50 9 65 36 21 16 6 64 62 
#78 65 25 30 53 45 50 9 65 8 57 16 38 47 62 
#78 65 21 39 53 45 58 52 16 36 74 3 38 64 9 
#78 65 4 72 53 52 58 52 16 36 74 3 39 47 32 
#78 9 34 72 61 52 58 37 65 36 41 16 6 64 62 
#78 58 19 55 61 5 58 52 65 36 21 36 6 64 62 
#78 58 25 39 53 50 50 9 65 36 41 36 39 64 62 
#78 58 11 39 40 52 50 9 65 36 41 9 6 47 62 
#78 58 11 72 53 52 50 37 16 36 41 9 39 64 34 
#78 58 25 72 53 52 50 52 16 13 41 36 39 64 62 
#78 65 21 39 53 50 58 52 65 13 41 36 58 64 34 
#42 65 25 39 61 50 58 37 65 52 41 36 5 64 62 
#78 58 21 39 53 52 58 9 65 52 34 16 5 47 62 
#78 65 21 39 54 52 25 15 7 36 57 36 20 47 62 
#42 65 25 72 61 52 25 17 65 52 34 36 20 64 62 
#78 58 24 39 61 52 42 17 65 52 74 3 20 47 62 
#78 58 25 39 61 45 42 17 16 36 38 3 39 47 62 
#78 58 11 30 54 50 50 15 65 36 41 16 20 64 34 
#78 58 34 26 54 50 50 15 65 36 41 31 20 3 62 
#78 58 34 39 54 50 50 9 65 52 34 16 39 64 62 
#78 34 25 39 54 50 50 20 65 36 34 16 39 47 34 
#78 58 34 39 53 45 39 20 65 8 38 36 58 64 34 
#78 58 11 72 61 52 60 52 12 36 57 16 39 3 34 
#42 58 34 39 40 5 58 37 12 52 34 16 20 47 38 
#78 58 21 39 40 52 50 27 16 8 41 3 38 47 34 
#42 58 11 72 53 52 50 9 65 36 41 36 6 64 34 
#78 65 21 26 53 45 50 37 65 8 21 16 38 47 62 
#42 65 25 72 61 52 60 20 12 36 57 36 38 47 32 
#15 58 11 9 61 45 42 17 5 8 57 31 38 64 9 
#78 58 4 39 53 19 58 52 16 52 74 16 6 47 32 
#78 58 21 72 53 52 50 27 16 36 10 3 39 47 38 
#78 58 11 72 53 52 58 52 65 36 41 36 6 64 62 
#78 58 19 26 54 50 58 37 65 8 21 16 38 47 62 
#42 65 25 30 53 52 25 37 7 36 41 36 38 47 32 
#78 65 34 72 40 52 58 17 5 8 41 31 38 64 9 
#78 58 4 39 53 52 58 52 16 36 74 3 39 64 34 
#78 58 25 72 61 52 58 37 65 36 41 36 39 64 38 
#78 58 34 72 61 5 58 52 65 36 41 16 6 64 34 
#78 65 25 39 61 50 58 9 65 36 41 36 38 47 34 
#42 58 25 39 54 50 58 15 7 36 41 36 5 47 62 
#78 58 34 39 40 52 50 9 65 52 34 16 5 47 62 
#78 58 21 39 53 52 58 37 65 52 41 9 5 64 34 
#78 58 25 72 54 52 50 52 16 36 57 3 20 47 62 
#78 58 21 72 53 50 50 52 65 52 34 36 39 64 62 
#78 65 24 39 61 5 58 37 65 36 41 3 58 47 62 
#78 58 25 72 54 45 50 17 16 13 38 9 5 47 62 
#78 65 24 30 54 50 25 9 65 52 34 16 5 47 62 
#78 58 21 39 54 52 50 37 65 52 41 16 5 64 38 
#78 65 25 39 13 52 50 52 65 52 57 36 6 3 62 
#78 58 25 72 61 52 50 17 65 36 34 3 5 64 62 
#78 58 34 39 61 50 42 20 65 36 38 36 58 47 62 
#78 58 11 72 61 45 50 52 16 13 38 9 39 47 62 
3 34 16 57 35 48 
40 20 13 14 55 56 
9 11 27 18 17 49 
50 19 58 51 39 46 
10 52 12 44 22 45 
30 43 2 23 29 59 
#Base: 953
#Max: 786
#824764
#78 65 25 26 53 45 50 37 65 36 38 16 6 47 34 
#78 58 21 72 53 52 50 37 65 8 21 9 38 64 34 
#78 58 11 72 53 52 50 37 65 36 41 3 39 64 34 
#78 58 25 72 61 52 50 20 65 36 57 36 38 64 62 
#78 65 34 72 61 52 60 9 65 52 57 36 38 47 32 
#78 58 21 26 53 50 58 37 65 8 34 16 38 47 62 
#78 58 21 55 53 5 58 9 65 36 21 36 6 47 62 
#78 58 19 39 53 5 50 52 65 36 21 36 6 64 62 
#78 58 25 39 54 50 50 37 65 36 41 16 39 64 62 
#78 65 25 39 54 52 50 52 65 52 41 36 6 3 62 
#78 65 25 30 53 45 58 9 16 8 74 3 39 47 32 
#78 58 34 72 54 52 50 52 65 36 74 3 39 47 32 
#78 65 21 39 53 50 50 9 65 52 41 36 39 64 34 
#78 58 21 72 53 50 50 52 16 13 41 36 39 64 34 
#78 58 25 72 53 52 50 37 16 52 41 9 5 64 34 
#42 58 25 39 54 52 58 52 16 36 57 36 5 64 62 
#78 58 34 39 61 50 42 20 65 52 38 36 5 47 62 
#78 58 21 39 61 50 50 20 65 52 38 36 58 64 62 
#78 58 11 72 53 52 50 52 65 52 34 36 6 64 62 
#78 65 11 39 61 50 58 9 65 36 41 36 38 64 62 
#78 65 24 39 61 5 58 52 65 36 41 3 58 64 62 
#78 65 24 39 61 52 58 37 65 36 41 3 58 64 62 
#78 58 34 72 61 52 58 37 65 36 41 16 39 64 38 
#78 65 25 72 61 52 58 17 65 36 41 36 20 64 62 
#78 58 25 72 61 52 58 17 65 52 41 36 6 64 34 
#78 58 11 39 61 52 60 52 12 36 74 16 39 64 34 
#78 65 4 39 53 52 50 20 16 36 41 36 39 64 34 
#78 65 25 39 61 52 50 17 65 36 41 3 38 64 34 
#78 58 24 39 53 52 39 17 65 52 38 36 20 47 34 
#78 58 34 72 53 45 50 20 65 8 38 9 58 64 62 
#78 58 19 26 53 52 50 52 65 36 38 16 6 47 34 
#78 65 21 39 53 52 58 37 65 8 34 16 38 47 62 
#78 58 11 55 61 52 58 52 16 36 41 9 6 64 62 
#78 58 25 72 61 50 50 9 65 36 34 3 39 64 62 
#78 65 25 72 61 52 50 20 12 36 57 16 5 47 32 
#78 58 25 39 13 52 50 9 65 52 34 36 5 47 62 
#78 58 25 26 54 45 58 9 65 8 21 16 38 47 62 
#78 65 4 39 53 52 58 52 16 36 34 3 39 47 62 
#78 58 19 55 61 50 58 9 65 36 34 36 6 64 62 
#78 58 21 39 53 50 58 9 65 13 41 36 39 64 34 
#78 58 21 39 53 52 50 37 16 13 41 16 39 64 62 
#78 58 21 39 13 52 58 37 65 52 41 36 5 64 34 
#78 65 25 30 54 52 50 52 65 36 57 3 38 47 62 
#42 65 25 72 53 52 58 52 16 36 74 3 39 64 62 
#78 58 34 39 61 50 42 9 65 36 38 36 39 47 62 
#78 58 21 39 53 50 50 52 65 52 34 36 39 64 62 
#78 58 25 72 53 52 58 52 65 13 41 36 6 64 62 
#78 58 21 39 53 52 58 37 65 52 41 9 5 64 34 
#78 58 21 39 54 45 50 52 16 36 57 3 20 64 62 
#42 65 24 39 61 50 58 37 65 36 41 36 58 64 62 
#78 9 34 72 61 50 58 20 65 36 38 16 6 47 62 
#78 58 21 72 53 52 58 52 65 52 41 36 39 64 38 
#42 58 11 72 61 52 25 17 65 52 41 36 6 64 62 
#78 65 25 72 61 50 58 52 65 36 41 36 38 47 34 
#78 58 11 39 53 45 60 52 12 36 57 3 39 3 34 
#78 58 4 39 53 52 58 52 65 36 74 3 39 47 62 
#42 65 34 72 53 52 50 37 65 36 41 16 38 64 62 
#78 58 24 39 61 52 58 37 65 52 74 3 20 64 62 
#78 58 34 39 61 45 39 20 65 8 38 36 58 64 62 
#78 58 34 72 61 45 58 52 16 36 41 16 6 64 62 
#Base: 953
#Max: 779
#817419
