#[0] 3, 3
#[1] 4, 3
#[2] 3, 4
#[3] 3, 2
#[4] 2, 3
#[5] 2, 4
#[6] 1, 3
#[7] 2, 2
#[8] 3, 1
#[9] 4, 4
#[10] 5, 3
#[11] 3, 5
#[12] 4, 2
#[13] 3, 0
#[14] 5, 4
#[15] 4, 5
#[16] 5, 2
#[17] 4, 1
#[18] 0, 3
#[19] 1, 4
#[20] 2, 1
#[21] 1, 2
#[22] 2, 5
#[23] 0, 4
#[24] 5, 1
#[25] 0, 2
#[26] 5, 5
#[27] 1, 5
#[28] 2, 0
#[29] 1, 1
#[30] 4, 0
#[31] 0, 5
#[32] 1, 0
#[33] 0, 1
#[34] 5, 0
#[35] 0, 0
#Turn 0
19 26 23 50 57 31 
0 16 39 14 52 18 
7 36 29 12 49 30 
17 54 21 25 4 56 
33 28 42 41 20 6 
43 9 59 22 8 5 
#Base: 918
#Max: 346
#376906
#Turn 1
#16 4 23 7 4 48 40 41 25 22 32 34 21 18 35 
#16 53 26 43 2 12 40 13 18 24 2 28 52 0 14 
#22 16 26 9 2 45 17 27 23 27 44 42 11 13 14 
#11 16 7 9 31 33 17 27 1 27 40 44 32 13 42 
#11 3 5 25 31 33 7 28 50 13 11 3 12 2 42 
#38 27 12 27 2 20 33 21 12 29 50 9 5 48 17 
#33 19 12 27 2 5 13 44 12 29 50 9 5 8 17 
#7 17 13 2 39 16 39 44 2 19 26 58 30 37 2 
#10 38 13 2 2 16 39 29 18 5 21 58 15 37 31 
#7 38 14 16 30 36 35 29 50 4 30 26 15 11 31 
#26 33 1 30 7 60 9 32 2 34 9 3 56 15 38 
#16 33 30 27 7 60 11 18 2 0 12 11 25 65 46 
#0 3 16 27 15 25 11 67 18 16 3 11 11 31 22 
#10 3 16 42 15 23 2 7 5 9 25 12 27 22 22 
#10 65 9 12 10 23 11 31 35 22 25 4 16 12 2 
#2 24 40 33 10 2 61 1 9 21 16 22 24 26 48 
#8 0 1 63 11 0 19 31 28 7 14 9 3 11 10 
#37 0 1 63 27 10 31 31 2 7 33 50 1 9 1 
#37 2 8 10 62 1 6 10 42 1 33 69 15 4 6 
#38 2 8 10 40 2 10 13 56 8 5 49 15 7 18 
#1 19 39 16 38 41 32 4 30 2 40 31 22 32 28 
#8 39 39 6 19 16 32 3 6 7 48 31 17 33 53 
#8 39 15 69 8 4 7 4 2 30 29 2 11 32 53 
#5 40 35 11 2 2 3 4 2 1 18 6 11 7 13 
#5 19 15 21 2 58 20 3 7 10 11 23 24 7 16 
#31 5 15 17 20 18 15 10 14 14 18 17 13 14 53 
#14 5 61 6 20 13 37 14 30 32 11 27 10 14 2 
#9 64 61 14 10 13 14 17 30 32 12 27 10 46 2 
#2 64 17 24 38 10 14 17 4 9 40 40 3 24 24 
#2 32 13 24 38 29 11 17 4 16 40 10 8 5 45 
#33 42 25 44 4 20 2 14 3 2 11 8 21 23 36 
#16 27 12 16 4 5 40 41 18 22 50 9 5 18 17 
#22 19 36 43 39 12 24 13 23 19 26 15 11 8 14 
#10 16 13 2 2 45 39 27 1 5 2 58 18 37 14 
#11 21 15 19 31 33 5 28 5 13 21 44 15 2 42 
#1 7 13 16 30 36 41 14 50 4 30 33 12 44 19 
#26 42 25 44 26 20 34 21 25 2 11 3 7 25 38 
#33 33 30 2 2 60 33 18 12 0 12 7 5 48 17 
#7 19 36 10 39 25 13 36 39 16 26 11 11 8 5 
#23 3 16 10 2 16 39 67 18 5 3 58 3 31 2 
#10 38 15 19 35 23 5 7 5 9 25 26 15 11 2 
#7 28 14 12 10 11 35 31 35 22 30 4 19 13 32 
#26 10 13 30 10 8 61 1 9 34 32 22 56 26 38 
#14 24 30 33 7 0 19 7 2 0 12 7 3 15 46 
#0 13 8 63 11 10 31 36 28 16 14 11 11 11 5 
#23 0 16 10 15 1 5 10 2 40 33 69 3 9 1 
#10 2 15 42 62 23 2 13 5 1 25 12 15 4 6 
#16 28 48 12 10 11 11 49 35 8 56 4 10 7 3 
#19 6 13 18 10 2 61 1 30 12 40 22 22 32 10 
#14 24 40 33 6 16 19 7 18 14 16 31 17 33 28 
#8 0 1 6 11 4 31 31 6 7 51 2 36 11 53 
#5 0 35 10 8 1 7 4 2 40 33 69 11 15 13 
#9 19 15 34 62 58 10 13 42 1 5 42 46 4 16 
#38 15 8 21 40 43 20 3 56 8 11 8 24 7 11 
#19 19 15 18 13 52 49 4 31 12 18 20 7 32 10 
#25 9 39 16 38 16 37 14 14 14 11 17 17 33 28 
#14 39 61 6 10 13 1 14 6 32 12 27 10 46 53 
#5 40 35 14 8 1 7 4 2 30 39 6 11 15 24 
#2 19 17 24 38 58 1 0 7 16 18 40 46 7 16 
#30 52 13 20 2 43 11 3 16 50 11 23 8 5 11 
26 14 9 58 33 50 
48 59 20 10 35 19 
53 8 56 42 22 0 
21 39 27 52 11 15 
3 51 1 18 17 47 
12 5 37 7 28 45 
#Base: 918
#Max: 376
#409586
#Turn 2
#10 5 9 12 20 13 11 31 35 22 25 27 16 12 2 
#7 38 9 12 30 36 35 31 35 22 25 26 15 11 2 
#7 38 14 16 30 58 35 0 7 4 18 26 15 7 16 
#2 19 17 24 38 45 1 0 7 16 2 40 18 37 16 
#10 16 13 6 2 4 39 27 1 5 2 58 36 37 14 
#19 52 13 20 10 2 11 1 30 50 11 22 8 5 10 
#1 52 39 20 2 41 11 4 16 50 11 31 22 5 28 
#1 19 39 16 7 60 9 4 2 2 40 3 56 15 38 
#26 33 13 16 7 60 9 32 2 4 30 33 12 15 19 
#1 7 13 16 30 36 41 14 56 8 5 33 12 7 19 
#10 15 8 21 40 16 20 3 18 8 11 58 24 7 31 
#14 38 13 2 10 16 39 29 6 32 21 27 10 46 53 
#26 39 13 30 10 13 1 14 9 32 12 22 56 46 38 
#26 39 13 30 10 8 7 1 9 34 32 2 11 26 53 
#8 4 15 7 8 4 40 41 2 30 29 34 21 18 35 
#8 3 16 10 2 16 39 3 18 5 48 58 3 31 53 
#23 64 16 14 10 13 39 67 18 32 3 27 10 46 2 
#9 19 61 34 10 13 10 17 42 32 5 42 46 4 16 
#9 33 30 34 62 60 10 13 42 0 5 42 46 65 46 
#2 24 30 27 10 2 61 18 2 21 12 11 25 26 46 
#5 0 7 9 31 33 7 27 1 40 40 44 32 13 13 
#5 53 26 10 2 1 40 4 18 24 33 28 52 0 13 
#16 2 8 43 62 1 40 13 42 24 2 69 15 4 14 
#37 0 8 63 27 10 6 31 42 1 33 69 15 9 6 
#37 0 48 63 27 11 31 31 35 8 33 4 1 9 3 
#0 3 16 27 2 20 33 21 12 16 50 9 11 31 17 
#38 27 30 2 2 60 33 21 12 29 50 7 5 48 17 
#7 17 13 2 39 16 39 44 12 19 26 7 30 37 17 
#7 64 13 24 39 10 39 44 4 9 40 58 3 37 2 
#23 64 17 24 15 1 14 10 2 9 33 69 3 9 24 
#14 5 13 6 10 13 37 1 30 32 40 27 10 14 2 
#10 52 13 20 10 23 11 3 16 22 11 23 8 5 2 
#7 19 39 16 38 36 35 4 30 4 30 31 22 32 31 
#26 33 1 30 38 60 1 0 7 16 9 3 46 7 38 
#10 16 13 2 30 36 41 27 50 4 30 58 12 44 14 
#38 2 1 10 40 4 10 31 56 7 5 49 15 11 18 
#19 15 13 18 10 43 61 1 30 12 11 22 24 7 11 
#10 52 13 2 2 16 39 3 18 5 11 58 8 5 11 
#14 19 39 6 38 41 32 14 6 32 40 27 22 46 28 
#26 33 1 30 7 60 9 1 9 34 9 3 56 15 38 
#1 39 13 69 8 36 7 14 50 30 29 33 12 32 53 
#38 4 23 10 40 2 10 13 25 22 32 34 21 18 18 
#8 39 8 21 19 16 32 3 6 8 48 8 24 7 53 
#10 3 16 2 2 16 39 67 18 5 21 58 15 31 2 
#14 64 61 14 10 13 14 14 30 32 12 27 10 46 53 
#26 19 15 30 10 8 61 13 9 1 32 42 46 26 38 
#16 39 30 69 7 4 11 4 2 0 29 11 25 65 53 
#16 4 40 33 10 48 61 41 9 21 16 22 24 18 48 
#8 39 7 9 31 16 32 27 1 27 48 44 17 13 42 
#5 3 35 10 2 1 7 67 2 5 33 69 11 31 2 
#16 53 26 14 2 13 40 17 18 24 12 27 52 0 14 
#9 2 15 10 62 58 10 10 42 1 5 69 15 4 16 
#16 33 1 63 7 60 31 31 2 0 33 11 25 65 1 
#2 28 40 12 10 11 11 49 9 21 16 22 10 26 48 
#0 16 16 9 31 25 11 67 1 27 40 44 11 13 22 
#38 27 12 27 2 1 33 4 2 29 50 9 5 15 13 
#16 33 26 2 2 12 33 13 12 0 2 28 52 0 17 
#7 2 13 10 62 16 6 44 42 1 33 58 15 37 6 
#37 64 1 24 38 10 31 17 4 9 40 40 1 24 24 
#23 0 16 10 10 11 5 10 2 8 33 4 3 9 3 
32 50 54 24 15 21 
35 11 7 51 17 12 
6 43 16 44 28 39 
26 22 46 18 40 57 
48 45 49 52 23 29 
19 38 58 47 34 33 
#Base: 918
#Max: 497
#541394
#Turn 3
#7 53 26 16 38 13 35 17 18 24 30 31 52 32 14 
#0 16 26 9 2 25 11 17 1 24 40 27 11 13 22 
#0 0 16 9 31 25 11 31 1 8 40 44 1 13 22 
#37 0 48 63 27 16 39 3 18 8 48 4 1 31 53 
#5 3 16 10 2 16 39 3 18 5 48 28 3 0 13 
#14 38 1 2 10 4 10 31 56 32 5 27 10 11 18 
#14 19 39 2 10 60 9 4 6 32 21 3 10 15 53 
#1 19 39 10 62 58 10 4 42 2 40 3 56 15 38 
#9 2 61 10 10 58 10 17 42 1 5 69 15 4 16 
#9 19 61 30 10 13 1 14 9 32 5 42 56 46 16 
#10 52 39 20 2 41 11 4 18 50 11 31 22 31 28 
#10 64 16 14 2 13 39 67 18 5 21 27 10 31 2 
#23 64 61 14 10 13 39 14 18 32 3 27 10 46 2 
#14 64 13 24 39 13 39 14 30 32 12 58 10 46 53 
#7 33 1 24 7 60 9 1 9 34 9 58 3 15 38 
#38 2 30 2 62 60 33 13 12 24 50 7 5 48 17 
#16 2 8 43 7 4 11 13 2 24 29 11 25 4 53 
#9 39 30 69 7 4 11 13 2 0 5 11 46 65 46 
#9 33 13 69 62 60 10 13 42 0 29 42 46 65 53 
#7 39 13 69 62 36 6 44 50 1 29 33 15 32 6 
#26 19 15 30 10 16 32 13 1 1 32 44 46 26 38 
#5 19 15 30 10 8 61 13 2 1 32 42 46 26 2 
#16 33 35 10 7 1 7 67 2 5 33 11 25 65 2 
#16 0 8 63 7 60 31 31 2 0 33 11 15 65 6 
#23 0 8 24 27 10 14 31 2 1 33 69 3 9 6 
#14 24 30 6 38 41 32 14 2 21 40 27 25 26 46 
#14 64 1 24 38 10 32 14 4 32 40 40 1 24 24 
#37 4 40 24 38 48 61 41 9 21 40 22 1 24 48 
#16 4 40 2 30 48 61 27 9 21 30 58 12 44 14 
#26 16 13 30 30 36 1 0 50 16 9 58 46 7 14 
#38 19 39 10 38 36 10 31 30 4 5 31 15 11 31 
#16 38 13 2 2 13 40 29 18 32 21 27 10 46 53 
#0 16 39 9 7 60 9 67 1 27 40 3 56 13 22 
#37 2 48 10 62 58 31 10 42 1 5 4 1 4 16 
#9 19 16 34 10 16 10 3 18 5 48 58 3 31 16 
#26 39 26 10 2 13 1 4 9 24 12 22 56 0 38 
#38 2 39 20 40 41 10 31 16 7 5 31 22 5 28 
#14 38 13 2 10 16 39 67 6 5 21 27 10 46 2 
#1 19 16 16 7 13 39 67 18 2 3 3 10 46 2 
#14 2 15 10 62 13 10 10 42 1 5 69 10 46 53 
#7 19 13 24 10 13 10 44 4 9 40 42 46 4 16 
#26 33 13 30 7 13 1 14 9 34 12 22 56 46 38 
#38 52 30 2 2 60 11 4 12 50 50 7 5 5 28 
#16 2 16 43 62 16 39 13 18 24 2 58 15 4 14 
#23 64 30 14 7 13 11 4 18 32 3 27 25 46 2 
#9 64 61 34 62 60 10 14 30 0 5 27 10 46 46 
#7 64 13 24 8 10 39 14 4 9 40 33 3 32 2 
#7 33 13 10 62 16 9 1 42 1 9 58 56 15 6 
#38 39 7 9 2 16 33 21 12 27 48 44 5 13 42 
#16 2 15 43 10 1 40 13 9 24 2 42 46 26 14 
#5 3 35 69 2 4 11 4 2 0 33 11 11 31 53 
#9 33 30 34 7 60 31 31 42 0 33 11 25 65 46 
#37 0 8 69 27 10 7 14 42 1 33 33 15 32 6 
#23 64 13 24 15 16 14 10 2 1 33 58 3 9 24 
#2 24 7 9 31 2 61 18 2 27 48 44 25 26 46 
#26 19 39 30 38 8 61 14 9 32 32 27 46 46 38 
#37 3 1 24 38 10 31 17 4 5 33 69 11 24 24 
#16 4 40 63 7 48 31 41 2 21 33 22 25 18 48 
#37 16 13 63 27 10 6 31 50 1 30 58 12 44 6 
#23 33 17 30 15 60 1 10 7 16 9 3 46 9 38 
50 56 11 42 9 10 
14 29 33 7 12 43 
26 47 15 51 27 54 
58 39 13 18 19 3 
52 8 32 45 55 23 
37 22 57 17 28 0 
#Base: 918
#Max: 546
#594771
#Turn 4
#5 3 1 24 38 10 11 17 4 5 33 11 11 31 24 
#10 3 1 14 2 10 31 67 18 5 21 69 11 24 2 
#38 52 16 2 2 60 39 67 18 5 50 7 5 31 28 
#38 52 30 30 2 13 1 4 9 50 50 7 56 46 16 
#10 52 39 30 2 13 1 14 9 50 11 42 56 31 28 
#7 33 13 24 7 36 1 1 9 34 9 58 46 7 14 
#26 2 13 30 62 36 31 0 42 16 9 58 1 4 16 
#37 2 48 10 62 58 31 10 42 2 5 3 1 4 16 
#1 19 39 10 10 13 10 14 42 2 40 27 10 46 38 
#23 2 16 14 10 16 39 13 18 24 2 58 15 4 14 
#14 64 1 10 62 10 32 1 42 1 40 58 56 24 24 
#38 33 30 10 62 16 33 1 42 24 9 7 56 48 6 
#38 2 30 34 7 60 31 13 12 24 33 11 5 48 46 
#9 33 40 24 7 48 31 31 42 21 40 11 1 24 46 
#37 24 7 24 31 48 61 41 9 27 40 22 25 26 46 
#37 2 15 10 62 10 6 10 42 1 5 69 12 44 6 
#14 2 15 24 39 13 10 10 42 32 12 69 10 46 53 
#14 33 13 69 62 60 39 13 30 0 29 58 46 65 53 
#9 33 13 69 62 36 10 13 42 1 29 33 15 32 6 
#37 0 48 63 62 16 6 3 50 8 29 4 15 32 6 
#37 0 61 69 27 58 10 17 42 1 5 69 15 4 16 
#0 2 39 9 10 60 9 67 42 1 5 3 56 4 22 
#9 64 61 9 62 60 9 67 30 0 5 3 56 46 22 
#9 64 39 34 62 8 61 14 9 32 32 27 10 46 38 
#16 0 39 63 38 8 61 31 9 32 33 11 46 65 6 
#16 38 13 10 10 16 39 67 6 5 21 27 10 46 2 
#16 4 35 63 7 1 7 41 2 5 33 11 25 18 48 
#16 39 30 63 7 4 11 41 2 21 33 11 46 18 46 
#16 4 40 2 7 4 11 27 2 0 5 58 46 44 14 
#7 53 40 16 38 13 35 17 9 21 30 31 12 32 14 
#5 33 35 69 2 60 11 4 9 0 33 58 11 31 38 
#37 16 1 30 30 36 1 17 4 16 9 69 11 7 24 
#37 2 48 14 2 58 39 67 42 5 21 4 1 4 16 
#1 19 39 10 62 58 10 4 12 50 50 3 56 15 38 
#9 64 61 14 10 13 39 14 9 32 3 42 56 46 16 
#16 52 39 20 2 16 11 13 18 50 2 58 22 4 14 
#7 64 1 24 38 60 9 14 9 32 9 58 1 15 24 
#26 33 13 30 30 36 9 0 50 16 9 58 56 15 14 
#37 2 48 2 62 60 31 10 42 24 50 4 1 48 17 
#1 33 30 10 62 58 31 31 42 0 33 3 56 15 46 
#37 64 40 14 38 13 61 41 9 32 40 27 1 24 48 
#16 2 7 43 62 2 61 13 2 24 2 58 15 26 14 
#14 64 13 24 27 10 32 31 50 1 40 58 12 44 24 
#14 33 15 10 62 16 9 10 42 1 5 69 10 15 53 
#38 64 13 2 39 13 39 14 12 32 50 7 5 48 17 
#9 33 30 69 7 60 31 31 42 0 33 11 46 65 53 
#37 39 13 24 38 36 6 44 9 21 29 33 15 24 6 
#2 24 7 63 27 2 39 18 18 8 48 4 25 31 53 
#37 0 13 63 27 10 6 31 42 1 33 58 12 32 6 
#9 2 15 10 62 13 10 17 42 1 5 69 15 46 53 
#14 16 39 9 7 60 39 14 1 32 12 3 10 46 53 
#9 64 13 69 62 60 10 14 30 0 5 27 46 65 53 
#26 39 39 69 62 8 6 14 50 1 32 27 46 46 38 
#16 0 8 63 27 60 39 31 18 8 33 11 15 31 53 
#14 0 8 2 27 10 39 67 42 5 33 27 10 46 2 
#9 2 35 10 7 1 10 17 2 5 5 69 25 65 16 
#16 4 39 9 7 60 31 67 2 21 40 22 56 13 22 
#9 39 61 69 7 4 11 13 30 0 5 11 46 65 46 
#16 4 40 2 38 8 61 27 9 32 30 58 46 44 38 
#7 0 26 16 7 60 35 17 18 0 30 31 15 32 14 
37 4 19 30 11 36 
21 43 3 23 14 32 
16 56 24 52 20 53 
33 40 45 17 22 38 
44 42 39 51 10 2 
41 49 34 57 58 18 
#Base: 918
#Max: 584
#636166
#Turn 5
#10 52 39 30 30 36 1 14 50 16 11 58 56 15 28 
#37 52 39 30 62 16 1 14 9 8 29 42 56 31 28 
#37 33 35 69 62 60 6 3 50 0 33 58 15 32 6 
#38 33 30 10 62 60 33 1 9 24 33 58 11 31 6 
#38 33 30 10 38 60 33 1 9 24 9 58 1 15 24 
#0 33 15 9 62 16 9 10 42 1 5 69 10 4 53 
#38 33 30 10 62 16 1 10 9 1 5 69 10 15 53 
#9 52 39 30 2 13 1 4 9 32 32 7 10 46 38 
#9 24 39 24 62 48 61 41 9 32 40 22 25 46 46 
#37 24 48 24 2 58 39 41 9 5 21 4 1 26 16 
#16 2 15 9 39 13 31 67 42 21 12 69 56 13 53 
#16 4 39 9 38 8 31 31 9 32 40 22 56 65 22 
#26 0 39 63 38 8 6 31 50 1 32 27 46 46 38 
#26 0 61 69 27 58 6 14 50 1 32 27 46 4 38 
#16 0 8 69 27 58 39 31 18 1 5 11 15 4 53 
#37 64 40 14 62 13 10 4 12 32 50 3 1 24 48 
#9 64 30 14 7 13 61 41 42 32 40 11 46 65 53 
#14 33 30 69 62 60 39 31 30 0 33 11 46 65 53 
#9 33 61 9 62 60 39 13 30 0 29 3 56 46 22 
#9 2 48 9 62 60 31 67 30 24 5 3 1 48 22 
#38 64 13 2 27 13 39 14 50 1 50 7 5 48 17 
#1 64 30 10 62 58 32 31 50 0 33 58 56 15 24 
#1 64 30 10 62 58 10 31 42 0 33 27 46 65 53 
#14 64 1 10 62 60 32 1 42 0 40 27 46 65 24 
#14 52 1 2 62 60 39 1 18 5 40 58 5 24 28 
#16 2 15 43 62 13 10 13 2 24 2 58 15 26 53 
#9 2 61 14 62 13 39 17 9 1 5 69 15 46 16 
#9 64 61 69 7 4 39 14 30 32 3 42 46 65 16 
#16 39 40 69 7 4 61 27 30 32 30 58 46 44 46 
#9 33 13 2 62 36 10 27 42 1 29 58 15 44 38 
#0 33 39 9 10 36 9 67 42 1 9 58 56 4 22 
#14 33 39 10 2 13 9 10 9 1 11 69 56 31 53 
#38 0 30 30 2 16 6 4 9 8 29 7 56 46 6 
#5 64 39 34 62 60 11 4 9 0 32 27 11 31 38 
#38 33 30 10 62 48 33 41 42 27 40 7 25 48 6 
#7 64 48 24 38 60 39 67 42 32 21 4 1 4 16 
#0 2 15 24 10 13 9 67 42 1 12 3 10 46 22 
#16 33 15 10 7 60 31 10 2 21 5 69 56 13 53 
#16 0 39 30 2 13 1 31 9 50 33 7 56 46 6 
#9 64 39 69 62 8 6 14 9 32 32 27 46 46 38 
#37 0 7 24 31 58 10 41 42 27 40 69 25 26 16 
#37 2 8 63 2 58 39 67 42 8 33 11 15 4 16 
#1 19 15 24 62 13 10 10 42 50 50 3 10 46 38 
#16 4 40 9 38 60 61 41 9 21 40 22 56 13 22 
#9 33 30 69 7 8 31 31 9 32 33 11 46 65 53 
#14 33 13 69 62 8 39 13 50 0 32 27 46 46 38 
#9 64 61 9 27 58 10 17 42 1 5 3 56 46 16 
#37 0 8 63 62 60 39 31 42 8 50 11 1 31 17 
#38 64 13 2 62 58 39 14 12 50 50 7 56 48 17 
#14 64 40 24 27 13 61 31 50 32 40 58 1 24 24 
#1 33 30 10 7 60 31 31 42 0 33 3 56 65 46 
#9 33 13 69 62 60 10 14 30 0 29 27 46 65 53 
#9 64 1 10 62 10 32 1 30 1 40 58 56 46 24 
#38 2 48 2 62 60 39 10 18 24 50 7 5 48 17 
#16 64 7 2 39 13 61 13 12 32 2 58 5 48 14 
#9 64 13 10 62 13 32 31 42 1 40 58 15 46 24 
#1 64 61 14 10 58 39 31 42 0 33 3 56 15 16 
#9 39 61 69 7 60 10 13 30 0 5 27 46 65 53 
#14 4 40 2 62 10 61 27 42 32 40 58 56 24 38 
#9 33 16 2 62 60 10 13 18 1 50 7 5 31 28 
3 1 55 13 56 53 
40 12 52 16 47 46 
19 10 27 51 21 44 
8 57 28 17 48 58 
43 35 39 22 2 45 
33 34 18 23 49 50 
#Base: 918
#Max: 576
#627451
#Turn 6
#38 33 39 30 62 16 1 1 9 8 33 42 56 31 6 
#37 64 39 10 62 16 1 31 42 1 40 58 56 31 28 
#26 0 13 69 27 13 32 31 50 1 40 58 15 46 38 
#1 64 61 69 27 58 6 31 50 1 33 27 56 15 38 
#1 2 61 2 62 58 39 31 18 0 33 7 56 48 16 
#37 0 39 24 31 58 10 31 42 1 40 27 25 26 38 
#9 64 1 10 62 8 6 1 50 1 40 27 56 46 38 
#9 64 1 14 7 13 61 41 42 32 40 11 46 46 24 
#9 64 30 14 7 13 61 41 42 32 40 11 1 31 53 
#37 64 8 9 62 58 10 31 42 8 5 11 56 46 17 
#16 2 15 9 62 13 31 67 30 24 5 69 56 13 53 
#16 2 15 9 39 4 39 14 42 32 12 69 56 65 53 
#9 64 61 69 7 60 10 14 30 32 3 27 46 65 16 
#9 33 13 10 62 60 10 31 50 0 33 58 46 15 24 
#9 64 30 69 62 58 32 31 50 32 33 58 46 15 24 
#9 24 61 69 62 48 61 41 9 0 5 22 25 65 53 
#16 39 40 69 7 60 61 27 30 0 30 58 46 65 46 
#14 33 30 69 62 60 39 27 30 32 30 11 46 65 46 
#14 64 30 2 62 60 39 14 12 0 33 11 46 48 53 
#38 4 13 2 62 58 61 27 42 32 50 58 56 48 38 
#16 64 48 9 38 60 39 41 42 21 40 4 56 4 16 
#7 64 39 24 62 60 6 14 9 32 21 27 1 4 16 
#1 64 30 69 62 58 6 31 42 0 33 27 46 65 53 
#1 64 30 10 62 60 6 3 42 0 33 58 46 32 6 
#37 33 35 69 62 8 6 3 50 0 32 27 15 32 38 
#5 64 39 10 62 48 11 41 9 27 40 27 25 31 38 
#38 33 61 10 62 60 33 13 30 0 40 7 25 48 6 
#14 64 61 9 62 60 39 1 30 0 40 3 56 65 22 
#14 64 1 10 27 13 32 31 42 32 40 27 46 65 24 
#1 33 30 24 27 13 31 31 42 0 33 58 1 65 46 
#38 0 30 24 62 60 10 1 9 24 33 69 11 31 6 
#26 0 39 30 38 8 1 14 9 1 29 42 46 31 28 
#9 64 1 10 62 13 32 31 30 1 40 58 15 46 24 
#9 64 61 69 7 13 61 14 50 32 32 27 46 4 38 
#37 64 61 63 10 60 39 31 42 0 33 3 56 31 17 
#9 2 48 9 62 60 10 10 18 1 50 7 5 48 16 
#37 0 7 9 62 60 31 67 42 27 40 3 25 48 16 
#16 2 15 9 38 13 6 67 50 21 32 69 56 46 38 
#9 64 1 69 62 4 32 14 30 1 40 58 46 46 24 
#9 64 13 69 62 60 10 14 42 0 29 27 46 65 53 
#37 0 30 10 62 60 32 31 42 0 33 58 1 15 24 
#9 33 61 69 7 8 31 17 42 1 5 11 46 46 16 
#9 2 48 9 62 60 61 67 30 32 5 22 1 48 46 
#16 2 15 69 39 60 31 13 42 21 5 27 56 65 53 
#16 39 61 69 7 4 61 14 30 32 30 42 46 44 16 
#14 33 30 69 62 60 39 14 30 0 33 11 46 65 53 
#38 64 30 10 62 58 32 14 12 50 50 58 56 48 24 
#9 4 40 69 62 8 31 27 42 32 33 11 56 24 38 
#16 4 39 24 62 48 61 41 9 21 40 22 25 46 22 
#7 64 61 24 7 60 39 13 30 32 5 27 46 4 16 
#9 39 39 69 62 4 61 27 9 32 32 58 46 46 38 
#1 33 30 10 62 58 10 31 42 0 33 27 46 65 53 
#37 64 35 69 62 60 39 3 12 0 33 58 15 32 17 
#14 33 40 2 62 8 39 13 50 32 40 27 46 46 38 
#5 64 39 9 38 60 61 4 9 0 32 27 56 13 38 
#38 64 30 10 38 48 39 67 42 27 21 7 25 4 6 
#9 64 39 9 62 8 39 14 9 0 32 27 56 46 22 
#1 64 1 10 62 58 10 31 42 0 33 27 46 65 24 
#14 64 40 24 27 13 61 3 50 0 40 58 1 24 24 
#1 33 13 10 62 8 31 31 42 0 32 27 46 65 46 
48 26 37 1 20 53 
9 11 51 39 38 47 
10 44 15 19 17 18 
52 50 16 14 46 27 
23 42 3 22 45 12 
54 57 43 34 33 36 
#Base: 918
#Max: 613
#667756
#Turn 7
#38 4 39 24 62 60 61 13 30 0 40 22 25 46 6 
#16 33 15 9 38 13 33 13 50 0 40 7 56 46 6 
#16 2 39 9 62 16 6 67 50 21 32 69 56 31 28 
#16 64 48 9 62 16 39 41 42 21 40 58 56 4 16 
#14 33 40 2 62 8 39 13 50 32 40 4 46 4 16 
#16 64 15 9 62 4 10 31 42 8 12 11 56 46 53 
#16 2 30 10 39 58 39 31 42 32 33 69 46 65 53 
#1 64 30 69 62 60 10 14 42 0 33 27 46 65 53 
#9 64 1 69 62 60 32 14 30 1 40 58 46 65 24 
#9 4 1 69 62 8 31 14 42 1 33 11 46 46 24 
#16 39 61 9 7 13 61 67 30 32 30 69 46 13 53 
#16 39 61 69 62 48 61 41 9 32 5 22 46 44 53 
#38 4 61 2 62 48 61 27 9 0 5 58 56 65 38 
#14 4 13 2 62 60 39 27 42 32 50 58 56 65 46 
#14 64 30 69 62 60 39 14 30 0 33 11 46 65 46 
#9 64 39 69 62 60 39 27 9 32 33 58 46 32 38 
#16 39 40 69 7 60 61 27 9 32 30 58 46 46 38 
#9 39 30 69 7 58 61 31 50 0 30 58 46 65 46 
#38 64 30 69 62 58 32 31 12 50 33 58 46 48 24 
#38 64 61 10 62 60 39 1 30 0 40 58 56 48 24 
#9 2 30 9 62 60 61 67 30 32 5 22 46 48 6 
#1 2 61 9 62 58 61 31 50 1 33 22 1 48 38 
#1 64 30 69 62 58 6 31 42 1 33 27 56 65 53 
#14 64 30 69 62 58 6 14 42 0 33 11 46 65 53 
#9 33 30 69 7 60 10 14 30 0 3 11 46 65 16 
#1 64 39 10 38 58 10 31 42 0 32 27 56 13 38 
#16 2 15 10 62 58 10 13 42 0 33 27 56 65 53 
#37 2 15 69 10 60 31 31 42 21 33 27 56 65 53 
#37 64 61 69 7 13 39 14 50 32 33 3 56 31 17 
#9 64 7 9 62 13 31 14 50 27 32 3 25 4 16 
#16 4 39 9 62 48 10 41 42 8 5 22 56 46 22 
#38 2 15 9 62 4 39 13 42 32 40 7 56 48 6 
#16 2 30 9 38 13 10 31 50 0 32 27 46 46 38 
#37 64 13 10 62 16 10 31 42 0 29 27 56 31 28 
#9 64 48 69 38 4 39 14 42 21 40 4 46 4 16 
#9 33 40 2 62 8 31 13 50 32 40 11 46 24 38 
#37 64 8 9 62 58 31 67 30 24 5 11 56 46 17 
#16 39 15 69 7 4 39 14 30 32 12 69 46 44 16 
#9 33 30 10 62 48 61 41 9 0 5 22 46 65 53 
#9 4 13 69 62 58 61 27 42 32 50 27 46 65 38 
#9 64 30 69 62 4 32 27 30 32 30 11 46 46 46 
#14 64 40 2 62 8 39 14 12 32 33 11 56 24 53 
#16 2 15 9 62 13 31 3 12 0 5 69 15 13 17 
#9 39 61 69 7 4 61 14 9 32 32 58 46 46 38 
#16 39 40 69 62 60 61 41 9 0 30 22 25 65 53 
#9 64 13 69 62 58 32 27 42 32 50 58 46 48 24 
#38 33 30 69 62 58 39 14 30 50 30 11 46 48 24 
#14 64 30 2 62 60 39 1 30 0 40 11 56 65 53 
#1 64 30 10 62 60 6 3 12 0 33 58 46 32 6 
#9 2 48 69 62 60 61 67 30 32 5 58 1 48 46 
#1 64 61 69 7 58 6 27 50 0 30 27 46 15 46 
#9 64 30 69 62 58 6 31 42 32 33 58 46 15 24 
#38 33 30 10 62 60 32 14 30 0 33 58 56 48 53 
#9 64 61 9 7 60 10 1 30 32 3 3 46 65 16 
#1 64 30 10 62 60 61 3 42 0 33 27 56 32 38 
#1 64 1 9 62 58 61 67 42 0 5 27 46 48 24 
#1 64 61 69 27 58 6 31 50 21 5 27 56 65 38 
#1 64 61 69 62 60 39 31 42 0 33 3 46 65 53 
#14 64 61 69 62 60 39 14 50 0 33 11 46 65 38 
#9 0 7 9 7 60 10 14 42 27 3 3 46 65 16 
2 28 10 16 27 36 
54 3 6 22 46 40 
55 13 11 15 49 52 
56 39 45 18 58 44 
43 23 14 57 17 8 
50 12 51 19 7 47 
#Base: 918
#Max: 655
#713508
#Turn 8
#37 2 61 9 62 13 39 67 50 21 32 69 56 31 28 
#37 64 61 9 7 13 61 67 30 32 33 3 56 13 17 
#16 39 40 69 7 13 61 67 9 32 30 58 46 13 53 
#37 39 40 69 10 60 31 31 42 32 30 27 46 65 53 
#37 2 15 9 62 58 31 31 42 24 33 27 56 65 17 
#1 64 30 9 62 16 39 41 42 21 33 58 56 4 16 
#16 2 30 9 39 58 39 41 42 21 33 69 46 65 53 
#1 64 30 10 39 58 39 31 42 1 33 69 46 65 53 
#1 33 30 69 62 58 6 14 30 1 30 27 46 65 53 
#9 64 30 69 62 4 32 14 30 50 30 11 46 48 24 
#1 64 13 9 62 60 39 67 42 32 50 58 56 65 46 
#14 39 13 2 62 60 61 27 42 32 5 58 56 44 53 
#16 39 61 69 62 60 61 41 9 32 5 58 46 32 53 
#9 2 39 69 62 60 39 27 30 32 33 58 1 32 38 
#9 2 30 10 62 60 61 14 30 32 33 58 1 48 46 
#9 4 61 69 62 58 61 27 50 32 5 27 46 65 38 
#9 4 13 69 62 58 61 27 42 32 50 58 46 48 38 
#38 64 30 69 62 58 32 27 12 32 33 58 46 48 24 
#38 64 30 69 62 58 39 14 50 50 33 58 46 48 38 
#14 39 61 69 62 60 61 41 9 0 33 11 25 65 38 
#9 64 30 69 7 4 61 14 42 0 32 58 46 65 53 
#14 64 30 69 62 58 6 14 42 0 33 11 46 65 53 
#1 64 61 69 62 60 39 14 42 0 33 3 46 65 46 
#9 39 30 69 7 60 61 31 42 0 30 3 46 65 53 
#9 64 1 69 62 58 32 14 30 1 40 58 46 65 24 
#38 4 61 2 7 58 61 27 9 0 5 27 56 65 38 
#9 4 61 69 62 48 6 27 42 0 5 58 56 15 24 
#9 64 30 10 62 60 6 1 42 0 33 58 56 15 24 
#38 64 61 69 62 60 39 14 42 0 33 27 46 48 24 
#1 64 30 2 62 60 39 14 42 0 33 11 56 65 53 
#16 2 30 10 62 60 6 3 50 0 33 27 56 32 38 
#37 64 61 69 62 13 39 41 42 32 33 58 56 4 16 
#16 2 30 9 7 13 39 31 30 32 30 69 46 13 53 
#1 39 30 69 62 60 6 31 42 1 33 27 56 46 38 
#37 33 30 69 10 60 39 14 42 21 33 27 46 48 53 
#37 64 30 9 62 58 31 27 30 24 30 11 46 46 46 
#1 64 1 10 62 60 61 67 42 0 33 27 56 48 24 
#16 4 13 9 62 16 39 41 42 32 40 58 56 4 46 
#16 2 30 69 39 48 61 31 9 32 5 22 46 44 53 
#1 64 30 69 62 58 6 27 42 1 33 58 56 65 38 
#38 2 48 69 62 58 39 67 30 50 30 58 1 48 24 
#38 64 30 69 62 4 32 27 30 0 33 11 46 46 46 
#1 64 1 9 62 58 61 67 42 21 5 27 46 65 38 
#14 4 13 2 62 58 39 27 42 32 50 58 56 65 46 
#16 39 61 69 62 48 32 27 42 32 5 22 46 48 53 
#38 64 30 69 62 60 32 31 9 32 33 58 46 32 38 
#9 2 61 69 62 60 61 67 30 32 33 11 1 48 38 
#16 33 40 10 62 60 32 14 9 0 33 58 25 65 53 
#1 39 61 69 27 4 61 31 9 32 5 58 46 46 38 
#9 4 30 69 62 58 61 14 42 32 50 27 46 65 38 
#14 64 13 69 62 60 39 27 42 32 50 11 46 65 24 
#38 64 30 69 62 60 32 31 42 50 33 3 46 65 53 
#14 39 61 69 7 58 61 14 50 0 33 11 46 65 38 
#9 64 40 69 62 60 61 14 30 0 30 58 25 65 24 
#9 39 61 69 7 58 61 14 9 0 32 27 46 15 38 
#38 4 30 69 62 58 6 14 9 0 5 11 56 65 53 
#14 64 30 69 62 60 39 14 42 0 33 58 46 15 46 
#38 64 61 10 62 60 39 31 30 0 40 58 56 48 53 
#9 39 30 69 62 58 61 31 42 0 30 27 46 65 46 
#14 64 30 69 62 60 32 1 30 0 40 11 46 65 53 
20 34 0 22 7 52 
6 42 19 17 44 11 
43 56 28 12 45 46 
15 31 57 18 10 16 
21 49 58 51 40 53 
36 59 39 50 3 24 
#Base: 918
#Max: 697
#759259
#Turn 9
#37 33 30 69 10 4 61 14 42 21 32 27 46 48 53 
#37 2 30 9 62 13 39 67 42 21 33 27 56 48 53 
#37 64 61 9 62 60 39 14 42 0 32 69 56 65 28 
#1 64 30 69 62 60 39 14 42 1 33 3 46 65 46 
#1 39 30 10 7 58 61 14 42 0 33 69 46 65 38 
#16 64 30 9 62 58 39 67 42 21 33 69 46 65 38 
#14 64 1 69 62 60 61 41 42 21 5 11 46 65 38 
#14 39 61 69 62 60 61 41 9 32 33 11 25 48 24 
#16 64 30 69 62 48 32 27 12 32 33 58 46 48 53 
#16 39 61 69 62 48 61 27 42 32 5 58 46 48 53 
#14 64 30 2 62 60 39 14 42 0 50 58 56 15 46 
#38 64 30 69 62 60 39 14 42 0 33 58 46 15 46 
#16 39 61 69 62 60 39 14 42 0 5 27 46 32 24 
#38 64 61 69 62 60 61 31 9 32 5 58 46 32 53 
#9 64 61 69 62 60 61 31 30 32 33 58 1 48 38 
#37 64 61 69 62 58 39 41 50 32 5 27 56 4 16 
#37 64 61 69 62 13 39 41 30 0 33 58 56 48 53 
#38 64 30 10 62 60 39 14 50 0 33 58 46 48 53 
#38 64 30 9 62 60 39 14 42 50 50 58 46 65 46 
#9 64 13 9 62 60 61 67 42 32 50 58 56 48 46 
#14 64 30 69 62 58 61 14 42 32 33 11 46 65 53 
#9 39 30 69 62 58 61 14 42 32 30 27 46 65 38 
#9 64 30 69 62 60 32 31 42 0 30 27 46 65 46 
#38 64 30 69 62 58 32 67 30 50 30 3 1 65 53 
#9 64 40 69 62 58 39 14 30 50 30 58 1 65 24 
#14 64 1 10 62 60 32 1 30 0 33 27 56 65 24 
#1 64 30 69 62 60 32 1 42 1 40 58 46 65 53 
#14 64 30 69 62 58 39 27 42 1 50 58 46 65 24 
#37 64 40 69 10 60 39 31 42 32 50 27 46 65 24 
#37 39 1 69 62 58 32 14 42 1 30 27 46 65 24 
#9 64 30 9 39 58 61 41 42 0 32 58 46 65 53 
#37 64 1 9 10 58 61 67 42 21 5 27 46 65 53 
#14 39 61 69 62 60 39 67 9 0 33 11 25 31 38 
#38 64 30 69 62 60 39 14 12 32 33 58 46 48 46 
#16 39 30 69 62 58 32 31 42 32 5 69 46 48 53 
#14 39 13 2 62 58 61 14 50 32 33 11 46 65 53 
#16 4 30 2 39 58 39 41 42 32 33 58 46 65 53 
#14 64 1 9 62 60 39 14 42 0 5 27 46 15 46 
#14 39 61 69 62 60 61 14 9 0 33 11 25 48 24 
#16 64 30 69 62 60 32 27 12 32 5 58 46 48 53 
#38 64 61 69 62 48 32 27 9 32 33 58 46 48 38 
#14 2 13 2 62 60 61 27 42 32 33 58 56 44 53 
#9 4 13 2 62 58 39 27 42 32 5 58 46 65 38 
#37 64 30 69 62 60 39 41 42 0 33 58 56 4 46 
#38 64 61 69 62 60 39 31 30 0 40 27 56 48 53 
#16 39 61 69 62 58 39 14 9 32 33 58 46 32 38 
#1 64 30 69 62 60 39 31 42 32 50 58 46 65 46 
#9 4 13 69 62 60 61 67 30 32 33 11 46 48 38 
#9 64 61 69 62 58 6 14 50 0 33 27 46 65 38 
#37 64 61 69 62 13 61 14 42 32 50 27 56 65 38 
#38 64 30 10 62 60 39 31 42 0 40 27 56 65 46 
#38 64 30 69 62 58 32 14 42 50 33 58 46 65 53 
#38 2 48 9 62 58 39 67 42 32 30 58 56 65 46 
#9 4 13 69 62 58 61 14 42 32 30 58 46 65 38 
#1 64 30 69 62 60 6 67 42 0 33 11 56 48 24 
#14 64 30 69 62 58 32 14 42 0 50 11 46 65 53 
#1 64 30 69 62 58 6 31 42 1 33 58 46 65 38 
#38 64 30 69 62 60 39 27 42 50 33 3 46 65 24 
#37 39 48 69 10 60 31 31 30 32 30 27 1 65 53 
#9 64 40 69 62 58 61 14 30 0 30 58 46 65 24 
30 17 15 23 21 24 
26 22 43 19 8 11 
45 34 40 18 44 2 
57 9 13 51 49 33 
50 28 20 46 5 52 
55 59 27 16 14 39 
#Base: 918
#Max: 714
#777778
#38 64 30 9 39 60 61 14 42 0 32 58 46 48 53 
#37 64 61 10 62 60 39 14 50 32 33 58 56 4 53 
#38 64 61 69 62 58 39 67 50 32 5 3 1 4 16 
#9 39 30 69 62 58 61 14 42 32 30 3 46 65 38 
#9 64 30 69 62 58 61 14 30 50 30 27 1 65 38 
#1 64 30 69 62 60 32 1 42 0 40 27 46 65 53 
#37 64 30 69 62 60 32 41 42 0 30 27 46 65 46 
#9 64 13 69 62 60 39 67 42 32 50 58 56 48 46 
#9 64 13 69 62 48 32 67 12 32 33 58 46 48 53 
#16 64 30 69 62 60 32 14 42 32 33 58 46 15 53 
#16 39 61 69 62 58 32 14 42 32 33 58 46 48 38 
#16 64 61 69 62 48 32 31 9 32 5 69 46 48 38 
#38 64 30 69 62 60 39 27 42 50 33 58 46 65 38 
#38 64 61 9 62 60 39 31 42 50 50 27 46 48 53 
#37 64 61 69 62 60 39 14 30 0 40 69 56 48 28 
#16 39 61 69 62 48 39 27 42 32 33 3 46 48 24 
#16 64 61 69 62 48 61 31 9 32 5 58 46 48 53 
#38 64 30 69 62 58 32 31 42 32 5 58 46 32 53 
#38 64 61 69 62 13 32 14 42 50 50 58 56 65 38 
#37 64 61 69 62 13 61 14 12 32 33 58 46 48 46 
#37 64 30 10 10 60 39 31 42 32 40 27 56 65 24 
#14 64 40 69 62 60 61 31 42 32 33 27 46 65 53 
#1 64 30 69 62 58 39 14 42 32 50 58 46 65 46 
#16 64 30 69 62 58 39 31 42 32 50 69 46 65 46 
#16 2 30 9 62 58 39 67 42 21 30 58 56 65 38 
#14 64 40 69 62 58 32 14 42 0 50 11 46 65 53 
#14 64 30 69 62 58 61 27 30 0 50 58 46 65 24 
#37 64 61 69 62 13 39 41 30 0 33 58 46 48 24 
#37 64 61 69 62 13 61 41 30 0 33 58 56 48 38 
#9 64 61 69 62 60 61 27 12 32 5 58 46 48 53 
#9 64 30 9 62 60 61 1 42 0 40 58 46 65 53 
#9 64 30 10 62 60 32 14 50 0 33 27 46 65 53 
#37 64 30 69 62 58 39 41 50 32 5 58 56 4 46 
#9 64 13 9 62 58 32 67 30 32 50 58 1 48 46 
#9 39 30 69 62 48 61 27 42 32 30 27 46 48 38 
#9 64 40 69 62 58 39 14 30 0 33 58 46 65 24 
#1 64 61 69 62 60 32 1 42 1 33 58 46 32 38 
#9 64 30 69 62 60 32 31 42 32 5 27 46 65 46 
#38 64 61 69 62 48 39 41 42 0 33 58 46 48 46 
#9 64 30 9 62 60 61 14 42 50 50 58 46 65 46 
#38 64 30 69 62 60 32 27 12 0 40 27 46 48 53 
#37 64 61 9 62 60 39 14 42 0 33 58 46 15 28 
#16 64 30 69 62 58 39 27 9 32 33 3 46 65 38 
#16 39 30 69 62 48 32 27 42 32 5 69 46 48 53 
#38 64 61 69 62 48 32 27 9 32 5 58 46 32 53 
#38 64 30 69 62 60 39 14 42 50 50 58 46 65 46 
#38 64 61 69 62 13 39 31 42 32 40 27 56 65 53 
#38 64 61 9 62 60 39 14 42 0 33 69 56 65 46 
#38 64 30 69 62 60 39 27 42 50 33 3 56 65 46 
#16 39 61 69 62 60 61 31 42 32 50 58 46 48 24 
#38 64 61 69 62 60 61 14 9 32 5 58 46 32 53 
#1 64 30 69 62 58 39 31 42 32 33 58 46 65 53 
#16 64 30 9 62 58 61 14 42 32 50 27 46 65 38 
#38 64 48 9 62 60 39 67 42 32 30 58 56 65 46 
#38 64 30 10 62 58 39 31 42 0 50 11 46 65 46 
#9 64 40 69 62 58 61 14 30 0 30 58 46 65 24 
#14 64 30 69 62 58 39 27 42 32 50 11 46 65 24 
#1 64 61 69 62 60 39 41 30 32 50 58 46 65 53 
#16 64 61 9 62 58 39 67 42 32 33 69 1 48 38 
#16 64 48 69 62 60 32 67 42 32 30 58 56 65 53 
#Base: 918
#Max: 754
#821351
