#[0] 3, 3
#[1] 4, 3
#[2] 3, 4
#[3] 3, 2
#[4] 2, 3
#[5] 2, 4
#[6] 1, 3
#[7] 2, 2
#[8] 3, 1
#[9] 4, 4
#[10] 5, 3
#[11] 3, 5
#[12] 4, 2
#[13] 3, 0
#[14] 5, 4
#[15] 4, 5
#[16] 5, 2
#[17] 4, 1
#[18] 0, 3
#[19] 1, 4
#[20] 2, 1
#[21] 1, 2
#[22] 2, 5
#[23] 0, 4
#[24] 5, 1
#[25] 0, 2
#[26] 5, 5
#[27] 1, 5
#[28] 2, 0
#[29] 1, 1
#[30] 4, 0
#[31] 0, 5
#[32] 1, 0
#[33] 0, 1
#[34] 5, 0
#[35] 0, 0
#Turn 0
38 14 42 9 53 26 
59 23 54 1 28 7 
29 48 43 0 12 21 
44 10 35 33 47 15 
34 19 52 11 46 37 
18 22 25 32 31 39 
#Base: 928
#Max: 350
#377155
#Turn 1
#43 33 37 8 22 0 17 28 6 9 28 55 22 32 19 
#43 33 13 3 22 4 1 28 24 18 7 4 6 19 50 
#43 11 50 0 25 4 4 7 7 17 7 46 24 19 50 
#4 11 43 7 15 8 4 4 7 28 13 23 28 34 5 
#6 50 43 6 8 0 36 4 51 28 17 39 28 7 16 
#13 12 25 19 11 22 30 33 4 10 18 2 19 11 10 
#12 12 13 7 41 22 13 1 19 25 18 50 20 33 22 
#12 13 38 8 2 19 1 1 66 4 4 16 32 6 22 
#37 31 28 8 6 7 1 30 66 4 15 25 4 60 28 
#9 18 13 3 31 13 57 7 18 17 11 25 4 60 28 
#1 14 9 45 12 19 6 46 39 2 35 32 16 27 33 
#43 15 22 42 12 4 6 58 9 3 6 32 55 5 3 
#1 5 1 19 3 6 60 17 27 3 14 11 1 21 29 
#8 5 1 39 17 6 3 22 15 22 1 11 1 21 29 
#8 53 59 59 17 12 3 1 7 34 1 14 10 11 30 
#8 10 3 4 7 19 43 23 2 11 47 14 33 56 49 
#14 55 11 11 17 6 22 23 19 11 5 14 6 28 49 
#14 32 11 11 17 50 26 24 19 5 5 63 6 3 19 
#12 63 44 2 10 27 26 6 12 28 6 1 20 1 2 
#12 14 23 22 26 7 45 1 12 17 12 5 20 1 2 
#27 15 2 6 32 29 1 63 22 10 12 38 23 2 24 
#11 15 2 6 32 3 1 2 14 7 25 16 10 28 24 
#11 25 13 55 13 16 57 2 20 7 9 1 4 4 57 
#60 25 4 15 13 22 24 21 36 2 9 1 4 4 31 
#60 16 21 5 2 60 15 6 7 14 4 0 18 7 31 
#13 6 16 30 0 21 30 5 35 28 52 4 37 14 25 
#13 16 7 25 16 5 18 1 19 15 1 57 37 14 35 
#40 16 25 25 7 8 19 1 2 14 30 0 23 16 23 
#1 34 32 14 2 8 34 30 2 14 30 2 66 32 4 
#7 30 26 14 2 16 34 7 9 11 49 7 44 32 4 
#15 38 25 19 11 14 30 33 4 10 47 2 22 32 27 
#13 12 13 7 41 22 22 28 19 7 28 14 6 33 19 
#43 13 50 3 2 4 13 1 9 25 36 4 24 19 50 
#37 31 28 0 6 8 1 11 66 17 4 34 20 32 18 
#6 18 43 7 31 7 45 30 10 28 15 23 4 34 5 
#9 29 30 3 8 13 57 1 18 0 17 35 23 43 32 
#3 14 9 19 11 16 30 46 39 2 47 2 19 27 38 
#1 15 22 42 41 22 6 58 5 7 18 32 20 32 10 
#12 13 38 61 3 4 13 17 9 3 14 12 32 5 46 
#1 31 28 8 54 19 1 11 66 22 4 34 1 21 29 
#8 18 59 39 31 7 45 30 10 10 15 14 13 60 11 
#9 5 5 59 2 6 8 7 7 17 24 35 23 11 30 
#3 10 9 4 3 19 4 46 46 2 35 17 16 27 9 
#14 55 0 7 12 6 19 58 5 39 47 14 16 28 3 
#14 7 11 43 3 50 13 24 19 2 14 12 6 3 46 
#1 6 11 19 11 6 60 22 27 5 4 11 1 21 29 
#8 63 59 39 10 12 0 44 12 28 23 1 20 11 11 
#64 5 23 59 14 17 45 1 23 17 12 5 20 4 30 
#36 52 3 4 3 19 17 4 22 10 14 38 23 56 9 
#14 55 2 7 32 6 1 23 2 11 47 14 20 28 24 
#14 25 11 55 14 3 20 24 20 2 17 16 6 28 19 
#10 25 11 15 11 27 57 6 62 5 9 47 8 5 75 
#12 16 9 4 2 22 24 44 12 2 4 0 20 1 2 
#49 3 21 13 4 17 45 1 23 17 21 29 18 7 31 
#36 6 6 28 0 14 17 31 22 10 12 4 23 2 19 
#13 25 16 6 18 29 18 5 14 7 25 57 37 14 25 
#40 16 13 25 14 3 20 1 20 31 62 0 10 16 57 
#10 25 25 25 7 8 57 21 2 14 30 1 4 4 23 
#1 16 9 14 2 22 34 6 9 13 4 2 44 44 4 
#7 12 26 49 4 60 15 7 7 11 31 7 48 7 31 
29 16 32 24 35 49 
25 36 17 39 0 10 
18 48 43 14 47 37 
4 11 46 51 40 15 
7 2 59 8 22 9 
23 20 33 56 28 38 
#Base: 928
#Max: 373
#401940
#Turn 2
#7 55 26 11 2 6 22 7 19 11 5 7 44 32 49 
#43 55 11 3 2 4 13 1 19 11 36 14 24 19 49 
#60 16 21 5 2 60 13 1 9 14 4 4 18 19 31 
#60 16 30 3 8 13 15 1 18 14 4 0 18 7 32 
#14 29 30 7 32 13 1 1 18 11 17 35 23 28 32 
#3 6 16 30 11 21 30 5 35 28 47 2 19 27 38 
#3 32 9 11 17 16 26 24 39 2 5 2 6 3 38 
#1 31 28 11 54 50 26 24 66 22 4 34 1 21 19 
#43 33 28 8 22 19 17 28 66 9 28 55 1 32 19 
#43 33 9 8 22 0 17 46 6 9 35 55 16 32 33 
#36 52 3 2 3 19 17 6 12 10 14 1 23 1 2 
#36 52 3 4 3 6 19 4 22 39 47 14 23 28 3 
#8 53 59 7 17 12 19 1 7 34 47 14 10 11 30 
#8 53 59 59 14 12 3 1 23 34 12 14 10 11 30 
#1 15 23 59 14 17 6 58 23 7 18 5 20 32 30 
#6 15 22 6 8 0 6 58 9 3 17 32 28 5 3 
#43 15 59 42 10 4 0 58 12 28 6 32 55 5 3 
#8 25 11 15 11 27 0 6 62 5 23 1 20 5 75 
#8 18 11 15 11 7 45 6 10 10 15 14 8 60 11 
#8 18 3 4 7 7 45 23 2 11 15 14 13 56 49 
#12 13 50 0 25 19 4 1 66 17 4 16 32 6 50 
#43 11 50 0 25 4 15 7 7 11 7 7 24 7 50 
#37 12 26 49 4 7 1 30 7 4 15 25 48 7 31 
#11 31 28 8 6 16 1 30 66 7 9 25 4 60 57 
#9 18 13 55 13 16 57 2 20 17 11 25 4 4 28 
#27 25 4 15 32 29 1 63 36 2 12 1 23 4 24 
#27 15 28 6 32 8 1 11 66 17 12 34 23 2 18 
#37 31 13 25 14 3 1 11 66 31 62 0 10 32 18 
#1 34 32 14 2 8 20 1 2 31 62 2 66 32 4 
#12 13 38 61 3 4 13 30 9 14 14 12 32 32 4 
#13 30 16 14 2 16 34 7 35 28 52 4 37 14 25 
#14 14 11 19 11 16 22 23 19 11 5 2 6 28 38 
#14 32 50 11 2 4 13 24 19 5 5 63 24 19 50 
#60 31 21 8 54 19 15 6 66 14 4 0 1 7 31 
#43 29 30 8 22 13 17 1 6 0 17 35 22 43 32 
#14 14 9 45 12 19 1 46 39 11 35 14 16 27 24 
#13 6 44 30 10 27 30 6 12 28 6 4 20 1 2 
#36 14 9 4 11 16 30 46 22 2 47 38 19 56 38 
#14 55 11 7 17 6 26 24 19 39 5 14 6 28 19 
#8 31 59 8 54 12 1 1 7 34 1 14 1 11 30 
#43 5 37 59 14 0 45 28 23 17 28 5 20 32 30 
#1 14 22 45 41 22 6 46 5 7 18 32 20 27 33 
#12 63 43 2 8 27 26 6 12 28 6 39 28 7 16 
#43 15 22 42 12 19 17 58 9 10 14 32 55 56 9 
#8 55 59 39 10 6 0 58 5 28 23 1 16 11 11 
#10 53 11 15 11 27 3 1 62 5 9 14 10 5 75 
#64 18 59 39 31 17 45 1 10 17 12 5 13 4 11 
#8 10 3 42 7 19 43 23 5 11 47 32 33 56 49 
#6 50 38 8 2 19 36 4 51 28 4 16 32 6 22 
#43 11 50 42 12 4 4 58 9 3 6 46 24 19 50 
#7 12 26 39 10 60 0 44 7 28 23 7 48 7 11 
#10 31 11 15 11 27 57 30 62 4 9 25 4 60 75 
#8 25 59 55 31 16 45 30 10 7 9 1 4 4 11 
#9 18 3 4 31 13 57 23 18 17 47 14 4 60 28 
#12 13 38 8 2 19 24 21 66 2 9 16 32 6 31 
#27 11 2 6 25 4 4 7 7 17 7 46 23 19 50 
#7 31 28 0 6 8 1 7 66 11 4 7 48 32 31 
#37 16 13 25 14 3 1 1 20 31 62 0 10 60 57 
#1 34 32 55 2 16 57 2 20 7 30 2 66 32 4 
#9 18 38 61 3 13 57 7 18 3 11 12 4 60 28 
0 39 12 13 32 2 
48 56 53 49 37 50 
14 40 57 23 45 20 
47 7 58 51 43 59 
42 28 27 16 8 44 
1 9 17 33 46 52 
#Base: 928
#Max: 431
#464440
#Turn 3
#7 31 59 8 2 6 22 1 19 34 1 14 44 11 49 
#8 31 59 7 17 12 19 1 7 34 47 14 10 11 30 
#8 53 59 7 14 12 3 1 7 34 12 14 10 11 30 
#8 53 50 11 2 4 13 1 19 34 12 14 10 19 50 
#14 16 21 11 2 60 13 1 9 14 5 4 24 19 50 
#7 31 38 0 6 19 1 7 66 11 4 7 48 6 31 
#7 18 28 0 31 13 1 7 66 17 4 7 48 60 28 
#43 11 3 42 31 4 4 58 9 3 47 46 24 60 50 
#43 14 50 42 12 4 4 46 22 3 47 46 24 19 50 
#7 14 26 4 10 16 0 46 22 28 23 38 19 7 38 
#43 15 37 59 14 17 6 28 23 17 28 5 20 32 30 
#43 16 13 25 14 3 1 28 23 17 62 5 20 32 30 
#37 31 28 8 14 16 1 30 66 31 62 0 4 60 57 
#10 31 11 15 11 16 3 30 62 7 9 25 4 5 57 
#12 53 11 15 25 27 4 1 62 5 9 14 32 6 50 
#8 10 3 42 7 50 26 23 66 11 4 32 33 56 49 
#1 34 32 55 54 16 57 2 20 22 30 34 1 21 4 
#10 31 32 55 2 27 57 2 62 4 30 2 4 32 75 
#43 15 11 15 11 19 17 58 62 4 14 25 55 60 75 
#9 15 22 42 3 19 17 58 18 3 14 12 4 56 9 
#12 63 43 14 2 27 26 1 12 28 62 39 66 32 4 
#37 31 13 25 14 3 1 1 2 31 62 2 66 32 4 
#43 15 13 42 10 4 0 11 12 31 6 32 55 32 3 
#43 33 59 8 10 4 17 28 66 9 28 55 1 5 19 
#8 33 59 8 22 19 0 58 66 28 23 55 1 32 19 
#43 55 11 8 2 4 17 1 6 11 35 55 24 32 33 
#8 33 9 15 11 27 17 46 62 9 23 55 16 5 75 
#8 25 11 15 54 27 15 6 62 5 4 1 1 7 31 
#64 31 59 39 54 17 45 1 10 14 4 5 13 7 31 
#64 18 59 39 31 16 45 1 10 7 12 5 13 4 11 
#7 55 38 11 2 6 36 7 51 11 4 16 44 6 22 
#7 31 28 8 54 12 1 7 7 11 4 7 48 32 30 
#9 53 59 7 31 13 57 1 7 17 47 14 4 60 30 
#43 11 50 42 14 4 3 58 9 34 6 14 24 19 50 
#14 14 50 11 11 4 30 24 19 5 47 38 24 19 38 
#60 12 21 39 2 60 13 1 7 14 23 7 48 19 11 
#6 50 23 59 2 17 36 58 23 28 18 16 32 6 22 
#43 31 28 59 14 8 1 7 66 17 4 7 48 32 30 
#9 16 13 4 31 3 57 1 20 17 62 0 10 60 28 
#43 11 28 42 12 16 1 30 66 7 6 25 4 60 50 
#10 14 9 4 11 27 3 46 62 5 9 38 19 56 38 
#12 12 50 39 10 60 4 1 66 17 4 7 32 6 50 
#1 15 23 59 14 19 6 23 23 7 18 32 33 56 49 
#1 31 28 11 54 0 45 24 66 17 28 5 20 32 30 
#37 34 32 25 2 3 1 1 20 31 62 0 66 32 4 
#10 31 11 8 6 27 1 30 62 7 9 25 4 60 57 
#10 15 22 15 12 19 17 58 62 10 14 32 10 56 9 
#9 13 50 0 3 13 57 1 18 3 4 16 4 60 28 
#12 10 43 2 8 19 43 23 5 11 6 39 33 56 49 
#1 31 28 11 54 8 26 1 66 22 4 34 1 21 19 
#37 34 13 55 2 16 1 11 20 31 62 0 66 32 18 
#43 31 59 15 11 4 57 30 12 4 6 25 4 5 3 
#43 15 28 42 12 19 17 58 9 10 28 55 55 56 9 
#8 55 38 61 10 13 0 7 5 3 23 1 16 60 28 
#43 55 11 2 8 27 13 6 12 28 36 14 28 19 16 
#1 34 9 8 22 0 17 46 2 31 62 55 66 32 33 
#8 31 13 15 14 27 0 11 62 5 62 1 20 32 18 
#60 31 21 42 10 4 0 58 66 14 6 32 55 7 31 
#64 33 28 8 31 19 45 28 10 9 28 55 1 4 19 
#8 55 59 39 31 16 0 58 10 28 9 1 16 11 11 
35 42 58 37 45 46 
40 6 16 24 43 53 
38 44 52 20 7 36 
39 55 57 18 12 15 
21 23 50 17 26 41 
29 33 8 32 28 59 
#Base: 928
#Max: 484
#521552
#Turn 4
#1 15 21 39 14 19 6 23 7 14 23 32 48 56 11 
#64 15 28 8 31 19 6 28 23 9 18 55 33 56 49 
#64 31 28 59 31 19 1 7 66 17 28 55 48 32 30 
#10 31 28 59 6 27 1 30 66 17 4 25 4 32 30 
#10 15 22 15 6 27 17 58 62 7 14 32 10 60 57 
#7 18 9 4 31 13 1 7 66 5 9 38 48 60 38 
#7 18 32 55 54 13 57 7 66 22 4 34 1 21 4 
#8 34 32 55 22 19 0 2 66 22 23 55 1 21 4 
#1 31 28 11 54 0 0 24 66 17 23 55 1 32 19 
#8 31 38 61 54 13 0 7 5 17 28 1 20 60 28 
#9 34 13 4 31 3 1 1 20 31 62 0 10 32 4 
#43 34 28 42 2 19 1 1 20 10 62 55 66 32 4 
#12 15 28 14 2 19 17 58 9 28 62 39 66 56 9 
#12 63 43 14 31 27 4 1 9 28 47 46 66 60 50 
#43 50 3 42 2 17 4 58 23 3 18 46 24 60 50 
#1 34 28 42 12 16 17 46 66 7 62 25 66 60 33 
#1 34 21 8 22 4 0 46 66 14 6 32 66 32 33 
#60 31 21 42 10 19 17 58 62 14 6 25 55 60 31 
#37 31 11 8 11 16 1 58 62 4 14 0 4 60 75 
#8 10 3 8 7 16 26 23 66 11 4 0 4 56 57 
#43 33 59 8 10 3 17 28 2 9 28 2 1 5 19 
#43 33 59 8 2 4 17 28 66 31 28 0 66 32 18 
#10 31 32 55 2 16 1 11 20 4 30 0 4 32 18 
#10 33 9 55 11 27 17 2 62 9 30 2 16 5 75 
#12 33 50 39 11 27 17 1 62 9 23 55 32 6 75 
#43 18 50 42 14 16 3 1 10 7 12 14 13 4 50 
#43 11 50 42 12 4 4 58 22 34 6 14 24 19 50 
#43 14 50 42 31 13 4 46 7 3 47 46 24 60 50 
#64 53 59 7 31 17 45 1 10 17 4 14 13 60 30 
#8 55 59 39 31 16 0 1 10 28 4 1 13 7 31 
#10 12 9 4 11 27 13 46 7 5 23 7 19 19 38 
#1 18 28 59 14 13 1 7 66 17 18 32 33 60 28 
#64 34 28 8 31 16 57 2 10 22 30 55 1 4 4 
#43 33 28 59 14 19 1 58 66 17 23 7 1 32 19 
#10 31 28 11 6 27 45 24 66 17 9 5 20 60 57 
#8 15 22 15 12 13 0 7 5 3 23 1 10 56 28 
#9 14 13 4 31 3 3 1 20 5 9 0 10 60 28 
#37 34 28 0 31 13 1 7 20 31 4 0 66 60 4 
#1 34 32 42 54 16 17 2 20 10 30 55 1 21 9 
#8 33 59 14 2 27 26 58 12 28 62 55 66 32 4 
#1 11 28 42 54 4 4 24 66 17 47 5 20 32 30 
#6 55 23 59 2 13 0 7 5 3 18 1 32 60 22 
#43 16 13 4 12 16 57 30 66 17 6 25 10 60 28 
#37 34 9 25 2 3 1 1 2 31 62 0 66 32 33 
#43 31 21 42 12 19 0 58 66 10 6 32 55 7 31 
#12 15 43 14 2 27 26 1 12 4 62 39 55 32 4 
#43 11 28 8 14 16 1 30 66 31 62 0 4 60 50 
#6 10 3 42 2 50 26 58 23 11 18 16 33 6 49 
#37 11 28 25 14 3 1 30 2 31 62 25 66 60 4 
#1 34 9 8 22 4 17 28 2 31 28 55 1 32 33 
#37 31 21 42 10 16 1 58 66 14 62 32 66 7 31 
#43 31 11 55 2 27 57 58 62 4 14 2 4 60 75 
#37 31 9 15 14 16 1 30 62 31 23 55 4 60 57 
#12 10 3 39 7 60 4 23 66 11 4 7 32 56 50 
#37 31 13 25 31 3 1 1 2 31 12 2 13 32 11 
#43 33 59 8 14 4 3 28 9 9 28 55 1 5 19 
#43 14 13 55 2 16 4 11 20 31 47 46 66 19 50 
#10 31 32 55 31 27 57 2 62 17 47 14 4 32 30 
#8 33 59 15 11 17 45 1 10 14 23 55 13 7 75 
#8 12 50 39 31 16 4 1 66 28 9 7 16 11 11 
26 9 6 57 48 23 
40 31 33 39 44 58 
42 1 27 17 50 4 
52 24 2 51 13 46 
16 56 21 15 18 28 
32 34 11 14 12 53 
#Base: 928
#Max: 516
#556034
#Turn 5
#43 31 38 61 54 4 4 58 22 17 28 14 24 60 28 
#8 18 32 61 54 13 0 7 66 22 4 1 20 21 4 
#10 18 32 55 31 27 57 7 66 22 47 34 4 21 4 
#10 31 32 55 14 3 1 30 2 31 47 14 66 32 4 
#10 11 9 55 11 27 1 2 62 9 30 25 66 5 4 
#1 18 28 59 14 13 4 24 66 17 47 32 20 32 30 
#1 18 28 59 14 13 1 58 66 17 23 7 33 32 28 
#43 33 59 14 14 27 1 58 66 17 23 55 1 32 4 
#43 31 59 14 12 27 26 58 12 28 6 32 66 7 31 
#43 33 59 42 11 17 0 58 10 10 6 55 13 7 75 
#43 16 28 8 12 16 6 30 66 17 6 55 10 60 49 
#64 15 28 42 31 13 4 28 23 3 18 46 33 60 50 
#60 31 21 42 10 19 4 46 7 3 47 46 55 60 31 
#37 31 21 42 10 16 1 58 62 14 6 32 66 7 31 
#37 15 21 15 10 16 17 58 62 7 62 32 10 60 31 
#37 31 9 39 14 16 17 30 62 31 23 55 32 60 57 
#12 33 28 39 31 27 17 1 66 17 23 55 32 32 75 
#43 31 11 55 31 27 1 7 66 4 14 55 4 32 30 
#43 63 11 55 2 27 57 58 62 28 47 2 66 60 50 
#12 63 28 14 31 27 1 1 9 31 62 46 66 60 50 
#1 14 21 55 22 16 4 46 20 14 47 46 66 19 50 
#43 14 59 8 2 16 17 28 20 31 28 46 66 32 50 
#1 33 59 8 12 4 17 28 66 7 28 25 66 60 33 
#1 31 28 42 11 16 17 58 66 4 62 0 4 60 75 
#64 53 11 8 31 16 1 58 62 17 4 0 4 60 30 
#10 34 28 11 6 27 45 2 66 22 9 55 1 4 4 
#43 34 28 11 6 19 1 1 66 10 62 55 66 60 57 
#43 34 3 42 2 19 1 1 23 10 18 55 24 60 50 
#12 50 3 14 2 19 17 58 9 28 18 46 24 60 50 
#12 10 28 39 2 19 4 58 9 28 62 39 66 56 50 
#1 11 28 42 54 4 4 24 66 34 6 5 24 32 50 
#1 18 38 59 54 13 1 7 5 17 28 1 20 60 28 
#7 33 32 59 14 19 57 7 66 17 23 34 1 21 19 
#10 31 32 14 31 27 26 2 62 17 62 14 66 32 4 
#37 31 21 42 12 19 1 30 66 31 62 32 55 7 31 
#10 33 59 15 11 27 45 2 10 14 30 55 16 5 75 
#43 11 28 4 54 4 4 24 66 17 6 25 10 60 30 
#64 15 28 8 14 19 6 7 23 9 18 32 33 60 28 
#43 14 28 42 14 19 4 46 7 17 23 7 24 32 19 
#8 33 21 14 2 19 17 58 62 28 6 55 66 32 4 
#43 31 21 42 10 19 1 58 66 10 62 32 66 7 31 
#8 15 22 15 6 17 45 1 62 7 23 55 10 7 57 
#43 31 13 15 12 16 57 30 62 17 6 25 10 60 28 
#64 15 50 8 31 19 17 1 23 9 18 55 32 56 75 
#64 14 50 42 31 13 4 7 66 17 47 55 24 60 50 
#43 31 21 55 2 27 17 58 62 4 14 2 55 60 75 
#37 31 21 14 10 27 4 1 9 14 62 46 66 7 50 
#43 15 28 8 14 27 17 58 66 7 14 32 4 60 57 
#37 34 21 8 22 16 0 30 66 31 6 55 66 60 57 
#12 33 13 55 11 27 17 11 62 31 47 55 66 19 50 
#64 33 59 8 31 19 1 7 66 31 28 0 48 32 18 
#43 31 28 55 2 27 57 46 66 7 62 25 4 60 75 
#37 31 11 8 11 16 1 58 9 28 47 0 4 60 75 
#64 11 28 7 14 16 45 1 10 17 62 0 4 60 30 
#64 34 28 8 22 4 57 2 66 14 30 32 1 4 4 
#43 14 13 11 2 27 45 11 20 17 47 46 66 60 57 
#43 34 28 42 2 19 17 28 66 10 28 55 66 32 18 
#43 50 28 42 2 16 17 46 66 7 62 25 66 60 50 
#37 15 28 8 11 19 17 58 9 28 62 39 4 60 9 
#64 10 3 7 7 60 45 23 10 17 4 7 32 56 30 
52 2 50 56 47 13 
39 8 22 23 9 21 
11 34 48 26 44 7 
43 19 45 18 57 29 
20 0 15 51 40 16 
33 24 55 49 12 14 
#Base: 928
#Max: 631
#679957
#Turn 6
#37 18 32 8 31 16 1 7 9 28 47 34 4 60 4 
#64 18 32 55 31 19 57 7 66 22 28 34 48 21 18 
#43 34 59 8 2 19 1 28 66 10 28 0 48 32 18 
#43 34 28 42 2 19 17 58 66 10 14 32 66 60 18 
#43 31 21 8 14 27 1 58 62 14 14 32 66 60 57 
#43 31 21 14 2 27 26 58 12 28 6 32 66 32 4 
#1 31 59 14 12 4 17 28 12 7 28 25 66 7 33 
#1 33 28 8 12 16 17 58 66 7 62 25 66 60 75 
#43 33 59 42 11 17 17 58 66 10 6 0 13 7 75 
#43 14 59 42 2 17 0 28 20 31 6 46 66 32 50 
#64 15 21 42 12 19 1 28 23 3 62 46 33 7 31 
#37 31 21 42 22 19 0 30 66 31 62 32 55 7 31 
#43 34 28 8 6 16 1 30 66 31 62 55 66 60 57 
#64 14 50 42 6 13 1 1 66 17 47 55 66 60 57 
#43 14 50 14 31 13 1 7 66 17 23 55 24 60 50 
#64 63 28 8 31 19 1 1 23 31 62 46 32 56 75 
#43 63 21 55 31 27 1 1 9 4 62 2 55 60 50 
#43 31 11 55 2 27 57 58 62 28 47 2 55 60 50 
#43 63 28 42 2 16 57 46 62 28 47 2 66 60 50 
#12 10 28 39 2 16 4 58 9 28 62 25 66 60 50 
#43 31 21 55 54 16 4 46 22 14 28 14 24 60 28 
#43 31 38 39 54 16 17 30 22 17 28 14 24 60 57 
#37 31 9 55 2 27 17 30 66 7 62 55 4 60 75 
#43 31 28 55 2 19 1 58 66 7 62 25 66 7 31 
#43 31 28 39 31 27 1 58 66 10 62 32 66 32 75 
#10 31 11 8 31 16 26 2 62 17 4 0 66 60 4 
#64 14 11 11 31 16 1 11 62 17 47 0 4 60 30 
#12 33 13 11 2 27 45 11 20 17 47 55 66 19 50 
#12 31 13 42 10 27 17 11 62 3 47 55 55 19 50 
#37 31 21 15 10 19 4 46 7 3 62 32 10 60 31 
#8 33 11 8 11 19 17 58 9 28 6 0 4 60 4 
#10 18 32 14 31 27 26 7 66 28 47 34 4 21 31 
#64 33 59 8 12 19 17 28 66 7 28 0 48 32 18 
#43 34 28 42 2 19 17 28 66 4 28 0 4 32 75 
#43 33 59 8 11 17 17 58 66 10 14 32 13 7 75 
#37 31 21 42 2 16 1 58 20 14 6 46 66 32 31 
#64 33 28 42 2 13 4 28 23 28 6 46 33 32 50 
#43 31 21 42 12 27 1 30 66 28 62 32 55 7 31 
#1 34 21 8 22 16 0 28 66 31 28 25 66 60 33 
#1 34 28 42 6 16 1 58 66 4 62 0 66 60 75 
#43 33 59 42 31 17 0 58 66 17 6 55 24 60 50 
#43 14 59 8 2 27 1 58 20 31 23 55 66 32 4 
#64 15 50 8 31 13 17 1 23 9 18 55 32 60 50 
#37 31 21 14 31 27 1 30 9 31 62 32 55 60 50 
#37 31 21 55 22 27 0 30 66 4 14 55 55 60 75 
#43 63 11 11 2 19 57 1 66 28 62 2 66 60 50 
#64 50 28 42 2 13 4 7 66 17 62 55 66 60 50 
#12 33 28 39 14 19 1 58 66 17 23 39 66 56 4 
#64 15 21 55 22 19 17 1 20 14 18 46 32 19 50 
#43 63 28 14 54 27 4 1 9 31 62 46 66 60 28 
#43 31 9 39 14 16 17 58 62 31 14 2 32 60 75 
#43 31 28 55 2 27 57 46 62 7 47 25 66 60 75 
#43 31 21 42 2 19 1 58 66 7 62 32 66 7 50 
#12 33 28 39 31 27 17 1 9 28 23 55 66 56 50 
#10 14 32 55 31 27 4 46 62 17 62 46 66 19 4 
#43 31 11 8 31 4 1 58 22 17 4 0 4 60 28 
#43 31 9 39 14 16 17 30 62 31 23 55 32 60 57 
#43 33 28 55 11 27 17 11 62 7 47 55 66 19 75 
#60 31 21 42 10 19 4 46 66 3 62 46 66 7 31 
#12 15 21 39 10 27 17 58 66 17 23 55 32 60 31 
21 59 54 23 16 11 
34 43 1 12 4 47 
37 3 45 17 13 50 
22 40 24 51 46 57 
8 52 7 18 44 49 
14 56 58 39 15 19 
#Base: 928
#Max: 631
#679957
#Turn 7
#12 15 21 39 54 27 17 58 22 17 23 55 32 60 57 
#12 15 32 55 31 27 4 58 66 17 62 46 32 60 31 
#43 31 28 55 31 19 4 58 66 7 62 25 66 7 31 
#43 63 21 55 2 27 1 58 66 4 62 2 66 60 50 
#37 63 21 42 31 27 1 30 9 4 62 32 55 7 50 
#37 33 21 14 11 27 1 30 9 31 62 32 55 7 50 
#64 31 21 14 31 19 57 7 9 31 62 34 48 21 50 
#64 34 32 55 6 19 57 30 66 22 28 34 48 21 57 
#43 34 21 8 14 27 1 58 66 14 62 55 66 60 57 
#12 33 28 39 14 27 1 58 62 17 14 39 66 56 4 
#43 34 28 42 2 27 1 30 66 28 14 32 55 7 18 
#43 34 28 42 2 19 17 1 66 10 62 2 66 60 50 
#43 31 11 11 2 19 57 1 66 28 47 2 55 60 50 
#43 14 50 42 2 27 57 58 62 28 47 55 55 60 50 
#43 14 50 42 6 13 17 1 62 17 14 2 32 60 57 
#37 33 59 55 31 27 17 58 66 7 62 55 4 60 50 
#43 33 28 42 31 27 1 58 66 10 6 55 24 60 50 
#43 31 28 39 2 27 57 46 62 7 62 32 66 32 75 
#43 50 28 42 2 13 4 7 62 17 47 55 66 60 50 
#43 50 28 55 11 27 17 11 66 17 47 55 66 19 75 
#43 33 59 42 11 17 17 58 66 7 62 32 13 7 50 
#1 31 28 8 12 19 1 58 66 7 62 25 66 7 50 
#1 63 28 42 2 16 17 58 62 28 62 2 66 60 75 
#37 31 28 42 22 27 0 30 66 28 14 55 66 60 50 
#37 63 21 55 22 27 4 1 9 4 14 46 66 60 28 
#43 14 50 14 14 16 17 30 66 17 23 55 32 60 50 
#60 31 21 39 10 19 4 30 66 31 62 46 32 7 31 
#60 34 21 42 6 19 1 58 66 3 62 0 66 60 75 
#1 63 28 42 31 16 1 58 66 31 62 0 32 60 75 
#64 63 28 39 31 19 4 1 9 31 62 46 66 56 50 
#43 33 59 8 54 17 17 30 66 10 28 32 24 7 57 
#12 15 21 14 10 27 17 58 9 31 23 55 32 60 50 
#64 14 32 55 31 19 57 7 62 22 62 34 48 21 18 
#43 31 28 55 6 16 1 58 66 31 62 55 66 60 57 
#43 31 21 8 14 27 1 58 9 14 62 2 66 60 50 
#37 31 21 42 22 19 1 58 66 17 62 39 55 7 31 
#43 33 59 42 11 17 17 58 66 10 62 32 55 7 75 
#37 34 28 42 31 19 17 58 66 10 62 32 66 60 18 
#64 63 32 11 31 19 57 1 66 22 28 34 48 21 18 
#43 34 11 8 6 16 1 58 66 28 62 55 55 60 50 
#43 14 50 42 14 13 1 58 62 14 14 32 66 60 57 
#12 33 9 39 14 16 1 58 62 31 23 2 66 56 75 
#43 31 21 42 12 27 17 30 66 28 62 32 55 7 31 
#43 34 59 42 31 19 0 58 66 10 6 32 24 60 50 
#43 31 11 11 31 27 57 58 66 28 62 32 66 60 75 
#43 31 28 55 2 27 57 46 62 7 47 2 55 60 75 
#64 50 50 42 2 13 1 1 66 17 47 55 66 60 50 
#43 33 9 39 14 27 17 11 62 31 47 2 32 60 75 
#37 31 59 55 2 17 17 58 66 7 62 55 13 60 75 
#43 33 59 42 31 19 0 58 66 7 62 55 24 60 50 
#1 31 28 8 12 27 17 58 66 10 62 25 66 60 75 
#43 63 28 55 2 27 57 46 62 7 47 2 66 60 50 
#64 50 28 55 2 13 0 30 66 17 62 55 55 60 75 
#43 63 28 14 54 27 17 11 62 31 62 46 66 60 75 
#43 33 50 42 31 13 1 7 66 17 6 0 24 60 50 
#43 31 9 39 14 16 17 30 66 7 62 55 32 60 50 
#1 33 21 8 12 19 4 46 66 3 62 46 66 60 31 
#1 34 28 42 2 16 1 58 66 28 62 0 66 60 75 
#37 31 21 55 31 27 1 30 23 31 14 55 55 56 75 
#12 63 28 39 54 16 4 1 9 31 62 46 66 60 50 
55 2 23 28 57 58 
43 40 7 15 37 59 
1 29 51 33 48 39 
3 49 52 53 13 22 
32 19 46 44 17 8 
16 50 36 45 27 18 
#Base: 928
#Max: 659
#710129
#Turn 8
#43 31 9 55 14 19 17 30 66 7 62 55 32 7 50 
#43 31 28 55 22 19 0 30 66 7 62 55 66 60 50 
#37 31 28 42 31 27 1 30 66 28 14 0 66 60 50 
#1 34 28 42 2 16 1 58 66 28 62 0 32 60 75 
#1 31 21 42 31 27 1 58 66 28 62 0 66 56 75 
#43 14 50 42 31 13 0 58 66 14 6 32 24 60 57 
#43 34 50 55 14 19 1 58 62 14 28 34 48 21 57 
#37 34 32 55 31 27 17 58 66 22 62 55 48 21 57 
#37 33 59 42 31 19 17 58 66 7 62 55 4 60 50 
#12 34 28 39 54 16 4 58 66 10 62 46 66 60 50 
#64 15 28 39 31 19 4 1 66 31 62 46 66 56 31 
#43 63 28 55 2 19 4 1 62 31 62 46 66 60 50 
#43 31 28 55 2 27 1 58 62 31 62 2 66 60 57 
#37 31 28 55 6 16 17 58 66 31 62 55 66 60 75 
#37 31 59 55 2 16 1 58 66 7 62 55 13 60 75 
#43 63 21 42 2 27 1 58 66 4 62 55 24 60 50 
#64 33 59 42 31 19 0 30 66 7 62 55 55 60 50 
#64 50 28 55 2 13 0 11 66 31 62 55 66 60 75 
#43 63 28 42 54 27 17 58 62 31 62 55 55 60 75 
#43 14 50 42 2 16 57 58 62 28 47 2 55 60 75 
#43 50 32 55 31 27 17 7 66 22 62 55 48 21 75 
#43 50 28 55 2 13 1 1 66 17 47 55 66 19 50 
#64 31 11 42 31 27 57 1 66 28 62 55 66 60 75 
#43 31 28 39 2 27 57 46 62 28 62 32 66 60 75 
#43 34 28 39 14 27 1 46 66 7 62 32 66 32 57 
#43 33 28 42 12 27 17 58 66 10 6 55 66 60 50 
#43 31 59 8 11 27 17 58 66 10 62 25 55 60 75 
#43 31 59 42 11 27 17 58 62 7 62 2 55 7 75 
#60 34 28 42 2 19 57 46 66 3 47 2 55 60 75 
#60 34 28 42 2 19 4 58 66 3 47 55 66 60 50 
#43 34 59 42 14 19 0 58 66 7 6 32 32 60 50 
#43 31 28 42 31 13 4 58 66 14 62 25 66 60 57 
#37 34 32 55 22 19 57 30 66 28 14 55 66 60 57 
#37 63 59 55 31 16 1 58 66 31 62 0 32 60 75 
#1 34 28 42 2 19 17 58 66 28 62 0 66 60 75 
#37 31 28 39 31 16 4 1 9 31 14 55 66 60 75 
#12 15 59 55 31 27 4 58 66 10 62 32 24 60 50 
#64 63 50 42 14 13 4 1 62 14 62 46 66 56 50 
#64 63 28 55 2 27 57 30 62 7 47 2 48 60 57 
#43 33 59 55 6 16 1 58 66 7 62 55 4 60 50 
#37 31 28 42 2 19 17 58 66 7 62 32 13 60 75 
#43 34 28 8 54 16 1 1 9 31 62 55 66 60 50 
#12 15 32 55 31 27 1 58 66 4 62 46 32 60 50 
#43 33 59 42 31 19 4 1 66 7 62 46 66 60 50 
#43 63 28 55 2 27 57 30 62 17 47 55 66 60 75 
#43 63 28 14 54 16 17 58 66 31 62 55 66 60 75 
#43 31 59 42 2 27 17 58 62 7 47 55 13 60 75 
#1 63 28 8 2 16 1 58 66 28 62 2 66 60 75 
#64 14 21 55 31 19 57 7 62 4 62 34 66 60 18 
#43 33 59 55 31 27 17 58 66 7 47 55 66 60 75 
#64 50 28 55 2 13 1 30 66 17 47 55 55 60 75 
#43 63 28 14 54 27 17 58 62 28 62 46 66 60 75 
#43 31 28 42 2 27 57 46 62 28 62 32 66 60 75 
#1 63 21 8 2 27 17 58 66 28 62 2 66 60 75 
#43 14 32 55 31 19 1 7 62 22 62 34 48 21 18 
#43 31 28 55 12 27 17 58 66 10 47 55 66 19 75 
#43 50 59 42 2 17 1 58 66 10 47 55 66 60 50 
#43 31 28 55 2 27 57 58 62 28 47 2 55 60 75 
#43 34 28 39 2 19 1 58 66 7 62 32 66 32 75 
#43 34 21 8 14 27 1 58 66 17 62 55 66 60 50 
15 12 31 19 9 11 
43 29 26 13 38 14 
28 55 52 44 22 37 
57 23 49 18 51 16 
1 20 32 45 33 7 
59 8 50 17 56 46 
#Base: 928
#Max: 732
#788793
#Turn 9
#43 31 21 42 2 27 1 58 66 31 62 2 24 60 50 
#43 31 28 55 31 27 1 58 66 14 62 25 66 60 57 
#43 14 50 42 2 16 57 58 66 28 62 25 66 60 75 
#12 14 50 42 54 16 57 58 66 28 47 2 55 60 75 
#12 34 28 39 54 16 4 58 62 31 62 46 66 60 50 
#60 33 28 42 2 19 4 58 66 3 47 46 66 60 50 
#60 31 28 8 2 19 4 58 66 3 62 55 66 60 50 
#43 31 28 8 6 16 17 58 66 31 62 25 55 60 75 
#37 31 28 55 6 16 17 30 66 31 47 55 48 60 75 
#64 31 28 55 2 27 1 58 66 7 62 55 48 60 57 
#43 34 28 42 12 19 57 46 66 10 47 55 55 60 75 
#43 31 28 42 12 27 17 46 62 28 47 55 66 19 75 
#43 31 28 55 2 27 57 30 62 17 62 32 66 60 75 
#43 63 28 55 31 27 57 1 62 17 62 55 66 60 75 
#64 63 50 42 14 27 4 1 66 14 62 46 66 56 75 
#43 31 28 39 2 27 57 58 62 28 47 32 66 60 75 
#43 33 28 39 2 27 17 46 62 28 62 32 66 60 75 
#43 33 28 55 54 27 17 58 66 31 47 55 66 60 75 
#43 63 28 42 54 27 17 58 62 28 62 55 66 60 75 
#43 63 28 14 54 19 17 30 62 28 62 46 66 60 50 
#43 50 28 55 31 27 17 30 66 7 62 55 66 21 50 
#37 34 32 55 31 19 57 7 66 22 14 55 66 60 75 
#43 63 28 55 22 19 57 58 66 31 62 55 66 60 57 
#37 63 28 55 31 16 17 58 66 31 62 55 32 60 75 
#37 34 59 55 31 16 17 58 66 31 62 55 32 21 57 
#43 34 59 8 31 27 17 58 66 7 62 55 4 60 50 
#37 33 28 55 31 19 17 58 66 7 62 55 55 60 50 
#64 50 28 55 2 13 1 11 66 31 47 55 66 60 75 
#64 50 28 42 2 13 1 58 66 10 47 55 66 60 50 
#43 31 59 42 2 27 17 58 66 10 47 55 66 60 75 
#43 63 21 42 2 27 1 1 66 7 62 46 24 60 50 
#43 31 28 55 2 27 4 58 66 31 47 55 66 60 57 
#43 31 59 42 11 27 4 58 66 10 62 25 55 60 75 
#37 14 50 42 2 16 57 58 62 28 47 2 55 60 75 
#64 34 28 39 2 27 57 30 66 7 62 2 48 60 57 
#37 31 59 55 2 16 4 1 62 7 62 46 13 60 75 
#60 33 59 42 2 19 4 1 66 7 62 46 55 60 75 
#43 34 28 55 2 19 17 58 66 10 47 55 66 19 50 
#43 31 59 42 11 27 57 58 66 28 62 25 55 60 75 
#37 63 28 55 6 27 57 30 66 17 47 55 66 60 75 
#64 63 28 55 31 27 57 1 66 28 47 2 48 60 75 
#64 63 59 55 2 13 1 58 62 14 62 46 66 60 75 
#43 34 28 55 2 19 57 46 62 28 47 2 55 60 75 
#43 31 28 55 2 27 17 46 66 28 62 55 66 60 75 
#43 33 28 55 31 27 57 58 62 7 47 55 66 60 75 
#43 63 28 42 54 27 17 30 62 31 62 55 55 60 75 
#43 63 28 14 31 27 17 58 66 28 62 55 66 60 75 
#64 63 59 42 31 19 0 1 66 14 62 55 66 60 50 
#43 31 28 55 22 27 0 58 62 7 47 55 55 60 75 
#43 31 32 39 2 27 17 7 66 22 62 32 66 21 75 
#43 33 59 55 31 19 57 30 66 7 47 55 66 60 75 
#43 63 28 42 54 16 17 58 62 31 62 55 66 60 75 
#43 63 59 55 31 16 1 58 66 31 62 0 32 60 75 
#64 33 32 55 31 19 17 30 66 7 62 55 55 60 50 
#43 34 28 8 22 19 0 30 66 7 62 55 66 60 50 
#43 50 32 55 31 27 17 58 66 7 62 55 48 60 50 
#37 50 32 55 22 19 57 30 66 17 47 55 66 60 57 
#64 63 28 14 2 13 0 11 66 31 62 55 66 60 75 
#43 63 59 55 31 17 1 58 66 31 47 0 66 60 50 
#37 34 32 42 2 27 17 58 62 7 62 55 48 60 75 
1 32 26 29 53 3 
31 58 12 50 10 14 
47 19 38 45 44 40 
56 13 17 22 51 39 
21 15 41 18 46 43 
4 24 2 23 55 52 
#Base: 928
#Max: 742
#799569
#43 31 28 42 31 27 1 58 66 14 62 25 66 60 57 
#43 31 59 55 11 19 4 58 66 7 62 55 55 60 75 
#37 33 59 42 31 19 17 58 66 7 62 55 55 60 50 
#64 33 59 42 2 27 17 58 66 10 62 55 66 60 50 
#12 33 32 55 54 19 17 30 66 7 47 2 55 60 75 
#43 31 59 55 31 27 1 58 66 31 47 0 66 60 50 
#43 31 59 55 2 27 1 30 62 17 47 32 66 60 75 
#43 31 59 55 2 27 57 30 66 17 62 55 66 60 75 
#43 33 28 42 31 19 57 46 66 7 47 55 55 60 75 
#64 63 50 42 14 27 57 46 66 10 47 46 55 60 75 
#64 63 59 42 54 19 17 30 66 28 62 55 66 60 50 
#43 31 28 42 11 27 57 58 62 28 62 25 55 60 50 
#43 31 59 42 54 27 17 30 66 31 62 55 55 60 75 
#43 33 28 55 31 27 57 58 62 31 62 55 66 60 75 
#64 63 28 55 31 27 57 1 62 28 47 2 66 60 75 
#37 63 28 55 31 19 57 30 62 17 62 55 66 60 57 
#43 63 28 55 31 27 17 58 66 17 62 55 66 60 75 
#43 63 28 55 22 19 57 58 66 31 62 55 66 60 75 
#43 63 28 42 54 16 57 58 62 31 62 55 66 60 75 
#37 63 28 42 54 27 17 58 66 17 47 55 66 60 75 
#37 34 28 55 31 27 57 58 66 22 47 55 66 60 75 
#64 63 28 55 2 13 1 58 62 28 47 32 66 60 75 
#43 63 59 42 54 27 1 58 62 28 62 46 66 60 75 
#43 63 28 14 31 27 17 58 66 28 62 55 66 60 75 
#43 63 28 14 2 27 17 58 66 28 62 55 66 60 75 
#37 34 28 55 54 16 4 58 62 31 62 55 32 60 50 
#37 14 59 42 2 16 17 58 66 31 62 55 32 21 75 
#43 14 28 55 2 16 17 58 66 28 62 25 32 60 75 
#37 63 32 55 31 16 17 58 66 31 62 55 32 60 50 
#43 63 59 55 31 16 1 58 66 7 62 55 32 60 50 
#43 31 28 55 2 27 4 58 66 31 62 25 66 60 57 
#43 63 59 55 31 17 4 58 66 10 47 25 66 60 75 
#37 31 28 55 31 19 57 30 66 7 62 32 55 60 75 
#43 33 59 55 2 19 57 30 66 7 47 55 66 60 75 
#64 34 28 42 31 19 17 46 66 7 62 55 55 60 75 
#12 14 50 42 14 16 57 58 66 28 47 46 66 56 75 
#64 31 59 42 2 19 4 1 66 14 62 55 66 60 57 
#43 63 59 14 54 19 17 30 62 28 47 0 66 60 50 
#43 31 59 42 11 27 57 30 66 28 62 25 66 60 75 
#43 63 59 42 31 27 57 30 62 7 47 55 55 60 75 
#43 33 28 55 31 19 57 58 66 7 47 55 66 60 75 
#64 63 28 55 14 27 4 1 66 28 47 2 48 60 75 
#64 50 32 55 22 19 0 30 66 17 47 55 66 60 50 
#43 63 28 55 31 19 57 30 62 17 62 55 66 60 75 
#43 33 59 42 54 27 17 58 66 28 47 55 66 60 75 
#43 63 28 55 22 27 57 30 66 31 62 55 66 60 75 
#43 63 28 55 31 27 57 58 62 7 62 55 66 60 75 
#64 63 28 55 6 27 57 1 66 28 47 2 48 60 75 
#37 50 32 55 31 19 57 7 66 22 14 55 66 60 75 
#43 31 28 39 2 27 57 58 62 28 47 32 66 60 75 
#43 63 59 55 54 13 1 58 66 31 62 46 66 60 75 
#43 63 28 42 22 19 57 58 66 28 62 55 66 60 57 
#43 63 28 42 31 27 17 58 66 31 62 55 66 60 75 
#37 63 28 55 2 27 17 30 66 28 47 55 66 60 75 
#12 34 28 39 54 19 57 7 66 31 62 46 66 60 50 
#43 34 28 55 31 16 17 58 66 31 62 32 66 21 57 
#43 14 50 42 2 13 57 58 62 14 62 46 66 60 75 
#43 63 28 42 54 27 17 58 62 31 62 55 66 60 75 
#43 63 28 55 31 27 17 58 66 28 62 55 66 60 75 
#43 63 28 55 31 27 1 58 66 28 62 55 66 60 75 
#Base: 928
#Max: 772
#831897
