100
12 -7
-6 -3
4 -5
-12 14
7 8
13 -7
14 12
2 -2
-3 -2
2 -11
13 -11
4 8
-1 -4
-11 6
-4 11
7 5
2 -12
-14 -6
-5 -12
0 8
-8 10
5 1
0 -10
-5 -4
6 7
5 7
7 -12
-1 7
-11 -1
7 -5
-15 -2
5 13
8 -13
-12 -8
12 -13
15 8
-3 7
14 -13
-8 13
11 3
14 -15
11 -1
13 -9
12 5
-1 -15
-8 -2
15 -10
-7 -8
-15 7
3 -13
2 -5
-10 -5
6 -10
-10 4
15 15
6 -4
-9 2
0 10
-13 -1
-4 -1
2 -13
2 -1
12 11
13 6
-5 -15
-12 -11
-3 -3
-10 6
1 -12
11 -4
2 7
-10 -2
0 -6
-11 12
0 12
14 -11
1 -8
-1 4
-4 8
-4 -11
-4 6
-13 -8
12 13
7 7
8 11
0 -1
4 3
13 -5
-13 -11
-14 7
-5 8
-6 12
-10 -8
-9 7
-1 -8
-4 14
9 9
-7 -13
14 3
15 -3
